0.000500379	1.42032e-84
0.000507922	1.57571e-81
0.000515465	6.29856e-81
0.000523008	5.76443e-78
0.00053055	2.32677e-77
0.000538093	1.7561e-74
0.000545636	7.16019e-74
0.000553179	4.45614e-71
0.000560721	1.8355e-70
0.000568264	9.4186e-68
0.000575807	3.9196e-67
0.00058335	1.65821e-64
0.000590892	6.97254e-64
0.000598435	2.43181e-61
0.000605978	1.03324e-60
0.000613521	2.97074e-58
0.000621063	1.27548e-57
0.000628606	3.02314e-55
0.000636149	1.31163e-54
0.000643692	2.56289e-52
0.000651234	1.12361e-51
0.000658777	1.81008e-49
0.00066632	8.01847e-49
0.000673862	1.0651e-46
0.000681405	4.76693e-46
0.000688948	5.22206e-44
0.000696491	2.36082e-43
0.000704033	2.13349e-41
0.000711576	9.74022e-41
0.000719119	7.26422e-39
0.000726662	3.34781e-38
0.000734204	2.06157e-36
0.000741747	9.5862e-36
0.00074929	4.87746e-34
0.000756833	2.28683e-33
0.000764375	9.62206e-32
0.000771918	4.54498e-31
0.000779461	1.58319e-29
0.000787004	7.52581e-29
0.000794546	2.17331e-27
0.000802089	1.03827e-26
0.000809632	2.49e-25
0.000817175	1.19351e-24
0.000824717	2.38207e-23
0.00083226	1.14317e-22
0.000839803	1.90377e-21
0.000847345	9.12434e-21
0.000854888	1.27187e-19
0.000862431	6.06906e-19
0.000869974	7.10792e-18
0.000877516	3.36443e-17
0.000885059	3.32545e-16
0.000892602	1.55459e-15
0.000900145	1.3036e-14
0.000907687	5.98811e-14
0.00091523	4.28574e-13
0.000922773	1.92311e-12
0.000930316	1.18281e-11
0.000937858	5.1504e-11
0.000945401	2.74307e-10
0.000952944	1.15054e-09
0.000960487	5.35042e-09
0.000968029	2.14443e-08
0.000975572	8.78479e-08
0.000983115	3.336e-07
0.000990658	1.21496e-06
0.0009982	4.33339e-06
0.00100574	1.4161e-05
0.00101329	4.7027e-05
0.00102083	0.000139139
0.00102837	0.000426642
0.00103591	0.00115253
0.00104346	0.0032383
0.001051	0.00804747
0.00105854	0.0205839
0.00106608	0.0473548
0.00107363	0.109699
0.00108117	0.234777
0.00108871	0.490876
0.00109626	0.98695
0.0011038	1.86058
0.00111134	3.53496
0.00111888	6.06858
0.00112643	10.3883
0.00113397	16.5227
0.00114151	25.6868
0.00114906	37.8445
0.0011566	53.7974
0.00116414	73.4484
0.00117168	96.2247
0.00117923	122.041
0.00118677	148.761
0.00119431	176.389
0.00120185	202.584
0.0012094	227.426
0.00121694	250.492
0.00122448	271.851
0.00123203	293.954
0.00123957	316.805
0.00124711	344.496
0.00125465	376.998
0.0012622	417.606
0.00126974	466.319
0.00127728	523.849
0.00128482	590.241
0.00129237	663.619
0.00129991	744.021
0.00130745	828.727
0.001315	917.694
0.00132254	1009.66
0.00133008	1104.53
0.00133762	1203.41
0.00134517	1306.28
0.00135271	1414.94
0.00136025	1529.55
0.00136779	1649.58
0.00137534	1775.28
0.00138288	1902.67
0.00139042	2031.81
0.00139797	2157.75
0.00140551	2280.18
0.00141305	2397.01
0.00142059	2507.79
0.00142814	2614.31
0.00143568	2716.5
0.00144322	2816.77
0.00145076	2915.6
0.00145831	3011.62
0.00146585	3105.41
0.00147339	3190.87
0.00148094	3267.96
0.00148848	3330.54
0.00149602	3380.22
0.00150356	3397.79
0.00151111	3401.97
0.00151865	3400.28
0.00152619	3368.77
0.00153373	3321.21
0.00154128	3261.29
0.00154882	3190.15
0.00155636	3108.26
0.00156391	3017.73
0.00157145	2919.02
0.00157899	2812.79
0.00158653	2699.35
0.00159408	2578.32
0.00160162	2449.58
0.00160916	2313.5
0.0016167	2169.55
0.00162425	2020.82
0.00163179	1867.03
0.00163933	1713.9
0.00164688	1562.02
0.00165442	1417.32
0.00166196	1281.18
0.0016695	1157.08
0.00167705	1046.51
0.00168459	949.378
0.00169213	866.58
0.00169968	795.122
0.00170722	734.946
0.00171476	681.877
0.0017223	634.979
0.00172985	590.818
0.00173739	548.041
0.00174493	505.299
0.00175247	461.505
0.00176002	417.453
0.00176756	372.842
0.0017751	329.469
0.00178265	287.787
0.00179019	249.272
0.00179773	214.665
0.00180527	184.462
0.00181282	159.239
0.00182036	138.489
0.0018279	122.383
0.00183544	109.736
0.00184299	100.232
0.00185053	92.6162
0.00185807	86.2211
0.00186562	80.3685
0.00187316	74.4354
0.0018807	68.4613
0.00188824	62.2206
0.00189579	56.0146
0.00190333	49.964
0.00191087	44.1782
0.00191841	38.7962
0.00192596	33.739
0.0019335	28.9938
0.00194104	24.5328
0.00194859	20.3018
0.00195613	16.3893
0.00196367	12.8298
0.00197121	9.69835
0.00197876	7.08221
0.0019863	4.95147
0.00199384	3.30659
0.00200138	2.1474
