0.000166815	2.73257e-06
0.000171844	5.36141e-06
0.000176872	1.32479e-05
0.000181901	2.73889e-05
0.000186929	5.9179e-05
0.000191958	0.000117036
0.000196986	0.000243651
0.000202014	0.000461922
0.000207043	0.000924999
0.000212071	0.00168452
0.0002171	0.00323985
0.000222128	0.00572633
0.000227157	0.0104883
0.000232185	0.0180808
0.000237214	0.0314274
0.000242242	0.0524392
0.00024727	0.0871349
0.000252299	0.140507
0.000257327	0.223833
0.000262356	0.348516
0.000267384	0.533616
0.000272413	0.802154
0.000277441	1.18312
0.000282469	1.71786
0.000287498	2.44596
0.000292526	3.43378
0.000297555	4.72967
0.000302583	6.42897
0.000307612	8.58394
0.00031264	11.3172
0.000317669	14.6775
0.000322697	18.8048
0.000327725	23.7349
0.000332754	29.6061
0.000337782	36.4324
0.000342811	44.3221
0.000347839	53.2614
0.000352868	63.2962
0.000357896	74.3861
0.000362924	86.4882
0.000367953	99.5471
0.000372981	113.428
0.00037801	128.082
0.000383038	143.318
0.000388067	159.12
0.000393095	175.317
0.000398123	191.943
0.000403152	208.948
0.00040818	226.421
0.000413209	244.526
0.000418237	263.397
0.000423266	283.469
0.000428294	304.908
0.000433323	328.436
0.000438351	354.229
0.000443379	383.278
0.000448408	415.739
0.000453436	452.789
0.000458465	494.529
0.000463493	542.149
0.000468522	595.654
0.00047355	655.963
0.000478578	722.958
0.000483607	796.924
0.000488635	877.632
0.000493664	964.419
0.000498692	1057
0.000503721	1153.63
0.000508749	1254.04
0.000513778	1355.63
0.000518806	1458.21
0.000523834	1558.82
0.000528863	1657.42
0.000533891	1751.4
0.00053892	1840.89
0.000543948	1924.36
0.000548977	2002.02
0.000554005	2073.86
0.000559033	2140.1
0.000564062	2202.16
0.00056909	2260.18
0.000574119	2316.37
0.000579147	2370.72
0.000584176	2425.24
0.000589204	2479.83
0.000594233	2535.32
0.000599261	2591.59
0.000604289	2647.96
0.000609318	2704.34
0.000614346	2758.95
0.000619375	2811.79
0.000624403	2860.98
0.000629432	2906.57
0.00063446	2947.7
0.000639488	2984.42
0.000644517	3017.34
0.000649545	3046.49
0.000654574	3073.57
0.000659602	3098.58
0.000664631	3123.23
0.000669659	3147.49
0.000674688	3171.88
0.000679716	3196.42
0.000684744	3219.74
0.000689773	3241.91
0.000694801	3260.45
0.00069983	3275.58
0.000704858	3278.18
0.000709887	3276.22
0.000714915	3269.95
0.000719943	3246.56
0.000724972	3211.93
0.00073	3166.47
0.000735029	3110.01
0.000740057	3042.43
0.000745086	2966.08
0.000750114	2880.9
0.000755143	2790.08
0.000760171	2693.62
0.000765199	2594.77
0.000770228	2493.61
0.000775256	2392.83
0.000780285	2292.56
0.000785313	2194.62
0.000790342	2099.15
0.00079537	2007.06
0.000800398	1918.48
0.000805427	1833.57
0.000810455	1752.41
0.000815484	1674.74
0.000820512	1600.58
0.000825541	1529.52
0.000830569	1461.55
0.000835598	1396.29
0.000840626	1333.73
0.000845654	1273.52
0.000850683	1215.66
0.000855711	1159.8
0.00086074	1105.94
0.000865768	1053.67
0.000870797	1002.96
0.000875825	953.437
0.000880853	905.03
0.000885882	857.478
0.00089091	810.712
0.000895939	764.688
0.000900967	719.351
0.000905996	674.878
0.000911024	631.254
0.000916052	588.782
0.000921081	547.492
0.000926109	507.68
0.000931138	469.405
0.000936166	432.872
0.000941195	398.138
0.000946223	365.308
0.000951252	334.421
0.00095628	305.516
0.000961308	278.615
0.000966337	253.716
0.000971365	230.835
0.000976394	209.913
0.000981422	190.965
0.000986451	173.828
0.000991479	158.504
0.000996507	144.714
0.00100154	132.416
0.00100656	121.262
0.00101159	111.158
0.00101662	101.784
0.00102165	93.01
0.00102668	84.6413
0.00103171	76.5559
0.00103673	68.7198
0.00104176	61.0629
0.00104679	53.6746
0.00105182	46.5542
0.00105685	39.8305
0.00106188	33.5551
0.00106691	27.8173
0.00107193	22.6819
0.00107696	18.1619
0.00108199	14.2982
0.00108702	11.0354
0.00109205	8.37321
0.00109708	6.22142
0.0011021	4.54315
0.00110713	3.24788
0.00111216	2.27964
0.00111719	1.56801
0.00112222	1.05637
0.00112725	0.699456
0.00113228	0.451581
0.0011373	0.288125
0.00114233	0.177921
0.00114736	0.109558
0.00115239	0.0645548
0.00115742	0.0384446
0.00116245	0.0197676
0.00116747	0.0124482
