3.33898e-05	4.673
3.52334e-05	6.26835
3.70771e-05	8.53392
3.89207e-05	11.4535
4.07644e-05	15.0744
4.2608e-05	19.4635
4.44517e-05	24.5572
4.62953e-05	30.3515
4.8139e-05	36.7256
4.99827e-05	43.5731
5.18263e-05	50.7915
5.367e-05	58.2141
5.55136e-05	65.8391
5.73573e-05	73.5523
5.92009e-05	81.4756
6.10446e-05	89.6578
6.28882e-05	98.2802
6.47319e-05	107.568
6.65755e-05	117.654
6.84192e-05	128.825
7.02628e-05	141.099
7.21065e-05	154.659
7.39502e-05	169.422
7.57938e-05	185.381
7.76375e-05	202.438
7.94811e-05	220.437
8.13248e-05	239.358
8.31684e-05	259.047
8.50121e-05	279.607
8.68557e-05	301.056
8.86994e-05	323.624
9.0543e-05	347.621
9.23867e-05	373.382
9.42303e-05	401.568
9.6074e-05	432.574
9.79177e-05	467.413
9.97613e-05	506.469
0.000101605	551.008
0.000103449	601.316
0.000105292	658.697
0.000107136	723.263
0.00010898	796.058
0.000110823	877.009
0.000112667	966.636
0.000114511	1064.74
0.000116354	1171.2
0.000118198	1285.77
0.000120042	1407.8
0.000121885	1536.99
0.000123729	1672.26
0.000125572	1813.29
0.000127416	1958.62
0.00012926	2107.89
0.000131103	2259.19
0.000132947	2412.25
0.000134791	2564.88
0.000136634	2717
0.000138478	2866.72
0.000140322	3014.29
0.000142165	3159.05
0.000144009	3301.51
0.000145853	3442.98
0.000147696	3584
0.00014954	3727.7
0.000151384	3874.36
0.000153227	4027.64
0.000155071	4187.42
0.000156915	4356.07
0.000158758	4533.16
0.000160602	4718.54
0.000162446	4911.72
0.000164289	5110.12
0.000166133	5313.47
0.000167977	5518.05
0.00016982	5723.82
0.000171664	5927.43
0.000173507	6128.98
0.000175351	6326.27
0.000177195	6519.39
0.000179038	6707.18
0.000180882	6889.67
0.000182726	7066.17
0.000184569	7236.69
0.000186413	7400.56
0.000188257	7557.76
0.0001901	7707.43
0.000191944	7849.56
0.000193788	7983.01
0.000195631	8107.75
0.000197475	8222.42
0.000199319	8327.02
0.000201162	8420.16
0.000203006	8501.86
0.00020485	8571.01
0.000206693	8627.63
0.000208537	8672.2
0.000210381	8704.41
0.000212224	8711.75
0.000214068	8713.34
0.000215912	8708.66
0.000217755	8677.15
0.000219599	8630.23
0.000221442	8567.92
0.000223286	8487.87
0.00022513	8390.04
0.000226973	8274.5
0.000228817	8141.2
0.000230661	7991.83
0.000232504	7826.32
0.000234348	7647.99
0.000236192	7456.8
0.000238035	7257.27
0.000239879	7049.39
0.000241723	6838.02
0.000243566	6623.21
0.00024541	6409.13
0.000247254	6195.89
0.000249097	5986.07
0.000250941	5779.85
0.000252785	5577.79
0.000254628	5380.08
0.000256472	5185.42
0.000258316	4993.93
0.000260159	4803.08
0.000262003	4612.87
0.000263847	4420.45
0.00026569	4225.66
0.000267534	4026.52
0.000269377	3822.69
0.000271221	3614.15
0.000273065	3400.53
0.000274908	3184.27
0.000276752	2965.14
0.000278596	2747.72
0.000280439	2532.06
0.000282283	2323.58
0.000284127	2122.68
0.00028597	1933.92
0.000287814	1757.95
0.000289658	1597.13
0.000291501	1452.14
0.000293345	1322.79
0.000295189	1209.47
0.000297032	1110.08
0.000298876	1024.65
0.00030072	950.267
0.000302563	886.643
0.000304407	831.135
0.000306251	783.299
0.000308094	741.206
0.000309938	704.457
0.000311782	671.706
0.000313625	642.681
0.000315469	616.252
0.000317312	592.223
0.000319156	569.459
0.000321	547.744
0.000322843	526.045
0.000324687	504.073
0.000326531	481.195
0.000328374	457.112
0.000330218	431.802
0.000332062	405.075
0.000333905	377.46
0.000335749	348.963
0.000337593	320.359
0.000339436	291.837
0.00034128	264.066
0.000343124	237.313
0.000344967	211.943
0.000346811	188.177
0.000348655	166.074
0.000350498	145.745
0.000352342	127.077
0.000354186	110.074
0.000356029	94.5979
0.000357873	80.5981
0.000359717	67.9806
0.00036156	56.6944
0.000363404	46.6781
0.000365247	37.9017
0.000367091	30.292
0.000368935	23.8264
0.000370778	18.3931
0.000372622	13.9523
0.000374466	10.3614
0.000376309	7.55136
0.000378153	5.37889
0.000379997	3.75383
0.00038184	2.56001
0.000383684	1.70544
0.000385528	1.11272
0.000387371	0.705317
0.000389215	0.440428
0.000391059	0.264664
0.000392902	0.158415
0.000394746	0.0898555
0.00039659	0.0516991
0.000398433	0.0246409
0.000400277	0.0152922
