0.000166815	6.88563e-06
0.000171844	1.42731e-05
0.000176872	3.64353e-05
0.000181901	7.86172e-05
0.000186929	0.000175383
0.000191958	0.000358911
0.000196986	0.000768131
0.000202014	0.00149486
0.000207043	0.00306193
0.000212071	0.00568095
0.0002171	0.0111125
0.000222128	0.0198618
0.000227157	0.0367724
0.000232185	0.0638871
0.000237214	0.111134
0.000242242	0.185646
0.00024727	0.306311
0.000252299	0.490775
0.000257327	0.770475
0.000262356	1.18217
0.000267384	1.77029
0.000272413	2.59936
0.000277441	3.72082
0.000282469	5.22888
0.000287498	7.16873
0.000292526	9.65118
0.000297555	12.6994
0.000302583	16.4101
0.000307612	20.7766
0.00031264	25.8455
0.000317669	31.5893
0.000322697	37.9884
0.000327725	45.0201
0.000332754	52.6253
0.000337782	60.8128
0.000342811	69.5495
0.000347839	78.8829
0.000352868	88.871
0.000357896	99.5785
0.000362924	111.167
0.000367953	123.679
0.000372981	137.315
0.00037801	152.069
0.000383038	168.068
0.000388067	185.263
0.000393095	203.624
0.000398123	223.098
0.000403152	243.52
0.00040818	264.885
0.000413209	287.034
0.000418237	310.052
0.000423266	334.004
0.000428294	359.06
0.000433323	385.704
0.000438351	414.142
0.000443379	445.314
0.000448408	479.38
0.000453436	517.538
0.000458465	559.82
0.000463493	607.253
0.000468522	659.704
0.00047355	717.508
0.000478578	780.398
0.000483607	847.635
0.000488635	918.913
0.000493664	992.416
0.000498692	1067.92
0.000503721	1142.99
0.000508749	1217.59
0.000513778	1289.5
0.000518806	1358.85
0.000523834	1424.5
0.000528863	1486.68
0.000533891	1545.76
0.00053892	1601.97
0.000543948	1656.99
0.000548977	1710.93
0.000554005	1765.98
0.000559033	1822.09
0.000564062	1880.93
0.00056909	1942.36
0.000574119	2006.77
0.000579147	2074.03
0.000584176	2143.15
0.000589204	2214.07
0.000594233	2285.01
0.000599261	2355.99
0.000604289	2425.33
0.000609318	2493.1
0.000614346	2558.46
0.000619375	2621.49
0.000624403	2682.4
0.000629432	2741.24
0.00063446	2798.87
0.000639488	2855.29
0.000644517	2911.25
0.000649545	2966.72
0.000654574	3021.56
0.000659602	3075.74
0.000664631	3127.94
0.000669659	3178.14
0.000674688	3224.06
0.000679716	3265.72
0.000684744	3300.59
0.000689773	3328.65
0.000694801	3347.92
0.00069983	3358.36
0.000704858	3358.87
0.000709887	3349.62
0.000714915	3330.72
0.000719943	3302.1
0.000724972	3265.05
0.00073	3219.52
0.000735029	3167.42
0.000740057	3108.73
0.000745086	3045.45
0.000750114	2977.62
0.000755143	2906.74
0.000760171	2832.91
0.000765199	2756.83
0.000770228	2678.61
0.000775256	2598.26
0.000780285	2515.82
0.000785313	2431.13
0.000790342	2344.16
0.00079537	2255.18
0.000800398	2164.11
0.000805427	2071.98
0.000810455	1978.75
0.000815484	1886.07
0.000820512	1793.97
0.000825541	1704.17
0.000830569	1616.79
0.000835598	1532.96
0.000840626	1452.87
0.000845654	1376.74
0.000850683	1304.72
0.000855711	1236.26
0.00086074	1171.4
0.000865768	1109.29
0.000870797	1049.86
0.000875825	992.353
0.000880853	936.653
0.000885882	882.316
0.00089091	829.241
0.000895939	777.257
0.000900967	726.302
0.000905996	676.372
0.000911024	627.434
0.000916052	579.6
0.000921081	532.848
0.000926109	487.436
0.000931138	443.357
0.000936166	401.028
0.000941195	360.483
0.000946223	322.229
0.000951252	286.356
0.00095628	253.31
0.000961308	223.223
0.000966337	196.324
0.000971365	172.745
0.000976394	152.411
0.000981422	135.403
0.000986451	121.354
0.000991479	110.26
0.000996507	101.545
0.00100154	95.1115
0.00100656	90.2902
0.00101159	86.9037
0.00101662	84.3107
0.00102165	82.2818
0.00102668	80.3192
0.00103171	78.1824
0.00103673	75.6047
0.00104176	72.3877
0.00104679	68.5239
0.00105182	63.9075
0.00105685	58.7385
0.00106188	53.0286
0.00106691	47.0707
0.00107193	40.9755
0.00107696	35.0034
0.00108199	29.3092
0.00108702	24.0401
0.00109205	19.3303
0.00109708	15.201
0.0011021	11.7232
0.00110713	8.83085
0.00111216	6.52474
0.00111719	4.70643
0.00112222	3.32747
0.00112725	2.29866
0.00113228	1.55284
0.0011373	1.02802
0.00114233	0.662338
0.00114736	0.420722
0.00115239	0.257907
0.00115742	0.15748
0.00116245	0.0856122
0.00116747	0.0538898
