3.33898e-05	1.94052e-28
3.59039e-05	3.39073e-27
3.8418e-05	1.29808e-26
4.09322e-05	2.00828e-25
4.34463e-05	7.58424e-25
4.59604e-05	1.02585e-23
4.84746e-05	3.87043e-23
5.09887e-05	4.58449e-22
5.35028e-05	1.72524e-21
5.6017e-05	1.79294e-20
5.85311e-05	6.71717e-20
6.10452e-05	6.13809e-19
6.35594e-05	2.28446e-18
6.60735e-05	1.84007e-17
6.85877e-05	6.78654e-17
7.11018e-05	4.83193e-16
7.36159e-05	1.76115e-15
7.61301e-05	1.11187e-14
7.86442e-05	3.99249e-14
8.11583e-05	2.24284e-13
8.36725e-05	7.90697e-13
8.61866e-05	3.96761e-12
8.87007e-05	1.36811e-11
9.12149e-05	6.15769e-11
9.3729e-05	2.06827e-10
9.62431e-05	8.38753e-10
9.87573e-05	2.73215e-09
0.000101271	1.00308e-08
0.000103786	3.154e-08
0.0001063	1.05357e-07
0.000108814	3.18226e-07
0.000111328	9.72168e-07
0.000113842	2.80674e-06
0.000116356	7.88262e-06
0.00011887	2.16447e-05
0.000121384	5.61727e-05
0.000123899	0.000145984
0.000126413	0.000351852
0.000128927	0.000861431
0.000131441	0.00193739
0.000133955	0.00444939
0.000136469	0.00937851
0.000138983	0.0201289
0.000141498	0.039919
0.000144012	0.0798269
0.000146526	0.15079
0.00014904	0.279169
0.000151554	0.505341
0.000154068	0.865584
0.000156582	1.46548
0.000159096	2.35585
0.000161611	3.73246
0.000164125	5.64942
0.000166639	8.39159
0.000169153	11.9927
0.000171667	16.7601
0.000174181	22.6874
0.000176695	29.9818
0.00017921	38.6021
0.000181724	48.5571
0.000184238	59.8033
0.000186752	72.1759
0.000189266	85.6643
0.00019178	100.087
0.000194294	115.477
0.000196809	131.818
0.000199323	149.165
0.000201837	167.747
0.000204351	187.62
0.000206865	209.215
0.000209379	232.576
0.000211893	258.249
0.000214407	286.275
0.000216922	317.291
0.000219436	351.348
0.00022195	389.257
0.000224464	431.076
0.000226978	477.885
0.000229492	529.717
0.000232006	587.784
0.000234521	652.051
0.000237035	723.347
0.000239549	801.577
0.000242063	886.615
0.000244577	978.387
0.000247091	1075.93
0.000249605	1179.28
0.000252119	1287.85
0.000254634	1401.77
0.000257148	1522.43
0.000259662	1649.97
0.000262176	1788.36
0.00026469	1937.64
0.000267204	2102.97
0.000269718	2284.3
0.000272233	2485.28
0.000274747	2705.8
0.000277261	2945.73
0.000279775	3205
0.000282289	3479.53
0.000284803	3769.32
0.000287317	4068.45
0.000289831	4376.97
0.000292346	4689.6
0.00029486	5006.39
0.000297374	5323.26
0.000299888	5640.28
0.000302402	5952.73
0.000304916	6260.73
0.00030743	6557.02
0.000309945	6841.71
0.000312459	7105.7
0.000314973	7348.93
0.000317487	7564.04
0.000320001	7750.68
0.000322515	7906.66
0.000325029	8031.56
0.000327544	8128.64
0.000330058	8198.18
0.000332572	8240.28
0.000335086	8261.54
0.0003376	8263.1
0.000340114	8241.51
0.000342628	8198.58
0.000345142	8134.44
0.000347657	8050.15
0.000350171	7945.12
0.000352685	7825.78
0.000355199	7691.84
0.000357713	7553.29
0.000360227	7410.83
0.000362741	7271.65
0.000365256	7137.31
0.00036777	7006.28
0.000370284	6879.92
0.000372798	6748.12
0.000375312	6610.83
0.000377826	6455.99
0.00038034	6281.87
0.000382854	6082.67
0.000385369	5856.06
0.000387883	5606.44
0.000390397	5332.48
0.000392911	5046.21
0.000395425	4748.26
0.000397939	4451.62
0.000400453	4158.48
0.000402968	3876.8
0.000405482	3609.02
0.000407996	3356.38
0.00041051	3120.25
0.000413024	2897.77
0.000415538	2688.89
0.000418052	2490.43
0.000420566	2301.63
0.000423081	2120.97
0.000425595	1947.78
0.000428109	1782.01
0.000430623	1623.38
0.000433137	1472.38
0.000435651	1329
0.000438165	1193.92
0.00044068	1067.22
0.000443194	949.859
0.000445708	842.066
0.000448222	744.642
0.000450736	658.047
0.00045325	582.097
0.000455764	517.201
0.000458279	461.768
0.000460793	415.73
0.000463307	376.619
0.000465821	343.723
0.000468335	314.797
0.000470849	288.78
0.000473363	264.458
0.000475877	240.931
0.000478392	218.043
0.000480906	195.377
0.00048342	173.312
0.000485934	151.865
0.000488448	131.436
0.000490962	112.227
0.000493476	94.4508
0.000495991	78.2923
0.000498505	63.8012
0.000501019	51.0821
0.000503533	40.0704
0.000506047	30.7965
0.000508561	23.0989
0.000511075	16.9316
0.000513589	12.0688
0.000516104	8.38524
0.000518618	5.65496
0.000521132	3.70229
0.000523646	2.35729
0.00052616	1.44542
0.000528674	0.869331
0.000531188	0.462742
0.000533703	0.282599
