3.33898e-05	3.80673e-10
3.55687e-05	1.15648e-09
3.77476e-05	3.48392e-09
3.99264e-05	1.05927e-08
4.21053e-05	2.89012e-08
4.42842e-05	8.20767e-08
4.64631e-05	2.17341e-07
4.8642e-05	5.78227e-07
5.08209e-05	1.48184e-06
5.29998e-05	3.70433e-06
5.51787e-05	9.16141e-06
5.73576e-05	2.15831e-05
5.95365e-05	5.13686e-05
6.17154e-05	0.000114384
6.38943e-05	0.000261272
6.60732e-05	0.000551458
6.82521e-05	0.00120572
7.0431e-05	0.00241878
7.26099e-05	0.00504981
7.47888e-05	0.00965293
7.69677e-05	0.0192008
7.91465e-05	0.0350551
8.13254e-05	0.066305
8.35043e-05	0.118174
8.56832e-05	0.209179
8.78621e-05	0.357866
9.0041e-05	0.599926
9.22199e-05	0.981914
9.43988e-05	1.56464
9.65777e-05	2.44613
9.87566e-05	3.7137
0.000100935	5.54161
0.000103114	8.03065
0.000105293	11.4375
0.000107472	15.845
0.000109651	21.5529
0.00011183	28.5841
0.000114009	37.1811
0.000116188	47.2778
0.000118367	58.9227
0.000120546	71.9709
0.000122724	86.1767
0.000124903	101.375
0.000127082	117.053
0.000129261	133.111
0.00013144	148.965
0.000133619	164.652
0.000135798	179.832
0.000137977	194.693
0.000140156	209.437
0.000142334	224.359
0.000144513	240.34
0.000146692	257.695
0.000148871	277.888
0.00015105	301.176
0.000153229	329.317
0.000155408	362.47
0.000157587	402.353
0.000159766	449.041
0.000161945	503.992
0.000164123	567.232
0.000166302	639.902
0.000168481	721.994
0.00017066	814.335
0.000172839	916.849
0.000175018	1029.91
0.000177197	1153.32
0.000179376	1286.64
0.000181555	1429.57
0.000183733	1580.42
0.000185912	1738.89
0.000188091	1902.03
0.00019027	2069.64
0.000192449	2238.17
0.000194628	2407.67
0.000196807	2575.36
0.000198986	2741.53
0.000201165	2905.66
0.000203344	3068.15
0.000205522	3231.45
0.000207701	3395.84
0.00020988	3565.92
0.000212059	3741.69
0.000214238	3927.62
0.000216417	4123.45
0.000218596	4330.98
0.000220775	4549.87
0.000222954	4778.01
0.000225132	5015.18
0.000227311	5256.2
0.00022949	5501.03
0.000231669	5743.63
0.000233848	5984.07
0.000236027	6217.38
0.000238206	6443.64
0.000240385	6659.51
0.000242564	6865.03
0.000244743	7057.86
0.000246921	7238.03
0.0002491	7403.57
0.000251279	7554.49
0.000253458	7689.28
0.000255637	7807.95
0.000257816	7909.85
0.000259995	7994.97
0.000262174	8063.4
0.000264353	8115.18
0.000266531	8149.46
0.00026871	8166.88
0.000270889	8167.22
0.000273068	8147.48
0.000275247	8107.06
0.000277426	8045.21
0.000279605	7960.13
0.000281784	7851.68
0.000283963	7720.76
0.000286142	7567.06
0.00028832	7395.52
0.000290499	7205.9
0.000292678	7005.95
0.000294857	6795.69
0.000297036	6583.03
0.000299215	6368.32
0.000301394	6157.18
0.000303573	5950.11
0.000305752	5749.47
0.00030793	5555.66
0.000310109	5368.43
0.000312288	5187.96
0.000314467	5012.84
0.000316646	4843.03
0.000318825	4677.14
0.000321004	4515.05
0.000323183	4355.76
0.000325362	4199.19
0.00032754	4044.53
0.000329719	3891.73
0.000331898	3739.95
0.000334077	3589.11
0.000336256	3438.44
0.000338435	3287.81
0.000340614	3136.84
0.000342793	2985.39
0.000344972	2833.63
0.000347151	2681.49
0.000349329	2529.56
0.000351508	2377.85
0.000353687	2227.05
0.000355866	2077.22
0.000358045	1929.06
0.000360224	1782.61
0.000362403	1638.77
0.000364582	1497.58
0.000366761	1360.41
0.000368939	1227.36
0.000371118	1100.2
0.000373297	979.223
0.000375476	866.081
0.000377655	761.254
0.000379834	665.632
0.000382013	579.713
0.000384192	503.246
0.000386371	436.517
0.00038855	378.265
0.000390728	328.415
0.000392907	285.237
0.000395086	248.317
0.000397265	216.087
0.000399444	187.97
0.000401623	162.956
0.000403802	140.523
0.000405981	120.253
0.00040816	101.827
0.000410338	85.1888
0.000412517	70.2295
0.000414696	56.9733
0.000416875	45.4285
0.000419054	35.5221
0.000421233	27.2678
0.000423412	20.468
0.000425591	15.0758
0.00042777	10.8362
0.000429949	7.63898
0.000432127	5.25118
0.000434306	3.53497
0.000436485	2.32342
0.000438664	1.49011
0.000440843	0.937083
0.000443022	0.571029
0.000445201	0.344144
0.00044738	0.198593
0.000449559	0.115002
0.000451737	0.0622836
0.000453916	0.0349859
0.000456095	0.0178756
0.000458274	0.00967787
0.000460453	0.00471948
0.000462632	0.00243094
0.000464811	0.00102344
0.00046699	0.000554274
