0.000500379	4.50366e-76
0.000507922	3.27385e-73
0.000515465	1.30819e-72
0.000523008	7.82963e-70
0.00053055	3.15852e-69
0.000538093	1.55577e-66
0.000545636	6.33875e-66
0.000553179	2.56938e-63
0.000560721	1.05738e-62
0.000568264	3.52694e-60
0.000575807	1.46611e-59
0.00058335	4.02405e-57
0.000590892	1.68971e-56
0.000598435	3.81626e-54
0.000605978	1.61869e-53
0.000613521	3.00842e-51
0.000621063	1.28892e-50
0.000628606	1.97145e-48
0.000636149	8.53093e-48
0.000643692	1.074e-45
0.000651234	4.6933e-45
0.000658777	4.86438e-43
0.00066632	2.14621e-42
0.000673862	1.83187e-40
0.000681405	8.1579e-40
0.000688948	5.73665e-38
0.000696491	2.57751e-37
0.000704033	1.49409e-35
0.000711576	6.76928e-35
0.000719119	3.23687e-33
0.000726662	1.47777e-32
0.000734204	5.83442e-31
0.000741747	2.68162e-30
0.00074929	8.75196e-29
0.000756833	4.04501e-28
0.000764375	1.09291e-26
0.000771918	5.07205e-26
0.000779461	1.13657e-24
0.000787004	5.28686e-24
0.000794546	9.84776e-23
0.000802089	4.58114e-22
0.000809632	7.11268e-21
0.000817175	3.30009e-20
0.000824717	4.28498e-19
0.00083226	1.9764e-18
0.000839803	2.1547e-17
0.000847345	9.84108e-17
0.000854888	9.05075e-16
0.000862431	4.07436e-15
0.000869974	3.17845e-14
0.000877516	1.40269e-13
0.000885059	9.34049e-13
0.000892602	4.016e-12
0.000900145	2.29907e-11
0.000907687	9.56342e-11
0.00091523	4.74408e-10
0.000922773	1.89447e-09
0.000930316	8.21352e-09
0.000937858	3.1225e-08
0.000945401	1.19394e-07
0.000952944	4.28312e-07
0.000960487	1.45788e-06
0.000968029	4.89089e-06
0.000975572	1.49574e-05
0.000983115	4.65094e-05
0.000990658	0.000128937
0.0009982	0.000368476
0.00100574	0.000933601
0.00101329	0.00243348
0.00102083	0.00567516
0.00102837	0.013406
0.00103591	0.0289428
0.00104346	0.0616642
0.001051	0.124248
0.00105854	0.238026
0.00106608	0.455752
0.00107363	0.788757
0.00108117	1.35748
0.00108871	2.169
0.00109626	3.38428
0.0011038	5.00131
0.00111134	7.1468
0.00111888	9.81492
0.00112643	13.0483
0.00113397	16.8571
0.00114151	21.3509
0.00114906	26.5683
0.0011566	33.0587
0.00116414	40.8682
0.00117168	51.2185
0.00117923	64.1223
0.00118677	81.0999
0.00119431	102.116
0.00120185	128.077
0.0012094	158.931
0.00121694	194.259
0.00122448	234.038
0.00123203	276.795
0.00123957	322.542
0.00124711	370.052
0.00125465	419.335
0.0012622	470.882
0.00126974	524.668
0.00127728	583.311
0.00128482	646.774
0.00129237	718.578
0.00129991	798.737
0.00130745	889.53
0.001315	991.061
0.00132254	1102.67
0.00133008	1224.53
0.00133762	1352.63
0.00134517	1487.1
0.00135271	1621.63
0.00136025	1756.18
0.00136779	1884.66
0.00137534	2006.78
0.00138288	2119.71
0.00139042	2223.04
0.00139797	2318.34
0.00140551	2405.42
0.00141305	2487.82
0.00142059	2565.78
0.00142814	2640.92
0.00143568	2713.66
0.00144322	2782.11
0.00145076	2846.44
0.00145831	2903.19
0.00146585	2952.07
0.00147339	2991.26
0.00148094	3020.29
0.00148848	3040.56
0.00149602	3052.45
0.00150356	3054.76
0.00151111	3052.82
0.00151865	3048.26
0.00152619	3037.66
0.00153373	3021.88
0.00154128	3001.74
0.00154882	2974.29
0.00155636	2939.42
0.00156391	2894.47
0.00157145	2838.92
0.00157899	2771.97
0.00158653	2692.98
0.00159408	2604.08
0.00160162	2505.08
0.00160916	2399.77
0.0016167	2288.73
0.00162425	2174.52
0.00163179	2057.98
0.00163933	1939.28
0.00164688	1818.68
0.00165442	1695.89
0.00166196	1570.54
0.0016695	1444.1
0.00167705	1316.35
0.00168459	1190.39
0.00169213	1066.69
0.00169968	948.213
0.00170722	835.865
0.00171476	731.146
0.0017223	634.834
0.00172985	546.999
0.00173739	467.965
0.00174493	397.145
0.00175247	334.482
0.00176002	279.394
0.00176756	231.711
0.0017751	190.961
0.00178265	157.051
0.00179019	129.286
0.00179773	107.579
0.00180527	90.8081
0.00181282	78.6627
0.00182036	69.9446
0.0018279	63.9757
0.00183544	60.4682
0.00184299	58.5342
0.00185053	57.9848
0.00185807	58.9601
0.00186562	61.1833
0.00187316	64.707
0.0018807	68.7369
0.00188824	73.1251
0.00189579	76.5917
0.00190333	78.2967
0.00191087	78.81
0.00191841	76.381
0.00192596	71.2179
0.0019335	63.9686
0.00194104	55.3858
0.00194859	46.0175
0.00195613	36.6675
0.00196367	28.1225
0.00197121	20.5811
0.00197876	14.5413
0.0019863	9.77727
0.00199384	6.23308
0.00200138	3.92788
