0.000166815	1.52667e-06
0.000172682	3.68648e-06
0.000178548	1.01659e-05
0.000184415	2.48351e-05
0.000190282	6.0232e-05
0.000196148	0.000137081
0.000202015	0.000317554
0.000207881	0.000675901
0.000213748	0.00148991
0.000219614	0.00297692
0.000225481	0.00622163
0.000231347	0.0117107
0.000237214	0.0231261
0.00024308	0.0417937
0.000248947	0.0767123
0.000254813	0.133118
0.00026068	0.227042
0.000266547	0.373914
0.000272413	0.59831
0.00027828	0.932061
0.000284146	1.40373
0.000290013	2.06411
0.000295879	2.93184
0.000301746	4.06456
0.000307612	5.45109
0.000313479	7.12159
0.000319345	9.0221
0.000325212	11.1082
0.000331078	13.293
0.000336945	15.4303
0.000342812	17.4364
0.000348678	19.1408
0.000354545	20.3945
0.000360411	20.9227
0.000366278	21.1304
0.000372144	20.7499
0.000378011	19.6117
0.000383877	18.0818
0.000389744	16.1718
0.00039561	14.0909
0.000401477	11.8858
0.000407343	9.78712
0.00041321	7.80147
0.000419077	6.08651
0.000424943	4.62701
0.00043081	3.48244
0.000436676	2.63989
0.000442543	2.09807
0.000448409	1.86094
0.000454276	1.94253
0.000460142	2.34208
0.000466009	3.08737
0.000471875	4.31279
0.000477742	6.07586
0.000483608	8.43256
0.000489475	11.5918
0.000495342	15.5891
0.000501208	20.6775
0.000507075	26.8846
0.000512941	34.478
0.000518808	43.4778
0.000524674	54.1432
0.000530541	66.4907
0.000536407	80.7667
0.000542274	96.9897
0.00054814	115.413
0.000554007	136.058
0.000559873	159.213
0.00056574	184.891
0.000571606	213.394
0.000577473	244.705
0.00058334	279.008
0.000589206	316.244
0.000595073	356.252
0.000600939	398.952
0.000606806	443.705
0.000612672	490.464
0.000618539	538.318
0.000624405	587.305
0.000630272	636.854
0.000636138	687.086
0.000642005	738.462
0.000647871	791.117
0.000653738	846.747
0.000659605	905.41
0.000665471	969.363
0.000671338	1038.54
0.000677204	1114.43
0.000683071	1196.89
0.000688937	1285.41
0.000694804	1379.88
0.00070067	1477.61
0.000706537	1578.57
0.000712403	1679.07
0.00071827	1779.17
0.000724136	1876.23
0.000730003	1970.31
0.00073587	2061.48
0.000741736	2149.79
0.000747603	2238.08
0.000753469	2326.35
0.000759336	2418.31
0.000765202	2513.93
0.000771069	2614.68
0.000776935	2720.63
0.000782802	2828.73
0.000788668	2939.13
0.000794535	3044.69
0.000800401	3145.49
0.000806268	3233.42
0.000812135	3308.36
0.000818001	3366.46
0.000823868	3408.35
0.000829734	3419.62
0.000835601	3422.01
0.000841467	3419.08
0.000847334	3393.9
0.0008532	3362.98
0.000859067	3327.53
0.000864933	3291.7
0.0008708	3255.92
0.000876666	3221.65
0.000882533	3189.36
0.0008884	3156.62
0.000894266	3123.65
0.000900133	3086.02
0.000905999	3043.61
0.000911866	2992.41
0.000917732	2932.01
0.000923599	2860.66
0.000929465	2777.87
0.000935332	2684.63
0.000941198	2580.61
0.000947065	2468.96
0.000952931	2349.62
0.000958798	2226.77
0.000964665	2100.64
0.000970531	1975.29
0.000976398	1851.14
0.000982264	1731.34
0.000988131	1616.39
0.000993997	1508.05
0.000999864	1406.78
0.00100573	1312.93
0.0010116	1226.8
0.00101746	1147.57
0.00102333	1075.32
0.0010292	1008.63
0.00103506	947.372
0.00104093	890.063
0.0010468	836.455
0.00105266	785.421
0.00105853	736.692
0.0010644	689.603
0.00107026	643.938
0.00107613	599.437
0.001082	555.957
0.00108786	513.56
0.00109373	472.176
0.00109959	432.117
0.00110546	393.394
0.00111133	356.435
0.00111719	321.34
0.00112306	288.455
0.00112893	257.929
0.00113479	229.845
0.00114066	204.328
0.00114653	181.156
0.00115239	160.351
0.00115826	141.514
0.00116413	124.548
0.00116999	109.086
0.00117586	94.9667
0.00118173	82.0006
0.00118759	70.051
0.00119346	59.1085
0.00119933	49.12
0.00120519	40.1436
0.00121106	32.1997
0.00121693	25.2939
0.00122279	19.4616
0.00122866	14.6091
0.00123453	10.7309
0.00124039	7.66711
0.00124626	5.35577
0.00125212	3.63388
0.00125799	2.40561
0.00126386	1.54886
0.00126972	0.968149
0.00127559	0.591999
0.00128146	0.347895
0.00128732	0.202523
0.00129319	0.110884
0.00129906	0.0619809
0.00130492	0.0315194
0.00131079	0.0169548
0.00131666	0.00816192
0.00132252	0.00413558
0.00132839	0.00170811
0.00133426	0.000898947
