0.000500379	1.46519e-225
0.000510437	1.2945e-218
0.000520494	5.17799e-218
0.000530551	3.36899e-211
0.000540608	1.36138e-210
0.000550665	6.52207e-204
0.000560722	2.6629e-203
0.000570779	9.3921e-197
0.000580836	3.87516e-196
0.000590893	1.00609e-189
0.00060095	4.19558e-189
0.000611007	8.01694e-183
0.000621064	3.37961e-182
0.000631121	4.7521e-176
0.000641178	2.02545e-175
0.000651235	2.09542e-169
0.000661292	9.03154e-169
0.000671349	6.8734e-163
0.000681406	2.99637e-162
0.000691463	1.67722e-156
0.00070152	7.39654e-156
0.000711577	3.04464e-150
0.000721634	1.35853e-149
0.000731691	4.11161e-144
0.000741748	1.85664e-143
0.000751806	4.13073e-138
0.000761863	1.88804e-137
0.00077192	3.08734e-132
0.000781977	1.42866e-131
0.000792034	1.7167e-126
0.000802091	8.0443e-126
0.000812148	7.10174e-121
0.000822205	3.37056e-120
0.000832262	2.18575e-115
0.000842319	1.05094e-114
0.000852376	5.00511e-110
0.000862433	2.43855e-109
0.00087249	8.52727e-105
0.000882547	4.21084e-104
0.000892604	1.08094e-99
0.000902661	5.41133e-99
0.000912718	1.01952e-94
0.000922775	5.17548e-94
0.000932832	7.15492e-90
0.000942889	3.684e-89
0.000952946	3.73629e-85
0.000963003	1.95176e-84
0.00097306	1.45183e-80
0.000983117	7.69632e-80
0.000993175	4.19801e-76
0.00100323	2.25895e-75
0.00101329	9.03314e-72
0.00102335	4.93526e-71
0.0010334	1.4465e-67
0.00104346	8.02624e-67
0.00105352	1.72386e-63
0.00106357	9.71692e-63
0.00107363	1.52902e-59
0.00108369	8.75745e-59
0.00109374	1.00943e-55
0.0011038	5.87594e-55
0.00111386	4.96052e-52
0.00112392	2.93527e-51
0.00113397	1.81469e-48
0.00114403	1.09172e-47
0.00115409	4.9426e-45
0.00116414	3.02333e-44
0.0011742	1.00242e-41
0.00118426	6.23449e-41
0.00119432	1.51416e-38
0.00120437	9.57372e-38
0.00121443	1.70384e-35
0.00122449	1.09485e-34
0.00123454	1.42881e-32
0.0012446	9.32514e-32
0.00125466	8.93308e-30
0.00126471	5.91588e-29
0.00127477	4.16653e-27
0.00128483	2.7957e-26
0.00129489	1.45093e-24
0.00130494	9.8428e-24
0.001315	3.77646e-22
0.00132506	2.58205e-21
0.00133511	7.35704e-20
0.00134517	5.04782e-19
0.00135523	1.07472e-17
0.00136529	7.35575e-17
0.00137534	1.17994e-15
0.0013854	7.99194e-15
0.00139546	9.76397e-14
0.00140551	6.47632e-13
0.00141557	6.10965e-12
0.00142563	3.91605e-11
0.00143568	2.90127e-10
0.00144574	1.76793e-09
0.0014558	1.04929e-08
0.00146586	5.96361e-08
0.00147591	2.89938e-07
0.00148597	1.50457e-06
0.00149603	6.13449e-06
0.00150608	2.84282e-05
0.00151614	9.94764e-05
0.0015262	0.000402964
0.00153625	0.00123575
0.00154631	0.00429478
0.00155637	0.0117412
0.00156643	0.0345181
0.00157648	0.0851323
0.00158654	0.210007
0.0015966	0.470094
0.00160665	0.972
0.00161671	2.02653
0.00162677	3.64188
0.00163683	6.34134
0.00164688	10.1474
0.00165694	15.2438
0.001667	21.6832
0.00167705	28.9382
0.00168711	37.0019
0.00169717	45.3893
0.00170722	53.97
0.00171728	63.6461
0.00172734	74.3202
0.0017374	87.9665
0.00174745	104.767
0.00175751	125.283
0.00176757	149.867
0.00177762	176.195
0.00178768	204.277
0.00179774	231.416
0.00180779	257.097
0.00181785	281.973
0.00182791	305.684
0.00183797	331.361
0.00184802	359.399
0.00185808	390.858
0.00186814	426.315
0.00187819	463.61
0.00188825	502.627
0.00189831	541.601
0.00190837	579.993
0.00191842	618.572
0.00192848	657.297
0.00193854	697.121
0.00194859	738.659
0.00195865	779.846
0.00196871	821.204
0.00197876	857.578
0.00198882	890.294
0.00199888	905.027
0.00200894	909.082
0.00201899	908.942
0.00202905	887.781
0.00203911	855.781
0.00204916	816.83
0.00205922	775.231
0.00206928	732.902
0.00207933	691.357
0.00208939	651.974
0.00209945	612.652
0.00210951	573.041
0.00211956	532.165
0.00212962	489.049
0.00213968	445.867
0.00214973	402.647
0.00215979	362.428
0.00216985	326.42
0.00217991	295.362
0.00218996	270.388
0.00220002	249.393
0.00221008	232.211
0.00222013	216.357
0.00223019	200.625
0.00224025	184.534
0.0022503	167.272
0.00226036	149.868
0.00227042	132.555
0.00228048	115.926
0.00229053	100.448
0.00230059	85.907
0.00231065	72.2975
0.0023207	59.574
0.00233076	47.5932
0.00234082	36.742
0.00235088	27.1845
0.00236093	19.1302
0.00237099	12.8519
0.00238105	8.08664
0.0023911	4.8463
0.00240116	2.70285
0.00241122	1.39115
0.00242127	0.704895
0.00243133	0.312631
0.00244139	0.141475
0.00245145	0.0562232
0.0024615	0.0215825
0.00247156	0.00781087
0.00248162	0.00248594
0.00249167	0.00078289
0.00250173	0.000215205
