0.000166815	9.43275e-14
0.000171844	3.90086e-13
0.000176872	1.27736e-12
0.000181901	5.13168e-12
0.000186929	1.5591e-11
0.000191958	5.77432e-11
0.000196986	1.71541e-10
0.000202014	5.87455e-10
0.000207043	1.70161e-09
0.000212071	5.40501e-09
0.0002171	1.52202e-08
0.000222128	4.49862e-08
0.000227157	1.22779e-07
0.000232185	3.3879e-07
0.000237214	8.93434e-07
0.000242242	2.30915e-06
0.00024727	5.86593e-06
0.000252299	1.42476e-05
0.000257327	3.47588e-05
0.000262356	7.95955e-05
0.000267384	0.000185944
0.000272413	0.000402705
0.000277441	0.000898356
0.000282469	0.00184557
0.000287498	0.00392149
0.000292526	0.00766339
0.000297555	0.0154744
0.000302583	0.0288389
0.000307612	0.0552347
0.00031264	0.0998668
0.000317669	0.179385
0.000322697	0.312067
0.000327725	0.528788
0.000332754	0.877953
0.000337782	1.41269
0.000342811	2.23588
0.000347839	3.42547
0.000352868	5.16668
0.000357896	7.55304
0.000362924	10.8636
0.000367953	15.1838
0.000372981	20.8559
0.00037801	27.9269
0.000383038	36.7183
0.000388067	47.22
0.000393095	59.6222
0.000398123	73.8686
0.000403152	89.9483
0.00040818	107.799
0.000413209	127.246
0.000418237	148.264
0.000423266	170.654
0.000428294	194.45
0.000433323	219.595
0.000438351	246.158
0.000443379	274.304
0.000448408	304.109
0.000453436	335.917
0.000458465	369.788
0.000463493	406.154
0.000468522	445.058
0.00047355	486.957
0.000478578	531.884
0.000483607	580.302
0.000488635	632.225
0.000493664	688.074
0.000498692	747.823
0.000503721	811.707
0.000508749	879.655
0.000513778	951.533
0.000518806	1027.24
0.000523834	1106.19
0.000528863	1188.28
0.000533891	1272.56
0.00053892	1358.96
0.000543948	1446.42
0.000548977	1534.92
0.000554005	1623.54
0.000559033	1712.32
0.000564062	1800.74
0.00056909	1888.85
0.000574119	1976.7
0.000579147	2064.37
0.000584176	2152.58
0.000589204	2241.37
0.000594233	2331.97
0.000599261	2424.36
0.000604289	2519.69
0.000609318	2617.86
0.000614346	2718.95
0.000619375	2822.83
0.000624403	2927.61
0.000629432	3033.21
0.00063446	3135.71
0.000639488	3235.1
0.000644517	3326.49
0.000649545	3409.91
0.000654574	3481.25
0.000659602	3540.58
0.000664631	3586.63
0.000669659	3619.44
0.000674688	3635.39
0.000679716	3642.52
0.000684744	3641.59
0.000689773	3629.23
0.000694801	3611.75
0.00069983	3589.22
0.000704858	3564.4
0.000709887	3537.35
0.000714915	3508.96
0.000719943	3479.33
0.000724972	3447.16
0.00073	3412.53
0.000735029	3372.77
0.000740057	3327.9
0.000745086	3275.22
0.000750114	3214.64
0.000755143	3144.64
0.000760171	3065.04
0.000765199	2976.14
0.000770228	2877.76
0.000775256	2772.03
0.000780285	2658.83
0.000785313	2541.62
0.000790342	2420.41
0.00079537	2299.2
0.000800398	2178.13
0.000805427	2060.7
0.000810455	1947.2
0.000815484	1839.65
0.000820512	1738.4
0.000825541	1643.59
0.000830569	1555.45
0.000835598	1472.76
0.000840626	1395.52
0.000845654	1322.26
0.000850683	1252.78
0.000855711	1186.37
0.00086074	1122.82
0.000865768	1062.37
0.000870797	1004.97
0.000875825	951.097
0.000880853	900.905
0.000885882	854.227
0.00089091	811.245
0.000895939	770.822
0.000900967	732.969
0.000905996	696.08
0.000911024	659.919
0.000916052	623.286
0.000921081	585.819
0.000926109	547.289
0.000931138	507.422
0.000936166	466.897
0.000941195	425.668
0.000946223	384.819
0.000951252	344.518
0.00095628	305.745
0.000961308	268.759
0.000966337	234.184
0.000971365	202.253
0.000976394	173.227
0.000981422	147.264
0.000986451	124.343
0.000991479	104.544
0.000996507	87.6227
0.00100154	73.5894
0.00100656	62.0121
0.00101159	52.8249
0.00101662	45.4837
0.00102165	39.84
0.00102668	35.3633
0.00103171	31.8464
0.00103673	28.9007
0.00104176	26.3161
0.00104679	23.9107
0.00105182	21.5325
0.00105685	19.1778
0.00106188	16.7842
0.00106691	14.4365
0.00107193	12.1487
0.00107696	10.003
0.00108199	8.04735
0.00108702	6.31324
0.00109205	4.84026
0.00109708	3.60983
0.0011021	2.63239
0.00110713	1.86494
0.00111216	1.29139
0.00111719	0.869388
0.00112222	0.570589
0.00112725	0.365486
0.00113228	0.226794
0.0011373	0.138526
0.00114233	0.0810038
0.00114736	0.0473352
0.00115239	0.0258827
0.00115742	0.014587
0.00116245	0.00668573
0.00116747	0.00405198
