3.33898e-05	2.69547e-12
3.55687e-05	9.21067e-12
3.77476e-05	2.87563e-11
3.99264e-05	9.7493e-11
4.21053e-05	2.7873e-10
4.42842e-05	8.80774e-10
4.64631e-05	2.45479e-09
4.8642e-05	7.24994e-09
5.08209e-05	1.96457e-08
5.29998e-05	5.4382e-08
5.51787e-05	1.42889e-07
5.73576e-05	3.7179e-07
5.95365e-05	9.44644e-07
6.17154e-05	2.31703e-06
6.38943e-05	5.67752e-06
6.60732e-05	1.31653e-05
6.82521e-05	3.10291e-05
7.0431e-05	6.8213e-05
7.26099e-05	0.00015425
7.47888e-05	0.000322353
7.69677e-05	0.000697728
7.91465e-05	0.00138972
8.13254e-05	0.00287311
8.35043e-05	0.00546749
8.56832e-05	0.0107765
8.78621e-05	0.0196376
9.0041e-05	0.0368461
9.22199e-05	0.0656737
9.43988e-05	0.115665
9.65777e-05	0.197969
9.87566e-05	0.331502
0.000100935	0.543881
0.000103114	0.868742
0.000105293	1.36525
0.000107472	2.08568
0.000109651	3.14014
0.00011183	4.59904
0.000114009	6.6403
0.000116188	9.34547
0.000118367	12.964
0.000120546	17.5768
0.000122724	23.4879
0.000124903	30.7672
0.000127082	39.7407
0.000129261	50.467
0.00013144	63.2674
0.000133619	78.2
0.000135798	95.5863
0.000137977	115.499
0.000140156	138.302
0.000142334	164.089
0.000144513	193.32
0.000146692	226.096
0.000148871	262.99
0.00015105	304.084
0.000153229	350.012
0.000155408	400.821
0.000157587	457.1
0.000159766	518.873
0.000161945	586.612
0.000164123	660.343
0.000166302	740.462
0.000168481	827.024
0.00017066	920.498
0.000172839	1020.97
0.000175018	1129.11
0.000177197	1244.98
0.000179376	1369.41
0.000181555	1502.36
0.000183733	1644.37
0.000185912	1795.26
0.000188091	1954.64
0.00019027	2122.22
0.000192449	2296.17
0.000194628	2476.23
0.000196807	2659.29
0.000198986	2845.24
0.000201165	3030.72
0.000203344	3215.82
0.000205522	3398.33
0.000207701	3578.49
0.00020988	3756.17
0.000212059	3931.58
0.000214238	4106.49
0.000216417	4280.94
0.000218596	4457.26
0.000220775	4635.37
0.000222954	4816.55
0.000225132	5000.68
0.000227311	5187.06
0.00022949	5375.59
0.000231669	5563.72
0.000233848	5751.43
0.000236027	5935.18
0.000238206	6115.01
0.000240385	6287.65
0.000242564	6453.15
0.000244743	6609.68
0.000246921	6757.28
0.0002491	6896.21
0.000251279	7026.48
0.000253458	7150.16
0.000255637	7267.24
0.000257816	7380.04
0.000259995	7488.6
0.000262174	7593.41
0.000264353	7694.55
0.000266531	7789.21
0.00026871	7877.52
0.000270889	7953.69
0.000273068	8017.77
0.000275247	8063.25
0.000277426	8090.11
0.000279605	8092.57
0.000281784	8071.86
0.000283963	8028.28
0.000286142	7958.42
0.00028832	7866.83
0.000290499	7753.56
0.000292678	7623.22
0.000294857	7475.87
0.000297036	7315.92
0.000299215	7143.63
0.000301394	6961.37
0.000303573	6769.42
0.000305752	6568.23
0.00030793	6357.86
0.000310109	6138.36
0.000312288	5909.55
0.000314467	5672.97
0.000316646	5428.33
0.000318825	5179.78
0.000321004	4927.16
0.000323183	4676.74
0.000325362	4428.76
0.00032754	4189.8
0.000329719	3960.51
0.000331898	3745.53
0.000334077	3545.78
0.000336256	3362.35
0.000338435	3196.08
0.000340614	3044.37
0.000342793	2907.57
0.000344972	2780.61
0.000347151	2663.22
0.000349329	2549.84
0.000351508	2439.66
0.000353687	2328.55
0.000355866	2215.51
0.000358045	2098.92
0.000360224	1977.94
0.000362403	1853.46
0.000364582	1725.09
0.000366761	1595.4
0.000368939	1464.55
0.000371118	1335.66
0.000373297	1209.3
0.000375476	1088.24
0.000377655	973.227
0.000379834	866.018
0.000382013	767.339
0.000384192	677.682
0.000386371	597.551
0.00038855	526.27
0.000390728	463.992
0.000392907	409.281
0.000395086	361.918
0.000397265	320.271
0.000399444	283.848
0.000401623	251.331
0.000403802	222.146
0.000405981	195.551
0.00040816	171.084
0.000410338	148.554
0.000412517	127.714
0.000414696	108.7
0.000416875	91.4766
0.000419054	76.2388
0.000421233	63.0736
0.000423412	52.0561
0.000425591	43.2859
0.00042777	36.647
0.000429949	31.7512
0.000432127	29.7543
0.000434306	29.5637
0.000436485	29.5161
0.000438664	31.2882
0.000440843	34.2876
0.000443022	37.5697
0.000445201	40.9464
0.00044738	44.097
0.000449559	46.7143
0.000451737	48.5479
0.000453916	49.3003
0.000456095	48.8632
0.000458274	47.6018
0.000460453	45.1862
0.000462632	41.8554
0.000464811	37.9988
0.00046699	33.483
