0.000500379	3.13952e-38
0.000507084	1.06828e-36
0.000513789	4.17892e-36
0.000520493	1.24127e-34
0.000527198	4.84457e-34
0.000533903	1.2479e-32
0.000540607	4.89144e-32
0.000547312	1.09361e-30
0.000554017	4.30143e-30
0.000560721	8.35578e-29
0.000567426	3.29448e-28
0.000574131	5.56723e-27
0.000580835	2.19768e-26
0.00058754	3.2353e-25
0.000594244	1.27688e-24
0.000600949	1.64029e-23
0.000607654	6.46172e-23
0.000614358	7.25741e-22
0.000621063	2.8482e-21
0.000627768	2.80304e-20
0.000634472	1.09352e-19
0.000641177	9.45397e-19
0.000647882	3.65702e-18
0.000654586	2.78545e-17
0.000661291	1.06534e-16
0.000667995	7.17209e-16
0.0006747	2.70351e-15
0.000681405	1.61453e-14
0.000688109	5.97681e-14
0.000694814	3.17891e-13
0.000701519	1.15117e-12
0.000708223	5.47683e-12
0.000714928	1.93182e-11
0.000721633	8.26001e-11
0.000728337	2.82486e-10
0.000735042	1.09094e-09
0.000741746	3.59981e-09
0.000748451	1.26224e-08
0.000755156	3.9983e-08
0.00076186	1.27979e-07
0.000768565	3.87135e-07
0.00077527	1.13733e-06
0.000781974	3.26844e-06
0.000788679	8.86075e-06
0.000795384	2.40677e-05
0.000802088	6.05256e-05
0.000808793	0.000154634
0.000815497	0.000362516
0.000822202	0.000867298
0.000828907	0.00190402
0.000835611	0.00424918
0.000842316	0.00877058
0.000849021	0.0182013
0.000855725	0.0354424
0.00086243	0.0682484
0.000869135	0.128167
0.000875839	0.227441
0.000882544	0.401281
0.000889249	0.665865
0.000895953	1.0962
0.000902658	1.71212
0.000909362	2.63686
0.000916067	3.88819
0.000922772	5.62588
0.000929476	7.85938
0.000936181	10.7485
0.000942886	14.2945
0.00094959	18.6219
0.000956295	23.7315
0.000963	29.7177
0.000969704	36.5882
0.000976409	44.4535
0.000983113	53.3247
0.000989818	63.3561
0.000996523	74.5502
0.00100323	87.0571
0.00100993	100.867
0.00101664	116.04
0.00102334	132.567
0.00103005	150.42
0.00103675	169.612
0.00104346	190.193
0.00105016	212.203
0.00105686	236.033
0.00106357	261.739
0.00107027	290.243
0.00107698	321.59
0.00108368	357.215
0.00109039	397.128
0.00109709	442.959
0.0011038	494.68
0.0011105	553.505
0.00111721	619.374
0.00112391	692.328
0.00113062	772.305
0.00113732	857.644
0.00114402	948.32
0.00115073	1041.19
0.00115743	1136.26
0.00116414	1230.14
0.00117084	1322.84
0.00117755	1412.5
0.00118425	1499.11
0.00119096	1583.62
0.00119766	1665.97
0.00120437	1749.46
0.00121107	1834.06
0.00121778	1923.17
0.00122448	2016.88
0.00123119	2115.97
0.00123789	2220.65
0.00124459	2327.91
0.0012513	2437.93
0.001258	2545.17
0.00126471	2649.61
0.00127141	2746.05
0.00127812	2834.24
0.00128482	2911.98
0.00129153	2978.91
0.00129823	3036.6
0.00130494	3084.85
0.00131164	3127.22
0.00131835	3163.88
0.00132505	3196.99
0.00133175	3227.04
0.00133846	3252.62
0.00134516	3275.2
0.00135187	3280.65
0.00135857	3278.66
0.00136528	3272.05
0.00137198	3239.31
0.00137869	3188.01
0.00138539	3119.97
0.0013921	3036.61
0.0013988	2937.63
0.00140551	2828.88
0.00141221	2710.75
0.00141891	2588.26
0.00142562	2462.05
0.00143232	2335.07
0.00143903	2207.75
0.00144573	2082.1
0.00145244	1958.25
0.00145914	1838.7
0.00146585	1723.6
0.00147255	1615.73
0.00147926	1515.6
0.00148596	1424.75
0.00149267	1343.88
0.00149937	1272.12
0.00150608	1209.91
0.00151278	1154.22
0.00151948	1104.89
0.00152619	1058.25
0.00153289	1013.58
0.0015396	968.13
0.0015463	921.015
0.00155301	871.185
0.00155971	817.966
0.00156642	761.88
0.00157312	702.649
0.00157983	641.834
0.00158653	579.552
0.00159324	517.838
0.00159994	457.141
0.00160664	399.373
0.00161335	345.208
0.00162005	295.82
0.00162676	251.889
0.00163346	213.506
0.00164017	181.077
0.00164687	153.779
0.00165358	131.585
0.00166028	113.302
0.00166699	98.5516
0.00167369	86.2972
0.0016804	76.0322
0.0016871	67.1293
0.00169381	59.1589
0.00170051	51.8839
0.00170721	45.0473
0.00171392	38.6592
0.00172062	32.6319
0.00172733	27.0643
0.00173403	21.9807
0.00174074	17.4489
0.00174744	13.5286
0.00175415	10.2044
0.00176085	7.50692
0.00176756	5.35256
0.00177426	3.71711
0.00178097	2.4977
0.00178767	1.62938
0.00179437	1.03085
0.00180108	0.628296
0.00180778	0.374789
0.00181449	0.211992
0.00182119	0.119714
0.0018279	0.0553675
0.0018346	0.0335381
