0.000166815	6.01553e-65
0.00017352	2.08109e-62
0.000180225	8.30631e-62
0.000186929	2.38567e-59
0.000193634	9.60621e-59
0.000200339	2.28888e-56
0.000207043	9.30482e-56
0.000213748	1.83932e-53
0.000220453	7.54882e-53
0.000227157	1.23804e-50
0.000233862	5.12941e-50
0.000240566	6.9803e-48
0.000247271	2.91929e-47
0.000253976	3.29689e-45
0.00026068	1.39159e-44
0.000267385	1.30455e-42
0.00027409	5.55616e-42
0.000280794	4.32493e-40
0.000287499	1.8581e-39
0.000294204	1.20147e-37
0.000300908	5.20477e-37
0.000307613	2.79716e-35
0.000314317	1.22117e-34
0.000321022	5.45844e-33
0.000327727	2.39992e-32
0.000334431	8.92997e-31
0.000341136	3.9507e-30
0.000347841	1.22509e-28
0.000354545	5.44769e-28
0.00036125	1.40975e-26
0.000367955	6.29248e-26
0.000374659	1.3612e-24
0.000381364	6.08855e-24
0.000388068	1.10326e-22
0.000394773	4.93516e-22
0.000401478	7.50964e-21
0.000408182	3.35118e-20
0.000414887	4.2951e-19
0.000421592	1.90644e-18
0.000428296	2.06541e-17
0.000435001	9.08661e-17
0.000441706	8.35636e-16
0.00044841	3.62876e-15
0.000455115	2.84662e-14
0.000461819	1.21431e-13
0.000468524	8.17129e-13
0.000475229	3.40527e-12
0.000481933	1.97815e-11
0.000488638	8.0035e-11
0.000495343	4.04198e-10
0.000502047	1.5768e-09
0.000508752	6.97636e-09
0.000515457	2.60447e-08
0.000522161	1.0178e-07
0.000528866	3.6075e-07
0.000535571	1.25584e-06
0.000542275	4.19143e-06
0.00054898	1.31102e-05
0.000555684	4.08642e-05
0.000562389	0.000115817
0.000569094	0.000334471
0.000575798	0.000865827
0.000582503	0.00229975
0.000589208	0.00547689
0.000595912	0.0132951
0.000602617	0.0293107
0.000609322	0.0647035
0.000616026	0.132716
0.000622731	0.265574
0.000629435	0.518224
0.00063614	0.937723
0.000642845	1.69269
0.000649549	2.81709
0.000656254	4.63544
0.000662959	7.17257
0.000669663	10.853
0.000676368	15.6833
0.000683073	22.0666
0.000689777	30.0006
0.000696482	39.8026
0.000703186	51.4809
0.000709891	65.3804
0.000716596	81.5143
0.0007233	100.348
0.000730005	121.865
0.00073671	146.363
0.000743414	173.787
0.000750119	203.745
0.000756824	236.198
0.000763528	270.096
0.000770233	305.47
0.000776937	341.665
0.000783642	378.771
0.000790347	417.949
0.000797051	459.273
0.000803756	506.261
0.000810461	558.917
0.000817165	621.939
0.00082387	695.278
0.000830575	782.253
0.000837279	882.834
0.000843984	996.649
0.000850689	1123.73
0.000857393	1259.89
0.000864098	1405.17
0.000870802	1553.71
0.000877507	1705.53
0.000884212	1855.45
0.000890916	2003.43
0.000897621	2145.86
0.000904326	2282.66
0.00091103	2411.63
0.000917735	2532.67
0.00092444	2644.82
0.000931144	2748.01
0.000937849	2842.36
0.000944553	2927.84
0.000951258	3005.26
0.000957963	3074.59
0.000964667	3136.91
0.000971372	3192.21
0.000978077	3241.58
0.000984781	3285.09
0.000991486	3323.41
0.000998191	3356.69
0.0010049	3384.62
0.0010116	3407.71
0.0010183	3420.97
0.00102501	3427.18
0.00103171	3427.05
0.00103842	3411.15
0.00104512	3380.09
0.00105183	3334.47
0.00105853	3273.32
0.00106524	3195.98
0.00107194	3106.42
0.00107865	3004.55
0.00108535	2895.76
0.00109206	2780.69
0.00109876	2662.59
0.00110546	2542.21
0.00111217	2420.11
0.00111887	2296.4
0.00112558	2171.84
0.00113228	2046.04
0.00113899	1922.49
0.00114569	1801.24
0.0011524	1687.06
0.0011591	1581.01
0.00116581	1484.96
0.00117251	1400.26
0.00117922	1323.82
0.00118592	1255.97
0.00119263	1191.15
0.00119933	1128.3
0.00120603	1063.66
0.00121274	995.703
0.00121944	924.384
0.00122615	848.864
0.00123285	771.594
0.00123956	692.746
0.00124626	615.114
0.00125297	539.449
0.00125967	467.621
0.00126638	400.406
0.00127308	338.579
0.00127979	282.633
0.00128649	232.628
0.00129319	188.756
0.0012999	150.779
0.0013066	118.732
0.00131331	92.185
0.00132001	71.1253
0.00132672	54.7932
0.00133342	43.0729
0.00134013	34.8452
0.00134683	29.7699
0.00135354	26.663
0.00136024	24.9645
0.00136695	23.8601
0.00137365	22.7672
0.00138035	21.4627
0.00138706	19.5896
0.00139376	17.3652
0.00140047	14.7529
0.00140717	12.0604
0.00141388	9.45189
0.00142058	7.07618
0.00142729	5.09868
0.00143399	3.48977
0.0014407	2.30474
0.0014474	1.44449
0.00145411	0.869835
0.00146081	0.501706
0.00146752	0.271325
0.00147422	0.146381
0.00148092	0.0707376
0.00148763	0.0358689
0.00149433	0.0144919
0.00150104	0.00736624
