0.000500379	4.8301e-181
0.000509598	9.64175e-175
0.000518817	3.8567e-174
0.000528036	5.59792e-168
0.000537255	2.26208e-167
0.000546474	2.38705e-161
0.000555693	9.74609e-161
0.000564912	7.47583e-155
0.000574131	3.0845e-154
0.00058335	1.71956e-148
0.000592569	7.17087e-148
0.000601788	2.9049e-142
0.000611007	1.22459e-141
0.000620226	3.60415e-136
0.000629445	1.53617e-135
0.000638664	3.28419e-130
0.000647883	1.41552e-129
0.000657101	2.19789e-124
0.00066632	9.58136e-124
0.000675539	1.08027e-118
0.000684758	4.76395e-118
0.000693977	3.89949e-113
0.000703196	1.73995e-112
0.000712415	1.03378e-107
0.000721634	4.66807e-107
0.000730853	2.01275e-102
0.000740072	9.19954e-102
0.000749291	2.87803e-97
0.00075851	1.33176e-96
0.000767729	3.0223e-92
0.000776948	1.41616e-91
0.000786167	2.33087e-87
0.000795386	1.10619e-86
0.000804605	1.32018e-82
0.000813823	6.34706e-82
0.000823042	5.49137e-78
0.000832261	2.67513e-77
0.00084148	1.6775e-73
0.000850699	8.28222e-73
0.000859918	3.76336e-69
0.000869137	1.88354e-68
0.000878356	6.20046e-65
0.000887575	3.14653e-64
0.000896794	7.50254e-61
0.000906013	3.86115e-60
0.000915232	6.66705e-57
0.000924451	3.4804e-56
0.00093367	4.3512e-53
0.000942889	2.30446e-52
0.000952108	2.08568e-49
0.000961327	1.12083e-48
0.000970545	7.34292e-46
0.000979764	4.00441e-45
0.000988983	1.8989e-42
0.000998202	1.05092e-41
0.00100742	3.60736e-39
0.00101664	2.02596e-38
0.00102586	5.03492e-36
0.00103508	2.86899e-35
0.0010443	5.16416e-33
0.00105352	2.98448e-32
0.00106273	3.89343e-30
0.00107195	2.28063e-29
0.00108117	2.15857e-27
0.00109039	1.28025e-26
0.00109961	8.80522e-25
0.00110883	5.27966e-24
0.00111805	2.64479e-22
0.00112727	1.59957e-21
0.00113649	5.85563e-20
0.00114571	3.56053e-19
0.00115492	9.56981e-18
0.00116414	5.82341e-17
0.00117336	1.15662e-15
0.00118258	6.99912e-15
0.0011918	1.03628e-13
0.00120102	6.1828e-13
0.00121024	6.90305e-12
0.00121946	4.0152e-11
0.00122868	3.43077e-10
0.00123789	1.91758e-09
0.00124711	1.27692e-08
0.00125633	6.73786e-08
0.00126555	3.57239e-07
0.00127477	1.74298e-06
0.00128399	7.53556e-06
0.00129321	3.32233e-05
0.00130243	0.000120075
0.00131165	0.0004672
0.00132087	0.00144574
0.00133008	0.00485511
0.0013393	0.0131353
0.00134852	0.0373729
0.00135774	0.0898227
0.00136696	0.213838
0.00137618	0.467598
0.0013854	0.932583
0.00139462	1.82315
0.00140384	3.13858
0.00141305	5.14323
0.00142227	7.83493
0.00143149	11.2567
0.00144071	15.4068
0.00144993	20.4175
0.00145915	26.2718
0.00146837	33.9582
0.00147759	43.4572
0.00148681	56.2743
0.00149603	72.4437
0.00150524	92.3716
0.00151446	116.127
0.00152368	142.655
0.0015329	171.974
0.00154212	202.871
0.00155134	235.326
0.00156056	268.455
0.00156978	302.223
0.001579	336.045
0.00158821	369.742
0.00159743	404.687
0.00160665	440.509
0.00161587	482.598
0.00162509	530.697
0.00163431	593.342
0.00164353	670.886
0.00165275	770.005
0.00166197	891.881
0.00167118	1034.67
0.0016804	1199.71
0.00168962	1374.7
0.00169884	1559.72
0.00170806	1739.62
0.00171728	1912.55
0.0017265	2072.53
0.00173572	2217.17
0.00174494	2353.7
0.00175416	2481.62
0.00176337	2611.99
0.00177259	2747.04
0.00178181	2887.43
0.00179103	3036
0.00180025	3178.25
0.00180947	3314.36
0.00181869	3425.9
0.00182791	3515.68
0.00183713	3541.67
0.00184634	3535.66
0.00185556	3518.74
0.00186478	3443.57
0.001874	3338.77
0.00188322	3215.16
0.00189244	3078.03
0.00190166	2929.88
0.00191088	2775.81
0.0019201	2617.45
0.00192932	2457.36
0.00193853	2296.05
0.00194775	2136.82
0.00195697	1980.04
0.00196619	1830.13
0.00197541	1688.61
0.00198463	1556.8
0.00199385	1436.71
0.00200307	1323.37
0.00201229	1216.31
0.0020215	1110.07
0.00203072	1001.5
0.00203994	892.839
0.00204916	782.733
0.00205838	678.121
0.0020676	581.446
0.00207682	495.528
0.00208604	423.004
0.00209526	361.476
0.00210448	311.051
0.00211369	268.7
0.00212291	233.183
0.00213213	202.82
0.00214135	176.559
0.00215057	153.515
0.00215979	132.982
0.00216901	114.586
0.00217823	97.9079
0.00218745	82.9337
0.00219666	69.5544
0.00220588	57.7332
0.0022151	47.4373
0.00222432	38.591
0.00223354	31.0991
0.00224276	25.0585
0.00225198	20.3744
0.0022612	17.5027
0.00227042	16.1982
0.00227964	15.7818
0.00228885	16.4272
0.00229807	17.0264
0.00230729	16.9338
0.00231651	16.6632
0.00232573	15.3115
0.00233495	12.7236
