3.33898e-05	246.404
3.52334e-05	245.743
3.70771e-05	244.754
3.89207e-05	243.37
4.07644e-05	241.787
4.2608e-05	240.156
4.44517e-05	238.578
4.62953e-05	237.188
4.8139e-05	236.083
4.99827e-05	235.443
5.18263e-05	235.213
5.367e-05	235.616
5.55136e-05	236.911
5.73573e-05	239.077
5.92009e-05	242.349
6.10446e-05	246.893
6.28882e-05	252.85
6.47319e-05	260.452
6.65755e-05	269.797
6.84192e-05	281.11
7.02628e-05	294.449
7.21065e-05	309.993
7.39502e-05	327.769
7.57938e-05	347.892
7.76375e-05	370.378
7.94811e-05	395.294
8.13248e-05	422.676
8.31684e-05	452.586
8.50121e-05	485.096
8.68557e-05	520.323
8.86994e-05	558.368
9.0543e-05	599.44
9.23867e-05	643.636
9.42303e-05	691.24
9.6074e-05	742.305
9.79177e-05	797.109
9.97613e-05	855.624
0.000101605	917.997
0.000103449	984.104
0.000105292	1053.84
0.000107136	1126.99
0.00010898	1203.13
0.000110823	1282
0.000112667	1362.84
0.000114511	1445.4
0.000116354	1528.69
0.000118198	1612.51
0.000120042	1695.79
0.000121885	1778.42
0.000123729	1859.44
0.000125572	1938.84
0.000127416	2015.93
0.00012926	2090.78
0.000131103	2163.13
0.000132947	2233.1
0.000134791	2300.86
0.000136634	2366.56
0.000138478	2430.76
0.000140322	2493.6
0.000142165	2555.88
0.000144009	2617.7
0.000145853	2679.94
0.000147696	2742.63
0.00014954	2806.55
0.000151384	2871.72
0.000153227	2938.72
0.000155071	3007.55
0.000156915	3078.64
0.000158758	3151.98
0.000160602	3227.9
0.000162446	3306.42
0.000164289	3387.85
0.000166133	3472.16
0.000167977	3559.6
0.00016982	3650.11
0.000171664	3743.66
0.000173507	3840.15
0.000175351	3938.95
0.000177195	4039.92
0.000179038	4141.58
0.000180882	4243.8
0.000182726	4344.13
0.000184569	4442.47
0.000186413	4535.64
0.000188257	4623.6
0.0001901	4702.93
0.000191944	4773.67
0.000193788	4832.85
0.000195631	4880.55
0.000197475	4915.83
0.000199319	4938.27
0.000201162	4940.41
0.000203006	4934.99
0.00020485	4921.39
0.000206693	4889.55
0.000208537	4848.87
0.000210381	4799.13
0.000212224	4742.97
0.000214068	4680.4
0.000215912	4614.68
0.000217755	4545.81
0.000219599	4476.49
0.000221442	4406.72
0.000223286	4338.21
0.00022513	4270.96
0.000226973	4205.51
0.000228817	4141.9
0.000230661	4079.58
0.000232504	4018.59
0.000234348	3957.59
0.000236192	3896.61
0.000238035	3833.94
0.000239879	3769.59
0.000241723	3701.87
0.000243566	3630.77
0.00024541	3554.96
0.000247254	3474.41
0.000249097	3388.38
0.000250941	3296.81
0.000252785	3199.63
0.000254628	3096.77
0.000256472	2988.83
0.000258316	2875.75
0.000260159	2758.69
0.000262003	2637.62
0.000263847	2514.13
0.00026569	2388.23
0.000267534	2261.73
0.000269377	2134.69
0.000271221	2008.94
0.000273065	1884.56
0.000274908	1763.19
0.000276752	1644.95
0.000278596	1531.1
0.000280439	1421.78
0.000282283	1317.82
0.000284127	1219.35
0.00028597	1126.8
0.000287814	1040.26
0.000289658	959.82
0.000291501	885.54
0.000293345	817.236
0.000295189	754.941
0.000297032	698.252
0.000298876	647.173
0.00030072	601.111
0.000302563	560.043
0.000304407	523.213
0.000306251	490.563
0.000308094	461.233
0.000309938	435.122
0.000311782	411.356
0.000313625	389.796
0.000315469	369.665
0.000317312	350.796
0.000319156	332.605
0.000321	314.927
0.000322843	297.424
0.000324687	279.961
0.000326531	262.444
0.000328374	244.789
0.000330218	227.098
0.000332062	209.346
0.000333905	191.75
0.000335749	174.34
0.000337593	157.367
0.000339436	140.896
0.00034128	125.147
0.000343124	110.201
0.000344967	96.2034
0.000346811	83.2285
0.000348655	71.3342
0.000350498	60.5733
0.000352342	50.9226
0.000354186	42.404
0.000356029	34.934
0.000357873	28.5025
0.000359717	22.9916
0.00036156	18.3645
0.000363404	14.4936
0.000365247	11.3241
0.000367091	8.73803
0.000368935	6.67288
0.000370778	5.03137
0.000372622	3.75245
0.000374466	2.76349
0.000376309	2.01129
0.000378153	1.44629
0.000379997	1.02639
0.00038184	0.720557
0.000383684	0.498199
0.000385528	0.341466
0.000387371	0.229814
0.000389215	0.153815
0.000391059	0.100671
0.000392902	0.0658219
0.000394746	0.0418499
0.00039659	0.0267461
0.000398433	0.0156838
0.000400277	0.0103159
