0.000166815	4.39007e-24
0.000172682	8.59701e-23
0.000178548	3.3071e-22
0.000184415	5.51284e-21
0.000190282	2.09234e-20
0.000196148	2.93803e-19
0.000202015	1.11181e-18
0.000207881	1.31843e-17
0.000213748	4.96195e-17
0.000219614	4.98416e-16
0.000225481	1.85999e-15
0.000231347	1.58822e-14
0.000237214	5.85623e-14
0.00024308	4.2686e-13
0.000248947	1.54881e-12
0.000254813	9.68307e-12
0.00026068	3.44088e-11
0.000266547	1.85527e-10
0.000272413	6.42195e-10
0.00027828	3.00461e-09
0.000284146	1.007e-08
0.000290013	4.11598e-08
0.000295879	1.32681e-07
0.000301746	4.77262e-07
0.000307612	1.46915e-06
0.000313479	4.68701e-06
0.000319345	1.36739e-05
0.000325212	3.90028e-05
0.000331078	0.000107003
0.000336945	0.000275101
0.000342812	0.000704268
0.000348678	0.00164497
0.000354545	0.00390057
0.000360411	0.00833892
0.000366278	0.018192
0.000372144	0.035838
0.000378011	0.0715254
0.000383877	0.134571
0.000389744	0.240625
0.00039561	0.418268
0.000401477	0.684253
0.000407343	1.09049
0.00041321	1.64711
0.000419077	2.41267
0.000424943	3.38126
0.00043081	4.58084
0.000436676	5.99265
0.000442543	7.58699
0.000448409	9.35203
0.000454276	11.2281
0.000460142	13.2285
0.000466009	15.338
0.000471875	17.5944
0.000477742	20.0825
0.000483608	22.8568
0.000489475	26.1176
0.000495342	29.9425
0.000501208	34.6878
0.000507075	40.4597
0.000512941	47.8555
0.000518808	56.9739
0.000524674	68.6323
0.000530541	82.8427
0.000536407	100.324
0.000542274	120.942
0.00054814	144.751
0.000554007	171.517
0.000559873	200.234
0.00056574	230.726
0.000571606	261.26
0.000577473	291.878
0.00058334	321.289
0.000589206	349.766
0.000595073	377.747
0.000600939	405.548
0.000606806	435.561
0.000612672	467.909
0.000618539	505.583
0.000624405	548.442
0.000630272	598.08
0.000636138	654.256
0.000642005	716.318
0.000647871	784.145
0.000653738	855.947
0.000659605	931.777
0.000665471	1010.53
0.000671338	1092.31
0.000677204	1177.26
0.000683071	1265.41
0.000688937	1357.12
0.000694804	1452.35
0.00070067	1550.57
0.000706537	1651.75
0.000712403	1754.5
0.00071827	1858.85
0.000724136	1963.31
0.000730003	2067.9
0.00073587	2171.37
0.000741736	2273.74
0.000747603	2373.87
0.000753469	2471.78
0.000759336	2566.43
0.000765202	2657.84
0.000771069	2745.28
0.000776935	2828.75
0.000782802	2907.63
0.000788668	2981.94
0.000794535	3050.54
0.000800401	3113.48
0.000806268	3168.78
0.000812135	3216.46
0.000818001	3254.79
0.000823868	3284.04
0.000829734	3298.22
0.000835601	3304.37
0.000841467	3303.56
0.000847334	3288.52
0.0008532	3264.73
0.000859067	3232.61
0.000864933	3193.49
0.0008708	3147.33
0.000876666	3096.59
0.000882533	3041.22
0.0008884	2984.71
0.000894266	2927.16
0.000900133	2871.91
0.000905999	2819.39
0.000911866	2770.11
0.000917732	2724.63
0.000923599	2679.37
0.000929465	2634.51
0.000935332	2584.68
0.000941198	2529.39
0.000947065	2465.42
0.000952931	2392.02
0.000958798	2309.88
0.000964665	2218.57
0.000970531	2121.14
0.000976398	2017.71
0.000982264	1911.31
0.000988131	1802.26
0.000993997	1692.8
0.000999864	1583.19
0.00100573	1475.43
0.0010116	1369.74
0.00101746	1267.98
0.00102333	1170.53
0.0010292	1078.33
0.00103506	991.789
0.00104093	910.568
0.0010468	834.815
0.00105266	763.585
0.00105853	696.705
0.0010644	633.632
0.00107026	574.112
0.00107613	518.325
0.001082	466.183
0.00108786	418.187
0.00109373	374.446
0.00109959	335.239
0.00110546	300.761
0.00111133	270.742
0.00111719	245.32
0.00112306	223.594
0.00112893	205.508
0.00113479	189.78
0.00114066	176.084
0.00114653	163.334
0.00115239	151.049
0.00115826	138.817
0.00116413	126.269
0.00116999	113.636
0.00117586	100.836
0.00118173	88.3365
0.00118759	76.2771
0.00119346	65.0164
0.00119933	54.746
0.00120519	45.6312
0.00121106	37.8123
0.00121693	31.3047
0.00122279	26.1891
0.00122866	22.3378
0.00123453	19.6528
0.00124039	18.2539
0.00124626	17.6753
0.00125212	17.5023
0.00125799	17.7772
0.00126386	18.0044
0.00126972	17.9204
0.00127559	17.6853
0.00128146	16.8453
0.00128732	15.4436
0.00129319	13.6732
0.00129906	11.6767
0.00130492	9.58681
0.00131079	7.55048
0.00131666	5.73332
0.00132252	4.1565
0.00132839	2.90287
0.00133426	1.94405
