3.33898e-05	0.185326
3.52334e-05	0.279114
3.70771e-05	0.454619
3.89207e-05	0.692344
4.07644e-05	1.04922
4.2608e-05	1.5539
4.44517e-05	2.27959
4.62953e-05	3.28178
4.8139e-05	4.66616
4.99827e-05	6.52885
5.18263e-05	9.00721
5.367e-05	12.2502
5.55136e-05	16.4161
5.73573e-05	21.7103
5.92009e-05	28.291
6.10446e-05	36.4071
6.28882e-05	46.1889
6.47319e-05	57.896
6.65755e-05	71.6063
6.84192e-05	87.5418
7.02628e-05	105.717
7.21065e-05	126.269
7.39502e-05	149.159
7.57938e-05	174.412
7.76375e-05	201.967
7.94811e-05	231.75
8.13248e-05	263.709
8.31684e-05	297.723
8.50121e-05	333.774
8.68557e-05	371.761
8.86994e-05	411.704
9.0543e-05	453.573
9.23867e-05	497.416
9.42303e-05	543.287
9.6074e-05	591.241
9.79177e-05	641.399
9.97613e-05	693.812
0.000101605	748.637
0.000103449	805.922
0.000105292	865.843
0.000107136	928.45
0.00010898	993.943
0.000110823	1062.37
0.000112667	1133.97
0.000114511	1208.76
0.000116354	1287
0.000118198	1368.69
0.000120042	1454.03
0.000121885	1542.99
0.000123729	1635.68
0.000125572	1732.07
0.000127416	1832.13
0.00012926	1935.87
0.000131103	2043.21
0.000132947	2154.2
0.000134791	2268.84
0.000136634	2387.22
0.000138478	2509.56
0.000140322	2635.96
0.000142165	2766.92
0.000144009	2902.51
0.000145853	3043.42
0.000147696	3189.7
0.00014954	3341.98
0.000151384	3500.24
0.000153227	3664.8
0.000155071	3835.54
0.000156915	4012.19
0.000158758	4194.58
0.000160602	4381.73
0.000162446	4573.47
0.000164289	4768.24
0.000166133	4965.96
0.000167977	5164.83
0.00016982	5364.83
0.000171664	5564.39
0.000173507	5763.53
0.000175351	5961.07
0.000177195	6157.05
0.000179038	6350.57
0.000180882	6541.63
0.000182726	6729.21
0.000184569	6913.24
0.000186413	7092.09
0.000188257	7265.67
0.0001901	7431.49
0.000191944	7589.47
0.000193788	7736.45
0.000195631	7872.44
0.000197475	7994.24
0.000199319	8101.91
0.000201162	8193.01
0.000203006	8267.62
0.00020485	8325.84
0.000206693	8367.31
0.000208537	8382.39
0.000210381	8388.17
0.000212224	8384.34
0.000214068	8356.34
0.000215912	8315.35
0.000217755	8261.26
0.000219599	8194.51
0.000221442	8115.1
0.000223286	8023.71
0.00022513	7920.34
0.000226973	7805.25
0.000228817	7678.42
0.000230661	7540.3
0.000232504	7390.83
0.000234348	7231.34
0.000236192	7061.76
0.000238035	6884.74
0.000239879	6700.2
0.000241723	6512.13
0.000243566	6320.47
0.00024541	6129.99
0.000247254	5940.7
0.000249097	5757.14
0.000250941	5579.47
0.000252785	5410.91
0.000254628	5251.71
0.000256472	5102.93
0.000258316	4964.85
0.000260159	4835.95
0.000262003	4716.47
0.000263847	4602.6
0.00026569	4494.44
0.000267534	4386.82
0.000269377	4279.6
0.000271221	4167.66
0.000273065	4050.61
0.000274908	3924.79
0.000276752	3789.66
0.000278596	3644.03
0.000280439	3487.38
0.000282283	3321.31
0.000284127	3145.49
0.00028597	2963.79
0.000287814	2776.22
0.000289658	2587.82
0.000291501	2398.94
0.000293345	2214.47
0.000295189	2035.05
0.000297032	1864.34
0.000298876	1703.07
0.00030072	1553.18
0.000302563	1415.27
0.000304407	1289.59
0.000306251	1176.5
0.000308094	1074.94
0.000309938	985.013
0.000311782	904.931
0.000313625	834.542
0.000315469	771.87
0.000317312	716.594
0.000319156	666.92
0.000321	622.453
0.000322843	581.791
0.000324687	544.542
0.000326531	509.767
0.000328374	477.139
0.000330218	446.152
0.000332062	416.572
0.000333905	388.236
0.000335749	361.013
0.000337593	334.958
0.000339436	310.033
0.00034128	286.386
0.000343124	264.043
0.000344967	243.144
0.000346811	223.747
0.000348655	205.915
0.000350498	189.704
0.000352342	175.075
0.000354186	162.056
0.000356029	150.514
0.000357873	140.434
0.000359717	131.616
0.00036156	124.002
0.000363404	117.359
0.000365247	111.595
0.000367091	106.475
0.000368935	101.882
0.000370778	97.6118
0.000372622	93.5377
0.000374466	89.5088
0.000376309	85.4066
0.000378153	81.1551
0.000379997	76.663
0.00038184	71.9362
0.000383684	66.9297
0.000385528	61.7184
0.000387371	56.3142
0.000389215	50.8299
0.000391059	45.3288
0.000392902	39.9226
0.000394746	34.7048
0.00039659	29.754
0.000398433	25.1873
0.000400277	20.9646
