0.000500379	1.41411e-266
0.000510437	1.1183e-257
0.000520494	4.4732e-257
0.000530551	2.35492e-248
0.000540608	9.51606e-248
0.000550665	3.33449e-239
0.000560722	1.36144e-238
0.000570779	3.17477e-230
0.000580836	1.3099e-229
0.000590893	2.03248e-221
0.00060095	8.47583e-221
0.000611007	8.74918e-213
0.000621064	3.6883e-212
0.000631121	2.53241e-204
0.000641178	1.07937e-203
0.000651235	4.92862e-196
0.000661292	2.1243e-195
0.000671349	6.44968e-188
0.000681406	2.81166e-187
0.000691463	5.67505e-180
0.00070152	2.5027e-179
0.000711577	3.35752e-172
0.000721634	1.49814e-171
0.000731691	1.33561e-164
0.000741748	6.03113e-164
0.000751806	3.57236e-157
0.000761863	1.63284e-156
0.00077192	6.42451e-150
0.000781977	2.97294e-149
0.000792034	7.76838e-143
0.000802091	3.64023e-142
0.000812148	6.31576e-136
0.000822205	2.99757e-135
0.000832262	3.4524e-129
0.000842319	1.66e-128
0.000852376	1.26886e-122
0.000862433	6.18221e-122
0.00087249	3.13548e-116
0.000882547	1.54838e-115
0.000892604	5.20937e-110
0.000902661	2.60801e-109
0.000912718	5.81908e-104
0.000922775	2.95418e-103
0.000932832	4.37028e-98
0.000942889	2.25042e-97
0.000952946	2.20672e-92
0.000963003	1.15288e-91
0.00097306	7.49139e-87
0.000983117	3.97193e-86
0.000993175	1.70983e-81
0.00100323	9.2027e-81
0.00101329	2.62372e-76
0.00102335	1.43392e-75
0.0010334	2.70677e-71
0.00104346	1.50255e-70
0.00105352	1.87738e-66
0.00106357	1.05883e-65
0.00107363	8.75428e-62
0.00108369	5.01791e-61
0.00109374	2.74445e-57
0.0011038	1.59923e-56
0.00111386	5.78445e-53
0.00112392	3.42765e-52
0.00113397	8.19686e-49
0.00114403	4.94056e-48
0.00115409	7.80954e-45
0.00116414	4.78908e-44
0.0011742	5.00289e-41
0.00118426	3.12195e-40
0.00119432	2.15515e-37
0.00120437	1.36868e-36
0.00121443	6.24392e-34
0.00122449	4.03535e-33
0.00123454	1.21694e-30
0.0012446	8.00153e-30
0.00125466	1.59615e-27
0.00126471	1.06706e-26
0.00127477	1.4097e-24
0.00128483	9.57071e-24
0.00129489	8.39101e-22
0.00130494	5.77391e-21
0.001315	3.37075e-19
0.00132506	2.3432e-18
0.00133511	9.15679e-17
0.00134517	6.39787e-16
0.00135523	1.68712e-14
0.00136529	1.1756e-13
0.00137534	2.11718e-12
0.0013854	1.45431e-11
0.00139546	1.81983e-10
0.00140551	1.21203e-09
0.00141557	1.07911e-08
0.00142563	6.81201e-08
0.00143568	4.45028e-07
0.00144574	2.58616e-06
0.0014558	1.28666e-05
0.00146586	6.64945e-05
0.00147591	0.000262437
0.00148597	0.00116269
0.00149603	0.00378916
0.00150608	0.0139161
0.00151614	0.0387569
0.0015262	0.115164
0.00153625	0.280929
0.00154631	0.669017
0.00155637	1.47988
0.00156643	2.89309
0.00157648	5.46458
0.00158654	9.19412
0.0015966	14.5576
0.00160665	21.587
0.00161671	30.0265
0.00162677	39.8911
0.00163683	50.627
0.00164688	62.1469
0.00165694	75.2186
0.001667	89.7126
0.00167705	108.208
0.00168711	130.803
0.00169717	158.999
0.00170722	193.04
0.00171728	231.832
0.00172734	275.234
0.0017374	323.57
0.00174745	376.4
0.00175751	438.199
0.00176757	508.944
0.00177762	593.966
0.00178768	694.046
0.00179774	809.414
0.00180779	941.207
0.00181785	1081.48
0.00182791	1230.21
0.00183797	1378.06
0.00184802	1523.32
0.00185808	1665.71
0.00186814	1804.06
0.00187819	1944.47
0.00188825	2087.69
0.00189831	2236.38
0.00190837	2392.12
0.00191842	2549.96
0.00192848	2711.57
0.00193854	2861.45
0.00194859	2998.82
0.00195865	3107.43
0.00196871	3188.47
0.00197876	3211.59
0.00198882	3210.39
0.00199888	3205.97
0.00200894	3173.58
0.00201899	3135.42
0.00202905	3102.6
0.00203911	3062.34
0.00204916	3016.02
0.00205922	2945.31
0.00206928	2844.26
0.00207933	2711.11
0.00208939	2540.07
0.00209945	2349.34
0.00210951	2139.8
0.00211956	1934.4
0.00212962	1740.22
0.00213968	1568.39
0.00214973	1426.91
0.00215979	1308.35
0.00216985	1214.77
0.00217991	1130.55
0.00218996	1050.58
0.00220002	967.23
0.00221008	874.338
0.00222013	776.85
0.00223019	673.692
0.00224025	573.577
0.0022503	480.071
0.00226036	396.677
0.00227042	326.666
0.00228048	268.445
0.00229053	222.86
0.00230059	186.317
0.00231065	157.764
0.0023207	133.772
0.00233076	112.029
0.00234082	91.8777
0.00235088	71.788
0.00236093	53.3735
0.00237099	37.1643
0.00238105	23.8423
0.0023911	14.3511
0.00240116	7.75049
0.00241122	3.78962
0.00242127	1.79383
0.00243133	0.728392
0.00244139	0.28943
0.00245145	0.103307
0.0024615	0.0320789
0.00247156	0.0103701
0.00248162	0.00242467
0.00249167	0.000699478
0.00250173	0.000124413
