0.000500379	2.79489e-185
0.000509598	2.82299e-179
0.000518817	1.12919e-178
0.000528036	8.56766e-173
0.000537255	3.46212e-172
0.000546474	1.97296e-166
0.000555693	8.05538e-166
0.000564912	3.44727e-160
0.000574131	1.42233e-159
0.00058335	4.57017e-154
0.000592569	1.90584e-153
0.000601788	4.59714e-148
0.000611007	1.93796e-147
0.000620226	3.50866e-142
0.000629445	1.49546e-141
0.000638664	2.03185e-136
0.000647883	8.75748e-136
0.000657101	8.92768e-131
0.00066632	3.89187e-130
0.000675539	2.97633e-125
0.000684758	1.31254e-124
0.000693977	7.52866e-120
0.000703196	3.35927e-119
0.000712415	1.44494e-114
0.000721634	6.52462e-114
0.000730853	2.10415e-109
0.000740072	9.61717e-109
0.000749291	2.32487e-104
0.00075851	1.07578e-103
0.000767729	1.94902e-99
0.000776948	9.13239e-99
0.000786167	1.23975e-94
0.000795386	5.8835e-94
0.000804605	5.98341e-90
0.000813823	2.87661e-89
0.000823042	2.19113e-85
0.000832261	1.06739e-84
0.00084148	6.0883e-81
0.000850699	3.00588e-80
0.000859918	1.28362e-76
0.000869137	6.42434e-76
0.000878356	2.05352e-72
0.000887575	1.04208e-71
0.000896794	2.49284e-68
0.000906013	1.28293e-67
0.000915232	2.29632e-64
0.000924451	1.19878e-63
0.00093367	1.60521e-60
0.000942889	8.50207e-60
0.000952108	8.51558e-57
0.000961327	4.57691e-56
0.000970545	3.42854e-53
0.000979764	1.87025e-52
0.000988983	1.04774e-49
0.000998202	5.80131e-49
0.00100742	2.43049e-46
0.00101664	1.36608e-45
0.00102586	4.2805e-43
0.00103508	2.44219e-42
0.0010443	5.72448e-40
0.00105352	3.31488e-39
0.00106273	5.8147e-37
0.00107195	3.41654e-36
0.00108117	4.48752e-34
0.00109039	2.67414e-33
0.00109961	2.63244e-31
0.00110883	1.58972e-30
0.00111805	1.17442e-28
0.00112727	7.17918e-28
0.00113649	3.98761e-26
0.00114571	2.46341e-25
0.00115492	1.03142e-23
0.00116414	6.42428e-23
0.00117336	2.03476e-21
0.00118258	1.27373e-20
0.0011918	3.06632e-19
0.00120102	1.92078e-18
0.00121024	3.5366e-17
0.00121946	2.20419e-16
0.00122868	3.12932e-15
0.00123789	1.92606e-14
0.00124711	2.13028e-13
0.00125633	1.28262e-12
0.00126555	1.11934e-11
0.00127477	6.51595e-11
0.00128399	4.55571e-10
0.00129321	2.52856e-09
0.00130243	1.44146e-08
0.00131165	7.50738e-08
0.00132087	3.55782e-07
0.00133008	1.70884e-06
0.0013393	6.87039e-06
0.00134852	2.98948e-05
0.00135774	0.000104032
0.00136696	0.000403176
0.00137618	0.00123704
0.0013854	0.00420713
0.00139462	0.011562
0.00140384	0.0341146
0.00141305	0.0849937
0.00142227	0.216031
0.00143149	0.491797
0.00144071	1.07438
0.00144993	2.27251
0.00145915	4.31846
0.00146837	8.23045
0.00147759	13.9899
0.00148681	23.059
0.00149603	35.4686
0.00150524	51.7244
0.00151446	71.9241
0.00152368	94.4933
0.0015329	119.491
0.00154212	144.336
0.00155134	168.884
0.00156056	192.691
0.00156978	215.473
0.001579	240.485
0.00158821	267.63
0.00159743	301.398
0.00160665	342.07
0.00161587	391.491
0.00162509	450.09
0.00163431	515.876
0.00164353	589.043
0.00165275	665.814
0.00166197	746.006
0.00167118	826.895
0.0016804	908.143
0.00168962	989.063
0.00169884	1069.52
0.00170806	1149.36
0.00171728	1228.61
0.0017265	1306.57
0.00173572	1383.01
0.00174494	1458.63
0.00175416	1533.03
0.00176337	1609.84
0.00177259	1689.33
0.00178181	1774.6
0.00179103	1867.02
0.00180025	1962.86
0.00180947	2063.49
0.00181869	2156.8
0.00182791	2242.07
0.00183713	2306.89
0.00184634	2349.62
0.00185556	2360.26
0.00186478	2346.27
0.001874	2316.51
0.00188322	2268.53
0.00189244	2218.24
0.00190166	2169.75
0.00191088	2126.12
0.0019201	2091.4
0.00192932	2054.66
0.00193853	2015.64
0.00194775	1960.78
0.00195697	1885.41
0.00196619	1787.45
0.00197541	1662.45
0.00198463	1522.43
0.00199385	1367.82
0.00200307	1214.35
0.00201229	1067.02
0.0020215	933.85
0.00203072	820.082
0.00203994	723.375
0.00204916	645.592
0.00205838	579.257
0.0020676	522.476
0.00207682	469.691
0.00208604	417.633
0.00209526	366.111
0.00210448	313.418
0.00211369	262.743
0.00212291	214.877
0.00213213	172.119
0.00214135	136.157
0.00215057	106.542
0.00215979	83.9288
0.00216901	66.5191
0.00217823	53.7147
0.00218745	44.1205
0.00219666	36.8375
0.00220588	31.1665
0.0022151	26.4545
0.00222432	22.412
0.00223354	18.6297
0.00224276	15.1478
0.00225198	11.8249
0.0022612	8.8388
0.00227042	6.28143
0.00227964	4.18722
0.00228885	2.65242
0.00229807	1.55634
0.00230729	0.856006
0.00231651	0.446793
0.00232573	0.185442
0.00233495	0.0983252
