0.000100103	6.19788e-17
0.000103622	4.55438e-16
0.000107142	1.63582e-15
0.000110662	1.09419e-14
0.000114182	3.7563e-14
0.000117702	2.22109e-13
0.000121222	7.50486e-13
0.000124742	3.937e-12
0.000128261	1.3047e-11
0.000131781	6.09654e-11
0.000135301	1.9738e-10
0.000138821	8.25118e-10
0.000142341	2.59876e-09
0.000145861	9.76477e-09
0.000149381	2.97827e-08
0.0001529	1.01091e-07
0.00015642	2.97148e-07
0.00015994	9.15907e-07
0.00016346	2.58161e-06
0.00016698	7.26522e-06
0.0001705	1.95365e-05
0.00017402	5.0473e-05
0.000177539	0.000128825
0.000181059	0.000307203
0.000184579	0.000740553
0.000188099	0.00163862
0.000191619	0.00371344
0.000195139	0.00766217
0.000198659	0.0162551
0.000202178	0.0314189
0.000205698	0.0621754
0.000209218	0.115128
0.000212738	0.209449
0.000216258	0.368178
0.000219778	0.61991
0.000223298	1.02072
0.000226817	1.6073
0.000230337	2.47668
0.000233857	3.66021
0.000237377	5.28178
0.000240897	7.34607
0.000244417	9.95029
0.000247937	13.0607
0.000251456	16.6736
0.000254976	20.7351
0.000258496	25.1123
0.000262016	29.7792
0.000265536	34.561
0.000269056	39.5039
0.000272576	44.5805
0.000276095	49.9008
0.000279615	55.7353
0.000283135	62.1863
0.000286655	69.7548
0.000290175	78.4526
0.000293695	88.7005
0.000297214	100.403
0.000300734	113.565
0.000304254	128.056
0.000307774	143.414
0.000311294	159.575
0.000314814	175.927
0.000318334	192.525
0.000321853	209.075
0.000325373	225.725
0.000328893	242.824
0.000332413	260.557
0.000335933	279.977
0.000339453	301.247
0.000342973	325.966
0.000346492	354.229
0.000350012	387.82
0.000353532	426.74
0.000357052	472.474
0.000360572	524.944
0.000364092	584.924
0.000367612	652.301
0.000371131	726.989
0.000374651	808.882
0.000378171	897.121
0.000381691	991.637
0.000385211	1091.09
0.000388731	1195.47
0.000392251	1303.6
0.00039577	1415.56
0.00039929	1531.19
0.00040281	1650.58
0.00040633	1774.88
0.00040985	1904.09
0.00041337	2039.44
0.00041689	2180.8
0.000420409	2327.24
0.000423929	2478.61
0.000427449	2630.71
0.000430969	2783.49
0.000434489	2931.16
0.000438009	3073.83
0.000441529	3207.88
0.000445048	3333.41
0.000448568	3451.76
0.000452088	3562.91
0.000455608	3672.29
0.000459128	3779.87
0.000462648	3891.21
0.000466168	4006.33
0.000469687	4127
0.000473207	4253.34
0.000476727	4382.2
0.000480247	4513.7
0.000483767	4641.62
0.000487287	4766.01
0.000490807	4880.19
0.000494326	4984.12
0.000497846	5072.28
0.000501366	5144.56
0.000504886	5197.71
0.000508406	5232.28
0.000511926	5237.7
0.000515446	5226.06
0.000518965	5199.62
0.000522485	5145.6
0.000526005	5074.75
0.000529525	4987.92
0.000533045	4890.08
0.000536565	4781.43
0.000540085	4666.93
0.000543604	4547.08
0.000547124	4423.65
0.000550644	4297.09
0.000554164	4166.24
0.000557684	4031.16
0.000561204	3890.32
0.000564724	3743.38
0.000568243	3591.1
0.000571763	3433.09
0.000575283	3272.77
0.000578803	3110.15
0.000582323	2949.36
0.000585843	2790.86
0.000589362	2637.35
0.000592882	2489.4
0.000596402	2347.69
0.000599922	2212.55
0.000603442	2083.67
0.000606962	1961.05
0.000610482	1844.56
0.000614001	1734.14
0.000617521	1629.92
0.000621041	1531.99
0.000624561	1440.04
0.000628081	1354.26
0.000631601	1273.27
0.000635121	1197.08
0.00063864	1123.52
0.00064216	1052.24
0.00064568	981.419
0.0006492	910.405
0.00065272	838.949
0.00065624	766.491
0.00065976	694.574
0.000663279	623.172
0.000666799	554.613
0.000670319	489.478
0.000673839	429.398
0.000677359	375.16
0.000680879	326.918
0.000684399	285.131
0.000687918	248.875
0.000691438	218.075
0.000694958	191.664
0.000698478	169.273
0.000701998	150.202
0.000705518	134.134
0.000709038	120.575
0.000712557	109.347
0.000716077	99.8504
0.000719597	91.8854
0.000723117	84.7849
0.000726637	78.2196
0.000730157	71.7737
0.000733677	65.0977
0.000737196	58.2216
0.000740716	50.9779
0.000744236	43.7027
0.000747756	36.4824
0.000751276	29.6488
0.000754796	23.4243
0.000758316	17.9319
0.000761835	13.3503
0.000765355	9.5971
0.000768875	6.71192
0.000772395	4.52717
0.000775915	2.9648
0.000779435	1.87826
0.000782955	1.14712
0.000786474	0.684528
0.000789994	0.387647
0.000793514	0.21898
0.000797034	0.101454
0.000800554	0.0614625
