3.33898e-05	39.4619
3.52334e-05	37.1765
3.70771e-05	36.4045
3.89207e-05	37.2192
4.07644e-05	39.6971
4.2608e-05	44.1115
4.44517e-05	50.6234
4.62953e-05	59.1734
4.8139e-05	69.6524
4.99827e-05	82.0355
5.18263e-05	95.9693
5.367e-05	111.185
5.55136e-05	127.199
5.73573e-05	143.463
5.92009e-05	159.474
6.10446e-05	174.47
6.28882e-05	188.079
6.47319e-05	199.499
6.65755e-05	208.621
6.84192e-05	215.3
7.02628e-05	218.585
7.21065e-05	218.336
7.39502e-05	217.36
7.57938e-05	214.218
7.76375e-05	208.929
7.94811e-05	203.485
8.13248e-05	198.092
8.31684e-05	193.819
8.50121e-05	191.288
8.68557e-05	191.993
8.86994e-05	194.776
9.0543e-05	200.955
9.23867e-05	212.051
9.42303e-05	227.082
9.6074e-05	246.418
9.79177e-05	270.311
9.97613e-05	298.752
0.000101605	331.828
0.000103449	369.593
0.000105292	412.156
0.000107136	459.655
0.00010898	512.378
0.000110823	570.55
0.000112667	634.763
0.000114511	705.318
0.000116354	783.204
0.000118198	868.754
0.000120042	963.359
0.000121885	1067.3
0.000123729	1182.19
0.000125572	1308.14
0.000127416	1446.58
0.00012926	1597.32
0.000131103	1760.95
0.000132947	1936.96
0.000134791	2124.4
0.000136634	2322.57
0.000138478	2528.62
0.000140322	2741.8
0.000142165	2957.61
0.000144009	3175.53
0.000145853	3390.34
0.000147696	3601.92
0.00014954	3805.78
0.000151384	4002.23
0.000153227	4188.98
0.000155071	4366.64
0.000156915	4536.02
0.000158758	4697.78
0.000160602	4855.76
0.000162446	5010.44
0.000164289	5167.53
0.000166133	5327.2
0.000167977	5495.13
0.00016982	5671.14
0.000171664	5858.89
0.000173507	6057.9
0.000175351	6268.19
0.000177195	6489.17
0.000179038	6716.51
0.000180882	6949.69
0.000182726	7180.49
0.000184569	7408.6
0.000186413	7623.57
0.000188257	7825.36
0.0001901	8003.73
0.000191944	8158.92
0.000193788	8283.64
0.000195631	8378.28
0.000197475	8441.29
0.000199319	8472.72
0.000201162	8472.47
0.000203006	8448.36
0.00020485	8404.53
0.000206693	8341.22
0.000208537	8269.65
0.000210381	8189.72
0.000212224	8110.84
0.000214068	8032.89
0.000215912	7961.07
0.000217755	7895.33
0.000219599	7835.56
0.000221442	7781.79
0.000223286	7729.57
0.00022513	7678.96
0.000226973	7623.53
0.000228817	7563.3
0.000230661	7492.46
0.000232504	7410.95
0.000234348	7315.32
0.000236192	7205.44
0.000238035	7080.67
0.000239879	6940.87
0.000241723	6787.7
0.000243566	6621.06
0.00024541	6444.07
0.000247254	6256.66
0.000249097	6062.74
0.000250941	5862.3
0.000252785	5659.57
0.000254628	5454.59
0.000256472	5251.4
0.000258316	5050.15
0.000260159	4854
0.000262003	4663.2
0.000263847	4479.29
0.00026569	4302.57
0.000267534	4132.65
0.000269377	3969.73
0.000271221	3811.84
0.000273065	3659.01
0.000274908	3508.68
0.000276752	3360.66
0.000278596	3213.05
0.000280439	3065.52
0.000282283	2917.65
0.000284127	2769.12
0.00028597	2621.05
0.000287814	2473.34
0.000289658	2328.03
0.000291501	2185.23
0.000293345	2047.06
0.000295189	1913.79
0.000297032	1786.85
0.000298876	1666.56
0.00030072	1553.39
0.000302563	1447.57
0.000304407	1348.74
0.000306251	1256.96
0.000308094	1171.41
0.000309938	1092.01
0.000311782	1017.85
0.000313625	948.744
0.000315469	883.967
0.000317312	823.33
0.000319156	766.379
0.000321	712.967
0.000322843	662.877
0.000324687	616.029
0.000326531	572.288
0.000328374	531.635
0.000330218	493.849
0.000332062	458.928
0.000333905	426.476
0.000335749	396.449
0.000337593	368.323
0.000339436	341.975
0.00034128	316.899
0.000343124	292.909
0.000344967	269.679
0.000346811	247.022
0.000348655	224.88
0.000350498	203.135
0.000352342	181.964
0.000354186	161.359
0.000356029	141.615
0.000357873	122.822
0.000359717	105.242
0.00036156	89.0176
0.000363404	74.2758
0.000365247	61.1408
0.000367091	49.583
0.000368935	39.6586
0.000370778	31.2173
0.000372622	24.2326
0.000374466	18.4986
0.000376309	13.9224
0.000378153	10.3017
0.000379997	7.51031
0.00038184	5.38548
0.000383684	3.79962
0.000385528	2.64063
0.000387371	1.80113
0.000389215	1.21355
0.000391059	0.799294
0.000392902	0.522428
0.000394746	0.331806
0.00039659	0.210574
0.000398433	0.122291
0.000400277	0.0794364
