0.000166815	1.67847e-37
0.00017352	9.54922e-36
0.000180225	3.76934e-35
0.000186929	1.79967e-33
0.000193634	7.11768e-33
0.000200339	2.84134e-31
0.000207043	1.13015e-30
0.000213748	3.77524e-29
0.000220453	1.50891e-28
0.000227157	4.22226e-27
0.000233862	1.69402e-26
0.000240566	3.97589e-25
0.000247271	1.59924e-24
0.000253976	3.15313e-23
0.00026068	1.26954e-22
0.000267385	2.10677e-21
0.00027409	8.47485e-21
0.000280794	1.18642e-19
0.000287499	4.75747e-19
0.000294204	5.6339e-18
0.000300908	2.2459e-17
0.000307613	2.25715e-16
0.000314317	8.91646e-16
0.000321022	7.63405e-15
0.000327727	2.97714e-14
0.000334431	2.18111e-13
0.000341136	8.36055e-13
0.000347841	5.26784e-12
0.000354545	1.97483e-11
0.00036125	1.07632e-10
0.000367955	3.9239e-10
0.000374659	1.86176e-09
0.000381364	6.55911e-09
0.000388068	2.72825e-08
0.000394773	9.22499e-08
0.000401478	3.38923e-07
0.000408182	1.09181e-06
0.000414887	3.57104e-06
0.000421592	1.0876e-05
0.000428296	3.19242e-05
0.000435001	9.12077e-05
0.000441706	0.000242183
0.00044841	0.000644093
0.000455115	0.00155897
0.000461819	0.00383141
0.000468524	0.00851265
0.000475229	0.0192054
0.000481933	0.0394087
0.000488638	0.0811575
0.000495343	0.157216
0.000502047	0.292144
0.000508752	0.530415
0.000515457	0.894356
0.000522161	1.47907
0.000528866	2.29645
0.000535571	3.4607
0.000542275	4.95247
0.00054898	6.81065
0.000555684	8.97686
0.000562389	11.2914
0.000569094	13.6863
0.000575798	15.8105
0.000582503	17.6015
0.000589208	18.546
0.000595912	18.9558
0.000602617	18.6727
0.000609322	17.4766
0.000616026	15.8911
0.000622731	13.9506
0.000629435	12.1259
0.00063614	10.5727
0.000642845	10.4635
0.000649549	10.7208
0.000656254	11.7914
0.000662959	15.3349
0.000669663	20.6509
0.000676368	27.8847
0.000683073	37.4818
0.000689777	49.4163
0.000696482	63.8234
0.000703186	80.6784
0.000709891	99.8793
0.000716596	121.429
0.0007233	145.233
0.000730005	171.331
0.00073671	200.045
0.000743414	231.433
0.000750119	266.52
0.000756824	305.335
0.000763528	349.354
0.000770233	398.531
0.000776937	453.701
0.000783642	514.762
0.000790347	580.439
0.000797051	650.658
0.000803756	721.726
0.000810461	793.662
0.000817165	862.475
0.00082387	928.232
0.000830575	990.148
0.000837279	1048.23
0.000843984	1106.69
0.000850689	1165.45
0.000857393	1231.71
0.000864098	1305.46
0.000870802	1392.44
0.000877507	1492.78
0.000884212	1607.01
0.000890916	1735.37
0.000897621	1872.41
0.000904326	2018.32
0.00091103	2164.12
0.000917735	2309.79
0.00092444	2447
0.000931144	2575.49
0.000937849	2691.13
0.000944553	2793.52
0.000951258	2883.51
0.000957963	2960.84
0.000964667	3029.11
0.000971372	3088.38
0.000978077	3141.77
0.000984781	3189.59
0.000991486	3232.41
0.000998191	3270.55
0.0010049	3302.39
0.0010116	3329.01
0.0010183	3339.3
0.00102501	3342.39
0.00103171	3340.99
0.00103842	3318.81
0.00104512	3283.04
0.00105183	3235.04
0.00105853	3177.64
0.00106524	3110.59
0.00107194	3040.86
0.00107865	2969.08
0.00108535	2900.26
0.00109206	2835.78
0.00109876	2774.28
0.00110546	2716.84
0.00111217	2656.12
0.00111887	2591.78
0.00112558	2516.03
0.00113228	2427.19
0.00113899	2322.95
0.00114569	2201.6
0.0011524	2067.63
0.0011591	1920.56
0.00116581	1768.19
0.00117251	1611.49
0.00117922	1457.27
0.00118592	1307.1
0.00119263	1164.83
0.00119933	1031.8
0.00120603	909.151
0.00121274	797.627
0.00121944	696.682
0.00122615	606.52
0.00123285	525.918
0.00123956	454.709
0.00124626	391.685
0.00125297	336.525
0.00125967	288.329
0.00126638	246.803
0.00127308	211.273
0.00127979	181.552
0.00128649	156.919
0.00129319	137.241
0.0012999	121.527
0.0013066	109.567
0.00131331	100.151
0.00132001	92.8871
0.00132672	86.6903
0.00133342	81.0362
0.00134013	75.339
0.00134683	69.1321
0.00135354	62.4509
0.00136024	55.0803
0.00136695	47.4615
0.00137365	39.683
0.00138035	32.2105
0.00138706	25.3086
0.00139376	19.1874
0.00140047	14.0818
0.00140717	9.91568
0.00141388	6.76228
0.00142058	4.4094
0.00142729	2.77854
0.00143399	1.67774
0.0014407	0.969519
0.0014474	0.544084
0.00145411	0.281863
0.00146081	0.150388
0.00146752	0.0712656
0.00147422	0.0352669
0.00148092	0.0155309
0.00148763	0.00699849
0.00149433	0.00262998
0.00150104	0.00117381
