0.000100103	2.44259e-19
0.000103622	2.62747e-18
0.000107142	9.77709e-18
0.000110662	9.27388e-17
0.000114182	3.34855e-16
0.000117702	2.7462e-15
0.000121222	9.81305e-15
0.000124742	6.98184e-14
0.000128261	2.46076e-13
0.000131781	1.52475e-12
0.000135301	5.28049e-12
0.000138821	2.86192e-11
0.000142341	9.69722e-11
0.000145861	4.61944e-10
0.000149381	1.52414e-09
0.0001529	6.41572e-09
0.00015642	2.05047e-08
0.00015994	7.67129e-08
0.00016346	2.36156e-07
0.00016698	7.90112e-07
0.0001705	2.32885e-06
0.00017402	7.01321e-06
0.000177539	1.96694e-05
0.000181059	5.36703e-05
0.000184579	0.000142328
0.000188099	0.000354238
0.000191619	0.000882759
0.000195139	0.00201711
0.000198659	0.00469577
0.000202178	0.00991194
0.000205698	0.0214413
0.000209218	0.042046
0.000212738	0.0841352
0.000216258	0.157377
0.000219778	0.286524
0.000223298	0.504424
0.000226817	0.843753
0.000230337	1.37861
0.000233857	2.14359
0.000237377	3.25143
0.000240897	4.71966
0.000244417	6.66296
0.000247937	9.0632
0.000251456	11.9649
0.000254976	15.3175
0.000258496	19.0379
0.000262016	23.074
0.000265536	27.2383
0.000269056	31.5147
0.000272576	35.7228
0.000276095	39.8983
0.000279615	43.9981
0.000283135	48.0983
0.000286655	52.3671
0.000290175	56.9022
0.000293695	62.0928
0.000297214	68.0431
0.000300734	75.342
0.000304254	84.0819
0.000307774	94.9931
0.000311294	108.13
0.000314814	124.225
0.000318334	143.277
0.000321853	165.825
0.000325373	191.84
0.000328893	221.579
0.000332413	255.054
0.000335933	292.462
0.000339453	333.893
0.000342973	379.909
0.000346492	430.619
0.000350012	487.085
0.000353532	549.315
0.000357052	618.302
0.000360572	693.896
0.000364092	776.048
0.000367612	864.547
0.000371131	957.884
0.000374651	1055.96
0.000378171	1156.62
0.000381691	1259.94
0.000385211	1364.66
0.000388731	1470.93
0.000392251	1579.1
0.00039577	1689.24
0.00039929	1802.54
0.00040281	1918.98
0.00040633	2039.39
0.00040985	2163.75
0.00041337	2292.63
0.00041689	2426.07
0.000420409	2565.69
0.000423929	2711.51
0.000427449	2866.29
0.000430969	3029.97
0.000434489	3203.71
0.000438009	3387.41
0.000441529	3577.22
0.000445048	3773.1
0.000448568	3966.09
0.000452088	4156.26
0.000455608	4333.97
0.000459128	4499.26
0.000462648	4646.86
0.000466168	4776.7
0.000469687	4888.9
0.000473207	4983.35
0.000476727	5062.91
0.000480247	5127.51
0.000483767	5180.57
0.000487287	5222.02
0.000490807	5256.17
0.000494326	5282.95
0.000497846	5307.6
0.000501366	5330.25
0.000504886	5354.13
0.000508406	5379.7
0.000511926	5404.76
0.000515446	5430.63
0.000518965	5439.05
0.000522485	5440.76
0.000526005	5437.24
0.000529525	5399.91
0.000533045	5337.36
0.000536565	5251.16
0.000540085	5141.95
0.000543604	5009.11
0.000547124	4861.01
0.000550644	4697.73
0.000554164	4528.38
0.000557684	4353.62
0.000561204	4179.81
0.000564724	4007.8
0.000568243	3839.99
0.000571763	3677.04
0.000575283	3518.13
0.000578803	3363.46
0.000582323	3211.05
0.000585843	3060.65
0.000589362	2911.11
0.000592882	2762.05
0.000596402	2613.84
0.000599922	2466.31
0.000603442	2320.72
0.000606962	2177.15
0.000610482	2036.88
0.000614001	1900.09
0.000617521	1767.69
0.000621041	1639.86
0.000624561	1517.27
0.000628081	1400.03
0.000631601	1288.73
0.000635121	1183.5
0.00063864	1084.78
0.00064216	992.734
0.00064568	907.319
0.0006492	828.717
0.00065272	756.12
0.00065624	689.559
0.00065976	627.683
0.000663279	570.235
0.000666799	516.026
0.000670319	464.597
0.000673839	415.595
0.000677359	368.647
0.000680879	324.291
0.000684399	282.487
0.000687918	244.086
0.000691438	209.367
0.000694958	178.797
0.000698478	152.73
0.000701998	130.941
0.000705518	113.596
0.000709038	99.9157
0.000712557	89.7765
0.000716077	82.1892
0.000719597	76.7977
0.000723117	72.7394
0.000726637	69.5602
0.000730157	66.7393
0.000733677	63.8779
0.000737196	60.8424
0.000740716	57.4097
0.000744236	53.6989
0.000747756	49.6861
0.000751276	45.5282
0.000754796	41.3087
0.000758316	37.0992
0.000761835	32.9702
0.000765355	28.9404
0.000768875	25.0307
0.000772395	21.2859
0.000775915	17.7253
0.000779435	14.422
0.000782955	11.4311
0.000786474	8.79313
0.000789994	6.57016
0.000793514	4.73666
0.000797034	3.28837
0.000800554	2.22676
