0.000100103	9.49273e-07
0.00010312	1.97829e-06
0.000106137	5.06533e-06
0.000109154	1.10702e-05
0.000112171	2.49422e-05
0.000115188	5.2087e-05
0.000118205	0.000113371
0.000121222	0.00022671
0.000124239	0.000475858
0.000127256	0.000913076
0.000130273	0.00184518
0.00013329	0.00340384
0.000136307	0.00661288
0.000139324	0.0117735
0.000142341	0.0219229
0.000145358	0.0382512
0.000148375	0.0674363
0.000151392	0.113994
0.000154408	0.192094
0.000157425	0.313978
0.000160442	0.507026
0.000163459	0.800236
0.000166476	1.24094
0.000169493	1.88959
0.00017251	2.81867
0.000175527	4.13913
0.000178544	5.94774
0.000181561	8.42283
0.000184578	11.6736
0.000187595	15.9478
0.000190612	21.3426
0.000193629	28.147
0.000196646	36.4145
0.000199663	46.4089
0.00020268	58.1139
0.000205697	71.6747
0.000208714	87.0002
0.000211731	104.032
0.000214748	122.63
0.000217765	142.503
0.000220782	163.513
0.000223799	185.2
0.000226816	207.484
0.000229833	229.888
0.00023285	252.428
0.000235867	274.804
0.000238884	297.136
0.000241901	319.474
0.000244918	342.023
0.000247935	365.284
0.000250952	389.519
0.000253969	415.706
0.000256986	444.13
0.000260003	476.21
0.00026302	512.212
0.000266037	553.883
0.000269054	601.42
0.000272071	656.676
0.000275088	719.725
0.000278105	792.176
0.000281122	873.955
0.000284139	966.016
0.000287156	1068.17
0.000290173	1180.41
0.00029319	1302.52
0.000296207	1433.55
0.000299224	1573.3
0.000302241	1720.19
0.000305258	1874.11
0.000308275	2033.3
0.000311292	2197.68
0.000314309	2365.57
0.000317326	2536.87
0.000320343	2709.86
0.00032336	2884.4
0.000326377	3058.37
0.000329394	3231.61
0.000332411	3401.35
0.000335428	3567.48
0.000338445	3726.78
0.000341462	3879.23
0.000344479	4021.81
0.000347496	4154.58
0.000350513	4275.52
0.00035353	4384.77
0.000356547	4481.82
0.000359564	4566.81
0.000362581	4640.84
0.000365598	4704.01
0.000368615	4758.6
0.000371632	4804.65
0.000374649	4844.97
0.000377666	4879.55
0.000380683	4911
0.0003837	4939.28
0.000386717	4966.17
0.000389734	4991.63
0.000392751	5016.27
0.000395768	5040.06
0.000398785	5062.5
0.000401802	5083.58
0.000404819	5102.16
0.000407836	5118.24
0.000410853	5131.05
0.00041387	5140.66
0.000416887	5142.31
0.000419904	5142.12
0.000422921	5140.39
0.000425938	5130.07
0.000428955	5114.63
0.000431972	5094.34
0.000434989	5067.38
0.000438006	5033.8
0.000441023	4991.53
0.00044404	4940.59
0.000447057	4878.83
0.000450074	4806.18
0.000453091	4721.4
0.000456108	4624.33
0.000459125	4515.38
0.000462142	4394.38
0.000465159	4263.46
0.000468176	4122.5
0.000471193	3974.81
0.00047421	3820.38
0.000477227	3662.86
0.000480244	3502.38
0.000483261	3342.33
0.000486278	3182.89
0.000489295	3026.89
0.000492312	2874.56
0.000495329	2728.01
0.000498346	2587.49
0.000501363	2454.24
0.00050438	2328.49
0.000507397	2210.43
0.000510414	2100.26
0.000513431	1997.1
0.000516448	1901.04
0.000519465	1810.5
0.000522482	1725.41
0.000525499	1644.14
0.000528516	1566.47
0.000531533	1491.29
0.00053455	1418.34
0.000537567	1347.27
0.000540584	1277.91
0.000543601	1210.41
0.000546618	1144.74
0.000549635	1081.11
0.000552652	1019.6
0.000555669	960.068
0.000558686	902.597
0.000561703	846.715
0.00056472	792.383
0.000567737	739.084
0.000570754	686.667
0.000573771	634.936
0.000576788	583.72
0.000579805	533.326
0.000582822	483.683
0.000585839	435.487
0.000588856	388.832
0.000591873	344.487
0.00059489	302.681
0.000597907	263.929
0.000600924	228.487
0.000603941	196.456
0.000606958	168.007
0.000609975	142.865
0.000612992	121.052
0.000616009	102.097
0.000619026	85.8832
0.000622043	71.9302
0.00062506	60.05
0.000628077	49.8665
0.000631094	41.1896
0.000634111	33.7709
0.000637128	27.4607
0.000640145	22.1022
0.000643162	17.5925
0.000646179	13.8191
0.000649196	10.7106
0.000652213	8.17035
0.00065523	6.13949
0.000658247	4.53133
0.000661264	3.28995
0.000664281	2.34368
0.000667298	1.63962
0.000670315	1.12591
0.000673332	0.757203
0.000676349	0.501039
0.000679366	0.323202
0.000682383	0.206176
0.0006854	0.127267
0.000688417	0.0783646
0.000691434	0.0461662
0.000694451	0.0274925
0.000697468	0.014133
0.000700485	0.00889943
