0.000100103	0.168412
0.00010312	0.259472
0.000106137	0.429303
0.000109154	0.66141
0.000112171	1.00396
0.000115188	1.48569
0.000118205	2.15558
0.000121222	3.06156
0.000124239	4.25379
0.000127256	5.79741
0.000130273	7.72604
0.00013329	10.1075
0.000136307	12.9389
0.000139324	16.2623
0.000142341	20.0267
0.000145358	24.215
0.000148375	28.7353
0.000151392	33.4902
0.000154408	38.3761
0.000157425	43.2262
0.000160442	47.967
0.000163459	52.4131
0.000166476	56.5587
0.000169493	60.2782
0.00017251	63.6505
0.000175527	66.6879
0.000178544	69.5408
0.000181561	72.4037
0.000184578	75.4597
0.000187595	79.0716
0.000190612	83.4036
0.000193629	88.9115
0.000196646	95.6943
0.000199663	104.183
0.00020268	114.385
0.000205697	126.581
0.000208714	140.693
0.000211731	156.758
0.000214748	174.645
0.000217765	194.13
0.000220782	215.085
0.000223799	237.1
0.000226816	260.117
0.000229833	283.72
0.00023285	307.962
0.000235867	332.658
0.000238884	357.974
0.000241901	384.144
0.000244918	411.392
0.000247935	440.412
0.000250952	471.406
0.000253969	505.369
0.000256986	542.426
0.000260003	583.601
0.00026302	628.943
0.000266037	679.29
0.000269054	734.65
0.000272071	795.62
0.000275088	862.197
0.000278105	934.801
0.000281122	1013.4
0.000284139	1098.25
0.000287156	1189.25
0.000290173	1286.29
0.00029319	1389.2
0.000296207	1497.21
0.000299224	1610.09
0.000302241	1726.25
0.000305258	1845.49
0.000308275	1965.61
0.000311292	2086.54
0.000314309	2206.12
0.000317326	2324.44
0.000320343	2440.18
0.00032336	2553.55
0.000326377	2664.68
0.000329394	2773.79
0.000332411	2882.52
0.000335428	2991
0.000338445	3101.79
0.000341462	3214.9
0.000344479	3332.79
0.000347496	3455.34
0.000350513	3583.85
0.00035353	3718.13
0.000356547	3857.6
0.000359564	4002.1
0.000362581	4149.21
0.000365598	4298.86
0.000368615	4447.62
0.000371632	4595.51
0.000374649	4739.33
0.000377666	4879.15
0.000380683	5012.83
0.0003837	5140.43
0.000386717	5260.86
0.000389734	5374.14
0.000392751	5479.32
0.000395768	5576.39
0.000398785	5663.5
0.000401802	5740.65
0.000404819	5804.74
0.000407836	5855.8
0.000410853	5889.45
0.00041387	5906.23
0.000416887	5905.7
0.000419904	5882.87
0.000422921	5839.49
0.000425938	5775.59
0.000428955	5692.52
0.000431972	5590.15
0.000434989	5472.58
0.000438006	5339.7
0.000441023	5197.05
0.00044404	5044.62
0.000447057	4888.24
0.000450074	4727.98
0.000453091	4568.87
0.000456108	4411.08
0.000459125	4258.04
0.000462142	4109.97
0.000465159	3968.41
0.000468176	3833.55
0.000471193	3705.16
0.00047421	3583.4
0.000477227	3466.81
0.000480244	3355.42
0.000483261	3247.27
0.000486278	3142.29
0.000489295	3038.61
0.000492312	2936.1
0.000495329	2833.39
0.000498346	2730.31
0.000501363	2626.16
0.00050438	2520.78
0.000507397	2414.14
0.000510414	2306.11
0.000513431	2197.21
0.000516448	2087.4
0.000519465	1977.55
0.000522482	1867.69
0.000525499	1758.87
0.000528516	1651.18
0.000531533	1545.56
0.00053455	1442.14
0.000537567	1341.58
0.000540584	1244.02
0.000543601	1149.77
0.000546618	1058.93
0.000549635	971.574
0.000552652	887.733
0.000555669	807.413
0.000558686	730.605
0.000561703	657.387
0.00056472	587.742
0.000567737	521.867
0.000570754	459.773
0.000573771	401.716
0.000576788	347.75
0.000579805	298.08
0.000582822	252.789
0.000585839	211.918
0.000588856	175.545
0.000591873	143.483
0.00059489	115.767
0.000597907	91.9834
0.000600924	72.0928
0.000603941	55.5312
0.000606958	42.1748
0.000609975	31.4169
0.000612992	23.0695
0.000616009	16.5859
0.000619026	11.7509
0.000622043	8.14139
0.00062506	5.55422
0.000628077	3.70462
0.000631094	2.42875
0.000634111	1.55893
0.000637128	0.980013
0.000640145	0.605486
0.000643162	0.364085
0.000646179	0.216731
0.000649196	0.124289
0.000652213	0.0714076
0.00065523	0.0387053
0.000658247	0.0216889
0.000661264	0.0111881
0.000664281	0.00605825
0.000667298	0.00299346
0.000670315	0.00155339
0.000673332	0.000736405
0.000676349	0.000365397
0.000679366	0.000166501
0.000682383	7.88097e-05
0.0006854	3.45877e-05
0.000688417	1.55788e-05
0.000691434	6.59939e-06
0.000694451	2.82139e-06
0.000697468	1.05634e-06
0.000700485	4.67993e-07
