3.33898e-05	3.10158e-06
3.55687e-05	6.96882e-06
3.77476e-05	1.85705e-05
3.99264e-05	4.28876e-05
4.21053e-05	0.000100341
4.42842e-05	0.000218189
4.64631e-05	0.000489333
4.8642e-05	0.001005
5.08209e-05	0.00215426
5.29998e-05	0.00419146
5.51787e-05	0.008564
5.73576e-05	0.0158301
5.95365e-05	0.0307532
6.17154e-05	0.0549612
6.38943e-05	0.100031
6.60732e-05	0.172483
6.82521e-05	0.294675
7.0431e-05	0.486072
7.26099e-05	0.785492
7.47888e-05	1.23656
7.69677e-05	1.8961
7.91465e-05	2.84497
8.13254e-05	4.14934
8.35043e-05	5.93124
8.56832e-05	8.24421
8.78621e-05	11.2311
9.0041e-05	14.9027
9.22199e-05	19.3692
9.43988e-05	24.5767
9.65777e-05	30.5284
9.87566e-05	37.1111
0.000100935	44.166
0.000103114	51.5595
0.000105293	58.9826
0.000107472	66.3394
0.000109651	73.2694
0.00011183	79.7631
0.000114009	85.5641
0.000116188	90.7627
0.000118367	95.3506
0.000120546	99.4901
0.000122724	103.482
0.000124903	107.511
0.000127082	112.136
0.000129261	117.525
0.00013144	124.378
0.000133619	132.841
0.000135798	143.663
0.000137977	157
0.000140156	173.676
0.000142334	193.873
0.000144513	218.593
0.000146692	248.006
0.000148871	283.288
0.00015105	324.486
0.000153229	372.637
0.000155408	427.566
0.000157587	489.549
0.000159766	558.194
0.000161945	632.443
0.000164123	711.853
0.000166302	794.034
0.000168481	878.74
0.00017066	963.128
0.000172839	1047.31
0.000175018	1129.48
0.000177197	1210.07
0.000179376	1289.54
0.000181555	1368.45
0.000183733	1449.75
0.000185912	1533.84
0.000188091	1625.15
0.00019027	1723.76
0.000192449	1833.8
0.000194628	1955.1
0.000196807	2090.03
0.000198986	2238.29
0.000201165	2399.95
0.000203344	2574.74
0.000205522	2760.76
0.000207701	2957.84
0.00020988	3162.88
0.000212059	3375.78
0.000214238	3592.9
0.000216417	3814.22
0.000218596	4036.17
0.000220775	4258.77
0.000222954	4479.12
0.000225132	4697.31
0.000227311	4911.68
0.00022949	5122.33
0.000231669	5329.07
0.000233848	5531.93
0.000236027	5731.72
0.000238206	5928.43
0.000240385	6122.84
0.000242564	6314.92
0.000244743	6504.45
0.000246921	6691.42
0.0002491	6874.18
0.000251279	7052.74
0.000253458	7224.42
0.000255637	7389.25
0.000257816	7544.49
0.000259995	7690.15
0.000262174	7824.36
0.000264353	7947.12
0.000266531	8057.5
0.00026871	8155.52
0.000270889	8240.26
0.000273068	8311.79
0.000275247	8369.37
0.000277426	8414.29
0.000279605	8423.13
0.000281784	8422.91
0.000283963	8416.68
0.000286142	8367.47
0.00028832	8291.95
0.000290499	8192.11
0.000292678	8066.08
0.000294857	7913.45
0.000297036	7739.34
0.000299215	7543.52
0.000301394	7333.56
0.000303573	7109.61
0.000305752	6879.06
0.00030793	6642.34
0.000310109	6404.58
0.000312288	6166.32
0.000314467	5929.85
0.000316646	5695.56
0.000318825	5463.74
0.000321004	5234.55
0.000323183	5007.58
0.000325362	4782.8
0.00032754	4560.04
0.000329719	4339.22
0.000331898	4120.66
0.000334077	3904.32
0.000336256	3690.98
0.000338435	3480.61
0.000340614	3274.4
0.000342793	3072.36
0.000344972	2875.94
0.000347151	2685.25
0.000349329	2501.78
0.000351508	2325.72
0.000353687	2158.24
0.000355866	1999.61
0.000358045	1850.3
0.000360224	1710.59
0.000362403	1580.13
0.000364582	1459.08
0.000366761	1346.35
0.000368939	1241.92
0.000371118	1144.22
0.000373297	1053.03
0.000375476	966.773
0.000377655	885.063
0.000379834	806.878
0.000382013	731.779
0.000384192	659.594
0.000386371	590.041
0.00038855	523.661
0.000390728	460.448
0.000392907	401.175
0.000395086	346.073
0.000397265	295.625
0.000399444	250.121
0.000401623	209.515
0.000403802	173.97
0.000405981	143.008
0.00040816	116.587
0.000410338	94.0547
0.000412517	75.2121
0.000414696	59.4466
0.000416875	46.4973
0.000419054	35.8736
0.000421233	27.3261
0.000423412	20.4774
0.000425591	15.1141
0.00042777	10.9444
0.000429949	7.78801
0.000432127	5.42552
0.000434306	3.70524
0.000436485	2.47566
0.000438664	1.61582
0.000440843	1.03378
0.000443022	0.642246
0.000445201	0.393419
0.00044738	0.231667
0.000449559	0.136066
0.000451737	0.0754418
0.000453916	0.0427028
0.000456095	0.0221241
0.000458274	0.0121521
0.000460453	0.00599394
0.000462632	0.00312734
0.000464811	0.00132731
0.00046699	0.000727299
