0.000500379	1.00524e-25
0.000506246	1.04563e-24
0.000512113	3.88094e-24
0.000517979	3.70119e-23
0.000523846	1.3373e-22
0.000529712	1.14429e-21
0.000535579	4.11312e-21
0.000541445	3.16376e-20
0.000547312	1.12927e-19
0.000553178	7.82477e-19
0.000559045	2.76786e-18
0.000564911	1.7317e-17
0.000570778	6.05697e-17
0.000576644	3.43048e-16
0.000582511	1.18355e-15
0.000588378	6.08515e-15
0.000594244	2.0654e-14
0.000600111	9.66911e-14
0.000605977	3.21945e-13
0.000611844	1.37681e-12
0.00061771	4.48343e-12
0.000623577	1.75757e-11
0.000629443	5.57957e-11
0.00063531	2.0123e-10
0.000641176	6.20701e-10
0.000647043	2.06733e-09
0.000652909	6.17464e-09
0.000658776	1.90663e-08
0.000664643	5.49507e-08
0.000670509	1.57934e-07
0.000676376	4.37711e-07
0.000682242	1.1756e-06
0.000688109	3.1226e-06
0.000693975	7.86799e-06
0.000699842	1.9965e-05
0.000705708	4.73743e-05
0.000711575	0.000114501
0.000717441	0.000256795
0.000723308	0.000589602
0.000729174	0.00125405
0.000735041	0.00272903
0.000740908	0.00552197
0.000746774	0.0113688
0.000752641	0.0219448
0.000758507	0.0426887
0.000764374	0.0792219
0.00077024	0.145131
0.000776107	0.261131
0.000781973	0.449684
0.00078784	0.769287
0.000793706	1.25968
0.000799573	2.0489
0.000805439	3.19799
0.000811306	4.94751
0.000817173	7.37458
0.000823039	10.8624
0.000828906	15.4857
0.000834772	21.7497
0.000840639	29.6985
0.000846505	39.8548
0.000852372	52.2091
0.000858238	67.1251
0.000864105	84.5423
0.000869971	104.505
0.000875838	126.938
0.000881704	151.555
0.000887571	178.317
0.000893438	206.813
0.000899304	237.073
0.000905171	268.895
0.000911037	302.357
0.000916904	337.696
0.00092277	374.98
0.000928637	414.812
0.000934503	457.206
0.00094037	502.776
0.000946236	551.479
0.000952103	603.559
0.000957969	658.948
0.000963836	717.355
0.000969703	778.724
0.000975569	842.333
0.000981436	908.164
0.000987302	975.356
0.000993169	1043.93
0.000999035	1113.27
0.0010049	1183.42
0.00101077	1254.39
0.00101663	1326.25
0.0010225	1399.87
0.00102837	1475.29
0.00103423	1554.11
0.0010401	1636.3
0.00104597	1723.51
0.00105183	1815.69
0.0010577	1913.59
0.00106357	2017.18
0.00106943	2125.62
0.0010753	2238.9
0.00108117	2354.41
0.00108703	2472.19
0.0010929	2588.31
0.00109877	2702.8
0.00110463	2811.29
0.0011105	2913.79
0.00111637	3006.59
0.00112223	3089.68
0.0011281	3161.05
0.00113397	3220.64
0.00113983	3268.57
0.0011457	3304.76
0.00115157	3331.56
0.00115743	3349.41
0.0011633	3352.62
0.00116916	3352.44
0.00117503	3350.37
0.0011809	3335.66
0.00118676	3313.75
0.00119263	3285.37
0.0011985	3248.53
0.00120436	3203.15
0.00121023	3148.81
0.0012161	3085.32
0.00122196	3014.04
0.00122783	2934.79
0.0012337	2850.62
0.00123956	2761.51
0.00124543	2671.03
0.0012513	2579.37
0.00125716	2489.14
0.00126303	2400.67
0.0012689	2314.74
0.00127476	2231.66
0.00128063	2150.63
0.0012865	2071.72
0.00129236	1993.62
0.00129823	1916.16
0.0013041	1838.65
0.00130996	1760.82
0.00131583	1683.2
0.00132169	1605.66
0.00132756	1529.66
0.00133343	1455.33
0.00133929	1384.06
0.00134516	1316.2
0.00135103	1251.96
0.00135689	1191.7
0.00136276	1134.1
0.00136863	1079.23
0.00137449	1024.99
0.00138036	971.045
0.00138623	915.824
0.00139209	858.775
0.00139796	799.824
0.00140383	738.555
0.00140969	676.37
0.00141556	613.258
0.00142143	551.25
0.00142729	490.733
0.00143316	433.382
0.00143903	379.752
0.00144489	330.615
0.00145076	286.424
0.00145663	247.07
0.00146249	212.75
0.00146836	182.811
0.00147422	157.197
0.00148009	135.087
0.00148596	116.262
0.00149182	99.9946
0.00149769	86.0076
0.00150356	73.7931
0.00150942	63.0991
0.00151529	53.644
0.00152116	45.249
0.00152702	37.7952
0.00153289	31.1854
0.00153876	25.3737
0.00154462	20.3221
0.00155049	15.9852
0.00155636	12.3471
0.00156222	9.33209
0.00156809	6.91538
0.00157396	4.99929
0.00157982	3.53891
0.00158569	2.43953
0.00159156	1.64338
0.00159742	1.07849
0.00160329	0.6888
0.00160916	0.430274
0.00161502	0.259459
0.00162089	0.154484
0.00162675	0.0875194
0.00163262	0.0498195
0.00163849	0.0261205
0.00164435	0.0144304
0.00165022	0.00714596
0.00165609	0.00374268
0.00166195	0.00158688
0.00166782	0.000868283
