3.33898e-05	636.815
3.48982e-05	669.965
3.64066e-05	706.616
3.7915e-05	746.902
3.94234e-05	790.43
4.09318e-05	836.955
4.24402e-05	886.102
4.39487e-05	937.478
4.54571e-05	990.755
4.69655e-05	1045.48
4.84739e-05	1101.44
4.99823e-05	1158.24
5.14907e-05	1215.85
5.29991e-05	1274.01
5.45076e-05	1332.88
5.6016e-05	1392.43
5.75244e-05	1452.94
5.90328e-05	1514.65
6.05412e-05	1577.93
6.20496e-05	1643.26
6.3558e-05	1711.02
6.50665e-05	1781.88
6.65749e-05	1856.22
6.80833e-05	1934.81
6.95917e-05	2017.99
7.11001e-05	2106.58
7.26085e-05	2200.85
7.41169e-05	2301.59
7.56253e-05	2408.99
7.71338e-05	2523.73
7.86422e-05	2645.89
8.01506e-05	2776
8.1659e-05	2914.03
8.31674e-05	3060.27
8.46758e-05	3214.63
8.61842e-05	3377.13
8.76927e-05	3547.64
8.92011e-05	3725.95
9.07095e-05	3911.9
9.22179e-05	4105.1
9.37263e-05	4305.38
9.52347e-05	4512.2
9.67431e-05	4725.36
9.82516e-05	4944.17
9.976e-05	5168.4
0.000101268	5397.13
0.000102777	5630.03
0.000104285	5865.86
0.000105794	6104.19
0.000107302	6343.27
0.00010881	6582.61
0.000110319	6819.88
0.000111827	7054.58
0.000113336	7283.8
0.000114844	7507.1
0.000116353	7721.18
0.000117861	7925.7
0.000119369	8117.32
0.000120878	8295.83
0.000122386	8458.17
0.000123895	8604.3
0.000125403	8731.79
0.000126911	8840.72
0.00012842	8929.57
0.000129928	8998.48
0.000131437	9048.71
0.000132945	9077.83
0.000134453	9078.34
0.000135962	9069.08
0.00013747	9045.62
0.000138979	8995.41
0.000140487	8931.27
0.000141996	8851.91
0.000143504	8759.56
0.000145012	8654.41
0.000146521	8539.72
0.000148029	8415.62
0.000149538	8285.64
0.000151046	8149.85
0.000152554	8011.74
0.000154063	7871.32
0.000155571	7731.67
0.00015708	7592.73
0.000158588	7456.83
0.000160097	7323.88
0.000161605	7195.2
0.000163113	7070.69
0.000164622	6950.62
0.00016613	6834.93
0.000167639	6722.95
0.000169147	6614.65
0.000170655	6508.79
0.000172164	6405.36
0.000173672	6302.89
0.000175181	6201.39
0.000176689	6099.52
0.000178197	5997.29
0.000179706	5893.69
0.000181214	5788.74
0.000182723	5681.84
0.000184231	5572.99
0.00018574	5461.95
0.000187248	5348.73
0.000188756	5233.31
0.000190265	5115.69
0.000191773	4995.97
0.000193282	4874.15
0.00019479	4750.37
0.000196298	4624.65
0.000197807	4497.15
0.000199315	4367.88
0.000200824	4237.13
0.000202332	4104.88
0.000203841	3971.64
0.000205349	3837.38
0.000206857	3702.85
0.000208366	3568.04
0.000209874	3433.97
0.000211383	3300.63
0.000212891	3169.2
0.000214399	3039.7
0.000215908	2913.31
0.000217416	2790.07
0.000218925	2670.95
0.000220433	2556
0.000221941	2445.79
0.00022345	2340.4
0.000224958	2239.91
0.000226467	2144.38
0.000227975	2053.49
0.000229484	1967.26
0.000230992	1885.08
0.0002325	1806.96
0.000234009	1732.21
0.000235517	1660.79
0.000237026	1592.1
0.000238534	1526.07
0.000240042	1462.25
0.000241551	1400.58
0.000243059	1340.73
0.000244568	1282.65
0.000246076	1226.07
0.000247585	1170.95
0.000249093	1117.02
0.000250601	1064.26
0.00025211	1012.37
0.000253618	961.322
0.000255127	910.874
0.000256635	860.972
0.000258143	811.49
0.000259652	762.371
0.00026116	713.66
0.000262669	665.316
0.000264177	617.568
0.000265685	570.41
0.000267194	524.212
0.000268702	479.012
0.000270211	435.24
0.000271719	392.975
0.000273228	352.611
0.000274736	314.254
0.000276244	278.186
0.000277753	244.514
0.000279261	213.368
0.00028077	184.832
0.000282278	158.883
0.000283786	135.564
0.000285295	114.724
0.000286803	96.36
0.000288312	80.2363
0.00028982	66.3058
0.000291329	54.2937
0.000292837	44.1187
0.000294345	35.5059
0.000295854	28.3536
0.000297362	22.4141
0.000298871	17.5789
0.000300379	13.6427
0.000301887	10.5014
0.000303396	7.99682
0.000304904	6.0373
0.000306413	4.50884
0.000307921	3.33629
0.000309429	2.44261
0.000310938	1.77015
0.000312446	1.27005
0.000313955	0.900758
0.000315463	0.633195
0.000316972	0.439159
0.00031848	0.302427
0.000319988	0.204951
0.000321497	0.138269
0.000323005	0.0914798
0.000324514	0.0604705
0.000326022	0.0390231
0.00032753	0.0252824
0.000329039	0.015898
0.000330547	0.0101
0.000332056	0.00585278
0.000333564	0.00385357
