0.000500379	3.60129e-14
0.000507922	1.93949e-13
0.000515465	6.67759e-13
0.000523008	3.33906e-12
0.00053055	1.07887e-11
0.000538093	4.81451e-11
0.000545636	1.51887e-10
0.000553179	6.07493e-10
0.000560721	1.86337e-09
0.000568264	6.71049e-09
0.000575807	1.99218e-08
0.00058335	6.49136e-08
0.000590892	1.85627e-07
0.000598435	5.50062e-07
0.000605978	1.50756e-06
0.000613521	4.08393e-06
0.000621063	1.06727e-05
0.000628606	2.65704e-05
0.000636149	6.58713e-05
0.000643692	0.000151492
0.000651234	0.000354485
0.000658777	0.000756882
0.00066632	0.00166362
0.000673862	0.00331314
0.000681405	0.00681005
0.000688948	0.0127647
0.000696491	0.0243538
0.000704033	0.0439798
0.000711576	0.0766076
0.000719119	0.12965
0.000726662	0.20999
0.000734204	0.331909
0.000741747	0.501684
0.00074929	0.739193
0.000756833	1.04469
0.000764375	1.43403
0.000771918	1.89633
0.000779461	2.42572
0.000787004	3.001
0.000794546	3.58005
0.000802089	4.14111
0.000809632	4.62457
0.000817175	4.99486
0.000824717	5.15222
0.00083226	5.21582
0.000839803	5.11726
0.000847345	4.79413
0.000854888	4.36494
0.000862431	3.83069
0.000869974	3.26421
0.000877516	2.67303
0.000885059	2.12917
0.000892602	1.62917
0.000900145	1.21203
0.000907687	0.870447
0.00091523	0.607842
0.000922773	0.419484
0.000930316	0.285741
0.000937858	0.21528
0.000945401	0.216419
0.000952944	0.242571
0.000960487	0.310704
0.000968029	0.476464
0.000975572	0.728753
0.000983115	1.08187
0.000990658	1.5898
0.0009982	2.2576
0.00100574	3.1493
0.00101329	4.26509
0.00102083	5.6593
0.00102837	7.32541
0.00103591	9.27786
0.00104346	11.5037
0.001051	13.9465
0.00105854	16.5909
0.00106608	19.2972
0.00107363	22.0555
0.00108117	24.676
0.00108871	27.1614
0.00109626	29.3582
0.0011038	31.2807
0.00111134	32.9067
0.00111888	34.2532
0.00112643	35.4584
0.00113397	36.5323
0.00114151	37.7094
0.00114906	38.9909
0.0011566	40.6112
0.00116414	42.5681
0.00117168	45.0556
0.00117923	48.0727
0.00118677	51.8008
0.00119431	56.24
0.00120185	61.5922
0.0012094	67.8568
0.00121694	75.2508
0.00122448	83.7729
0.00123203	93.6379
0.00123957	104.844
0.00124711	117.597
0.00125465	131.895
0.0012622	147.888
0.00126974	165.577
0.00127728	184.932
0.00128482	205.958
0.00129237	228.312
0.00129991	252.004
0.00130745	276.413
0.001315	301.544
0.00132254	326.765
0.00133008	352.064
0.00133762	377.115
0.00134517	401.894
0.00135271	426.468
0.00136025	450.822
0.00136779	475.198
0.00137534	499.602
0.00138288	524.185
0.00139042	548.956
0.00139797	573.953
0.00140551	599.169
0.00141305	624.718
0.00142059	650.593
0.00142814	677.01
0.00143568	704.012
0.00144322	731.495
0.00145076	759.576
0.00145831	787.187
0.00146585	814.45
0.00147339	839.144
0.00148094	861.259
0.00148848	878.328
0.00149602	890.565
0.00150356	893.284
0.00151111	889.787
0.00151865	881.587
0.00152619	863.771
0.00153373	840.271
0.00154128	811.755
0.00154882	780.327
0.00155636	746.238
0.00156391	711.504
0.00157145	676.462
0.00157899	642.231
0.00158653	609.072
0.00159408	577.433
0.00160162	547.469
0.00160916	519.239
0.0016167	492.834
0.00162425	468.006
0.00163179	444.794
0.00163933	422.703
0.00164688	401.684
0.00165442	381.221
0.00166196	361.182
0.0016695	341.311
0.00167705	321.474
0.00168459	301.76
0.00169213	282.12
0.00169968	262.812
0.00170722	243.882
0.00171476	225.526
0.0017223	207.817
0.00172985	190.828
0.00173739	174.595
0.00174493	159.154
0.00175247	144.51
0.00176002	130.733
0.00176756	117.841
0.0017751	105.893
0.00178265	94.9304
0.00179019	84.9224
0.00179773	75.897
0.00180527	67.7206
0.00181282	60.3712
0.00182036	53.6839
0.0018279	47.5909
0.00183544	41.978
0.00184299	36.7703
0.00185053	31.9334
0.00185807	27.4219
0.00186562	23.2555
0.00187316	19.4275
0.0018807	15.9661
0.00188824	12.8879
0.00189579	10.1957
0.00190333	7.9055
0.00191087	5.98604
0.00191841	4.43495
0.00192596	3.199
0.0019335	2.2535
0.00194104	1.54287
0.00194859	1.02831
0.00195613	0.666782
0.00196367	0.418232
0.00197121	0.256729
0.00197876	0.150606
0.0019863	0.0876681
0.00199384	0.0434995
0.00200138	0.0264618
