3.33898e-05	1.58315e-43
3.59039e-05	2.34445e-40
3.8418e-05	9.37304e-40
4.09322e-05	9.26701e-37
4.34463e-05	3.74088e-36
4.59604e-05	2.46895e-33
4.84746e-05	1.00647e-32
5.09887e-05	4.43481e-30
5.35028e-05	1.82544e-29
5.6017e-05	5.37144e-27
5.85311e-05	2.23191e-26
6.10452e-05	4.38795e-24
6.35594e-05	1.83963e-23
6.60735e-05	2.41846e-21
6.85877e-05	1.02222e-20
7.11018e-05	8.99824e-19
7.36159e-05	3.82943e-18
7.61301e-05	2.26188e-16
7.86442e-05	9.67225e-16
8.11583e-05	3.84595e-14
8.36725e-05	1.6473e-13
8.61866e-05	4.43144e-12
8.87007e-05	1.89213e-11
9.12149e-05	3.46924e-10
9.3729e-05	1.46618e-09
9.62431e-05	1.8522e-08
9.87573e-05	7.6683e-08
0.000101271	6.77808e-07
0.000103786	2.70913e-06
0.0001063	1.71123e-05
0.000108814	6.47353e-05
0.000111328	0.000300347
0.000113842	0.00104843
0.000116356	0.00369448
0.00011887	0.0115469
0.000121384	0.0320804
0.000123899	0.0869275
0.000126413	0.197688
0.000128927	0.450824
0.000131441	0.926824
0.000133955	1.67925
0.000136469	2.85214
0.000138983	4.36324
0.000141498	6.15122
0.000144012	8.07859
0.000146526	9.73653
0.00014904	11.1366
0.000151554	11.9865
0.000154068	12.4481
0.000156582	12.7789
0.000159096	13.06
0.000161611	13.7153
0.000164125	14.7169
0.000166639	16.2362
0.000169153	18.2858
0.000171667	21.0137
0.000174181	24.4425
0.000176695	28.7282
0.00017921	33.919
0.000181724	40.2475
0.000184238	47.8172
0.000186752	57.3154
0.000189266	68.5919
0.00019178	81.7231
0.000194294	96.308
0.000196809	110.538
0.000199323	124.379
0.000201837	135.957
0.000204351	145.84
0.000206865	155.251
0.000209379	164.797
0.000211893	178.879
0.000214407	197.543
0.000216922	224.789
0.000219436	260.251
0.00022195	304.781
0.000224464	358.238
0.000226978	420.157
0.000229492	490.786
0.000232006	571.78
0.000234521	663.22
0.000237035	767.603
0.000239549	884.585
0.000242063	1013.15
0.000244577	1153
0.000247091	1299.9
0.000249605	1453.73
0.000252119	1608.95
0.000254634	1765.71
0.000257148	1920.09
0.000259662	2072.59
0.000262176	2228.34
0.00026469	2387.54
0.000267204	2560.37
0.000269718	2746.58
0.000272233	2949.15
0.000274747	3167.99
0.000277261	3402.83
0.000279775	3653.67
0.000282289	3920.74
0.000284803	4204.03
0.000287317	4492.28
0.000289831	4785.65
0.000292346	5064.58
0.00029486	5328.94
0.000297374	5573.19
0.000299888	5796.91
0.000302402	6010.34
0.000304916	6213.47
0.00030743	6414.92
0.000309945	6614.92
0.000312459	6816.72
0.000314973	7020.4
0.000317487	7228.11
0.000320001	7440.33
0.000322515	7652.09
0.000325029	7864.23
0.000327544	8060.35
0.000330058	8240.43
0.000332572	8388.36
0.000335086	8503.9
0.0003376	8572.49
0.000340114	8605.84
0.000342628	8607.78
0.000345142	8568.25
0.000347657	8497.54
0.000350171	8396.57
0.000352685	8269.99
0.000355199	8117.18
0.000357713	7950.08
0.000360227	7769.07
0.000362741	7586
0.000365256	7403.69
0.00036777	7216.95
0.000370284	7027.8
0.000372798	6817.08
0.000375312	6581.68
0.000377826	6317.98
0.00038034	6021.1
0.000382854	5714.83
0.000385369	5400.42
0.000387883	5099.77
0.000390397	4819.55
0.000392911	4552.68
0.000395425	4301.46
0.000397939	4047.67
0.000400453	3786.16
0.000402968	3519.88
0.000405482	3245.77
0.000407996	2980.38
0.00041051	2727.36
0.000413024	2491.31
0.000415538	2275.23
0.000418052	2074.59
0.000420566	1888.41
0.000423081	1716.54
0.000425595	1558.12
0.000428109	1416.07
0.000430623	1291.6
0.000433137	1183.49
0.000435651	1093.39
0.000438165	1012.94
0.00044068	940.873
0.000443194	869.064
0.000445708	793.423
0.000448222	715.282
0.000450736	632.975
0.00045325	552.388
0.000455764	475.46
0.000458279	404.219
0.000460793	340.223
0.000463307	282.961
0.000465821	232.554
0.000468335	188.848
0.000470849	151.96
0.000473363	121.247
0.000475877	96.7348
0.000478392	77.1001
0.000480906	61.8259
0.00048342	49.9658
0.000485934	40.9346
0.000488448	34.2702
0.000490962	29.6683
0.000493476	26.6284
0.000495991	24.8755
0.000498505	23.9178
0.000501019	23.392
0.000503533	23.0196
0.000506047	22.5443
0.000508561	21.8492
0.000511075	20.7805
0.000513589	19.3053
0.000516104	17.3009
0.000518618	14.9261
0.000521132	12.1741
0.000523646	9.36872
0.00052616	6.74713
0.000528674	4.45958
0.000531188	2.75096
0.000533703	1.53739
