3.33898e-05	11.4113
3.52334e-05	14.3507
3.70771e-05	17.6847
3.89207e-05	21.4472
4.07644e-05	25.5393
4.2608e-05	29.9083
4.44517e-05	34.4369
4.62953e-05	39.0063
4.8139e-05	43.5263
4.99827e-05	47.8447
5.18263e-05	51.9654
5.367e-05	55.7794
5.55136e-05	59.4373
5.73573e-05	62.9767
5.92009e-05	66.702
6.10446e-05	70.8867
6.28882e-05	75.9359
6.47319e-05	82.384
6.65755e-05	90.6294
6.84192e-05	101.389
7.02628e-05	114.926
7.21065e-05	131.955
7.39502e-05	152.504
7.57938e-05	177.039
7.76375e-05	205.328
7.94811e-05	237.372
8.13248e-05	272.761
8.31684e-05	310.951
8.50121e-05	351.518
8.68557e-05	393.521
8.86994e-05	436.704
9.0543e-05	480.084
9.23867e-05	523.699
9.42303e-05	566.972
9.6074e-05	610.24
9.79177e-05	653.68
9.97613e-05	697.808
0.000101605	743.627
0.000103449	791.647
0.000105292	843.442
0.000107136	899.339
0.00010898	960.993
0.000110823	1028.46
0.000112667	1102.93
0.000114511	1184.2
0.000116354	1272.6
0.000118198	1367.75
0.000120042	1469.01
0.000121885	1575.93
0.000123729	1687
0.000125572	1801.86
0.000127416	1918.49
0.00012926	2036.65
0.000131103	2154.3
0.000132947	2271.4
0.000134791	2386.37
0.000136634	2499.38
0.000138478	2609.77
0.000140322	2717.89
0.000142165	2824.36
0.000144009	2929.64
0.000145853	3035.78
0.000147696	3143.28
0.00014954	3255.49
0.000151384	3372.82
0.000153227	3499.49
0.000155071	3635.69
0.000156915	3785.67
0.000158758	3949.34
0.000160602	4129.78
0.000162446	4326.61
0.000164289	4540.46
0.000166133	4770.71
0.000167977	5014.56
0.00016982	5271.31
0.000171664	5534.47
0.000173507	5803.47
0.000175351	6069.02
0.000177195	6330.84
0.000179038	6578.83
0.000180882	6813.1
0.000182726	7025.38
0.000184569	7216.08
0.000186413	7381.24
0.000188257	7521.37
0.0001901	7638.04
0.000191944	7731.67
0.000193788	7808.86
0.000195631	7869.79
0.000197475	7923.81
0.000199319	7970.86
0.000201162	8019.8
0.000203006	8070.42
0.00020485	8128.04
0.000206693	8192.43
0.000208537	8263.5
0.000210381	8341.1
0.000212224	8419.73
0.000214068	8499.38
0.000215912	8570.89
0.000217755	8634.32
0.000219599	8679.85
0.000221442	8707.52
0.000223286	8708.85
0.00022513	8684.64
0.000226973	8634.52
0.000228817	8552.52
0.000230661	8443.45
0.000232504	8307.27
0.000234348	8148.92
0.000236192	7968.3
0.000238035	7772.31
0.000239879	7560.97
0.000241723	7340.57
0.000243566	7111.23
0.00024541	6877.18
0.000247254	6638.62
0.000249097	6397.5
0.000250941	6153.96
0.000252785	5908.5
0.000254628	5661.16
0.000256472	5412.23
0.000258316	5161.61
0.000260159	4910.47
0.000262003	4658.66
0.000263847	4408.61
0.00026569	4160.25
0.000267534	3917
0.000269377	3678.92
0.000271221	3449.61
0.000273065	3229.29
0.000274908	3020.81
0.000276752	2824.49
0.000278596	2641.71
0.000280439	2472.8
0.000282283	2317.5
0.000284127	2176.03
0.00028597	2046.79
0.000287814	1929.82
0.000289658	1822.84
0.000291501	1725.72
0.000293345	1636.16
0.000295189	1553.9
0.000297032	1477.08
0.000298876	1405.42
0.00030072	1337.62
0.000302563	1273.43
0.000304407	1211.97
0.000306251	1153.08
0.000308094	1096.08
0.000309938	1040.86
0.000311782	986.779
0.000313625	933.747
0.000315469	881.202
0.000317312	829.009
0.000319156	776.814
0.000321	724.463
0.000322843	671.959
0.000324687	619.182
0.000326531	566.56
0.000328374	514.065
0.000330218	462.466
0.000332062	411.868
0.000333905	363.157
0.000335749	316.561
0.000337593	272.823
0.000339436	232.227
0.00034128	195.176
0.000343124	161.921
0.000344967	132.465
0.000346811	106.948
0.000348655	85.0397
0.000350498	66.7358
0.000352342	51.5203
0.000354186	39.2593
0.000356029	29.4026
0.000357873	21.7363
0.000359717	15.7843
0.00036156	11.3105
0.000363404	7.96158
0.000365247	5.52482
0.000367091	3.76966
0.000368935	2.53072
0.000370778	1.67414
0.000372622	1.08605
0.000374466	0.696897
0.000376309	0.436252
0.000378153	0.271752
0.000379997	0.163882
0.00038184	0.0992117
0.000383684	0.0575238
0.000385528	0.0338941
0.000387371	0.0188239
0.000389215	0.0108336
0.000391059	0.00574298
0.000392902	0.00323905
0.000394746	0.00165858
0.00039659	0.0009044
0.000398433	0.000402891
0.000400277	0.000235721
