0.000166815	0.000484095
0.000171844	0.000792741
0.000176872	0.00171868
0.000181901	0.0030286
0.000186929	0.00564026
0.000191958	0.00972209
0.000196986	0.0171294
0.000202014	0.0286353
0.000207043	0.0481342
0.000212071	0.0778544
0.0002171	0.125187
0.000222128	0.195567
0.000227157	0.301465
0.000232185	0.454305
0.000237214	0.672552
0.000242242	0.976992
0.00024727	1.39107
0.000252299	1.94732
0.000257327	2.6701
0.000262356	3.60237
0.000267384	4.7623
0.000272413	6.19542
0.000277441	7.90582
0.000282469	9.92674
0.000287498	12.2436
0.000292526	14.8596
0.000297555	17.7448
0.000302583	20.8615
0.000307612	24.1774
0.00031264	27.6209
0.000317669	31.178
0.000322697	34.7753
0.000327725	38.4377
0.000332754	42.1447
0.000337782	45.9713
0.000342811	50.0111
0.000347839	54.3846
0.000352868	59.3426
0.000357896	65.0282
0.000362924	71.8497
0.000367953	79.9396
0.000372981	89.8075
0.00037801	101.543
0.000383038	115.654
0.000388067	132.168
0.000393095	151.477
0.000398123	173.551
0.000403152	198.578
0.00040818	226.498
0.000413209	257.28
0.000418237	290.865
0.000423266	327.068
0.000428294	365.854
0.000433323	406.995
0.000438351	450.488
0.000443379	496.167
0.000448408	544.052
0.000453436	594.09
0.000458465	646.301
0.000463493	700.723
0.000468522	757.356
0.00047355	816.24
0.000478578	877.354
0.000483607	940.646
0.000488635	1006.08
0.000493664	1073.47
0.000498692	1142.78
0.000503721	1213.71
0.000508749	1286.26
0.000513778	1360.09
0.000518806	1435.18
0.000523834	1511.21
0.000528863	1588.14
0.000533891	1665.53
0.00053892	1743.31
0.000543948	1820.76
0.000548977	1897.79
0.000554005	1973.28
0.000559033	2047.18
0.000564062	2118.12
0.00056909	2186.12
0.000574119	2250.07
0.000579147	2310.07
0.000584176	2365.84
0.000589204	2417.49
0.000594233	2465.94
0.000599261	2511.24
0.000604289	2555.18
0.000609318	2597.76
0.000614346	2640.79
0.000619375	2684.21
0.000624403	2728.89
0.000629432	2774.75
0.00063446	2821.17
0.000639488	2868.1
0.000644517	2913.69
0.000649545	2957.92
0.000654574	2998.61
0.000659602	3035.77
0.000664631	3067.93
0.000669659	3095.11
0.000674688	3117.03
0.000679716	3133.69
0.000684744	3145.95
0.000689773	3153.85
0.000694801	3154.97
0.00069983	3153.7
0.000704858	3150.22
0.000709887	3139.22
0.000714915	3122.2
0.000719943	3099.34
0.000724972	3068.48
0.00073	3029.56
0.000735029	2981.91
0.000740057	2925.39
0.000745086	2861.4
0.000750114	2789.78
0.000755143	2713.84
0.000760171	2633.53
0.000765199	2552.93
0.000770228	2472.15
0.000775256	2394.42
0.000780285	2320
0.000785313	2250.12
0.000790342	2185.06
0.00079537	2123.85
0.000800398	2066.66
0.000805427	2011.05
0.000810455	1956.99
0.000815484	1901.76
0.000820512	1845.16
0.000825541	1785.29
0.000830569	1721.86
0.000835598	1654.39
0.000840626	1582.62
0.000845654	1507.48
0.000850683	1428.85
0.000855711	1348.58
0.00086074	1266.74
0.000865768	1185.43
0.000870797	1104.87
0.000875825	1026.85
0.000880853	951.632
0.000885882	880.355
0.00089091	813.279
0.000895939	750.794
0.000900967	693.091
0.000905996	639.944
0.000911024	591.439
0.000916052	546.935
0.000921081	506.415
0.000926109	469.039
0.000931138	434.702
0.000936166	402.571
0.000941195	372.48
0.000946223	343.791
0.000951252	316.316
0.00095628	289.737
0.000961308	263.894
0.000966337	238.814
0.000971365	214.413
0.000976394	190.969
0.000981422	168.495
0.000986451	147.354
0.000991479	127.64
0.000996507	109.636
0.00100154	93.4662
0.00100656	79.2247
0.00101159	67.013
0.00101662	56.7118
0.00102165	48.3575
0.00102668	41.6627
0.00103171	36.5836
0.00103673	32.7486
0.00104176	30.0434
0.00104679	28.1042
0.00105182	26.7742
0.00105685	25.7715
0.00106188	24.9349
0.00106691	24.1043
0.00107193	23.151
0.00107696	22.037
0.00108199	20.6901
0.00108702	19.1609
0.00109205	17.4385
0.00109708	15.6113
0.0011021	13.715
0.00110713	11.8302
0.00111216	10.0123
0.00111719	8.30818
0.00112222	6.76699
0.00112725	5.398
0.00113228	4.22856
0.0011373	3.24202
0.00114233	2.4412
0.00114736	1.79926
0.00115239	1.30143
0.00115742	0.922567
0.00116245	0.630797
0.00116747	0.437035
