0.000166815	6.97189e-05
0.000171844	0.000117903
0.000176872	0.000262456
0.000181901	0.000476161
0.000186929	0.000920525
0.000191958	0.00161741
0.000196986	0.00301014
0.000202014	0.00519231
0.000207043	0.00919399
0.000212071	0.0154426
0.0002171	0.0262283
0.000222128	0.0428246
0.000227157	0.0699449
0.000232185	0.110888
0.000237214	0.174548
0.000242242	0.268505
0.00024727	0.408126
0.000252299	0.609026
0.000257327	0.895459
0.000262356	1.29643
0.000267384	1.84682
0.000272413	2.59535
0.000277441	3.58744
0.000282469	4.89723
0.000287498	6.57775
0.000292526	8.73083
0.000297555	11.411
0.000302583	14.7436
0.000307612	18.7759
0.00031264	23.6438
0.000317669	29.3781
0.000322697	36.1033
0.000327725	43.8263
0.000332754	52.6337
0.000337782	62.507
0.000342811	73.4697
0.000347839	85.4856
0.000352868	98.5047
0.000357896	112.489
0.000362924	127.331
0.000367953	143.013
0.000372981	159.422
0.00037801	176.582
0.000383038	194.455
0.000388067	213.122
0.000393095	232.71
0.000398123	253.351
0.000403152	275.409
0.00040818	299.036
0.000413209	324.835
0.000418237	352.934
0.000423266	384.078
0.000428294	418.326
0.000433323	456.368
0.000438351	498.164
0.000443379	544.102
0.000448408	594.047
0.000453436	647.877
0.000458465	705.407
0.000463493	765.94
0.000468522	829.309
0.00047355	894.396
0.000478578	961.11
0.000483607	1028.26
0.000488635	1095.85
0.000493664	1163.02
0.000498692	1229.87
0.000503721	1296.13
0.000508749	1361.92
0.000513778	1427.59
0.000518806	1493.21
0.000523834	1559.45
0.000528863	1626.3
0.000533891	1694.32
0.00053892	1763.45
0.000543948	1833.74
0.000548977	1905.11
0.000554005	1977
0.000559033	2049.33
0.000564062	2121.05
0.00056909	2192.12
0.000574119	2261.24
0.000579147	2328.43
0.000584176	2392.47
0.000589204	2453.38
0.000594233	2510.31
0.000599261	2563.28
0.000604289	2611.96
0.000609318	2656.39
0.000614346	2696.9
0.000619375	2733.53
0.000624403	2767.27
0.000629432	2798.13
0.00063446	2827.54
0.000639488	2855.5
0.000644517	2883.4
0.000649545	2911.21
0.000654574	2939.68
0.000659602	2968.79
0.000664631	2998.13
0.000669659	3027.69
0.000674688	3055.82
0.000679716	3082.52
0.000684744	3105.39
0.000689773	3124.49
0.000694801	3135.45
0.00069983	3140.58
0.000704858	3139.76
0.000709887	3127.62
0.000714915	3106.49
0.000719943	3076.46
0.000724972	3037.92
0.00073	2990.79
0.000735029	2936.84
0.000740057	2876.04
0.000745086	2810.55
0.000750114	2740.39
0.000755143	2667.46
0.000760171	2591.83
0.000765199	2514.77
0.000770228	2436.36
0.000775256	2357.16
0.000780285	2277.25
0.000785313	2196.69
0.000790342	2115.5
0.00079537	2033.64
0.000800398	1951.09
0.000805427	1868.03
0.000810455	1784.41
0.000815484	1700.83
0.000820512	1617.27
0.000825541	1534.74
0.000830569	1453.27
0.000835598	1374.09
0.000840626	1297.3
0.000845654	1224.02
0.000850683	1154.41
0.000855711	1089.16
0.00086074	1028.45
0.000865768	972.327
0.000870797	920.922
0.000875825	873.622
0.000880853	830.48
0.000885882	790.425
0.00089091	753.396
0.000895939	718.228
0.000900967	684.759
0.000905996	652.091
0.000911024	620.017
0.000916052	588.131
0.000921081	556.254
0.000926109	524.49
0.000931138	492.752
0.000936166	461.487
0.000941195	430.719
0.000946223	400.986
0.000951252	372.401
0.00095628	345.356
0.000961308	319.994
0.000966337	296.432
0.000971365	274.78
0.000976394	254.879
0.000981422	236.761
0.000986451	220.088
0.000991479	204.809
0.000996507	190.552
0.00100154	177.205
0.00100656	164.494
0.00101159	152.291
0.00101662	140.484
0.00102165	128.978
0.00102668	117.817
0.00103171	106.966
0.00103673	96.5656
0.00104176	86.6432
0.00104679	77.3543
0.00105182	68.7667
0.00105685	60.9804
0.00106188	54.0698
0.00106691	48.0399
0.00107193	42.9385
0.00107696	38.6734
0.00108199	35.2433
0.00108702	32.489
0.00109205	30.3547
0.00109708	28.6623
0.0011021	27.315
0.00110713	26.1647
0.00111216	25.1005
0.00111719	24.0369
0.00112222	22.8805
0.00112725	21.615
0.00113228	20.1883
0.0011373	18.6367
0.00114233	16.9561
0.00114736	15.2057
0.00115239	13.4191
0.00115742	11.6499
0.00116245	9.9664
0.00116747	8.34525
