3.33898e-05	347.902
3.48982e-05	389.73
3.64066e-05	436.33
3.7915e-05	487.918
3.94234e-05	543.859
4.09318e-05	603.768
4.24402e-05	667.015
4.39487e-05	732.95
4.54571e-05	801.009
4.69655e-05	870.396
4.84739e-05	940.788
4.99823e-05	1011.46
5.14907e-05	1082.45
5.29991e-05	1153.33
5.45076e-05	1224.5
5.6016e-05	1296.05
5.75244e-05	1368.61
5.90328e-05	1442.84
6.05412e-05	1519.47
6.20496e-05	1599.59
6.3558e-05	1683.85
6.50665e-05	1773.59
6.65749e-05	1869.23
6.80833e-05	1972.04
6.95917e-05	2082.22
7.11001e-05	2200.69
7.26085e-05	2327.42
7.41169e-05	2462.87
7.56253e-05	2606.82
7.71338e-05	2759.23
7.86422e-05	2919.75
8.01506e-05	3087.9
8.1659e-05	3263.28
8.31674e-05	3445.04
8.46758e-05	3632.72
8.61842e-05	3825.15
8.76927e-05	4021.85
8.92011e-05	4221.31
9.07095e-05	4422.96
9.22179e-05	4624.93
9.37263e-05	4826.6
9.52347e-05	5025.67
9.67431e-05	5221.56
9.82516e-05	5411.69
9.976e-05	5595.67
0.000101268	5770.96
0.000102777	5937.48
0.000104285	6093.33
0.000105794	6238.78
0.000107302	6373.14
0.00010881	6496.95
0.000110319	6611.04
0.000111827	6716.02
0.000113336	6814.12
0.000114844	6905.79
0.000116353	6993.98
0.000117861	7078.9
0.000119369	7163.26
0.000120878	7247
0.000122386	7331.79
0.000123895	7417.35
0.000125403	7503.89
0.000126911	7591.07
0.00012842	7677.7
0.000129928	7763.51
0.000131437	7846.41
0.000132945	7926.26
0.000134453	8000.78
0.000135962	8069.97
0.00013747	8131.96
0.000138979	8186.86
0.000140487	8233.63
0.000141996	8272.41
0.000143504	8303.11
0.000145012	8325.85
0.000146521	8341.74
0.000148029	8350.37
0.000149538	8350.58
0.000151046	8347.16
0.000152554	8339.6
0.000154063	8325.19
0.000155571	8306.67
0.00015708	8283.74
0.000158588	8256.02
0.000160097	8223.4
0.000161605	8184.62
0.000163113	8139.62
0.000164622	8086.25
0.00016613	8024.5
0.000167639	7951.81
0.000169147	7868.21
0.000170655	7771.46
0.000172164	7661.62
0.000173672	7537.53
0.000175181	7399.28
0.000176689	7247.4
0.000178197	7081.93
0.000179706	6905.29
0.000181214	6717.47
0.000182723	6522.33
0.000184231	6319.85
0.00018574	6114.46
0.000187248	5906.13
0.000188756	5698.86
0.000190265	5492.62
0.000191773	5290.14
0.000193282	5091.43
0.00019479	4897.66
0.000196298	4708.86
0.000197807	4524.95
0.000199315	4345.95
0.000200824	4171.22
0.000202332	4000.75
0.000203841	3834.09
0.000205349	3671.18
0.000206857	3512.16
0.000208366	3356.99
0.000209874	3206.35
0.000211383	3060.25
0.000212891	2919.58
0.000214399	2784.38
0.000215908	2655.32
0.000217416	2532.44
0.000218925	2415.88
0.000220433	2305.69
0.000221941	2201.41
0.00022345	2103.09
0.000224958	2009.88
0.000226467	1921.77
0.000227975	1837.82
0.000229484	1757.98
0.000230992	1681.39
0.0002325	1608.01
0.000234009	1537.15
0.000235517	1468.76
0.000237026	1402.35
0.000238534	1337.86
0.000240042	1274.96
0.000241551	1213.61
0.000243059	1153.61
0.000244568	1094.92
0.000246076	1037.49
0.000247585	981.293
0.000249093	926.423
0.000250601	872.864
0.00025211	820.798
0.000253618	770.237
0.000255127	721.374
0.000256635	674.242
0.000258143	628.974
0.000259652	585.61
0.00026116	544.188
0.000262669	504.737
0.000264177	467.212
0.000265685	431.621
0.000267194	397.88
0.000268702	365.978
0.000270211	335.839
0.000271719	307.441
0.000273228	280.744
0.000274736	255.732
0.000276244	232.39
0.000277753	210.715
0.000279261	190.693
0.00028077	172.328
0.000282278	155.567
0.000283786	140.414
0.000285295	126.751
0.000286803	114.569
0.000288312	103.682
0.00028982	94.0531
0.000291329	85.4619
0.000292837	77.8408
0.000294345	70.9752
0.000295854	64.7773
0.000297362	59.081
0.000298871	53.7968
0.000300379	48.8307
0.000301887	44.1118
0.000303396	39.616
0.000304904	35.3043
0.000306413	31.1992
0.000307921	27.2944
0.000309429	23.6275
0.000310938	20.2144
0.000312446	17.0817
0.000313955	14.2516
0.000315463	11.7269
0.000316972	9.52189
0.00031848	7.61655
0.000319988	6.00987
0.000321497	4.66822
0.000323005	3.57548
0.000324514	2.69532
0.000326022	2.00199
0.00032753	1.46431
0.000329039	1.05385
0.000330547	0.74797
0.000332056	0.512463
0.000333564	0.359044
