0.000500379	1.35514e-11
0.000506246	5.27965e-11
0.000512113	1.70532e-10
0.000517979	6.40925e-10
0.000523846	1.90398e-09
0.000529712	6.5371e-09
0.000535579	1.88645e-08
0.000541445	5.94051e-08
0.000547312	1.65912e-07
0.000553178	4.81183e-07
0.000559045	1.2957e-06
0.000564911	3.47566e-06
0.000570778	8.98881e-06
0.000576644	2.23975e-05
0.000582511	5.54218e-05
0.000588378	0.000128824
0.000594244	0.000303873
0.000600111	0.000661668
0.000605977	0.00148263
0.000611844	0.0030363
0.00061771	0.0064425
0.000623577	0.0124551
0.000629443	0.0249549
0.00063531	0.0459046
0.000641176	0.0863586
0.000647043	0.153961
0.000652909	0.268575
0.000658776	0.45481
0.000664643	0.746509
0.000670509	1.19804
0.000676376	1.85691
0.000682242	2.82083
0.000688109	4.1391
0.000693975	5.95002
0.000699842	8.27954
0.000705708	11.2672
0.000711575	14.8863
0.000717441	19.1952
0.000723308	24.1025
0.000729174	29.4903
0.000735041	35.2268
0.000740908	40.9799
0.000746774	46.6357
0.000752641	51.7306
0.000758507	56.2303
0.000764374	59.7525
0.00077024	62.3343
0.000776107	63.8813
0.000781973	64.5371
0.00078784	64.395
0.000793706	63.9323
0.000799573	63.4801
0.000805439	63.089
0.000811306	63.3071
0.000817173	64.412
0.000823039	66.5139
0.000828906	69.8521
0.000834772	74.4027
0.000840639	80.1491
0.000846505	87.003
0.000852372	94.9597
0.000858238	103.896
0.000864105	113.88
0.000869971	125.048
0.000875838	137.518
0.000881704	151.871
0.000887571	168.205
0.000893438	187.436
0.000899304	209.575
0.000905171	235.434
0.000911037	264.912
0.000916904	298.165
0.00092277	335.027
0.000928637	374.694
0.000934503	417.029
0.00094037	460.494
0.000946236	505.064
0.000952103	549.2
0.000957969	592.997
0.000963836	635.774
0.000969703	677.687
0.000975569	719.402
0.000981436	761.053
0.000987302	804.496
0.000993169	849.791
0.000999035	899.301
0.0010049	953.001
0.00101077	1012.88
0.00101663	1078.86
0.0010225	1151.81
0.00102837	1231.65
0.00103423	1317.73
0.0010401	1410
0.00104597	1506.45
0.00105183	1607.05
0.0010577	1709.06
0.00106357	1812.5
0.00106943	1914.91
0.0010753	2016.3
0.00108117	2115.51
0.00108703	2212.53
0.0010929	2307.92
0.00109877	2401.67
0.00110463	2495.61
0.0011105	2589.75
0.00111637	2685.92
0.00112223	2784.16
0.0011281	2884.72
0.00113397	2987.72
0.00113983	3090.88
0.0011457	3194.31
0.00115157	3293.47
0.00115743	3388.41
0.0011633	3473.76
0.00116916	3549.44
0.00117503	3611.35
0.0011809	3659.74
0.00118676	3686.98
0.00119263	3699.82
0.0011985	3699.58
0.00120436	3677.09
0.00121023	3637.96
0.0012161	3582.76
0.00122196	3513.11
0.00122783	3428.87
0.0012337	3333.81
0.00123956	3227.87
0.00124543	3115.84
0.0012513	2997.89
0.00125716	2878.66
0.00126303	2758.55
0.0012689	2640.61
0.00127476	2525.34
0.00128063	2413.47
0.0012865	2305.35
0.00129236	2199.87
0.00129823	2097.11
0.0013041	1995.34
0.00130996	1894.37
0.00131583	1793.05
0.00132169	1691.09
0.00132756	1588.49
0.00133343	1485.02
0.00133929	1381.89
0.00134516	1279.03
0.00135103	1178.39
0.00135689	1080.15
0.00136276	986.22
0.00136863	896.981
0.00137449	813.585
0.00138036	736.436
0.00138623	665.587
0.00139209	601.284
0.00139796	542.743
0.00140383	489.952
0.00140969	441.9
0.00141556	398.389
0.00142143	358.662
0.00142729	322.489
0.00143316	289.473
0.00143903	259.462
0.00144489	232.252
0.00145076	207.776
0.00145663	185.841
0.00146249	166.41
0.00146836	149.231
0.00147422	134.258
0.00148009	121.181
0.00148596	109.93
0.00149182	100.172
0.00149769	91.8059
0.00150356	84.5191
0.00150942	78.1898
0.00151529	72.5722
0.00152116	67.5454
0.00152702	62.9574
0.00153289	58.7151
0.00153876	54.738
0.00154462	50.971
0.00155049	47.3597
0.00155636	43.8703
0.00156222	40.4541
0.00156809	37.0771
0.00157396	33.717
0.00157982	30.3403
0.00158569	26.9788
0.00159156	23.6225
0.00159742	20.3494
0.00160329	17.1904
0.00160916	14.2252
0.00161502	11.5128
0.00162089	9.09046
0.00162675	7.01104
0.00163262	5.25777
0.00163849	3.84841
0.00164435	2.73363
0.00165022	1.89221
0.00165609	1.27194
0.00166195	0.810097
0.00166782	0.528161
