3.33898e-05	17.403
3.59039e-05	17.6642
3.8418e-05	17.8404
4.09322e-05	17.935
4.34463e-05	17.9674
4.59604e-05	17.9216
4.84746e-05	17.7995
5.09887e-05	17.6142
5.35028e-05	17.3685
5.6017e-05	17.0685
5.85311e-05	16.7205
6.10452e-05	16.3324
6.35594e-05	15.9099
6.60735e-05	15.4619
6.85877e-05	14.993
7.11018e-05	14.5123
7.36159e-05	14.0231
7.61301e-05	13.5337
7.86442e-05	13.0462
8.11583e-05	12.5674
8.36725e-05	12.0985
8.61866e-05	11.6444
8.87007e-05	11.2055
9.12149e-05	10.785
9.3729e-05	10.3827
9.62431e-05	10.0003
9.87573e-05	9.63734
0.000101271	9.29413
0.000103786	8.97025
0.0001063	8.66521
0.000108814	8.37861
0.000111328	8.10956
0.000113842	7.85776
0.000116356	7.6222
0.00011887	7.40269
0.000121384	7.19833
0.000123899	7.00896
0.000126413	6.83383
0.000128927	6.67283
0.000131441	6.52532
0.000133955	6.39115
0.000136469	6.26971
0.000138983	6.16079
0.000141498	6.06367
0.000144012	5.97812
0.000146526	5.90319
0.00014904	5.83859
0.000151554	5.78314
0.000154068	5.73653
0.000156582	5.69731
0.000159096	5.66519
0.000161611	5.63853
0.000164125	5.61707
0.000166639	5.59907
0.000169153	5.58433
0.000171667	5.5711
0.000174181	5.55924
0.000176695	5.54711
0.00017921	5.53462
0.000181724	5.52029
0.000184238	5.50408
0.000186752	5.48473
0.000189266	5.46221
0.00019178	5.43553
0.000194294	5.40468
0.000196809	5.36892
0.000199323	5.32827
0.000201837	5.28227
0.000204351	5.23097
0.000206865	5.17422
0.000209379	5.11208
0.000211893	5.04474
0.000214407	4.97227
0.000216922	4.89524
0.000219436	4.81371
0.00022195	4.72859
0.000224464	4.63995
0.000226978	4.54899
0.000229492	4.45578
0.000232006	4.36173
0.000234521	4.26688
0.000237035	4.17273
0.000239549	4.07928
0.000242063	3.98798
0.000244577	3.8988
0.000247091	3.81295
0.000249605	3.73038
0.000252119	3.65191
0.000254634	3.5775
0.000257148	3.50747
0.000259662	3.44179
0.000262176	3.38022
0.00026469	3.32274
0.000267204	3.26862
0.000269718	3.21785
0.000272233	3.16928
0.000274747	3.12291
0.000277261	3.07738
0.000279775	3.03268
0.000282289	2.98741
0.000284803	2.94158
0.000287317	2.89398
0.000289831	2.84462
0.000292346	2.79264
0.00029486	2.73804
0.000297374	2.68047
0.000299888	2.61991
0.000302402	2.55651
0.000304916	2.49026
0.00030743	2.42177
0.000309945	2.351
0.000312459	2.27891
0.000314973	2.20546
0.000317487	2.13173
0.000320001	2.05773
0.000322515	1.98448
0.000325029	1.91201
0.000327544	1.84115
0.000330058	1.77193
0.000332572	1.70492
0.000335086	1.64014
0.0003376	1.57784
0.000340114	1.51805
0.000342628	1.46073
0.000345142	1.40591
0.000347657	1.35333
0.000350171	1.303
0.000352685	1.25457
0.000355199	1.20802
0.000357713	1.16297
0.000360227	1.11941
0.000362741	1.077
0.000365256	1.03571
0.00036777	0.995314
0.000370284	0.955779
0.000372798	0.916982
0.000375312	0.878898
0.000377826	0.841501
0.00038034	0.804774
0.000382854	0.768761
0.000385369	0.733457
0.000387883	0.698942
0.000390397	0.665221
0.000392911	0.632381
0.000395425	0.600433
0.000397939	0.56945
0.000400453	0.539445
0.000402968	0.510463
0.000405482	0.482516
0.000407996	0.455617
0.00041051	0.429775
0.000413024	0.404973
0.000415538	0.381215
0.000418052	0.358461
0.000420566	0.336708
0.000423081	0.315901
0.000425595	0.296035
0.000428109	0.277047
0.000430623	0.258926
0.000433137	0.241613
0.000435651	0.225093
0.000438165	0.209315
0.00044068	0.194264
0.000443194	0.179899
0.000445708	0.166207
0.000448222	0.153157
0.000450736	0.140739
0.00045325	0.128936
0.000455764	0.117739
0.000458279	0.107139
0.000460793	0.097131
0.000463307	0.0877084
0.000465821	0.0788693
0.000468335	0.0706064
0.000470849	0.0629186
0.000473363	0.0557933
0.000475877	0.0492286
0.000478392	0.0432043
0.000480906	0.037716
0.00048342	0.0327353
0.000485934	0.0282535
0.000488448	0.0242354
0.000490962	0.0206676
0.000493476	0.0175107
0.000495991	0.0147463
0.000498505	0.0123342
0.000501019	0.0102522
0.000503533	0.00846204
0.000506047	0.00693939
0.000508561	0.00565008
0.000511075	0.00456952
0.000513589	0.00366909
0.000516104	0.00292545
0.000518618	0.00231602
0.000521132	0.00181992
0.000523646	0.00142035
0.00052616	0.00109965
0.000528674	0.000845951
0.000531188	0.000640289
0.000533703	0.000489156
