0.000500379	3.22611e-39
0.000507084	1.38161e-37
0.000513789	5.42965e-37
0.000520493	2.00516e-35
0.000527198	7.88005e-35
0.000533903	2.49651e-33
0.000540607	9.8617e-33
0.000547312	2.68243e-31
0.000554017	1.06425e-30
0.000560721	2.48775e-29
0.000567426	9.90392e-29
0.000574131	1.99184e-27
0.000580835	7.94781e-27
0.00058754	1.37711e-25
0.000594244	5.50008e-25
0.000600949	8.22366e-24
0.000607654	3.2823e-23
0.000614358	4.24298e-22
0.000621063	1.68921e-21
0.000627768	1.89205e-20
0.000634472	7.49709e-20
0.000641177	7.29479e-19
0.000647882	2.86958e-18
0.000654586	2.4327e-17
0.000661291	9.47275e-17
0.000667995	7.02031e-16
0.0006747	2.69701e-15
0.000681405	1.75396e-14
0.000688109	6.62303e-14
0.000694814	3.79575e-13
0.000701519	1.4029e-12
0.000708223	7.11875e-12
0.000714928	2.56343e-11
0.000721633	1.15759e-10
0.000728337	4.04092e-10
0.000735042	1.63288e-09
0.000741746	5.49603e-09
0.000748451	1.99885e-08
0.000755156	6.45035e-08
0.00076186	2.12415e-07
0.000768565	6.5336e-07
0.00077527	1.96013e-06
0.000781974	5.71269e-06
0.000788679	1.57089e-05
0.000795384	4.31275e-05
0.000802088	0.000109345
0.000808793	0.000281207
0.000815497	0.000661025
0.000822202	0.00158426
0.000828907	0.00347024
0.000835611	0.00771569
0.000842316	0.0158183
0.000849021	0.0325065
0.000855725	0.0628113
0.00086243	0.118833
0.000869135	0.220878
0.000875839	0.382653
0.000882544	0.658066
0.000889249	1.0641
0.000895953	1.69546
0.000902658	2.56569
0.000909362	3.79679
0.000916067	5.38861
0.000922772	7.4383
0.000929476	9.92865
0.000936181	12.865
0.000942886	16.2248
0.00094959	19.9057
0.000956295	23.9005
0.000963	28.082
0.000969704	32.4692
0.000976409	37.0492
0.000983113	41.8579
0.000989818	47.083
0.000996523	52.7573
0.00100323	59.2389
0.00100993	66.5445
0.00101664	75.0908
0.00102334	84.8792
0.00103005	96.2759
0.00103675	109.279
0.00104346	124.181
0.00105016	140.994
0.00105686	160.077
0.00106357	181.468
0.00107027	205.872
0.00107698	233.332
0.00108368	265.052
0.00109039	301.041
0.00109709	342.648
0.0011038	389.826
0.0011105	443.227
0.00111721	502.785
0.00112391	567.772
0.00113062	638.153
0.00113732	712.039
0.00114402	789.437
0.00115073	868.324
0.00115743	948.722
0.00116414	1029.38
0.00117084	1110.29
0.00117755	1191.04
0.00118425	1271.6
0.00119096	1351.92
0.00119766	1431.97
0.00120437	1512.08
0.00121107	1592.22
0.00121778	1673.87
0.00122448	1756.95
0.00123119	1844.58
0.00123789	1936.72
0.00124459	2036.97
0.0012513	2145.46
0.001258	2263.64
0.00126471	2391.84
0.00127141	2526.81
0.00127812	2668.94
0.00128482	2809.92
0.00129153	2949.92
0.00129823	3078.09
0.00130494	3194.17
0.00131164	3289.47
0.00131835	3363.86
0.00132505	3408.84
0.00133175	3430.97
0.00133846	3432.57
0.00134516	3409.12
0.00135187	3370.95
0.00135857	3318.58
0.00136528	3259.91
0.00137198	3195.7
0.00137869	3130.32
0.00138539	3064.58
0.0013921	2998.6
0.0013988	2932.72
0.00140551	2865.4
0.00141221	2796.47
0.00141891	2725.3
0.00142562	2651.66
0.00143232	2575.96
0.00143903	2498.28
0.00144573	2418.65
0.00145244	2337.3
0.00145914	2253.09
0.00146585	2166.03
0.00147255	2074.64
0.00147926	1978.58
0.00148596	1877.4
0.00149267	1770.65
0.00149937	1659.63
0.00150608	1544.11
0.00151278	1426.97
0.00151948	1308.35
0.00152619	1191.99
0.00153289	1078.47
0.0015396	971.273
0.0015463	871.315
0.00155301	780.629
0.00155971	700.185
0.00156642	629.835
0.00157312	570.177
0.00157983	519.141
0.00158653	476.647
0.00159324	439.869
0.00159994	408.099
0.00160664	379.107
0.00161335	351.959
0.00162005	325.751
0.00162676	299.8
0.00163346	274.33
0.00164017	249.149
0.00164687	224.86
0.00165358	201.643
0.00166028	179.842
0.00166699	159.705
0.00167369	141.166
0.0016804	124.314
0.0016871	108.897
0.00169381	94.8372
0.00170051	81.9482
0.00170721	70.1061
0.00171392	59.2747
0.00172062	49.3869
0.00172733	40.4832
0.00173403	32.5703
0.00174074	25.6592
0.00174744	19.781
0.00175415	14.8638
0.00176085	10.9054
0.00176756	7.76788
0.00177426	5.39044
0.00178097	3.62338
0.00178767	2.36377
0.00179437	1.49579
0.00180108	0.911288
0.00180778	0.542935
0.00181449	0.306456
0.00182119	0.172456
0.0018279	0.0791802
0.0018346	0.0477784
