0.000500379	9.58828e-47
0.000507922	7.05304e-45
0.000515465	2.79245e-44
0.000523008	1.75389e-42
0.00053055	6.97276e-42
0.000538093	3.72809e-40
0.000545636	1.4928e-39
0.000553179	6.79749e-38
0.000560721	2.74021e-37
0.000568264	1.06328e-35
0.000575807	4.3128e-35
0.00058335	1.42707e-33
0.000590892	5.82018e-33
0.000598435	1.6437e-31
0.000605978	6.73483e-31
0.000613521	1.62507e-29
0.000621063	6.68257e-29
0.000628606	1.37942e-27
0.000636149	5.68596e-27
0.000643692	1.0056e-25
0.000651234	4.14884e-25
0.000658777	6.29788e-24
0.00066632	2.59618e-23
0.000673862	3.38979e-22
0.000681405	1.39334e-21
0.000688948	1.56872e-20
0.000696491	6.41394e-20
0.000704033	6.24486e-19
0.000711576	2.53268e-18
0.000719119	2.1396e-17
0.000726662	8.57964e-17
0.000734204	6.31288e-16
0.000741747	2.49372e-15
0.00074929	1.60501e-14
0.000756833	6.2199e-14
0.000764375	3.51856e-13
0.000771918	1.33154e-12
0.000779461	6.65548e-12
0.000787004	2.44711e-11
0.000794546	1.08695e-10
0.000802089	3.86181e-10
0.000809632	1.53366e-09
0.000817175	5.23471e-09
0.000824717	1.87066e-08
0.00083226	6.09689e-08
0.000839803	1.97346e-07
0.000847345	6.10392e-07
0.000854888	1.80141e-06
0.000862431	5.25524e-06
0.000869974	1.42326e-05
0.000877516	3.89299e-05
0.000885059	9.73479e-05
0.000892602	0.000248276
0.000900145	0.000576467
0.000907687	0.00136405
0.00091523	0.0029554
0.000922773	0.00646075
0.000930316	0.0131159
0.000937858	0.0264015
0.000945401	0.0509575
0.000952944	0.0939468
0.000960487	0.171866
0.000968029	0.291746
0.000975572	0.491777
0.000983115	0.77871
0.000990658	1.21104
0.0009982	1.79002
0.00100574	2.57224
0.00101329	3.54771
0.00102083	4.7204
0.00102837	6.06984
0.00103591	7.49594
0.00104346	8.979
0.001051	10.3205
0.00105854	11.5166
0.00106608	12.3946
0.00107363	12.942
0.00108117	12.9673
0.00108871	12.7923
0.00109626	12.4061
0.0011038	11.8089
0.00111134	11.3782
0.00111888	11.0956
0.00112643	11.1645
0.00113397	11.8113
0.00114151	13.0556
0.00114906	14.9436
0.0011566	17.5398
0.00116414	20.8479
0.00117168	24.9683
0.00117923	29.9072
0.00118677	35.8837
0.00119431	42.8976
0.00120185	51.2005
0.0012094	60.7833
0.00121694	71.6762
0.00122448	83.8704
0.00123203	97.013
0.00123957	111.104
0.00124711	125.597
0.00125465	140.496
0.0012622	155.527
0.00126974	170.688
0.00127728	186.331
0.00128482	202.444
0.00129237	219.944
0.00129991	238.822
0.00130745	260.168
0.001315	283.988
0.00132254	311.121
0.00133008	341.591
0.00133762	375.667
0.00134517	413.396
0.00135271	454.276
0.00136025	498.365
0.00136779	544.344
0.00137534	592.26
0.00138288	640.134
0.00139042	687.977
0.00139797	733.542
0.00140551	776.775
0.00141305	815.751
0.00142059	850.342
0.00142814	879.588
0.00143568	903.311
0.00144322	921.926
0.00145076	935.283
0.00145831	945.016
0.00146585	951.107
0.00147339	955.587
0.00148094	958.625
0.00148848	961.465
0.00149602	964.402
0.00150356	967.034
0.00151111	969.575
0.00151865	970.178
0.00152619	968.354
0.00153373	964.077
0.00154128	954.359
0.00154882	939.431
0.00155636	919.415
0.00156391	894.967
0.00157145	865.968
0.00157899	834.197
0.00158653	799.856
0.00159408	764.299
0.00160162	727.839
0.00160916	690.964
0.0016167	653.839
0.00162425	616.594
0.00163179	579.205
0.00163933	542.122
0.00164688	505.307
0.00165442	469.644
0.00166196	435.245
0.0016695	402.991
0.00167705	373.142
0.00168459	346.054
0.00169213	321.991
0.00169968	300.597
0.00170722	281.972
0.00171476	265.284
0.0017223	250.4
0.00172985	236.505
0.00173739	223.311
0.00174493	210.444
0.00175247	197.65
0.00176002	185.022
0.00176756	172.496
0.0017751	160.289
0.00178265	148.494
0.00179019	137.123
0.00179773	126.256
0.00180527	115.695
0.00181282	105.393
0.00182036	95.2059
0.0018279	85.0133
0.00183544	74.9222
0.00184299	64.8851
0.00185053	55.1949
0.00185807	45.9475
0.00186562	37.4062
0.00187316	29.7436
0.0018807	23.0399
0.00188824	17.4247
0.00189579	12.797
0.00190333	9.17509
0.00191087	6.37569
0.00191841	4.31962
0.00192596	2.83732
0.0019335	1.80938
0.00194104	1.12333
0.00194859	0.670709
0.00195613	0.394018
0.00196367	0.218229
0.00197121	0.12196
0.00197876	0.0618254
0.0019863	0.0331822
0.00199384	0.0142122
0.00200138	0.00788887
