3.33898e-05	0.0161822
3.52334e-05	0.0253331
3.70771e-05	0.0480002
3.89207e-05	0.0794209
4.07644e-05	0.133502
4.2608e-05	0.215136
4.44517e-05	0.348272
4.62953e-05	0.545892
4.8139e-05	0.852574
4.99827e-05	1.29854
5.18263e-05	1.95958
5.367e-05	2.89823
5.55136e-05	4.23144
5.73573e-05	6.07495
5.92009e-05	8.59112
6.10446e-05	11.9713
6.28882e-05	16.4156
6.47319e-05	22.2053
6.65755e-05	29.5534
6.84192e-05	38.8237
7.02628e-05	50.2017
7.21065e-05	64.0909
7.39502e-05	80.6034
7.57938e-05	100.102
7.76375e-05	122.592
7.94811e-05	148.296
8.13248e-05	177.112
8.31684e-05	209.038
8.50121e-05	243.906
8.68557e-05	281.474
8.86994e-05	321.583
9.0543e-05	363.837
9.23867e-05	408.171
9.42303e-05	454.213
9.6074e-05	502.058
9.79177e-05	551.59
9.97613e-05	603.072
0.000101605	656.846
0.000103449	713.299
0.000105292	773.314
0.000107136	837.311
0.00010898	906.636
0.000110823	981.641
0.000112667	1063.9
0.000114511	1153.62
0.000116354	1252.26
0.000118198	1359.87
0.000120042	1477.49
0.000121885	1605.01
0.000123729	1742.84
0.000125572	1890.75
0.000127416	2048.49
0.00012926	2215.8
0.000131103	2391.82
0.000132947	2576.3
0.000134791	2767.96
0.000136634	2966.58
0.000138478	3170.64
0.000140322	3379.95
0.000142165	3592.84
0.000144009	3809.16
0.000145853	4027.16
0.000147696	4246.7
0.00014954	4466
0.000151384	4684.94
0.000153227	4901.74
0.000155071	5116.31
0.000156915	5326.91
0.000158758	5533.47
0.000160602	5734.34
0.000162446	5929.47
0.000164289	6117.3
0.000166133	6297.81
0.000167977	6469.63
0.00016982	6632.77
0.000171664	6786.19
0.000173507	6929.97
0.000175351	7063.66
0.000177195	7187.38
0.000179038	7301.5
0.000180882	7406.11
0.000182726	7502.32
0.000184569	7590.17
0.000186413	7671
0.000188257	7744.75
0.0001901	7812.16
0.000191944	7873.14
0.000193788	7927.06
0.000195631	7973.82
0.000197475	8012.35
0.000199319	8041.97
0.000201162	8049.93
0.000203006	8052.27
0.00020485	8047.12
0.000206693	8014.75
0.000208537	7965.83
0.000210381	7900.02
0.000212224	7816.22
0.000214068	7714.47
0.000215912	7597.36
0.000217755	7464.86
0.000219599	7321.73
0.000221442	7167.92
0.000223286	7009.43
0.00022513	6846.22
0.000226973	6684.32
0.000228817	6523.73
0.000230661	6369.19
0.000232504	6220.76
0.000234348	6080.91
0.000236192	5949.76
0.000238035	5827.1
0.000239879	5713.09
0.000241723	5605.3
0.000243566	5503.81
0.00024541	5405.03
0.000247254	5308.95
0.000249097	5212.05
0.000250941	5114.21
0.000252785	5012.91
0.000254628	4908
0.000256472	4798.26
0.000258316	4683.55
0.000260159	4563.82
0.000262003	4438.98
0.000263847	4309.66
0.00026569	4175.83
0.000267534	4038.49
0.000269377	3897.64
0.000271221	3754.46
0.000273065	3608.96
0.000274908	3462.48
0.000276752	3315.06
0.000278596	3168.19
0.000280439	3021.94
0.000282283	2877.79
0.000284127	2735.88
0.00028597	2597.45
0.000287814	2462.67
0.000289658	2332.3
0.000291501	2206.53
0.000293345	2085.49
0.000295189	1969.33
0.000297032	1857.62
0.000298876	1750.42
0.00030072	1647
0.000302563	1547.32
0.000304407	1450.7
0.000306251	1357
0.000308094	1265.88
0.000309938	1177.18
0.000311782	1091.02
0.000313625	1007.3
0.000315469	926.479
0.000317312	848.581
0.000319156	774.18
0.000321	703.395
0.000322843	636.66
0.000324687	574.134
0.000326531	515.941
0.000328374	462.205
0.000330218	412.719
0.000332062	367.521
0.000333905	326.182
0.000335749	288.641
0.000337593	254.419
0.000339436	223.383
0.00034128	195.138
0.000343124	169.534
0.000344967	146.306
0.000346811	125.332
0.000348655	106.449
0.000350498	89.5789
0.000352342	74.5958
0.000354186	61.452
0.000356029	50.0029
0.000357873	40.2051
0.000359717	31.8765
0.00036156	24.9555
0.000363404	19.2373
0.000365247	14.6355
0.000367091	10.952
0.000368935	8.08411
0.000370778	5.86658
0.000372622	4.19574
0.000374466	2.95113
0.000376309	2.04245
0.000378153	1.3922
0.000379997	0.931228
0.00038184	0.615305
0.000383684	0.397241
0.000385528	0.254595
0.000387371	0.158402
0.000389215	0.098574
0.000391059	0.059001
0.000392902	0.0357007
0.000394746	0.0205146
0.00039659	0.0120918
0.000398433	0.00602725
0.000400277	0.0038296
