0.000500379	8.50478e-78
0.000507922	5.77645e-75
0.000515465	2.30803e-74
0.000523008	1.30027e-71
0.00053055	5.24482e-71
0.000538093	2.44977e-68
0.000545636	9.98008e-68
0.000553179	3.8646e-65
0.000560721	1.59021e-64
0.000568264	5.10483e-62
0.000575807	2.12177e-61
0.00058335	5.64641e-59
0.000590892	2.37065e-58
0.000598435	5.2299e-56
0.000605978	2.21804e-55
0.000613521	4.05664e-53
0.000621063	1.73785e-52
0.000628606	2.63523e-50
0.000636149	1.14026e-49
0.000643692	1.43378e-47
0.000651234	6.26543e-47
0.000658777	6.53425e-45
0.00066632	2.88317e-44
0.000673862	2.49464e-42
0.000681405	1.11115e-41
0.000688948	7.97955e-40
0.000696491	3.58656e-39
0.000704033	2.13883e-37
0.000711576	9.69621e-37
0.000719119	4.80494e-35
0.000726662	2.19569e-34
0.000734204	9.04931e-33
0.000741747	4.16494e-32
0.00074929	1.42917e-30
0.000756833	6.61836e-30
0.000764375	1.89337e-28
0.000771918	8.81115e-28
0.000779461	2.10498e-26
0.000787004	9.82878e-26
0.000794546	1.96484e-24
0.000802089	9.18764e-24
0.000809632	1.54067e-22
0.000817175	7.19791e-22
0.000824717	1.01548e-20
0.00083226	4.72692e-20
0.000839803	5.63029e-19
0.000847345	2.60257e-18
0.000854888	2.62809e-17
0.000862431	1.20165e-16
0.000869974	1.0337e-15
0.000877516	4.65386e-15
0.000885059	3.42939e-14
0.000892602	1.51231e-13
0.000900145	9.60627e-13
0.000907687	4.12487e-12
0.00091523	2.2744e-11
0.000922773	9.44694e-11
0.000930316	4.55621e-10
0.000937858	1.81753e-09
0.000945401	7.7302e-09
0.000952944	2.93902e-08
0.000960487	1.11175e-07
0.000968029	3.99675e-07
0.000975572	1.35636e-06
0.000983115	4.57385e-06
0.000990658	1.40451e-05
0.0009982	4.4081e-05
0.00100574	0.000123487
0.00101329	0.000358083
0.00102083	0.000922028
0.00102837	0.00245419
0.00103591	0.00584689
0.00104346	0.0142078
0.001051	0.0314903
0.00105854	0.0695765
0.00106608	0.144067
0.00107363	0.288746
0.00108117	0.568302
0.00108871	1.03393
0.00109626	1.89299
0.0011038	3.17419
0.00111134	5.29359
0.00111888	8.27079
0.00112643	12.6714
0.00113397	18.4963
0.00114151	26.2864
0.00114906	36.029
0.0011566	48.075
0.00116414	62.4179
0.00117168	79.2977
0.00117923	98.7225
0.00118677	121.087
0.00119431	146.396
0.00120185	175.208
0.0012094	207.511
0.00121694	243.577
0.00122448	283.388
0.00123203	326.518
0.00123957	372.965
0.00124711	421.85
0.00125465	473.18
0.0012622	526.41
0.00126974	581.535
0.00127728	638.998
0.00128482	698.776
0.00129237	762.328
0.00129991	829.636
0.00130745	902.491
0.001315	980.913
0.00132254	1066.01
0.00133008	1157.84
0.00133762	1256.2
0.00134517	1361.17
0.00135271	1471.45
0.00136025	1587.09
0.00136779	1706.19
0.00137534	1828.79
0.00138288	1952.44
0.00139042	2077.19
0.00139797	2199.92
0.00140551	2320.63
0.00141305	2435.91
0.00142059	2545.69
0.00142814	2647.04
0.00143568	2739.8
0.00144322	2821.95
0.00145076	2893.29
0.00145831	2952.94
0.00146585	3000.64
0.00147339	3037.28
0.00148094	3062.76
0.00148848	3079.01
0.00149602	3087.68
0.00150356	3089.17
0.00151111	3086.84
0.00151865	3081.67
0.00152619	3072.77
0.00153373	3059.04
0.00154128	3041.03
0.00154882	3014.33
0.00155636	2978.72
0.00156391	2929.86
0.00157145	2866.91
0.00157899	2788.22
0.00158653	2692.7
0.00159408	2583.28
0.00160162	2459.31
0.00160916	2327.74
0.0016167	2189.05
0.00162425	2050.73
0.00163179	1914.34
0.00163933	1783.99
0.00164688	1661.3
0.00165442	1546.12
0.00166196	1439.08
0.0016695	1338.3
0.00167705	1243.47
0.00168459	1153.47
0.00169213	1067.92
0.00169968	986.375
0.00170722	908.792
0.00171476	834.272
0.0017223	762.672
0.00172985	692.962
0.00173739	624.597
0.00174493	557.857
0.00175247	492.311
0.00176002	429.781
0.00176756	370.593
0.0017751	316.555
0.00178265	268.573
0.00179019	226.908
0.00179773	192.224
0.00180527	163.272
0.00181282	139.952
0.00182036	120.662
0.0018279	104.751
0.00183544	91.1755
0.00184299	79.2631
0.00185053	68.6259
0.00185807	58.8669
0.00186562	49.9472
0.00187316	41.7222
0.0018807	34.255
0.00188824	27.5361
0.00189579	21.6151
0.00190333	16.5329
0.00191087	12.2631
0.00191841	8.83214
0.00192596	6.12814
0.0019335	4.11687
0.00194104	2.65388
0.00194859	1.64777
0.00195613	0.98457
0.00196367	0.559071
0.00197121	0.310563
0.00197876	0.156721
0.0019863	0.0830035
0.00199384	0.0347678
0.00200138	0.0186892
