0.000500379	1.11732e-129
0.00050876	5.73196e-125
0.000517141	2.29275e-124
0.000525522	9.02124e-120
0.000533903	3.64532e-119
0.000542284	1.09991e-114
0.000550665	4.49066e-114
0.000559045	1.0389e-109
0.000567426	4.2863e-109
0.000575807	7.60189e-105
0.000584188	3.16995e-104
0.000592569	4.30917e-100
0.00060095	1.81643e-99
0.00060933	1.89229e-95
0.000617711	8.06454e-95
0.000626092	6.43735e-91
0.000634473	2.7742e-90
0.000642854	1.69648e-86
0.000651235	7.39421e-86
0.000659615	3.46345e-82
0.000667996	1.52701e-81
0.000676377	5.47763e-78
0.000684758	2.44336e-77
0.000693139	6.71115e-74
0.00070152	3.0292e-73
0.0007099	6.36978e-70
0.000718281	2.90981e-69
0.000726662	4.68357e-66
0.000735043	2.16569e-65
0.000743424	2.66784e-62
0.000751805	1.24889e-61
0.000760186	1.17727e-58
0.000768566	5.58013e-58
0.000776947	4.02476e-55
0.000785328	1.9318e-54
0.000793709	1.06601e-51
0.00080209	5.18175e-51
0.000810471	2.18755e-48
0.000818851	1.07693e-47
0.000827232	3.4782e-45
0.000835613	1.73418e-44
0.000843994	4.28535e-42
0.000852375	2.16373e-41
0.000860756	4.09164e-39
0.000869136	2.09176e-38
0.000877517	3.02797e-36
0.000885898	1.56684e-35
0.000894279	1.73712e-33
0.00090266	9.09385e-33
0.000911041	7.72758e-31
0.000919421	4.08963e-30
0.000927802	2.66646e-28
0.000936183	1.42509e-27
0.000944564	7.13999e-26
0.000952945	3.84797e-25
0.000961326	1.48449e-23
0.000969707	8.05132e-23
0.000978087	2.39826e-21
0.000986468	1.30547e-20
0.000994849	3.01343e-19
0.00100323	1.64043e-18
0.00101161	2.94838e-17
0.00101999	1.59761e-16
0.00102837	2.24952e-15
0.00103675	1.20602e-14
0.00104513	1.34069e-13
0.00105351	7.05774e-13
0.0010619	6.25405e-12
0.00107028	3.20247e-11
0.00107866	2.28839e-10
0.00108704	1.12699e-09
0.00109542	6.58265e-09
0.0011038	3.07683e-08
0.00111218	1.49171e-07
0.00112056	6.51962e-07
0.00112894	2.66762e-06
0.00113732	1.07278e-05
0.0011457	3.76868e-05
0.00115409	0.000137173
0.00116247	0.000420726
0.00117085	0.00136425
0.00117923	0.00370928
0.00118761	0.0105653
0.00119599	0.0257898
0.00120437	0.063808
0.00121275	0.141129
0.00122113	0.301108
0.00122951	0.622495
0.00123789	1.15083
0.00124627	2.08963
0.00125466	3.4378
0.00126304	5.39963
0.00127142	7.96111
0.0012798	11.0311
0.00128818	14.6006
0.00129656	18.2651
0.00130494	22.0335
0.00131332	25.7589
0.0013217	29.4524
0.00133008	33.8118
0.00133846	38.8332
0.00134684	45.7492
0.00135523	54.5532
0.00136361	66.1846
0.00137199	80.6386
0.00138037	98.6653
0.00138875	120.222
0.00139713	147.305
0.00140551	179.824
0.00141389	221.909
0.00142227	273.552
0.00143065	338.867
0.00143903	418.089
0.00144741	511.155
0.0014558	618.405
0.00146418	734.74
0.00147256	860.181
0.00148094	989.366
0.00148932	1121.89
0.0014977	1256.92
0.00150608	1394.1
0.00151446	1535.96
0.00152284	1682.67
0.00153122	1835.01
0.0015396	1993.53
0.00154798	2154.2
0.00155637	2317.41
0.00156475	2475.29
0.00157313	2627.73
0.00158151	2766.24
0.00158989	2890.09
0.00159827	2993.8
0.00160665	3076.19
0.00161503	3138.19
0.00162341	3179.26
0.00163179	3203.81
0.00164017	3216.72
0.00164855	3219.19
0.00165694	3217.41
0.00166532	3213.23
0.0016737	3202.72
0.00168208	3182.91
0.00169046	3154.37
0.00169884	3111.69
0.00170722	3053.6
0.0017156	2979.8
0.00172398	2889.01
0.00173236	2786.79
0.00174074	2673.1
0.00174912	2555.63
0.00175751	2436.14
0.00176589	2317.56
0.00177427	2201.8
0.00178265	2085.59
0.00179103	1968.86
0.00179941	1848.13
0.00180779	1721.85
0.00181617	1591.34
0.00182455	1455.61
0.00183293	1320.09
0.00184131	1185.3
0.00184969	1057.47
0.00185808	938.331
0.00186646	831.898
0.00187484	740.333
0.00188322	663.343
0.0018916	602.388
0.00189998	552.798
0.00190836	514.276
0.00191674	480.383
0.00192512	448.938
0.0019335	415.695
0.00194188	377.806
0.00195026	335.832
0.00195865	288.288
0.00196703	239.427
0.00197541	190.253
0.00198379	144.673
0.00199217	105.056
0.00200055	72.1207
0.00200893	47.4058
0.00201731	29.1424
0.00202569	17.1558
0.00203407	9.43463
0.00204245	4.81078
0.00205083	2.44896
0.00205922	1.09933
0.0020676	0.505208
0.00207598	0.205096
0.00208436	0.082228
0.00209274	0.0305774
0.00210112	0.0105265
0.0021095	0.00363403
0.00211788	0.00105739
0.00212626	0.000343382
0.00213464	8.31931e-05
0.00214302	2.57258e-05
0.0021514	5.11917e-06
0.00215979	1.46434e-06
0.00216817	2.4607e-07
