0.000500379	1.19192e-189
0.00050876	2.71367e-182
0.000517141	1.08547e-181
0.000525522	1.65121e-174
0.000533903	6.67242e-174
0.000542284	6.78079e-167
0.000550665	2.76853e-166
0.000559045	1.87925e-159
0.000567426	7.75375e-159
0.000575807	3.51493e-152
0.000584188	1.4658e-151
0.000592569	4.43684e-145
0.00060095	1.87039e-144
0.00060933	3.77966e-138
0.000617711	1.61098e-137
0.000626092	2.17296e-131
0.000634473	9.36575e-131
0.000642854	8.43081e-125
0.000651235	3.6753e-124
0.000659615	2.20751e-118
0.000667996	9.73511e-118
0.000676377	3.90077e-112
0.000684758	1.74054e-111
0.000693139	4.65167e-106
0.00070152	2.10051e-105
0.0007099	3.74349e-100
0.000718281	1.71104e-99
0.000726662	2.03306e-94
0.000735043	9.40789e-94
0.000743424	7.45124e-89
0.000751805	3.49156e-88
0.000760186	1.84293e-83
0.000768566	8.74665e-83
0.000776947	3.07601e-78
0.000785328	1.47897e-77
0.000793709	3.4647e-73
0.00080209	1.68799e-72
0.000810471	2.63353e-68
0.000818851	1.3004e-67
0.000827232	1.35085e-63
0.000835613	6.76204e-63
0.000843994	4.67596e-59
0.000852375	2.37341e-58
0.000860756	1.09228e-54
0.000869136	5.62291e-54
0.000877517	1.72186e-50
0.000885898	8.99175e-50
0.000894279	1.83177e-46
0.00090266	9.70558e-46
0.000911041	1.31515e-42
0.000919421	7.07121e-42
0.000927802	6.3728e-39
0.000936183	3.47746e-38
0.000944564	2.0844e-35
0.000952945	1.15433e-34
0.000961326	4.60248e-32
0.000969707	2.5864e-31
0.000978087	6.86224e-29
0.000986468	3.91174e-28
0.000994849	6.91129e-26
0.00100323	3.99354e-25
0.00101161	4.70449e-23
0.00101999	2.75215e-22
0.00102837	2.16616e-20
0.00103675	1.28036e-19
0.00104513	6.75527e-18
0.00105351	4.02131e-17
0.0010619	1.42947e-15
0.00107028	8.52753e-15
0.00107866	2.05807e-13
0.00108704	1.22116e-12
0.00109542	2.02367e-11
0.0011038	1.18119e-10
0.00111218	1.3659e-09
0.00112056	7.72032e-09
0.00112894	6.36868e-08
0.00113732	3.41171e-07
0.0011457	2.06604e-06
0.00115409	1.02029e-05
0.00116247	4.69547e-05
0.00117085	0.000206767
0.00117923	0.000751387
0.00118761	0.00284559
0.00119599	0.00848111
0.00120437	0.0266831
0.00121275	0.0673923
0.00122113	0.171407
0.00122951	0.385609
0.00123789	0.785533
0.00124627	1.50965
0.00125466	2.55528
0.00126304	3.99882
0.00127142	5.83938
0.0012798	8.07254
0.00128818	10.7223
0.00129656	14.4882
0.00130494	19.3851
0.00131332	27.0714
0.0013217	37.525
0.00133008	51.5234
0.00133846	69.058
0.00134684	88.7692
0.00135523	110.666
0.00136361	133.479
0.00137199	157.193
0.00138037	181.907
0.00138875	207.631
0.00139713	233.824
0.00140551	260.458
0.00141389	287.637
0.00142227	315.213
0.00143065	346.455
0.00143903	381.295
0.00144741	423.837
0.0014558	474.02
0.00146418	536.818
0.00147256	612.123
0.00148094	707.048
0.00148932	822.176
0.0014977	958.329
0.00150608	1116.69
0.00151446	1285.43
0.00152284	1464.78
0.00153122	1639.89
0.0015396	1809.64
0.00154798	1967.44
0.00155637	2111.94
0.00156475	2245.97
0.00157313	2368.9
0.00158151	2488.3
0.00158989	2604.97
0.00159827	2721.91
0.00160665	2840.82
0.00161503	2953.67
0.00162341	3060.73
0.00163179	3150.64
0.00164017	3221.46
0.00164855	3271.34
0.00165694	3299.95
0.00166532	3305.71
0.0016737	3298.77
0.00168208	3282.82
0.00169046	3253.78
0.00169884	3215.57
0.00170722	3169.45
0.0017156	3114.78
0.00172398	3052
0.00173236	2978.73
0.00174074	2894.87
0.00174912	2797.55
0.00175751	2685.64
0.00176589	2560.2
0.00177427	2419.71
0.00178265	2272.29
0.00179103	2118.36
0.00179941	1967.8
0.00180779	1823.62
0.00181617	1688.54
0.00182455	1565.22
0.00183293	1448.66
0.00184131	1338.5
0.00184969	1229.78
0.00185808	1119.86
0.00186646	1010.92
0.00187484	901.887
0.00188322	799.023
0.0018916	704.742
0.00189998	619.924
0.00190836	546.673
0.00191674	480.263
0.00192512	419.268
0.0019335	361.833
0.00194188	305.938
0.00195026	254.407
0.00195865	207.904
0.00196703	167.986
0.00197541	136.138
0.00198379	110.742
0.00199217	91.7441
0.00200055	77.1817
0.00200893	66.1999
0.00201731	57.4661
0.00202569	50.1036
0.00203407	43.3916
0.00204245	36.4748
0.00205083	29.8062
0.00205922	23.2408
0.0020676	17.5626
0.00207598	13.3142
0.00208436	10.4984
0.00209274	9.19609
0.00210112	8.50354
0.0021095	8.09232
0.00211788	7.62446
0.00212626	6.60632
0.00213464	5.36614
0.00214302	3.96649
0.0021514	2.63596
0.00215979	1.6381
0.00216817	0.882645
