0.000500379	1.03344e-15
0.000506246	5.27824e-15
0.000512113	1.80126e-14
0.000517979	8.73402e-14
0.000523846	2.80056e-13
0.000529712	1.23523e-12
0.000535579	3.88417e-12
0.000541445	1.56322e-11
0.000547312	4.80565e-11
0.000553178	1.77065e-10
0.000559045	5.30427e-10
0.000564911	1.79549e-09
0.000570778	5.22324e-09
0.000576644	1.63024e-08
0.000582511	4.58903e-08
0.000588378	1.3256e-07
0.000594244	3.59747e-07
0.000600111	9.65432e-07
0.000605977	2.51654e-06
0.000611844	6.29816e-06
0.00061771	1.57101e-05
0.000623577	3.68047e-05
0.000629443	8.75327e-05
0.00063531	0.000192656
0.000641176	0.000435344
0.000647043	0.000903272
0.000652909	0.00193299
0.000658776	0.00379282
0.000664643	0.00766378
0.000670509	0.0142608
0.000676376	0.0271374
0.000682242	0.0491226
0.000688109	0.0865863
0.000693975	0.148813
0.000699842	0.246664
0.000705708	0.401084
0.000711575	0.627468
0.000717441	0.963835
0.000723308	1.42623
0.000729174	2.06874
0.000735041	2.89999
0.000740908	3.97472
0.000746774	5.28582
0.000752641	6.85806
0.000758507	8.66825
0.000764374	10.682
0.00077024	12.8734
0.000776107	15.1525
0.000781973	17.514
0.00078784	19.8703
0.000793706	22.2548
0.000799573	24.6787
0.000805439	27.2137
0.000811306	30.0518
0.000817173	33.2849
0.000823039	37.3057
0.000828906	42.2057
0.000834772	48.5374
0.000840639	56.3791
0.000846505	66.3789
0.000852372	78.5933
0.000858238	93.6967
0.000864105	111.709
0.000869971	133.223
0.000875838	158.203
0.000881704	186.977
0.000887571	219.45
0.000893438	255.475
0.000899304	294.923
0.000905171	337.074
0.000911037	381.827
0.000916904	428.06
0.00092277	475.757
0.000928637	523.87
0.000934503	572.482
0.00094037	621.205
0.000946236	670.18
0.000952103	720.026
0.000957969	770.855
0.000963836	824.082
0.000969703	879.718
0.000975569	939.178
0.000981436	1002.37
0.000987302	1069.75
0.000993169	1141.19
0.000999035	1215.76
0.0010049	1293.36
0.00101077	1372.1
0.00101663	1451.96
0.0010225	1531.06
0.00102837	1609.46
0.00103423	1686.09
0.0010401	1761
0.00104597	1834.04
0.00105183	1905.24
0.0010577	1974.88
0.00106357	2042.97
0.00106943	2109.98
0.0010753	2175.91
0.00108117	2241.7
0.00108703	2307.34
0.0010929	2374.57
0.00109877	2443.38
0.00110463	2515.84
0.0011105	2591.98
0.00111637	2672.6
0.00112223	2757.78
0.0011281	2845.3
0.00113397	2935.3
0.00113983	3022.11
0.0011457	3105.84
0.00115157	3179.04
0.00115743	3241.66
0.0011633	3288.16
0.00116916	3318.86
0.00117503	3323.6
0.0011809	3313.55
0.00118676	3290.81
0.00119263	3245.54
0.0011985	3188.67
0.00120436	3120.84
0.00121023	3048
0.0012161	2970.37
0.00122196	2893.41
0.00122783	2817.53
0.0012337	2745.76
0.00123956	2678.52
0.00124543	2616.23
0.0012513	2559.22
0.00125716	2505.71
0.00126303	2455.85
0.0012689	2406.52
0.00127476	2357.65
0.00128063	2305.85
0.0012865	2250.82
0.00129236	2190.11
0.00129823	2123.27
0.0013041	2049.64
0.00130996	1968.82
0.00131583	1882.16
0.00132169	1789.47
0.00132756	1693.55
0.00133343	1594.55
0.00133929	1495.55
0.00134516	1396.99
0.00135103	1301.12
0.00135689	1208.46
0.00136276	1119.84
0.00136863	1035.64
0.00137449	955.515
0.00138036	879.545
0.00138623	807.041
0.00139209	737.84
0.00139796	671.711
0.00140383	608.45
0.00140969	548.533
0.00141556	491.925
0.00142143	439.413
0.00142729	391.189
0.00143316	347.697
0.00143903	309.218
0.00144489	275.445
0.00145076	246.531
0.00145663	221.513
0.00146249	200.279
0.00146836	181.682
0.00147422	165.384
0.00148009	150.55
0.00148596	136.79
0.00149182	123.795
0.00149769	111.306
0.00150356	99.4151
0.00150942	88.0608
0.00151529	77.4385
0.00152116	67.6216
0.00152702	58.682
0.00153289	50.7022
0.00153876	43.5939
0.00154462	37.3665
0.00155049	31.8693
0.00155636	27.0423
0.00156222	22.7745
0.00156809	18.9911
0.00157396	15.6475
0.00157982	12.6974
0.00158569	10.1282
0.00159156	7.92465
0.00159742	6.0654
0.00160329	4.54317
0.00160916	3.31613
0.00161502	2.36523
0.00162089	1.64072
0.00162675	1.10969
0.00163262	0.730672
0.00163849	0.466815
0.00164435	0.291963
0.00165022	0.175464
0.00165609	0.104492
0.00166195	0.0543385
0.00166782	0.0334658
