0.000500379	5.70584e-79
0.000507922	6.52326e-76
0.000515465	2.60759e-75
0.000523008	2.41925e-72
0.00053055	9.76531e-72
0.000538093	7.34996e-69
0.000545636	2.9968e-68
0.000553179	1.82968e-65
0.000560721	7.53628e-65
0.000568264	3.73215e-62
0.000575807	1.55304e-61
0.00058335	6.23796e-59
0.000590892	2.62261e-58
0.000598435	8.54353e-56
0.000605978	3.62921e-55
0.000613521	9.58865e-53
0.000621063	4.11546e-52
0.000628606	8.81901e-50
0.000636149	3.82431e-49
0.000643692	6.64733e-47
0.000651234	2.91218e-46
0.000658777	4.10647e-44
0.00066632	1.81725e-43
0.000673862	2.07932e-41
0.000681405	9.29273e-41
0.000688948	8.63076e-39
0.000696491	3.89413e-38
0.000704033	2.93706e-36
0.000711576	1.33727e-35
0.000719119	8.19564e-34
0.000726662	3.76333e-33
0.000734204	1.87565e-31
0.000741747	8.67924e-31
0.00074929	3.52155e-29
0.000756833	1.64042e-28
0.000764375	5.42587e-27
0.000771918	2.541e-26
0.000779461	6.86325e-25
0.000787004	3.2259e-24
0.000794546	7.13061e-23
0.000802089	3.35671e-22
0.000809632	6.08857e-21
0.000817175	2.86303e-20
0.000824717	4.27564e-19
0.00083226	2.00184e-18
0.000839803	2.4714e-17
0.000847345	1.14756e-16
0.000854888	1.17696e-15
0.000862431	5.39435e-15
0.000869974	4.62309e-14
0.000877516	2.07977e-13
0.000885059	1.49964e-12
0.000892602	6.57854e-12
0.000900145	4.0225e-11
0.000907687	1.70786e-10
0.00091523	8.93442e-10
0.000922773	3.6409e-09
0.000930316	1.64553e-08
0.000937858	6.37812e-08
0.000945401	2.51662e-07
0.000952944	9.18956e-07
0.000960487	3.20013e-06
0.000968029	1.09025e-05
0.000975572	3.38759e-05
0.000983115	0.000106672
0.000990658	0.000298877
0.0009982	0.000862438
0.00100574	0.00220033
0.00101329	0.0057761
0.00102083	0.0135345
0.00102837	0.0321453
0.00103591	0.069671
0.00104346	0.14921
0.001051	0.300774
0.00105854	0.580258
0.00106608	1.1205
0.00107363	1.95383
0.00108117	3.40493
0.00108871	5.49928
0.00109626	8.72054
0.0011038	13.0665
0.00111134	18.9799
0.00111888	26.4177
0.00112643	35.4071
0.00113397	45.8884
0.00114151	57.2407
0.00114906	69.4389
0.0011566	81.5342
0.00116414	93.5603
0.00117168	105.033
0.00117923	116.012
0.00118677	127.007
0.00119431	138.055
0.00120185	150.437
0.0012094	164.164
0.00121694	180.913
0.00122448	200.691
0.00123203	225.824
0.00123957	256.305
0.00124711	295.266
0.00125465	342.685
0.0012622	401.133
0.00126974	470.618
0.00127728	550.819
0.00128482	641.804
0.00129237	739.702
0.00129991	844.574
0.00130745	951.297
0.001315	1059.81
0.00132254	1167.13
0.00133008	1273.07
0.00133762	1378.5
0.00134517	1483.24
0.00135271	1591.08
0.00136025	1702.02
0.00136779	1819.55
0.00137534	1944
0.00138288	2074.55
0.00139042	2211.74
0.00139797	2348.45
0.00140551	2484.97
0.00141305	2610.79
0.00142059	2725.42
0.00142814	2821.78
0.00143568	2898.76
0.00144322	2957.76
0.00145076	2997.88
0.00145831	3027.64
0.00146585	3047.09
0.00147339	3065.44
0.00148094	3083.71
0.00148848	3105.63
0.00149602	3132.5
0.00150356	3160.47
0.00151111	3190.25
0.00151865	3212.91
0.00152619	3227.26
0.00153373	3229.64
0.00154128	3212.49
0.00154882	3174.29
0.00155636	3114.98
0.00156391	3034.78
0.00157145	2932.98
0.00157899	2814.08
0.00158653	2677.89
0.00159408	2531.47
0.00160162	2375.3
0.00160916	2217.11
0.0016167	2058.22
0.00162425	1903.87
0.00163179	1755.61
0.00163933	1614.75
0.00164688	1482.09
0.00165442	1357.04
0.00166196	1239.5
0.0016695	1129.6
0.00167705	1027.22
0.00168459	933.138
0.00169213	847.719
0.00169968	770.539
0.00170722	701.973
0.00171476	639.943
0.0017223	584.146
0.00172985	532.502
0.00173739	484.205
0.00174493	438.609
0.00175247	395.155
0.00176002	354.258
0.00176756	315.907
0.0017751	280.471
0.00178265	248.134
0.00179019	218.877
0.00179773	192.776
0.00180527	169.659
0.00181282	149.537
0.00182036	132.089
0.0018279	117.296
0.00183544	104.576
0.00184299	93.7569
0.00185053	84.2094
0.00185807	75.5987
0.00186562	67.5775
0.00187316	59.8358
0.0018807	52.3671
0.00188824	45.0347
0.00189579	38.0109
0.00190333	31.3274
0.00191087	25.1633
0.00191841	19.6384
0.00192596	14.8255
0.0019335	10.8367
0.00194104	7.60416
0.00194859	5.15302
0.00195613	3.3344
0.00196367	2.07325
0.00197121	1.23335
0.00197876	0.694574
0.0019863	0.38136
0.00199384	0.168853
0.00200138	0.0980175
