0.000500379	3.26903e-204
0.000509598	2.36713e-197
0.000518817	9.46851e-197
0.000528036	4.93159e-190
0.000537255	1.99282e-189
0.000546474	7.46462e-183
0.000555693	3.04773e-182
0.000564912	8.20883e-176
0.000574131	3.38694e-175
0.00058335	6.55852e-169
0.000592569	2.73503e-168
0.000601788	3.80697e-162
0.000611007	1.60487e-161
0.000620226	1.60547e-155
0.000629445	6.84286e-155
0.000638664	4.9189e-149
0.000647883	2.12011e-148
0.000657101	1.09491e-142
0.00066632	4.7731e-142
0.000675539	1.77063e-136
0.000684758	7.80844e-136
0.000693977	2.08025e-130
0.000703196	9.28217e-130
0.000712415	1.77558e-124
0.000721634	8.0178e-124
0.000730853	1.10103e-118
0.000740072	5.03248e-118
0.000749291	4.96007e-113
0.00075851	2.29524e-112
0.000767729	1.62333e-107
0.000776948	7.6067e-107
0.000786167	3.85967e-102
0.000795386	1.83182e-101
0.000804605	6.66681e-97
0.000813823	3.20546e-96
0.000823042	8.3658e-92
0.000832261	4.07583e-91
0.00084148	7.62634e-87
0.000850699	3.76583e-86
0.000859918	5.05058e-82
0.000869137	2.52828e-81
0.000878356	2.42986e-77
0.000887575	1.23341e-76
0.000896794	8.49252e-73
0.000906013	4.37228e-72
0.000915232	2.15628e-68
0.000924451	1.12623e-67
0.00093367	3.9773e-64
0.000942889	2.10797e-63
0.000952108	5.32953e-60
0.000961327	2.86695e-59
0.000970545	5.18815e-56
0.000979764	2.83331e-55
0.000988983	3.66917e-52
0.000998202	2.03464e-51
0.00100742	1.88526e-48
0.00101664	1.06169e-47
0.00102586	7.03787e-45
0.00103508	4.02562e-44
0.0010443	1.90904e-41
0.00105352	1.10914e-40
0.00106273	3.76305e-38
0.00107195	2.22059e-37
0.00108117	5.39125e-35
0.00109039	3.23056e-34
0.00109961	5.61522e-32
0.00110883	3.41525e-31
0.00111805	4.25324e-29
0.00112727	2.62368e-28
0.00113649	2.34402e-26
0.00114571	1.46473e-25
0.00115492	9.40561e-24
0.00116414	5.94266e-23
0.00117336	2.75051e-21
0.00118258	1.7523e-20
0.0011918	5.86961e-19
0.00120102	3.75563e-18
0.00121024	9.15691e-17
0.00121946	5.85143e-16
0.00122868	1.04678e-14
0.00123789	6.62878e-14
0.00124711	8.79486e-13
0.00125633	5.46165e-12
0.00126555	5.45088e-11
0.00127477	3.27428e-10
0.00128399	2.5026e-09
0.00129321	1.42915e-08
0.00130243	8.54909e-08
0.00131165	4.5456e-07
0.00132087	2.18185e-06
0.00133008	1.05491e-05
0.0013393	4.17317e-05
0.00134852	0.000178957
0.00135774	0.000599185
0.00136696	0.00222496
0.00137618	0.00645866
0.0013854	0.0203484
0.00139462	0.0522091
0.00140384	0.13759
0.00141305	0.316114
0.00142227	0.6927
0.00143149	1.47201
0.00144071	2.74064
0.00144993	4.95032
0.00145915	8.10104
0.00146837	12.4853
0.00147759	18.1166
0.00148681	24.7105
0.00149603	32.2596
0.00150524	40.6368
0.00151446	49.7544
0.00152368	61.3054
0.0015329	75.1741
0.00154212	95.066
0.00155134	121.044
0.00156056	155.903
0.00156978	199.955
0.001579	251.979
0.00158821	312.224
0.00159743	376.557
0.00160665	444.835
0.00161587	514.143
0.00162509	583.935
0.00163431	656.094
0.00164353	729.842
0.00165275	814.177
0.00166197	908.844
0.00167118	1026.59
0.0016804	1169.01
0.00168962	1338.94
0.00169884	1539.29
0.00170806	1752.3
0.00171728	1978.71
0.0017265	2192.43
0.00173572	2390.08
0.00174494	2561.49
0.00175416	2702.68
0.00176337	2823.87
0.00177259	2924.93
0.00178181	3017.41
0.00179103	3104.42
0.00180025	3182.9
0.00180947	3254.34
0.00181869	3308.22
0.00182791	3343.55
0.00183713	3352.09
0.00184634	3341.2
0.00185556	3319.25
0.00186478	3285.49
0.001874	3248.1
0.00188322	3211.47
0.00189244	3165.31
0.00190166	3110.74
0.00191088	3029.15
0.0019201	2915.06
0.00192932	2765.1
0.00193853	2572.8
0.00194775	2358.02
0.00195697	2121.66
0.00196619	1888.11
0.00197541	1664.71
0.00198463	1462.15
0.00199385	1286.81
0.00200307	1136.39
0.00201229	1012.77
0.0020215	909.264
0.00203072	824.734
0.00203994	753.109
0.00204916	692.376
0.00205838	638.11
0.0020676	588.416
0.00207682	540.388
0.00208604	492.2
0.00209526	443.437
0.00210448	392.826
0.00211369	342.725
0.00212291	293.524
0.00213213	247.627
0.00214135	206.552
0.00215057	170.332
0.00215979	139.757
0.00216901	113.444
0.00217823	90.9018
0.00218745	71.4127
0.00219666	54.3062
0.00220588	39.7657
0.0022151	27.7501
0.00222432	18.2298
0.00223354	11.3516
0.00224276	6.52858
0.00225198	3.49402
0.0022612	1.77524
0.00227042	0.79256
0.00227964	0.361226
0.00228885	0.142692
0.00229807	0.0541633
0.00230729	0.0193251
0.00231651	0.00594989
0.00232573	0.00184542
0.00233495	0.000477269
