3.33898e-05	281.287
3.48982e-05	309.109
3.64066e-05	341.325
3.7915e-05	378.04
3.94234e-05	418.948
4.09318e-05	463.914
4.24402e-05	512.491
4.39487e-05	564.265
4.54571e-05	618.852
4.69655e-05	675.674
4.84739e-05	734.653
4.99823e-05	795.341
5.14907e-05	858.086
5.29991e-05	922.91
5.45076e-05	990.469
5.6016e-05	1061.41
5.75244e-05	1136.39
5.90328e-05	1216.46
6.05412e-05	1301.93
6.20496e-05	1393.78
6.3558e-05	1491.83
6.50665e-05	1596.47
6.65749e-05	1707.21
6.80833e-05	1823.66
6.95917e-05	1945.37
7.11001e-05	2071.47
7.26085e-05	2201.75
7.41169e-05	2335.39
7.56253e-05	2472.44
7.71338e-05	2612.5
7.86422e-05	2755.65
8.01506e-05	2901.87
8.1659e-05	3051.19
8.31674e-05	3203.64
8.46758e-05	3359.2
8.61842e-05	3517.83
8.76927e-05	3679.56
8.92011e-05	3844.42
9.07095e-05	4012.58
9.22179e-05	4184.36
9.37263e-05	4359.96
9.52347e-05	4540
9.67431e-05	4724.45
9.82516e-05	4913.78
9.976e-05	5107.6
0.000101268	5305.51
0.000102777	5506.9
0.000104285	5710.15
0.000105794	5914.64
0.000107302	6117.81
0.00010881	6319.25
0.000110319	6516.16
0.000111827	6708.32
0.000113336	6893.29
0.000114844	7070.93
0.000116353	7239.22
0.000117861	7398.04
0.000119369	7545.57
0.000120878	7681.74
0.000122386	7804.97
0.000123895	7915.37
0.000125403	8012.1
0.000126911	8095.53
0.00012842	8166.33
0.000129928	8224.98
0.000131437	8274
0.000132945	8313.76
0.000134453	8347.96
0.000135962	8376.67
0.00013747	8403.27
0.000138979	8427.48
0.000140487	8450.77
0.000141996	8472.7
0.000143504	8492.35
0.000145012	8508.95
0.000146521	8516.78
0.000148029	8520.14
0.000149538	8516.87
0.000151046	8498.44
0.000152554	8468.4
0.000154063	8426.32
0.000155571	8371.6
0.00015708	8304.44
0.000158588	8226.51
0.000160097	8137.89
0.000161605	8040.99
0.000163113	7935.8
0.000164622	7824.48
0.00016613	7707.01
0.000167639	7585.23
0.000169147	7459.13
0.000170655	7330.8
0.000172164	7200.23
0.000173672	7070.13
0.000175181	6940.46
0.000176689	6813.95
0.000178197	6690.56
0.000179706	6571.68
0.000181214	6457.26
0.000182723	6346.16
0.000184231	6238.39
0.00018574	6130.24
0.000187248	6021.77
0.000188756	5908.2
0.000190265	5789.54
0.000191773	5662.04
0.000193282	5525.66
0.00019479	5379.3
0.000196298	5222.84
0.000197807	5058.24
0.000199315	4885.38
0.000200824	4708.43
0.000202332	4527.34
0.000203841	4346.95
0.000205349	4167.34
0.000206857	3992.47
0.000208366	3822.51
0.000209874	3659.43
0.000211383	3503.45
0.000212891	3354.27
0.000214399	3212.04
0.000215908	3074.81
0.000217416	2942.61
0.000218925	2813.01
0.000220433	2685.88
0.000221941	2559.64
0.00022345	2434.06
0.000224958	2309.11
0.000226467	2184.6
0.000227975	2061.97
0.000229484	1941.15
0.000230992	1824.25
0.0002325	1711.39
0.000234009	1604.25
0.000235517	1503.08
0.000237026	1408.43
0.000238534	1320.56
0.000240042	1238.79
0.000241551	1163.24
0.000243059	1092.53
0.000244568	1026.57
0.000246076	963.958
0.000247585	904.489
0.000249093	847.218
0.000250601	791.93
0.00025211	738.287
0.000253618	686.148
0.000255127	635.61
0.000256635	586.631
0.000258143	539.472
0.000259652	494.16
0.00026116	450.92
0.000262669	409.804
0.000264177	370.932
0.000265685	334.35
0.000267194	300.091
0.000268702	268.182
0.000270211	238.591
0.000271719	211.332
0.000273228	186.308
0.000274736	163.519
0.000276244	142.809
0.000277753	124.157
0.000279261	107.383
0.00028077	92.4426
0.000282278	79.175
0.000283786	67.5283
0.000285295	57.3782
0.000286803	48.6827
0.000288312	41.3313
0.00028982	35.2968
0.000291329	30.4358
0.000292837	26.7218
0.000294345	23.948
0.000295854	22.0646
0.000297362	20.8162
0.000298871	20.1137
0.000300379	19.7086
0.000301887	19.4809
0.000303396	19.2538
0.000304904	18.9064
0.000306413	18.3724
0.000307921	17.567
0.000309429	16.5261
0.000310938	15.2243
0.000312446	13.7548
0.000313955	12.1484
0.000315463	10.5003
0.000316972	8.8718
0.00031848	7.32283
0.000319988	5.91276
0.000321497	4.65714
0.000323005	3.59127
0.000324514	2.69894
0.000326022	1.98628
0.00032753	1.42487
0.000329039	0.999832
0.000330547	0.685215
0.000332056	0.448254
0.000333564	0.300169
