0.000500379	2.12789e-60
0.000507922	4.70789e-58
0.000515465	1.87677e-57
0.000523008	3.48166e-55
0.00053055	1.39921e-54
0.000538093	2.17415e-52
0.000545636	8.81792e-52
0.000553179	1.14777e-49
0.000560721	4.6976e-49
0.000568264	5.12289e-47
0.000575807	2.11553e-46
0.00058335	1.93332e-44
0.000590892	8.05394e-44
0.000598435	6.16974e-42
0.000605978	2.59212e-41
0.000613521	1.66515e-39
0.000621063	7.053e-39
0.000628606	3.80126e-37
0.000636149	1.62248e-36
0.000643692	7.34104e-35
0.000651234	3.15562e-34
0.000658777	1.19958e-32
0.00066632	5.18934e-32
0.000673862	1.65898e-30
0.000681405	7.21571e-30
0.000688948	1.94227e-28
0.000696491	8.48418e-28
0.000704033	1.92562e-26
0.000711576	8.43582e-26
0.000719119	1.61726e-24
0.000726662	7.0935e-24
0.000734204	1.15112e-22
0.000741747	5.04474e-22
0.00074929	6.94702e-21
0.000756833	3.03457e-20
0.000764375	3.55671e-19
0.000771918	1.5441e-18
0.000779461	1.54573e-17
0.000787004	6.64682e-17
0.000794546	5.70607e-16
0.000802089	2.42083e-15
0.000809632	1.7905e-14
0.000817175	7.46073e-14
0.000824717	4.77932e-13
0.00083226	1.94594e-12
0.000839803	1.08605e-11
0.000847345	4.29616e-11
0.000854888	2.10257e-10
0.000862431	8.03005e-10
0.000869974	3.47042e-09
0.000877516	1.27098e-08
0.000885059	4.88674e-08
0.000892602	1.70395e-07
0.000900145	5.87337e-07
0.000907687	1.93555e-06
0.00091523	6.02769e-06
0.000922773	1.86354e-05
0.000930316	5.28327e-05
0.000937858	0.000152143
0.000945401	0.000395518
0.000952944	0.00105385
0.000960487	0.00252874
0.000968029	0.00619737
0.000975572	0.0138051
0.000983115	0.0309688
0.000990658	0.0643436
0.0009982	0.131654
0.00100574	0.258566
0.00101329	0.480963
0.00102083	0.892501
0.00102837	1.52036
0.00103591	2.57573
0.00104346	4.08181
0.001051	6.34717
0.00105854	9.37577
0.00106608	13.4639
0.00107363	18.5877
0.00108117	24.8493
0.00108871	32.2105
0.00109626	40.4778
0.0011038	49.6239
0.00111134	59.2492
0.00111888	69.3456
0.00112643	79.4761
0.00113397	89.6443
0.00114151	99.463
0.00114906	108.954
0.0011566	117.956
0.00116414	126.527
0.00117168	135.297
0.00117923	144.346
0.00118677	155.721
0.00119431	169.459
0.00120185	188.64
0.0012094	213.214
0.00121694	245.37
0.00122448	285.023
0.00123203	331.294
0.00123957	384.15
0.00124711	439.55
0.00125465	497.523
0.0012622	553.64
0.00126974	607.905
0.00127728	658.915
0.00128482	706.607
0.00129237	753.427
0.00129991	799.316
0.00130745	848.237
0.001315	900.214
0.00132254	957.968
0.00133008	1021.57
0.00133762	1092.07
0.00134517	1169.47
0.00135271	1254.86
0.00136025	1348.16
0.00136779	1451.78
0.00137534	1565.73
0.00138288	1692.65
0.00139042	1832.83
0.00139797	1985.71
0.00140551	2151.9
0.00141305	2324.43
0.00142059	2503.83
0.00142814	2677.25
0.00143568	2844.52
0.00144322	2992.42
0.00145076	3119.83
0.00145831	3220.64
0.00146585	3293.6
0.00147339	3340.9
0.00148094	3365.84
0.00148848	3370.03
0.00149602	3363.82
0.00150356	3351.16
0.00151111	3332.1
0.00151865	3307.55
0.00152619	3278.66
0.00153373	3238.87
0.00154128	3187.84
0.00154882	3119.75
0.00155636	3032.96
0.00156391	2928.84
0.00157145	2805.95
0.00157899	2673.27
0.00158653	2531.01
0.00159408	2390.01
0.00160162	2252.25
0.00160916	2123.42
0.0016167	2005.89
0.00162425	1897.53
0.00163179	1799.39
0.00163933	1704.76
0.00164688	1612.75
0.00165442	1518.05
0.00166196	1418.71
0.0016695	1314.61
0.00167705	1204.39
0.00168459	1092.49
0.00169213	979.088
0.00169968	869.764
0.00170722	765.964
0.00171476	671.151
0.0017223	586.987
0.00172985	513.692
0.00173739	452.188
0.00174493	400.416
0.00175247	358.261
0.00176002	323.148
0.00176756	294.293
0.0017751	269.848
0.00178265	248.973
0.00179019	230.71
0.00179773	214.529
0.00180527	199.842
0.00181282	186.365
0.00182036	173.513
0.0018279	160.993
0.00183544	148.42
0.00184299	135.444
0.00185053	122.24
0.00185807	108.648
0.00186562	95.3065
0.00187316	82.4344
0.0018807	70.5662
0.00188824	60.1248
0.00189579	51.1053
0.00190333	43.7454
0.00191087	37.6251
0.00191841	32.6175
0.00192596	28.3341
0.0019335	24.466
0.00194104	20.9182
0.00194859	17.488
0.00195613	14.2824
0.00196367	11.3005
0.00197121	8.63697
0.00197876	6.37999
0.0019863	4.5165
0.00199384	3.06498
0.00200138	2.0191
