0.000500379	3.72447e-269
0.000510437	1.70571e-260
0.000520494	6.82284e-260
0.000530551	2.13004e-251
0.000540608	8.60732e-251
0.000550665	1.83149e-242
0.000560722	7.47779e-242
0.000570779	1.08431e-233
0.000580836	4.47384e-233
0.000590893	4.42011e-225
0.00060095	1.84327e-224
0.000611007	1.24063e-216
0.000621064	5.22998e-216
0.000631121	2.39759e-208
0.000641178	1.02191e-207
0.000651235	3.19031e-200
0.000661292	1.37507e-199
0.000671349	2.9229e-192
0.000681406	1.2742e-191
0.000691463	1.8438e-184
0.00070152	8.13116e-184
0.000711577	8.00814e-177
0.000721634	3.57328e-176
0.000731691	2.39477e-169
0.000741748	1.08139e-168
0.000751806	4.93071e-162
0.000761863	2.2537e-161
0.00077192	6.98979e-155
0.000781977	3.23452e-154
0.000792034	6.82223e-148
0.000802091	3.19686e-147
0.000812148	4.58451e-141
0.000822205	2.17588e-140
0.000832262	2.1211e-134
0.000842319	1.01987e-133
0.000852376	6.75659e-128
0.000862433	3.29197e-127
0.00087249	1.4818e-121
0.000882547	7.31752e-121
0.000892604	2.23741e-115
0.000902661	1.12013e-114
0.000912718	2.32589e-109
0.000922775	1.18079e-108
0.000932832	1.66464e-103
0.000942889	8.57181e-103
0.000952946	8.20223e-98
0.000963003	4.28518e-97
0.00097306	2.78243e-92
0.000983117	1.47524e-91
0.000993175	6.49817e-87
0.00100323	3.49746e-86
0.00101329	1.0448e-81
0.00102335	5.71004e-81
0.0010334	1.15649e-76
0.00104346	6.4198e-76
0.00105352	8.8129e-72
0.00106357	4.97049e-71
0.00107363	4.6234e-67
0.00108369	2.65016e-66
0.00109374	1.66982e-62
0.0011038	9.73062e-62
0.00111386	4.15185e-58
0.00112392	2.46039e-57
0.00113397	7.10698e-54
0.00114403	4.28413e-53
0.00115409	8.37542e-50
0.00116414	5.1371e-49
0.0011742	6.79552e-46
0.00118426	4.24199e-45
0.00119432	3.79628e-42
0.00120437	2.41224e-41
0.00121443	1.46035e-38
0.00122449	9.44652e-38
0.00123454	3.86882e-35
0.0012446	2.54759e-34
0.00125466	7.06039e-32
0.00126471	4.73149e-31
0.00127477	8.87887e-29
0.00128483	6.05186e-28
0.00129489	7.69837e-26
0.00130494	5.33112e-25
0.001315	4.60574e-23
0.00132506	3.23452e-22
0.00133511	1.90359e-20
0.00134517	1.35177e-19
0.00135523	5.44466e-18
0.00136529	3.89183e-17
0.00137534	1.08037e-15
0.0013854	7.72061e-15
0.00139546	1.49236e-13
0.00140551	1.05568e-12
0.00141557	1.44172e-11
0.00142563	9.95397e-11
0.00143568	9.79744e-10
0.00144574	6.4768e-09
0.0014558	4.7149e-08
0.00146586	2.91135e-07
0.00147591	1.61776e-06
0.00148597	9.05538e-06
0.00149603	3.9802e-05
0.00150608	0.000195369
0.00151614	0.000704538
0.0015262	0.00293427
0.00153625	0.00897672
0.00154631	0.0308405
0.00155637	0.0821849
0.00156643	0.228566
0.00157648	0.539582
0.00158654	1.20769
0.0015966	2.61167
0.00160665	4.87776
0.00161671	8.71383
0.00162677	14.1322
0.00163683	21.5305
0.00164688	30.9117
0.00165694	42.5662
0.001667	56.3918
0.00167705	74.1084
0.00168711	95.6527
0.00169717	123.706
0.00170722	158.533
0.00171728	200.174
0.00172734	249.023
0.0017374	301.192
0.00174745	356.463
0.00175751	412.432
0.00176757	467.996
0.00177762	529.766
0.00178768	597.094
0.00179774	682.868
0.00180779	788.706
0.00181785	917.814
0.00182791	1072.53
0.00183797	1240.72
0.00184802	1421.49
0.00185808	1606.98
0.00186814	1794.45
0.00187819	1991.41
0.00188825	2199.26
0.00189831	2417.6
0.00190837	2651
0.00191842	2871.92
0.00192848	3079.83
0.00193854	3243.05
0.00194859	3360.69
0.00195865	3392.36
0.00196871	3376.87
0.00197876	3339.3
0.00198882	3256.98
0.00199888	3173.64
0.00200894	3101.35
0.00201899	3046.68
0.00202905	3017.45
0.00203911	2995.55
0.00204916	2980.68
0.00205922	2951.22
0.00206928	2901.21
0.00207933	2822.27
0.00208939	2709.4
0.00209945	2565.95
0.00210951	2389.48
0.00211956	2192.24
0.00212962	1974.35
0.00213968	1755.11
0.00214973	1539.89
0.00215979	1341.49
0.00216985	1167.77
0.00217991	1014.88
0.00218996	884.792
0.00220002	768.937
0.00221008	663.86
0.00222013	568.111
0.00223019	479.83
0.00224025	400.325
0.0022503	329.911
0.00226036	268.486
0.00227042	216.237
0.00228048	172.553
0.00229053	137.649
0.00230059	109.626
0.00231065	88.0315
0.0023207	70.4879
0.00233076	55.447
0.00234082	42.5122
0.00235088	30.8151
0.00236093	21.007
0.00237099	13.3825
0.00238105	7.72508
0.0023911	4.12521
0.00240116	2.0293
0.00241122	0.871433
0.00242127	0.376237
0.00243133	0.140659
0.00244139	0.0484589
0.00245145	0.0162518
0.0024615	0.00432048
0.00247156	0.00133677
0.00248162	0.000266216
0.00249167	7.50498e-05
0.00250173	1.13276e-05
