0.000500379	5.07382e-216
0.000510437	6.50708e-209
0.000520494	2.60283e-208
0.000530551	2.39529e-201
0.000540608	9.67919e-201
0.000550665	6.39065e-194
0.000560722	2.60924e-193
0.000570779	1.23579e-186
0.000580836	5.09882e-186
0.000590893	1.73201e-179
0.00060095	7.22283e-179
0.000611007	1.75941e-172
0.000621064	7.41696e-172
0.000631121	1.29536e-165
0.000641178	5.5211e-165
0.000651235	6.91217e-159
0.000661292	2.97924e-158
0.000671349	2.67326e-152
0.000681406	1.16537e-151
0.000691463	7.49321e-146
0.00070152	3.3045e-145
0.000711577	1.52227e-139
0.000721634	6.79244e-139
0.000731691	2.24135e-133
0.000741748	1.01211e-132
0.000751806	2.39177e-127
0.000761863	1.09321e-126
0.00077192	1.84978e-121
0.000781977	8.55978e-121
0.000792034	1.03683e-115
0.000802091	4.85847e-115
0.000812148	4.21189e-110
0.000822205	1.99901e-109
0.000832262	1.24003e-104
0.000842319	5.96222e-104
0.000852376	2.64584e-99
0.000862433	1.28908e-98
0.00087249	4.0914e-94
0.000882547	2.02036e-93
0.000892604	4.58517e-89
0.000902661	2.29539e-88
0.000912718	3.72401e-84
0.000922775	1.89043e-83
0.000932832	2.19198e-79
0.000942889	1.12861e-78
0.000952946	9.35039e-75
0.000963003	4.88428e-74
0.00097306	2.89062e-70
0.000983117	1.53228e-69
0.000993175	6.4762e-66
0.00100323	3.48457e-65
0.00101329	1.05152e-61
0.00102335	5.74434e-61
0.0010334	1.23735e-57
0.00104346	6.86449e-57
0.00105352	1.05523e-53
0.00106357	5.94642e-53
0.00107363	6.52228e-50
0.00108369	3.73407e-49
0.00109374	2.92189e-46
0.0011038	1.69977e-45
0.00111386	9.48799e-43
0.00112392	5.60899e-42
0.00113397	2.23344e-39
0.00114403	1.34173e-38
0.00115409	3.81177e-36
0.00116414	2.32672e-35
0.0011742	4.71769e-33
0.00118426	2.92498e-32
0.00119432	4.23562e-30
0.00120437	2.66574e-29
0.00121443	2.75983e-27
0.00122449	1.76135e-26
0.00123454	1.30587e-24
0.0012446	8.43778e-24
0.00125466	4.4911e-22
0.00126471	2.9309e-21
0.00127477	1.12402e-19
0.00128483	7.38264e-19
0.00129489	2.05063e-17
0.00130494	1.34874e-16
0.001315	2.73312e-15
0.00132506	1.78749e-14
0.00133511	2.66896e-13
0.00134517	1.71906e-12
0.00135523	1.91641e-11
0.00136529	1.20021e-10
0.00137534	1.01605e-09
0.0013854	6.08701e-09
0.00139546	3.99573e-08
0.00140551	2.24434e-07
0.00141557	1.17063e-06
0.00142563	6.02296e-06
0.00143568	2.56401e-05
0.00144574	0.000117829
0.0014558	0.00042072
0.00146586	0.00168403
0.00147591	0.00517306
0.00148597	0.0176337
0.00149603	0.0475965
0.00150608	0.135791
0.00151614	0.326906
0.0015262	0.772757
0.00153625	1.70052
0.00154631	3.36223
0.00155637	6.50397
0.00156643	11.1253
0.00157648	17.8659
0.00158654	26.7847
0.0015966	36.9052
0.00160665	48.3019
0.00161671	58.4637
0.00162677	67.3257
0.00163683	73.5528
0.00164688	76.8876
0.00165694	79.9438
0.001667	82.6279
0.00167705	88.9155
0.00168711	101.755
0.00169717	125.976
0.00170722	161.757
0.00171728	211.981
0.00172734	277.341
0.0017374	354.211
0.00174745	442.94
0.00175751	536.529
0.00176757	634.493
0.00177762	733.019
0.00178768	831.409
0.00179774	930.326
0.00180779	1029.6
0.00181785	1130.68
0.00182791	1233.51
0.00183797	1340.26
0.00184802	1450.79
0.00185808	1568.98
0.00186814	1695.27
0.00187819	1831.89
0.00188825	1979.75
0.00189831	2136.56
0.00190837	2303.27
0.00191842	2471.75
0.00192848	2642.71
0.00193854	2801.26
0.00194859	2946.17
0.00195865	3063.65
0.00196871	3154.3
0.00197876	3193.87
0.00198882	3206.36
0.00199888	3207.55
0.00200894	3180.05
0.00201899	3148.41
0.00202905	3122.06
0.00203911	3096
0.00204916	3075.24
0.00205922	3035.19
0.00206928	2971.27
0.00207933	2867.82
0.00208939	2715.1
0.00209945	2526.7
0.00210951	2299.67
0.00211956	2062.5
0.00212962	1822.22
0.00213968	1596.77
0.00214973	1395.38
0.00215979	1217.77
0.00216985	1067.34
0.00217991	937.292
0.00218996	825.812
0.00220002	730.127
0.00221008	648.814
0.00222013	580.556
0.00223019	525.396
0.00224025	479.374
0.0022503	441.572
0.00226036	407.41
0.00227042	374.786
0.00228048	341.063
0.00229053	303.949
0.00230059	264.191
0.00231065	220.592
0.0023207	176.983
0.00233076	134.65
0.00234082	96.7129
0.00235088	65.7455
0.00236093	41.3762
0.00237099	24.7109
0.00238105	13.5115
0.0023911	6.77887
0.00240116	3.34303
0.00241122	1.43308
0.00242127	0.618923
0.00243133	0.236344
0.00244139	0.0848613
0.00245145	0.0294522
0.0024615	0.00857335
0.00247156	0.00275875
0.00248162	0.000635804
0.00249167	0.000184837
0.00250173	3.45146e-05
