3.33898e-05	1.94742e-14
3.55687e-05	1.05817e-13
3.77476e-05	3.64846e-13
3.99264e-05	1.85659e-12
4.21053e-05	6.02464e-12
4.42842e-05	2.7593e-11
4.64631e-05	8.76977e-11
4.8642e-05	3.62854e-10
5.08209e-05	1.12554e-09
5.29998e-05	4.22385e-09
5.51787e-05	1.27391e-08
5.73576e-05	4.35435e-08
5.95365e-05	1.27184e-07
6.17154e-05	3.9771e-07
6.38943e-05	1.12037e-06
6.60732e-05	3.21979e-06
6.82521e-05	8.7111e-06
7.0431e-05	2.31147e-05
7.26099e-05	5.98066e-05
7.47888e-05	0.000147208
7.69677e-05	0.000362746
7.91465e-05	0.000832027
8.13254e-05	0.0019449
8.35043e-05	0.00417547
8.56832e-05	0.00922491
8.78621e-05	0.0186148
9.0041e-05	0.0387443
9.22199e-05	0.0737686
9.43988e-05	0.144265
9.65777e-05	0.264284
9.87566e-05	0.479565
0.000100935	0.839867
0.000103114	1.4219
0.000105293	2.35424
0.000107472	3.7549
0.000109651	5.87472
0.00011183	8.86154
0.000114009	13.1142
0.000116188	18.7713
0.000118367	26.3384
0.000120546	35.8924
0.000122724	47.9151
0.000124903	62.3852
0.000127082	79.5822
0.000129261	99.3915
0.00013144	121.754
0.000133619	146.506
0.000135798	173.23
0.000137977	201.775
0.000140156	231.479
0.000142334	262.263
0.000144513	293.441
0.000146692	325.062
0.000148871	356.736
0.00015105	388.665
0.000153229	421.112
0.000155408	454.395
0.000157587	489.662
0.000159766	527.24
0.000161945	569.053
0.000164123	615.32
0.000166302	668.251
0.000168481	727.887
0.00017066	796.062
0.000172839	872.653
0.000175018	958.579
0.000177197	1053.62
0.000179376	1157.53
0.000181555	1270.08
0.000183733	1389.92
0.000185912	1516.89
0.000188091	1648.95
0.00019027	1786.09
0.000192449	1926.37
0.000194628	2069.97
0.000196807	2216.18
0.000198986	2365.3
0.000201165	2518.76
0.000203344	2676.85
0.000205522	2843.07
0.000207701	3017.5
0.00020988	3204.08
0.000212059	3402.55
0.000214238	3614.45
0.000216417	3839.28
0.000218596	4073.59
0.000220775	4316.96
0.000222954	4560.81
0.000225132	4805.02
0.000227311	5039.16
0.00022949	5263.44
0.000231669	5470.76
0.000233848	5661.5
0.000236027	5835.87
0.000238206	5994.13
0.000240385	6143.81
0.000242564	6284.93
0.000244743	6428.13
0.000246921	6573.28
0.0002491	6727.92
0.000251279	6891.99
0.000253458	7065.4
0.000255637	7248.22
0.000257816	7432.39
0.000259995	7618.05
0.000262174	7792.94
0.000264353	7957.12
0.000266531	8099.39
0.00026871	8219.65
0.000270889	8313.61
0.000273068	8382.62
0.000275247	8395.44
0.000277426	8394.64
0.000279605	8385.19
0.000281784	8321.56
0.000283963	8231.19
0.000286142	8116.48
0.00028832	7977.61
0.000290499	7814.46
0.000292678	7632.11
0.000294857	7430.5
0.000297036	7216.07
0.000299215	6988.88
0.000301394	6755.64
0.000303573	6516.64
0.000305752	6277.19
0.00030793	6037.75
0.000310109	5801.05
0.000312288	5567.51
0.000314467	5337.49
0.000316646	5111.14
0.000318825	4888.03
0.000321004	4668.05
0.000323183	4451.7
0.000325362	4238.78
0.00032754	4031.26
0.000329719	3829.14
0.000331898	3634.89
0.000334077	3448.77
0.000336256	3272.37
0.000338435	3106.1
0.000340614	2949.88
0.000342793	2804.05
0.000344972	2666.97
0.000347151	2538.72
0.000349329	2416.77
0.000351508	2300.89
0.000353687	2188.6
0.000355866	2079.43
0.000358045	1971.92
0.000360224	1865.56
0.000362403	1760.33
0.000364582	1655.92
0.000366761	1553.3
0.000368939	1452.53
0.000371118	1354.57
0.000373297	1259.71
0.000375476	1168.23
0.000377655	1080.37
0.000379834	995.745
0.000382013	914.355
0.000384192	835.748
0.000386371	759.729
0.00038855	686.331
0.000390728	615.377
0.000392907	547.508
0.000395086	482.76
0.000397265	422.017
0.000399444	365.56
0.000401623	313.978
0.000403802	267.632
0.000405981	226.504
0.00040816	190.802
0.000410338	160.004
0.000412517	134.051
0.000414696	112.282
0.000416875	94.4452
0.000419054	80.0299
0.000421233	68.7729
0.000423412	60.305
0.000425591	54.1971
0.00042777	50.913
0.000429949	49.5183
0.000432127	49.111
0.000434306	50.1543
0.000436485	51.729
0.000438664	53.476
0.000440843	54.4269
0.000443022	54.2579
0.000445201	53.7835
0.00044738	51.6722
0.000449559	48.0426
0.000451737	43.5175
0.000453916	38.3261
0.000456095	32.7362
0.000458274	27.1082
0.000460453	21.8025
0.000462632	16.9554
0.000464811	12.8422
0.00046699	9.36854
