0.000500379	2.8009e-143
0.000509598	3.0297e-138
0.000518817	1.21187e-137
0.000528036	1.00066e-132
0.000537255	4.04353e-132
0.000546474	2.5483e-127
0.000555693	1.04043e-126
0.000564912	5.0037e-122
0.000574131	2.06447e-121
0.00058335	7.57542e-117
0.000592569	3.15901e-116
0.000601788	8.84292e-112
0.000611007	3.72767e-111
0.000620226	7.95895e-107
0.000629445	3.39211e-106
0.000638664	5.52313e-102
0.000647883	2.38038e-101
0.000657101	2.95518e-97
0.00066632	1.28816e-96
0.000675539	1.21913e-92
0.000684758	5.37569e-92
0.000693977	3.87774e-88
0.000703196	1.72999e-87
0.000712415	9.50985e-84
0.000721634	4.29337e-83
0.000730853	1.79818e-79
0.000740072	8.21667e-79
0.000749291	2.62154e-75
0.00075851	1.21266e-74
0.000767729	2.94676e-71
0.000776948	1.38014e-70
0.000786167	2.55388e-67
0.000795386	1.2113e-66
0.000804605	1.70658e-63
0.000813823	8.19826e-63
0.000823042	8.79284e-60
0.000832261	4.27895e-59
0.00084148	3.49314e-56
0.000850699	1.72225e-55
0.000859918	1.07004e-52
0.000869137	5.34563e-52
0.000878356	2.52754e-49
0.000887575	1.27952e-48
0.000896794	4.60397e-46
0.000906013	2.36178e-45
0.000915232	6.46751e-43
0.000924451	3.36187e-42
0.00093367	7.00741e-40
0.000942889	3.69039e-39
0.000952108	5.8567e-37
0.000961327	3.12403e-36
0.000970545	3.77664e-34
0.000979764	2.03945e-33
0.000988983	1.87942e-31
0.000998202	1.02677e-30
0.00100742	7.22028e-29
0.00101664	3.98663e-28
0.00102586	2.14234e-26
0.00103508	1.19376e-25
0.0010443	4.91222e-24
0.00105352	2.75692e-23
0.00106273	8.71066e-22
0.00107195	4.9107e-21
0.00108117	1.19571e-19
0.00109039	6.74688e-19
0.00109961	1.27214e-17
0.00110883	7.15051e-17
0.00111805	1.05058e-15
0.00112727	5.84644e-15
0.00113649	6.74676e-14
0.00114571	3.68833e-13
0.00115492	3.37627e-12
0.00116414	1.7957e-11
0.00117336	1.31964e-10
0.00118258	6.74861e-10
0.0011918	4.03807e-09
0.00120102	1.95846e-08
0.00121024	9.69521e-08
0.00121946	4.39062e-07
0.00122868	1.82973e-06
0.00123789	7.60839e-06
0.00124711	2.71736e-05
0.00125633	0.000101983
0.00126555	0.000317638
0.00127477	0.00105836
0.00128399	0.00292021
0.00129321	0.00851319
0.00130243	0.0210798
0.00131165	0.0531498
0.00132087	0.119191
0.00133008	0.257964
0.0013393	0.539288
0.00134852	1.00801
0.00135774	1.85067
0.00136696	3.06546
0.00137618	4.82626
0.0013854	7.12435
0.00139462	9.79601
0.00140384	12.8384
0.00141305	15.7224
0.00142227	18.4522
0.00143149	20.8498
0.00144071	22.9047
0.00144993	25.7157
0.00145915	29.2561
0.00146837	35.6634
0.00147759	44.9441
0.00148681	58.5767
0.00149603	76.6317
0.00150524	98.5453
0.00151446	124.374
0.00152368	152.421
0.0015329	182.616
0.00154212	214.619
0.00155134	248.272
0.00156056	285.633
0.00156978	326.64
0.001579	374.155
0.00158821	428.32
0.00159743	490.483
0.00160665	560.907
0.00161587	638.288
0.00162509	722.743
0.00163431	811.702
0.00164353	904.809
0.00165275	1002.43
0.00166197	1103.98
0.00167118	1214.91
0.0016804	1335.43
0.00168962	1470.4
0.00169884	1621.14
0.00170806	1783.7
0.00171728	1959.2
0.0017265	2135.41
0.00173572	2311.95
0.00174494	2476.54
0.00175416	2627.7
0.00176337	2758.52
0.00177259	2867.48
0.00178181	2953.49
0.00179103	3015.44
0.00180025	3057.51
0.00180947	3080.87
0.00181869	3085.57
0.00182791	3081
0.00183713	3070.41
0.00184634	3051.67
0.00185556	3027.63
0.00186478	2999.45
0.001874	2965.67
0.00188322	2926.9
0.00189244	2878.93
0.00190166	2821.91
0.00191088	2748.79
0.0019201	2658.04
0.00192932	2545.49
0.00193853	2408.18
0.00194775	2251.54
0.00195697	2074.04
0.00196619	1889.31
0.00197541	1699.41
0.00198463	1517.64
0.00199385	1348.43
0.00200307	1198.11
0.00201229	1070.73
0.0020215	964.596
0.00203072	881.57
0.00203994	814.384
0.00204916	762.059
0.00205838	716.278
0.0020676	673.87
0.00207682	630.23
0.00208604	582.094
0.00209526	530.081
0.00210448	472.784
0.00211369	413.924
0.00212291	354.263
0.00213213	297.555
0.00214135	245.784
0.00215057	200.508
0.00215979	163.537
0.00216901	133.657
0.00217823	111.274
0.00218745	93.8651
0.00219666	80.3064
0.00220588	68.9522
0.0022151	58.3288
0.00222432	48.4335
0.00223354	38.6532
0.00224276	29.6433
0.00225198	21.669
0.0022612	14.9515
0.00227042	9.84425
0.00227964	6.04823
0.00228885	3.53432
0.00229807	1.9374
0.00230729	0.965334
0.00231651	0.489142
0.00232573	0.194772
0.00233495	0.0966487
