0.000166815	3.8285e-22
0.000172682	3.34288e-21
0.000178548	1.2223e-20
0.000184415	9.80363e-20
0.000190282	3.46364e-19
0.000196148	2.48766e-18
0.000202015	8.7118e-18
0.000207881	5.61611e-17
0.000213748	1.94499e-16
0.000219614	1.12835e-15
0.000225481	3.85459e-15
0.000231347	2.01808e-14
0.000237214	6.78129e-14
0.00024308	3.21409e-13
0.000248947	1.05913e-12
0.000254813	4.55967e-12
0.00026068	1.46864e-11
0.000266547	5.76365e-11
0.000272413	1.80824e-10
0.00027828	6.49355e-10
0.000284146	1.97705e-09
0.000290013	6.52244e-09
0.000295879	1.91984e-08
0.000301746	5.84251e-08
0.000307612	1.65604e-07
0.000313479	4.6683e-07
0.000319345	1.2692e-06
0.000325212	3.32803e-06
0.000331078	8.64486e-06
0.000336945	2.11728e-05
0.000342812	5.23482e-05
0.000348678	0.000120232
0.000354545	0.000281932
0.000360411	0.000609551
0.000366278	0.00135119
0.000372144	0.00275969
0.000378011	0.00576654
0.000383877	0.0111615
0.000389744	0.0219342
0.00039561	0.0407108
0.000401477	0.0747514
0.000407343	0.133628
0.00041321	0.229068
0.000419077	0.387224
0.000424943	0.62714
0.00043081	1.00227
0.000436676	1.53866
0.000442543	2.3272
0.000448409	3.39651
0.000454276	4.87413
0.000460142	6.78501
0.000466009	9.27662
0.000471875	12.3685
0.000477742	16.2075
0.000483608	20.8161
0.000489475	26.3467
0.000495342	32.8403
0.000501208	40.5119
0.000507075	49.4279
0.000512941	59.9492
0.000518808	72.1504
0.000524674	86.5633
0.000530541	103.234
0.000536407	122.752
0.000542274	145.105
0.00054814	170.71
0.000554007	199.501
0.000559873	231.524
0.00056574	266.695
0.000571606	304.662
0.000577473	345.359
0.00058334	388.174
0.000589206	433.061
0.000595073	479.283
0.000600939	526.81
0.000606806	574.836
0.000612672	623.361
0.000618539	671.648
0.000624405	719.761
0.000630272	767.456
0.000636138	814.869
0.000642005	862.849
0.000647871	911.553
0.000653738	963.2
0.000659605	1017.88
0.000665471	1078.65
0.000671338	1145.49
0.000677204	1220.97
0.000683071	1304.95
0.000688937	1398.02
0.000694804	1500
0.00070067	1608.51
0.000706537	1723.45
0.000712403	1839.83
0.00071827	1957.66
0.000724136	2071.1
0.000730003	2180.21
0.00073587	2280.77
0.000741736	2372.85
0.000747603	2455.57
0.000753469	2528.93
0.000759336	2595.3
0.000765202	2654.64
0.000771069	2710.53
0.000776935	2762.97
0.000782802	2814.34
0.000788668	2864.69
0.000794535	2914.06
0.000800401	2962.5
0.000806268	3008.36
0.000812135	3051.64
0.000818001	3090.51
0.000823868	3124.93
0.000829734	3153.9
0.000835601	3177.36
0.000841467	3195.52
0.000847334	3208.82
0.0008532	3211.62
0.000859067	3211.72
0.000864933	3210.44
0.0008708	3198.71
0.000876666	3180.87
0.000882533	3157.66
0.0008884	3127.69
0.000894266	3090.99
0.000900133	3046.44
0.000905999	2994.01
0.000911866	2932.42
0.000917732	2861.52
0.000923599	2780.9
0.000929465	2690.27
0.000935332	2591.18
0.000941198	2483.38
0.000947065	2370.49
0.000952931	2252.53
0.000958798	2134.02
0.000964665	2015.32
0.000970531	1900.17
0.000976398	1789.16
0.000982264	1684.05
0.000988131	1585.41
0.000993997	1492.92
0.000999864	1406.89
0.00100573	1325.65
0.0010116	1249.16
0.00101746	1175.54
0.00102333	1104.46
0.0010292	1034.78
0.00103506	966.108
0.00104093	898.54
0.0010468	831.833
0.00105266	767.032
0.00105853	704.204
0.0010644	644.474
0.00107026	588.156
0.00107613	535.639
0.001082	487.229
0.00108786	442.408
0.00109373	401.233
0.00109959	362.814
0.00110546	326.933
0.00111133	293.039
0.00111719	260.843
0.00112306	230.424
0.00112893	201.655
0.00113479	174.976
0.00114066	150.487
0.00114653	128.499
0.00115239	109.21
0.00115826	92.51
0.00116413	78.5083
0.00116999	66.7362
0.00117586	57.1217
0.00118173	49.1013
0.00118759	42.4639
0.00119346	36.7906
0.00119933	31.8451
0.00120519	27.4384
0.00121106	23.4055
0.00121693	19.7291
0.00122279	16.3456
0.00122866	13.296
0.00123453	10.5862
0.00124039	8.23193
0.00124626	6.25499
0.00125212	4.62298
0.00125799	3.33678
0.00126386	2.33673
0.00126972	1.59638
0.00127559	1.05809
0.00128146	0.681845
0.00128732	0.427999
0.00129319	0.259134
0.00129906	0.154393
0.00130492	0.087388
0.00131079	0.0496195
0.00131666	0.0258337
0.00132252	0.01421
0.00132839	0.00626613
0.00133426	0.00361816
