0.000100103	3.357e-22
0.000103622	2.6371e-21
0.000107142	9.54129e-21
0.000110662	6.97878e-20
0.000114182	2.43178e-19
0.000117702	1.6096e-18
0.000121222	5.55836e-18
0.000124742	3.33677e-17
0.000128261	1.13954e-16
0.000131781	6.21941e-16
0.000135301	2.09572e-15
0.000138821	1.04265e-14
0.000142341	3.45803e-14
0.000145861	1.5727e-13
0.000149381	5.12028e-13
0.0001529	2.1352e-12
0.00015642	6.80486e-12
0.00015994	2.61026e-11
0.00016346	8.11908e-11
0.00016698	2.87442e-10
0.0001705	8.69905e-10
0.00017402	2.85238e-09
0.000177539	8.37228e-09
0.000181059	2.55166e-08
0.000184579	7.24047e-08
0.000188099	2.05856e-07
0.000191619	5.62864e-07
0.000195139	1.49826e-06
0.000198659	3.93489e-06
0.000202178	9.8413e-06
0.000205698	2.47485e-05
0.000209218	5.83589e-05
0.000212738	0.000140111
0.000216258	0.000312533
0.000219778	0.000714385
0.000223298	0.00151201
0.000226817	0.00328236
0.000230337	0.00661033
0.000233857	0.013599
0.000237377	0.0261236
0.000240897	0.0508383
0.000244417	0.0939605
0.000247937	0.172158
0.000251456	0.308271
0.000254976	0.530473
0.000258496	0.903296
0.000262016	1.47572
0.000265536	2.38752
0.000269056	3.71128
0.000272576	5.70316
0.000276095	8.4489
0.000279615	12.3382
0.000283135	17.4431
0.000286655	24.237
0.000290175	32.7439
0.000293695	43.3804
0.000297214	56.105
0.000300734	71.0927
0.000304254	88.2615
0.000307774	107.447
0.000311294	128.595
0.000314814	151.34
0.000318334	175.725
0.000321853	201.578
0.000325373	229.06
0.000328893	258.652
0.000332413	290.577
0.000335933	326.178
0.000339453	365.641
0.000342973	410.925
0.000346492	462.099
0.000350012	521.118
0.000353532	587.924
0.000357052	663.805
0.000360572	748.626
0.000364092	842.657
0.000367612	945.768
0.000371131	1057.32
0.000374651	1177.22
0.000378171	1304.34
0.000381691	1438.61
0.000385211	1578.66
0.000388731	1724.42
0.000392251	1874.12
0.00039577	2027.64
0.00039929	2182.22
0.00040281	2337.75
0.00040633	2490.12
0.00040985	2639.31
0.00041337	2780.5
0.00041689	2913.79
0.000420409	3035.37
0.000423929	3145.42
0.000427449	3243.13
0.000430969	3328.66
0.000434489	3405.16
0.000438009	3472.68
0.000441529	3537.48
0.000445048	3599.52
0.000448568	3665.81
0.000452088	3736.29
0.000455608	3815.98
0.000459128	3904.87
0.000462648	4004.04
0.000466168	4113.55
0.000469687	4229.86
0.000473207	4353.11
0.000476727	4476.08
0.000480247	4598.87
0.000483767	4712.98
0.000487287	4818.37
0.000490807	4908.47
0.000494326	4983.01
0.000497846	5040.41
0.000501366	5080.88
0.000504886	5099.96
0.000508406	5108.29
0.000511926	5108.04
0.000515446	5094.75
0.000518965	5075.35
0.000522485	5050.49
0.000526005	5020.67
0.000529525	4986.27
0.000533045	4944.84
0.000536565	4896.48
0.000540085	4837.66
0.000543604	4768.14
0.000547124	4685.83
0.000550644	4590.29
0.000554164	4482.22
0.000557684	4361.25
0.000561204	4230.54
0.000564724	4089.99
0.000568243	3943.93
0.000571763	3792.58
0.000575283	3640.04
0.000578803	3486.74
0.000582323	3335.59
0.000585843	3187.08
0.000589362	3042.43
0.000592882	2902.06
0.000596402	2765.47
0.000599922	2632.89
0.000603442	2502.71
0.000606962	2374.81
0.000610482	2247.59
0.000614001	2120.67
0.000617521	1993.61
0.000621041	1865.98
0.000624561	1739
0.000628081	1612.51
0.000631601	1488.89
0.000635121	1368.4
0.00063864	1253.4
0.00064216	1144.47
0.00064568	1042.89
0.0006492	949.272
0.00065272	863.47
0.00065624	785.807
0.00065976	715.111
0.000663279	651.322
0.000666799	592.939
0.000670319	539.614
0.000673839	490.126
0.000677359	444.028
0.000680879	400.693
0.000684399	359.751
0.000687918	321.174
0.000691438	284.779
0.000694958	250.928
0.000698478	219.651
0.000701998	191.377
0.000705518	166.292
0.000709038	144.57
0.000712557	126.423
0.000716077	111.576
0.000719597	100.116
0.000723117	91.3315
0.000726637	85.0744
0.000730157	80.439
0.000733677	77.0407
0.000737196	74.1224
0.000740716	71.1951
0.000744236	67.9077
0.000747756	63.8665
0.000751276	59.1597
0.000754796	53.6387
0.000758316	47.6508
0.000761835	41.304
0.000765355	34.9532
0.000768875	28.8446
0.000772395	23.173
0.000775915	18.1662
0.000779435	13.8342
0.000782955	10.2873
0.000786474	7.42402
0.000789994	5.22902
0.000793514	3.57839
0.000797034	2.33608
0.000800554	1.54869
