0.000500379	9.83911e-124
0.000507922	2.65977e-119
0.000515465	1.06388e-118
0.000523008	2.23797e-114
0.00053055	9.04302e-114
0.000538093	1.48006e-109
0.000545636	6.04257e-109
0.000553179	7.69356e-105
0.000560721	3.17408e-104
0.000568264	3.14336e-100
0.000575807	1.3107e-99
0.00058335	1.00944e-95
0.000590892	4.25481e-95
0.000598435	2.54796e-91
0.000605978	1.0858e-90
0.000613521	5.05508e-87
0.000621063	2.17829e-86
0.000628606	7.88295e-83
0.000636149	3.43541e-82
0.000643692	9.66231e-79
0.000651234	4.25934e-78
0.000658777	9.30911e-75
0.00066632	4.15157e-74
0.000673862	7.04981e-71
0.000681405	3.18122e-70
0.000688948	4.1966e-67
0.000696491	1.91642e-66
0.000704033	1.96372e-63
0.000711576	9.07634e-63
0.000719119	7.22333e-60
0.000726662	3.37958e-59
0.000734204	2.08878e-56
0.000741747	9.89364e-56
0.00074929	4.7486e-53
0.000756833	2.27721e-52
0.000764375	8.48771e-50
0.000771918	4.12115e-49
0.000779461	1.19291e-46
0.000787004	5.86433e-46
0.000794546	1.31845e-43
0.000802089	6.56182e-43
0.000809632	1.14612e-40
0.000817175	5.77379e-40
0.000824717	7.83765e-38
0.00083226	3.99539e-37
0.000839803	4.21735e-35
0.000847345	2.17448e-34
0.000854888	1.78618e-32
0.000862431	9.30882e-32
0.000869974	5.95689e-30
0.000877516	3.13495e-29
0.000885059	1.56508e-27
0.000892602	8.30673e-27
0.000900145	3.24159e-25
0.000907687	1.7321e-24
0.00091523	5.29694e-23
0.000922773	2.8429e-22
0.000930316	6.83553e-21
0.000937858	3.67378e-20
0.000945401	6.97474e-19
0.000952944	3.73923e-18
0.000960487	5.63553e-17
0.000968029	2.99882e-16
0.000975572	3.61206e-15
0.000983115	1.89604e-14
0.000990658	1.84024e-13
0.0009982	9.45704e-13
0.00100574	7.46948e-12
0.00101329	3.72409e-11
0.00102083	2.42146e-10
0.00102837	1.15897e-09
0.00103591	6.28568e-09
0.00104346	2.85392e-08
0.001051	1.3098e-07
0.00105854	5.56895e-07
0.00106608	2.19603e-06
0.00107363	8.62704e-06
0.00108117	2.96837e-05
0.00108871	0.000106334
0.00109626	0.000324007
0.0011038	0.00104559
0.00111134	0.00285967
0.00111888	0.00822863
0.00112643	0.0204316
0.00113397	0.052025
0.00114151	0.118318
0.00114906	0.265431
0.0011566	0.55625
0.00116414	1.09855
0.00117168	2.18383
0.00117923	3.84756
0.00118677	6.74593
0.00119431	10.882
0.00120185	17.0504
0.0012094	25.2337
0.00121694	35.8489
0.00122448	48.8776
0.00123203	64.0255
0.00123957	81.2932
0.00124711	100.261
0.00125465	120.933
0.0012622	143.89
0.00126974	169.119
0.00127728	198.048
0.00128482	230.692
0.00129237	267.218
0.00129991	307.7
0.00130745	349.629
0.001315	393.039
0.00132254	434.862
0.00133008	474.964
0.00133762	513.318
0.00134517	549.727
0.00135271	587.595
0.00136025	626.899
0.00136779	671.264
0.00137534	720.889
0.00138288	776.88
0.00139042	839.474
0.00139797	907.242
0.00140551	980.338
0.00141305	1055.78
0.00142059	1133.64
0.00142814	1209.85
0.00143568	1284.31
0.00144322	1353.28
0.00145076	1416.29
0.00145831	1472.98
0.00146585	1522.81
0.00147339	1569.57
0.00148094	1613.39
0.00148848	1657.71
0.00149602	1703.4
0.00150356	1748.58
0.00151111	1793.86
0.00151865	1833.38
0.00152619	1867.32
0.00153373	1887.2
0.00154128	1896.34
0.00154882	1897.17
0.00155636	1881.74
0.00156391	1854.37
0.00157145	1816.46
0.00157899	1768.1
0.00158653	1709.4
0.00159408	1641.05
0.00160162	1562.81
0.00160916	1477.03
0.0016167	1383.56
0.00162425	1286.56
0.00163179	1186.45
0.00163933	1087.44
0.00164688	990.416
0.00165442	898.062
0.00166196	811.241
0.0016695	730.925
0.00167705	657.639
0.00168459	591.279
0.00169213	532.032
0.00169968	479.329
0.00170722	433.185
0.00171476	392.712
0.0017223	357.875
0.00172985	327.266
0.00173739	300.7
0.00174493	276.374
0.00175247	253.756
0.00176002	231.516
0.00176756	208.916
0.0017751	185.922
0.00178265	162.097
0.00179019	138.462
0.00179773	115.164
0.00180527	93.3095
0.00181282	73.3945
0.00182036	55.9384
0.0018279	41.3869
0.00183544	29.6199
0.00184299	20.8154
0.00185053	14.4618
0.00185807	10.2057
0.00186562	8.31664
0.00187316	7.72074
0.0018807	7.54822
0.00188824	8.16864
0.00189579	8.96029
0.00190333	9.45768
0.00191087	9.67027
0.00191841	9.28453
0.00192596	8.4509
0.0019335	7.23332
0.00194104	5.85171
0.00194859	4.47058
0.00195613	3.19459
0.00196367	2.17525
0.00197121	1.3742
0.00197876	0.828486
0.0019863	0.465962
0.00199384	0.224227
0.00200138	0.124652
