3.33898e-05	11.1922
3.52334e-05	14.0657
3.70771e-05	17.4179
3.89207e-05	21.2559
4.07644e-05	25.5586
4.2608e-05	30.3225
4.44517e-05	35.4991
4.62953e-05	41.0475
4.8139e-05	46.9253
4.99827e-05	53.0696
5.18263e-05	59.4734
5.367e-05	66.0865
5.55136e-05	72.9564
5.73573e-05	80.0871
5.92009e-05	87.5784
6.10446e-05	95.5175
6.28882e-05	104.035
6.47319e-05	113.303
6.65755e-05	123.454
6.84192e-05	134.715
7.02628e-05	147.202
7.21065e-05	161.16
7.39502e-05	176.679
7.57938e-05	193.989
7.76375e-05	213.157
7.94811e-05	234.386
8.13248e-05	257.717
8.31684e-05	283.316
8.50121e-05	311.195
8.68557e-05	341.465
8.86994e-05	374.111
9.0543e-05	409.167
9.23867e-05	446.609
9.42303e-05	486.403
9.6074e-05	528.566
9.79177e-05	573.066
9.97613e-05	620.029
0.000101605	669.589
0.000103449	722.016
0.000105292	777.825
0.000107136	837.417
0.00010898	901.84
0.000110823	971.546
0.000112667	1048.1
0.000114511	1131.88
0.000116354	1224.72
0.000118198	1326.79
0.000120042	1439.71
0.000121885	1563.39
0.000123729	1698.71
0.000125572	1845.3
0.000127416	2002.84
0.00012926	2170.78
0.000131103	2347.46
0.000132947	2532.26
0.000134791	2722.32
0.000136634	2917.12
0.000138478	3113.07
0.000140322	3309.83
0.000142165	3503.72
0.000144009	3694.61
0.000145853	3879.38
0.000147696	4058.09
0.00014954	4228.64
0.000151384	4391.24
0.000153227	4545.14
0.000155071	4690.64
0.000156915	4828.45
0.000158758	4958.91
0.000160602	5084.16
0.000162446	5204.54
0.000164289	5323.41
0.000166133	5441
0.000167977	5561.42
0.00016982	5684.74
0.000171664	5814.98
0.000173507	5952.04
0.000175351	6098.76
0.000177195	6254.88
0.000179038	6421.04
0.000180882	6596.89
0.000182726	6780.18
0.000184569	6970.58
0.000186413	7163.03
0.000188257	7357.31
0.0001901	7546.42
0.000191944	7730.32
0.000193788	7901.6
0.000195631	8060.35
0.000197475	8200.43
0.000199319	8321.99
0.000201162	8421.4
0.000203006	8498.83
0.00020485	8554.9
0.000206693	8589.25
0.000208537	8592.76
0.000210381	8584.36
0.000212224	8564.06
0.000214068	8518.21
0.000215912	8459.35
0.000217755	8387.37
0.000219599	8304.1
0.000221442	8209.54
0.000223286	8105.08
0.00022513	7990.74
0.000226973	7866.71
0.000228817	7733
0.000230661	7589.01
0.000232504	7434.76
0.000234348	7269.48
0.000236192	7093.15
0.000238035	6905.55
0.000239879	6706.6
0.000241723	6497.17
0.000243566	6277.15
0.00024541	6048.9
0.000247254	5812.3
0.000249097	5571.23
0.000250941	5325.63
0.000252785	5080.52
0.000254628	4835.93
0.000256472	4597.22
0.000258316	4364.53
0.000260159	4142.4
0.000262003	3931.13
0.000263847	3733.32
0.00026569	3549.36
0.000267534	3379.36
0.000269377	3223.64
0.000271221	3079.95
0.000273065	2948.46
0.000274908	2825.47
0.000276752	2710.88
0.000278596	2600.88
0.000280439	2495.11
0.000282283	2390.83
0.000284127	2287.6
0.00028597	2184.37
0.000287814	2080.76
0.000289658	1977.35
0.000291501	1873.96
0.000293345	1772.15
0.000295189	1671.98
0.000297032	1575.15
0.000298876	1481.89
0.00030072	1393.32
0.000302563	1309.73
0.000304407	1231.37
0.000306251	1158.45
0.000308094	1090.44
0.000309938	1027.41
0.000311782	968.43
0.000313625	913.396
0.000315469	861.42
0.000317312	812.301
0.000319156	765.469
0.000321	720.724
0.000322843	677.878
0.000324687	636.807
0.000326531	597.585
0.000328374	560.187
0.000330218	524.747
0.000332062	491.311
0.000333905	459.9
0.000335749	430.572
0.000337593	403.164
0.000339436	377.692
0.00034128	353.837
0.000343124	331.545
0.000344967	310.439
0.000346811	290.402
0.000348655	271.111
0.000350498	252.419
0.000352342	234.14
0.000354186	216.144
0.000356029	198.416
0.000357873	180.88
0.000359717	163.669
0.00036156	146.783
0.000363404	130.436
0.000365247	114.698
0.000367091	99.778
0.000368935	85.789
0.000370778	72.8645
0.000372622	61.1167
0.000374466	50.5736
0.000376309	41.3062
0.000378153	33.2459
0.000379997	26.4014
0.00038184	20.643
0.000383684	15.9188
0.000385528	12.0812
0.000387371	9.0368
0.000389215	6.65341
0.000391059	4.82239
0.000392902	3.44381
0.000394746	2.41609
0.00039659	1.67374
0.000398433	1.11069
0.000400277	0.763281
