0.000100103	0.0790682
0.00010312	0.122815
0.000106137	0.208383
0.000109154	0.326147
0.000112171	0.504209
0.000115188	0.758539
0.000118205	1.12002
0.000121222	1.61723
0.000124239	2.28414
0.000127256	3.1625
0.000130273	4.27746
0.00013329	5.67593
0.000136307	7.35874
0.000139324	9.35839
0.000142341	11.6408
0.000145358	14.1973
0.000148375	16.9643
0.000151392	19.8737
0.000154408	22.8594
0.000157425	25.805
0.000160442	28.6839
0.000163459	31.3842
0.000166476	33.9554
0.000169493	36.3727
0.00017251	38.7687
0.000175527	41.2801
0.000178544	44.0902
0.000181561	47.5144
0.000184578	51.7276
0.000187595	57.1598
0.000190612	63.9226
0.000193629	72.4359
0.000196646	82.726
0.000199663	95.0801
0.00020268	109.459
0.000205697	125.962
0.000208714	144.528
0.000211731	165.1
0.000214748	187.631
0.000217765	211.994
0.000220782	238.149
0.000223799	265.96
0.000226816	295.365
0.000229833	326.183
0.00023285	358.308
0.000235867	391.418
0.000238884	425.38
0.000241901	459.674
0.000244918	494.205
0.000247935	528.36
0.000250952	562.16
0.000253969	595.191
0.000256986	627.629
0.000260003	659.623
0.00026302	691.466
0.000266037	724.091
0.000269054	757.813
0.000272071	794.265
0.000275088	833.683
0.000278105	878.029
0.000281122	927.423
0.000284139	983.705
0.000287156	1046.9
0.000290173	1118.47
0.00029319	1198.39
0.000296207	1287.7
0.000299224	1386.36
0.000302241	1495.06
0.000305258	1613.7
0.000308275	1742.48
0.000311292	1881.17
0.000314309	2029.01
0.000317326	2185.69
0.000320343	2348.95
0.00032336	2518.48
0.000326377	2690.47
0.000329394	2864.73
0.000332411	3036.71
0.000335428	3206.41
0.000338445	3369.92
0.000341462	3527.44
0.000344479	3677.07
0.000347496	3819.07
0.000350513	3954.01
0.00035353	4082.08
0.000356547	4205.63
0.000359564	4324.69
0.000362581	4441.82
0.000365598	4556.94
0.000368615	4671.35
0.000371632	4784.93
0.000374649	4897.02
0.000377666	5007.53
0.000380683	5114.12
0.0003837	5216.77
0.000386717	5312.37
0.000389734	5400.93
0.000392751	5479.54
0.000395768	5548.21
0.000398785	5604.74
0.000401802	5649.15
0.000404819	5680.15
0.000407836	5697.78
0.000410853	5698.87
0.00041387	5686.68
0.000416887	5661.22
0.000419904	5618.07
0.000422921	5559.59
0.000425938	5485.84
0.000428955	5397.37
0.000431972	5294.11
0.000434989	5178.51
0.000438006	5050.46
0.000441023	4914.09
0.00044404	4769.33
0.000447057	4621.26
0.000450074	4469.93
0.000453091	4320.24
0.000456108	4172.34
0.000459125	4029.83
0.000462142	3892.91
0.000465159	3763.27
0.000468176	3641.14
0.000471193	3526.39
0.00047421	3419.17
0.000477227	3318.18
0.000480244	3223.45
0.000483261	3133.11
0.000486278	3047.13
0.000489295	2963.43
0.000492312	2881.95
0.000495329	2800.56
0.000498346	2719.15
0.000501363	2635.75
0.00050438	2550.17
0.000507397	2460.92
0.000510414	2367.75
0.000513431	2270.22
0.000516448	2168.03
0.000519465	2062.11
0.000522482	1952.3
0.000525499	1840.72
0.000528516	1727.42
0.000531533	1615.06
0.00053455	1503.92
0.000537567	1396.26
0.000540584	1292.51
0.000543601	1193.95
0.000546618	1100.95
0.000549635	1013.73
0.000552652	932.523
0.000555669	856.886
0.000558686	786.842
0.000561703	721.794
0.00056472	661.651
0.000567737	605.892
0.000570754	554.417
0.000573771	506.765
0.000576788	462.858
0.000579805	422.185
0.000582822	384.661
0.000585839	349.717
0.000588856	317.217
0.000591873	286.665
0.00059489	257.884
0.000597907	230.608
0.000600924	204.677
0.000603941	180.109
0.000606958	156.827
0.000609975	135.029
0.000612992	114.747
0.000616009	96.1809
0.000619026	79.427
0.000622043	64.5468
0.00062506	51.6283
0.000628077	40.5519
0.000631094	31.3387
0.000634111	23.7394
0.000637128	17.6915
0.000640145	12.9062
0.000643162	9.26038
0.000646179	6.50076
0.000649196	4.48415
0.000652213	3.02847
0.00065523	2.00516
0.000658247	1.30329
0.000661264	0.8268
0.000664281	0.517637
0.000667298	0.313972
0.000670315	0.18962
0.000673332	0.109678
0.000676349	0.0640331
0.000679366	0.035095
0.000682383	0.0199388
0.0006854	0.0103648
0.000688417	0.00572124
0.000691434	0.00285442
0.000694451	0.00151067
0.000697468	0.000652872
0.000700485	0.00036694
