3.33898e-05	477.602
3.48982e-05	500.946
3.64066e-05	527.351
3.7915e-05	556.964
3.94234e-05	589.354
4.09318e-05	624.173
4.24402e-05	661.244
4.39487e-05	700.237
4.54571e-05	741.154
4.69655e-05	783.807
4.84739e-05	828.366
4.99823e-05	874.863
5.14907e-05	923.582
5.29991e-05	974.78
5.45076e-05	1028.77
5.6016e-05	1085.99
5.75244e-05	1146.72
5.90328e-05	1211.44
6.05412e-05	1280.38
6.20496e-05	1353.99
6.3558e-05	1432.37
6.50665e-05	1515.89
6.65749e-05	1604.54
6.80833e-05	1698.51
6.95917e-05	1797.68
7.11001e-05	1902.06
7.26085e-05	2011.46
7.41169e-05	2125.65
7.56253e-05	2244.49
7.71338e-05	2367.61
7.86422e-05	2494.91
8.01506e-05	2626.05
8.1659e-05	2761.05
8.31674e-05	2899.74
8.46758e-05	3042.21
8.61842e-05	3188.57
8.76927e-05	3338.91
8.92011e-05	3493.52
9.07095e-05	3652.37
9.22179e-05	3815.68
9.37263e-05	3983.26
9.52347e-05	4154.91
9.67431e-05	4330.28
9.82516e-05	4508.58
9.976e-05	4689.4
0.000101268	4871.37
0.000102777	5054.16
0.000104285	5236.15
0.000105794	5417.17
0.000107302	5595.73
0.00010881	5771.82
0.000110319	5944.41
0.000111827	6113.54
0.000113336	6278.64
0.000114844	6439.65
0.000116353	6596.15
0.000117861	6747.97
0.000119369	6894.33
0.000120878	7034.95
0.000122386	7168.39
0.000123895	7294.39
0.000125403	7410.89
0.000126911	7517.73
0.00012842	7612.75
0.000129928	7695.99
0.000131437	7765.9
0.000132945	7822.74
0.000134453	7866.47
0.000135962	7897.23
0.00013747	7916.33
0.000138979	7925.08
0.000140487	7924.27
0.000141996	7917.49
0.000143504	7906.53
0.000145012	7891.79
0.000146521	7877.27
0.000148029	7862.89
0.000149538	7851.13
0.000151046	7842.27
0.000152554	7840.19
0.000154063	7839.58
0.000155571	7841.22
0.00015708	7848.68
0.000158588	7857.19
0.000160097	7866.87
0.000161605	7874.88
0.000163113	7881.13
0.000164622	7881.16
0.00016613	7875.8
0.000167639	7864.03
0.000169147	7839.78
0.000170655	7803.45
0.000172164	7754.91
0.000173672	7691.53
0.000175181	7613.41
0.000176689	7519.85
0.000178197	7410.9
0.000179706	7287.8
0.000181214	7150.57
0.000182723	7002.3
0.000184231	6842.96
0.00018574	6676.98
0.000187248	6504.35
0.000188756	6329.93
0.000190265	6153.73
0.000191773	5980.02
0.000193282	5808.82
0.00019479	5642.91
0.000196298	5482.35
0.000197807	5327.88
0.000199315	5179.62
0.000200824	5036.37
0.000202332	4898.23
0.000203841	4762.74
0.000205349	4629.92
0.000206857	4497.03
0.000208366	4364.02
0.000209874	4228.81
0.000211383	4091.27
0.000212891	3950.63
0.000214399	3806.75
0.000215908	3660.26
0.000217416	3511.07
0.000218925	3360.89
0.000220433	3209.68
0.000221941	3059.6
0.00022345	2910.7
0.000224958	2764.91
0.000226467	2622.36
0.000227975	2484.29
0.000229484	2350.86
0.000230992	2222.53
0.0002325	2099.42
0.000234009	1981.39
0.000235517	1868.47
0.000237026	1760.23
0.000238534	1656.65
0.000240042	1557.28
0.000241551	1462.07
0.000243059	1370.72
0.000244568	1283.17
0.000246076	1199.28
0.000247585	1119.03
0.000249093	1042.33
0.000250601	969.173
0.00025211	899.463
0.000253618	833.199
0.000255127	770.206
0.000256635	710.475
0.000258143	653.796
0.000259652	600.137
0.00026116	549.312
0.000262669	501.277
0.000264177	455.921
0.000265685	413.203
0.000267194	373.1
0.000268702	335.59
0.000270211	300.704
0.000271719	268.443
0.000273228	238.833
0.000274736	211.894
0.000276244	187.59
0.000277753	165.94
0.000279261	146.824
0.00028077	130.242
0.000282278	115.993
0.000283786	104.049
0.000285295	94.1502
0.000286803	86.242
0.000288312	80.0321
0.00028982	75.4429
0.000291329	72.1604
0.000292837	69.9429
0.000294345	69.0157
0.000295854	68.7507
0.000297362	68.6839
0.000298871	69.1464
0.000300379	69.7646
0.000301887	70.3543
0.000303396	70.6365
0.000304904	70.5464
0.000306413	70.3028
0.000307921	69.4866
0.000309429	68.137
0.000310938	66.4054
0.000312446	64.3481
0.000313955	62.0058
0.000315463	59.5112
0.000316972	56.9474
0.00031848	54.4013
0.000319988	51.9595
0.000321497	49.6372
0.000323005	47.4867
0.000324514	45.4625
0.000326022	43.5641
0.00032753	41.7221
0.000329039	39.8919
0.000330547	38.0205
0.000332056	36.036
0.000333564	33.9631
