3.33898e-05	0.00204881
3.59039e-05	0.00334818
3.8418e-05	0.00724627
4.09322e-05	0.0127735
4.34463e-05	0.0234629
4.59604e-05	0.0401899
4.84746e-05	0.0695935
5.09887e-05	0.114972
5.35028e-05	0.189036
5.6017e-05	0.300371
5.85311e-05	0.470243
6.10452e-05	0.71721
6.35594e-05	1.07144
6.60735e-05	1.56644
6.85877e-05	2.23686
7.11018e-05	3.13248
7.36159e-05	4.2818
7.61301e-05	5.74291
7.86442e-05	7.52404
8.11583e-05	9.671
8.36725e-05	12.1619
8.61866e-05	15.0025
8.87007e-05	18.1449
9.12149e-05	21.536
9.3729e-05	25.1226
9.62431e-05	28.8033
9.87573e-05	32.5477
0.000101271	36.2505
0.000103786	39.9194
0.0001063	43.5019
0.000108814	47.0317
0.000111328	50.5348
0.000113842	54.0397
0.000116356	57.6172
0.00011887	61.2665
0.000121384	65.0323
0.000123899	68.8934
0.000126413	72.8274
0.000128927	76.8343
0.000131441	80.8731
0.000133955	85.0054
0.000136469	89.2997
0.000138983	93.8794
0.000141498	99.034
0.000144012	104.896
0.000146526	111.959
0.00014904	120.289
0.000151554	130.395
0.000154068	142.229
0.000156582	156.047
0.000159096	171.699
0.000161611	188.986
0.000164125	207.727
0.000166639	227.272
0.000169153	247.488
0.000171667	267.504
0.000174181	287.295
0.000176695	306.133
0.00017921	324.119
0.000181724	341.031
0.000184238	357.069
0.000186752	372.755
0.000189266	388.32
0.00019178	405.031
0.000194294	423.073
0.000196809	444.172
0.000199323	468.396
0.000201837	497.404
0.000204351	531.121
0.000206865	570.537
0.000209379	615.481
0.000211893	665.876
0.000214407	721.539
0.000216922	781.371
0.000219436	845.261
0.00022195	911.588
0.000224464	980.349
0.000226978	1050.12
0.000229492	1120.98
0.000232006	1192.24
0.000234521	1264
0.000237035	1336.44
0.000239549	1409.62
0.000242063	1484.28
0.000244577	1560.43
0.000247091	1638.93
0.000249605	1719.75
0.000252119	1803.59
0.000254634	1890.44
0.000257148	1980.86
0.000259662	2074.85
0.000262176	2173.11
0.00026469	2275.65
0.000267204	2383.44
0.000269718	2496.48
0.000272233	2615.83
0.000274747	2741.45
0.000277261	2873.86
0.000279775	3013.03
0.000282289	3158.1
0.000284803	3309.06
0.000287317	3463.13
0.000289831	3620.35
0.000292346	3776.16
0.00029486	3930.6
0.000297374	4078.32
0.000299888	4219.31
0.000302402	4348.9
0.000304916	4467.01
0.00030743	4570.94
0.000309945	4660.56
0.000312459	4735.67
0.000314973	4796.13
0.000317487	4843.82
0.000320001	4878.67
0.000322515	4904.01
0.000325029	4920.34
0.000327544	4924.7
0.000330058	4925.7
0.000332572	4924.84
0.000335086	4916.17
0.0003376	4904.52
0.000340114	4890.45
0.000342628	4874.35
0.000345142	4856.33
0.000347657	4836.41
0.000350171	4814.74
0.000352685	4790.18
0.000355199	4762.88
0.000357713	4730.39
0.000360227	4692.79
0.000362741	4646.61
0.000365256	4591.75
0.00036777	4524.68
0.000370284	4445.07
0.000372798	4350.57
0.000375312	4240.7
0.000377826	4115.3
0.00038034	3973.93
0.000382854	3818.85
0.000385369	3649.85
0.000387883	3471.03
0.000390397	3282.52
0.000392911	3089.16
0.000395425	2891.42
0.000397939	2693.84
0.000400453	2497.09
0.000402968	2304.79
0.000405482	2117.63
0.000407996	1938.07
0.00041051	1766.71
0.000413024	1604.85
0.000415538	1452.93
0.000418052	1311.22
0.000420566	1179.98
0.000423081	1058.71
0.000425595	947.488
0.000428109	845.462
0.000430623	752.516
0.000433137	667.832
0.000435651	591.21
0.000438165	522.022
0.00044068	460.089
0.000443194	404.905
0.000445708	356.357
0.000448222	313.861
0.000450736	277.331
0.00045325	245.959
0.000455764	219.597
0.000458279	197.234
0.000460793	178.6
0.000463307	162.664
0.000465821	149.045
0.000468335	136.922
0.000470849	125.885
0.000473363	115.478
0.000475877	105.368
0.000478392	95.4629
0.000480906	85.5873
0.00048342	75.8902
0.000485934	66.3575
0.000488448	57.2112
0.000490962	48.5452
0.000493476	40.5202
0.000495991	33.2576
0.000498505	26.8006
0.000501019	21.2311
0.000503533	16.4888
0.000506047	12.5869
0.000508561	9.4108
0.000511075	6.91261
0.000513589	4.97268
0.000516104	3.50969
0.000518618	2.42881
0.000521132	1.64451
0.000523646	1.09512
0.00052616	0.709972
0.000528674	0.455312
0.000531188	0.269779
0.000533703	0.174389
