0.000500379	0.728164
0.00050876	1.01409
0.000517141	1.49541
0.000525522	2.15399
0.000533903	3.0428
0.000542284	4.20905
0.000550665	5.66162
0.000559045	7.44363
0.000567426	9.51038
0.000575807	11.8627
0.000584188	14.3972
0.000592569	17.0351
0.00060095	19.6439
0.00060933	22.0597
0.000617711	24.1783
0.000626092	25.9201
0.000634473	26.941
0.000642854	27.0947
0.000651235	27.1497
0.000659615	26.5699
0.000667996	25.2324
0.000676377	23.7005
0.000684758	21.9722
0.000693139	20.2824
0.00070152	18.6819
0.0007099	17.3789
0.000718281	16.3458
0.000726662	15.6452
0.000735043	15.2507
0.000743424	15.0972
0.000751805	15.0196
0.000760186	14.9344
0.000768566	14.8162
0.000776947	14.5154
0.000785328	13.9806
0.000793709	13.203
0.00080209	12.2095
0.000810471	11.0362
0.000818851	9.72543
0.000827232	8.38359
0.000835613	7.03549
0.000843994	5.79761
0.000852375	4.67721
0.000860756	3.75952
0.000869136	3.04579
0.000877517	2.59409
0.000885898	2.39635
0.000894279	2.48991
0.00090266	2.92464
0.000911041	3.7121
0.000919421	4.92038
0.000927802	6.60052
0.000936183	8.7658
0.000944564	11.4972
0.000952945	14.783
0.000961326	18.6505
0.000969707	23.0724
0.000978087	27.9865
0.000986468	33.3606
0.000994849	39.0429
0.00100323	45.0088
0.00101161	51.0568
0.00101999	57.1766
0.00102837	63.1755
0.00103675	69.0588
0.00104513	74.6976
0.00105351	80.1112
0.0010619	85.2798
0.00107028	90.2326
0.00107866	95.0894
0.00108704	99.8796
0.00109542	104.853
0.0011038	110.026
0.00111218	115.697
0.00112056	121.86
0.00112894	128.727
0.00113732	136.273
0.0011457	144.506
0.00115409	153.399
0.00116247	162.755
0.00117085	172.564
0.00117923	182.568
0.00118761	192.784
0.00119599	203.119
0.00120437	213.605
0.00121275	224.491
0.00122113	235.806
0.00122951	248.161
0.00123789	261.57
0.00124627	276.854
0.00125466	294.009
0.00126304	313.846
0.00127142	336.355
0.0012798	362.195
0.00128818	391.359
0.00129656	424.398
0.00130494	461.309
0.00131332	502.7
0.0013217	548.567
0.00133008	599.694
0.00133846	656.076
0.00134684	718.552
0.00135523	787.119
0.00136361	862.241
0.00137199	943.937
0.00138037	1031.67
0.00138875	1125.49
0.00139713	1223.37
0.00140551	1325.37
0.00141389	1427.94
0.00142227	1531.16
0.00143065	1630.7
0.00143903	1726.54
0.00144741	1815
0.0014558	1895.92
0.00146418	1967.61
0.00147256	2029.84
0.00148094	2083.55
0.00148932	2128.53
0.0014977	2167.71
0.00150608	2201.06
0.00151446	2231.87
0.00152284	2260.32
0.00153122	2288.25
0.0015396	2315.97
0.00154798	2342.84
0.00155637	2369.14
0.00156475	2392.22
0.00157313	2412.58
0.00158151	2423.14
0.00158989	2427.53
0.00159827	2427.16
0.00160665	2412.63
0.00161503	2387.48
0.00162341	2352.62
0.00163179	2308.78
0.00164017	2255.88
0.00164855	2196.23
0.00165694	2130.02
0.00166532	2059.05
0.0016737	1983.61
0.00168208	1904.75
0.00169046	1822.62
0.00169884	1738.11
0.00170722	1651.25
0.0017156	1563.41
0.00172398	1474.64
0.00173236	1386.87
0.00174074	1300.3
0.00174912	1216.81
0.00175751	1136.79
0.00176589	1061.32
0.00177427	990.82
0.00178265	925.251
0.00179103	864.87
0.00179941	808.729
0.00180779	756.816
0.00181617	707.834
0.00182455	661.532
0.00183293	616.832
0.00184131	573.375
0.00184969	530.667
0.00185808	488.395
0.00186646	446.727
0.00187484	405.519
0.00188322	365.413
0.0018916	326.48
0.00189998	289.504
0.00190836	254.726
0.00191674	222.728
0.00192512	193.812
0.0019335	168.134
0.00194188	145.924
0.00195026	126.874
0.00195865	111.038
0.00196703	97.7874
0.00197541	86.9685
0.00198379	77.8874
0.00199217	70.2384
0.00200055	63.5036
0.00200893	57.3479
0.00201731	51.5498
0.00202569	45.8691
0.00203407	40.3418
0.00204245	34.8847
0.00205083	29.6486
0.00205922	24.6813
0.0020676	20.1057
0.00207598	16.0183
0.00208436	12.446
0.00209274	9.45506
0.00210112	6.98893
0.0021095	5.04962
0.00211788	3.54736
0.00212626	2.43206
0.00213464	1.62417
0.00214302	1.05399
0.0021514	0.670033
0.00215979	0.392575
0.00216817	0.248917
