0.000500379	9.15802e-37
0.000507084	3.55636e-35
0.000513789	1.39507e-34
0.000520493	4.6586e-33
0.000527198	1.8253e-32
0.000533903	5.21196e-31
0.000540607	2.05126e-30
0.000547312	5.01306e-29
0.000554017	1.97997e-28
0.000560721	4.14617e-27
0.000567426	1.64153e-26
0.000574131	2.94939e-25
0.000580835	1.16896e-24
0.00058754	1.805e-23
0.000594244	7.15016e-23
0.000600949	9.5063e-22
0.000607654	3.75669e-21
0.000614358	4.31009e-20
0.000621063	1.69542e-19
0.000627768	1.68295e-18
0.000634472	6.57266e-18
0.000641177	5.66175e-17
0.000647882	2.18884e-16
0.000654586	1.64183e-15
0.000661291	6.26198e-15
0.000667995	4.10601e-14
0.0006747	1.53906e-13
0.000681405	8.86043e-13
0.000688109	3.24988e-12
0.000694814	1.65068e-11
0.000701519	5.89632e-11
0.000708223	2.65624e-10
0.000714928	9.19245e-10
0.000721633	3.69391e-09
0.000728337	1.23158e-08
0.000735042	4.44127e-08
0.000741746	1.41817e-07
0.000748451	4.61832e-07
0.000755156	1.40374e-06
0.00076186	4.15459e-06
0.000768565	1.19459e-05
0.00077527	3.23366e-05
0.000781974	8.74193e-05
0.000788679	0.00021776
0.000795384	0.000550254
0.000802088	0.00126858
0.000808793	0.00297997
0.000815497	0.00639134
0.000822202	0.0138903
0.000828907	0.0278375
0.000835611	0.0557509
0.000842316	0.106485
0.000849021	0.194742
0.000855725	0.350527
0.00086243	0.589845
0.000869135	0.979379
0.000875839	1.53399
0.000882544	2.35134
0.000889249	3.43382
0.000895953	4.86919
0.000902658	6.63771
0.000909362	8.74089
0.000916067	11.1436
0.000922772	13.7094
0.000929476	16.4131
0.000936181	19.0343
0.000942886	21.5793
0.00094959	23.8973
0.000956295	26.0183
0.000963	27.9732
0.000969704	29.7845
0.000976409	31.603
0.000983113	33.4286
0.000989818	35.3712
0.000996523	37.4377
0.00100323	39.7103
0.00100993	42.2541
0.00101664	45.5004
0.00102334	49.5904
0.00103005	55.8873
0.00103675	64.5579
0.00104346	78.1951
0.00105016	96.8913
0.00105686	123.951
0.00106357	159.311
0.00107027	205.513
0.00107698	262.341
0.00108368	329.734
0.00109039	407.442
0.00109709	491.821
0.0011038	582.737
0.0011105	673.997
0.00111721	765.649
0.00112391	851.938
0.00113062	933.022
0.00113732	1006.84
0.00114402	1073.5
0.00115073	1135.79
0.00115743	1193.7
0.00116414	1252.75
0.00117084	1312.88
0.00117755	1378.47
0.00118425	1449.53
0.00119096	1526.73
0.00119766	1610.13
0.00120437	1697.28
0.00121107	1788.22
0.00121778	1880.08
0.00122448	1972.83
0.00123119	2065.13
0.00123789	2156.93
0.00124459	2248.17
0.0012513	2338.87
0.001258	2428.87
0.00126471	2518.23
0.00127141	2605.98
0.00127812	2692.15
0.00128482	2775.3
0.00129153	2855.43
0.00129823	2931.11
0.00130494	3002.33
0.00131164	3067.62
0.00131835	3127.01
0.00132505	3178.58
0.00133175	3222.34
0.00133846	3256.49
0.00134516	3282.1
0.00135187	3287.77
0.00135857	3284.89
0.00136528	3276.87
0.00137198	3247.48
0.00137869	3204.58
0.00138539	3149.95
0.0013921	3084.17
0.0013988	3007.19
0.00140551	2921.86
0.00141221	2828.3
0.00141891	2729.52
0.00142562	2625.79
0.00143232	2519.7
0.00143903	2411.61
0.00144573	2303.11
0.00145244	2194.57
0.00145914	2086.39
0.00146585	1978.77
0.00147255	1871.45
0.00147926	1764.39
0.00148596	1657.64
0.00149267	1551.03
0.00149937	1445.56
0.00150608	1341.18
0.00151278	1239.48
0.00151948	1140.69
0.00152619	1046.05
0.00153289	955.936
0.0015396	870.747
0.0015463	790.715
0.00155301	715.715
0.00155971	645.758
0.00156642	580.784
0.00157312	520.746
0.00157983	465.762
0.00158653	415.89
0.00159324	371.044
0.00159994	331.345
0.00160664	296.193
0.00161335	265.577
0.00162005	238.545
0.00162676	214.853
0.00163346	193.661
0.00164017	174.604
0.00164687	157.264
0.00165358	141.363
0.00166028	126.823
0.00166699	113.551
0.00167369	101.492
0.0016804	90.649
0.0016871	80.8085
0.00169381	71.9175
0.00170051	63.71
0.00170721	56.0386
0.00171392	48.7928
0.00172062	41.8357
0.00172733	35.2619
0.00173403	29.0532
0.00174074	23.367
0.00174744	18.2921
0.00175415	13.8884
0.00176085	10.2476
0.00176756	7.29571
0.00177426	5.04421
0.00178097	3.3567
0.00178767	2.16324
0.00179437	1.3454
0.00180108	0.803324
0.00180778	0.468292
0.00181449	0.256011
0.00182119	0.141331
0.0018279	0.0630212
0.0018346	0.0369179
