0.000500379	3.92681e-45
0.000507084	3.40639e-43
0.000513789	1.35077e-42
0.000520493	9.86546e-41
0.000527198	3.93112e-40
0.000533903	2.41131e-38
0.000540607	9.67971e-38
0.000547312	4.98913e-36
0.000554017	2.01673e-35
0.000560721	8.74e-34
0.000567426	3.55548e-33
0.000574131	1.29661e-31
0.000580835	5.30453e-31
0.00058754	1.62938e-29
0.000594244	6.69774e-29
0.000600949	1.73494e-27
0.000607654	7.15781e-27
0.000614358	1.5658e-25
0.000621063	6.47508e-25
0.000627768	1.19825e-23
0.000634472	4.95871e-23
0.000641177	7.77885e-22
0.000647882	3.21517e-21
0.000654586	4.28601e-20
0.000661291	1.76525e-19
0.000667995	2.00543e-18
0.0006747	8.20797e-18
0.000681405	7.97352e-17
0.000688109	3.23268e-16
0.000694814	2.69575e-15
0.000701519	1.0786e-14
0.000708223	7.75565e-14
0.000714928	3.04939e-13
0.000721633	1.90021e-12
0.000728337	7.30645e-12
0.000735042	3.96804e-11
0.000741746	1.48402e-10
0.000748451	7.06781e-10
0.000755156	2.55575e-09
0.00076186	1.07462e-08
0.000768565	3.73299e-08
0.00077527	1.39567e-07
0.000781974	4.62577e-07
0.000788679	1.54921e-06
0.000795384	4.86449e-06
0.000802088	1.47037e-05
0.000808793	4.34275e-05
0.000815497	0.000119352
0.000822202	0.000329254
0.000828907	0.000828602
0.000835611	0.00212087
0.000842316	0.0049193
0.000849021	0.0116119
0.000855725	0.0249658
0.00086243	0.0540646
0.000869135	0.108252
0.000875839	0.214174
0.000882544	0.410329
0.000889249	0.734744
0.000895953	1.30188
0.000902658	2.14554
0.000909362	3.47567
0.000916067	5.30662
0.000922772	7.87198
0.000929476	11.1383
0.000936181	15.1725
0.000942886	19.8932
0.00094959	24.9931
0.000956295	30.3983
0.000963	35.4737
0.000969704	40.2313
0.000976409	44.1656
0.000983113	47.3936
0.000989818	50.1308
0.000996523	52.5229
0.00100323	55.6609
0.00100993	59.6199
0.00101664	65.8615
0.00102334	74.3658
0.00103005	86.2573
0.00103675	101.477
0.00104346	120.522
0.00105016	143.353
0.00105686	170.046
0.00106357	200.594
0.00107027	234.969
0.00107698	273.181
0.00108368	315.309
0.00109039	361.38
0.00109709	411.832
0.0011038	466.701
0.0011105	527.081
0.00111721	592.992
0.00112391	666.092
0.00113062	746.363
0.00113732	835.242
0.00114402	932.688
0.00115073	1038.79
0.00115743	1153.53
0.00116414	1274.89
0.00117084	1402.89
0.00117755	1533.32
0.00118425	1666.23
0.00119096	1795.75
0.00119766	1921.91
0.00120437	2038.73
0.00121107	2146.16
0.00121778	2240.84
0.00122448	2322.57
0.00123119	2392.9
0.00123789	2451.61
0.00124459	2504.83
0.0012513	2552.47
0.001258	2602.01
0.00126471	2653.65
0.00127141	2712.16
0.00127812	2777.98
0.00128482	2850.47
0.00129153	2930.16
0.00129823	3010.49
0.00130494	3091.78
0.00131164	3163.64
0.00131835	3225.85
0.00132505	3268.69
0.00133175	3290.87
0.00133846	3292.45
0.00134516	3267.34
0.00135187	3223
0.00135857	3159.38
0.00136528	3086.47
0.00137198	3004.8
0.00137869	2923.05
0.00138539	2842.58
0.0013921	2765.15
0.0013988	2691.9
0.00140551	2618.24
0.00141221	2544.21
0.00141891	2464.27
0.00142562	2377.38
0.00143232	2282.51
0.00143903	2178.55
0.00144573	2070.03
0.00145244	1956.75
0.00145914	1845.42
0.00146585	1736.93
0.00147255	1635.82
0.00147926	1543.38
0.00148596	1460.07
0.00149267	1386.77
0.00149937	1320.67
0.00150608	1261.86
0.00151278	1206.26
0.00151948	1153.24
0.00152619	1099.35
0.00153289	1043.58
0.0015396	984.616
0.0015463	921.524
0.00155301	855.562
0.00155971	786.406
0.00156642	716.873
0.00157312	647.43
0.00157983	580.641
0.00158653	517.4
0.00159324	458.819
0.00159994	405.608
0.00160664	357.562
0.00161335	314.893
0.00162005	276.94
0.00162676	243.571
0.00163346	214.246
0.00164017	188.785
0.00164687	166.736
0.00165358	147.977
0.00166028	131.924
0.00166699	118.417
0.00167369	106.768
0.0016804	96.6994
0.0016871	87.6629
0.00169381	79.3315
0.00170051	71.4635
0.00170721	63.8195
0.00171392	56.4261
0.00172062	49.199
0.00172733	42.2777
0.00173403	35.6984
0.00174074	29.5856
0.00174744	24.0215
0.00175415	19.0608
0.00176085	14.7744
0.00176756	11.1381
0.00177426	8.17992
0.00178097	5.81458
0.00178767	4.01492
0.00179437	2.67444
0.00180108	1.72253
0.00180778	1.07154
0.00181449	0.638077
0.00182119	0.370805
0.0018279	0.185189
0.0018346	0.110179
