0.000500379	7.10431e-154
0.000509598	3.21505e-148
0.000518817	1.28602e-147
0.000528036	4.27491e-142
0.000537255	1.72745e-141
0.000546474	4.21726e-136
0.000555693	1.72186e-135
0.000564912	3.08671e-130
0.000574131	1.27356e-129
0.00058335	1.67619e-124
0.000592569	6.98997e-124
0.000601788	6.75317e-119
0.000611007	2.84683e-118
0.000620226	2.0186e-113
0.000629445	8.60359e-113
0.000638664	4.47659e-108
0.000647883	1.92943e-107
0.000657101	7.36543e-103
0.00066632	3.21077e-102
0.000675539	8.99083e-98
0.000684758	3.96479e-97
0.000693977	8.14237e-93
0.000703196	3.63297e-92
0.000712415	5.47079e-88
0.000721634	2.47021e-87
0.000730853	2.72706e-83
0.000740072	1.24634e-82
0.000749291	1.00852e-78
0.00075851	4.66624e-78
0.000767729	2.76708e-74
0.000776948	1.29637e-73
0.000786167	5.6325e-70
0.000795386	2.67251e-69
0.000804605	8.50602e-66
0.000813823	4.08827e-65
0.000823042	9.53015e-62
0.000832261	4.64076e-61
0.00084148	7.92184e-58
0.000850699	3.90903e-57
0.000859918	4.88553e-54
0.000869137	2.4433e-53
0.000878356	2.23547e-50
0.000887575	1.13322e-49
0.000896794	7.58949e-47
0.000906013	3.90018e-46
0.000915232	1.91192e-43
0.000924451	9.96059e-43
0.00093367	3.57415e-40
0.000942889	1.88764e-39
0.000952108	4.95876e-37
0.000961327	2.65453e-36
0.000970545	5.10672e-34
0.000979764	2.77011e-33
0.000988983	3.9046e-31
0.000998202	2.14511e-30
0.00100742	2.21726e-28
0.00101664	1.23269e-27
0.00102586	9.35512e-26
0.00103508	5.25674e-25
0.0010443	2.93452e-23
0.00105352	1.66362e-22
0.00106273	6.84913e-21
0.00107195	3.90741e-20
0.00108117	1.19075e-18
0.00109039	6.81155e-18
0.00109961	1.54426e-16
0.00110883	8.81383e-16
0.00111805	1.49675e-14
0.00112727	8.46641e-14
0.00113649	1.08675e-12
0.00114571	6.03846e-12
0.00115492	5.92773e-11
0.00116414	3.19852e-10
0.00117336	2.43687e-09
0.00118258	1.25867e-08
0.0011918	7.57599e-08
0.00120102	3.6814e-07
0.00121024	1.78692e-06
0.00121946	8.00794e-06
0.00122868	3.20578e-05
0.00123789	0.000129656
0.00124711	0.000438042
0.00125633	0.00156425
0.00126555	0.00455815
0.00127477	0.0140822
0.00128399	0.0360579
0.00129321	0.094767
0.00130243	0.216173
0.00131165	0.477736
0.00132087	1.01051
0.00133008	1.88773
0.0013393	3.40002
0.00134852	5.53568
0.00135774	8.37705
0.00136696	11.8984
0.00137618	15.4164
0.0013854	18.9256
0.00139462	21.2516
0.00140384	22.4148
0.00141305	22.2394
0.00142227	20.4354
0.00143149	18.3387
0.00144071	15.9313
0.00144993	15.5984
0.00145915	16.8155
0.00146837	19.7851
0.00147759	27.0646
0.00148681	37.2783
0.00149603	50.412
0.00150524	65.409
0.00151446	82.2606
0.00152368	99.9568
0.0015329	118.351
0.00154212	138.958
0.00155134	161.551
0.00156056	191.063
0.00156978	227.466
0.001579	276.311
0.00158821	338.077
0.00159743	413.083
0.00160665	502.094
0.00161587	597.348
0.00162509	698.962
0.00163431	797.338
0.00164353	891.369
0.00165275	980.227
0.00166197	1062.55
0.00167118	1148.43
0.0016804	1237.91
0.00168962	1342.04
0.00169884	1462.43
0.00170806	1600.44
0.00171728	1757.64
0.0017265	1925.68
0.00173572	2104.66
0.00174494	2284.25
0.00175416	2463.35
0.00176337	2635.39
0.00177259	2799.11
0.00178181	2952.67
0.00179103	3095.56
0.00180025	3227.39
0.00180947	3348.81
0.00181869	3455.14
0.00182791	3547.06
0.00183713	3614.35
0.00184634	3655.39
0.00185556	3664.16
0.00186478	3633.84
0.001874	3563.85
0.00188322	3452.44
0.00189244	3308.36
0.00190166	3130.41
0.00191088	2937.06
0.0019201	2731.1
0.00192932	2528.29
0.00193853	2334.51
0.00194775	2151
0.00195697	1981.1
0.00196619	1816.66
0.00197541	1655.51
0.00198463	1495.88
0.00199385	1334.65
0.00200307	1180.4
0.00201229	1034.34
0.0020215	904.514
0.00203072	795.328
0.00203994	704.839
0.00204916	635.535
0.00205838	577.5
0.0020676	528.322
0.00207682	480.226
0.00208604	428.323
0.00209526	373.757
0.00210448	314.424
0.00211369	256.337
0.00212291	201.529
0.00213213	153.288
0.00214135	114.323
0.00215057	83.7027
0.00215979	62.2586
0.00216901	47.4006
0.00217823	38.3409
0.00218745	32.7197
0.00219666	29.0548
0.00220588	26.2301
0.0022151	22.975
0.00222432	19.5421
0.00223354	15.5768
0.00224276	11.6955
0.00225198	8.23268
0.0022612	5.32778
0.00227042	3.26368
0.00227964	1.81755
0.00228885	0.932961
0.00229807	0.463631
0.00230729	0.201052
0.00231651	0.0881594
0.00232573	0.0313809
0.00233495	0.0124548
