0.000166815	6.48663e-19
0.000172682	4.50653e-18
0.000178548	1.60801e-17
0.000184415	1.03758e-16
0.000190282	3.53927e-16
0.000196148	2.05474e-15
0.000202015	6.91675e-15
0.000207881	3.62291e-14
0.000213748	1.20026e-13
0.000219614	5.68923e-13
0.000225481	1.84948e-12
0.000231347	7.95923e-12
0.000237214	2.53078e-11
0.00024308	9.92289e-11
0.000248947	3.07555e-10
0.000254813	1.10276e-09
0.00026068	3.31968e-09
0.000266547	1.09274e-08
0.000272413	3.18291e-08
0.00027828	9.65731e-08
0.000284146	2.71126e-07
0.000290013	7.61388e-07
0.000295879	2.0522e-06
0.000301746	5.35624e-06
0.000307612	1.38061e-05
0.000313479	3.36283e-05
0.000319345	8.25762e-05
0.000325212	0.000188463
0.000331078	0.00043928
0.000336945	0.000943
0.000342812	0.00207943
0.000348678	0.00421374
0.000354545	0.00876476
0.000360411	0.0168203
0.000366278	0.0329221
0.000372144	0.0607211
0.000378011	0.110854
0.000383877	0.196389
0.000389744	0.334923
0.00039561	0.561418
0.000401477	0.903834
0.000407343	1.43252
0.00041321	2.18386
0.000419077	3.27408
0.000424943	4.73833
0.00043081	6.72983
0.000436676	9.26738
0.000442543	12.5009
0.000448409	16.4209
0.000454276	21.1099
0.000460142	26.5325
0.000466009	32.652
0.000471875	39.4284
0.000477742	46.7152
0.000483608	54.4998
0.000489475	62.6229
0.000495342	71.1233
0.000501208	79.9874
0.000507075	89.3022
0.000512941	99.3373
0.000518808	110.19
0.000524674	122.419
0.000530541	136.076
0.000536407	151.809
0.000542274	169.589
0.00054814	189.814
0.000554007	212.39
0.000559873	237.211
0.00056574	264.193
0.000571606	292.82
0.000577473	323.099
0.00058334	354.605
0.000589206	387.45
0.000595073	421.887
0.000600939	458.056
0.000606806	497.043
0.000612672	538.904
0.000618539	585.001
0.000624405	635.256
0.000630272	690.338
0.000636138	750.091
0.000642005	813.833
0.000647871	881.447
0.000653738	951.161
0.000659605	1022.98
0.000665471	1095.17
0.000671338	1167.86
0.000677204	1240.7
0.000683071	1313.83
0.000688937	1388.81
0.000694804	1465.71
0.00070067	1547.24
0.000706537	1633.35
0.000712403	1726.05
0.00071827	1825.24
0.000724136	1930.49
0.000730003	2041.71
0.00073587	2155.48
0.000741736	2271.81
0.000747603	2385.37
0.000753469	2496.23
0.000759336	2599.17
0.000765202	2694.21
0.000771069	2777.89
0.000776935	2850.19
0.000782802	2909.93
0.000788668	2957.07
0.000794535	2992.86
0.000800401	3017.43
0.000806268	3028.96
0.000812135	3034.07
0.000818001	3033.71
0.000823868	3025.45
0.000829734	3014.04
0.000835601	2999.65
0.000841467	2984.48
0.000847334	2968.66
0.0008532	2953.25
0.000859067	2938.41
0.000864933	2923.8
0.0008708	2909.56
0.000876666	2894.22
0.000882533	2877.86
0.0008884	2858.23
0.000894266	2835.35
0.000900133	2806.67
0.000905999	2772.09
0.000911866	2729.49
0.000917732	2678.62
0.000923599	2618.64
0.000929465	2549.22
0.000935332	2471.47
0.000941198	2385.11
0.000947065	2293.26
0.000952931	2195.86
0.000958798	2097.16
0.000964665	1997.42
0.000970531	1900.54
0.000976398	1807.07
0.000982264	1719.16
0.000988131	1637.43
0.000993997	1561.72
0.000999864	1492.44
0.00100573	1427.65
0.0010116	1367.35
0.00101746	1309.04
0.00102333	1252.36
0.0010292	1195.47
0.00103506	1137.86
0.00104093	1079.08
0.0010468	1018.75
0.00105266	957.764
0.00105853	896.04
0.0010644	835.156
0.00107026	775.346
0.00107613	717.976
0.001082	663.459
0.00108786	612.336
0.00109373	564.966
0.00109959	521.003
0.00110546	480.563
0.00111133	442.84
0.00111719	407.682
0.00112306	374.403
0.00112893	342.721
0.00113479	312.439
0.00114066	283.349
0.00114653	255.707
0.00115239	229.499
0.00115826	205.096
0.00116413	182.645
0.00116999	162.286
0.00117586	144.177
0.00118173	128.11
0.00118759	114.122
0.00119346	101.792
0.00119933	91.001
0.00120519	81.3453
0.00121106	72.6223
0.00121693	64.5971
0.00122279	57.0877
0.00122866	50.0432
0.00123453	43.3672
0.00124039	37.1168
0.00124626	31.2843
0.00125212	25.9414
0.00125799	21.1294
0.00126386	16.873
0.00126972	13.2135
0.00127559	10.1146
0.00128146	7.58378
0.00128732	5.54537
0.00129319	3.96619
0.00129906	2.76374
0.00130492	1.87884
0.00131079	1.24614
0.00131666	0.802141
0.00132252	0.506417
0.00132839	0.293183
0.00133426	0.184966
