3.33898e-05	9.01763
3.55687e-05	11.2231
3.77476e-05	13.6677
3.99264e-05	16.3856
4.21053e-05	19.2771
4.42842e-05	22.2868
4.64631e-05	25.3016
4.8642e-05	28.2122
5.08209e-05	30.9105
5.29998e-05	33.2513
5.51787e-05	35.1686
5.73576e-05	36.6281
5.95365e-05	37.3447
6.17154e-05	37.2782
6.38943e-05	37.0522
6.60732e-05	36.2322
6.82521e-05	34.8192
7.0431e-05	33.2543
7.26099e-05	31.6374
7.47888e-05	30.1393
7.69677e-05	29.1964
7.91465e-05	29.3286
8.13254e-05	29.822
8.35043e-05	31.5343
8.56832e-05	35.4044
8.78621e-05	40.9542
9.0041e-05	48.5338
9.22199e-05	58.5197
9.43988e-05	70.9232
9.65777e-05	85.986
9.87566e-05	103.618
0.000100935	123.843
0.000103114	146.484
0.000105293	171.29
0.000107472	198.045
0.000109651	226.244
0.00011183	255.709
0.000114009	285.805
0.000116188	316.464
0.000118367	347.141
0.000120546	377.903
0.000122724	408.522
0.000124903	439.176
0.000127082	470.083
0.000129261	501.447
0.00013144	533.88
0.000133619	567.517
0.000135798	603.108
0.000137977	640.646
0.000140156	680.652
0.000142334	722.961
0.000144513	767.529
0.000146692	814.089
0.000148871	861.888
0.00015105	910.662
0.000153229	959.096
0.000155408	1007.03
0.000157587	1053.02
0.000159766	1097.08
0.000161945	1138.17
0.000164123	1176.47
0.000166302	1211.86
0.000168481	1244.64
0.00017066	1275.81
0.000172839	1305.68
0.000175018	1336.28
0.000177197	1367.84
0.000179376	1402.97
0.000181555	1441.78
0.000183733	1486.82
0.000185912	1538.05
0.000188091	1597.37
0.00019027	1664.65
0.000192449	1740.69
0.000194628	1825.33
0.000196807	1918.24
0.000198986	2019.28
0.000201165	2127.25
0.000203344	2242.07
0.000205522	2362.16
0.000207701	2487.5
0.00020988	2616.64
0.000212059	2749.61
0.000214238	2885.35
0.000216417	3023.91
0.000218596	3164.7
0.000220775	3307.75
0.000222954	3452.76
0.000225132	3599.71
0.000227311	3748.34
0.00022949	3898.62
0.000231669	4050.03
0.000233848	4202.55
0.000236027	4355.19
0.000238206	4507.92
0.000240385	4659.07
0.000242564	4808.63
0.000244743	4954.08
0.000246921	5095.42
0.0002491	5229.33
0.000251279	5355.84
0.000253458	5471.2
0.000255637	5575.44
0.000257816	5665.18
0.000259995	5740.43
0.000262174	5799.79
0.000264353	5843.43
0.000266531	5864.76
0.00026871	5874.24
0.000270889	5872.96
0.000273068	5853.29
0.000275247	5823.83
0.000277426	5784.86
0.000279605	5740.25
0.000281784	5690.09
0.000283963	5637.67
0.000286142	5583.16
0.00028832	5527.75
0.000290499	5471.66
0.000292678	5413.82
0.000294857	5354.4
0.000297036	5290.79
0.000299215	5223.01
0.000301394	5148.06
0.000303573	5065.81
0.000305752	4973.98
0.00030793	4872.34
0.000310109	4760.1
0.000312288	4636.99
0.000314467	4503.93
0.000316646	4360.73
0.000318825	4209.67
0.000321004	4050.72
0.000323183	3886.85
0.000325362	3718.2
0.00032754	3547.66
0.000329719	3375.5
0.000331898	3203.88
0.000334077	3033.12
0.000336256	2864.43
0.000338435	2698.06
0.000340614	2534.45
0.000342793	2373.71
0.000344972	2216
0.000347151	2061.32
0.000349329	1910.04
0.000351508	1762.1
0.000353687	1618.36
0.000355866	1478.8
0.000358045	1344.67
0.000360224	1216.09
0.000362403	1094.33
0.000364582	979.651
0.000366761	872.959
0.000368939	774.55
0.000371118	684.725
0.000373297	603.721
0.000375476	531.187
0.000377655	467.227
0.000379834	410.983
0.000382013	362.398
0.000384192	320.335
0.000386371	284.596
0.00038855	253.983
0.000390728	228.203
0.000392907	206.156
0.000395086	187.504
0.000397265	171.341
0.000399444	157.332
0.000401623	144.817
0.000403802	133.498
0.000405981	122.97
0.00040816	113.004
0.000410338	103.429
0.000412517	94.0979
0.000414696	85.0175
0.000416875	76.1283
0.000419054	67.5339
0.000421233	59.2474
0.000423412	51.3909
0.000425591	44.0202
0.00042777	37.2181
0.000429949	31.0477
0.000432127	25.5277
0.000434306	20.6995
0.000436485	16.5228
0.000438664	13.0031
0.000440843	10.0642
0.000443022	7.67722
0.000445201	5.75685
0.00044738	4.25178
0.000449559	3.08736
0.000451737	2.20517
0.000453916	1.55034
0.000456095	1.06963
0.000458274	0.728206
0.000460453	0.484664
0.000462632	0.319678
0.000464811	0.197765
0.00046699	0.131076
