3.33898e-05	769.422
3.48982e-05	798.377
3.64066e-05	828.005
3.7915e-05	858.415
3.94234e-05	889.286
4.09318e-05	920.339
4.24402e-05	951.498
4.39487e-05	982.578
4.54571e-05	1013.58
4.69655e-05	1044.4
4.84739e-05	1075.14
4.99823e-05	1105.79
5.14907e-05	1136.58
5.29991e-05	1167.65
5.45076e-05	1199.36
5.6016e-05	1232.07
5.75244e-05	1266.28
5.90328e-05	1302.61
6.05412e-05	1341.6
6.20496e-05	1384.14
6.3558e-05	1430.72
6.50665e-05	1482.39
6.65749e-05	1539.52
6.80833e-05	1603.12
6.95917e-05	1673.36
7.11001e-05	1751.02
7.26085e-05	1836.03
7.41169e-05	1928.74
7.56253e-05	2028.85
7.71338e-05	2136.16
7.86422e-05	2250.23
8.01506e-05	2370.3
8.1659e-05	2495.86
8.31674e-05	2625.73
8.46758e-05	2759.51
8.61842e-05	2895.81
8.76927e-05	3034.47
8.92011e-05	3174.29
9.07095e-05	3315.39
9.22179e-05	3457.16
9.37263e-05	3599.98
9.52347e-05	3744.16
9.67431e-05	3890.23
9.82516e-05	4039.5
9.976e-05	4192.5
0.000101268	4351.29
0.000102777	4516.26
0.000104285	4689.68
0.000105794	4871.63
0.000107302	5063.85
0.00010881	5266.04
0.000110319	5478.67
0.000111827	5701.09
0.000113336	5931.94
0.000114844	6170.36
0.000116353	6412.99
0.000117861	6658.98
0.000119369	6903.31
0.000120878	7145.3
0.000122386	7379.05
0.000123895	7604.17
0.000125403	7814.93
0.000126911	8011.24
0.00012842	8188.53
0.000129928	8346.99
0.000131437	8483.95
0.000132945	8599.75
0.000134453	8693.88
0.000135962	8766.77
0.00013747	8821.76
0.000138979	8856.7
0.000140487	8865.69
0.000141996	8868.89
0.000143504	8862.93
0.000145012	8836.61
0.000146521	8803.09
0.000148029	8761.21
0.000149538	8713.46
0.000151046	8659.79
0.000152554	8602.33
0.000154063	8540.99
0.000155571	8476.93
0.00015708	8410.08
0.000158588	8340.73
0.000160097	8268.82
0.000161605	8194
0.000163113	8116.22
0.000164622	8034.68
0.00016613	7949.38
0.000167639	7859.32
0.000169147	7764.51
0.000170655	7664.02
0.000172164	7557.87
0.000173672	7445.45
0.000175181	7326.8
0.000176689	7201.85
0.000178197	7070.63
0.000179706	6933.78
0.000181214	6791.3
0.000182723	6644.51
0.000184231	6493.4
0.00018574	6339.74
0.000187248	6183.5
0.000188756	6026.54
0.000190265	5868.85
0.000191773	5711.9
0.000193282	5555.7
0.00019479	5401
0.000196298	5247.84
0.000197807	5096.09
0.000199315	4945.8
0.000200824	4796.1
0.000202332	4647
0.000203841	4497.27
0.000205349	4346.89
0.000206857	4194.7
0.000208366	4040.66
0.000209874	3884.16
0.000211383	3725.13
0.000212891	3563.78
0.000214399	3400.04
0.000215908	3235
0.000217416	3068.59
0.000218925	2902.58
0.000220433	2736.96
0.000221941	2573.83
0.00022345	2413.24
0.000224958	2257.23
0.000226467	2105.93
0.000227975	1961.02
0.000229484	1822.64
0.000230992	1691.95
0.0002325	1569.11
0.000234009	1454.69
0.000235517	1348.82
0.000237026	1251.52
0.000238534	1162.89
0.000240042	1082.51
0.000241551	1010.42
0.000243059	945.848
0.000244568	888.792
0.000246076	838.22
0.000247585	794.083
0.000249093	755.192
0.000250601	721.451
0.00025211	691.615
0.000253618	665.548
0.000255127	642.064
0.000256635	620.993
0.000258143	601.314
0.000259652	582.84
0.00026116	564.798
0.000262669	547.006
0.000264177	528.98
0.000265685	510.566
0.000267194	491.557
0.000268702	471.848
0.000270211	451.46
0.000271719	430.343
0.000273228	408.674
0.000274736	386.454
0.000276244	363.937
0.000277753	341.166
0.000279261	318.409
0.00028077	295.732
0.000282278	273.379
0.000283786	251.423
0.000285295	230.062
0.000286803	209.369
0.000288312	189.492
0.00028982	170.494
0.000291329	152.479
0.000292837	135.497
0.000294345	119.607
0.000295854	104.85
0.000297362	91.2392
0.000298871	78.8011
0.000300379	67.5095
0.000301887	57.3726
0.000303396	48.3278
0.000304904	40.3637
0.000306413	33.39
0.000307921	27.3756
0.000309429	22.2151
0.000310938	17.8603
0.000312446	14.2045
0.000313955	11.1877
0.000315463	8.71341
0.000316972	6.71738
0.00031848	5.12026
0.000319988	3.86054
0.000321497	2.87867
0.000323005	2.12109
0.000324514	1.5468
0.000326022	1.11298
0.00032753	0.793672
0.000329039	0.55726
0.000330547	0.388601
0.000332056	0.260194
0.000333564	0.181456
