0.000166815	3.9769e-08
0.000171844	9.50114e-08
0.000176872	2.60738e-07
0.000181901	6.42586e-07
0.000186929	1.56816e-06
0.000191958	3.66426e-06
0.000196986	8.65229e-06
0.000202014	1.92145e-05
0.000207043	4.38006e-05
0.000212071	9.26584e-05
0.0002171	0.000203466
0.000222128	0.000410939
0.000227157	0.000867431
0.000232185	0.00167621
0.000237214	0.00339456
0.000242242	0.00628859
0.00024727	0.0121965
0.000252299	0.0218266
0.000257327	0.0402894
0.000262356	0.0703416
0.000267384	0.122634
0.000272413	0.206457
0.000277441	0.343013
0.000282469	0.555645
0.000287498	0.881954
0.000292526	1.37262
0.000297555	2.08552
0.000302583	3.11565
0.000307612	4.53836
0.00031264	6.50593
0.000317669	9.09693
0.000322697	12.5154
0.000327725	16.8171
0.000332754	22.2181
0.000337782	28.7222
0.000342811	36.4806
0.000347839	45.4287
0.000352868	55.5612
0.000357896	66.7571
0.000362924	78.797
0.000367953	91.5446
0.000372981	104.593
0.00037801	117.843
0.000383038	130.822
0.000388067	143.507
0.000393095	155.533
0.000398123	166.954
0.000403152	177.653
0.00040818	187.725
0.000413209	197.335
0.000418237	206.57
0.000423266	215.78
0.000428294	225.006
0.000433323	234.612
0.000438351	244.582
0.000443379	255.129
0.000448408	266.204
0.000453436	277.797
0.000458465	289.871
0.000463493	302.269
0.000468522	315
0.00047355	327.96
0.000478578	341.221
0.000483607	354.958
0.000488635	369.288
0.000493664	384.803
0.000498692	401.622
0.000503721	420.718
0.000508749	442.167
0.000513778	467.107
0.000518806	495.549
0.000523834	528.488
0.000528863	565.877
0.000533891	608.289
0.00053892	655.641
0.000543948	707.924
0.000548977	765.047
0.000554005	826.403
0.000559033	891.912
0.000564062	960.477
0.00056909	1032.05
0.000574119	1105.23
0.000579147	1180
0.000584176	1254.91
0.000589204	1329.97
0.000594233	1403.87
0.000599261	1476.65
0.000604289	1547.32
0.000609318	1615.91
0.000614346	1681.78
0.000619375	1744.97
0.000624403	1805.13
0.000629432	1862.25
0.00063446	1916.12
0.000639488	1966.76
0.000644517	2013.95
0.000649545	2057.71
0.000654574	2097.78
0.000659602	2134.18
0.000664631	2166.65
0.000669659	2195.19
0.000674688	2219.57
0.000679716	2239.79
0.000684744	2255.85
0.000689773	2267.78
0.000694801	2273.51
0.00069983	2276.03
0.000704858	2275.49
0.000709887	2268.67
0.000714915	2257.47
0.000719943	2241.98
0.000724972	2222.08
0.00073	2197.77
0.000735029	2169.24
0.000740057	2136.48
0.000745086	2099.81
0.000750114	2059.21
0.000755143	2015.2
0.000760171	1967.74
0.000765199	1917.57
0.000770228	1864.67
0.000775256	1810
0.000780285	1753.54
0.000785313	1696.38
0.000790342	1638.54
0.00079537	1581.06
0.000800398	1524.01
0.000805427	1468.18
0.000810455	1413.66
0.000815484	1360.85
0.000820512	1309.84
0.000825541	1260.57
0.000830569	1213.08
0.000835598	1166.88
0.000840626	1121.99
0.000845654	1077.68
0.000850683	1033.9
0.000855711	990.012
0.00086074	945.912
0.000865768	901.31
0.000870797	856.095
0.000875825	810.453
0.000880853	764.315
0.000885882	718.248
0.00089091	672.265
0.000895939	627.053
0.000900967	582.705
0.000905996	539.747
0.000911024	498.307
0.000916052	458.597
0.000921081	420.714
0.000926109	384.594
0.000931138	350.265
0.000936166	317.56
0.000941195	286.444
0.000946223	256.837
0.000951252	228.685
0.00095628	202.08
0.000961308	177.002
0.000966337	153.663
0.000971365	132.1
0.000976394	112.513
0.000981422	94.9776
0.000986451	79.5466
0.000991479	66.2946
0.000996507	55.0683
0.00100154	45.8934
0.00100656	38.4449
0.00101159	32.6749
0.00101662	28.181
0.00102165	24.8486
0.00102668	22.3042
0.00103171	20.3982
0.00103673	18.8638
0.00104176	17.5573
0.00104679	16.3456
0.00105182	15.1247
0.00105685	13.8747
0.00106188	12.5462
0.00106691	11.1838
0.00107193	9.78626
0.00107696	8.41209
0.00108199	7.08769
0.00108702	5.85215
0.00109205	4.73613
0.00109708	3.74933
0.0011021	2.91075
0.00110713	2.20765
0.00111216	1.64263
0.00111719	1.19353
0.00112222	0.850409
0.00112725	0.592208
0.00113228	0.403641
0.0011373	0.269642
0.00114233	0.175559
0.00114736	0.112657
0.00115239	0.0699352
0.00115742	0.0431921
0.00116245	0.0239822
0.00116747	0.0151977
