0.000500379	6.32405e-127
0.000509598	2.05137e-122
0.000518817	8.20528e-122
0.000528036	2.06962e-117
0.000537255	8.36284e-117
0.000546474	1.63995e-112
0.000555693	6.69539e-112
0.000564912	1.02062e-107
0.000574131	4.21075e-107
0.00058335	4.9887e-103
0.000592569	2.0802e-102
0.000601788	1.91515e-98
0.000611007	8.07255e-98
0.000620226	5.77441e-94
0.000629445	2.46081e-93
0.000638664	1.36742e-89
0.000647883	5.89259e-89
0.000657101	2.54322e-85
0.00066632	1.1084e-84
0.000675539	3.71495e-81
0.000684758	1.63774e-80
0.000693977	4.26198e-77
0.000703196	1.90087e-76
0.000712415	3.84024e-73
0.000721634	1.7331e-72
0.000730853	2.71767e-69
0.000740072	1.24123e-68
0.000749291	1.51053e-65
0.00075851	6.98301e-65
0.000767729	6.5942e-62
0.000776948	3.08598e-61
0.000786167	2.26101e-58
0.000795386	1.07128e-57
0.000804605	6.08921e-55
0.000813823	2.92131e-54
0.000823042	1.28811e-51
0.000832261	6.25766e-51
0.00084148	2.14041e-48
0.000850699	1.05296e-47
0.000859918	2.79396e-45
0.000869137	1.39179e-44
0.000878356	2.86525e-42
0.000887575	1.44512e-41
0.000896794	2.30871e-39
0.000906013	1.1787e-38
0.000915232	1.46186e-36
0.000924451	7.55231e-36
0.00093367	7.27543e-34
0.000942889	3.80134e-33
0.000952108	2.84668e-31
0.000961327	1.50308e-30
0.000970545	8.75973e-29
0.000979764	4.66906e-28
0.000988983	2.12082e-26
0.000998202	1.13944e-25
0.00100742	4.04222e-24
0.00101664	2.1847e-23
0.00102586	6.06943e-22
0.00103508	3.2912e-21
0.0010443	7.1858e-20
0.00105352	3.896e-19
0.00106273	6.71554e-18
0.00107195	3.62439e-17
0.00108117	4.96078e-16
0.00109039	2.65014e-15
0.00109961	2.90116e-14
0.00110883	1.52339e-13
0.00111805	1.34567e-12
0.00112727	6.88623e-12
0.00113649	4.96048e-11
0.00114571	2.44872e-10
0.00115492	1.45625e-09
0.00116414	6.8532e-09
0.00117336	3.41167e-08
0.00118258	1.51052e-07
0.0011918	6.39008e-07
0.00120102	2.62422e-06
0.00121024	9.5825e-06
0.00121946	3.59745e-05
0.00122868	0.000115155
0.00123789	0.00038969
0.00124711	0.00110937
0.00125633	0.00334158
0.00126555	0.00856669
0.00127477	0.022733
0.00128399	0.0530042
0.00129321	0.12303
0.00130243	0.262637
0.00131165	0.531358
0.00132087	1.07157
0.00133008	1.91082
0.0013393	3.36364
0.00134852	5.42666
0.00135774	8.38996
0.00136696	12.2359
0.00137618	16.8014
0.0013854	22.071
0.00139462	27.1578
0.00140384	32.0648
0.00141305	35.6768
0.00142227	38.0022
0.00143149	38.19
0.00144071	37.0072
0.00144993	34.9353
0.00145915	31.9428
0.00146837	30.0804
0.00147759	29.2395
0.00148681	29.6159
0.00149603	34.0192
0.00150524	42.784
0.00151446	55.968
0.00152368	76.7663
0.0015329	105.127
0.00154212	144.935
0.00155134	196.342
0.00156056	261.06
0.00156978	339.47
0.001579	428.35
0.00158821	527.963
0.00159743	631.896
0.00160665	739.906
0.00161587	847.769
0.00162509	954.959
0.00163431	1061.87
0.00164353	1168.32
0.00165275	1276.04
0.00166197	1385.31
0.00167118	1495.49
0.0016804	1606.79
0.00168962	1716.81
0.00169884	1825.34
0.00170806	1931.26
0.00171728	2034.22
0.0017265	2135.2
0.00173572	2234.29
0.00174494	2331.85
0.00175416	2428.33
0.00176337	2521.12
0.00177259	2610.18
0.00178181	2692.58
0.00179103	2767.64
0.00180025	2835.6
0.00180947	2896.44
0.00181869	2950.2
0.00182791	2997.79
0.00183713	3034.11
0.00184634	3059.29
0.00185556	3065.5
0.00186478	3051.19
0.001874	3017.7
0.00188322	2957.97
0.00189244	2874.82
0.00190166	2769.19
0.00191088	2643.67
0.0019201	2497.58
0.00192932	2338.98
0.00193853	2167.88
0.00194775	1997.04
0.00195697	1829
0.00196619	1673.92
0.00197541	1536.07
0.00198463	1416.43
0.00199385	1317.81
0.00200307	1233.52
0.00201229	1163.14
0.0020215	1098.74
0.00203072	1037.68
0.00203994	975.599
0.00204916	909.828
0.00205838	840.464
0.0020676	766.271
0.00207682	690.002
0.00208604	611.999
0.00209526	535.375
0.00210448	461.347
0.00211369	391.989
0.00212291	328.61
0.00213213	271.798
0.00214135	222.406
0.00215057	179.767
0.00215979	144.012
0.00216901	113.97
0.00217823	89.1843
0.00218745	68.7149
0.00219666	51.959
0.00220588	38.387
0.0022151	27.5725
0.00222432	19.1421
0.00223354	12.822
0.00224276	8.21376
0.00225198	5.04091
0.0022612	2.94633
0.00227042	1.61895
0.00227964	0.866712
0.00228885	0.414512
0.00229807	0.206694
0.00230729	0.0896756
0.00231651	0.0394604
0.00232573	0.0143606
0.00233495	0.00599404
