0.000166815	2.89202e-07
0.000171844	6.63558e-07
0.000176872	1.78663e-06
0.000181901	4.24226e-06
0.000186929	1.01131e-05
0.000191958	2.27845e-05
0.000196986	5.24628e-05
0.000202014	0.000112429
0.000207043	0.000249493
0.000212071	0.000509795
0.0002171	0.00108801
0.000222128	0.00212462
0.000227157	0.00435234
0.000232185	0.00813989
0.000237214	0.0159766
0.000242242	0.0286927
0.00024727	0.0538447
0.000252299	0.0946934
0.000257327	0.16729
0.000262356	0.283953
0.000267384	0.477605
0.000272413	0.78063
0.000277441	1.25354
0.000282469	1.9697
0.000287498	3.02622
0.000292526	4.56672
0.000297555	6.72435
0.000302583	9.74047
0.000307612	13.7646
0.00031264	19.1389
0.000317669	25.9862
0.000322697	34.6984
0.000327725	45.3157
0.000332754	58.1587
0.000337782	73.1418
0.000342811	90.3479
0.000347839	109.566
0.000352868	130.503
0.000357896	152.88
0.000362924	176.01
0.000367953	199.638
0.000372981	222.833
0.00037801	245.451
0.000383038	266.588
0.000388067	286.238
0.000393095	303.799
0.000398123	319.375
0.000403152	332.811
0.00040818	344.26
0.000413209	353.998
0.000418237	362.18
0.000423266	369.388
0.000428294	375.762
0.000433323	382.064
0.000438351	388.418
0.000443379	395.692
0.000448408	404.008
0.000453436	414.324
0.000458465	426.765
0.000463493	442.4
0.000468522	461.344
0.00047355	484.778
0.000478578	512.783
0.000483607	546.556
0.000488635	586.102
0.000493664	632.388
0.000498692	685.311
0.000503721	745.214
0.000508749	811.897
0.000513778	884.716
0.000518806	963.44
0.000523834	1046.37
0.000528863	1133.33
0.000533891	1222
0.00053892	1312.35
0.000543948	1402.22
0.000548977	1491.73
0.000554005	1579.78
0.000559033	1666.53
0.000564062	1752.35
0.00056909	1837.36
0.000574119	1923.06
0.000579147	2009.48
0.000584176	2098.34
0.000589204	2189.58
0.000594233	2284.09
0.000599261	2381.75
0.000604289	2481.95
0.000609318	2584.58
0.000614346	2687.54
0.000619375	2790.78
0.000624403	2891.29
0.000629432	2989.08
0.00063446	3081.18
0.000639488	3167.62
0.000644517	3246.24
0.000649545	3317.08
0.000654574	3379.16
0.000659602	3432.52
0.000664631	3477.27
0.000669659	3513.41
0.000674688	3541.76
0.000679716	3562.32
0.000684744	3575.13
0.000689773	3581.5
0.000694801	3581.53
0.00069983	3574.7
0.000704858	3561.57
0.000709887	3542.17
0.000714915	3516.53
0.000719943	3484.64
0.000724972	3446.6
0.00073	3402.41
0.000735029	3352.2
0.000740057	3295.97
0.000745086	3233.76
0.000750114	3165.57
0.000755143	3091.29
0.000760171	3010.92
0.000765199	2924.44
0.000770228	2831.8
0.000775256	2733.57
0.000780285	2629.68
0.000785313	2521.7
0.000790342	2409.56
0.00079537	2295.82
0.000800398	2180.48
0.000805427	2066.47
0.000810455	1953.93
0.000815484	1845.23
0.000820512	1740.62
0.000825541	1641.23
0.000830569	1547.31
0.000835598	1458.67
0.000840626	1375.46
0.000845654	1296.7
0.000850683	1222.36
0.000855711	1151.4
0.00086074	1083.68
0.000865768	1018.58
0.000870797	955.936
0.000875825	895.643
0.000880853	837.616
0.000885882	782.03
0.00089091	728.887
0.000895939	678.36
0.000900967	630.502
0.000905996	585.284
0.000911024	542.759
0.000916052	502.657
0.000921081	464.987
0.000926109	429.333
0.000931138	395.641
0.000936166	363.521
0.000941195	332.874
0.000946223	303.496
0.000951252	275.287
0.00095628	248.292
0.000961308	222.462
0.000966337	198.021
0.000971365	174.994
0.000976394	153.617
0.000981422	133.972
0.000986451	116.151
0.000991479	100.235
0.000996507	86.1121
0.00100154	73.8123
0.00100656	63.0746
0.00101159	53.8552
0.00101662	45.8601
0.00102165	38.9933
0.00102668	33.0226
0.00103171	27.8423
0.00103673	23.314
0.00104176	19.3567
0.00104679	15.9024
0.00105182	12.9044
0.00105685	10.3227
0.00106188	8.13393
0.00106691	6.29682
0.00107193	4.79398
0.00107696	3.57602
0.00108199	2.62092
0.00108702	1.87874
0.00109205	1.3219
0.00109708	0.90933
0.0011021	0.612806
0.00110713	0.404419
0.00111216	0.260453
0.00111719	0.165004
0.00112222	0.101304
0.00112725	0.0617015
0.00113228	0.0360082
0.0011373	0.0211345
0.00114233	0.0116563
0.00114736	0.00663115
0.00115239	0.00344539
0.00115742	0.00190528
0.00116245	0.000851843
0.00116747	0.000500696
