0.000100103	1.90347e-22
0.000103622	1.78112e-21
0.000107142	6.55346e-21
0.000110662	5.60406e-20
0.000114182	1.99743e-19
0.000117702	1.52428e-18
0.000121222	5.38956e-18
0.000124742	3.67884e-17
0.000128261	1.28744e-16
0.000131781	7.88067e-16
0.000135301	2.72272e-15
0.000138821	1.49881e-14
0.000142341	5.09792e-14
0.000145861	2.53157e-13
0.000149381	8.45112e-13
0.0001529	3.79858e-12
0.00015642	1.24046e-11
0.00015994	5.06485e-11
0.00016346	1.61221e-10
0.00016698	6.00268e-10
0.0001705	1.85547e-09
0.00017402	6.32507e-09
0.000177539	1.89109e-08
0.000181059	5.92679e-08
0.000184579	1.70697e-07
0.000188099	4.9395e-07
0.000191619	1.36472e-06
0.000195139	3.66193e-06
0.000198659	9.66517e-06
0.000202178	2.41506e-05
0.000205698	6.06438e-05
0.000209218	0.000141691
0.000212738	0.000337169
0.000216258	0.000739497
0.000219778	0.00166145
0.000223298	0.00343301
0.000226817	0.0072582
0.000230337	0.0141749
0.000233857	0.0281216
0.000237377	0.0524834
0.000240897	0.0970475
0.000244417	0.174389
0.000247937	0.299637
0.000251456	0.507277
0.000254976	0.820602
0.000258496	1.30788
0.000262016	1.99808
0.000265536	3.00016
0.000269056	4.34087
0.000272576	6.15704
0.000276095	8.46655
0.000279615	11.4026
0.000283135	14.9813
0.000286655	19.3187
0.000290175	24.457
0.000293695	30.5625
0.000297214	37.7354
0.000300734	46.3635
0.000304254	56.606
0.000307774	69.2499
0.000311294	84.4588
0.000314814	103.406
0.000318334	126.175
0.000321853	153.991
0.000325373	186.804
0.000328893	225.364
0.000332413	269.522
0.000335933	319.187
0.000339453	374.212
0.000342973	433.785
0.000346492	497.846
0.000350012	565.407
0.000353532	636.497
0.000357052	710.483
0.000360572	787.413
0.000364092	867.096
0.000367612	949.546
0.000371131	1034.7
0.000374651	1122.54
0.000378171	1212.92
0.000381691	1305.86
0.000385211	1401.41
0.000388731	1499.64
0.000392251	1601.33
0.00039577	1706.56
0.00039929	1816.93
0.00040281	1932.43
0.00040633	2054.7
0.00040985	2183.65
0.00041337	2319.74
0.00041689	2462.86
0.000420409	2611.66
0.000423929	2766.08
0.000427449	2923.42
0.000430969	3083.69
0.000434489	3243.98
0.000438009	3404.32
0.000441529	3562.56
0.000445048	3718.71
0.000448568	3871.64
0.000452088	4021.36
0.000455608	4167.44
0.000459128	4309.87
0.000462648	4448.35
0.000466168	4582.91
0.000469687	4712.72
0.000473207	4837.81
0.000476727	4956.22
0.000480247	5068.01
0.000483767	5169.96
0.000487287	5262.1
0.000490807	5340.68
0.000494326	5405.63
0.000497846	5455.01
0.000501366	5489.61
0.000504886	5495.83
0.000508406	5491.6
0.000511926	5479.81
0.000515446	5441.88
0.000518965	5390.21
0.000522485	5326.11
0.000526005	5250.95
0.000529525	5164.8
0.000533045	5070.29
0.000536565	4967.48
0.000540085	4859.01
0.000543604	4744.95
0.000547124	4628
0.000550644	4508.32
0.000554164	4388.1
0.000557684	4267.63
0.000561204	4147.63
0.000564724	4028.44
0.000568243	3908.75
0.000571763	3788.73
0.000575283	3665.62
0.000578803	3539.25
0.000582323	3406.99
0.000585843	3268.37
0.000589362	3122.62
0.000592882	2969.21
0.000596402	2809.95
0.000599922	2644.58
0.000603442	2476.77
0.000606962	2306.7
0.000610482	2138.39
0.000614001	1972.35
0.000617521	1811.87
0.000621041	1657.54
0.000624561	1511.65
0.000628081	1374.72
0.000631601	1248.17
0.000635121	1132.45
0.00063864	1027.98
0.00064216	935.165
0.00064568	853.08
0.0006492	781.945
0.00065272	719.534
0.00065624	665.668
0.00065976	617.565
0.000663279	574.615
0.000666799	534.531
0.000670319	496.507
0.000673839	459.442
0.000677359	422.683
0.000680879	386.296
0.000684399	350.006
0.000687918	314.517
0.000691438	279.922
0.000694958	246.955
0.000698478	215.9
0.000701998	187.153
0.000705518	160.984
0.000709038	137.385
0.000712557	116.485
0.000716077	98.0135
0.000719597	81.9382
0.000723117	67.9252
0.000726637	55.8429
0.000730157	45.4229
0.000733677	36.5179
0.000737196	28.9445
0.000740716	22.5877
0.000744236	17.3043
0.000747756	13.0087
0.000751276	9.55986
0.000754796	6.87639
0.000758316	4.81914
0.000761835	3.2976
0.000765355	2.19581
0.000768875	1.42201
0.000772395	0.898382
0.000775915	0.54779
0.000779435	0.328596
0.000782955	0.187564
0.000786474	0.107149
0.000789994	0.0563829
0.000793514	0.0311142
0.000797034	0.0137969
0.000800554	0.00802442
