0.000500379	1.38655e-27
0.000509598	2.39941e-26
0.000518817	9.18166e-26
0.000528036	1.39686e-24
0.000537255	5.26899e-24
0.000546474	6.95891e-23
0.000555693	2.62035e-22
0.000564912	3.01e-21
0.000574131	1.12934e-20
0.00058335	1.13075e-19
0.000592569	4.21825e-19
0.000601788	3.69055e-18
0.000611007	1.3655e-17
0.000620226	1.0469e-16
0.000629445	3.83107e-16
0.000638664	2.5822e-15
0.000647883	9.31606e-15
0.000657101	5.54028e-14
0.00066632	1.96358e-13
0.000675539	1.0345e-12
0.000684758	3.58757e-12
0.000693977	1.68184e-11
0.000703196	5.68221e-11
0.000712415	2.38174e-10
0.000721634	7.80268e-10
0.000730853	2.93937e-09
0.000740072	9.29042e-09
0.000749291	3.16256e-08
0.00075851	9.59318e-08
0.000767729	2.96763e-07
0.000776948	8.59244e-07
0.000786167	2.42943e-06
0.000795386	6.67757e-06
0.000804605	1.73555e-05
0.000813823	4.50431e-05
0.000823042	0.00010822
0.000832261	0.000263851
0.00084148	0.000589128
0.000850699	0.00134308
0.000859918	0.00280065
0.000869137	0.00594641
0.000878356	0.0116312
0.000887575	0.0229279
0.000896794	0.042974
0.000906013	0.0778243
0.000915232	0.137972
0.000924451	0.231685
0.00093367	0.383244
0.000942889	0.603021
0.000952108	0.931896
0.000961327	1.37896
0.000970545	1.99669
0.000979764	2.78788
0.000988983	3.79896
0.000998202	5.02331
0.00100742	6.47677
0.00101664	8.14465
0.00102586	9.99442
0.00103508	12.0079
0.0010443	14.1024
0.00105352	16.2611
0.00106273	18.3641
0.00107195	20.3997
0.00108117	22.2335
0.00109039	23.8626
0.00109961	25.1769
0.00110883	26.1758
0.00111805	26.7787
0.00112727	27.0509
0.00113649	26.9811
0.00114571	26.5705
0.00115492	25.9126
0.00116414	25.0147
0.00117336	23.9893
0.00118258	22.8441
0.0011918	21.7139
0.00120102	20.6084
0.00121024	19.6688
0.00121946	18.9411
0.00122868	18.8886
0.00123789	19.0764
0.00124711	19.6517
0.00125633	21.2975
0.00126555	23.6829
0.00127477	26.8361
0.00128399	30.7541
0.00129321	35.4218
0.00130243	40.6211
0.00131165	46.3464
0.00132087	52.303
0.00133008	58.4952
0.0013393	64.6934
0.00134852	70.9062
0.00135774	77.0692
0.00136696	83.1896
0.00137618	89.3967
0.0013854	95.6935
0.00139462	102.371
0.00140384	109.429
0.00141305	117.24
0.00142227	125.8
0.00143149	135.445
0.00144071	146.171
0.00144993	158.149
0.00145915	171.38
0.00146837	185.807
0.00147759	201.435
0.00148681	218.062
0.00149603	235.685
0.00150524	254.163
0.00151446	273.483
0.00152368	293.772
0.0015329	315.014
0.00154212	337.614
0.00155134	361.571
0.00156056	387.3
0.00156978	414.831
0.001579	444.219
0.00158821	475.508
0.00159743	508.266
0.00160665	542.515
0.00161587	577.6
0.00162509	613.499
0.00163431	649.713
0.00164353	686.209
0.00165275	722.715
0.00166197	759.227
0.00167118	795.435
0.0016804	831.354
0.00168962	866.468
0.00169884	900.751
0.00170806	933.771
0.00171728	965.434
0.0017265	995.85
0.00173572	1024.95
0.00174494	1053.32
0.00175416	1081.04
0.00176337	1108.36
0.00177259	1135.51
0.00178181	1161.45
0.00179103	1186.37
0.00180025	1208
0.00180947	1226.73
0.00181869	1237.28
0.00182791	1241.88
0.00183713	1242.28
0.00184634	1231.82
0.00185556	1213.08
0.00186478	1187.13
0.001874	1154.76
0.00188322	1116.13
0.00189244	1072.63
0.00190166	1024.57
0.00191088	972.759
0.0019201	917.406
0.00192932	859.139
0.00193853	797.984
0.00194775	735.027
0.00195697	670.294
0.00196619	605.525
0.00197541	540.962
0.00198463	478.574
0.00199385	418.872
0.00200307	363.362
0.00201229	312.663
0.0020215	267.347
0.00203072	227.894
0.00203994	193.923
0.00204916	165.605
0.00205838	141.938
0.0020676	122.76
0.00207682	106.905
0.00208604	93.9788
0.00209526	83.0345
0.00210448	73.6074
0.00211369	65.1703
0.00212291	57.3466
0.00213213	50.0171
0.00214135	42.9878
0.00215057	36.3738
0.00215979	30.1584
0.00216901	24.4825
0.00217823	19.4217
0.00218745	15.0168
0.00219666	11.3361
0.00220588	8.3106
0.0022151	5.94611
0.00222432	4.12223
0.00223354	2.78525
0.00224276	1.8238
0.00225198	1.15897
0.0022612	0.716952
0.00227042	0.426311
0.00227964	0.249602
0.00228885	0.137563
0.00229807	0.0767685
0.00230729	0.0388401
0.00231651	0.0208075
0.00232573	0.00891424
0.00233495	0.00494983
