3.33898e-05	1.15265e-37
3.59039e-05	4.93099e-36
3.8418e-05	1.93782e-35
4.09322e-05	7.11663e-34
4.34463e-05	2.79631e-33
4.59604e-05	8.77116e-32
4.84746e-05	3.46361e-31
5.09887e-05	9.28744e-30
5.35028e-05	3.68266e-29
5.6017e-05	8.45061e-28
5.85311e-05	3.36128e-27
6.10452e-05	6.60916e-26
6.35594e-05	2.63379e-25
6.60735e-05	4.44426e-24
6.85877e-05	1.77181e-23
7.11018e-05	2.57036e-22
7.36159e-05	1.0234e-21
7.61301e-05	1.27908e-20
7.86442e-05	5.07577e-20
8.11583e-05	5.479e-19
8.36725e-05	2.16184e-18
8.61866e-05	2.02121e-17
8.87007e-05	7.90783e-17
9.12149e-05	6.42477e-16
9.3729e-05	2.4846e-15
9.62431e-05	1.76073e-14
9.87573e-05	6.70625e-14
0.000101271	4.16273e-13
0.000103786	1.55524e-12
0.0001063	8.49561e-12
0.000108814	3.0995e-11
0.000111328	1.4977e-10
0.000113842	5.3095e-10
0.000116356	2.28217e-09
0.00011887	7.81971e-09
0.000121384	3.00772e-08
0.000123899	9.90442e-08
0.000126413	3.43039e-07
0.000128927	1.07923e-06
0.000131441	3.38759e-06
0.000133955	1.0121e-05
0.000136469	2.89781e-05
0.000138983	8.17266e-05
0.000141498	0.000214803
0.000144012	0.000568562
0.000146526	0.00138014
0.00014904	0.00341012
0.000151554	0.00768832
0.000154068	0.0176485
0.000156582	0.0371422
0.000159096	0.0788963
0.000161611	0.15566
0.000164125	0.305079
0.000166639	0.577439
0.000169153	1.0356
0.000171667	1.83724
0.000174181	3.05694
0.000176695	5.02713
0.00017921	7.82758
0.000181724	11.9648
0.000184238	17.4896
0.000186752	24.9656
0.000189266	34.3918
0.00019178	46.1791
0.000194294	60.3076
0.000196809	76.9574
0.000199323	96.1723
0.000201837	118.204
0.000204351	143.208
0.000206865	172.077
0.000209379	205.003
0.000211893	243.743
0.000214407	288.358
0.000216922	340.754
0.000219436	400.766
0.00022195	469.051
0.000224464	545.317
0.000226978	628.11
0.000229492	717.261
0.000232006	810.07
0.000234521	906.654
0.000237035	1005.45
0.000239549	1106.76
0.000242063	1212.1
0.000244577	1321.68
0.000247091	1439.42
0.000249605	1565.26
0.000252119	1702.21
0.000254634	1850.04
0.000257148	2008.05
0.000259662	2176.1
0.000262176	2350.78
0.00026469	2532.21
0.000267204	2718.88
0.000269718	2910.98
0.000272233	3112.23
0.000274747	3322.67
0.000277261	3549.07
0.000279775	3791.34
0.000282289	4052.91
0.000284803	4333.76
0.000287317	4629.52
0.000289831	4940.27
0.000292346	5255.13
0.00029486	5574.19
0.000297374	5885.36
0.000299888	6188.59
0.000302402	6475.32
0.000304916	6745.39
0.00030743	6995.23
0.000309945	7224.71
0.000312459	7433.51
0.000314973	7621.62
0.000317487	7788.56
0.000320001	7934.48
0.000322515	8056.19
0.000325029	8153.79
0.000327544	8222.76
0.000330058	8263.3
0.000332572	8268.47
0.000335086	8245
0.0003376	8194.78
0.000340114	8115.06
0.000342628	8016.58
0.000345142	7899.67
0.000347657	7773.05
0.000350171	7637.51
0.000352685	7497.19
0.000355199	7352.83
0.000357713	7204.07
0.000360227	7051.2
0.000362741	6892.27
0.000365256	6727.16
0.00036777	6554.51
0.000370284	6374.09
0.000372798	6185.59
0.000375312	5988.8
0.000377826	5784.38
0.00038034	5572.17
0.000382854	5353.89
0.000385369	5129.48
0.000387883	4901.57
0.000390397	4670.31
0.000392911	4438.65
0.000395425	4206.95
0.000397939	3977.67
0.000400453	3751.31
0.000402968	3529.19
0.000405482	3311.76
0.000407996	3099.08
0.00041051	2891.33
0.000413024	2687.95
0.000415538	2488.76
0.000418052	2293.74
0.000420566	2102.56
0.000423081	1916.49
0.000425595	1735.41
0.000428109	1561.68
0.000430623	1395.58
0.000433137	1239.74
0.000435651	1094.78
0.000438165	962.723
0.00044068	844.398
0.000443194	740.426
0.000445708	651.577
0.000448222	576.471
0.000450736	515.418
0.00045325	465.257
0.000455764	425.457
0.000458279	392.408
0.000460793	364.849
0.000463307	340.245
0.000465821	317.249
0.000468335	294.9
0.000470849	272.358
0.000473363	249.655
0.000475877	226.52
0.000478392	203.287
0.000480906	179.967
0.00048342	157.002
0.000485934	134.51
0.000488448	113.047
0.000490962	92.8663
0.000493476	74.4425
0.000495991	58.129
0.000498505	44.0471
0.000501019	32.4599
0.000503533	23.0978
0.000506047	15.9706
0.000508561	10.6328
0.000511075	6.86072
0.000513589	4.27062
0.000516104	2.55595
0.000518618	1.49104
0.000521132	0.818381
0.000523646	0.451768
0.00052616	0.225266
0.000528674	0.118626
0.000531188	0.0498435
0.000533703	0.0269161
