0.000166815	2.4669e-05
0.000171844	4.81782e-05
0.000176872	0.000118706
0.000181901	0.0002429
0.000186929	0.000520303
0.000191958	0.00101261
0.000196986	0.00207791
0.000202014	0.00385605
0.000207043	0.00756374
0.000212071	0.013505
0.0002171	0.025123
0.000222128	0.0436613
0.000227157	0.0762825
0.000232185	0.127608
0.000237214	0.211461
0.000242242	0.339601
0.00024727	0.535404
0.000252299	0.82399
0.000257327	1.23891
0.000262356	1.82526
0.000267384	2.62231
0.000272413	3.69717
0.000277441	5.08382
0.000282469	6.86181
0.000287498	9.04568
0.000292526	11.7026
0.000297555	14.8193
0.000302583	18.4187
0.000307612	22.4674
0.00031264	26.9271
0.000317669	31.7711
0.000322697	36.9239
0.000327725	42.3977
0.000332754	48.1499
0.000337782	54.2462
0.000342811	60.7585
0.000347839	67.7862
0.000352868	75.5478
0.000357896	84.129
0.000362924	93.8346
0.000367953	104.694
0.000372981	116.966
0.00037801	130.616
0.000383038	145.738
0.000388067	162.265
0.000393095	180.1
0.000398123	199.187
0.000403152	219.321
0.00040818	240.482
0.000413209	262.482
0.000418237	285.34
0.000423266	308.976
0.000428294	333.444
0.000433323	358.823
0.000438351	385.197
0.000443379	412.845
0.000448408	441.871
0.000453436	472.79
0.000458465	505.706
0.000463493	541.336
0.000468522	579.747
0.00047355	621.707
0.000478578	667.207
0.000483607	716.807
0.000488635	770.427
0.000493664	828.171
0.000498692	889.93
0.000503721	955.3
0.000508749	1024.2
0.000513778	1095.92
0.000518806	1170.44
0.000523834	1247.11
0.000528863	1325.96
0.000533891	1406.71
0.00053892	1489.41
0.000543948	1574.2
0.000548977	1661.11
0.000554005	1750.45
0.000559033	1842.2
0.000564062	1936.44
0.00056909	2033.12
0.000574119	2131.81
0.000579147	2232.47
0.000584176	2334.16
0.000589204	2436.84
0.000594233	2539.36
0.000599261	2641.72
0.000604289	2742.85
0.000609318	2842.76
0.000614346	2940.59
0.000619375	3036.33
0.000624403	3129.03
0.000629432	3218.69
0.00063446	3303.81
0.000639488	3384.38
0.000644517	3458.14
0.000649545	3525.1
0.000654574	3582.57
0.000659602	3630.57
0.000664631	3668.03
0.000669659	3694.93
0.000674688	3699.22
0.000679716	3698.89
0.000684744	3694.42
0.000689773	3668.87
0.000694801	3634.8
0.00069983	3592.47
0.000704858	3543.2
0.000709887	3487.02
0.000714915	3425.56
0.000719943	3358.89
0.000724972	3287.46
0.00073	3211.3
0.000735029	3130.11
0.000740057	3043.89
0.000745086	2952.59
0.000750114	2856.14
0.000755143	2755.69
0.000760171	2651.11
0.000765199	2544.95
0.000770228	2437.15
0.000775256	2330.91
0.000780285	2226.33
0.000785313	2126.13
0.000790342	2030.51
0.00079537	1940.74
0.000800398	1857.07
0.000805427	1779.03
0.000810455	1706.81
0.000815484	1638.7
0.000820512	1574.71
0.000825541	1512.75
0.000830569	1452.68
0.000835598	1392.84
0.000840626	1333
0.000845654	1272.38
0.000850683	1210.77
0.000855711	1148.31
0.00086074	1084.87
0.000865768	1021.24
0.000870797	957.431
0.000875825	894.455
0.000880853	832.412
0.000885882	772.182
0.00089091	713.915
0.000895939	658.146
0.000900967	605.014
0.000905996	554.689
0.000911024	507.259
0.000916052	462.629
0.000921081	420.826
0.000926109	381.642
0.000931138	345.051
0.000936166	310.872
0.000941195	279.056
0.000946223	249.528
0.000951252	222.249
0.00095628	197.246
0.000961308	174.513
0.000966337	154.086
0.000971365	135.997
0.000976394	120.163
0.000981422	106.621
0.000986451	95.088
0.000991479	85.5596
0.000996507	77.5775
0.00100154	71.057
0.00100656	65.4926
0.00101159	60.7249
0.00101662	56.36
0.00102165	52.2135
0.00102668	48.1053
0.00103171	43.8929
0.00103673	39.6061
0.00104176	35.1887
0.00104679	30.7893
0.00105182	26.4373
0.00105685	22.2859
0.00106188	18.4104
0.00106691	14.8934
0.00107193	11.8056
0.00107696	9.1445
0.00108199	6.94364
0.00108702	5.14412
0.00109205	3.73694
0.00109708	2.64691
0.0011021	1.83729
0.00110713	1.24459
0.00111216	0.824237
0.00111719	0.534465
0.00112222	0.337059
0.00112725	0.209535
0.00113228	0.125522
0.0011373	0.074979
0.00114233	0.0425275
0.00114736	0.0244852
0.00115239	0.0130075
0.00115742	0.00729987
0.00116245	0.00331306
0.00116747	0.00198412
