3.33898e-05	2.91408e-17
3.55687e-05	1.49584e-16
3.77476e-05	5.10914e-16
3.99264e-05	2.51927e-15
4.21053e-05	8.11286e-15
4.42842e-05	3.68062e-14
4.64631e-05	1.16684e-13
4.8642e-05	4.88251e-13
5.08209e-05	1.52022e-12
5.29998e-05	5.88232e-12
5.51787e-05	1.79434e-11
5.73576e-05	6.43788e-11
5.95365e-05	1.91895e-10
6.17154e-05	6.40225e-10
6.38943e-05	1.85969e-09
6.60732e-05	5.78656e-09
6.82521e-05	1.63347e-08
7.0431e-05	4.75453e-08
7.26099e-05	1.30062e-07
7.47888e-05	3.55215e-07
7.69677e-05	9.38978e-07
7.91465e-05	2.4136e-06
8.13254e-05	6.14793e-06
8.35043e-05	1.49184e-05
8.56832e-05	3.65168e-05
8.78621e-05	8.38973e-05
9.0041e-05	0.000196828
9.22199e-05	0.000429374
9.43988e-05	0.000963103
9.65777e-05	0.00200022
9.87566e-05	0.00427995
0.000100935	0.00848364
0.000103114	0.0172826
0.000105293	0.0327694
0.000107472	0.0634515
0.000109651	0.116033
0.00011183	0.212498
0.000114009	0.377562
0.000116188	0.651691
0.000118367	1.10735
0.000120546	1.81968
0.000122724	2.95387
0.000124903	4.63263
0.000127082	7.18148
0.000129261	10.7704
0.00013144	15.9504
0.000133619	22.9147
0.000135798	32.4538
0.000137977	44.7354
0.000140156	60.6971
0.000142334	80.4252
0.000144513	104.791
0.000146692	133.77
0.000148871	167.906
0.00015105	207.097
0.000153229	251.404
0.000155408	300.736
0.000157587	354.792
0.000159766	413.592
0.000161945	476.899
0.000164123	544.898
0.000166302	617.994
0.000168481	696.504
0.00017066	781.894
0.000172839	874.492
0.000175018	976.771
0.000177197	1088.91
0.000179376	1213.69
0.000181555	1351.01
0.000183733	1502.76
0.000185912	1668.57
0.000188091	1848.13
0.00019027	2040.94
0.000192449	2243.89
0.000194628	2456.52
0.000196807	2673.32
0.000198986	2894.04
0.000201165	3112.27
0.000203344	3328.05
0.000205522	3536
0.000207701	3736.43
0.00020988	3926.89
0.000212059	4107.82
0.000214238	4280.89
0.000216417	4446.49
0.000218596	4610.36
0.000220775	4772.69
0.000222954	4941.6
0.000225132	5117.02
0.000227311	5306.29
0.00022949	5509.14
0.000231669	5728.51
0.000233848	5964.09
0.000236027	6212.23
0.000238206	6472.73
0.000240385	6735.79
0.000242564	7001.41
0.000244743	7256.73
0.000246921	7501.86
0.0002491	7724.92
0.000251279	7926.03
0.000253458	8097.24
0.000255637	8238.6
0.000257816	8348.84
0.000259995	8428.35
0.000262174	8458.14
0.000264353	8469.29
0.000266531	8464.01
0.00026871	8415.45
0.000270889	8345.64
0.000273068	8255.34
0.000275247	8150.2
0.000277426	8030.23
0.000279605	7902.91
0.000281784	7768.4
0.000283963	7632.12
0.000286142	7494.37
0.00028832	7356.91
0.000290499	7220.09
0.000292678	7081.97
0.000294857	6942.74
0.000297036	6798.41
0.000299215	6648.9
0.000301394	6490.53
0.000303573	6323.01
0.000305752	6144.85
0.00030793	5955.66
0.000310109	5756.8
0.000312288	5547.98
0.000314467	5332.89
0.000316646	5111.47
0.000318825	4888.54
0.000321004	4664.32
0.000323183	4443.55
0.000325362	4226.6
0.00032754	4017.17
0.000329719	3815.72
0.000331898	3624.41
0.000334077	3443.66
0.000336256	3274.07
0.000338435	3115.96
0.000340614	2968.5
0.000342793	2831.89
0.000344972	2704.02
0.000347151	2584.94
0.000349329	2471.59
0.000351508	2363.75
0.000353687	2258.08
0.000355866	2154.08
0.000358045	2049.12
0.000360224	1942.49
0.000362403	1833.15
0.000364582	1720.47
0.000366761	1605.26
0.000368939	1487.24
0.000371118	1368.63
0.000373297	1249.58
0.000375476	1132.83
0.000377655	1018.92
0.000379834	910.196
0.000382013	807.371
0.000384192	711.901
0.000386371	624.435
0.00038855	545.361
0.000390728	475.118
0.000392907	413.123
0.000395086	359.512
0.000397265	313.021
0.000399444	273.46
0.000401623	239.319
0.000403802	210.141
0.000405981	184.625
0.00040816	162.201
0.000410338	142.068
0.000412517	123.735
0.000414696	106.928
0.000416875	91.3611
0.000419054	77.0843
0.000421233	64.0278
0.000423412	52.2989
0.000425591	41.9484
0.00042777	32.972
0.000429949	25.4211
0.000432127	19.1538
0.000434306	14.1499
0.000436485	10.1974
0.000438664	7.201
0.000440843	4.95912
0.000443022	3.34022
0.000445201	2.19839
0.00044738	1.40911
0.000449559	0.887227
0.000451737	0.539708
0.000453916	0.325723
0.000456095	0.187399
0.000458274	0.108725
0.000460453	0.0586168
0.000462632	0.0329987
0.000464811	0.0150716
0.00046699	0.00909585
