0.000500379	5.19381e-123
0.00050876	1.48896e-117
0.000517141	5.95584e-117
0.000525522	1.18806e-111
0.000533903	4.80083e-111
0.000542284	6.66257e-106
0.000550665	2.72024e-105
0.000559045	2.62599e-100
0.000567426	1.08346e-99
0.000575807	7.27426e-95
0.000584188	3.03346e-94
0.000592569	1.41621e-89
0.00060095	5.97005e-89
0.00060933	1.93781e-84
0.000617711	8.25911e-84
0.000626092	1.86352e-79
0.000634473	8.03165e-79
0.000642854	1.2595e-74
0.000651235	5.49024e-74
0.000659615	5.98275e-70
0.000667996	2.63811e-69
0.000676377	1.99729e-65
0.000684758	8.91068e-65
0.000693139	4.68622e-61
0.00070152	2.11565e-60
0.0007099	7.7276e-57
0.000718281	3.53094e-56
0.000726662	8.95598e-53
0.000735043	4.1424e-52
0.000743424	7.29516e-49
0.000751805	3.41609e-48
0.000760186	4.17659e-45
0.000768566	1.98025e-44
0.000776947	1.68071e-41
0.000785328	8.06917e-41
0.000793709	4.75417e-38
0.00080209	2.31129e-37
0.000810471	9.45391e-35
0.000818851	4.65369e-34
0.000827232	1.3218e-31
0.000835613	6.58663e-31
0.000843994	1.29968e-28
0.000852375	6.5532e-28
0.000860756	8.98994e-26
0.000869136	4.58328e-25
0.000877517	4.37656e-23
0.000885898	2.25341e-22
0.000894279	1.50057e-20
0.00090266	7.78863e-20
0.000911041	3.62706e-18
0.000919421	1.8926e-17
0.000927802	6.18904e-16
0.000936183	3.23347e-15
0.000944564	7.46965e-14
0.000952945	3.8845e-13
0.000961326	6.39328e-12
0.000969707	3.28195e-11
0.000978087	3.89391e-10
0.000986468	1.95057e-09
0.000994849	1.69492e-08
0.00100323	8.15795e-08
0.00101161	5.29873e-07
0.00101999	2.40221e-06
0.00102837	1.1959e-05
0.00103675	4.98398e-05
0.00104513	0.000195744
0.00105351	0.000729354
0.0010619	0.00233024
0.00107028	0.00753954
0.00107866	0.0201823
0.00108704	0.055167
0.00109542	0.126848
0.0011038	0.286489
0.00111218	0.606026
0.00112056	1.11424
0.00112894	1.92649
0.00113732	3.01213
0.0011457	4.27362
0.00115409	5.66629
0.00116247	6.7514
0.00117085	7.52067
0.00117923	7.5154
0.00118761	6.98445
0.00119599	6.01591
0.00120437	4.65049
0.00121275	3.39078
0.00122113	2.24301
0.00122951	1.73857
0.00123789	1.53167
0.00124627	1.69731
0.00125466	2.97833
0.00126304	5.42968
0.00127142	9.31718
0.0012798	15.5996
0.00128818	24.2553
0.00129656	35.7755
0.00130494	50.112
0.00131332	65.7224
0.0013217	82.6025
0.00133008	97.8524
0.00133846	111.495
0.00134684	122.795
0.00135523	131.723
0.00136361	141.352
0.00137199	151.645
0.00138037	166.451
0.00138875	185.8
0.00139713	211.502
0.00140551	243.593
0.00141389	282.697
0.00142227	328.801
0.00143065	382.803
0.00143903	444.676
0.00144741	515.807
0.0014558	596.236
0.00146418	686.849
0.00147256	787.889
0.00148094	897.059
0.00148932	1014.62
0.0014977	1134.99
0.00150608	1257.96
0.00151446	1379.96
0.00152284	1500.41
0.00153122	1621.23
0.0015396	1742.21
0.00154798	1867.2
0.00155637	1996.66
0.00156475	2131.19
0.00157313	2271.54
0.00158151	2412.96
0.00158989	2556.04
0.00159827	2690.91
0.00160665	2817.21
0.00161503	2925.25
0.00162341	3013.15
0.00163179	3080.8
0.00164017	3126.49
0.00164855	3160.05
0.00165694	3182.46
0.00166532	3199.77
0.0016737	3214.95
0.00168208	3218.85
0.00169046	3212.4
0.00169884	3196.54
0.00170722	3153.39
0.0017156	3088.71
0.00172398	3004.05
0.00173236	2906.27
0.00174074	2796.27
0.00174912	2681.19
0.00175751	2563.04
0.00176589	2443.43
0.00177427	2323.32
0.00178265	2202.09
0.00179103	2079.64
0.00179941	1956.14
0.00180779	1831.37
0.00181617	1706.47
0.00182455	1581.43
0.00183293	1458.01
0.00184131	1336.46
0.00184969	1218.64
0.00185808	1105
0.00186646	997.127
0.00187484	895.61
0.00188322	801.228
0.0018916	714.524
0.00189998	635.201
0.00190836	563.333
0.00191674	498.525
0.00192512	440.826
0.0019335	389.363
0.00194188	344.278
0.00195026	303.34
0.00195865	265.706
0.00196703	230.103
0.00197541	195.228
0.00198379	162.468
0.00199217	131.91
0.00200055	105.082
0.00200893	83.1275
0.00201731	65.447
0.00202569	52.3995
0.00203407	42.4121
0.00204245	34.7148
0.00205083	28.6107
0.00205922	23.3551
0.0020676	19.0843
0.00207598	15.7183
0.00208436	13.176
0.00209274	11.5083
0.00210112	10.2779
0.0021095	9.18986
0.00211788	8.09939
0.00212626	6.71986
0.00213464	5.27926
0.00214302	3.84409
0.0021514	2.55661
0.00215979	1.59089
0.00216817	0.88731
