0.000500379	4.6001e-37
0.000507084	1.41582e-35
0.000513789	5.52529e-35
0.000520493	1.48865e-33
0.000527198	5.78909e-33
0.000533903	1.35546e-31
0.000540607	5.29096e-31
0.000547312	1.0776e-29
0.000554017	4.21824e-29
0.000560721	7.48148e-28
0.000567426	2.93362e-27
0.000574131	4.53694e-26
0.000580835	1.77975e-25
0.00058754	2.40372e-24
0.000594244	9.41888e-24
0.000600949	1.11292e-22
0.000607654	4.34845e-22
0.000614358	4.50426e-21
0.000621063	1.75135e-20
0.000627768	1.59406e-19
0.000634472	6.1535e-19
0.000641177	4.93465e-18
0.000647882	1.88624e-17
0.000654586	1.33672e-16
0.000661291	5.04444e-16
0.000667995	3.16973e-15
0.0006747	1.17703e-14
0.000681405	6.58237e-14
0.000688109	2.3963e-13
0.000694814	1.19756e-12
0.000701519	4.25696e-12
0.000708223	1.90958e-11
0.000714928	6.59928e-11
0.000721633	2.66978e-10
0.000728337	8.92829e-10
0.000735042	3.27384e-09
0.000741746	1.05429e-08
0.000748451	3.5222e-08
0.000755156	1.08675e-07
0.00076186	3.32545e-07
0.000768565	9.78024e-07
0.00077527	2.75574e-06
0.000781974	7.68603e-06
0.000788679	2.00457e-05
0.000795384	5.27596e-05
0.000802088	0.000128002
0.000808793	0.000316441
0.000815497	0.000717496
0.000822202	0.00165909
0.000828907	0.00353048
0.000835611	0.00760857
0.000842316	0.0152507
0.000849021	0.030547
0.000855725	0.0582584
0.00086243	0.107987
0.000869135	0.197544
0.000875839	0.33891
0.000882544	0.57822
0.000889249	0.932121
0.000895953	1.48597
0.000902658	2.25792
0.000909362	3.37413
0.000916067	4.84799
0.000922772	6.82531
0.000929476	9.31059
0.000936181	12.4328
0.000942886	16.1894
0.00094959	20.6674
0.000956295	25.862
0.000963	31.819
0.000969704	38.5323
0.000976409	46.0102
0.000983113	54.2452
0.000989818	63.1986
0.000996523	72.8711
0.00100323	83.2159
0.00100993	94.2584
0.00101664	106.107
0.00102334	118.811
0.00103005	132.825
0.00103675	148.189
0.00104346	165.646
0.00105016	185.191
0.00105686	207.458
0.00106357	232.411
0.00107027	260.221
0.00107698	290.876
0.00108368	324.347
0.00109039	360.68
0.00109709	400.462
0.0011038	443.757
0.0011105	492.288
0.00111721	546.073
0.00112391	607.365
0.00113062	676.12
0.00113732	753.695
0.00114402	840.038
0.00115073	934.634
0.00115743	1037.47
0.00116414	1146.56
0.00117084	1261.91
0.00117755	1381.23
0.00118425	1504.56
0.00119096	1629.78
0.00119766	1756.93
0.00120437	1883.36
0.00121107	2009.12
0.00121778	2130.25
0.00122448	2246.79
0.00123119	2354.3
0.00123789	2452.71
0.00124459	2539.44
0.0012513	2614.28
0.001258	2678.16
0.00126471	2730.88
0.00127141	2776.21
0.00127812	2814.11
0.00128482	2848.61
0.00129153	2879.91
0.00129823	2910.12
0.00130494	2939.51
0.00131164	2967.84
0.00131835	2995.28
0.00132505	3019.98
0.00133175	3042.02
0.00133846	3058.83
0.00134516	3070.56
0.00135187	3072.7
0.00135857	3066.53
0.00136528	3052.58
0.00137198	3024.53
0.00137869	2983.93
0.00138539	2931.13
0.0013921	2867.09
0.0013988	2791.5
0.00140551	2708.28
0.00141221	2617.51
0.00141891	2523.78
0.00142562	2427.61
0.00143232	2332.17
0.00143903	2238.15
0.00144573	2146.35
0.00145244	2057.23
0.00145914	1969.92
0.00146585	1884.48
0.00147255	1799.79
0.00147926	1715.65
0.00148596	1631.57
0.00149267	1547.38
0.00149937	1463.16
0.00150608	1378.88
0.00151278	1294.73
0.00151948	1210.73
0.00152619	1127.09
0.00153289	1043.77
0.0015396	961.257
0.0015463	879.493
0.00155301	799.548
0.00155971	721.48
0.00156642	646.787
0.00157312	575.753
0.00157983	509.78
0.00158653	449.33
0.00159324	395.149
0.00159994	347.707
0.00160664	306.778
0.00161335	272.64
0.00162005	244.138
0.00162676	221.202
0.00163346	202.17
0.00164017	186.59
0.00164687	172.936
0.00165358	160.531
0.00166028	148.533
0.00166699	136.331
0.00167369	123.916
0.0016804	110.992
0.0016871	98.0914
0.00169381	85.2902
0.00170051	73.1935
0.00170721	62.105
0.00171392	52.3475
0.00172062	44.2301
0.00172733	37.6799
0.00173403	32.8394
0.00174074	29.3347
0.00174744	27.0782
0.00175415	25.6065
0.00176085	24.6533
0.00176756	23.8829
0.00177426	22.9865
0.00178097	21.8713
0.00178767	20.3348
0.00179437	18.4895
0.00180108	16.3116
0.00180778	13.9817
0.00181449	11.6129
0.00182119	9.32742
0.0018279	7.29526
0.0018346	5.45818
