0.000500379	3.01973e-23
0.000506246	3.23089e-22
0.000512113	1.20176e-21
0.000517979	1.16209e-20
0.000523846	4.20555e-20
0.000529712	3.60023e-19
0.000535579	1.29416e-18
0.000541445	9.83062e-18
0.000547312	3.50203e-17
0.000553178	2.36659e-16
0.000559045	8.33361e-16
0.000564911	5.02455e-15
0.000570778	1.74398e-14
0.000576644	9.41134e-14
0.000582511	3.20971e-13
0.000588378	1.55573e-12
0.000594244	5.19545e-12
0.000600111	2.27039e-11
0.000605977	7.39679e-11
0.000611844	2.92615e-10
0.00061771	9.26316e-10
0.000623577	3.33167e-09
0.000629443	1.0205e-08
0.00063531	3.35219e-08
0.000641176	9.89139e-08
0.000647043	2.98136e-07
0.000652909	8.43647e-07
0.000658776	2.34432e-06
0.000664643	6.33302e-06
0.000670509	1.63013e-05
0.000676376	4.18523e-05
0.000682242	0.000100254
0.000688109	0.000243578
0.000693975	0.000545413
0.000699842	0.001249
0.000705708	0.00262523
0.000711575	0.00564628
0.000717441	0.0111824
0.000723308	0.0225217
0.000729174	0.0423341
0.000735041	0.0794941
0.000740908	0.144452
0.000746774	0.250763
0.000752641	0.428643
0.000758507	0.699376
0.000764374	1.1242
0.00077024	1.73035
0.000776107	2.6183
0.000781973	3.81347
0.00078784	5.44595
0.000793706	7.52888
0.000799573	10.1874
0.000805439	13.4171
0.000811306	17.2921
0.000817173	21.7971
0.000823039	26.9324
0.000828906	32.6902
0.000834772	39.0305
0.000840639	45.9763
0.000846505	53.5484
0.000852372	61.8171
0.000858238	71.0153
0.000864105	81.2599
0.000869971	93.144
0.000875838	106.8
0.000881704	123.222
0.000887571	142.495
0.000893438	165.807
0.000899304	193.133
0.000905171	225.352
0.000911037	262.308
0.000916904	303.961
0.00092277	350.085
0.000928637	399.396
0.000934503	451.716
0.00094037	504.844
0.000946236	558.746
0.000952103	611.267
0.000957969	662.532
0.000963836	711.539
0.000969703	758.483
0.000975569	804.089
0.000981436	848.51
0.000987302	893.851
0.000993169	940.16
0.000999035	989.932
0.0010049	1043.13
0.00101077	1101.66
0.00101663	1165.46
0.0010225	1235.43
0.00102837	1311.5
0.00103423	1393.6
0.0010401	1481.67
0.00104597	1574.73
0.00105183	1672.76
0.0010577	1773.9
0.00106357	1878.15
0.00106943	1982.98
0.0010753	2088.41
0.00108117	2191.84
0.00108703	2293.3
0.0010929	2390.95
0.00109877	2484.79
0.00110463	2574.3
0.0011105	2659.48
0.00111637	2740.93
0.00112223	2818.63
0.0011281	2893.5
0.00113397	2965.55
0.00113983	3035.01
0.0011457	3101.93
0.00115157	3165.43
0.00115743	3225.55
0.0011633	3280.63
0.00116916	3330.66
0.00117503	3373.78
0.0011809	3409.97
0.00118676	3437.85
0.00119263	3458
0.0011985	3461.77
0.00120436	3457.79
0.00121023	3447.61
0.0012161	3417.77
0.00122196	3373.42
0.00122783	3315.46
0.0012337	3243.57
0.00123956	3157.35
0.00124543	3060.82
0.0012513	2953.74
0.00125716	2842.68
0.00126303	2727.81
0.0012689	2615.77
0.00127476	2507.24
0.00128063	2405.92
0.0012865	2312.69
0.00129236	2226.88
0.00129823	2149.06
0.0013041	2075.25
0.00130996	2005.38
0.00131583	1934.93
0.00132169	1863.29
0.00132756	1787.69
0.00133343	1707.42
0.00133929	1622.12
0.00134516	1531.34
0.00135103	1436.48
0.00135689	1337.41
0.00136276	1236.47
0.00136863	1133.81
0.00137449	1032.2
0.00138036	931.993
0.00138623	835.794
0.00139209	744.176
0.00139796	658.732
0.00140383	580.08
0.00140969	508.324
0.00141556	443.832
0.00142143	385.589
0.00142729	333.546
0.00143316	286.518
0.00143903	244.177
0.00144489	205.876
0.00145076	171.307
0.00145663	140.373
0.00146249	112.969
0.00146836	89.0967
0.00147422	68.8027
0.00148009	51.8207
0.00148596	38.1748
0.00149182	27.3062
0.00149769	19.1079
0.00150356	12.9357
0.00150942	8.56871
0.00151529	5.48126
0.00152116	3.42534
0.00152702	2.0705
0.00153289	1.21576
0.00153876	0.695592
0.00154462	0.379705
0.00155049	0.208202
0.00155636	0.105498
0.00156222	0.0554955
0.00156809	0.0264702
0.00157396	0.0131088
0.00157982	0.00590383
0.00158569	0.00274146
0.00159156	0.00116988
0.00159742	0.00050717
0.00160329	0.000205857
0.00160916	8.29423e-05
0.00161502	3.2151e-05
0.00162089	1.19836e-05
0.00162675	4.45465e-06
0.00163262	1.52883e-06
0.00163849	5.47278e-07
0.00164435	1.72148e-07
0.00165022	5.95878e-08
0.00165609	1.71018e-08
0.00166195	5.39928e-09
0.00166782	1.49844e-09
