0.000500379	1.294e-10
0.000507084	5.27185e-10
0.000513789	1.72054e-09
0.000520493	6.6483e-09
0.000527198	1.99368e-08
0.000533903	6.94011e-08
0.000540607	2.01339e-07
0.000547312	6.34487e-07
0.000554017	1.77221e-06
0.000560721	5.08161e-06
0.000567426	1.35973e-05
0.000574131	3.56612e-05
0.000580835	9.0946e-05
0.00058754	0.000219312
0.000594244	0.000530347
0.000600949	0.001182
0.000607654	0.00269676
0.000614358	0.00558256
0.000621063	0.0119592
0.000627768	0.0231009
0.000634472	0.0462618
0.000641177	0.0852629
0.000647882	0.156818
0.000654586	0.275004
0.000661291	0.465294
0.000667995	0.764436
0.0006747	1.20363
0.000681405	1.84672
0.000688109	2.71458
0.000694814	3.88331
0.000701519	5.33791
0.000708223	7.11637
0.000714928	9.15214
0.000721633	11.3747
0.000728337	13.6837
0.000735042	15.8671
0.000741746	17.8434
0.000748451	19.4139
0.000755156	20.3682
0.00076186	20.333
0.000768565	20.0652
0.00077527	19.1966
0.000781974	17.4518
0.000788679	15.4571
0.000795384	13.1853
0.000802088	10.9283
0.000808793	8.70088
0.000815497	6.73735
0.000822202	5.01359
0.000828907	3.6199
0.000835611	2.52456
0.000842316	1.69734
0.000849021	1.11939
0.000855725	0.698931
0.00086243	0.457693
0.000869135	0.374159
0.000875839	0.340146
0.000882544	0.388692
0.000889249	0.626684
0.000895953	1.03655
0.000902658	1.68542
0.000909362	2.73306
0.000916067	4.22165
0.000922772	6.42986
0.000929476	9.38485
0.000936181	13.4188
0.000942886	18.5274
0.00094959	24.9634
0.000956295	32.6866
0.000963	41.7132
0.000969704	51.9876
0.000976409	63.2296
0.000983113	75.4059
0.000989818	88.0763
0.000996523	101.259
0.00100323	114.667
0.00100993	128.371
0.00101664	142.573
0.00102334	157.363
0.00103005	173.583
0.00103675	191.297
0.00104346	211.788
0.00105016	235.057
0.00105686	262.302
0.00106357	293.465
0.00107027	329.081
0.00107698	369.081
0.00108368	413.13
0.00109039	461.189
0.00109709	512.373
0.0011038	566.682
0.0011105	623.207
0.00111721	681.962
0.00112391	742.284
0.00113062	804.183
0.00113732	867.174
0.00114402	931.265
0.00115073	996.082
0.00115743	1061.63
0.00116414	1127.81
0.00117084	1194.62
0.00117755	1262.46
0.00118425	1331.33
0.00119096	1402.18
0.00119766	1475.01
0.00120437	1551.3
0.00121107	1631.01
0.00121778	1715.98
0.00122448	1806.19
0.00123119	1903.33
0.00123789	2007.45
0.00124459	2119.06
0.0012513	2238.3
0.001258	2363.24
0.00126471	2494.08
0.00127141	2625.75
0.00127812	2758.43
0.00128482	2884.63
0.00129153	3004.33
0.00129823	3109.78
0.00130494	3200.69
0.00131164	3272.72
0.00131835	3326.93
0.00132505	3347.81
0.00133175	3354.81
0.00133846	3353.04
0.00134516	3323.87
0.00135187	3283
0.00135857	3232.51
0.00136528	3177.14
0.00137198	3117.57
0.00137869	3056.69
0.00138539	2995.29
0.0013921	2931.91
0.0013988	2866.94
0.00140551	2796.46
0.00141221	2720.14
0.00141891	2635.15
0.00142562	2540.66
0.00143232	2437.61
0.00143903	2325.32
0.00144573	2208.44
0.00145244	2087.01
0.00145914	1966.86
0.00146585	1848.79
0.00147255	1736.83
0.00147926	1632.07
0.00148596	1535.22
0.00149267	1447.08
0.00149937	1365.58
0.00150608	1290.84
0.00151278	1219.73
0.00151948	1151.78
0.00152619	1084.42
0.00153289	1016.92
0.0015396	948.203
0.0015463	877.638
0.00155301	805.821
0.00155971	732.463
0.00156642	659.344
0.00157312	586.626
0.00157983	516.428
0.00158653	449.282
0.00159324	386.792
0.00159994	329.618
0.00160664	278.352
0.00161335	233.497
0.00162005	194.649
0.00162676	161.972
0.00163346	134.468
0.00164017	111.962
0.00164687	93.3385
0.00165358	78.216
0.00166028	65.6911
0.00166699	55.3363
0.00167369	46.586
0.0016804	39.0882
0.0016871	32.5857
0.00169381	26.8592
0.00170051	21.8419
0.00170721	17.4413
0.00171392	13.646
0.00172062	10.4371
0.00172733	7.77358
0.00173403	5.64698
0.00174074	3.97529
0.00174744	2.72532
0.00175415	1.80616
0.00176085	1.16219
0.00176756	0.7243
0.00177426	0.43494
0.00178097	0.255317
0.00178767	0.141812
0.00179437	0.0789494
0.00180108	0.0400065
0.00180778	0.0214057
0.00181449	0.0101743
0.00182119	0.00507064
0.0018279	0.00205407
0.0018346	0.00104855
