0.000500379	4.22428e-06
0.000506246	8.41883e-06
0.000512113	2.10025e-05
0.000517979	4.39611e-05
0.000523846	9.58876e-05
0.000529712	0.000191539
0.000535579	0.000402045
0.000541445	0.000768073
0.000547312	0.00154839
0.000553178	0.0028348
0.000559045	0.00547846
0.000564911	0.00971676
0.000570778	0.0178329
0.000576644	0.0308007
0.000582511	0.0534517
0.000588378	0.0891183
0.000594244	0.147345
0.000600111	0.236605
0.000605977	0.373653
0.000611844	0.57696
0.00061771	0.872063
0.000623577	1.29355
0.000629443	1.87435
0.00063531	2.66965
0.000641176	3.71343
0.000647043	5.07902
0.000652909	6.7903
0.000658776	8.92387
0.000664643	11.4813
0.000670509	14.5148
0.000676376	17.9973
0.000682242	21.9247
0.000688109	26.2477
0.000693975	30.8883
0.000699842	35.7927
0.000705708	40.8228
0.000711575	45.9438
0.000717441	51.0048
0.000723308	56.0067
0.000729174	60.8506
0.000735041	65.5756
0.000740908	70.189
0.000746774	74.7583
0.000752641	79.4202
0.000758507	84.2565
0.000764374	89.5251
0.00077024	95.3097
0.000776107	101.963
0.000781973	109.56
0.00078784	118.511
0.000793706	128.866
0.000799573	141.036
0.000805439	155.026
0.000811306	171.148
0.000817173	189.35
0.000823039	209.71
0.000828906	232.121
0.000834772	256.312
0.000840639	282.156
0.000846505	309.024
0.000852372	336.826
0.000858238	364.754
0.000864105	392.815
0.000869971	420.387
0.000875838	447.591
0.000881704	474.413
0.000887571	501.052
0.000893438	528.356
0.000899304	556.523
0.000905171	587.168
0.000911037	620.41
0.000916904	658.176
0.00092277	700.47
0.000928637	748.912
0.000934503	803.408
0.00094037	864.765
0.000946236	932.844
0.000952103	1007.43
0.000957969	1088.39
0.000963836	1174.56
0.000969703	1265.83
0.000975569	1360.31
0.000981436	1457.93
0.000987302	1556.28
0.000993169	1655.34
0.000999035	1752.51
0.0010049	1847.79
0.00101077	1938.79
0.00101663	2025.57
0.0010225	2106.47
0.00102837	2181.55
0.00103423	2250.35
0.0010401	2312.93
0.00104597	2370.09
0.00105183	2421.85
0.0010577	2469.85
0.00106357	2514.07
0.00106943	2556.16
0.0010753	2596.09
0.00108117	2634.62
0.00108703	2671.72
0.0010929	2706.8
0.00109877	2739.85
0.00110463	2769.08
0.0011105	2794.51
0.00111637	2814.36
0.00112223	2828.81
0.0011281	2831.11
0.00113397	2828.85
0.00113983	2822.56
0.0011457	2803.55
0.00115157	2777.83
0.00115743	2745.66
0.0011633	2708.53
0.00116916	2666.39
0.00117503	2621.64
0.0011809	2574.3
0.00118676	2526.4
0.00119263	2478.02
0.0011985	2430.45
0.00120436	2383.8
0.00121023	2338.46
0.0012161	2294.55
0.00122196	2251.57
0.00122783	2209.59
0.0012337	2167.41
0.00123956	2125.02
0.00124543	2080.9
0.0012513	2034.95
0.00125716	1985.9
0.00126303	1933.61
0.0012689	1877.65
0.00127476	1817.85
0.00128063	1754.9
0.0012865	1688.7
0.00129236	1620.79
0.00129823	1551.21
0.0013041	1481.67
0.00130996	1412.37
0.00131583	1344.49
0.00132169	1278.26
0.00132756	1213.99
0.00133343	1151.85
0.00133929	1091.37
0.00134516	1032.57
0.00135103	974.761
0.00135689	917.81
0.00136276	861.314
0.00136863	805.103
0.00137449	749.356
0.00138036	693.965
0.00138623	639.617
0.00139209	586.338
0.00139796	535.005
0.00140383	485.769
0.00140969	439.361
0.00141556	395.988
0.00142143	356.027
0.00142729	319.666
0.00143316	286.879
0.00143903	257.776
0.00144489	231.994
0.00145076	209.541
0.00145663	189.832
0.00146249	172.774
0.00146836	157.709
0.00147422	144.46
0.00148009	132.449
0.00148596	121.46
0.00149182	111.115
0.00149769	101.214
0.00150356	91.6281
0.00150942	82.2265
0.00151529	73.0813
0.00152116	64.1573
0.00152702	55.6193
0.00153289	47.5129
0.00153876	39.9834
0.00154462	33.1118
0.00155049	26.9571
0.00155636	21.5862
0.00156222	16.9632
0.00156809	13.1103
0.00157396	9.93045
0.00157982	7.39714
0.00158569	5.39629
0.00159156	3.86931
0.00159742	2.71777
0.00160329	1.87342
0.00160916	1.26716
0.00161502	0.838502
0.00162089	0.546479
0.00162675	0.346527
0.00163262	0.217842
0.00163849	0.132086
0.00164435	0.0802206
0.00165022	0.046387
0.00165609	0.0272766
0.00166195	0.0136082
0.00166782	0.0085603
