0.000100103	0.373378
0.00010312	0.511094
0.000106137	0.704563
0.000109154	0.947992
0.000112171	1.2583
0.000115188	1.64775
0.000118205	2.12728
0.000121222	2.71126
0.000124239	3.40648
0.000127256	4.22652
0.000130273	5.17096
0.00013329	6.24802
0.000136307	7.44823
0.000139324	8.76933
0.000142341	10.1934
0.000145358	11.7039
0.000148375	13.278
0.000151392	14.885
0.000154408	16.5029
0.000157425	18.0918
0.000160442	19.6372
0.000163459	21.1001
0.000166476	22.4778
0.000169493	23.7441
0.00017251	24.9093
0.000175527	25.97
0.000178544	26.9459
0.000181561	27.8602
0.000184578	28.7364
0.000187595	29.6199
0.000190612	30.5322
0.000193629	31.5304
0.000196646	32.6305
0.000199663	33.8899
0.00020268	35.3188
0.000205697	36.9665
0.000208714	38.8397
0.000211731	40.9778
0.000214748	43.3863
0.000217765	46.0977
0.000220782	49.117
0.000223799	52.4735
0.000226816	56.1705
0.000229833	60.2334
0.00023285	64.6618
0.000235867	69.4722
0.000238884	74.6601
0.000241901	80.2261
0.000244918	86.1642
0.000247935	92.4587
0.000250952	99.1065
0.000253969	106.086
0.000256986	113.401
0.000260003	121.045
0.00026302	129.032
0.000266037	137.392
0.000269054	146.147
0.000272071	155.38
0.000275088	165.114
0.000278105	175.483
0.000281122	186.505
0.000284139	198.34
0.000287156	210.997
0.000290173	224.624
0.00029319	239.218
0.000296207	254.879
0.000299224	271.594
0.000302241	289.381
0.000305258	308.225
0.000308275	328.055
0.000311292	348.855
0.000314309	370.481
0.000317326	392.92
0.000320343	415.983
0.00032336	439.662
0.000326377	463.756
0.000329394	488.263
0.000332411	512.997
0.000335428	537.958
0.000338445	562.985
0.000341462	588.076
0.000344479	613.086
0.000347496	638.011
0.000350513	662.696
0.00035353	687.134
0.000356547	711.137
0.000359564	734.701
0.000362581	757.599
0.000365598	779.828
0.000368615	801.149
0.000371632	821.565
0.000374649	840.871
0.000377666	859.074
0.000380683	876.069
0.0003837	891.86
0.000386717	906.476
0.000389734	919.92
0.000392751	932.346
0.000395768	943.755
0.000398785	954.362
0.000401802	964.168
0.000404819	973.356
0.000407836	981.927
0.000410853	989.941
0.00041387	997.402
0.000416887	1004.19
0.000419904	1010.32
0.000422921	1015.49
0.000425938	1019.72
0.000428955	1022.61
0.000431972	1024.13
0.000434989	1024.17
0.000438006	1022.29
0.000441023	1018.43
0.00044404	1012.59
0.000447057	1004.62
0.000450074	994.496
0.000453091	982.289
0.000456108	967.982
0.000459125	951.825
0.000462142	933.804
0.000465159	914.317
0.000468176	893.357
0.000471193	871.412
0.00047421	848.488
0.000477227	825.092
0.000480244	801.243
0.000483261	777.39
0.000486278	753.565
0.000489295	730.098
0.000492312	707.024
0.000495329	684.515
0.000498346	662.604
0.000501363	641.302
0.00050438	620.633
0.000507397	600.483
0.000510414	580.859
0.000513431	561.581
0.000516448	542.642
0.000519465	523.861
0.000522482	505.217
0.000525499	486.578
0.000528516	467.92
0.000531533	449.184
0.00053455	430.348
0.000537567	411.422
0.000540584	392.394
0.000543601	373.327
0.000546618	354.218
0.000549635	335.159
0.000552652	316.158
0.000555669	297.321
0.000558686	278.66
0.000561703	260.293
0.00056472	242.234
0.000567737	224.612
0.000570754	207.445
0.000573771	190.866
0.000576788	174.901
0.000579805	159.678
0.000582822	145.229
0.000585839	131.662
0.000588856	119.011
0.000591873	107.346
0.00059489	96.7003
0.000597907	87.0921
0.000600924	78.5456
0.000603941	71.0239
0.000606958	64.5365
0.000609975	58.9962
0.000612992	54.3939
0.000616009	50.6043
0.000619026	47.5989
0.000622043	45.2308
0.00062506	43.4539
0.000628077	42.1182
0.000631094	41.1648
0.000634111	40.458
0.000637128	39.9329
0.000640145	39.4825
0.000643162	39.044
0.000646179	38.5474
0.000649196	37.9404
0.000652213	37.1907
0.00065523	36.2627
0.000658247	35.1564
0.000661264	33.8553
0.000664281	32.3825
0.000667298	30.7396
0.000670315	28.9619
0.000673332	27.0651
0.000676349	25.0884
0.000679366	23.0565
0.000682383	21.0054
0.0006854	18.9642
0.000688417	16.9618
0.000691434	15.0267
0.000694451	13.1789
0.000697468	11.4497
0.000700485	9.82827
