0.000100103	4.48222e-06
0.00010312	8.84329e-06
0.000106137	2.19265e-05
0.000109154	4.55173e-05
0.000112171	9.86559e-05
0.000115188	0.000195678
0.000118205	0.000408335
0.000121222	0.000775463
0.000124239	0.00155506
0.000127256	0.00283324
0.000130273	0.0054505
0.00013329	0.00964026
0.000136307	0.0176121
0.000139324	0.030329
0.000142341	0.0525047
0.000145358	0.0873602
0.000148375	0.144301
0.000151392	0.231529
0.000154408	0.365878
0.000157425	0.565397
0.000160442	0.856718
0.000163459	1.27438
0.000166476	1.85526
0.000169493	2.65685
0.00017251	3.72318
0.000175527	5.13719
0.000178544	6.94338
0.000181561	9.24454
0.000184578	12.0779
0.000187595	15.5517
0.000190612	19.6917
0.000193629	24.5945
0.000196646	30.2773
0.000199663	36.8163
0.00020268	44.231
0.000205697	52.5869
0.000208714	61.9203
0.000211731	72.3171
0.000214748	83.8441
0.000217765	96.654
0.000220782	110.854
0.000223799	126.719
0.000226816	144.401
0.000229833	164.355
0.00023285	186.777
0.000235867	212.35
0.000238884	241.292
0.000241901	274.528
0.000244918	312.253
0.000247935	355.552
0.000250952	404.531
0.000253969	460.222
0.000256986	522.587
0.000260003	592.273
0.00026302	669.081
0.000266037	752.926
0.000269054	843.491
0.000272071	939.759
0.000275088	1041.39
0.000278105	1146.52
0.000281122	1254.89
0.000284139	1364.2
0.000287156	1474.36
0.000290173	1583.24
0.00029319	1690.93
0.000296207	1796.11
0.000299224	1899
0.000302241	1999.47
0.000305258	2097.75
0.000308275	2194.91
0.000311292	2291.13
0.000314309	2388.28
0.000317326	2486.45
0.000320343	2587.75
0.00032336	2692.19
0.000326377	2801.63
0.000329394	2916
0.000332411	3036.54
0.000335428	3163.14
0.000338445	3296.16
0.000341462	3435.44
0.000344479	3580.23
0.000347496	3730.34
0.000350513	3883.64
0.00035353	4040
0.000356547	4195.91
0.000359564	4351.3
0.000362581	4501.8
0.000365598	4647.42
0.000368615	4783.97
0.000371632	4911.51
0.000374649	5027.18
0.000377666	5131.09
0.000380683	5222.42
0.0003837	5301.23
0.000386717	5368.53
0.000389734	5424.32
0.000392751	5470.28
0.000395768	5506.4
0.000398785	5534.53
0.000401802	5554.64
0.000404819	5557.81
0.000407836	5557.45
0.000410853	5553.51
0.00041387	5530.55
0.000416887	5496.77
0.000419904	5452.39
0.000422921	5396.72
0.000425938	5329.7
0.000428955	5253.42
0.000431972	5167.81
0.000434989	5075.93
0.000438006	4977.78
0.000441023	4876.14
0.00044404	4771.1
0.000447057	4664.22
0.000450074	4555.59
0.000453091	4445.43
0.000456108	4333.79
0.000459125	4220.14
0.000462142	4104.47
0.000465159	3986.41
0.000468176	3865.86
0.000471193	3743.2
0.00047421	3618.35
0.000477227	3492.31
0.000480244	3365.1
0.000483261	3237.87
0.000486278	3110.7
0.000489295	2984.4
0.000492312	2859.06
0.000495329	2734.98
0.000498346	2612.22
0.000501363	2490.82
0.00050438	2370.78
0.000507397	2252.3
0.000510414	2135.33
0.000513431	2020.4
0.000516448	1907.5
0.000519465	1797.28
0.000522482	1689.82
0.000525499	1585.64
0.000528516	1484.82
0.000531533	1387.6
0.00053455	1294.04
0.000537567	1204.16
0.000540584	1117.97
0.000543601	1035.51
0.000546618	956.774
0.000549635	881.968
0.000552652	811.104
0.000555669	744.456
0.000558686	682.1
0.000561703	624.108
0.00056472	570.586
0.000567737	521.21
0.000570754	476.031
0.000573771	434.37
0.000576788	396.153
0.000579805	360.612
0.000582822	327.552
0.000585839	296.44
0.000588856	267.045
0.000591873	239.247
0.00059489	212.89
0.000597907	188.222
0.000600924	165.229
0.000603941	144.299
0.000606958	125.549
0.000609975	109.244
0.000612992	95.5493
0.000616009	84.4327
0.000619026	76.0084
0.000622043	69.9083
0.00062506	65.7567
0.000628077	64.2903
0.000631094	64.1677
0.000634111	64.1484
0.000637128	65.2622
0.000640145	66.7102
0.000643162	67.9204
0.000646179	68.4839
0.000649196	68.2051
0.000652213	67.4496
0.00065523	65.5407
0.000658247	62.5662
0.000661264	58.7871
0.000664281	54.3425
0.000667298	49.3276
0.000670315	44.0064
0.000673332	38.5485
0.000676349	33.1551
0.000679366	28.0074
0.000682383	23.2069
0.0006854	18.8925
0.000688417	15.0733
0.000691434	11.8175
0.000694451	9.0754
0.000697468	6.81988
0.000700485	5.06023
