0.000100103	1.47504e-20
0.000103622	1.32999e-19
0.000107142	4.87746e-19
0.000110662	3.99851e-18
0.000114182	1.41702e-17
0.000117702	1.03081e-16
0.000121222	3.61735e-16
0.000124742	2.34147e-15
0.000128261	8.11513e-15
0.000131781	4.68831e-14
0.000135301	1.6001e-13
0.000138821	8.27857e-13
0.000142341	2.77343e-12
0.000145861	1.28976e-11
0.000149381	4.22651e-11
0.0001529	1.77371e-10
0.00015642	5.66413e-10
0.00015994	2.15422e-09
0.00016346	6.67692e-09
0.00016698	2.31172e-08
0.0001705	6.92517e-08
0.00017402	2.19289e-07
0.000177539	6.32171e-07
0.000181059	1.83961e-06
0.000184579	5.08098e-06
0.000188099	1.36534e-05
0.000191619	3.5971e-05
0.000195139	8.96863e-05
0.000198659	0.000224421
0.000202178	0.000521596
0.000205698	0.00123459
0.000209218	0.00268663
0.000212738	0.00599269
0.000216258	0.0122599
0.000219778	0.0256857
0.000223298	0.0495826
0.000226817	0.097304
0.000230337	0.18037
0.000233857	0.328197
0.000237377	0.581096
0.000240897	0.984579
0.000244417	1.64072
0.000247937	2.61513
0.000251456	4.09889
0.000254976	6.16393
0.000258496	9.09231
0.000262016	12.9303
0.000265536	17.9839
0.000269056	24.2407
0.000272576	31.8909
0.000276095	40.8603
0.000279615	51.0867
0.000283135	62.4798
0.000286655	74.725
0.000290175	87.7871
0.000293695	101.307
0.000297214	115.344
0.000300734	129.808
0.000304254	144.824
0.000307774	160.75
0.000311294	177.705
0.000314814	196.393
0.000318334	216.858
0.000321853	239.826
0.000325373	265.255
0.000328893	293.549
0.000332413	324.606
0.000335933	358.307
0.000339453	394.535
0.000342973	432.632
0.000346492	472.52
0.000350012	513.22
0.000353532	554.762
0.000357052	596.407
0.000360572	638.34
0.000364092	680.952
0.000367612	724.552
0.000371131	771.476
0.000374651	822.03
0.000378171	880.543
0.000381691	947.148
0.000385211	1026.93
0.000388731	1119.76
0.000392251	1229.22
0.00039577	1354.98
0.00039929	1496.92
0.00040281	1654.66
0.00040633	1823.59
0.00040985	2003.45
0.00041337	2186.31
0.00041689	2372.16
0.000420409	2552.61
0.000423929	2727.83
0.000427449	2892.37
0.000430969	3046.42
0.000434489	3189.84
0.000438009	3322.73
0.000441529	3450.38
0.000445048	3572.77
0.000448568	3698.08
0.000452088	3826.23
0.000455608	3963.91
0.000459128	4111.1
0.000462648	4268.82
0.000466168	4437.18
0.000469687	4609.87
0.000473207	4787.08
0.000476727	4957.06
0.000480247	5119.89
0.000483767	5263.02
0.000487287	5386.27
0.000490807	5483.12
0.000494326	5554.64
0.000497846	5576.68
0.000501366	5582.7
0.000504886	5577.89
0.000508406	5532.76
0.000511926	5472.62
0.000515446	5399.42
0.000518965	5319.2
0.000522485	5232.39
0.000526005	5143.74
0.000529525	5053.69
0.000533045	4963.72
0.000536565	4874.07
0.000540085	4784.72
0.000543604	4695.74
0.000547124	4606.79
0.000550644	4517.96
0.000554164	4428.42
0.000557684	4338.31
0.000561204	4245.61
0.000564724	4150.41
0.000568243	4049.6
0.000571763	3943
0.000575283	3827.69
0.000578803	3703.19
0.000582323	3568.48
0.000585843	3422.97
0.000589362	3268.68
0.000592882	3105.22
0.000596402	2937.33
0.000599922	2765.14
0.000603442	2594.36
0.000606962	2425.7
0.000610482	2263.56
0.000614001	2108.96
0.000617521	1963.51
0.000621041	1828.05
0.000624561	1701.53
0.000628081	1584.21
0.000631601	1473.78
0.000635121	1369.92
0.00063864	1270.7
0.00064216	1175.54
0.00064568	1083.8
0.0006492	995.042
0.00065272	909.752
0.00065624	827.853
0.00065976	750.179
0.000663279	676.945
0.000666799	608.585
0.000670319	545.364
0.000673839	487.089
0.000677359	433.863
0.000680879	385.138
0.000684399	340.813
0.000687918	300.376
0.000691438	263.636
0.000694958	230.301
0.000698478	200.222
0.000701998	173.252
0.000705518	149.327
0.000709038	128.281
0.000712557	110.092
0.000716077	94.4545
0.000719597	81.3139
0.000723117	70.2275
0.000726637	61.0518
0.000730157	53.3106
0.000733677	46.7744
0.000737196	41.0829
0.000740716	35.9874
0.000744236	31.3353
0.000747756	26.9506
0.000751276	22.8576
0.000754796	19.0008
0.000758316	15.464
0.000761835	12.2818
0.000765355	9.49349
0.000768875	7.14967
0.000772395	5.21713
0.000775915	3.70672
0.000779435	2.54628
0.000782955	1.69965
0.000786474	1.09886
0.000789994	0.686158
0.000793514	0.418337
0.000797034	0.228793
0.000800554	0.140335
