0.000166815	3.66387e-23
0.000172682	7.19895e-22
0.000178548	2.76967e-21
0.000184415	4.59893e-20
0.000190282	1.74503e-19
0.000196148	2.42368e-18
0.000202015	9.16372e-18
0.000207881	1.06757e-16
0.000213748	4.01096e-16
0.000219614	3.93253e-15
0.000225481	1.46334e-14
0.000231347	1.21222e-13
0.000237214	4.45023e-13
0.00024308	3.1292e-12
0.000248947	1.1282e-11
0.000254813	6.76977e-11
0.00026068	2.38446e-10
0.000266547	1.22846e-09
0.000272413	4.20185e-09
0.00027828	1.8714e-08
0.000284146	6.17441e-08
0.000290013	2.39527e-07
0.000295879	7.56724e-07
0.000301746	2.5779e-06
0.000307612	7.73707e-06
0.000313479	2.33454e-05
0.000319345	6.60185e-05
0.000325212	0.000177996
0.000331078	0.000470342
0.000336945	0.0011431
0.000342812	0.00279974
0.000348678	0.00618548
0.000354545	0.0139379
0.000360411	0.0282109
0.000366278	0.0581112
0.000372144	0.110913
0.000378011	0.205141
0.000383877	0.365526
0.000389744	0.612069
0.00039561	0.997751
0.000401477	1.53737
0.000407343	2.29753
0.00041321	3.27637
0.000419077	4.51609
0.000424943	5.99899
0.00043081	7.708
0.000436676	9.63246
0.000442543	11.7221
0.000448409	13.9977
0.000454276	16.4689
0.000460142	19.1775
0.000466009	22.2512
0.000471875	25.7057
0.000477742	29.6939
0.000483608	34.1774
0.000489475	39.1476
0.000495342	44.5588
0.000501208	50.218
0.000507075	56.1613
0.000512941	62.3175
0.000518808	68.8254
0.000524674	76.1196
0.000530541	84.3444
0.000536407	94.4163
0.000542274	106.37
0.00054814	121.081
0.000554007	138.472
0.000559873	158.875
0.00056574	182.204
0.000571606	208.276
0.000577473	237.072
0.00058334	268.328
0.000589206	302.076
0.000595073	338.289
0.000600939	377.012
0.000606806	418.483
0.000612672	462.752
0.000618539	510.333
0.000624405	561.282
0.000630272	616.468
0.000636138	675.919
0.000642005	740.687
0.000647871	810.727
0.000653738	886.628
0.000659605	968.279
0.000665471	1055.06
0.000671338	1146.89
0.000677204	1241.93
0.000683071	1340.19
0.000688937	1439.74
0.000694804	1540.65
0.00070067	1642.17
0.000706537	1744.37
0.000712403	1847.68
0.00071827	1952.09
0.000724136	2057.81
0.000730003	2164.82
0.00073587	2271.8
0.000741736	2378.72
0.000747603	2482.85
0.000753469	2584.19
0.000759336	2679.86
0.000765202	2769.86
0.000771069	2852.61
0.000776935	2928.08
0.000782802	2996.67
0.000788668	3058.36
0.000794535	3114.44
0.000800401	3164.97
0.000806268	3209.66
0.000812135	3248.63
0.000818001	3278.99
0.000823868	3301.17
0.000829734	3304.73
0.000835601	3297.82
0.000841467	3281.42
0.000847334	3244.1
0.0008532	3196.4
0.000859067	3138.71
0.000864933	3078.65
0.0008708	3016.4
0.000876666	2959.04
0.000882533	2907.22
0.0008884	2862.72
0.000894266	2826.23
0.000900133	2794.09
0.000905999	2766.6
0.000911866	2737.55
0.000917732	2706.68
0.000923599	2668.7
0.000929465	2622.99
0.000935332	2567.41
0.000941198	2501.32
0.000947065	2426.13
0.000952931	2341.54
0.000958798	2251.02
0.000964665	2154.74
0.000970531	2055.93
0.000976398	1955.04
0.000982264	1853.74
0.000988131	1752.36
0.000993997	1651.55
0.000999864	1551.37
0.00100573	1452.53
0.0010116	1355.05
0.00101746	1259.9
0.00102333	1167.22
0.0010292	1077.68
0.00103506	991.43
0.00104093	908.727
0.0010468	829.577
0.00105266	754.47
0.00105853	683.364
0.0010644	617.255
0.00107026	556.322
0.00107613	501.314
0.001082	452.63
0.00108786	409.825
0.00109373	373.168
0.00109959	341.025
0.00110546	313.214
0.00111133	287.917
0.00111719	264.57
0.00112306	242.219
0.00112893	220.312
0.00113479	198.966
0.00114066	177.98
0.00114653	157.936
0.00115239	138.98
0.00115826	121.471
0.00116413	105.634
0.00116999	91.4109
0.00117586	78.8876
0.00118173	67.8208
0.00118759	58.1521
0.00119346	49.6781
0.00119933	42.309
0.00120519	35.8999
0.00121106	30.384
0.00121693	25.6143
0.00122279	21.5217
0.00122866	17.9701
0.00123453	14.8735
0.00124039	12.1617
0.00124626	9.76634
0.00125212	7.68052
0.00125799	5.8812
0.00126386	4.36751
0.00126972	3.14229
0.00127559	2.17336
0.00128146	1.45253
0.00128732	0.92853
0.00129319	0.570726
0.00129906	0.336691
0.00130492	0.187882
0.00131079	0.102973
0.00131666	0.0509022
0.00132252	0.0264906
0.00132839	0.0109006
0.00133426	0.0057039
