0.000500379	1.77001
0.000506246	2.31429
0.000512113	3.00901
0.000517979	3.84517
0.000523846	4.84907
0.000529712	6.04128
0.000535579	7.43457
0.000541445	9.04811
0.000547312	10.8898
0.000553178	12.975
0.000559045	15.3067
0.000564911	17.8953
0.000570778	20.7379
0.000576644	23.8389
0.000582511	27.188
0.000588378	30.7809
0.000594244	34.5976
0.000600111	38.6201
0.000605977	42.8176
0.000611844	47.1523
0.00061771	51.5844
0.000623577	56.0524
0.000629443	60.5145
0.00063531	64.8887
0.000641176	69.1415
0.000647043	73.1839
0.000652909	77.0013
0.000658776	80.5207
0.000664643	83.7537
0.000670509	86.6699
0.000676376	89.3072
0.000682242	91.6989
0.000688109	93.9006
0.000693975	96.0156
0.000699842	98.1017
0.000705708	100.316
0.000711575	102.701
0.000717441	105.431
0.000723308	108.521
0.000729174	112.112
0.000735041	116.192
0.000740908	120.826
0.000746774	125.979
0.000752641	131.626
0.000758507	137.727
0.000764374	144.18
0.00077024	150.959
0.000776107	157.932
0.000781973	165.098
0.00078784	172.36
0.000793706	179.744
0.000799573	187.245
0.000805439	194.91
0.000811306	202.861
0.000817173	211.157
0.000823039	220.051
0.000828906	229.605
0.000834772	240.18
0.000840639	251.83
0.000846505	264.99
0.000852372	279.7
0.000858238	296.42
0.000864105	315.173
0.000869971	336.391
0.000875838	360.078
0.000881704	386.584
0.000887571	415.892
0.000893438	448.209
0.000899304	483.499
0.000905171	521.767
0.000911037	562.961
0.000916904	606.829
0.00092277	653.309
0.000928637	701.86
0.000934503	752.418
0.00094037	804.159
0.000946236	857.027
0.000952103	909.97
0.000957969	962.952
0.000963836	1014.81
0.000969703	1065.53
0.000975569	1114.01
0.000981436	1160.26
0.000987302	1203.4
0.000993169	1243.48
0.000999035	1280.01
0.0010049	1313.04
0.00101077	1342.58
0.00101663	1368.67
0.0010225	1391.8
0.00102837	1412.02
0.00103423	1430.21
0.0010401	1446.41
0.00104597	1461.75
0.00105183	1476.23
0.0010577	1491.03
0.00106357	1506.14
0.00106943	1522.52
0.0010753	1540.15
0.00108117	1559.54
0.00108703	1580.68
0.0010929	1603.47
0.00109877	1627.93
0.00110463	1653.3
0.0011105	1679.61
0.00111637	1705.64
0.00112223	1731.41
0.0011281	1755.53
0.00113397	1777.99
0.00113983	1797.59
0.0011457	1814.3
0.00115157	1827.57
0.00115743	1837.53
0.0011633	1841.21
0.00116916	1842.49
0.00117503	1841.9
0.0011809	1835.29
0.00118676	1825.19
0.00119263	1811.86
0.0011985	1795.23
0.00120436	1775.29
0.00121023	1752.13
0.0012161	1725.76
0.00122196	1696.16
0.00122783	1663.32
0.0012337	1627.37
0.00123956	1588.27
0.00124543	1546.42
0.0012513	1501.8
0.00125716	1455.16
0.00126303	1406.51
0.0012689	1356.84
0.00127476	1306.19
0.00128063	1255.58
0.0012865	1205.1
0.00129236	1155.51
0.00129823	1106.93
0.0013041	1059.71
0.00130996	1013.94
0.00131583	969.558
0.00132169	926.608
0.00132756	884.703
0.00133343	843.84
0.00133929	803.53
0.00134516	763.715
0.00135103	724.018
0.00135689	684.35
0.00136276	644.585
0.00136863	604.642
0.00137449	564.678
0.00138036	524.654
0.00138623	484.95
0.00139209	445.585
0.00139796	407.05
0.00140383	369.416
0.00140969	333.16
0.00141556	298.388
0.00142143	265.463
0.00142729	234.498
0.00143316	205.692
0.00143903	179.139
0.00144489	154.867
0.00145076	132.934
0.00145663	113.228
0.00146249	95.7618
0.00146836	80.3334
0.00147422	66.9136
0.00148009	55.2563
0.00148596	45.3015
0.00149182	36.7988
0.00149769	29.6695
0.00150356	23.685
0.00150942	18.7596
0.00151529	14.7001
0.00152116	11.4229
0.00152702	8.77458
0.00153289	6.67962
0.00153876	5.02264
0.00154462	3.7397
0.00155049	2.74874
0.00155636	1.9985
0.00156222	1.434
0.00156809	1.01641
0.00157396	0.71117
0.00157982	0.490587
0.00158569	0.334434
0.00159156	0.224154
0.00159742	0.148797
0.00160329	0.0967338
0.00160916	0.0625161
0.00161502	0.0393498
0.00162089	0.024763
0.00162675	0.015062
0.00163262	0.00923518
0.00163849	0.00541672
0.00164435	0.00323925
0.00165022	0.00182776
0.00165609	0.0010676
0.00166195	0.000518192
0.00166782	0.00033041
