0.000100103	1.1722
0.00010312	1.69985
0.000106137	2.46077
0.000109154	3.43992
0.000112171	4.6812
0.000115188	6.2314
0.000118205	8.07591
0.000121222	10.2379
0.000124239	12.6539
0.000127256	15.2924
0.000130273	18.0581
0.00013329	20.8519
0.000136307	23.5899
0.000139324	26.134
0.000142341	28.4591
0.000145358	30.4552
0.000148375	32.1734
0.000151392	33.6016
0.000154408	34.8387
0.000157425	35.9902
0.000160442	37.146
0.000163459	38.4769
0.000166476	40.0194
0.000169493	41.9172
0.00017251	44.1522
0.000175527	46.7748
0.000178544	49.752
0.000181561	53.05
0.000184578	56.6702
0.000187595	60.5736
0.000190612	64.8196
0.000193629	69.4584
0.000196646	74.5941
0.000199663	80.4135
0.00020268	87.0278
0.000205697	94.7328
0.000208714	103.611
0.000211731	113.984
0.000214748	125.896
0.000217765	139.613
0.000220782	155.159
0.000223799	172.723
0.000226816	192.347
0.000229833	214.205
0.00023285	238.379
0.000235867	265.135
0.000238884	294.587
0.000241901	327.167
0.000244918	362.982
0.000247935	402.59
0.000250952	446.049
0.000253969	493.897
0.000256986	546.114
0.000260003	603.029
0.00026302	664.556
0.000266037	730.684
0.000269054	801.295
0.000272071	876.024
0.000275088	954.764
0.000278105	1036.89
0.000281122	1122.34
0.000284139	1210.4
0.000287156	1301.03
0.000290173	1393.6
0.00029319	1488.14
0.000296207	1584.27
0.000299224	1682.06
0.000302241	1781.58
0.000305258	1882.94
0.000308275	1986.74
0.000311292	2093.08
0.000314309	2203.04
0.000317326	2316.64
0.000320343	2435
0.00032336	2558.07
0.000326377	2686.45
0.000329394	2820
0.000332411	2958.32
0.000335428	3101.24
0.000338445	3247.29
0.000341462	3396.35
0.000344479	3546.22
0.000347496	3696.86
0.000350513	3846.02
0.00035353	3993.7
0.000356547	4138.11
0.000359564	4279.29
0.000362581	4416.11
0.000365598	4548.61
0.000368615	4676.16
0.000371632	4798.79
0.000374649	4916.02
0.000377666	5027.84
0.000380683	5133.53
0.0003837	5233.07
0.000386717	5325.35
0.000389734	5410.37
0.000392751	5486.83
0.000395768	5554.74
0.000398785	5613.12
0.000401802	5661.98
0.000404819	5701.02
0.000407836	5730.24
0.000410853	5749.49
0.00041387	5759.18
0.000416887	5759.34
0.000419904	5749.38
0.000422921	5729.2
0.000425938	5698.19
0.000428955	5655.09
0.000431972	5599.9
0.000434989	5531.11
0.000438006	5448.63
0.000441023	5352.21
0.00044404	5241.7
0.000447057	5118.85
0.000450074	4983.52
0.000453091	4839.33
0.000456108	4686.23
0.000459125	4528.73
0.000462142	4366.92
0.000465159	4204.84
0.000468176	4042.71
0.000471193	3883.05
0.00047421	3726.11
0.000477227	3572.56
0.000480244	3422.59
0.000483261	3275.4
0.000486278	3131.04
0.000489295	2988.06
0.000492312	2846.38
0.000495329	2704.79
0.000498346	2563.09
0.000501363	2421.04
0.00050438	2278.4
0.000507397	2136.16
0.000510414	1994.18
0.000513431	1854.51
0.000516448	1717.15
0.000519465	1584.65
0.000522482	1457.2
0.000525499	1337.07
0.000528516	1224.63
0.000531533	1121.22
0.00053455	1027.23
0.000537567	942.743
0.000540584	868.052
0.000543601	801.903
0.000546618	744.402
0.000549635	693.339
0.000552652	648.543
0.000555669	607.536
0.000558686	569.885
0.000561703	533.637
0.00056472	498.228
0.000567737	462.821
0.000570754	426.93
0.000573771	390.94
0.000576788	354.643
0.000579805	319.223
0.000582822	284.82
0.000585839	252.7
0.000588856	223.253
0.000591873	197.175
0.00059489	174.889
0.000597907	156.23
0.000600924	141.429
0.000603941	129.606
0.000606958	120.681
0.000609975	113.503
0.000612992	107.718
0.000616009	102.398
0.000619026	97.0837
0.000622043	91.3705
0.00062506	84.8988
0.000628077	77.7932
0.000631094	69.9243
0.000634111	61.7147
0.000637128	53.2657
0.000640145	45.0038
0.000643162	37.152
0.000646179	29.9474
0.000649196	23.5968
0.000652213	18.1157
0.00065523	13.6062
0.000658247	9.94178
0.000661264	7.10956
0.000664281	4.94465
0.000667298	3.36227
0.000670315	2.22761
0.000673332	1.43777
0.000676349	0.908814
0.000679366	0.555422
0.000682383	0.335747
0.0006854	0.193657
0.000688417	0.112323
0.000691434	0.0605804
0.000694451	0.034044
0.000697468	0.0155164
0.000700485	0.00934057
