0.000500379	2.30443e-22
0.000506246	2.13529e-21
0.000512113	7.84984e-21
0.000517979	6.65545e-20
0.000523846	2.36947e-19
0.000529712	1.79455e-18
0.000535579	6.33782e-18
0.000541445	4.29764e-17
0.000547312	1.50224e-16
0.000553178	9.14363e-16
0.000559045	3.15541e-15
0.000564911	1.7288e-14
0.000570778	5.87365e-14
0.000576644	2.9056e-13
0.000582511	9.68968e-13
0.000588378	4.3423e-12
0.000594244	1.4167e-11
0.000600111	5.77189e-11
0.000605977	1.83585e-10
0.000611844	6.82574e-10
0.00061771	2.10869e-09
0.000623577	7.18325e-09
0.000629443	2.147e-08
0.00063531	6.72861e-08
0.000641176	1.93791e-07
0.000647043	5.61096e-07
0.000652909	1.55081e-06
0.000658776	4.16591e-06
0.000664643	1.10042e-05
0.000670509	2.75406e-05
0.000676376	6.92455e-05
0.000682242	0.00016212
0.000688109	0.000386487
0.000693975	0.000849734
0.000699842	0.00191373
0.000705708	0.00396535
0.000711575	0.00840908
0.000717441	0.0164737
0.000723308	0.0328015
0.000729174	0.0613058
0.000735041	0.113962
0.000740908	0.205624
0.000746774	0.354881
0.000752641	0.603575
0.000758507	0.980702
0.000764374	1.57057
0.00077024	2.40932
0.000776107	3.63355
0.000781973	5.27438
0.00078784	7.50241
0.000793706	10.3282
0.000799573	13.8999
0.000805439	18.2023
0.000811306	23.2942
0.000817173	29.1516
0.000823039	35.7317
0.000828906	43.0325
0.000834772	50.9989
0.000840639	59.6658
0.000846505	69.1027
0.000852372	79.3591
0.000858238	90.6737
0.000864105	103.067
0.000869971	116.814
0.000875838	131.889
0.000881704	148.398
0.000887571	166.305
0.000893438	185.507
0.000899304	206.014
0.000905171	227.752
0.000911037	250.791
0.000916904	275.407
0.00092277	301.684
0.000928637	330.323
0.000934503	361.363
0.00094037	395.642
0.000946236	433.145
0.000952103	474.479
0.000957969	519.619
0.000963836	568.881
0.000969703	622.271
0.000975569	680.114
0.000981436	742.442
0.000987302	809.859
0.000993169	882.372
0.000999035	960.675
0.0010049	1044.72
0.00101077	1134.67
0.00101663	1230.43
0.0010225	1331.06
0.00102837	1436.48
0.00103423	1544.68
0.0010401	1655.64
0.00104597	1767
0.00105183	1878.79
0.0010577	1989.36
0.00106357	2098.74
0.00106943	2206.49
0.0010753	2312.63
0.00108117	2417.49
0.00108703	2521.06
0.0010929	2623.07
0.00109877	2723.56
0.00110463	2820.38
0.0011105	2913.59
0.00111637	2999.14
0.00112223	3077.07
0.0011281	3142.93
0.00113397	3196.66
0.00113983	3236.37
0.0011457	3262.4
0.00115157	3266.51
0.00115743	3261.98
0.0011633	3250.76
0.00116916	3223.35
0.00117503	3190.05
0.0011809	3151.43
0.00118676	3110.94
0.00119263	3068.75
0.0011985	3027.02
0.00120436	2985.95
0.00121023	2945.79
0.0012161	2906.65
0.00122196	2867.95
0.00122783	2829.69
0.0012337	2791.51
0.00123956	2753.38
0.00124543	2715.35
0.0012513	2677.49
0.00125716	2639.45
0.00126303	2601.39
0.0012689	2561.65
0.00127476	2520.34
0.00128063	2474.57
0.0012865	2424.19
0.00129236	2366.48
0.00129823	2300.99
0.0013041	2226.85
0.00130996	2143.56
0.00131583	2052.78
0.00132169	1954.26
0.00132756	1851.34
0.00133343	1744.22
0.00133929	1636.24
0.00134516	1527.9
0.00135103	1421.34
0.00135689	1317.07
0.00136276	1215.93
0.00136863	1118.21
0.00137449	1024.16
0.00138036	933.857
0.00138623	847.656
0.00139209	765.572
0.00139796	688.184
0.00140383	615.594
0.00140969	548.265
0.00141556	486.378
0.00142143	429.953
0.00142729	379.134
0.00143316	333.458
0.00143903	292.936
0.00144489	256.836
0.00145076	225.026
0.00145663	196.782
0.00146249	171.892
0.00146836	149.817
0.00147422	130.351
0.00148009	113.166
0.00148596	98.1173
0.00149182	84.9829
0.00149769	73.6844
0.00150356	63.9758
0.00150942	55.7946
0.00151529	48.8264
0.00152116	42.97
0.00152702	37.9105
0.00153289	33.5019
0.00153876	29.5366
0.00154462	25.871
0.00155049	22.4503
0.00155636	19.191
0.00156222	16.1414
0.00156809	13.294
0.00157396	10.7097
0.00157982	8.42387
0.00158569	6.44981
0.00159156	4.81784
0.00159742	3.49063
0.00160329	2.46664
0.00160916	1.68797
0.00161502	1.12475
0.00162089	0.727042
0.00162675	0.455223
0.00163262	0.278458
0.00163849	0.163118
0.00164435	0.0947565
0.00165022	0.0513977
0.00165609	0.0286484
0.00166195	0.0129282
0.00166782	0.00768819
