3.33898e-05	56.5948
3.59039e-05	56.3336
3.8418e-05	56.0996
4.09322e-05	55.8519
4.34463e-05	55.7101
4.59604e-05	55.779
4.84746e-05	55.9916
5.09887e-05	56.5002
5.35028e-05	57.4242
5.6017e-05	58.7053
5.85311e-05	60.3989
6.10452e-05	62.5467
6.35594e-05	65.1576
6.60735e-05	68.2554
6.85877e-05	71.8512
7.11018e-05	75.961
7.36159e-05	80.6087
7.61301e-05	85.8185
7.86442e-05	91.6336
8.11583e-05	98.1041
8.36725e-05	105.293
8.61866e-05	113.289
8.87007e-05	122.167
9.12149e-05	132.059
9.3729e-05	143.039
9.62431e-05	155.271
9.87573e-05	168.813
0.000101271	183.834
0.000103786	200.365
0.0001063	218.549
0.000108814	238.383
0.000111328	259.948
0.000113842	283.213
0.000116356	308.178
0.00011887	334.791
0.000121384	362.972
0.000123899	392.664
0.000126413	423.726
0.000128927	456.112
0.000131441	489.651
0.000133955	524.315
0.000136469	559.942
0.000138983	596.513
0.000141498	633.894
0.000144012	672.067
0.000146526	710.912
0.00014904	750.401
0.000151554	790.397
0.000154068	830.856
0.000156582	871.588
0.000159096	912.541
0.000161611	953.458
0.000164125	994.299
0.000166639	1034.78
0.000169153	1074.88
0.000171667	1114.38
0.000174181	1153.32
0.000176695	1191.63
0.00017921	1229.4
0.000181724	1266.81
0.000184238	1303.99
0.000186752	1341.41
0.000189266	1379.17
0.00019178	1417.99
0.000194294	1457.93
0.000196809	1499.78
0.000199323	1543.54
0.000201837	1589.88
0.000204351	1638.75
0.000206865	1690.48
0.000209379	1745
0.000211893	1802.2
0.000214407	1862
0.000216922	1923.81
0.000219436	1987.58
0.00022195	2052.38
0.000224464	2118.14
0.000226978	2183.78
0.000229492	2249.27
0.000232006	2313.53
0.000234521	2376.58
0.000237035	2437.56
0.000239549	2496.48
0.000242063	2552.82
0.000244577	2606.61
0.000247091	2657.67
0.000249605	2706.02
0.000252119	2751.8
0.000254634	2795
0.000257148	2835.95
0.000259662	2874.62
0.000262176	2911.35
0.00026469	2946.11
0.000267204	2979.04
0.000269718	3010.13
0.000272233	3039.19
0.000274747	3066.2
0.000277261	3090.55
0.000279775	3112.25
0.000282289	3130.33
0.000284803	3144.79
0.000287317	3154.33
0.000289831	3159.07
0.000292346	3158.85
0.00029486	3152.05
0.000297374	3138.99
0.000299888	3119.68
0.000302402	3094.09
0.000304916	3062.17
0.00030743	3024.67
0.000309945	2981.54
0.000312459	2934
0.000314973	2882.02
0.000317487	2827
0.000320001	2768.94
0.000322515	2709.14
0.000325029	2647.61
0.000327544	2585.36
0.000330058	2522.43
0.000332572	2459.47
0.000335086	2396.51
0.0003376	2333.91
0.000340114	2271.71
0.000342628	2210.05
0.000345142	2148.97
0.000347657	2088.47
0.000350171	2028.57
0.000352685	1969.18
0.000355199	1910.33
0.000357713	1851.81
0.000360227	1793.64
0.000362741	1735.56
0.000365256	1677.57
0.00036777	1619.39
0.000370284	1561
0.000372798	1502.2
0.000375312	1442.97
0.000377826	1383.24
0.00038034	1322.99
0.000382854	1262.35
0.000385369	1201.31
0.000387883	1140.2
0.000390397	1079.02
0.000392911	1018.27
0.000395425	957.954
0.000397939	898.63
0.000400453	840.354
0.000402968	783.638
0.000405482	728.561
0.000407996	675.531
0.00041051	624.636
0.000413024	576.131
0.000415538	530.094
0.000418052	486.621
0.000420566	445.766
0.000423081	407.481
0.000425595	371.792
0.000428109	338.548
0.000430623	307.744
0.000433137	279.177
0.000435651	252.816
0.000438165	228.448
0.00044068	206.027
0.000443194	185.359
0.000445708	166.391
0.000448222	148.958
0.000450736	133.008
0.00045325	118.403
0.000455764	105.095
0.000458279	92.9635
0.000460793	81.9652
0.000463307	71.9908
0.000465821	62.9997
0.000468335	54.8925
0.000470849	47.6295
0.000473363	41.1222
0.000475877	35.3319
0.000478392	30.182
0.000480906	25.636
0.00048342	21.6289
0.000485934	18.1269
0.000488448	15.0742
0.000490962	12.4402
0.000493476	10.1757
0.000495991	8.25231
0.000498505	6.62637
0.000501019	5.27071
0.000503533	4.14723
0.000506047	3.22982
0.000508561	2.48662
0.000511075	1.89315
0.000513589	1.42445
0.000516104	1.05874
0.000518618	0.777892
0.000521132	0.563763
0.000523646	0.404264
0.00052616	0.285357
0.000528674	0.199662
0.000531188	0.134277
0.000533703	0.0936194
