3.33898e-05	1.74867
3.52334e-05	2.44239
3.70771e-05	3.45262
3.89207e-05	4.74042
4.07644e-05	6.41947
4.2608e-05	8.56539
4.44517e-05	11.2712
4.62953e-05	14.6355
4.8139e-05	18.7542
4.99827e-05	23.7438
5.18263e-05	29.6995
5.367e-05	36.7494
5.55136e-05	44.9888
5.73573e-05	54.555
5.92009e-05	65.5473
6.10446e-05	78.1169
6.28882e-05	92.3678
6.47319e-05	108.473
6.65755e-05	126.529
6.84192e-05	146.731
7.02628e-05	169.144
7.21065e-05	193.956
7.39502e-05	221.165
7.57938e-05	250.894
7.76375e-05	283.042
7.94811e-05	317.578
8.13248e-05	354.294
8.31684e-05	392.926
8.50121e-05	433.193
8.68557e-05	474.566
8.86994e-05	516.781
9.0543e-05	559.118
9.23867e-05	601.448
9.42303e-05	643.087
9.6074e-05	684.148
9.79177e-05	724.327
9.97613e-05	764.034
0.000101605	803.708
0.000103449	844.005
0.000105292	886.338
0.000107136	931.45
0.00010898	981.651
0.000110823	1037.55
0.000112667	1101.89
0.000114511	1174.95
0.000116354	1259.14
0.000118198	1354.3
0.000120042	1461.72
0.000121885	1580.88
0.000123729	1711.37
0.000125572	1852.5
0.000127416	2002.2
0.00012926	2159.82
0.000131103	2322.18
0.000132947	2488.84
0.000134791	2656.34
0.000136634	2824.51
0.000138478	2990.42
0.000140322	3154.08
0.000142165	3313.52
0.000144009	3468.83
0.000145853	3618.99
0.000147696	3764.11
0.00014954	3903.86
0.000151384	4038.37
0.000153227	4167.85
0.000155071	4292.46
0.000156915	4412.95
0.000158758	4529.52
0.000160602	4643.62
0.000162446	4755.42
0.000164289	4867.03
0.000166133	4978.57
0.000167977	5092.43
0.00016982	5208.61
0.000171664	5329.13
0.000173507	5453.86
0.000175351	5583.72
0.000177195	5718.51
0.000179038	5857.57
0.000180882	6000.71
0.000182726	6145.76
0.000184569	6292.59
0.000186413	6438.04
0.000188257	6582.09
0.0001901	6721.44
0.000191944	6856.14
0.000193788	6983.59
0.000195631	7103.87
0.000197475	7215.51
0.000199319	7318.56
0.000201162	7412.55
0.000203006	7497.5
0.00020485	7573.16
0.000206693	7639.51
0.000208537	7695.58
0.000210381	7741.34
0.000212224	7774.66
0.000214068	7795.48
0.000215912	7796.78
0.000217755	7783.16
0.000219599	7753.87
0.000221442	7698.27
0.000223286	7619.73
0.00022513	7518.29
0.000226973	7393.42
0.000228817	7244.99
0.000230661	7076.91
0.000232504	6889.05
0.000234348	6688.54
0.000236192	6475.3
0.000238035	6258.02
0.000239879	6036.72
0.000241723	5819.39
0.000243566	5606.21
0.00024541	5402.52
0.000247254	5208.65
0.000249097	5026.35
0.000250941	4855.96
0.000252785	4695.95
0.000254628	4546.53
0.000256472	4404.07
0.000258316	4268.61
0.000260159	4135.98
0.000262003	4006
0.000263847	3875.29
0.00026569	3743.58
0.000267534	3608.98
0.000269377	3471.23
0.000271221	3330.08
0.000273065	3185.31
0.000274908	3037.94
0.000276752	2887.88
0.000278596	2736.8
0.000280439	2584.75
0.000282283	2433.57
0.000284127	2283.37
0.00028597	2135.85
0.000287814	1991.16
0.000289658	1850.73
0.000291501	1714.71
0.000293345	1584.26
0.000295189	1459.52
0.000297032	1341.34
0.000298876	1229.87
0.00030072	1125.58
0.000302563	1028.62
0.000304407	939.001
0.000306251	856.836
0.000308094	781.664
0.000309938	713.53
0.000311782	651.593
0.000313625	595.797
0.000315469	545.125
0.000317312	499.424
0.000319156	457.724
0.000321	419.815
0.000322843	384.94
0.000324687	352.886
0.000326531	323.159
0.000328374	295.587
0.000330218	269.887
0.000332062	245.948
0.000333905	223.602
0.000335749	202.783
0.000337593	183.361
0.000339436	165.294
0.00034128	148.458
0.000343124	132.814
0.000344967	118.258
0.000346811	104.748
0.000348655	92.2163
0.000350498	80.6278
0.000352342	69.9522
0.000354186	60.1686
0.000356029	51.264
0.000357873	43.2322
0.000359717	36.0501
0.00036156	29.7166
0.000363404	24.1804
0.000365247	19.4321
0.000367091	15.3919
0.000368935	12.0331
0.000370778	9.26067
0.000372622	7.03051
0.000374466	5.25009
0.000376309	3.86476
0.000378153	2.79797
0.000379997	1.99448
0.00038184	1.39929
0.000383684	0.964652
0.000385528	0.65584
0.000387371	0.436678
0.000389215	0.287802
0.000391059	0.184813
0.000392902	0.118166
0.000394746	0.0730623
0.00039659	0.0453702
0.000398433	0.0253302
0.000400277	0.0162847
