0.000166815	0.58622
0.00017352	0.784896
0.000180225	1.06019
0.000186929	1.40595
0.000193634	1.84016
0.000200339	2.37677
0.000207043	3.0248
0.000213748	3.79854
0.000220453	4.70078
0.000227157	5.74185
0.000233862	6.91723
0.000240566	8.22898
0.000247271	9.66722
0.000253976	11.2238
0.00026068	12.8885
0.000267385	14.6456
0.00027409	16.4904
0.000280794	18.4076
0.000287499	20.4022
0.000294204	22.4692
0.000300908	24.6229
0.000307613	26.8759
0.000314317	29.246
0.000321022	31.7626
0.000327727	34.4387
0.000334431	37.3096
0.000341136	40.3758
0.000347841	43.6616
0.000354545	47.153
0.00036125	50.8467
0.000367955	54.7188
0.000374659	58.7321
0.000381364	62.8612
0.000388068	67.0433
0.000394773	71.2614
0.000401478	75.4475
0.000408182	79.6007
0.000414887	83.6744
0.000421592	87.686
0.000428296	91.6352
0.000435001	95.5545
0.000441706	99.5039
0.00044841	103.524
0.000455115	107.733
0.000461819	112.169
0.000468524	116.992
0.000475229	122.23
0.000481933	128.049
0.000488638	134.459
0.000495343	141.598
0.000502047	149.458
0.000508752	158.113
0.000515457	167.544
0.000522161	177.747
0.000528866	188.7
0.000535571	200.333
0.000542275	212.628
0.00054898	225.478
0.000555684	238.872
0.000562389	252.701
0.000569094	266.961
0.000575798	281.559
0.000582503	296.491
0.000589208	311.678
0.000595912	327.11
0.000602617	342.694
0.000609322	358.415
0.000616026	374.136
0.000622731	389.841
0.000629435	405.345
0.00063614	420.638
0.000642845	435.517
0.000649549	449.987
0.000656254	463.899
0.000662959	477.271
0.000669663	490.09
0.000676368	502.384
0.000683073	514.335
0.000689777	525.971
0.000696482	537.667
0.000703186	549.446
0.000709891	561.812
0.000716596	574.772
0.0007233	588.847
0.000730005	604.029
0.00073671	620.723
0.000743414	638.914
0.000750119	658.792
0.000756824	680.342
0.000763528	703.504
0.000770233	728.267
0.000776937	754.36
0.000783642	781.778
0.000790347	810.129
0.000797051	839.415
0.000803756	869.236
0.000810461	899.596
0.000817165	930.176
0.00082387	960.979
0.000830575	991.793
0.000837279	1022.62
0.000843984	1053.31
0.000850689	1083.86
0.000857393	1114.08
0.000864098	1143.97
0.000870802	1173.19
0.000877507	1201.74
0.000884212	1229.07
0.000890916	1255.17
0.000897621	1279.29
0.000904326	1301.45
0.00091103	1320.79
0.000917735	1337.32
0.00092444	1350.53
0.000931144	1360.64
0.000937849	1363.81
0.000944553	1364.64
0.000951258	1363.85
0.000957963	1355.85
0.000964667	1343.68
0.000971372	1327.7
0.000978077	1307.87
0.000984781	1284.16
0.000991486	1257.12
0.000998191	1226.74
0.0010049	1193.66
0.0010116	1157.87
0.0010183	1120.06
0.00102501	1080.24
0.00103171	1039.14
0.00103842	996.788
0.00104512	953.945
0.00105183	910.649
0.00105853	867.666
0.00106524	825.046
0.00107194	783.475
0.00107865	743.02
0.00108535	704.193
0.00109206	667.071
0.00109876	631.93
0.00110546	598.84
0.00111217	567.824
0.00111887	538.933
0.00112558	511.969
0.00113228	486.952
0.00113899	463.53
0.00114569	441.69
0.0011524	421.01
0.0011591	401.443
0.00116581	382.577
0.00117251	364.343
0.00117922	346.403
0.00118592	328.679
0.00119263	310.964
0.00119933	293.183
0.00120603	275.287
0.00121274	257.223
0.00121944	239.101
0.00122615	220.902
0.00123285	202.861
0.00123956	185
0.00124626	167.612
0.00125297	150.759
0.00125967	134.712
0.00126638	119.558
0.00127308	105.479
0.00127979	92.5622
0.00128649	80.8614
0.00129319	70.439
0.0012999	61.2254
0.0013066	53.24
0.00131331	46.3256
0.00132001	40.4552
0.00132672	35.4368
0.00133342	31.2072
0.00134013	27.5891
0.00134683	24.5025
0.00135354	21.816
0.00136024	19.4536
0.00136695	17.3384
0.00137365	15.4129
0.00138035	13.6458
0.00138706	12.0032
0.00139376	10.4813
0.00140047	9.06681
0.00140717	7.76538
0.00141388	6.57641
0.00142058	5.50308
0.00142729	4.54874
0.00143399	3.70957
0.0014407	2.98667
0.0014474	2.3701
0.00145411	1.85616
0.00146081	1.43207
0.00146752	1.08983
0.00147422	0.817148
0.00148092	0.603787
0.00148763	0.439932
0.00149433	0.31151
0.00150104	0.223341
