0.000100103	4.73892e-43
0.000103622	4.28636e-39
0.000107142	1.7144e-38
0.000110662	8.44348e-35
0.000114182	3.41124e-34
0.000117702	9.14694e-31
0.000121222	3.73317e-30
0.000124742	5.44996e-27
0.000128261	2.24703e-26
0.000131781	1.78621e-23
0.000135301	7.43889e-23
0.000138821	3.22108e-20
0.000142341	1.3545e-19
0.000145861	3.19747e-17
0.000149381	1.35651e-16
0.0001529	1.74875e-14
0.00015642	7.47241e-14
0.00015994	5.27813e-12
0.00016346	2.26422e-11
0.00016698	8.8179e-10
0.0001705	3.77452e-09
0.00017402	8.19825e-08
0.000177539	3.46289e-07
0.000181059	4.28137e-06
0.000184579	1.74973e-05
0.000188099	0.000127478
0.000191619	0.000487737
0.000195139	0.00221049
0.000198659	0.00752916
0.000202178	0.0228798
0.000205698	0.0649361
0.000209218	0.153752
0.000212738	0.325574
0.000216258	0.607677
0.000219778	0.978809
0.000223298	1.4111
0.000226817	1.89793
0.000230337	2.38617
0.000233857	2.92828
0.000237377	3.61051
0.000240897	4.4462
0.000244417	5.54742
0.000247937	6.84657
0.000251456	8.25752
0.000254976	9.7349
0.000258496	11.0218
0.000262016	12.2922
0.000265536	13.798
0.000269056	15.7092
0.000272576	18.7963
0.000276095	22.8374
0.000279615	27.6978
0.000283135	33.2246
0.000286655	38.7021
0.000290175	44.3802
0.000293695	50.5006
0.000297214	57.3647
0.000300734	66.2647
0.000304254	77.146
0.000307774	90.9241
0.000311294	107.161
0.000314814	124.668
0.000318334	143.464
0.000321853	162.334
0.000325373	182.037
0.000328893	205.269
0.000332413	232.047
0.000335933	264.745
0.000339453	302.839
0.000342973	344.905
0.000346492	391.431
0.000350012	444.283
0.000353532	503.475
0.000357052	571.328
0.000360572	646.817
0.000364092	724.68
0.000367612	804.942
0.000371131	882.847
0.000374651	959.295
0.000378171	1037.42
0.000381691	1117.53
0.000385211	1205.31
0.000388731	1300.42
0.000392251	1404.78
0.00039577	1518.08
0.00039929	1638.81
0.00040281	1766.91
0.00040633	1900.33
0.00040985	2039.17
0.00041337	2182.78
0.00041689	2331.26
0.000420409	2485.56
0.000423929	2645.74
0.000427449	2814.1
0.000430969	2990.45
0.000434489	3171.79
0.000438009	3357.97
0.000441529	3537.59
0.000445048	3710.83
0.000448568	3876.79
0.000452088	4035.47
0.000455608	4195.38
0.000459128	4356.55
0.000462648	4516.32
0.000466168	4674.8
0.000469687	4824.82
0.000473207	4966.28
0.000476727	5098.13
0.000480247	5220.47
0.000483767	5329.93
0.000487287	5426.77
0.000490807	5502.04
0.000494326	5555.56
0.000497846	5583.25
0.000501366	5595.96
0.000504886	5598.13
0.000508406	5598.29
0.000511926	5597.63
0.000515446	5590.27
0.000518965	5573.6
0.000522485	5538.5
0.000526005	5488.79
0.000529525	5424.62
0.000533045	5351.06
0.000536565	5269.06
0.000540085	5175.48
0.000543604	5070.34
0.000547124	4950.49
0.000550644	4814.74
0.000554164	4669.68
0.000557684	4515.96
0.000561204	4355.34
0.000564724	4188.45
0.000568243	4013.12
0.000571763	3827.79
0.000575283	3641.68
0.000578803	3455.51
0.000582323	3275.7
0.000585843	3104.25
0.000589362	2937.53
0.000592882	2775.34
0.000596402	2615.62
0.000599922	2457.47
0.000603442	2303.2
0.000606962	2152.86
0.000610482	2008.85
0.000614001	1871.63
0.000617521	1742.46
0.000621041	1622.05
0.000624561	1508.98
0.000628081	1403.41
0.000631601	1302.89
0.000635121	1207.05
0.00063864	1114.05
0.00064216	1023.66
0.00064568	933.568
0.0006492	842.353
0.00065272	752.444
0.00065624	663.044
0.00065976	580.793
0.000663279	507.838
0.000666799	445.591
0.000670319	395.954
0.000673839	355.041
0.000677359	322.451
0.000680879	294.404
0.000684399	269.632
0.000687918	245.951
0.000691438	221.9
0.000694958	198.089
0.000698478	173.91
0.000701998	151.705
0.000705518	132.515
0.000709038	116.513
0.000712557	104.476
0.000716077	94.7482
0.000719597	86.9536
0.000723117	79.6864
0.000726637	72.0284
0.000730157	63.9396
0.000733677	54.8019
0.000737196	45.8991
0.000740716	37.7679
0.000744236	30.8985
0.000747756	26.0544
0.000751276	22.2594
0.000754796	19.1572
0.000758316	16.3089
0.000761835	13.1088
0.000765355	10.143
0.000768875	7.65142
0.000772395	5.77174
0.000775915	4.83658
0.000779435	4.34224
0.000782955	4.03167
0.000786474	3.71247
0.000789994	3.05194
0.000793514	2.29588
0.000797034	1.58144
0.000800554	0.861655
