0.000166815	1.96422
0.000172682	2.1492
0.000178548	2.34125
0.000184415	2.541
0.000190282	2.74656
0.000196148	2.95598
0.000202015	3.16966
0.000207881	3.38672
0.000213748	3.60892
0.000219614	3.83702
0.000225481	4.07381
0.000231347	4.32188
0.000237214	4.58436
0.00024308	4.86531
0.000248947	5.16752
0.000254813	5.49572
0.00026068	5.85179
0.000266547	6.24011
0.000272413	6.66133
0.00027828	7.11856
0.000284146	7.61118
0.000290013	8.14029
0.000295879	8.70421
0.000301746	9.30169
0.000307612	9.93032
0.000313479	10.5866
0.000319345	11.2677
0.000325212	11.9685
0.000331078	12.6863
0.000336945	13.4149
0.000342812	14.1525
0.000348678	14.8926
0.000354545	15.6344
0.000360411	16.3726
0.000366278	17.1067
0.000372144	17.8333
0.000378011	18.5522
0.000383877	19.2615
0.000389744	19.9612
0.00039561	20.6499
0.000401477	21.3275
0.000407343	21.9926
0.00041321	22.6446
0.000419077	23.2816
0.000424943	23.9028
0.00043081	24.5055
0.000436676	25.0897
0.000442543	25.6526
0.000448409	26.1949
0.000454276	26.7157
0.000460142	27.2161
0.000466009	27.6982
0.000471875	28.1634
0.000477742	28.6168
0.000483608	29.0598
0.000489475	29.4995
0.000495342	29.9367
0.000501208	30.3789
0.000507075	30.8259
0.000512941	31.2833
0.000518808	31.7506
0.000524674	32.2298
0.000530541	32.7202
0.000536407	33.2206
0.000542274	33.7302
0.00054814	34.2456
0.000554007	34.7661
0.000559873	35.2873
0.00056574	35.8088
0.000571606	36.3262
0.000577473	36.8391
0.00058334	37.3429
0.000589206	37.8373
0.000595073	38.3164
0.000600939	38.7798
0.000606806	39.2192
0.000612672	39.6338
0.000618539	40.0123
0.000624405	40.3539
0.000630272	40.6442
0.000636138	40.8827
0.000642005	41.0575
0.000647871	41.1654
0.000653738	41.1685
0.000659605	41.1118
0.000665471	40.9867
0.000671338	40.742
0.000677204	40.4112
0.000683071	39.9923
0.000688937	39.4873
0.000694804	38.8967
0.00070067	38.2306
0.000706537	37.4891
0.000712403	36.6849
0.00071827	35.8178
0.000724136	34.8998
0.000730003	33.931
0.00073587	32.9211
0.000741736	31.87
0.000747603	30.7861
0.000753469	29.6693
0.000759336	28.5283
0.000765202	27.363
0.000771069	26.1847
0.000776935	24.9933
0.000782802	23.8036
0.000788668	22.6155
0.000794535	21.446
0.000800401	20.2952
0.000806268	19.1794
0.000812135	18.0988
0.000818001	17.0657
0.000823868	16.0804
0.000829734	15.1489
0.000835601	14.2716
0.000841467	13.4475
0.000847334	12.6771
0.0008532	11.9542
0.000859067	11.2791
0.000864933	10.6431
0.0008708	10.046
0.000876666	9.47916
0.000882533	8.94232
0.0008884	8.42838
0.000894266	7.93694
0.000900133	7.46311
0.000905999	7.0065
0.000911866	6.56421
0.000917732	6.13592
0.000923599	5.7202
0.000929465	5.31682
0.000935332	4.92543
0.000941198	4.54586
0.000947065	4.17859
0.000952931	3.82351
0.000958798	3.48178
0.000964665	3.15338
0.000970531	2.83989
0.000976398	2.54141
0.000982264	2.2596
0.000988131	1.99465
0.000993997	1.74786
0.000999864	1.5195
0.00100573	1.31011
0.0010116	1.11996
0.00101746	0.948652
0.00102333	0.796355
0.0010292	0.661724
0.00103506	0.544796
0.00104093	0.4435
0.0010468	0.357693
0.00105266	0.284924
0.00105853	0.224881
0.0010644	0.175083
0.00107026	0.135101
0.00107613	0.102704
0.001082	0.0774108
0.00108786	0.05741
0.00109373	0.0422314
0.00109959	0.0305318
0.00110546	0.0219019
0.00111133	0.0154265
0.00111719	0.0107826
0.00112306	0.00739592
0.00112893	0.00503291
0.00113479	0.00336086
0.00114066	0.00222468
0.00114653	0.00144622
0.00115239	0.000930312
0.00115826	0.000588831
0.00116413	0.000367709
0.00116999	0.000226686
0.00117586	0.000137256
0.00118173	8.2468e-05
0.00118759	4.83483e-05
0.00119346	2.83375e-05
0.00119933	1.60581e-05
0.00120519	9.19364e-06
0.00121106	5.00061e-06
0.00121693	2.82426e-06
0.00122279	1.48834e-06
0.00122866	8.18461e-07
0.00123453	4.18164e-07
0.00124039	2.23682e-07
0.00124626	1.10885e-07
0.00125212	5.76345e-08
0.00125799	2.77463e-08
0.00126386	1.39974e-08
0.00126972	6.55049e-09
0.00127559	3.20357e-09
0.00128146	1.45889e-09
0.00128732	6.90818e-10
0.00129319	3.0648e-10
0.00129906	1.40334e-10
0.00130492	6.07241e-11
0.00131079	2.68518e-11
0.00131666	1.13464e-11
0.00132252	4.83878e-12
0.00132839	1.82554e-12
0.00133426	8.21128e-13
