3.33898e-05	5.19086
3.52334e-05	6.76929
3.70771e-05	8.69684
3.89207e-05	10.976
4.07644e-05	13.5995
4.2608e-05	16.5821
4.44517e-05	19.862
4.62953e-05	23.4082
4.8139e-05	27.1271
4.99827e-05	30.9314
5.18263e-05	34.725
5.367e-05	38.3768
5.55136e-05	41.828
5.73573e-05	44.9454
5.92009e-05	47.7413
6.10446e-05	50.1409
6.28882e-05	52.2399
6.47319e-05	54.0783
6.65755e-05	55.8202
6.84192e-05	57.6471
7.02628e-05	59.7578
7.21065e-05	62.4603
7.39502e-05	65.9538
7.57938e-05	70.627
7.76375e-05	76.6614
7.94811e-05	84.4773
8.13248e-05	94.2398
8.31684e-05	106.376
8.50121e-05	121.044
8.68557e-05	138.682
8.86994e-05	159.444
9.0543e-05	183.788
9.23867e-05	211.847
9.42303e-05	244.085
9.6074e-05	280.593
9.79177e-05	321.784
9.97613e-05	367.702
0.000101605	418.652
0.000103449	474.665
0.000105292	535.945
0.000107136	602.582
0.00010898	674.815
0.000110823	752.858
0.000112667	837.236
0.000114511	928.289
0.000116354	1027.06
0.000118198	1133.92
0.000120042	1250.43
0.000121885	1376.84
0.000123729	1514.85
0.000125572	1664.41
0.000127416	1826.67
0.00012926	2001.2
0.000131103	2187.78
0.000132947	2385.71
0.000134791	2592.9
0.000136634	2808.57
0.000138478	3028.88
0.000140322	3253.21
0.000142165	3476.74
0.000144009	3699.16
0.000145853	3915.82
0.000147696	4126.74
0.00014954	4328.55
0.000151384	4521.51
0.000153227	4704.15
0.000155071	4876.84
0.000156915	5040.05
0.000158758	5194.1
0.000160602	5340.87
0.000162446	5480.52
0.000164289	5615.48
0.000166133	5745.74
0.000167977	5873.31
0.00016982	5998.05
0.000171664	6120.82
0.000173507	6241.42
0.000175351	6359.26
0.000177195	6474.17
0.000179038	6584.36
0.000180882	6689.75
0.000182726	6788.12
0.000184569	6879.49
0.000186413	6962.19
0.000188257	7036.34
0.0001901	7101.62
0.000191944	7158.19
0.000193788	7207.34
0.000195631	7249.16
0.000197475	7286.07
0.000199319	7318.07
0.000201162	7347.56
0.000203006	7374.5
0.00020485	7400.01
0.000206693	7424.02
0.000208537	7445.62
0.000210381	7464.77
0.000212224	7478.45
0.000214068	7486.71
0.000215912	7486.57
0.000217755	7476.19
0.000219599	7454.96
0.000221442	7420.11
0.000223286	7371.83
0.00022513	7310.1
0.000226973	7236.13
0.000228817	7149.86
0.000230661	7054.9
0.000232504	6951.21
0.000234348	6843.39
0.000236192	6731.46
0.000238035	6619.41
0.000239879	6507.37
0.000241723	6397.53
0.000243566	6290.04
0.00024541	6184.84
0.000247254	6082.08
0.000249097	5979.77
0.000250941	5878.01
0.000252785	5773.84
0.000254628	5667.21
0.000256472	5555.28
0.000258316	5437.89
0.000260159	5313.1
0.000262003	5180.71
0.000263847	5040.11
0.00026569	4891.1
0.000267534	4734.42
0.000269377	4569.95
0.000271221	4399.46
0.000273065	4222.93
0.000274908	4042.71
0.000276752	3858.87
0.000278596	3673.84
0.000280439	3487.78
0.000282283	3302.81
0.000284127	3119.15
0.00028597	2938.47
0.000287814	2760.96
0.000289658	2587.88
0.000291501	2419.39
0.000293345	2256.44
0.000295189	2099.16
0.000297032	1948.26
0.000298876	1803.86
0.00030072	1666.45
0.000302563	1536.13
0.000304407	1413.12
0.000306251	1297.49
0.000308094	1189.16
0.000309938	1088.18
0.000311782	994.22
0.000313625	907.278
0.000315469	826.94
0.000317312	753.147
0.000319156	685.511
0.000321	623.956
0.000322843	568.154
0.000324687	518.041
0.000326531	473.281
0.000328374	433.833
0.000330218	399.244
0.000332062	369.468
0.000333905	343.859
0.000335749	322.324
0.000337593	304.04
0.000339436	288.833
0.00034128	275.82
0.000343124	264.742
0.000344967	254.822
0.000346811	245.754
0.000348655	237.012
0.000350498	228.31
0.000352342	219.434
0.000354186	210.186
0.000356029	200.623
0.000357873	190.671
0.000359717	180.545
0.00036156	170.29
0.000363404	160.141
0.000365247	150.214
0.000367091	140.662
0.000368935	131.605
0.000370778	123.071
0.000372622	115.133
0.000374466	107.714
0.000376309	100.813
0.000378153	94.3048
0.000379997	88.128
0.00038184	82.1726
0.000383684	76.3509
0.000385528	70.614
0.000387371	64.8891
0.000389215	59.198
0.000391059	53.5143
0.000392902	47.9086
0.000394746	42.4086
0.00039659	37.0962
0.000398433	32.0676
0.000400277	27.29
