0.000100103	1.6742e-20
0.000103622	1.11886e-19
0.000107142	3.97317e-19
0.000110662	2.4999e-18
0.000114182	8.48794e-18
0.000117702	4.86301e-17
0.000121222	1.63251e-16
0.000124742	8.53678e-16
0.000128261	2.82721e-15
0.000131781	1.3528e-14
0.000135301	4.40946e-14
0.000138821	1.93588e-13
0.000142341	6.19466e-13
0.000145861	2.50258e-12
0.000149381	7.84061e-12
0.0001529	2.92363e-11
0.00015642	8.94312e-11
0.00015994	3.08784e-10
0.00016346	9.19514e-10
0.00016698	2.94953e-09
0.0001705	8.52502e-09
0.00017402	2.54911e-08
0.000177539	7.12943e-08
0.000181059	1.99405e-07
0.000184579	5.38032e-07
0.000188099	1.41242e-06
0.000191619	3.66561e-06
0.000195139	9.0623e-06
0.000198659	2.25567e-05
0.000202178	5.26895e-05
0.000205698	0.000125436
0.000209218	0.000277701
0.000212738	0.000630704
0.000216258	0.00132724
0.000219778	0.00286907
0.000223298	0.00575419
0.000226817	0.011815
0.000230337	0.0226371
0.000233857	0.0440737
0.000237377	0.0812297
0.000240897	0.149362
0.000244417	0.267533
0.000247937	0.462425
0.000251456	0.789697
0.000254976	1.29741
0.000258496	2.10998
0.000262016	3.30208
0.000265536	5.11079
0.000269056	7.63051
0.000272576	11.2402
0.000276095	16.0286
0.000279615	22.4872
0.000283135	30.6587
0.000286655	41.0195
0.000290175	53.5328
0.000293695	68.4483
0.000297214	85.6527
0.000300734	104.979
0.000304254	126.291
0.000307774	148.995
0.000311294	173.01
0.000314814	197.573
0.000318334	222.708
0.000321853	247.899
0.000325373	273.258
0.000328893	298.838
0.000332413	324.776
0.000335933	351.714
0.000339453	379.757
0.000342973	409.909
0.000346492	442.237
0.000350012	477.864
0.000353532	516.84
0.000357052	560.333
0.000360572	608.389
0.000364092	662.246
0.000367612	721.927
0.000371131	788.664
0.000374651	862.435
0.000378171	944.198
0.000381691	1033.89
0.000385211	1131.84
0.000388731	1237.98
0.000392251	1351.82
0.00039577	1473.28
0.00039929	1601.14
0.00040281	1735.35
0.00040633	1874.25
0.00040985	2017.86
0.00041337	2164.6
0.00041689	2314.54
0.000420409	2466.68
0.000423929	2621.08
0.000427449	2777.53
0.000430969	2936.06
0.000434489	3096.88
0.000438009	3259.98
0.000441529	3425.31
0.000445048	3592.84
0.000448568	3761.47
0.000452088	3931.22
0.000455608	4099.64
0.000459128	4266.75
0.000462648	4428.87
0.000466168	4586.06
0.000469687	4733.91
0.000473207	4872.45
0.000476727	4997.32
0.000480247	5108.51
0.000483767	5202.68
0.000487287	5279.73
0.000490807	5339.31
0.000494326	5382
0.000497846	5397.37
0.000501366	5402.67
0.000504886	5400.55
0.000508406	5377.01
0.000511926	5344.31
0.000515446	5303.43
0.000518965	5256.92
0.000522485	5205.06
0.000526005	5149.15
0.000529525	5089.47
0.000533045	5024.87
0.000536565	4955.47
0.000540085	4878.87
0.000543604	4794.96
0.000547124	4701.93
0.000550644	4599.47
0.000554164	4487.82
0.000557684	4366.64
0.000561204	4238.41
0.000564724	4103.01
0.000568243	3964.16
0.000571763	3822.05
0.000575283	3680.11
0.000578803	3538.77
0.000582323	3399.81
0.000585843	3263.73
0.000589362	3130.2
0.000592882	2999.52
0.000596402	2869.93
0.000599922	2741.36
0.000603442	2611.94
0.000606962	2481.31
0.000610482	2348.78
0.000614001	2213.93
0.000617521	2077.73
0.000621041	1939.97
0.000624561	1802.85
0.000628081	1666.53
0.000631601	1533.43
0.000635121	1404.01
0.00063864	1280.15
0.00064216	1162.37
0.00064568	1051.66
0.0006492	948.423
0.00065272	852.907
0.00065624	765.325
0.00065976	685.429
0.000663279	613.28
0.000666799	548.36
0.000670319	490.627
0.000673839	439.403
0.000677359	394.578
0.000680879	355.357
0.000684399	321.574
0.000687918	292.355
0.000691438	267.48
0.000694958	246.033
0.000698478	227.741
0.000701998	211.7
0.000705518	197.587
0.000709038	184.619
0.000712557	172.435
0.000716077	160.529
0.000719597	148.559
0.000723117	136.408
0.000726637	123.852
0.000730157	111.142
0.000733677	98.2485
0.000737196	85.6296
0.000740716	73.4482
0.000744236	62.1405
0.000747756	51.9743
0.000751276	43.1928
0.000754796	36.0439
0.000758316	30.5166
0.000761835	26.426
0.000765355	24.5685
0.000768875	24.2544
0.000772395	24.1577
0.000775915	25.3946
0.000779435	27.5247
0.000782955	29.772
0.000786474	31.9809
0.000789994	33.9843
0.000793514	35.1273
0.000797034	35.2932
0.000800554	35.3486
