3.33898e-05	172.197
3.48982e-05	204.305
3.64066e-05	240.624
3.7915e-05	281.163
3.94234e-05	325.894
4.09318e-05	374.833
4.24402e-05	427.861
4.39487e-05	484.894
4.54571e-05	545.801
4.69655e-05	610.431
4.84739e-05	678.682
4.99823e-05	750.385
5.14907e-05	825.491
5.29991e-05	903.866
5.45076e-05	985.52
5.6016e-05	1070.39
5.75244e-05	1158.53
5.90328e-05	1249.98
6.05412e-05	1344.83
6.20496e-05	1443.19
6.3558e-05	1545.23
6.50665e-05	1651.14
6.65749e-05	1761.1
6.80833e-05	1875.44
6.95917e-05	1994.35
7.11001e-05	2118.23
7.26085e-05	2247.25
7.41169e-05	2381.87
7.56253e-05	2522.15
7.71338e-05	2668.48
7.86422e-05	2820.76
8.01506e-05	2979.12
8.1659e-05	3143.24
8.31674e-05	3312.8
8.46758e-05	3487.28
8.61842e-05	3665.7
8.76927e-05	3847.43
8.92011e-05	4030.82
9.07095e-05	4215.25
9.22179e-05	4398.57
9.37263e-05	4580.3
9.52347e-05	4758.17
9.67431e-05	4931.95
9.82516e-05	5099.75
9.976e-05	5261.63
0.000101268	5416.54
0.000102777	5564.81
0.000104285	5706.49
0.000105794	5842.05
0.000107302	5972.65
0.00010881	6098.73
0.000110319	6222.21
0.000111827	6343.4
0.000113336	6464.42
0.000114844	6585.34
0.000116353	6707.88
0.000117861	6831.94
0.000119369	6958.34
0.000120878	7086.83
0.000122386	7217.19
0.000123895	7349.12
0.000125403	7481.38
0.000126911	7613.71
0.00012842	7744.15
0.000129928	7872.51
0.000131437	7996.47
0.000132945	8115.91
0.000134453	8228.5
0.000135962	8334.18
0.00013747	8430.87
0.000138979	8518.56
0.000140487	8595.58
0.000141996	8661.95
0.000143504	8716.51
0.000145012	8759.31
0.000146521	8790.68
0.000148029	8809.59
0.000149538	8810.44
0.000151046	8804.49
0.000152554	8789.78
0.000154063	8757.25
0.000155571	8714.36
0.00015708	8660.44
0.000158588	8595.83
0.000160097	8520.54
0.000161605	8435.45
0.000163113	8340.57
0.000164622	8236.87
0.00016613	8124.35
0.000167639	8004.09
0.000169147	7876.09
0.000170655	7741.55
0.000172164	7600.47
0.000173672	7454.13
0.000175181	7302.52
0.000176689	7146.96
0.000178197	6987.43
0.000179706	6825.17
0.000181214	6660.16
0.000182723	6493.48
0.000184231	6325.12
0.00018574	6155.96
0.000187248	5986.01
0.000188756	5816.04
0.000190265	5646.05
0.000191773	5476.78
0.000193282	5308.23
0.00019479	5141.15
0.000196298	4975.56
0.000197807	4812.18
0.000199315	4651.03
0.000200824	4492.69
0.000202332	4337.17
0.000203841	4184.69
0.000205349	4035.28
0.000206857	3888.68
0.000208366	3744.93
0.000209874	3603.31
0.000211383	3463.85
0.000212891	3325.62
0.000214399	3188.62
0.000215908	3052.05
0.000217416	2915.86
0.000218925	2779.75
0.000220433	2643.62
0.000221941	2507.82
0.00022345	2372.29
0.000224958	2237.99
0.000226467	2104.88
0.000227975	1974.36
0.000229484	1846.43
0.000230992	1722.57
0.0002325	1602.86
0.000234009	1488.53
0.000235517	1379.72
0.000237026	1277.21
0.000238534	1181.16
0.000240042	1091.85
0.000241551	1009.4
0.000243059	933.618
0.000244568	864.576
0.000246076	801.714
0.000247585	745.043
0.000249093	693.753
0.000250601	647.801
0.00025211	606.261
0.000253618	569.043
0.000255127	535.223
0.000256635	504.676
0.000258143	476.583
0.000259652	450.799
0.00026116	426.678
0.000262669	404.078
0.000264177	382.552
0.000265685	361.98
0.000267194	342.109
0.000268702	322.849
0.000270211	304.104
0.000271719	285.821
0.000273228	268.003
0.000274736	250.631
0.000276244	233.756
0.000277753	217.38
0.000279261	201.564
0.00028077	186.323
0.000282278	171.713
0.000283786	157.748
0.000285295	144.482
0.000286803	131.928
0.000288312	120.142
0.00028982	109.139
0.000291329	98.9817
0.000292837	89.6898
0.000294345	81.3241
0.000295854	73.9121
0.000297362	67.4915
0.000298871	62.0932
0.000300379	57.7067
0.000301887	54.3551
0.000303396	51.9586
0.000304904	50.421
0.000306413	49.9232
0.000307921	50.141
0.000309429	50.7296
0.000310938	51.904
0.000312446	53.3728
0.000313955	54.9584
0.000315463	56.4794
0.000316972	57.8518
0.00031848	58.7497
0.000319988	59.0984
0.000321497	59.2073
0.000323005	58.5937
0.000324514	57.2091
0.000326022	55.2686
0.00032753	52.7746
0.000329039	49.7563
0.000330547	46.3365
0.000332056	42.6548
0.000333564	38.6634
