0.000500379	6.19846e-48
0.000507084	4.37766e-46
0.000513789	1.73247e-45
0.000520493	1.05353e-43
0.000527198	4.18614e-43
0.000533903	2.18493e-41
0.000540607	8.74473e-41
0.000547312	3.91929e-39
0.000554017	1.57935e-38
0.000560721	6.08155e-37
0.000567426	2.46623e-36
0.000574131	8.16452e-35
0.000580835	3.32988e-34
0.00058754	9.485e-33
0.000594244	3.88767e-32
0.000600949	9.53734e-31
0.000607654	3.92502e-30
0.000614358	8.30246e-29
0.000621063	3.42701e-28
0.000627768	6.25887e-27
0.000634472	2.58786e-26
0.000641177	4.08725e-25
0.000647882	1.69026e-24
0.000654586	2.31295e-23
0.000661291	9.54983e-23
0.000667995	1.13467e-21
0.0006747	4.66775e-21
0.000681405	4.82766e-20
0.000688109	1.97396e-19
0.000694814	1.78226e-18
0.000701519	7.22343e-18
0.000708223	5.71213e-17
0.000714928	2.28762e-16
0.000721633	1.59023e-15
0.000728337	6.27083e-15
0.000735042	3.84775e-14
0.000741746	1.48814e-13
0.000748451	8.09657e-13
0.000755156	3.05794e-12
0.00076186	1.48253e-11
0.000768565	5.4422e-11
0.00077527	2.36357e-10
0.000781974	8.39055e-10
0.000788679	3.28277e-09
0.000795384	1.12099e-08
0.000802088	3.97413e-08
0.000808793	1.29821e-07
0.000815497	4.19536e-07
0.000822202	1.30373e-06
0.000828907	3.86356e-06
0.000835611	1.13584e-05
0.000842316	3.10474e-05
0.000849021	8.58911e-05
0.000855725	0.000217763
0.00086243	0.000564077
0.000869135	0.00133333
0.000875839	0.00321954
0.000882544	0.00712788
0.000889249	0.0159841
0.000895953	0.0332763
0.000902658	0.0691005
0.000909362	0.135707
0.000916067	0.260475
0.000922772	0.493173
0.000929476	0.871559
0.000936181	1.54192
0.000942886	2.54882
0.00094959	4.19012
0.000956295	6.51412
0.000963	9.98315
0.000969704	14.6288
0.000976409	20.9945
0.000983113	29.0768
0.000989818	39.3128
0.000996523	51.6686
0.00100323	66.302
0.00100993	83.1759
0.00101664	102.168
0.00102334	123.261
0.00103005	146.224
0.00103675	171.06
0.00104346	197.591
0.00105016	225.827
0.00105686	255.695
0.00106357	287.219
0.00107027	320.543
0.00107698	355.711
0.00108368	393.374
0.00109039	433.576
0.00109709	477.594
0.0011038	525.424
0.0011105	578.368
0.00111721	636.365
0.00112391	699.545
0.00113062	767.841
0.00113732	839.472
0.00114402	914.421
0.00115073	989.73
0.00115743	1065.43
0.00116414	1139.42
0.00117084	1211.73
0.00117755	1282.97
0.00118425	1353.11
0.00119096	1425.46
0.00119766	1499.98
0.00120437	1580.38
0.00121107	1666.7
0.00121778	1760
0.00122448	1860.41
0.00123119	1964.84
0.00123789	2073.45
0.00124459	2180.34
0.0012513	2285.51
0.001258	2383.49
0.00126471	2474.06
0.00127141	2555.04
0.00127812	2626.08
0.00128482	2689.08
0.00129153	2743.82
0.00129823	2794.72
0.00130494	2841.85
0.00131164	2889.26
0.00131835	2937.3
0.00132505	2987.08
0.00133175	3039.04
0.00133846	3090.51
0.00134516	3141.77
0.00135187	3187.48
0.00135857	3227.6
0.00136528	3256.01
0.00137198	3271.87
0.00137869	3273.78
0.00138539	3256.48
0.0013921	3219.93
0.0013988	3164.12
0.00140551	3090.17
0.00141221	2997.58
0.00141891	2891.15
0.00142562	2770.86
0.00143232	2642.98
0.00143903	2508.07
0.00144573	2371.46
0.00145244	2234.02
0.00145914	2098.72
0.00146585	1966.28
0.00147255	1837.65
0.00147926	1713.15
0.00148596	1593
0.00149267	1477.24
0.00149937	1366.31
0.00150608	1260.24
0.00151278	1159.68
0.00151948	1064.78
0.00152619	975.821
0.00153289	893.027
0.0015396	815.903
0.0015463	744.53
0.00155301	677.886
0.00155971	615.795
0.00156642	557.383
0.00157312	502.317
0.00157983	450.396
0.00158653	401.382
0.00159324	355.671
0.00159994	313.285
0.00160664	274.655
0.00161335	239.988
0.00162005	209.258
0.00162676	182.627
0.00163346	159.581
0.00164017	140.077
0.00164687	123.417
0.00165358	109.38
0.00166028	97.3927
0.00166699	87.1814
0.00167369	78.421
0.0016804	70.9
0.0016871	64.4801
0.00169381	59.0548
0.00170051	54.5289
0.00170721	50.8646
0.00171392	47.8942
0.00172062	45.5714
0.00172733	43.6474
0.00173403	42.0116
0.00174074	40.4241
0.00174744	38.7211
0.00175415	36.7808
0.00176085	34.4537
0.00176756	31.7827
0.00177426	28.707
0.00178097	25.3909
0.00178767	21.8919
0.00179437	18.3926
0.00180108	15.0312
0.00180778	11.915
0.00181449	9.1817
0.00182119	6.83537
0.0018279	4.93054
0.0018346	3.44852
