3.33898e-05	3.27556e-25
3.59039e-05	4.84561e-24
3.8418e-05	1.83998e-23
4.09322e-05	2.4101e-22
4.34463e-05	8.98683e-22
4.59604e-05	1.02698e-20
4.84746e-05	3.81659e-20
5.09887e-05	3.81288e-19
5.35028e-05	1.40937e-18
5.6017e-05	1.23382e-17
5.85311e-05	4.5255e-17
6.10452e-05	3.48105e-16
6.35594e-05	1.2636e-15
6.60735e-05	8.56628e-15
6.85877e-05	3.06809e-14
7.11018e-05	1.83938e-13
7.36159e-05	6.47828e-13
7.61301e-05	3.44771e-12
7.86442e-05	1.18961e-11
8.11583e-05	5.64355e-11
8.36725e-05	1.89987e-10
8.61866e-05	8.0708e-10
8.87007e-05	2.63906e-09
9.12149e-05	1.00878e-08
9.3729e-05	3.18874e-08
9.62431e-05	1.10241e-07
9.87573e-05	3.35178e-07
0.000101271	1.05365e-06
0.000103786	3.06529e-06
0.0001063	8.80964e-06
0.000108814	2.43936e-05
0.000111328	6.4446e-05
0.000113842	0.000168954
0.000116356	0.000412521
0.00011887	0.00101873
0.000121384	0.0023105
0.000123899	0.00534902
0.000126413	0.0113226
0.000128927	0.0244677
0.000131441	0.0485426
0.000133955	0.0975535
0.000136469	0.18413
0.000138983	0.34111
0.000141498	0.614651
0.000144012	1.04919
0.000146526	1.76271
0.00014904	2.81157
0.000151554	4.40185
0.000154068	6.57934
0.000156582	9.6072
0.000159096	13.4832
0.000161611	18.405
0.000164125	24.2989
0.000166639	31.1179
0.000169153	38.7377
0.000171667	46.7614
0.000174181	55.0769
0.000176695	63.033
0.00017921	70.5914
0.000181724	77.1269
0.000184238	82.6972
0.000186752	87.0153
0.000189266	90.2229
0.00019178	92.6027
0.000194294	94.3585
0.000196809	96.4931
0.000199323	99.2361
0.000201837	104.349
0.000204351	112.019
0.000206865	124.534
0.000209379	141.971
0.000211893	166.574
0.000214407	198.292
0.000216922	238.678
0.000219436	287.611
0.00022195	345.643
0.000224464	412.658
0.000226978	488.36
0.000229492	572.655
0.000232006	664.652
0.000234521	764.239
0.000237035	869.786
0.000239549	981.147
0.000242063	1095.5
0.000244577	1212.74
0.000247091	1329.08
0.000249605	1444.6
0.000252119	1556.47
0.000254634	1665
0.000257148	1771.53
0.000259662	1876.4
0.000262176	1987.02
0.00026469	2103.56
0.000267204	2237.43
0.000269718	2388.54
0.000272233	2566.69
0.000274747	2771.65
0.000277261	3005.94
0.000279775	3269.42
0.000282289	3555.44
0.000284803	3864.03
0.000287317	4182.24
0.000289831	4510.18
0.000292346	4834.27
0.00029486	5154.51
0.000297374	5462.48
0.000299888	5757.99
0.000302402	6041.01
0.000304916	6311.29
0.00030743	6575.71
0.000309945	6834.26
0.000312459	7093.86
0.000314973	7355.01
0.000317487	7616.04
0.000320001	7877.78
0.000322515	8126.26
0.000325029	8361.96
0.000327544	8564.23
0.000330058	8732.5
0.000332572	8852.28
0.000335086	8923.23
0.0003376	8933.42
0.000340114	8899.24
0.000342628	8827.1
0.000345142	8714.85
0.000347657	8583.92
0.000350171	8435.47
0.000352685	8282.69
0.000355199	8127.57
0.000357713	7971.01
0.000360227	7814.5
0.000362741	7649.4
0.000365256	7475.82
0.00036777	7283.07
0.000370284	7069.97
0.000372798	6830.72
0.000375312	6563.65
0.000377826	6270.99
0.00038034	5951.48
0.000382854	5614.65
0.000385369	5260.26
0.000387883	4902.12
0.000390397	4541.14
0.000392911	4191.58
0.000395425	3855.38
0.000397939	3543.26
0.000400453	3257.75
0.000402968	3002.89
0.000405482	2780.98
0.000407996	2588.33
0.00041051	2426.01
0.000413024	2284.7
0.000415538	2163.68
0.000418052	2052.46
0.000420566	1948.86
0.000423081	1845.66
0.000425595	1740.32
0.000428109	1630.95
0.000430623	1515.82
0.000433137	1397.44
0.000435651	1275.49
0.000438165	1154.25
0.00044068	1034.58
0.000443194	920.074
0.000445708	812.058
0.000448222	712.238
0.000450736	621.688
0.00045325	540.299
0.000455764	468.528
0.000458279	405.261
0.000460793	350.38
0.000463307	302.581
0.000465821	261.457
0.000468335	225.882
0.000470849	195.408
0.000473363	169.081
0.000475877	146.474
0.000478392	126.774
0.000480906	109.549
0.00048342	94.2398
0.000485934	80.4496
0.000488448	67.9748
0.000490962	56.5666
0.000493476	46.2767
0.000495991	37.0527
0.000498505	28.9707
0.000501019	22.0877
0.000503533	16.3473
0.000506047	11.7783
0.000508561	8.20269
0.000511075	5.55277
0.000513589	3.62932
0.000516104	2.29604
0.000518618	1.4089
0.000521132	0.827981
0.000523646	0.47851
0.00052616	0.25775
0.000528674	0.142028
0.000531188	0.0630869
0.000533703	0.0367731
