0.000166815	2.30979e-30
0.00017352	5.51046e-29
0.000180225	2.13489e-28
0.000186929	4.41347e-27
0.000193634	1.69601e-26
0.000200339	3.01078e-25
0.000207043	1.15807e-24
0.000213748	1.76809e-23
0.000220453	6.79677e-23
0.000227157	8.94089e-22
0.000233862	3.42875e-21
0.000240566	3.89451e-20
0.000247271	1.48676e-19
0.000253976	1.46177e-18
0.00026068	5.54157e-18
0.000267385	4.72979e-17
0.00027409	1.7755e-16
0.000280794	1.31987e-15
0.000287499	4.89013e-15
0.000294204	3.17806e-14
0.000300908	1.15784e-13
0.000307613	6.60616e-13
0.000314317	2.35685e-12
0.000321022	1.18609e-11
0.000327727	4.12472e-11
0.000334431	1.84031e-10
0.000341136	6.20682e-10
0.000347841	2.46878e-09
0.000354545	8.03149e-09
0.00036125	2.86469e-08
0.000367955	8.93763e-08
0.000374659	2.87633e-07
0.000381364	8.55471e-07
0.000388068	2.49966e-06
0.000394773	7.04386e-06
0.000401478	1.88048e-05
0.000408182	4.99021e-05
0.000414887	0.000122463
0.000421592	0.000304243
0.000428296	0.000690291
0.000435001	0.0015967
0.000441706	0.00336687
0.00044841	0.00721521
0.000455115	0.0142037
0.000461819	0.0280828
0.000468524	0.0529674
0.000475229	0.095331
0.000481933	0.168278
0.000488638	0.27929
0.000495343	0.455363
0.000502047	0.702561
0.000508752	1.05753
0.000515457	1.51869
0.000522161	2.112
0.000528866	2.82349
0.000535571	3.63416
0.000542275	4.52198
0.00054898	5.40249
0.000555684	6.26042
0.000562389	6.97561
0.000569094	7.55416
0.000575798	7.93644
0.000582503	8.12528
0.000589208	8.12138
0.000595912	8.08196
0.000602617	8.09314
0.000609322	8.17182
0.000616026	8.40382
0.000622731	9.0343
0.000629435	10.0193
0.00063614	11.3727
0.000642845	13.1352
0.000649549	15.2996
0.000656254	17.8472
0.000662959	20.7798
0.000669663	24.0914
0.000676368	27.7877
0.000683073	31.9004
0.000689777	36.4362
0.000696482	41.4655
0.000703186	46.9983
0.000709891	53.1723
0.000716596	60.0016
0.0007233	67.7399
0.000730005	76.3977
0.00073671	86.3287
0.000743414	97.5308
0.000750119	110.325
0.000756824	124.699
0.000763528	140.797
0.000770233	158.608
0.000776937	178.111
0.000783642	199.307
0.000790347	222.182
0.000797051	246.741
0.000803756	273.085
0.000810461	301.211
0.000817165	331.185
0.00082387	363.001
0.000830575	396.433
0.000837279	431.482
0.000843984	467.623
0.000850689	504.858
0.000857393	542.729
0.000864098	581.228
0.000870802	620.398
0.000877507	660.222
0.000884212	701.295
0.000890916	743.612
0.000897621	787.816
0.000904326	833.94
0.00091103	881.895
0.000917735	931.752
0.00092444	982.195
0.000931144	1033.29
0.000937849	1082.78
0.000944553	1130.65
0.000951258	1174.77
0.000957963	1215.01
0.000964667	1250.43
0.000971372	1280.89
0.000978077	1306.79
0.000984781	1328.09
0.000991486	1345.59
0.000998191	1359.4
0.0010049	1369.7
0.0010116	1376.82
0.0010183	1378.21
0.00102501	1376.09
0.00103171	1371.08
0.00103842	1359.6
0.00104512	1344.11
0.00105183	1324.89
0.00105853	1303.69
0.00106524	1280.62
0.00107194	1257.52
0.00107865	1234.73
0.00108535	1212.52
0.00109206	1191.23
0.00109876	1169.39
0.00110546	1147.05
0.00111217	1122.19
0.00111887	1094.48
0.00112558	1062.98
0.00113228	1027.22
0.00113899	988.091
0.00114569	945.405
0.0011524	901.209
0.0011591	855.75
0.00116581	810.686
0.00117251	766.51
0.00117922	723.502
0.00118592	681.987
0.00119263	641.203
0.00119933	601.093
0.00120603	560.949
0.00121274	520.478
0.00121944	479.816
0.00122615	438.753
0.00123285	398.216
0.00123956	358.277
0.00124626	320.057
0.00125297	283.863
0.00125967	250.424
0.00126638	220.092
0.00127308	192.976
0.00127979	169.291
0.00128649	148.653
0.00129319	131.075
0.0012999	115.96
0.0013066	103.162
0.00131331	92.1054
0.00132001	82.5761
0.00132672	74.1271
0.00133342	66.5407
0.00134013	59.5379
0.00134683	52.9332
0.00135354	46.6371
0.00136024	40.5298
0.00136695	34.6885
0.00137365	29.0905
0.00138035	23.8799
0.00138706	19.1194
0.00139376	14.8965
0.00140047	11.2952
0.00140717	8.28987
0.00141388	5.91677
0.00142058	4.07146
0.00142729	2.72141
0.00143399	1.75239
0.0014407	1.09115
0.0014474	0.658025
0.00145411	0.379206
0.00146081	0.214964
0.00146752	0.112553
0.00147422	0.0610759
0.00148092	0.029558
0.00148763	0.0150432
0.00149433	0.0061655
0.00150104	0.00320628
