0.000166815	2.36337e-40
0.00017352	1.00995e-38
0.000180225	3.96888e-38
0.000186929	1.46884e-36
0.000193634	5.77269e-36
0.000200339	1.84058e-34
0.000207043	7.27219e-34
0.000213748	1.9991e-32
0.000220453	7.93471e-32
0.000227157	1.88225e-30
0.000233862	7.49857e-30
0.000240566	1.53661e-28
0.000247271	6.13779e-28
0.000253976	1.08789e-26
0.00026068	4.35148e-26
0.000267385	6.68101e-25
0.00027409	2.67213e-24
0.000280794	3.56002e-23
0.000287499	1.42129e-22
0.000294204	1.64645e-21
0.000300908	6.54815e-21
0.000307613	6.61118e-20
0.000314317	2.61323e-19
0.000321022	2.30572e-18
0.000327727	9.03387e-18
0.000334431	6.98723e-17
0.000341136	2.70533e-16
0.000347841	1.84063e-15
0.000354545	7.0184e-15
0.00036125	4.21686e-14
0.000367955	1.57743e-13
0.000374659	8.40573e-13
0.000381364	3.07173e-12
0.000388068	1.45858e-11
0.000394773	5.18292e-11
0.000401478	2.20417e-10
0.000408182	7.57819e-10
0.000414887	2.90207e-09
0.000421592	9.6031e-09
0.000428296	3.33025e-08
0.000435001	1.05482e-07
0.000441706	3.33187e-07
0.00044841	1.00451e-06
0.000455115	2.907e-06
0.000461819	8.29573e-06
0.000468524	2.2122e-05
0.000475229	5.94329e-05
0.000481933	0.000146852
0.000488638	0.000369554
0.000495343	0.000850491
0.000502047	0.00199571
0.000508752	0.00429804
0.000515457	0.00936905
0.000522161	0.0189606
0.000528866	0.0382894
0.000535571	0.0734733
0.000542275	0.137003
0.00054898	0.252322
0.000555684	0.434373
0.000562389	0.744473
0.000569094	1.20377
0.000575798	1.92682
0.000582503	2.93857
0.000589208	4.41512
0.000595912	6.37987
0.000602617	9.05916
0.000609322	12.4702
0.000616026	16.8633
0.000622731	22.2443
0.000629435	28.8474
0.00063614	36.6565
0.000642845	45.8005
0.000649549	56.2306
0.000656254	67.8025
0.000662959	80.4438
0.000669663	93.5901
0.000676368	107.191
0.000683073	120.382
0.000689777	133.189
0.000696482	144.982
0.000703186	155.864
0.000709891	166.105
0.000716596	175.831
0.0007233	186.456
0.000730005	198.051
0.00073671	212.702
0.000743414	230.397
0.000750119	253.018
0.000756824	280.51
0.000763528	313.94
0.000770233	353.263
0.000776937	398.811
0.000783642	450.573
0.000790347	508.684
0.000797051	573.145
0.000803756	644.21
0.000810461	721.871
0.000817165	806.108
0.00082387	896.909
0.000830575	993.153
0.000837279	1094.85
0.000843984	1199.31
0.000850689	1306.56
0.000857393	1412.93
0.000864098	1518.42
0.000870802	1619.94
0.000877507	1717.44
0.000884212	1810.31
0.000890916	1898.41
0.000897621	1984.66
0.000904326	2068.92
0.00091103	2156.35
0.000917735	2247.02
0.00092444	2344.74
0.000931144	2449.83
0.000937849	2561.03
0.000944553	2678.77
0.000951258	2796.26
0.000957963	2913.62
0.000964667	3022.31
0.000971372	3121.97
0.000978077	3207.13
0.000984781	3277.21
0.000991486	3331.9
0.000998191	3371.65
0.0010049	3391.63
0.0010116	3400.55
0.0010183	3400.61
0.00102501	3383.02
0.00103171	3351.37
0.00103842	3306.6
0.00104512	3247.68
0.00105183	3174.24
0.00105853	3088.72
0.00106524	2990.79
0.00107194	2885.69
0.00107865	2773.54
0.00108535	2660.24
0.00109206	2546.47
0.00109876	2436.11
0.00110546	2330.06
0.00111217	2229.04
0.00111887	2133.62
0.00112558	2042.23
0.00113228	1954.9
0.00113899	1869.6
0.00114569	1786.01
0.0011524	1702.96
0.0011591	1620.1
0.00116581	1537.19
0.00117251	1454.05
0.00117922	1370.94
0.00118592	1287.76
0.00119263	1205.26
0.00119933	1123.38
0.00120603	1043.51
0.00121274	965.793
0.00121944	891.773
0.00122615	821.917
0.00123285	756.873
0.00123956	697.177
0.00124626	641.987
0.00125297	591.452
0.00125967	543.878
0.00126638	498.841
0.00127308	455.162
0.00127979	412.178
0.00128649	370.047
0.00129319	328.421
0.0012999	288.422
0.0013066	250.268
0.00131331	214.992
0.00132001	183.129
0.00132672	154.883
0.00133342	130.645
0.00134013	109.837
0.00134683	92.441
0.00135354	77.6561
0.00136024	65.152
0.00136695	54.386
0.00137365	44.9914
0.00138035	36.7823
0.00138706	29.5483
0.00139376	23.2762
0.00140047	17.9127
0.00140717	13.4216
0.00141388	9.79778
0.00142058	6.92565
0.00142729	4.7625
0.00143399	3.16275
0.0014407	2.03712
0.0014474	1.26996
0.00145411	0.761682
0.00146081	0.446687
0.00146752	0.247078
0.00147422	0.137375
0.00148092	0.069223
0.00148763	0.0368999
0.00149433	0.0156982
0.00150104	0.008631
