0.000500379	7.55436e-155
0.000509598	2.22372e-149
0.000518817	8.89487e-149
0.000528036	1.96078e-143
0.000537255	7.92333e-143
0.000546474	1.30778e-137
0.000555693	5.33951e-137
0.000564912	6.59778e-132
0.000574131	2.72221e-131
0.00058335	2.51776e-126
0.000592569	1.04994e-125
0.000601788	7.26748e-121
0.000611007	3.06363e-120
0.000620226	1.58673e-115
0.000629445	6.76287e-115
0.000638664	2.62043e-110
0.000647883	1.12941e-109
0.000657101	3.27332e-105
0.00066632	1.42691e-104
0.000675539	3.09278e-100
0.000684758	1.36384e-99
0.000693977	2.21031e-95
0.000703196	9.86182e-95
0.000712415	1.19481e-90
0.000721634	5.39478e-90
0.000730853	4.88522e-86
0.000740072	2.23262e-85
0.000749291	1.51081e-81
0.00075851	6.99001e-81
0.000767729	3.53406e-77
0.000776948	1.65564e-76
0.000786167	6.25283e-73
0.000795386	2.96672e-72
0.000804605	8.36796e-69
0.000813823	4.02171e-68
0.000823042	8.47043e-65
0.000832261	4.12448e-64
0.00084148	6.48541e-61
0.000850699	3.20001e-60
0.000859918	3.75598e-57
0.000869137	1.87827e-56
0.000878356	1.6454e-53
0.000887575	8.34048e-53
0.000896794	5.45256e-50
0.000906013	2.80189e-49
0.000915232	1.36688e-46
0.000924451	7.12098e-46
0.00093367	2.59233e-43
0.000942889	1.36918e-42
0.000952108	3.71985e-40
0.000961327	1.99168e-39
0.000970545	4.03921e-37
0.000979764	2.1919e-36
0.000988983	3.3196e-34
0.000998202	1.82505e-33
0.00100742	2.06541e-31
0.00101664	1.14972e-30
0.00102586	9.73231e-29
0.00103508	5.48014e-28
0.0010443	3.47474e-26
0.00105352	1.97651e-25
0.00106273	9.40612e-24
0.00107195	5.39444e-23
0.00108117	1.93222e-21
0.00109039	1.11425e-20
0.00109961	3.01547e-19
0.00110883	1.7421e-18
0.00111805	3.58055e-17
0.00112727	2.0621e-16
0.00113649	3.24082e-15
0.00114571	1.8485e-14
0.00115492	2.24119e-13
0.00116414	1.25539e-12
0.00117336	1.18745e-11
0.00118258	6.46296e-11
0.0011918	4.83541e-10
0.00120102	2.5241e-09
0.00121024	1.51839e-08
0.00121946	7.48614e-08
0.00122868	3.68899e-07
0.00123789	1.68848e-06
0.00124711	6.95504e-06
0.00125633	2.90158e-05
0.00126555	0.000101995
0.00127477	0.000380842
0.00128399	0.00116528
0.00129321	0.00383002
0.00130243	0.0103808
0.00131165	0.0296292
0.00132087	0.0721384
0.00133008	0.177166
0.0013393	0.391215
0.00134852	0.823371
0.00135774	1.7011
0.00136696	3.10944
0.00137618	5.58478
0.0013854	9.12168
0.00139462	14.1912
0.00140384	20.7796
0.00141305	28.4994
0.00142227	37.3517
0.00143149	45.8694
0.00144071	54.0611
0.00144993	60.5863
0.00145915	65.417
0.00146837	69.1335
0.00147759	71.664
0.00148681	75.9263
0.00149603	81.8735
0.00150524	93.2447
0.00151446	110.103
0.00152368	134.633
0.0015329	167.024
0.00154212	206.134
0.00155134	252.141
0.00156056	301.24
0.00156978	353.349
0.001579	405.662
0.00158821	457.786
0.00159743	511.365
0.00160665	566.055
0.00161587	627.175
0.00162509	694.864
0.00163431	773.556
0.00164353	863.89
0.00165275	965.226
0.00166197	1078.15
0.00167118	1197.28
0.0016804	1322.53
0.00168962	1448.47
0.00169884	1574.54
0.00170806	1698.38
0.00171728	1819.53
0.0017265	1937.63
0.00173572	2052.27
0.00174494	2165.24
0.00175416	2276.14
0.00176337	2389.92
0.00177259	2507.22
0.00178181	2630.69
0.00179103	2762.39
0.00180025	2894.14
0.00180947	3027.27
0.00181869	3144.44
0.00182791	3246.86
0.00183713	3303.51
0.00184634	3327.2
0.00185556	3329.61
0.00186478	3280.38
0.001874	3204.23
0.00188322	3107.63
0.00189244	3004.93
0.00190166	2900.76
0.00191088	2800.73
0.0019201	2709.37
0.00192932	2618
0.00193853	2527.03
0.00194775	2423.75
0.00195697	2304.12
0.00196619	2165.09
0.00197541	2002.22
0.00198463	1826.33
0.00199385	1637.35
0.00200307	1451.13
0.00201229	1272.47
0.0020215	1110.09
0.00203072	969.479
0.00203994	848.381
0.00204916	748.786
0.00205838	663.057
0.0020676	589.233
0.00207682	521.815
0.00208604	457.605
0.00209526	396.217
0.00210448	336.024
0.00211369	279.592
0.00212291	227.511
0.00213213	181.578
0.00214135	143.183
0.00215057	111.695
0.00215979	87.641
0.00216901	68.9981
0.00217823	55.0464
0.00218745	44.1948
0.00219666	35.3038
0.00220588	27.9269
0.0022151	21.3956
0.00222432	15.8531
0.00223354	11.2127
0.00224276	7.50009
0.00225198	4.77489
0.0022612	2.83185
0.00227042	1.5837
0.00227964	0.834849
0.00228885	0.391818
0.00229807	0.190595
0.00230729	0.0798331
0.00231651	0.0332902
0.00232573	0.0116445
0.00233495	0.00442921
