0.000166815	0.306621
0.000171844	0.440396
0.000176872	0.645997
0.000181901	0.913566
0.000186929	1.27189
0.000191958	1.74067
0.000196986	2.34189
0.000202014	3.10152
0.000207043	4.0364
0.000212071	5.17437
0.0002171	6.52047
0.000222128	8.09583
0.000227157	9.88922
0.000232185	11.9044
0.000237214	14.1149
0.000242242	16.4991
0.00024727	19.0234
0.000252299	21.6416
0.000257327	24.3262
0.000262356	27.0198
0.000267384	29.7147
0.000272413	32.3658
0.000277441	34.9925
0.000282469	37.5881
0.000287498	40.1954
0.000292526	42.8616
0.000297555	45.6381
0.000302583	48.6213
0.000307612	51.8517
0.00031264	55.4457
0.000317669	59.4177
0.000322697	63.8607
0.000327725	68.7587
0.000332754	74.1426
0.000337782	79.9765
0.000342811	86.216
0.000347839	92.8287
0.000352868	99.7209
0.000357896	106.89
0.000362924	114.259
0.000367953	121.871
0.000372981	129.748
0.00037801	137.976
0.000383038	146.738
0.000388067	156.143
0.000393095	166.538
0.000398123	178.017
0.000403152	191.03
0.00040818	205.626
0.000413209	222.232
0.000418237	240.841
0.000423266	261.73
0.000428294	284.847
0.000433323	310.237
0.000438351	337.827
0.000443379	367.432
0.000448408	398.982
0.000453436	432.13
0.000458465	466.83
0.000463493	502.675
0.000468522	539.642
0.00047355	577.352
0.000478578	615.799
0.000483607	654.683
0.000488635	694.005
0.000493664	733.554
0.000498692	773.338
0.000503721	813.229
0.000508749	853.24
0.000513778	893.328
0.000518806	933.509
0.000523834	973.829
0.000528863	1014.31
0.000533891	1055.07
0.00053892	1096.14
0.000543948	1137.72
0.000548977	1179.8
0.000554005	1222.58
0.000559033	1266.07
0.000564062	1310.36
0.00056909	1355.43
0.000574119	1401.2
0.000579147	1447.62
0.000584176	1494.34
0.000589204	1541.32
0.000594233	1587.92
0.000599261	1634.14
0.000604289	1679.19
0.000609318	1723.06
0.000614346	1765
0.000619375	1805.02
0.000624403	1842.61
0.000629432	1877.77
0.00063446	1910.32
0.000639488	1940.26
0.000644517	1967.69
0.000649545	1992.61
0.000654574	2015.28
0.000659602	2035.67
0.000664631	2053.96
0.000669659	2070.14
0.000674688	2084.14
0.000679716	2095.97
0.000684744	2105.49
0.000689773	2112.77
0.000694801	2114.85
0.00069983	2115.4
0.000704858	2114.55
0.000709887	2107.74
0.000714915	2097.28
0.000719943	2083.32
0.000724972	2065.5
0.00073	2043.82
0.000735029	2018.49
0.000740057	1989.49
0.000745086	1957.22
0.000750114	1921.66
0.000755143	1883.28
0.000760171	1842.09
0.000765199	1798.6
0.000770228	1752.81
0.000775256	1705.28
0.000780285	1656.03
0.000785313	1605.59
0.000790342	1554
0.00079537	1501.77
0.000800398	1448.91
0.000805427	1395.86
0.000810455	1342.64
0.000815484	1289.58
0.000820512	1236.7
0.000825541	1184.25
0.000830569	1132.24
0.000835598	1080.89
0.000840626	1030.2
0.000845654	980.376
0.000850683	931.424
0.000855711	883.531
0.00086074	836.713
0.000865768	791.121
0.000870797	746.777
0.000875825	703.764
0.000880853	662.106
0.000885882	621.799
0.00089091	582.86
0.000895939	545.209
0.000900967	508.849
0.000905996	473.663
0.000911024	439.635
0.000916052	406.677
0.000921081	374.758
0.000926109	343.878
0.000931138	314.007
0.000936166	285.258
0.000941195	257.621
0.000946223	231.305
0.000951252	206.33
0.00095628	182.934
0.000961308	161.169
0.000966337	141.217
0.000971365	123.144
0.000976394	107.008
0.000981422	92.868
0.000986451	80.6326
0.000991479	70.3268
0.000996507	61.7321
0.00100154	54.8279
0.00100656	49.3159
0.00101159	45.1315
0.00101662	41.9511
0.00102165	39.6772
0.00102668	38.0084
0.00103171	36.8298
0.00103673	35.8988
0.00104176	35.0995
0.00104679	34.2727
0.00105182	33.3184
0.00105685	32.1707
0.00106188	30.7609
0.00106691	29.1074
0.00107193	27.183
0.00107696	25.0634
0.00108199	22.7631
0.00108702	20.378
0.00109205	17.9528
0.00109708	15.5695
0.0011021	13.2843
0.00110713	11.1452
0.00111216	9.20033
0.00111719	7.46089
0.00112222	5.95441
0.00112725	4.66511
0.00113228	3.59732
0.0011373	2.72253
0.00114233	2.02718
0.00114736	1.48221
0.00115239	1.06495
0.00115742	0.752544
0.00116245	0.512616
0.00116747	0.356253
