0.000500379	2.99047e-113
0.000507922	5.78088e-108
0.000515465	2.31234e-107
0.000523008	3.07971e-102
0.00053055	1.24448e-101
0.000538093	1.14177e-96
0.000545636	4.66168e-96
0.000553179	2.94578e-91
0.000560721	1.2154e-90
0.000568264	5.28898e-86
0.000575807	2.20555e-85
0.00058335	6.60834e-81
0.000590892	2.78571e-80
0.000598435	5.74594e-76
0.000605978	2.44892e-75
0.000613521	3.47678e-71
0.000621063	1.49842e-70
0.000628606	1.46399e-66
0.000636149	6.38135e-66
0.000643692	4.2899e-62
0.000651234	1.89152e-61
0.000658777	8.7479e-58
0.00066632	3.90239e-57
0.000673862	1.2414e-53
0.000681405	5.60362e-53
0.000688948	1.22596e-49
0.000696491	5.60049e-49
0.000704033	8.42574e-46
0.000711576	3.89587e-45
0.000719119	4.03016e-42
0.000726662	1.88626e-41
0.000734204	1.34166e-38
0.000741747	6.35655e-38
0.00074929	3.10888e-35
0.000756833	1.49095e-34
0.000764375	5.01493e-32
0.000771918	2.43405e-31
0.000779461	5.63257e-29
0.000787004	2.76582e-28
0.000794546	4.40608e-26
0.000802089	2.18752e-25
0.000809632	2.40151e-23
0.000817175	1.20427e-22
0.000824717	9.12582e-21
0.00083226	4.61474e-20
0.000839803	2.41993e-18
0.000847345	1.23097e-17
0.000854888	4.4837e-16
0.000862431	2.28585e-15
0.000869974	5.81527e-14
0.000877516	2.95528e-13
0.000885059	5.29299e-12
0.000892602	2.66049e-11
0.000900145	3.39238e-10
0.000907687	1.66817e-09
0.00091523	1.53768e-08
0.000922773	7.28769e-08
0.000930316	4.95496e-07
0.000937858	2.21942e-06
0.000945401	1.14148e-05
0.000952944	4.71572e-05
0.000960487	0.000188986
0.000968029	0.000699949
0.000975572	0.0022573
0.000983115	0.00727208
0.000990658	0.0194811
0.0009982	0.053052
0.00100574	0.121369
0.00101329	0.273177
0.00102083	0.573297
0.00102837	1.04911
0.00103591	1.80964
0.00104346	2.83127
0.001051	4.07637
0.00105854	5.5102
0.00106608	6.86245
0.00107363	8.1379
0.00108117	9.11068
0.00108871	9.82957
0.00109626	10.4375
0.0011038	11.0027
0.00111134	12.2106
0.00111888	14.1524
0.00112643	18.0512
0.00113397	23.8782
0.00114151	32.5496
0.00114906	43.95
0.0011566	57.5083
0.00116414	73.1599
0.00117168	89.3354
0.00117923	106.076
0.00118677	122.5
0.00119431	138.668
0.00120185	154.946
0.0012094	171.361
0.00121694	189.051
0.00122448	208.005
0.00123203	229.233
0.00123957	252.721
0.00124711	278.608
0.00125465	306.895
0.0012622	338.907
0.00126974	374.609
0.00127728	418.434
0.00128482	470.376
0.00129237	533.842
0.00129991	608.985
0.00130745	693.167
0.001315	786.541
0.00132254	882.859
0.00133008	981.974
0.00133762	1081.27
0.00134517	1180.35
0.00135271	1283.63
0.00136025	1391.04
0.00136779	1507.68
0.00137534	1634.23
0.00138288	1766.58
0.00139042	1905.2
0.00139797	2039.81
0.00140551	2169.59
0.00141305	2292.64
0.00142059	2407.86
0.00142814	2524.06
0.00143568	2641.86
0.00144322	2765.1
0.00145076	2895.69
0.00145831	3021.91
0.00146585	3144.14
0.00147339	3246.27
0.00148094	3326.58
0.00148848	3378.97
0.00149602	3405.96
0.00150356	3410.05
0.00151111	3396.41
0.00151865	3372.07
0.00152619	3337.11
0.00153373	3297.36
0.00154128	3254.17
0.00154882	3207.01
0.00155636	3156.87
0.00156391	3098.08
0.00157145	3029.93
0.00157899	2949.16
0.00158653	2854.18
0.00159408	2748.53
0.00160162	2631.8
0.00160916	2510.09
0.0016167	2384.48
0.00162425	2258.3
0.00163179	2132.7
0.00163933	2007.98
0.00164688	1884.65
0.00165442	1761.64
0.00166196	1639
0.0016695	1515.13
0.00167705	1389.31
0.00168459	1262.24
0.00169213	1133.05
0.00169968	1006.31
0.00170722	882.555
0.00171476	766.812
0.0017223	660.867
0.00172985	566.456
0.00173739	485.098
0.00174493	415.084
0.00175247	356.716
0.00176002	306.866
0.00176756	264.648
0.0017751	227.92
0.00178265	195.475
0.00179019	167.12
0.00179773	142.407
0.00180527	121.657
0.00181282	105.193
0.00182036	92.0897
0.0018279	82.3792
0.00183544	74.2911
0.00184299	66.9927
0.00185053	59.7144
0.00185807	51.5849
0.00186562	43.2554
0.00187316	34.7085
0.0018807	26.7005
0.00188824	19.7171
0.00189579	13.842
0.00190333	9.35077
0.00191087	5.96171
0.00191841	3.62905
0.00192596	2.06895
0.0019335	1.09125
0.00194104	0.555827
0.00194859	0.24662
0.00195613	0.111409
0.00196367	0.0434762
0.00197121	0.016142
0.00197876	0.00565257
0.0019863	0.0016625
0.00199384	0.000506046
0.00200138	0.000120562
