0.000166815	4.68419e-06
0.000171844	8.85066e-06
0.000176872	2.13501e-05
0.000181901	4.27802e-05
0.000186929	9.01784e-05
0.000191958	0.000173565
0.000196986	0.0003531
0.000202014	0.000654013
0.000207043	0.00128229
0.000212071	0.00228966
0.0002171	0.0043211
0.000222128	0.00755392
0.000227157	0.0135457
0.000232185	0.0230477
0.000237214	0.0394867
0.000242242	0.065157
0.00024727	0.10708
0.000252299	0.171125
0.000257327	0.270402
0.000262356	0.418179
0.000267384	0.636654
0.000272413	0.952547
0.000277441	1.39986
0.000282469	2.02674
0.000287498	2.88019
0.000292526	4.03807
0.000297555	5.55882
0.000302583	7.55572
0.000307612	10.0939
0.00031264	13.3219
0.000317669	17.3043
0.000322697	22.2168
0.000327725	28.1151
0.000332754	35.1858
0.000337782	43.4673
0.000342811	53.134
0.000347839	64.1975
0.000352868	76.7888
0.000357896	90.8834
0.000362924	106.528
0.000367953	123.656
0.000372981	142.181
0.00037801	162.001
0.000383038	182.86
0.000388067	204.643
0.000393095	226.933
0.000398123	249.641
0.000403152	272.274
0.00040818	294.806
0.000413209	316.829
0.000418237	338.403
0.000423266	359.383
0.000428294	379.897
0.000433323	400.185
0.000438351	420.395
0.000443379	441.132
0.000448408	462.517
0.000453436	485.365
0.000458465	509.748
0.000463493	536.482
0.000468522	565.597
0.00047355	597.77
0.000478578	633.016
0.000483607	671.865
0.000488635	714.345
0.000493664	760.95
0.000498692	811.734
0.000503721	867.295
0.000508749	927.694
0.000513778	993.683
0.000518806	1065.29
0.000523834	1143.28
0.000528863	1227.62
0.000533891	1318.74
0.00053892	1416.5
0.000543948	1520.56
0.000548977	1630.72
0.000554005	1745.44
0.000559033	1864.52
0.000564062	1985.17
0.00056909	2107.24
0.000574119	2227.04
0.000579147	2344.52
0.000584176	2455.78
0.000589204	2560.87
0.000594233	2656.54
0.000599261	2742.9
0.000604289	2818.01
0.000609318	2882
0.000614346	2934.51
0.000619375	2975.66
0.000624403	3006.85
0.000629432	3028.01
0.00063446	3039.26
0.000639488	3044.52
0.000644517	3044.13
0.000649545	3038.15
0.000654574	3029.37
0.000659602	3017.74
0.000664631	3005.29
0.000669659	2991.99
0.000674688	2979.1
0.000679716	2966.64
0.000684744	2955.18
0.000689773	2944.72
0.000694801	2935.37
0.00069983	2927.14
0.000704858	2919.82
0.000709887	2913.44
0.000714915	2907.51
0.000719943	2902.06
0.000724972	2896.14
0.00073	2889.81
0.000735029	2881.53
0.000740057	2871.32
0.000745086	2857.11
0.000750114	2838.91
0.000755143	2814.56
0.000760171	2783.98
0.000765199	2745.62
0.000770228	2699.34
0.000775256	2644.81
0.000780285	2581.88
0.000785313	2511.7
0.000790342	2434.15
0.00079537	2351.61
0.000800398	2264.04
0.000805427	2174.34
0.000810455	2082.62
0.000815484	1991.49
0.000820512	1901.16
0.000825541	1813.36
0.000830569	1728.35
0.000835598	1646.75
0.000840626	1568.76
0.000845654	1494.1
0.000850683	1422.84
0.000855711	1354.18
0.00086074	1288.08
0.000865768	1223.68
0.000870797	1160.85
0.000875825	1099.08
0.000880853	1038.21
0.000885882	978.251
0.00089091	919.084
0.000895939	861.183
0.000900967	804.53
0.000905996	749.832
0.000911024	697.168
0.000916052	647.17
0.000921081	599.984
0.000926109	555.914
0.000931138	515.108
0.000936166	477.439
0.000941195	442.991
0.000946223	411.283
0.000951252	382.294
0.00095628	355.389
0.000961308	330.449
0.000966337	306.917
0.000971365	284.622
0.000976394	263.247
0.000981422	242.636
0.000986451	222.746
0.000991479	203.493
0.000996507	185.023
0.00100154	167.34
0.00100656	150.634
0.00101159	134.97
0.00101662	120.459
0.00102165	107.177
0.00102668	95.0995
0.00103171	84.2669
0.00103673	74.5433
0.00104176	65.9119
0.00104679	58.1941
0.00105182	51.3263
0.00105685	45.1543
0.00106188	39.5976
0.00106691	34.561
0.00107193	29.9766
0.00107696	25.8055
0.00108199	22.0077
0.00108702	18.5745
0.00109205	15.4916
0.00109708	12.7528
0.0011021	10.3558
0.00110713	8.28165
0.00111216	6.52569
0.00111719	5.05516
0.00112222	3.85533
0.00112725	2.88748
0.00113228	2.12707
0.0011373	1.53854
0.00114233	1.09283
0.00114736	0.763054
0.00115239	0.521764
0.00115742	0.351726
0.00116245	0.224763
0.00116747	0.150524
