3.33898e-05	339.34
3.48982e-05	368.132
3.64066e-05	400.018
3.7915e-05	434.945
3.94234e-05	473.072
4.09318e-05	514.529
4.24402e-05	559.373
4.39487e-05	607.731
4.54571e-05	659.558
4.69655e-05	714.915
4.84739e-05	773.631
4.99823e-05	835.62
5.14907e-05	900.606
5.29991e-05	968.313
5.45076e-05	1038.42
5.6016e-05	1110.5
5.75244e-05	1184.28
5.90328e-05	1259.25
6.05412e-05	1335.35
6.20496e-05	1412.16
6.3558e-05	1489.85
6.50665e-05	1568.31
6.65749e-05	1647.94
6.80833e-05	1729.09
6.95917e-05	1812.33
7.11001e-05	1898.5
7.26085e-05	1988.23
7.41169e-05	2082.8
7.56253e-05	2182.79
7.71338e-05	2289.7
7.86422e-05	2403.96
8.01506e-05	2527.05
8.1659e-05	2659.18
8.31674e-05	2801.56
8.46758e-05	2954.15
8.61842e-05	3117.61
8.76927e-05	3291.65
8.92011e-05	3476.21
9.07095e-05	3670.76
9.22179e-05	3874.37
9.37263e-05	4086.32
9.52347e-05	4304.76
9.67431e-05	4528.88
9.82516e-05	4755.95
9.976e-05	4985.19
0.000101268	5213.24
0.000102777	5439.45
0.000104285	5660.21
0.000105794	5875.1
0.000107302	6080.74
0.00010881	6276.98
0.000110319	6461.16
0.000111827	6633.37
0.000113336	6792.02
0.000114844	6937.35
0.000116353	7068.97
0.000117861	7187.19
0.000119369	7292.69
0.000120878	7385.74
0.000122386	7467.78
0.000123895	7539.03
0.000125403	7601.27
0.000126911	7654.64
0.00012842	7700.95
0.000129928	7740.27
0.000131437	7774.19
0.000132945	7802.73
0.000134453	7827.16
0.000135962	7847.45
0.00013747	7864.53
0.000138979	7878.35
0.000140487	7889.47
0.000141996	7897.83
0.000143504	7903.7
0.000145012	7906.92
0.000146521	7906.75
0.000148029	7904.14
0.000149538	7898.72
0.000151046	7888.75
0.000152554	7874.52
0.000154063	7855.85
0.000155571	7831.63
0.00015708	7801.85
0.000158588	7765.59
0.000160097	7722.88
0.000161605	7673.21
0.000163113	7616.63
0.000164622	7553.23
0.00016613	7483.05
0.000167639	7406.82
0.000169147	7324.59
0.000170655	7237.57
0.000172164	7145.76
0.000173672	7050.56
0.000175181	6951.95
0.000176689	6851.14
0.000178197	6748.12
0.000179706	6643.63
0.000181214	6537.65
0.000182723	6430.38
0.000184231	6321.8
0.00018574	6211.62
0.000187248	6099.84
0.000188756	5985.9
0.000190265	5869.8
0.000191773	5751.02
0.000193282	5629.55
0.00019479	5505.13
0.000196298	5377.74
0.000197807	5247.56
0.000199315	5114.55
0.000200824	4979.32
0.000202332	4841.85
0.000203841	4703.09
0.000205349	4563.04
0.000206857	4422.8
0.000208366	4282.39
0.000209874	4142.88
0.000211383	4004.29
0.000212891	3867.45
0.000214399	3732.4
0.000215908	3599.61
0.000217416	3469.12
0.000218925	3341.05
0.000220433	3215.42
0.000221941	3092.08
0.00022345	2971.05
0.000224958	2852.1
0.000226467	2735.19
0.000227975	2620.17
0.000229484	2507.01
0.000230992	2395.7
0.0002325	2286.2
0.000234009	2178.69
0.000235517	2073.15
0.000237026	1969.84
0.000238534	1868.76
0.000240042	1770.22
0.000241551	1674.24
0.000243059	1581.05
0.000244568	1490.7
0.000246076	1403.38
0.000247585	1319.1
0.000249093	1238.02
0.000250601	1160.14
0.00025211	1085.56
0.000253618	1014.3
0.000255127	946.4
0.000256635	881.874
0.000258143	820.685
0.000259652	762.853
0.00026116	708.24
0.000262669	656.853
0.000264177	608.454
0.000265685	563.029
0.000267194	520.265
0.000268702	480.12
0.000270211	442.265
0.000271719	406.632
0.000273228	372.935
0.000274736	341.094
0.000276244	310.915
0.000277753	282.322
0.000279261	255.227
0.00028077	229.579
0.000282278	205.374
0.000283786	182.592
0.000285295	161.272
0.000286803	141.422
0.000288312	123.076
0.00028982	106.256
0.000291329	90.9535
0.000292837	77.1865
0.000294345	64.8883
0.000295854	54.0592
0.000297362	44.5789
0.000298871	36.4213
0.000300379	29.433
0.000301887	23.5618
0.000303396	18.6462
0.000304904	14.615
0.000306413	11.32
0.000307921	8.68205
0.000309429	6.57926
0.000310938	4.9349
0.000312446	3.65799
0.000313955	2.68189
0.000315463	1.94437
0.000316972	1.39267
0.00031848	0.98759
0.000319988	0.69068
0.000321497	0.479148
0.000323005	0.326999
0.000324514	0.221986
0.000326022	0.14774
0.00032753	0.098184
0.000329039	0.0636785
0.000330547	0.0414503
0.000332056	0.0250553
0.000333564	0.0167004
