3.33898e-05	2.16835e-27
3.59039e-05	2.90886e-26
3.8418e-05	1.09849e-25
4.09322e-05	1.32999e-24
4.34463e-05	4.92552e-24
4.59604e-05	5.29297e-23
4.84746e-05	1.95484e-22
5.09887e-05	1.86771e-21
5.35028e-05	6.86745e-21
5.6017e-05	5.84514e-20
5.85311e-05	2.13566e-19
6.10452e-05	1.62289e-18
6.35594e-05	5.87965e-18
6.60735e-05	3.99883e-17
6.85877e-05	1.43314e-16
7.11018e-05	8.74735e-16
7.36159e-05	3.09301e-15
7.61301e-05	1.69934e-14
7.86442e-05	5.9113e-14
8.11583e-05	2.93299e-13
8.36725e-05	1.00057e-12
8.61866e-05	4.49923e-12
8.87007e-05	1.50018e-11
9.12149e-05	6.13677e-11
9.3729e-05	1.99274e-10
9.62431e-05	7.44541e-10
9.87573e-05	2.34563e-09
0.000101271	8.03818e-09
0.000103786	2.44728e-08
0.0001063	7.72529e-08
0.000108814	2.26387e-07
0.000111328	6.61184e-07
0.000113842	1.85745e-06
0.000116356	5.04125e-06
0.00011887	1.35227e-05
0.000121384	3.42542e-05
0.000123899	8.7399e-05
0.000126413	0.000207493
0.000128927	0.000501768
0.000131441	0.00112089
0.000133955	0.0025607
0.000136469	0.00540214
0.000138983	0.0116261
0.000141498	0.0232387
0.000144012	0.0470068
0.000146526	0.0892775
0.00014904	0.169452
0.000151554	0.312291
0.000154068	0.551349
0.000156582	0.963695
0.000159096	1.60329
0.000161611	2.64493
0.000164125	4.16682
0.000166639	6.48986
0.000169153	9.70218
0.000171667	14.2837
0.000174181	20.2985
0.000176695	28.3026
0.00017921	38.2969
0.000181724	50.7111
0.000184238	65.469
0.000186752	82.6285
0.000189266	102.075
0.00019178	123.393
0.000194294	146.513
0.000196809	170.777
0.000199323	196.236
0.000201837	222.539
0.000204351	249.86
0.000206865	278.712
0.000209379	309.296
0.000211893	343.086
0.000214407	380.186
0.000216922	422.437
0.000219436	469.788
0.00022195	523.499
0.000224464	583.422
0.000226978	649.618
0.000229492	721.961
0.000232006	799.519
0.000234521	882.273
0.000237035	969.161
0.000239549	1060.27
0.000242063	1155.38
0.000244577	1254.64
0.000247091	1359.32
0.000249605	1469.55
0.000252119	1588.23
0.000254634	1715.44
0.000257148	1855.13
0.000259662	2007.27
0.000262176	2175.32
0.00026469	2359.13
0.000267204	2559.46
0.000269718	2776.15
0.000272233	3005.76
0.000274747	3248.23
0.000277261	3496.61
0.000279775	3750.95
0.000282289	4003.98
0.000284803	4255.75
0.000287317	4502.44
0.000289831	4744.02
0.000292346	4981.71
0.00029486	5215.44
0.000297374	5449.44
0.000299888	5683.71
0.000302402	5920.96
0.000304916	6161.4
0.00030743	6402.25
0.000309945	6643.82
0.000312459	6877.23
0.000314973	7102.68
0.000317487	7308.4
0.000320001	7494.21
0.000322515	7650.64
0.000325029	7777.15
0.000327544	7872.47
0.000330058	7938.52
0.000332572	7951.57
0.000335086	7949.84
0.0003376	7941.3
0.000340114	7892.57
0.000342628	7827.77
0.000345142	7750.24
0.000347657	7660.72
0.000350171	7559.66
0.000352685	7447.58
0.000355199	7324.63
0.000357713	7190.72
0.000360227	7045.69
0.000362741	6890.76
0.000365256	6725.76
0.00036777	6553.36
0.000370284	6373.62
0.000372798	6189.51
0.000375312	6001.36
0.000377826	5811.13
0.00038034	5619.22
0.000382854	5426.15
0.000385369	5232.16
0.000387883	5036.87
0.000390397	4840.27
0.000392911	4642.13
0.000395425	4442.28
0.000397939	4241.35
0.000400453	4039.25
0.000402968	3837.29
0.000405482	3635.56
0.000407996	3435.47
0.00041051	3237.22
0.000413024	3041.91
0.000415538	2849.72
0.000418052	2661.66
0.000420566	2477.84
0.000423081	2299.46
0.000425595	2126.68
0.000428109	1960.84
0.000430623	1802.23
0.000433137	1651.85
0.000435651	1510.09
0.000438165	1377.2
0.00044068	1253.47
0.000443194	1138.36
0.000445708	1031.93
0.000448222	933.174
0.000450736	841.884
0.00045325	757.117
0.000455764	678.524
0.000458279	605.533
0.000460793	537.844
0.000463307	475.227
0.000465821	417.538
0.000468335	364.624
0.000470849	316.444
0.000473363	272.723
0.000475877	233.4
0.000478392	198.092
0.000480906	166.657
0.00048342	138.741
0.000485934	114.163
0.000488448	92.6619
0.000490962	74.0879
0.000493476	58.2098
0.000495991	44.9144
0.000498505	33.9208
0.000501019	25.0999
0.000503533	18.117
0.000506047	12.7867
0.000508561	8.7857
0.000511075	5.88645
0.000513589	3.84219
0.000516104	2.43259
0.000518618	1.50814
0.000521132	0.897806
0.000523646	0.529638
0.00052616	0.294291
0.000528674	0.166082
0.000531188	0.0763412
0.000533703	0.0464276
