3.33898e-05	37.2696
3.52334e-05	42.1214
3.70771e-05	47.5561
3.89207e-05	53.5981
4.07644e-05	60.1761
4.2608e-05	67.2374
4.44517e-05	74.7392
4.62953e-05	82.6196
4.8139e-05	90.8631
4.99827e-05	99.4203
5.18263e-05	108.313
5.367e-05	117.528
5.55136e-05	127.121
5.73573e-05	137.132
5.92009e-05	147.64
6.10446e-05	158.735
6.28882e-05	170.496
6.47319e-05	183.049
6.65755e-05	196.448
6.84192e-05	210.82
7.02628e-05	226.18
7.21065e-05	242.618
7.39502e-05	260.108
7.57938e-05	278.673
7.76375e-05	298.257
7.94811e-05	318.803
8.13248e-05	340.242
8.31684e-05	362.453
8.50121e-05	385.368
8.68557e-05	408.828
8.86994e-05	432.778
9.0543e-05	457.05
9.23867e-05	481.605
9.42303e-05	506.289
9.6074e-05	531.077
9.79177e-05	555.841
9.97613e-05	580.572
0.000101605	605.175
0.000103449	629.66
0.000105292	653.983
0.000107136	678.184
0.00010898	702.302
0.000110823	726.415
0.000112667	750.691
0.000114511	775.251
0.000116354	800.437
0.000118198	826.393
0.000120042	853.66
0.000121885	882.379
0.000123729	913.249
0.000125572	946.38
0.000127416	982.532
0.00012926	1021.76
0.000131103	1064.73
0.000132947	1111.44
0.000134791	1162.3
0.000136634	1217.25
0.000138478	1276.33
0.000140322	1339.43
0.000142165	1406.16
0.000144009	1476.39
0.000145853	1549.34
0.000147696	1624.85
0.00014954	1701.84
0.000151384	1780.19
0.000153227	1858.6
0.000155071	1936.99
0.000156915	2014.02
0.000158758	2089.64
0.000160602	2162.55
0.000162446	2232.73
0.000164289	2299.05
0.000166133	2361.5
0.000167977	2419.16
0.00016982	2472.04
0.000171664	2519.48
0.000173507	2561.51
0.000175351	2597.78
0.000177195	2628.32
0.000179038	2653.09
0.000180882	2672.13
0.000182726	2686.22
0.000184569	2694.95
0.000186413	2695.76
0.000188257	2694.72
0.0001901	2691.23
0.000191944	2681.03
0.000193788	2668.16
0.000195631	2652.42
0.000197475	2634.54
0.000199319	2614.51
0.000201162	2593.29
0.000203006	2570.85
0.00020485	2548.06
0.000206693	2524.91
0.000208537	2502.09
0.000210381	2479.59
0.000212224	2457.89
0.000214068	2436.98
0.000215912	2417.03
0.000217755	2398.05
0.000219599	2379.88
0.000221442	2362.53
0.000223286	2345.53
0.00022513	2328.9
0.000226973	2311.94
0.000228817	2294.65
0.000230661	2276.27
0.000232504	2256.79
0.000234348	2235.53
0.000236192	2212.48
0.000238035	2187.21
0.000239879	2159.7
0.000241723	2129.86
0.000243566	2097.67
0.00024541	2063.4
0.000247254	2027.03
0.000249097	1989.07
0.000250941	1949.53
0.000252785	1909.02
0.000254628	1867.57
0.000256472	1825.72
0.000258316	1783.5
0.000260159	1741.25
0.000262003	1699.02
0.000263847	1656.89
0.00026569	1614.89
0.000267534	1572.86
0.000269377	1530.84
0.000271221	1488.51
0.000273065	1445.87
0.000274908	1402.62
0.000276752	1358.72
0.000278596	1313.97
0.000280439	1268.33
0.000282283	1221.77
0.000284127	1174.26
0.00028597	1125.96
0.000287814	1076.87
0.000289658	1027.34
0.000291501	977.357
0.000293345	927.403
0.000295189	877.502
0.000297032	828.149
0.000298876	779.398
0.00030072	731.69
0.000302563	685.095
0.000304407	639.947
0.000306251	596.314
0.000308094	554.395
0.000309938	514.25
0.000311782	475.943
0.000313625	439.514
0.000315469	404.927
0.000317312	372.195
0.000319156	341.224
0.000321	312.006
0.000322843	284.429
0.000324687	258.472
0.000326531	234.036
0.000328374	211.095
0.000330218	189.58
0.000332062	169.468
0.000333905	150.715
0.000335749	133.304
0.000337593	117.204
0.000339436	102.406
0.00034128	88.8689
0.000343124	76.5879
0.000344967	65.5019
0.000346811	55.6018
0.000348655	46.8018
0.000350498	39.0831
0.000352342	32.3389
0.000354186	26.5385
0.000356029	21.5644
0.000357873	17.3743
0.000359717	13.8524
0.00036156	10.9485
0.000363404	8.55903
0.000365247	6.63129
0.000367091	5.08021
0.000368935	3.85572
0.000370778	2.89347
0.000372622	2.1499
0.000374466	1.5799
0.000376309	1.14851
0.000378153	0.826357
0.000379997	0.587358
0.00038184	0.413744
0.000383684	0.287353
0.000385528	0.198182
0.000387371	0.134399
0.000389215	0.0907703
0.000391059	0.0600617
0.000392902	0.0397352
0.000394746	0.0256326
0.00039659	0.0166185
0.000398433	0.009977
0.000400277	0.00663826
