0.000500379	2.69616e-19
0.000510437	2.35259e-18
0.000520494	8.60153e-18
0.000530551	6.78048e-17
0.000540608	2.38954e-16
0.000550665	1.65993e-15
0.000560722	5.78056e-15
0.000570779	3.54972e-14
0.000580836	1.21775e-13
0.000590893	6.63355e-13
0.00060095	2.23404e-12
0.000611007	1.08372e-11
0.000621064	3.56937e-11
0.000631121	1.54841e-10
0.000641178	4.96683e-10
0.000651235	1.9356e-09
0.000661292	6.01981e-09
0.000671349	2.11772e-08
0.000681406	6.35528e-08
0.000691463	2.0285e-07
0.00070152	5.84485e-07
0.000711577	1.70158e-06
0.000721634	4.68322e-06
0.000731691	1.25018e-05
0.000741748	3.26965e-05
0.000751806	8.04587e-05
0.000761863	0.000198934
0.00077192	0.000453575
0.000781977	0.00105498
0.000792034	0.00223947
0.000802091	0.00487739
0.000812148	0.00968192
0.000822205	0.0196629
0.000832262	0.0369709
0.000842319	0.0693755
0.000852376	0.125064
0.000862433	0.215271
0.00087249	0.362567
0.000882547	0.581568
0.000892604	0.913048
0.000902661	1.36884
0.000912718	2.0016
0.000922775	2.80929
0.000932832	3.82834
0.000942889	5.03557
0.000952946	6.40835
0.000963003	7.91066
0.00097306	9.43967
0.000983117	10.9722
0.000993175	12.3694
0.00100323	13.646
0.00101329	14.7337
0.00102335	15.6828
0.0010334	16.5863
0.00104346	17.4934
0.00105352	18.6314
0.00106357	20.0045
0.00107363	21.809
0.00108369	23.9912
0.00109374	26.5229
0.0011038	29.3254
0.00111386	32.0868
0.00112392	34.7574
0.00113397	36.989
0.00114403	38.6468
0.00115409	39.0171
0.00116414	39.1382
0.0011742	38.7285
0.00118426	37.1515
0.00119432	35.3061
0.00120437	33.1327
0.00121443	30.9989
0.00122449	28.901
0.00123454	27.1357
0.0012446	25.6921
0.00125466	24.7588
0.00126471	24.3154
0.00127477	24.421
0.00128483	25.2629
0.00129489	26.8601
0.00130494	29.2897
0.001315	32.6864
0.00132506	37.0434
0.00133511	42.4209
0.00134517	48.8004
0.00135523	56.0446
0.00136529	64.1376
0.00137534	72.7526
0.0013854	81.8844
0.00139546	91.1298
0.00140551	100.496
0.00141557	109.69
0.00142563	118.726
0.00143568	127.604
0.00144574	136.339
0.0014558	145.344
0.00146586	154.624
0.00147591	165.004
0.00148597	176.48
0.00149603	190.106
0.00150608	205.874
0.00151614	224.67
0.0015262	246.492
0.00153625	271.558
0.00154631	299.884
0.00155637	330.722
0.00156643	364.1
0.00157648	398.505
0.00158654	433.947
0.0015966	468.859
0.00160665	503.207
0.00161671	536.211
0.00162677	567.798
0.00163683	598.457
0.00164688	628.11
0.00165694	658.391
0.001667	689.257
0.00167705	722.945
0.00168711	759.468
0.00169717	801.056
0.00170722	847.787
0.00171728	901.318
0.00172734	961.799
0.0017374	1029.72
0.00174745	1105.29
0.00175751	1187.4
0.00176757	1276.22
0.00177762	1369.16
0.00178768	1466.27
0.00179774	1564.2
0.00180779	1662.83
0.00181785	1758.77
0.00182791	1851.85
0.00183797	1938.9
0.00184802	2019.72
0.00185808	2091.34
0.00186814	2153.51
0.00187819	2204.02
0.00188825	2243.3
0.00189831	2265.4
0.00190837	2275.68
0.00191842	2276.86
0.00192848	2262.19
0.00193854	2237.32
0.00194859	2203.46
0.00195865	2163.59
0.00196871	2118.34
0.00197876	2069.83
0.00198882	2018.87
0.00199888	1965.05
0.00200894	1908.82
0.00201899	1848.04
0.00202905	1782.47
0.00203911	1710.34
0.00204916	1630.94
0.00205922	1544.64
0.00206928	1450.84
0.00207933	1352.32
0.00208939	1249.15
0.00209945	1145.21
0.00210951	1041.28
0.00211956	940.734
0.00212962	844.68
0.00213968	754.88
0.00214973	672.291
0.00215979	597.044
0.00216985	529.605
0.00217991	469.119
0.00218996	415.556
0.00220002	367.814
0.00221008	325.573
0.00222013	287.921
0.00223019	254.484
0.00224025	224.611
0.0022503	197.994
0.00226036	174.144
0.00227042	152.82
0.00228048	133.627
0.00229053	116.351
0.00230059	100.712
0.00231065	86.5204
0.0023207	73.6425
0.00233076	61.9491
0.00234082	51.42
0.00235088	42.0071
0.00236093	33.7124
0.00237099	26.5409
0.00238105	20.4383
0.0023911	15.404
0.00240116	11.3134
0.00241122	8.11739
0.00242127	5.66134
0.00243133	3.84762
0.00244139	2.54168
0.00245145	1.62797
0.0024615	1.01784
0.00247156	0.61091
0.00248162	0.36196
0.00249167	0.186673
0.00250173	0.113924
