0.000500379	1.7105e-83
0.000507922	2.28392e-80
0.000515465	9.13056e-80
0.000523008	9.93347e-77
0.00053055	4.01029e-76
0.000538093	3.5538e-73
0.000545636	1.44929e-72
0.000553179	1.04603e-69
0.000560721	4.30963e-69
0.000568264	2.53312e-66
0.000575807	1.05445e-65
0.00058335	5.04703e-63
0.000590892	2.12283e-62
0.000598435	8.27354e-60
0.000605978	3.51647e-59
0.000613521	1.11592e-56
0.000621063	4.79294e-56
0.000628606	1.23844e-53
0.000636149	5.37528e-53
0.000643692	1.13093e-50
0.000651234	4.96027e-50
0.000658777	8.49832e-48
0.00066632	3.7663e-47
0.000673862	5.2553e-45
0.000681405	2.35306e-44
0.000688948	2.67463e-42
0.000696491	1.20965e-41
0.000704033	1.12041e-39
0.000711576	5.11679e-39
0.000719119	3.86359e-37
0.000726662	1.78095e-36
0.000734204	1.09692e-34
0.000741747	5.10065e-34
0.00074929	2.5646e-32
0.000756833	1.20206e-31
0.000764375	4.93885e-30
0.000771918	2.3311e-29
0.000779461	7.8366e-28
0.000787004	3.71996e-27
0.000794546	1.02491e-25
0.000802089	4.88511e-25
0.000809632	1.10534e-23
0.000817175	5.2794e-23
0.000824717	9.83536e-22
0.00083226	4.6956e-21
0.000839803	7.22519e-20
0.000847345	3.43734e-19
0.000854888	4.38529e-18
0.000862431	2.07117e-17
0.000869974	2.20097e-16
0.000877516	1.02735e-15
0.000885059	9.14365e-15
0.000892602	4.19558e-14
0.000900145	3.14763e-13
0.000907687	1.41096e-12
0.00091523	8.98881e-12
0.000922773	3.9083e-11
0.000930316	2.13201e-10
0.000937858	8.91952e-10
0.000945401	4.20478e-09
0.000952944	1.67781e-08
0.000960487	6.90293e-08
0.000968029	2.60258e-07
0.000975572	9.44196e-07
0.000983115	3.33118e-06
0.000990658	1.07684e-05
0.0009982	3.52108e-05
0.00100574	0.000102454
0.00101329	0.000307665
0.00102083	0.000813484
0.00102837	0.00222521
0.00103591	0.00539149
0.00104346	0.0133435
0.001051	0.0298342
0.00105854	0.0664796
0.00106608	0.137897
0.00107363	0.275925
0.00108117	0.543938
0.00108871	0.978906
0.00109626	1.76195
0.0011038	2.9104
0.00111134	4.73314
0.00111888	7.23276
0.00112643	10.7274
0.00113397	15.2003
0.00114151	20.7769
0.00114906	27.4355
0.0011566	35.0161
0.00116414	43.5173
0.00117168	52.7356
0.00117923	62.696
0.00118677	73.6132
0.00119431	85.5152
0.00120185	99.2523
0.0012094	114.831
0.00121694	133.44
0.00122448	155.065
0.00123203	180.709
0.00123957	210.356
0.00124711	244.513
0.00125465	283.174
0.0012622	326.338
0.00126974	374.008
0.00127728	425.884
0.00128482	481.967
0.00129237	542.118
0.00129991	606.318
0.00130745	675.074
0.001315	748.355
0.00132254	827.352
0.00133008	912.047
0.00133762	1003.89
0.00134517	1102.9
0.00135271	1210.29
0.00136025	1326.1
0.00136779	1450.88
0.00137534	1584.74
0.00138288	1726.8
0.00139042	1877.31
0.00139797	2032.62
0.00140551	2193.09
0.00141305	2351.1
0.00142059	2506.77
0.00142814	2650.36
0.00143568	2781.22
0.00144322	2893.72
0.00145076	2986.56
0.00145831	3063.89
0.00146585	3124.88
0.00147339	3180.49
0.00148094	3231.55
0.00148848	3284.85
0.00149602	3342.43
0.00150356	3398.78
0.00151111	3455.21
0.00151865	3496.6
0.00152619	3520.43
0.00153373	3523.48
0.00154128	3489.72
0.00154882	3422.06
0.00155636	3320.5
0.00156391	3193.55
0.00157145	3040.69
0.00157899	2877.17
0.00158653	2704.76
0.00159408	2535.37
0.00160162	2371.63
0.00160916	2218.48
0.0016167	2077.79
0.00162425	1949.55
0.00163179	1834.45
0.00163933	1730.48
0.00164688	1637.79
0.00165442	1553.05
0.00166196	1476.11
0.0016695	1402.4
0.00167705	1331.1
0.00168459	1258.34
0.00169213	1182.63
0.00169968	1103.53
0.00170722	1019.85
0.00171476	934.819
0.0017223	848.618
0.00172985	765.181
0.00173739	685.896
0.00174493	612.253
0.00175247	545.493
0.00176002	484.463
0.00176756	429.239
0.0017751	378.355
0.00178265	331.116
0.00179019	287.445
0.00179773	246.967
0.00180527	210.378
0.00181282	177.972
0.00182036	149.751
0.0018279	126.049
0.00183544	105.911
0.00184299	89.1267
0.00185053	74.7046
0.00185807	62.0689
0.00186562	50.8882
0.00187316	40.7602
0.0018807	31.8224
0.00188824	24.0396
0.00189579	17.4906
0.00190333	12.2748
0.00191087	8.21751
0.00191841	5.30081
0.00192596	3.24949
0.0019335	1.90718
0.00194104	1.07278
0.00194859	0.558843
0.00195613	0.295233
0.00196367	0.138325
0.00197121	0.0674337
0.00197876	0.0291137
0.0019863	0.0127422
0.00199384	0.00467783
0.00200138	0.0019897
