3.33898e-05	8.64279e-07
3.55687e-05	2.02917e-06
3.77476e-05	5.52386e-06
3.99264e-05	1.32737e-05
4.21053e-05	3.18722e-05
4.42842e-05	7.20066e-05
4.64631e-05	0.000166034
4.8642e-05	0.000353768
5.08209e-05	0.000780996
5.29998e-05	0.00157413
5.51787e-05	0.00331769
5.73576e-05	0.00634364
5.95365e-05	0.0127304
6.17154e-05	0.0231535
6.38943e-05	0.0441346
6.60732e-05	0.0782472
6.82521e-05	0.138841
7.0431e-05	0.236006
7.26099e-05	0.394997
7.47888e-05	0.641405
7.69677e-05	1.01653
7.91465e-05	1.57356
8.13254e-05	2.36788
8.35043e-05	3.49036
8.56832e-05	4.99733
8.78621e-05	7.01278
9.0041e-05	9.56949
9.22199e-05	12.7916
9.43988e-05	16.6624
9.65777e-05	21.244
9.87566e-05	26.46
0.000100935	32.2447
0.000103114	38.4809
0.000105293	44.949
0.000107472	51.5338
0.000109651	57.9079
0.00011183	64.0024
0.000114009	69.4885
0.000116188	74.3675
0.000118367	78.4279
0.000120546	81.7399
0.000122724	84.2946
0.000124903	86.217
0.000127082	87.7418
0.000129261	89.0296
0.00013144	90.5639
0.000133619	92.512
0.000135798	95.5659
0.000137977	99.861
0.000140156	106.186
0.000142334	114.614
0.000144513	125.862
0.000146692	139.944
0.000148871	157.367
0.00015105	178.125
0.000153229	202.514
0.000155408	230.567
0.000157587	262.537
0.000159766	298.529
0.000161945	339.024
0.000164123	384.198
0.000166302	434.983
0.000168481	491.599
0.00017066	555.528
0.000172839	626.989
0.000175018	707.967
0.000177197	798.647
0.000179376	901.35
0.000181555	1016.2
0.000183733	1145.58
0.000185912	1289.52
0.000188091	1450.1
0.00019027	1627.21
0.000192449	1822.09
0.000194628	2034.5
0.000196807	2264.16
0.000198986	2510.76
0.000201165	2771.97
0.000203344	3047.44
0.000205522	3332.62
0.000207701	3627.22
0.00020988	3924.92
0.000212059	4225.56
0.000214238	4522.05
0.000216417	4814.41
0.000218596	5096.01
0.000220775	5366.98
0.000222954	5622.17
0.000225132	5861.73
0.000227311	6082.55
0.00022949	6284.77
0.000231669	6467.54
0.000233848	6630.98
0.000236027	6776.64
0.000238206	6904.61
0.000240385	7018.57
0.000242564	7118.54
0.000244743	7209.23
0.000246921	7290.6
0.0002491	7366.43
0.000251279	7436.69
0.000253458	7502.36
0.000255637	7563.45
0.000257816	7617.7
0.000259995	7665.18
0.000262174	7702.86
0.000264353	7731.12
0.000266531	7735.94
0.00026871	7733.73
0.000270889	7725.72
0.000273068	7694.21
0.000275247	7652.77
0.000277426	7601.96
0.000279605	7546.15
0.000281784	7485.37
0.000283963	7424.86
0.000286142	7364.86
0.00028832	7307.68
0.000290499	7253.74
0.000292678	7200.84
0.000294857	7149.42
0.000297036	7092.76
0.000299215	7031.09
0.000301394	6955.07
0.000303573	6864.46
0.000305752	6750.66
0.00030793	6612.91
0.000310109	6447.05
0.000312288	6252.03
0.000314467	6030.4
0.000316646	5781.3
0.000318825	5513.61
0.000321004	5227.1
0.000323183	4933.95
0.000325362	4634.78
0.00032754	4341.03
0.000329719	4053.91
0.000331898	3781.21
0.000334077	3524.26
0.000336256	3286.34
0.000338435	3068.46
0.000340614	2870.22
0.000342793	2692.14
0.000344972	2531.42
0.000347151	2388.16
0.000349329	2258.26
0.000351508	2141.45
0.000353687	2033.35
0.000355866	1933.34
0.000358045	1837.77
0.000360224	1745.81
0.000362403	1655.33
0.000364582	1565.56
0.000366761	1476.1
0.000368939	1386.5
0.000371118	1297.58
0.000373297	1209.31
0.000375476	1122.87
0.000377655	1038.51
0.000379834	957.071
0.000382013	878.876
0.000384192	804.212
0.000386371	733.281
0.00038855	666.002
0.000390728	602.419
0.000392907	542.364
0.000395086	485.79
0.000397265	432.604
0.000399444	382.752
0.000401623	336.227
0.000403802	293.01
0.000405981	253.125
0.00040816	216.583
0.000410338	183.371
0.000412517	153.513
0.000414696	126.909
0.000416875	103.568
0.000419054	83.277
0.000421233	66.0011
0.000423412	51.42
0.000425591	39.4349
0.00042777	29.6627
0.000429949	21.9388
0.000432127	15.8855
0.000434306	11.2951
0.000436485	7.85514
0.000438664	5.35334
0.000440843	3.57066
0.000443022	2.32531
0.000445201	1.48679
0.00044738	0.922191
0.000449559	0.56553
0.000451737	0.332838
0.000453916	0.196081
0.000456095	0.108851
0.000458274	0.0618827
0.000460453	0.0321428
0.000462632	0.0177574
0.000464811	0.00790577
0.00046699	0.0046219
