0.000166815	5.01895e-40
0.00017352	3.16849e-38
0.000180225	1.25234e-37
0.000186929	6.6603e-36
0.000193634	2.63999e-35
0.000200339	1.17877e-33
0.000207043	4.70173e-33
0.000213748	1.76375e-31
0.000220453	7.07437e-31
0.000227157	2.23151e-29
0.000233862	8.99285e-29
0.000240566	2.38782e-27
0.000247271	9.65806e-27
0.000253976	2.1615e-25
0.00026068	8.76336e-25
0.000267385	1.65571e-23
0.00027409	6.71808e-23
0.000280794	1.07359e-21
0.000287499	4.35133e-21
0.000294204	5.8951e-20
0.000300908	2.38128e-19
0.000307613	2.74245e-18
0.000314317	1.10109e-17
0.000321022	1.08144e-16
0.000327727	4.30206e-16
0.000334431	3.6169e-15
0.000341136	1.42032e-14
0.000347841	1.02662e-13
0.000354545	3.96261e-13
0.00036125	2.47462e-12
0.000367955	9.34299e-12
0.000374659	5.06915e-11
0.000381364	1.86182e-10
0.000388068	8.83062e-10
0.000394773	3.13604e-09
0.000401478	1.30906e-08
0.000408182	4.4655e-08
0.000414887	1.65234e-07
0.000421592	5.37614e-07
0.000428296	1.77671e-06
0.000435001	5.47349e-06
0.000441706	1.62803e-05
0.00044841	4.71357e-05
0.000455115	0.000127148
0.000461819	0.000343441
0.000468524	0.000846342
0.000475229	0.00211799
0.000481933	0.00480052
0.000488638	0.0110601
0.000495343	0.0231942
0.000502047	0.0489336
0.000508752	0.09579
0.000515457	0.184001
0.000522161	0.344617
0.000528866	0.597858
0.000535571	1.02329
0.000542275	1.6399
0.00054898	2.56857
0.000555684	3.81248
0.000562389	5.481
0.000569094	7.54966
0.000575798	10.018
0.000582503	12.8467
0.000589208	15.8742
0.000595912	19.0844
0.000602617	22.2636
0.000609322	25.4457
0.000616026	28.5996
0.000622731	31.7885
0.000629435	35.2993
0.00063614	39.1699
0.000642845	43.8519
0.000649549	49.3251
0.000656254	55.86
0.000662959	63.4037
0.000669663	71.839
0.000676368	81.1408
0.000683073	90.9968
0.000689777	101.448
0.000696482	112.494
0.000703186	124.221
0.000709891	137.328
0.000716596	151.886
0.0007233	169.181
0.000730005	189.234
0.00073671	213.45
0.000743414	241.829
0.000750119	275.684
0.000756824	315.025
0.000763528	361.321
0.000770233	414.563
0.000776937	476.227
0.000783642	546.229
0.000790347	624.521
0.000797051	710.977
0.000803756	801.902
0.000810461	897.238
0.000817165	989.658
0.00082387	1079.22
0.000830575	1158.8
0.000837279	1228.46
0.000843984	1286.7
0.000850689	1333.48
0.000857393	1375.28
0.000864098	1411.97
0.000870802	1455.05
0.000877507	1504.48
0.000884212	1570.58
0.000890916	1653.57
0.000897621	1757.12
0.000904326	1881.64
0.00091103	2022.4
0.000917735	2179.75
0.00092444	2343.11
0.000931144	2512.5
0.000937849	2676.99
0.000944553	2836.21
0.000951258	2983.6
0.000957963	3118.67
0.000964667	3239.85
0.000971372	3346.92
0.000978077	3439.96
0.000984781	3519.09
0.000991486	3583.32
0.000998191	3633.68
0.0010049	3659.51
0.0010116	3670.86
0.0010183	3670.48
0.00102501	3644.26
0.00103171	3601.37
0.00103842	3543.17
0.00104512	3473.01
0.00105183	3391.17
0.00105853	3301.31
0.00106524	3203.91
0.00107194	3100.55
0.00107865	2991.62
0.00108535	2877.06
0.00109206	2756.95
0.00109876	2631.06
0.00110546	2499.11
0.00111217	2362.55
0.00111887	2221.01
0.00112558	2078.62
0.00113228	1935.46
0.00113899	1796.78
0.00114569	1663.49
0.0011524	1538.63
0.0011591	1423.43
0.00116581	1316.85
0.00117251	1219.49
0.00117922	1127.78
0.00118592	1041.22
0.00119263	957.122
0.00119933	874.451
0.00120603	793.34
0.00121274	713.185
0.00121944	636.171
0.00122615	562.537
0.00123285	494.423
0.00123956	432.557
0.00124626	377.652
0.00125297	330.311
0.00125967	289.822
0.00126638	256.342
0.00127308	228.423
0.00127979	205.825
0.00128649	186.985
0.00129319	171.438
0.0012999	157.879
0.0013066	145.77
0.00131331	134.286
0.00132001	122.941
0.00132672	111.496
0.00133342	99.6369
0.00134013	87.6323
0.00134683	75.4204
0.00135354	63.5133
0.00136024	52.0833
0.00136695	41.553
0.00137365	32.1954
0.00138035	24.1267
0.00138706	17.5434
0.00139376	12.2692
0.00140047	8.32274
0.00140717	5.41054
0.00141388	3.4028
0.00142058	2.05423
0.00142729	1.18866
0.00143399	0.668113
0.0014407	0.348017
0.0014474	0.186108
0.00145411	0.0887415
0.00146081	0.0441741
0.00146752	0.0195825
0.00147422	0.00890589
0.00148092	0.00369354
0.00148763	0.00152288
0.00149433	0.000546205
0.00150104	0.000220647
