3.33898e-05	7.41069e-36
3.59039e-05	2.33018e-34
3.8418e-05	9.09842e-34
4.09322e-05	2.49363e-32
4.34463e-05	9.70367e-32
4.59604e-05	2.30185e-30
4.84746e-05	8.99052e-30
5.09887e-05	1.84776e-28
5.35028e-05	7.23652e-28
5.6017e-05	1.29013e-26
5.85311e-05	5.06048e-26
6.10452e-05	7.83704e-25
6.35594e-05	3.07462e-24
6.60735e-05	4.14312e-23
6.85877e-05	1.62314e-22
7.11018e-05	1.90677e-21
7.36159e-05	7.44578e-21
7.61301e-05	7.64224e-20
7.86442e-05	2.96816e-19
8.11583e-05	2.66849e-18
8.36725e-05	1.0283e-17
8.61866e-05	8.12115e-17
8.87007e-05	3.09634e-16
9.12149e-05	2.15514e-15
9.3729e-05	8.1043e-15
9.62431e-05	4.98938e-14
9.87573e-05	1.84403e-13
0.000101271	1.00821e-12
0.000103786	3.64806e-12
0.0001063	1.7791e-11
0.000108814	6.27563e-11
0.000111328	2.74293e-10
0.000113842	9.38904e-10
0.000116356	3.69655e-09
0.00011887	1.22189e-08
0.000121384	4.35646e-08
0.000123899	1.38347e-07
0.000126413	4.49144e-07
0.000128927	1.36314e-06
0.000131441	4.05215e-06
0.000133955	1.1691e-05
0.000136469	3.19983e-05
0.000138983	8.73027e-05
0.000141498	0.000221192
0.000144012	0.000567836
0.000146526	0.00133855
0.00014904	0.00321821
0.000151554	0.0070912
0.000154068	0.015901
0.000156582	0.0328861
0.000159096	0.0685383
0.000161611	0.133511
0.000164125	0.257942
0.000166639	0.484349
0.000169153	0.860261
0.000171667	1.5153
0.000174181	2.51103
0.000176695	4.11875
0.00017921	6.40917
0.000181724	9.80988
0.000184238	14.3752
0.000186752	20.6158
0.000189266	28.55
0.00019178	38.6195
0.000194294	50.8271
0.000196809	65.477
0.000199323	82.6196
0.000201837	102.642
0.000204351	125.683
0.000206865	152.665
0.000209379	183.769
0.000211893	220.68
0.000214407	263.499
0.000216922	314.239
0.000219436	372.847
0.00022195	440.732
0.000224464	517.736
0.000226978	604
0.000229492	699.37
0.000232006	802.83
0.000234521	914.304
0.000237035	1032.25
0.000239549	1156.68
0.000242063	1286.17
0.000244577	1420.79
0.000247091	1559.84
0.000249605	1703.45
0.000252119	1852.36
0.000254634	2006.7
0.000257148	2169.01
0.000259662	2339.33
0.000262176	2521.16
0.00026469	2714.41
0.000267204	2921.16
0.000269718	3141.27
0.000272233	3373.03
0.000274747	3616.36
0.000277261	3865.34
0.000279775	4119.99
0.000282289	4372.65
0.000284803	4623.38
0.000287317	4866.66
0.000289831	5102.5
0.000292346	5329.98
0.00029486	5549.06
0.000297374	5762.36
0.000299888	5969.88
0.000302402	6174.05
0.000304916	6375
0.00030743	6571.69
0.000309945	6764.3
0.000312459	6948.12
0.000314973	7123.22
0.000317487	7284.02
0.000320001	7430.33
0.000322515	7559.24
0.000325029	7670.37
0.000327544	7765.41
0.000330058	7844.04
0.000332572	7911.36
0.000335086	7967.46
0.0003376	8016.78
0.000340114	8059.93
0.000342628	8096.71
0.000345142	8129.36
0.000347657	8137.04
0.000350171	8134.11
0.000352685	8123.97
0.000355199	8069.91
0.000357713	7977.5
0.000360227	7849.71
0.000362741	7679.55
0.000365256	7465.49
0.00036777	7213
0.000370284	6920.97
0.000372798	6602.88
0.000375312	6258.56
0.000377826	5906.15
0.00038034	5546.76
0.000382854	5198.03
0.000385369	4862.34
0.000387883	4551
0.000390397	4266.93
0.000392911	4011.25
0.000395425	3786.17
0.000397939	3583.35
0.000400453	3403.15
0.000402968	3232.99
0.000405482	3071.18
0.000407996	2907.64
0.00041051	2739.57
0.000413024	2564
0.000415538	2378.59
0.000418052	2187.76
0.000420566	1990.9
0.000423081	1796.24
0.000425595	1605.07
0.000428109	1424.64
0.000430623	1257.23
0.000433137	1105.98
0.000435651	972.824
0.000438165	856.65
0.00044068	758.201
0.000443194	673.924
0.000445708	603.34
0.000448222	542.636
0.000450736	490.624
0.00045325	444.69
0.000455764	403.582
0.000458279	366.351
0.000460793	332.192
0.000463307	301.358
0.000465821	273.692
0.000468335	249.63
0.000470849	229.45
0.000473363	212.876
0.000475877	200.135
0.000478392	190.063
0.000480906	182.432
0.00048342	175.77
0.000485934	169.381
0.000488448	162.289
0.000490962	153.696
0.000493476	143.547
0.000495991	131.389
0.000498505	117.919
0.000501019	103.235
0.000503533	88.2414
0.000506047	73.4488
0.000508561	59.4716
0.000511075	46.8892
0.000513589	35.8456
0.000516104	26.6941
0.000518618	19.2292
0.000521132	13.4871
0.000523646	9.14724
0.00052616	6.02193
0.000528674	3.84701
0.000531188	2.27573
0.000533703	1.42684
