0.000500379	2.49467e-142
0.00050876	2.21989e-137
0.000517141	8.87947e-137
0.000525522	6.06941e-132
0.000533903	2.45256e-131
0.000542284	1.28752e-126
0.000550665	5.2567e-126
0.000559045	2.11909e-121
0.000567426	8.74308e-121
0.000575807	2.70604e-116
0.000584188	1.12843e-115
0.000592569	2.68106e-111
0.00060095	1.13017e-110
0.00060933	2.06094e-106
0.000617711	8.78365e-106
0.000626092	1.22916e-101
0.000634473	5.29742e-101
0.000642854	5.68768e-97
0.000651235	2.47922e-96
0.000659615	2.04196e-92
0.000667996	9.00378e-92
0.000676377	5.68776e-88
0.000684758	2.53745e-87
0.000693139	1.22919e-83
0.00070152	5.54922e-83
0.0007099	2.06103e-79
0.000718281	9.4174e-79
0.000726662	2.68123e-75
0.000735043	1.24021e-74
0.000743424	2.70629e-71
0.000751805	1.26744e-70
0.000760186	2.11938e-67
0.000768566	1.00514e-66
0.000776947	1.2878e-63
0.000785328	6.1859e-63
0.000793709	6.07149e-60
0.00080209	2.9543e-59
0.000810471	2.2211e-56
0.000818851	1.09493e-55
0.000827232	6.30498e-53
0.000835613	3.14926e-52
0.000843994	1.38888e-49
0.000852375	7.02951e-49
0.000860756	2.37435e-46
0.000869136	1.21772e-45
0.000877517	3.15041e-43
0.000885898	1.63713e-42
0.000894279	3.24478e-40
0.00090266	1.70824e-39
0.000911041	2.59463e-37
0.000919421	1.38344e-36
0.000927802	1.61115e-34
0.000936183	8.69648e-34
0.000944564	7.77123e-32
0.000952945	4.24348e-31
0.000961326	2.91278e-29
0.000969707	1.60743e-28
0.000978087	8.48795e-27
0.000986468	4.72728e-26
0.000994849	1.92422e-24
0.00100323	1.07949e-23
0.00101161	3.39637e-22
0.00101999	1.91432e-21
0.00102837	4.67236e-20
0.00103675	2.63684e-19
0.00104513	5.01624e-18
0.00105351	2.82184e-17
0.0010619	4.20948e-16
0.00107028	2.34688e-15
0.00107866	2.76635e-14
0.00108704	1.51749e-13
0.00109542	1.42682e-12
0.0011038	7.63222e-12
0.00111218	5.78998e-11
0.00112056	2.98768e-10
0.00112894	1.85335e-09
0.00113732	9.11005e-09
0.0011457	4.69173e-08
0.00115409	2.16598e-07
0.00116247	9.41532e-07
0.00117085	4.02071e-06
0.00117923	1.50081e-05
0.00118761	5.83717e-05
0.00119599	0.000190302
0.00120437	0.000664211
0.00121275	0.00192145
0.00122113	0.00594091
0.00122951	0.0154595
0.00123789	0.0419237
0.00124627	0.0992036
0.00125466	0.234552
0.00126304	0.508535
0.00127142	1.04703
0.0012798	2.13275
0.00128818	3.8764
0.00129656	7.02559
0.00130494	11.5827
0.00131332	18.6027
0.0013217	28.0744
0.00133008	40.7357
0.00133846	56.5799
0.00134684	75.5081
0.00135523	97.5249
0.00136361	122.01
0.00137199	148.951
0.00138037	178.504
0.00138875	210.612
0.00139713	247.334
0.00140551	288.614
0.00141389	337.705
0.00142227	394.658
0.00143065	461.453
0.00143903	538.252
0.00144741	624.205
0.0014558	719.417
0.00146418	821.572
0.00147256	930.611
0.00148094	1045.05
0.00148932	1164.84
0.0014977	1289.02
0.00150608	1417.73
0.00151446	1548.1
0.00152284	1680.24
0.00153122	1809.51
0.0015396	1935.61
0.00154798	2056
0.00155637	2170.14
0.00156475	2279.43
0.00157313	2383.81
0.00158151	2485.07
0.00158989	2583.72
0.00159827	2678.09
0.00160665	2768.42
0.00161503	2850.94
0.00162341	2925.05
0.00163179	2990.01
0.00164017	3044.85
0.00164855	3094.47
0.00165694	3138.89
0.00166532	3184.15
0.0016737	3231.96
0.00168208	3280.54
0.00169046	3332
0.00169884	3372.51
0.00170722	3400.28
0.0017156	3406.33
0.00172398	3376.06
0.00173236	3306.31
0.00174074	3194.15
0.00174912	3046.92
0.00175751	2863.3
0.00176589	2661.01
0.00177427	2442.24
0.00178265	2223.28
0.00179103	2008.22
0.00179941	1805.74
0.00180779	1619.37
0.00181617	1450.58
0.00182455	1301.24
0.00183293	1168.23
0.00184131	1051.81
0.00184969	946.953
0.00185808	852.599
0.00186646	764.561
0.00187484	681.109
0.00188322	600.995
0.0018916	522.853
0.00189998	448.498
0.00190836	377.828
0.00191674	313.563
0.00192512	256.828
0.0019335	208.434
0.00194188	169.534
0.00195026	138.299
0.00195865	114.671
0.00196703	96.131
0.00197541	81.5625
0.00198379	69.7525
0.00199217	59.7224
0.00200055	51.4277
0.00200893	44.6433
0.00201731	39.2131
0.00202569	35.1629
0.00203407	31.8568
0.00204245	28.9916
0.00205083	26.1516
0.00205922	22.8953
0.0020676	19.4337
0.00207598	15.6758
0.00208436	12.0295
0.00209274	8.74949
0.00210112	5.95309
0.0021095	3.85816
0.00211788	2.31601
0.00212626	1.31945
0.00213464	0.704017
0.00214302	0.33608
0.0021514	0.16727
0.00215979	0.0649894
0.00216817	0.030896
