3.33898e-05	1.01157
3.52334e-05	1.46005
3.70771e-05	2.16074
3.89207e-05	3.07634
4.07644e-05	4.3158
4.2608e-05	5.95036
4.44517e-05	8.0729
4.62953e-05	10.7829
4.8139e-05	14.1685
4.99827e-05	18.3485
5.18263e-05	23.3856
5.367e-05	29.3964
5.55136e-05	36.4007
5.73573e-05	44.4819
5.92009e-05	53.6102
6.10446e-05	63.8061
6.28882e-05	74.9997
6.47319e-05	87.1335
6.65755e-05	100.123
6.84192e-05	113.844
7.02628e-05	128.232
7.21065e-05	143.138
7.39502e-05	158.555
7.57938e-05	174.372
7.76375e-05	190.662
7.94811e-05	207.434
8.13248e-05	224.84
8.31684e-05	243.069
8.50121e-05	262.33
8.68557e-05	283.01
8.86994e-05	305.326
9.0543e-05	329.818
9.23867e-05	356.658
9.42303e-05	386.43
9.6074e-05	419.234
9.79177e-05	455.569
9.97613e-05	495.473
0.000101605	539.285
0.000103449	587.038
0.000105292	638.95
0.000107136	695.114
0.00010898	755.788
0.000110823	821.156
0.000112667	891.714
0.000114511	967.709
0.000116354	1049.98
0.000118198	1138.74
0.000120042	1235.07
0.000121885	1339.08
0.000123729	1451.78
0.000125572	1573.09
0.000127416	1703.57
0.00012926	1843
0.000131103	1991.2
0.000132947	2147.85
0.000134791	2311.95
0.000136634	2483.17
0.000138478	2659.8
0.000140322	2841.56
0.000142165	3026.29
0.000144009	3213.77
0.000145853	3401.69
0.000147696	3589.95
0.00014954	3776.47
0.000151384	3961.32
0.000153227	4143.17
0.000155071	4322.27
0.000156915	4498.64
0.000158758	4672.63
0.000160602	4845.94
0.000162446	5018.88
0.000164289	5194.46
0.000166133	5372.8
0.000167977	5557.06
0.00016982	5747.03
0.000171664	5944.29
0.000173507	6148.36
0.000175351	6357.61
0.000177195	6571.49
0.000179038	6784.62
0.000180882	6996.59
0.000182726	7199.17
0.000184569	7392.25
0.000186413	7567.01
0.000188257	7723.59
0.0001901	7855.19
0.000191944	7962.14
0.000193788	8044.06
0.000195631	8099.7
0.000197475	8112.94
0.000199319	8116.64
0.000201162	8109.27
0.000203006	8068.24
0.00020485	8016.63
0.000206693	7953.72
0.000208537	7885.08
0.000210381	7810.61
0.000212224	7735.38
0.000214068	7659.32
0.000215912	7585.05
0.000217755	7512.53
0.000219599	7442.11
0.000221442	7373.82
0.000223286	7306.45
0.00022513	7240.02
0.000226973	7172.65
0.000228817	7104.37
0.000230661	7033.34
0.000232504	6959.56
0.000234348	6881.69
0.000236192	6799.72
0.000238035	6712.93
0.000239879	6621.3
0.000241723	6524.7
0.000243566	6423.1
0.00024541	6316.78
0.000247254	6205.73
0.000249097	6090.51
0.000250941	5971.11
0.000252785	5848.16
0.000254628	5721.69
0.000256472	5592.18
0.000258316	5459.68
0.000260159	5324.28
0.000262003	5186.05
0.000263847	5044.52
0.00026569	4899.74
0.000267534	4750.76
0.000269377	4597.57
0.000271221	4439.1
0.000273065	4275.24
0.000274908	4105.31
0.000276752	3929.14
0.000278596	3746.99
0.000280439	3558.67
0.000282283	3365.67
0.000284127	3167.86
0.00028597	2967.95
0.000287814	2765.95
0.000289658	2565.4
0.000291501	2366.48
0.000293345	2172.96
0.000295189	1985.22
0.000297032	1806.54
0.000298876	1637.44
0.00030072	1480.16
0.000302563	1335.24
0.000304407	1203.49
0.000306251	1085.37
0.000308094	980.222
0.000309938	888.279
0.000311782	807.688
0.000313625	738.406
0.000315469	677.908
0.000317312	625.865
0.000319156	579.733
0.000321	538.977
0.000322843	501.591
0.000324687	466.985
0.000326531	433.99
0.000328374	402.116
0.000330218	371.016
0.000332062	340.402
0.000333905	310.482
0.000335749	281.191
0.000337593	252.94
0.000339436	225.82
0.00034128	200.17
0.000343124	176.136
0.000344967	153.864
0.000346811	133.469
0.000348655	114.916
0.000350498	98.2513
0.000352342	83.3372
0.000354186	70.1553
0.000356029	58.535
0.000357873	48.4208
0.000359717	39.645
0.00036156	32.1383
0.000363404	25.7445
0.000365247	20.3907
0.000367091	15.9317
0.000368935	12.2928
0.000370778	9.34208
0.000372622	7.00351
0.000374466	5.16541
0.000376309	3.75366
0.000378153	2.68255
0.000379997	1.88576
0.00038184	1.30458
0.000383684	0.885493
0.000385528	0.592809
0.000387371	0.387799
0.000389215	0.251297
0.000391059	0.158134
0.000392902	0.0992668
0.000394746	0.0599609
0.00039659	0.0365111
0.000398433	0.0196299
0.000400277	0.012498
