0.000500379	4.58419e-12
0.000506246	1.74417e-11
0.000512113	5.60143e-11
0.000517979	2.07029e-10
0.000523846	6.11418e-10
0.000529712	2.0754e-09
0.000535579	5.96201e-09
0.000541445	1.86512e-08
0.000547312	5.19383e-08
0.000553178	1.50287e-07
0.000559045	4.04248e-07
0.000564911	1.08594e-06
0.000570778	2.81127e-06
0.000576644	7.03727e-06
0.000582511	1.74699e-05
0.000588378	4.09014e-05
0.000594244	9.70172e-05
0.000600111	0.000213212
0.000605977	0.000481539
0.000611844	0.000996796
0.00061771	0.00213647
0.000623577	0.00417913
0.000629443	0.00847458
0.00063531	0.0157108
0.000641176	0.0300601
0.000647043	0.054155
0.000652909	0.096014
0.000658776	0.164765
0.000664643	0.274369
0.000670509	0.446368
0.000676376	0.701267
0.000682242	1.07959
0.000688109	1.60417
0.000693975	2.33526
0.000699842	3.28794
0.000705708	4.52774
0.000711575	6.05029
0.000717441	7.89374
0.000723308	10.0307
0.000729174	12.4363
0.000735041	15.0733
0.000740908	17.8476
0.000746774	20.7377
0.000752641	23.6284
0.000758507	26.5335
0.000764374	29.401
0.00077024	32.2735
0.000776107	35.2184
0.000781973	38.2768
0.00078784	41.6049
0.000793706	45.2139
0.000799573	49.2451
0.000805439	53.6812
0.000811306	58.5637
0.000817173	63.878
0.000823039	69.5908
0.000828906	75.7212
0.000834772	82.288
0.000840639	89.3453
0.000846505	97.0813
0.000852372	105.555
0.000858238	115.121
0.000864105	125.811
0.000869971	138.024
0.000875838	151.765
0.000881704	167.353
0.000887571	184.788
0.000893438	204.307
0.000899304	225.92
0.000905171	249.862
0.000911037	276.148
0.000916904	305.051
0.00092277	336.566
0.000928637	370.908
0.000934503	408.047
0.00094037	447.978
0.000946236	490.656
0.000952103	535.788
0.000957969	583.35
0.000963836	632.892
0.000969703	684.429
0.000975569	737.659
0.000981436	792.625
0.000987302	849.458
0.000993169	908.203
0.000999035	969.473
0.0010049	1033.28
0.00101077	1100.42
0.00101663	1170.87
0.0010225	1245.06
0.00102837	1322.96
0.00103423	1404.25
0.0010401	1488.91
0.00104597	1575.89
0.00105183	1665.19
0.0010577	1755.49
0.00106357	1846.81
0.00106943	1937.95
0.0010753	2028.92
0.00108117	2118.76
0.00108703	2207.49
0.0010929	2294.26
0.00109877	2379.09
0.00110463	2461.4
0.0011105	2541.18
0.00111637	2618.65
0.00112223	2693.78
0.0011281	2767.93
0.00113397	2841.08
0.00113983	2915.21
0.0011457	2990.35
0.00115157	3067.48
0.00115743	3146.78
0.0011633	3226.49
0.00116916	3306.86
0.00117503	3382.91
0.0011809	3454.8
0.00118676	3516.04
0.00119263	3567.05
0.0011985	3595.68
0.00120436	3608.89
0.00121023	3608.15
0.0012161	3578.86
0.00122196	3528.45
0.00122783	3457.77
0.0012337	3369.8
0.00123956	3264.35
0.00124543	3147.93
0.0012513	3020.66
0.00125716	2889.57
0.00126303	2755.1
0.0012689	2622.98
0.00127476	2493.86
0.00128063	2370.88
0.0012865	2254.67
0.00129236	2145.48
0.00129823	2043.73
0.0013041	1947.51
0.00130996	1856.87
0.00131583	1769.2
0.00132169	1684.19
0.00132756	1599.93
0.00133343	1515.95
0.00133929	1431.86
0.00134516	1347.28
0.00135103	1263.36
0.00135689	1180.02
0.00136276	1099.12
0.00136863	1020.94
0.00137449	946.97
0.00138036	877.652
0.00138623	813.268
0.00139209	754.182
0.00139796	699.425
0.00140383	649.042
0.00140969	601.535
0.00141556	556.618
0.00142143	513.165
0.00142729	470.76
0.00143316	429.139
0.00143903	388.012
0.00144489	347.85
0.00145076	308.622
0.00145663	271.057
0.00146249	235.332
0.00146836	202.005
0.00147422	171.315
0.00148009	143.472
0.00148596	118.651
0.00149182	96.7565
0.00149769	77.8529
0.00150356	61.653
0.00150942	48.1205
0.00151529	36.8795
0.00152116	27.822
0.00152702	20.557
0.00153289	14.9326
0.00153876	10.5981
0.00154462	7.38452
0.00155049	5.019
0.00155636	3.34196
0.00156222	2.17069
0.00156809	1.37599
0.00157396	0.85337
0.00157982	0.512848
0.00158569	0.303853
0.00159156	0.172292
0.00159742	0.0977197
0.00160329	0.0515145
0.00160916	0.0284137
0.00161502	0.0141726
0.00162089	0.00743388
0.00162675	0.00352281
0.00163262	0.00174714
0.00163849	0.00078863
0.00164435	0.000368475
0.00165022	0.00015889
0.00165609	6.96777e-05
0.00166195	2.62741e-05
0.00166782	1.18063e-05
