0.000500379	7.99345e-45
0.000507084	4.30567e-43
0.000513789	1.69829e-42
0.000520493	7.92385e-41
0.000527198	3.1323e-40
0.000533903	1.26064e-38
0.000540607	5.01532e-38
0.000547312	1.74209e-36
0.000554017	6.97151e-36
0.000560721	2.0914e-34
0.000567426	8.41314e-34
0.000574131	2.18151e-32
0.000580835	8.81467e-32
0.00058754	1.9775e-30
0.000594244	8.01838e-30
0.000600949	1.55815e-28
0.000607654	6.33314e-28
0.000614358	1.06746e-26
0.000621063	4.34338e-26
0.000627768	6.3601e-25
0.000634472	2.58668e-24
0.000641177	3.29684e-23
0.000647882	1.33782e-22
0.000654586	1.48736e-21
0.000661291	6.00942e-21
0.000667995	5.8426e-20
0.0006747	2.34478e-19
0.000681405	1.99928e-18
0.000688109	7.9482e-18
0.000694814	5.9628e-17
0.000701519	2.34102e-16
0.000708223	1.5509e-15
0.000714928	5.99243e-15
0.000721633	3.51997e-14
0.000728337	1.33343e-13
0.000735042	6.97599e-13
0.000741746	2.58011e-12
0.000748451	1.20803e-11
0.000755156	4.34274e-11
0.00076186	1.82922e-10
0.000768565	6.36108e-10
0.00077527	2.42369e-09
0.000781974	8.11264e-09
0.000788679	2.81205e-08
0.000795384	9.01401e-08
0.000802088	2.859e-07
0.000808793	8.7318e-07
0.000815497	2.54889e-06
0.000822202	7.38033e-06
0.000828907	1.99404e-05
0.000835611	5.44808e-05
0.000842316	0.000136981
0.000849021	0.000351621
0.000855725	0.000826844
0.00086243	0.00198655
0.000869135	0.00438868
0.000875839	0.00983793
0.000882544	0.0204982
0.000889249	0.04277
0.000895953	0.084317
0.000902658	0.163499
0.000909362	0.309948
0.000916067	0.556545
0.000922772	0.99966
0.000929476	1.67867
0.000936181	2.81473
0.000942886	4.45735
0.00094959	6.98936
0.000956295	10.4531
0.000963	15.3616
0.000969704	21.7215
0.000976409	30.0041
0.000983113	40.162
0.000989818	52.3397
0.000996523	66.4533
0.00100323	82.1078
0.00100993	99.2394
0.00101664	117.041
0.00102334	135.53
0.00103005	154.062
0.00103675	172.745
0.00104346	191.851
0.00105016	211.521
0.00105686	233.31
0.00106357	257.295
0.00107027	285.82
0.00107698	318.845
0.00108368	358.216
0.00109039	403.805
0.00109709	455.618
0.0011038	513.527
0.0011105	575.281
0.00111721	640.835
0.00112391	706.721
0.00113062	772.991
0.00113732	837.072
0.00114402	899.05
0.00115073	959.261
0.00115743	1017.75
0.00116414	1078.34
0.00117084	1141.02
0.00117755	1211.57
0.00118425	1289.98
0.00119096	1380.87
0.00119766	1484.29
0.00120437	1600.65
0.00121107	1730.1
0.00121778	1867.73
0.00122448	2013.71
0.00123119	2159.53
0.00123789	2305.23
0.00124459	2442.27
0.0012513	2570.47
0.001258	2684.58
0.00126471	2784.25
0.00127141	2868.85
0.00127812	2938.09
0.00128482	2994.84
0.00129153	3039.01
0.00129823	3074.42
0.00130494	3101.24
0.00131164	3122.08
0.00131835	3137.54
0.00132505	3144.63
0.00133175	3147.58
0.00133846	3147.17
0.00134516	3137.1
0.00135187	3119.46
0.00135857	3094.74
0.00136528	3062.74
0.00137198	3023.28
0.00137869	2977.95
0.00138539	2926.73
0.0013921	2871.65
0.0013988	2812.92
0.00140551	2751.8
0.00141221	2688.63
0.00141891	2623.08
0.00142562	2555.37
0.00143232	2483.84
0.00143903	2408.4
0.00144573	2327.41
0.00145244	2240.47
0.00145914	2147.53
0.00146585	2048.12
0.00147255	1944.45
0.00147926	1836.38
0.00148596	1727.47
0.00149267	1618.15
0.00149937	1511.45
0.00150608	1408.2
0.00151278	1309.42
0.00151948	1215.78
0.00152619	1126.26
0.00153289	1040.96
0.0015396	958.32
0.0015463	877.887
0.00155301	799.315
0.00155971	722.094
0.00156642	647.559
0.00157312	575.699
0.00157983	508.459
0.00158653	446.395
0.00159324	390.569
0.00159994	341.658
0.00160664	299.231
0.00161335	263.57
0.00162005	233.296
0.00162676	208.166
0.00163346	186.777
0.00164017	168.615
0.00164687	152.764
0.00165358	138.75
0.00166028	126.118
0.00166699	114.561
0.00167369	103.896
0.0016804	93.9567
0.0016871	84.708
0.00169381	76.0841
0.00170051	68.1037
0.00170721	60.7706
0.00171392	54.0556
0.00172062	47.971
0.00172733	42.4116
0.00173403	37.3398
0.00174074	32.6525
0.00174744	28.2718
0.00175415	24.1797
0.00176085	20.3241
0.00176756	16.7612
0.00177426	13.5036
0.00178097	10.6024
0.00178767	8.10579
0.00179437	6.00461
0.00180108	4.32501
0.00180778	3.00738
0.00181449	2.0293
0.00182119	1.32233
0.0018279	0.806187
0.0018346	0.508368
