0.000500379	4.39876e-153
0.000509598	1.03457e-147
0.000518817	4.13827e-147
0.000528036	7.33211e-142
0.000537255	2.96283e-141
0.000546474	3.95394e-136
0.000555693	1.61434e-135
0.000564912	1.62241e-130
0.000574131	6.69396e-130
0.00058335	5.06548e-125
0.000592569	2.11238e-124
0.000601788	1.20339e-119
0.000611007	5.07292e-119
0.000620226	2.1753e-114
0.000629445	9.27138e-114
0.000638664	2.99195e-109
0.000647883	1.28953e-108
0.000657101	3.13119e-104
0.00066632	1.36494e-103
0.000675539	2.49336e-99
0.000684758	1.0995e-98
0.000693977	1.5107e-94
0.000703196	6.74026e-94
0.000712415	6.96446e-90
0.000721634	3.14453e-89
0.000730853	2.44293e-85
0.000740072	1.11643e-84
0.000749291	6.52003e-81
0.00075851	3.01652e-80
0.000767729	1.32404e-76
0.000776948	6.20265e-76
0.000786167	2.04582e-72
0.000795386	9.70613e-72
0.000804605	2.40518e-68
0.000813823	1.15588e-67
0.000823042	2.15152e-64
0.000832261	1.04755e-63
0.00084148	1.46442e-60
0.000850699	7.22496e-60
0.000859918	7.5843e-57
0.000869137	3.79221e-56
0.000878356	2.98885e-53
0.000887575	1.51478e-52
0.000896794	8.96286e-50
0.000906013	4.6047e-49
0.000915232	2.04534e-46
0.000924451	1.06526e-45
0.00093367	3.55215e-43
0.000942889	1.87546e-42
0.000952108	4.69532e-40
0.000961327	2.51283e-39
0.000970545	4.72439e-37
0.000979764	2.56227e-36
0.000988983	3.61921e-34
0.000998202	1.98836e-33
0.00100742	2.11143e-31
0.00101664	1.1743e-30
0.00102586	9.38383e-29
0.00103508	5.27824e-28
0.0010443	3.1785e-26
0.00105352	1.80564e-25
0.00106273	8.2104e-24
0.00107195	4.70132e-23
0.00108117	1.61865e-21
0.00109039	9.31703e-21
0.00109961	2.43803e-19
0.00110883	1.4055e-18
0.00111805	2.80929e-17
0.00112727	1.61405e-16
0.00113649	2.48057e-15
0.00114571	1.41119e-14
0.00115492	1.68182e-13
0.00116414	9.39518e-13
0.00117336	8.77625e-12
0.00118258	4.76398e-11
0.0011918	3.53411e-10
0.00120102	1.84036e-09
0.00121024	1.10121e-08
0.00121946	5.41837e-08
0.00122868	2.66177e-07
0.00123789	1.21643e-06
0.00124711	5.00098e-06
0.00125633	2.08375e-05
0.00126555	7.31178e-05
0.00127477	0.000272596
0.00128399	0.000831954
0.00129321	0.00272636
0.00130243	0.00735888
0.00131165	0.0208759
0.00132087	0.0504953
0.00133008	0.122593
0.0013393	0.26805
0.00134852	0.553378
0.00135774	1.1348
0.00136696	2.02453
0.00137618	3.50195
0.0013854	5.56089
0.00139462	8.29162
0.00140384	11.6884
0.00141305	15.3893
0.00142227	19.3966
0.00143149	23.327
0.00144071	27.1751
0.00144993	31.4584
0.00145915	36.1583
0.00146837	42.6119
0.00147759	50.822
0.00148681	61.699
0.00149603	75.2578
0.00150524	91.8381
0.00151446	111.402
0.00152368	135.124
0.0015329	162.967
0.00154212	196.799
0.00155134	236.731
0.00156056	282.941
0.00156978	335.612
0.001579	392.514
0.00158821	453.635
0.00159743	516.838
0.00160665	581.845
0.00161587	649.284
0.00162509	718.796
0.00163431	794.451
0.00164353	876.108
0.00165275	969.616
0.00166197	1075.37
0.00167118	1196.96
0.0016804	1335.31
0.00168962	1487.82
0.00169884	1655.31
0.00170806	1829.17
0.00171728	2009.41
0.0017265	2185.85
0.00173572	2357.72
0.00174494	2516.97
0.00175416	2662.76
0.00176337	2789.23
0.00177259	2895.32
0.00178181	2978.8
0.00179103	3038.04
0.00180025	3078.94
0.00180947	3100.8
0.00181869	3114.99
0.00182791	3123.51
0.00183713	3131.48
0.00184634	3142.45
0.00185556	3146.24
0.00186478	3145.29
0.001874	3142.09
0.00188322	3117.4
0.00189244	3070.8
0.00190166	3005.28
0.00191088	2915.49
0.0019201	2800.02
0.00192932	2659.46
0.00193853	2491.87
0.00194775	2306.07
0.00195697	2101.49
0.00196619	1893.99
0.00197541	1686.69
0.00198463	1492.98
0.00199385	1318.43
0.00200307	1165.58
0.00201229	1038.23
0.0020215	929.674
0.00203072	839.597
0.00203994	760.096
0.00204916	688.38
0.00205838	620.331
0.0020676	553.305
0.00207682	487.26
0.00208604	420.837
0.00209526	356.884
0.00210448	295.75
0.00211369	240.764
0.00212291	193.723
0.00213213	155.3
0.00214135	127.075
0.00215057	106.383
0.00215979	92.932
0.00216901	83.2938
0.00217823	75.5867
0.00218745	68.3454
0.00219666	59.8728
0.00220588	50.864
0.0022151	41.0106
0.00222432	31.456
0.00223354	22.8697
0.00224276	15.5622
0.00225198	10.0896
0.0022612	6.05961
0.00227042	3.4569
0.00227964	1.84224
0.00228885	0.880315
0.00229807	0.437118
0.00230729	0.186682
0.00231651	0.0801858
0.00232573	0.028547
0.00233495	0.0113341
