0.000166815	9.43279e-21
0.000172682	7.55061e-20
0.000178548	2.73726e-19
0.000184415	2.01905e-18
0.000190282	7.04467e-18
0.000196148	4.65748e-17
0.000202015	1.60798e-16
0.000207881	9.55277e-16
0.000213748	3.25525e-15
0.000219614	1.74262e-14
0.000225481	5.84504e-14
0.000231347	2.82812e-13
0.000237214	9.30901e-13
0.00024308	4.08448e-12
0.000248947	1.31508e-11
0.000254813	5.25095e-11
0.00026068	1.64797e-10
0.000266547	6.01057e-10
0.000272413	1.83199e-09
0.00027828	6.12736e-09
0.000284146	1.80676e-08
0.000290013	5.56417e-08
0.000295879	1.58094e-07
0.000301746	4.5016e-07
0.000307612	1.22747e-06
0.000313479	3.24507e-06
0.000319345	8.45734e-06
0.000325212	2.08448e-05
0.000331078	5.1718e-05
0.000336945	0.000119315
0.000342812	0.000280741
0.000348678	0.000608545
0.000354545	0.00135306
0.000360411	0.00276541
0.000366278	0.00579143
0.000372144	0.0111957
0.000378011	0.0220223
0.000383877	0.0408411
0.000389744	0.0748006
0.00039561	0.133146
0.000401477	0.22716
0.000407343	0.381365
0.00041321	0.612792
0.000419077	0.969208
0.000424943	1.47074
0.00043081	2.19165
0.000436676	3.14747
0.000442543	4.42558
0.000448409	6.02795
0.000454276	8.02132
0.000460142	10.392
0.000466009	13.1494
0.000471875	16.2747
0.000477742	19.716
0.000483608	23.4668
0.000489475	27.463
0.000495342	31.7187
0.000501208	36.2291
0.000507075	41.0178
0.000512941	46.1645
0.000518808	51.6833
0.000524674	57.6862
0.000530541	64.1744
0.000536407	71.227
0.000542274	78.8521
0.00054814	87.1211
0.000554007	96.0707
0.000559873	105.897
0.00056574	116.663
0.000571606	128.808
0.000577473	142.391
0.00058334	158.067
0.000589206	175.868
0.000595073	196.501
0.000600939	219.983
0.000606806	246.973
0.000612672	277.501
0.000618539	312.284
0.000624405	351.371
0.000630272	395.727
0.000636138	445.381
0.000642005	501.467
0.000647871	563.945
0.000653738	633.564
0.000659605	710.213
0.000665471	793.491
0.000671338	883.274
0.000677204	977.669
0.000683071	1076.61
0.000688937	1177.21
0.000694804	1279.5
0.00070067	1380.79
0.000706537	1481.16
0.000712403	1579.33
0.00071827	1675.36
0.000724136	1769.82
0.000730003	1862.75
0.00073587	1956.01
0.000741736	2049.58
0.000747603	2145.28
0.000753469	2243.09
0.000759336	2343.42
0.000765202	2446.28
0.000771069	2550.11
0.000776935	2654.93
0.000782802	2757.69
0.000788668	2858.42
0.000794535	2953.7
0.000800401	3043.53
0.000806268	3125.28
0.000812135	3198.88
0.000818001	3263.12
0.000823868	3317.92
0.000829734	3363.5
0.000835601	3399.8
0.000841467	3428.09
0.000847334	3448.71
0.0008532	3458.41
0.000859067	3462.59
0.000864933	3462.05
0.0008708	3449.96
0.000876666	3427.99
0.000882533	3396.67
0.0008884	3353.61
0.000894266	3298.6
0.000900133	3231.62
0.000905999	3152.32
0.000911866	3063.44
0.000917732	2964.73
0.000923599	2861.02
0.000929465	2752.4
0.000935332	2643.91
0.000941198	2535.99
0.000947065	2431.94
0.000952931	2332.36
0.000958798	2237.82
0.000964665	2148.79
0.000970531	2063.56
0.000976398	1982.23
0.000982264	1902.24
0.000988131	1823.31
0.000993997	1743.64
0.000999864	1662.77
0.00100573	1580.51
0.0010116	1496.52
0.00101746	1412.12
0.00102333	1327.28
0.0010292	1243.94
0.00103506	1162.38
0.00104093	1084.13
0.0010468	1009.6
0.00105266	939.293
0.00105853	873.537
0.0010644	811.823
0.00107026	754.25
0.00107613	699.8
0.001082	648.327
0.00108786	598.905
0.00109373	551.258
0.00109959	504.94
0.00110546	459.697
0.00111133	415.646
0.00111719	372.666
0.00112306	331.266
0.00112893	291.495
0.00113479	253.962
0.00114066	218.842
0.00114653	186.583
0.00115239	157.395
0.00115826	131.439
0.00116413	108.866
0.00116999	89.5806
0.00117586	73.6359
0.00118173	60.764
0.00118759	50.9362
0.00119346	43.7522
0.00119933	38.6974
0.00120519	36.781
0.00121106	36.5584
0.00121693	36.5116
0.00122279	38.0483
0.00122866	40.26
0.00123453	42.3957
0.00124039	43.9344
0.00124626	44.5658
0.00125212	44.7505
0.00125799	43.5864
0.00126386	41.1854
0.00126972	37.9083
0.00127559	33.9758
0.00128146	29.5595
0.00128732	24.9905
0.00129319	20.5355
0.00129906	16.3618
0.00130492	12.6924
0.00131079	9.5294
0.00131666	6.9731
0.00132252	4.93623
0.00132839	3.36363
0.00133426	2.27418
