0.000500379	2.09646e-09
0.000506246	8.80026e-09
0.000512113	2.89117e-08
0.000517979	1.12374e-07
0.000523846	3.37587e-07
0.000529712	1.15772e-06
0.000535579	3.33777e-06
0.000541445	1.01691e-05
0.000547312	2.79467e-05
0.000553178	7.61893e-05
0.000559045	0.000198182
0.000564911	0.000487034
0.000570778	0.00119049
0.000576644	0.00265661
0.000582511	0.00605894
0.000588378	0.0123641
0.000594244	0.0261325
0.000600111	0.0495243
0.000605977	0.0957036
0.000611844	0.172774
0.00061771	0.299109
0.000623577	0.499334
0.000629443	0.791859
0.00063531	1.21653
0.000641176	1.77584
0.000647043	2.50525
0.000652909	3.37377
0.000658776	4.36936
0.000664643	5.43063
0.000670509	6.46281
0.000676376	7.4091
0.000682242	8.16049
0.000688109	8.60526
0.000693975	8.57626
0.000699842	8.42423
0.000705708	7.97438
0.000711575	7.18266
0.000717441	6.3588
0.000723308	5.52357
0.000729174	4.86488
0.000735041	4.45047
0.000740908	4.51471
0.000746774	4.83856
0.000752641	5.57162
0.000758507	6.86527
0.000764374	8.50393
0.00077024	10.4837
0.000776107	12.6758
0.000781973	15.0522
0.00078784	17.4429
0.000793706	19.8598
0.000799573	22.2036
0.000805439	24.5315
0.000811306	26.9201
0.000817173	29.4559
0.000823039	32.4396
0.000828906	35.9557
0.000834772	40.4876
0.000840639	46.08
0.000846505	53.249
0.000852372	61.9738
0.000858238	72.5725
0.000864105	84.9741
0.000869971	99.1321
0.000875838	114.989
0.000881704	132.236
0.000887571	150.893
0.000893438	170.78
0.000899304	191.998
0.000905171	214.878
0.000911037	239.526
0.000916904	266.781
0.00092277	296.685
0.000928637	330.167
0.000934503	367.208
0.00094037	408.441
0.000946236	453.842
0.000952103	503.774
0.000957969	558.231
0.000963836	617.51
0.000969703	681.583
0.000975569	750.527
0.000981436	824.27
0.000987302	902.213
0.000993169	984.292
0.000999035	1069.22
0.0010049	1156.99
0.00101077	1246.34
0.00101663	1337.32
0.0010225	1429.24
0.00102837	1522.1
0.00103423	1615.26
0.0010401	1708.67
0.00104597	1800.58
0.00105183	1890.95
0.0010577	1976.99
0.00106357	2058.72
0.00106943	2134.19
0.0010753	2203.44
0.00108117	2267.49
0.00108703	2326.34
0.0010929	2383.9
0.00109877	2440.13
0.00110463	2499.13
0.0011105	2560.91
0.00111637	2626.5
0.00112223	2696.02
0.0011281	2766.35
0.00113397	2837.61
0.00113983	2904.27
0.0011457	2966.32
0.00115157	3019.07
0.00115743	3062.32
0.0011633	3095.15
0.00116916	3117.73
0.00117503	3126.8
0.0011809	3130.34
0.00118676	3129.9
0.00119263	3121.14
0.0011985	3107.61
0.00120436	3089.91
0.00121023	3065.51
0.0012161	3034.52
0.00122196	2993.55
0.00122783	2942.32
0.0012337	2879.47
0.00123956	2804.51
0.00124543	2719.79
0.0012513	2625.01
0.00125716	2525.23
0.00126303	2420.58
0.0012689	2316.17
0.00127476	2212.52
0.00128063	2112.52
0.0012865	2016.76
0.00129236	1925.44
0.00129823	1838.89
0.0013041	1755.62
0.00130996	1675.65
0.00131583	1597.21
0.00132169	1520.08
0.00132756	1443.18
0.00133343	1366.24
0.00133929	1289.15
0.00134516	1211.73
0.00135103	1134.55
0.00135689	1057.61
0.00136276	981.679
0.00136863	906.841
0.00137449	833.814
0.00138036	762.678
0.00138623	694.195
0.00139209	628.425
0.00139796	566.343
0.00140383	508.094
0.00140969	454.62
0.00141556	406.222
0.00142143	363.186
0.00142729	325.833
0.00143316	293.445
0.00143903	266.099
0.00144489	242.483
0.00145076	222.326
0.00145663	204.531
0.00146249	188.684
0.00146836	174.309
0.00147422	161.132
0.00148009	149.04
0.00148596	137.964
0.00149182	127.732
0.00149769	118.315
0.00150356	109.428
0.00150942	100.96
0.00151529	92.7473
0.00152116	84.6548
0.00152702	76.7566
0.00153289	69.0141
0.00153876	61.6073
0.00154462	54.6025
0.00155049	48.1137
0.00155636	42.2292
0.00156222	36.947
0.00156809	32.3127
0.00157396	28.2433
0.00157982	24.7291
0.00158569	21.6531
0.00159156	18.9591
0.00159742	16.5483
0.00160329	14.3422
0.00160916	12.3055
0.00161502	10.3801
0.00162089	8.59174
0.00162675	6.9327
0.00163262	5.44021
0.00163849	4.14219
0.00164435	3.04296
0.00165022	2.16487
0.00165609	1.47817
0.00166195	0.959688
0.00166782	0.617357
