0.000500379	4.12391e-244
0.000510437	2.59274e-236
0.000520494	1.0371e-235
0.000530551	4.60158e-228
0.000540608	1.85946e-227
0.000550665	5.82164e-220
0.000560722	2.37691e-219
0.000570779	5.25015e-212
0.000580836	2.1662e-211
0.000590893	3.37509e-204
0.00060095	1.40748e-203
0.000611007	1.54662e-196
0.000621064	6.51993e-196
0.000631121	5.05202e-189
0.000641178	2.15329e-188
0.000651235	1.17633e-181
0.000661292	5.07013e-181
0.000671349	1.9524e-174
0.000681406	8.51126e-174
0.000691463	2.30987e-167
0.00070152	1.01865e-166
0.000711577	1.94797e-160
0.000721634	8.69194e-160
0.000731691	1.17097e-153
0.000741748	5.28768e-153
0.000751806	5.01747e-147
0.000761863	2.29336e-146
0.00077192	1.53246e-140
0.000781977	7.09147e-140
0.000792034	3.33628e-134
0.000802091	1.56336e-133
0.000812148	5.17726e-128
0.000822205	2.45721e-127
0.000832262	5.72663e-122
0.000842319	2.75349e-121
0.000852376	4.51502e-116
0.000862433	2.19982e-115
0.00087249	2.53735e-110
0.000882547	1.253e-109
0.000892604	1.01638e-104
0.000902661	5.08835e-104
0.000912718	2.90197e-99
0.000922775	1.47322e-98
0.000932832	5.90587e-94
0.000942889	3.04107e-93
0.000952946	8.56703e-89
0.000963003	4.47562e-88
0.00097306	8.85796e-84
0.000983117	4.69626e-83
0.000993175	6.52822e-79
0.00100323	3.51339e-78
0.00101329	3.4294e-74
0.00102335	1.87405e-73
0.0010334	1.28412e-69
0.00104346	7.12729e-69
0.00105352	3.42742e-65
0.00106357	1.93268e-64
0.00107363	6.52096e-61
0.00108369	3.73678e-60
0.00109374	8.84409e-57
0.0011038	5.15169e-56
0.00111386	8.55093e-53
0.00112392	5.06439e-52
0.00113397	5.89413e-49
0.00114403	3.55015e-48
0.00115409	2.89677e-45
0.00116414	1.77471e-44
0.0011742	1.01519e-41
0.00118426	6.32698e-41
0.00119432	2.53749e-38
0.00120437	1.60872e-37
0.00121443	4.52464e-35
0.00122449	2.91753e-34
0.00123454	5.75757e-32
0.0012446	3.77439e-31
0.00125466	5.23089e-29
0.00126471	3.48362e-28
0.00127477	3.39533e-26
0.00128483	2.29422e-25
0.00129489	1.576e-23
0.00130494	1.07831e-22
0.001315	5.23787e-21
0.00132506	3.61795e-20
0.00133511	1.24861e-18
0.00134517	8.66807e-18
0.00135523	2.13986e-16
0.00136529	1.4835e-15
0.00137534	2.64461e-14
0.0013854	1.81454e-13
0.00139546	2.36614e-12
0.00140551	1.58717e-11
0.00141557	1.53973e-10
0.00142563	9.9355e-10
0.00143568	7.32551e-09
0.00144574	4.45546e-08
0.0014558	2.56143e-07
0.00146586	1.43311e-06
0.00147591	6.61169e-06
0.00148597	3.31176e-05
0.00149603	0.000126344
0.00150608	0.000550996
0.00151614	0.00178854
0.0015262	0.00661857
0.00153625	0.0187292
0.00154631	0.0576171
0.00155637	0.144686
0.00156643	0.365474
0.00157648	0.825055
0.00158654	1.71218
0.0015966	3.53589
0.00160665	6.2809
0.00161671	10.7004
0.00162677	16.8036
0.00163683	25.0898
0.00164688	35.5297
0.00165694	49.0516
0.001667	65.5765
0.00167705	87.2334
0.00168711	114.13
0.00169717	147.251
0.00170722	186.884
0.00171728	230.827
0.00172734	278.892
0.0017374	330.625
0.00174745	385.39
0.00175751	448.722
0.00176757	520.812
0.00177762	606.22
0.00178768	706.029
0.00179774	816.899
0.00180779	939.029
0.00181785	1067.54
0.00182791	1201.58
0.00183797	1341.61
0.00184802	1487.84
0.00185808	1638.78
0.00186814	1795.63
0.00187819	1948.36
0.00188825	2096.45
0.00189831	2230.3
0.00190837	2347.61
0.00191842	2448.52
0.00192848	2531.41
0.00193854	2604.08
0.00194859	2666.76
0.00195865	2728.25
0.00196871	2790.74
0.00197876	2855.7
0.00198882	2925.71
0.00199888	2991.18
0.00200894	3051.89
0.00201899	3095.93
0.00202905	3119.24
0.00203911	3123.7
0.00204916	3099.12
0.00205922	3045.27
0.00206928	2963.75
0.00207933	2852.48
0.00208939	2708.74
0.00209945	2542.45
0.00210951	2352.36
0.00211956	2158.96
0.00212962	1967.16
0.00213968	1791.36
0.00214973	1639.87
0.00215979	1508.11
0.00216985	1399.66
0.00217991	1298.27
0.00218996	1198.97
0.00220002	1093.82
0.00221008	975.687
0.00222013	852.761
0.00223019	724.609
0.00224025	603.151
0.0022503	494.002
0.00226036	400.091
0.00227042	325.796
0.00228048	266.041
0.00229053	220.332
0.00230059	183.395
0.00231065	152.231
0.0023207	125.401
0.00233076	101.045
0.00234082	79.7148
0.00235088	61.294
0.00236093	45.7984
0.00237099	33.3599
0.00238105	23.4747
0.0023911	15.9351
0.00240116	10.3172
0.00241122	6.34458
0.00242127	3.65584
0.00243133	1.94659
0.00244139	0.992615
0.00245145	0.441399
0.0024615	0.200121
0.00247156	0.0784903
0.00248162	0.0293012
0.00249167	0.00964043
0.00250173	0.00308686
