0.000100103	1.21544e-10
0.000103622	3.80957e-10
0.000107142	1.1592e-09
0.000110662	3.61784e-09
0.000114182	9.98803e-09
0.000117702	2.90245e-08
0.000121222	7.77525e-08
0.000124742	2.11021e-07
0.000128261	5.46872e-07
0.000131781	1.3905e-06
0.000135301	3.47552e-06
0.000138821	8.30482e-06
0.000142341	1.99594e-05
0.000145861	4.49586e-05
0.000149381	0.000103587
0.0001529	0.000220607
0.00015642	0.000485891
0.00015994	0.00098114
0.00016346	0.00206015
0.00016698	0.00395479
0.0001705	0.00789674
0.00017402	0.0144464
0.000177539	0.0273698
0.000181059	0.0488559
0.000184579	0.0863038
0.000188099	0.147445
0.000191619	0.246131
0.000195139	0.401171
0.000198659	0.634984
0.000202178	0.985602
0.000205698	1.48264
0.000209218	2.18962
0.000212738	3.13598
0.000216258	4.40656
0.000219778	6.01778
0.000223298	8.05279
0.000226817	10.5032
0.000230337	13.4107
0.000233857	16.7418
0.000237377	20.4615
0.000240897	24.5278
0.000244417	28.831
0.000247937	33.3462
0.000251456	37.9432
0.000254976	42.6289
0.000258496	47.3307
0.000262016	52.0773
0.000265536	56.893
0.000269056	61.8018
0.000272576	66.8872
0.000276095	72.1522
0.000279615	77.6599
0.000283135	83.4063
0.000286655	89.4054
0.000290175	95.6817
0.000293695	102.286
0.000297214	109.295
0.000300734	116.96
0.000304254	125.406
0.000307774	135.208
0.000311294	146.499
0.000314814	160.173
0.000318334	176.333
0.000321853	196.038
0.000325373	219.341
0.000328893	247.255
0.000332413	279.786
0.000335933	317.73
0.000339453	361.069
0.000342973	410.324
0.000346492	465.477
0.000350012	526.84
0.000353532	594.404
0.000357052	668.383
0.000360572	748.766
0.000364092	835.689
0.000367612	929.112
0.000371131	1028.92
0.000374651	1135.02
0.000378171	1246.74
0.000381691	1364
0.000385211	1485.37
0.000388731	1610.82
0.000392251	1738.46
0.00039577	1868.31
0.00039929	1998.72
0.00040281	2129.74
0.00040633	2260.64
0.00040985	2391.47
0.00041337	2522.58
0.00041689	2654.01
0.000420409	2786.7
0.000423929	2920.62
0.000427449	3056.43
0.000430969	3194.08
0.000434489	3333.27
0.000438009	3473.98
0.000441529	3614.93
0.000445048	3756.11
0.000448568	3895.68
0.000452088	4033.63
0.000455608	4167.88
0.000459128	4298.46
0.000462648	4423.03
0.000466168	4541.62
0.000469687	4651.6
0.000473207	4753
0.000476727	4843.25
0.000480247	4922.34
0.000483767	4988.69
0.000487287	5042.22
0.000490807	5083.47
0.000494326	5112.6
0.000497846	5127.66
0.000501366	5134.64
0.000504886	5134.59
0.000508406	5124.76
0.000511926	5108.55
0.000515446	5086.3
0.000518965	5057.75
0.000522485	5023.08
0.000526005	4980.71
0.000529525	4930.68
0.000533045	4870.91
0.000536565	4801.31
0.000540085	4720.48
0.000543604	4628.2
0.000547124	4524.56
0.000550644	4409.33
0.000554164	4284.35
0.000557684	4149.46
0.000561204	4007.99
0.000564724	3859.93
0.000568243	3709.4
0.000571763	3556.63
0.000575283	3405.51
0.000578803	3256.45
0.000582323	3112.09
0.000585843	2972.96
0.000589362	2839.69
0.000592882	2712.71
0.000596402	2590.75
0.000599922	2473.93
0.000603442	2359.98
0.000606962	2248.65
0.000610482	2138.08
0.000614001	2027.78
0.000617521	1917.38
0.000621041	1806.46
0.000624561	1696.22
0.000628081	1586.56
0.000631601	1479.43
0.000635121	1375.12
0.00063864	1275.16
0.00064216	1180.03
0.00064568	1090.21
0.0006492	1006.06
0.00065272	927.097
0.00065624	853.392
0.00065976	784.129
0.000663279	719.122
0.000666799	657.842
0.000670319	600.034
0.000673839	545.696
0.000677359	494.704
0.000680879	447.367
0.000684399	403.756
0.000687918	364.047
0.000691438	328.413
0.000694958	296.562
0.000698478	268.581
0.000701998	243.717
0.000705518	221.831
0.000709038	202.028
0.000712557	183.959
0.000716077	166.98
0.000719597	150.693
0.000723117	134.919
0.000726637	119.394
0.000730157	104.334
0.000733677	89.7057
0.000737196	75.8588
0.000740716	62.9436
0.000744236	51.1944
0.000747756	40.806
0.000751276	31.7932
0.000754796	24.2681
0.000758316	18.0692
0.000761835	13.1777
0.000765355	9.36528
0.000768875	6.51237
0.000772395	4.41691
0.000775915	2.92242
0.000779435	1.8929
0.000782955	1.18871
0.000786474	0.736491
0.000789994	0.437604
0.000793514	0.260016
0.000797034	0.133938
0.000800554	0.0832723
