0.000500379	9.9701e-208
0.000510437	9.22736e-201
0.000520494	3.69094e-200
0.000530551	2.44821e-193
0.000540608	9.893e-193
0.000550665	4.70222e-186
0.000560722	1.91987e-185
0.000570779	6.53793e-179
0.000580836	2.69753e-178
0.000590893	6.58049e-172
0.00060095	2.74419e-171
0.000611007	4.79462e-165
0.000621064	2.02122e-164
0.000631121	2.52888e-158
0.000641178	1.07786e-157
0.000651235	9.65551e-152
0.000661292	4.16165e-151
0.000671349	2.66867e-145
0.000681406	1.16337e-144
0.000691463	5.33931e-139
0.00070152	2.35463e-138
0.000711577	7.7329e-133
0.000721634	3.45046e-132
0.000731691	8.10709e-127
0.000741748	3.66084e-126
0.000751806	6.15249e-121
0.000761863	2.81213e-120
0.00077192	3.37985e-115
0.000781977	1.56401e-114
0.000792034	1.34401e-109
0.000802091	6.29786e-109
0.000812148	3.86866e-104
0.000822205	1.8361e-103
0.000832262	8.06071e-99
0.000842319	3.87568e-98
0.000852376	1.21573e-93
0.000862433	5.92308e-93
0.00087249	1.32723e-88
0.000882547	6.55385e-88
0.000892604	1.04883e-83
0.000902661	5.25042e-83
0.000912718	5.99935e-79
0.000922775	3.04536e-78
0.000932832	2.48397e-74
0.000942889	1.27888e-73
0.000952946	7.44442e-70
0.000963003	3.8884e-69
0.00097306	1.61494e-65
0.000983117	8.5597e-65
0.000993175	2.53587e-61
0.00100323	1.36425e-60
0.00101329	2.88233e-57
0.00102335	1.57426e-56
0.0010334	2.37147e-53
0.00104346	1.31524e-52
0.00105352	1.4124e-49
0.00106357	7.9558e-49
0.00107363	6.08958e-46
0.00108369	3.48427e-45
0.00109374	1.90078e-42
0.0011038	1.10481e-41
0.00111386	4.29573e-39
0.00112392	2.53641e-38
0.00113397	7.03016e-36
0.00114403	4.21604e-35
0.00115409	8.33317e-33
0.00116414	5.07401e-32
0.0011742	7.15657e-30
0.00118426	4.42146e-29
0.00119432	4.45492e-27
0.00120437	2.78969e-26
0.00121443	2.01133e-24
0.00122449	1.2745e-23
0.00123454	6.59199e-22
0.0012446	4.21635e-21
0.00125466	1.57023e-19
0.00126471	1.01013e-18
0.00127477	2.72293e-17
0.00128483	1.75269e-16
0.00129489	3.44504e-15
0.00130494	2.20283e-14
0.001315	3.18909e-13
0.00132506	2.00583e-12
0.00133511	2.1676e-11
0.00134517	1.32365e-10
0.00135523	1.08619e-09
0.00136529	6.33283e-09
0.00137534	4.03036e-08
0.0013854	2.19798e-07
0.00139546	1.11192e-06
0.00140551	5.53875e-06
0.00141557	2.28801e-05
0.00142563	0.000101456
0.00143568	0.000351694
0.00144574	0.00135315
0.0014558	0.00403655
0.00146586	0.0131716
0.00147591	0.0345182
0.00148597	0.0938854
0.00149603	0.21923
0.00150608	0.492344
0.00151614	1.05994
0.0015262	2.00189
0.00153625	3.64232
0.00154631	5.98318
0.00155637	9.1438
0.00156643	13.1425
0.00157648	17.4277
0.00158654	22.0149
0.0015966	26.0055
0.00160665	29.3758
0.00161671	31.7694
0.00162677	33.1115
0.00163683	34.3722
0.00164688	35.5102
0.00165694	38.1545
0.001667	43.9563
0.00167705	56.3459
0.00168711	75.6073
0.00169717	105.682
0.00170722	147.007
0.00171728	199.082
0.00172734	262.472
0.0017374	331.185
0.00174745	405.174
0.00175751	478.206
0.00176757	549.367
0.00177762	619.093
0.00178768	686.434
0.00179774	759.004
0.00180779	836.959
0.00181785	927.933
0.00182791	1033.18
0.00183797	1153.44
0.00184802	1289.73
0.00185808	1436.96
0.00186814	1595.12
0.00187819	1758.33
0.00188825	1926.21
0.00189831	2093.14
0.00190837	2258.58
0.00191842	2417.59
0.00192848	2569.17
0.00193854	2711.83
0.00194859	2845.29
0.00195865	2968.27
0.00196871	3081.83
0.00197876	3178.62
0.00198882	3262.77
0.00199888	3302.26
0.00200894	3314.77
0.00201899	3315.01
0.00202905	3261.16
0.00203911	3172.27
0.00204916	3056.57
0.00205922	2923.18
0.00206928	2774.13
0.00207933	2622.16
0.00208939	2471.33
0.00209945	2326.59
0.00210951	2191.54
0.00211956	2062.17
0.00212962	1938.88
0.00213968	1815.79
0.00214973	1690.46
0.00215979	1562.77
0.00216985	1430.9
0.00217991	1300.03
0.00218996	1171.09
0.00220002	1048.62
0.00221008	935.04
0.00222013	830.428
0.00223019	736.16
0.00224025	649.155
0.0022503	568.442
0.00226036	492.541
0.00227042	419.787
0.00228048	352.346
0.00229053	290.649
0.00230059	236.344
0.00231065	191.071
0.0023207	153.052
0.00233076	122.162
0.00234082	96.2832
0.00235088	73.9849
0.00236093	55.1224
0.00237099	39.1399
0.00238105	26.2597
0.0023911	16.6808
0.00240116	9.7907
0.00241122	5.38595
0.00242127	2.775
0.00243133	1.26515
0.00244139	0.592306
0.00245145	0.238838
0.0024615	0.09386
0.00247156	0.034142
0.00248162	0.0109841
0.00249167	0.00345524
0.00250173	0.000945608
