0.000500379	4.63382e-184
0.00050876	2.23535e-177
0.000517141	8.94138e-177
0.000525522	3.04442e-170
0.000533903	1.23023e-169
0.000542284	2.95605e-163
0.000550665	1.20693e-162
0.000559045	2.04628e-156
0.000567426	8.44291e-156
0.000575807	1.00986e-149
0.000584188	4.21133e-149
0.000592569	3.55307e-143
0.00060095	1.49783e-142
0.00060933	8.9122e-137
0.000617711	3.79858e-136
0.000626092	1.5937e-130
0.000634473	6.86904e-130
0.000642854	2.03172e-124
0.000651235	8.85701e-124
0.000659615	1.84654e-118
0.000667996	8.14319e-118
0.000676377	1.19643e-112
0.000684758	5.3385e-112
0.000693139	5.52646e-107
0.00070152	2.49551e-106
0.0007099	1.81986e-101
0.000718281	8.31797e-101
0.000726662	4.27224e-96
0.000735043	1.97693e-95
0.000743424	7.14991e-91
0.000751805	3.3503e-90
0.000760186	8.53042e-86
0.000768566	4.04849e-85
0.000776947	7.25543e-81
0.000785328	3.48834e-80
0.000793709	4.39924e-76
0.00080209	2.1432e-75
0.000810471	1.90158e-71
0.000818851	9.38911e-71
0.000827232	5.85964e-67
0.000835613	2.93295e-66
0.000843994	1.28721e-62
0.000852375	6.53286e-62
0.000860756	2.01584e-58
0.000869136	1.03758e-57
0.000877517	2.25058e-54
0.000885898	1.17506e-53
0.000894279	1.79132e-50
0.00090266	9.48902e-50
0.000911041	1.0165e-46
0.000919421	5.46394e-46
0.000927802	4.11267e-43
0.000936183	2.24346e-42
0.000944564	1.18646e-39
0.000952945	6.56841e-39
0.000961326	2.44092e-36
0.000969707	1.37132e-35
0.000978087	3.58178e-33
0.000986468	2.04157e-32
0.000994849	3.74976e-30
0.00100323	2.16744e-29
0.00101161	2.80176e-27
0.00101999	1.64099e-26
0.00102837	1.49492e-24
0.00103675	8.86059e-24
0.00104513	5.70038e-22
0.00105351	3.41237e-21
0.0010619	1.55512e-19
0.00107028	9.37427e-19
0.00107866	3.03995e-17
0.00108704	1.8373e-16
0.00109542	4.26706e-15
0.0011038	2.56974e-14
0.00111218	4.31293e-13
0.00112056	2.56578e-12
0.00112894	3.15048e-11
0.00113732	1.82974e-10
0.0011457	1.6706e-09
0.00115409	9.32636e-09
0.00116247	6.46363e-08
0.00117085	3.40126e-07
0.00117923	1.83435e-06
0.00118761	8.88837e-06
0.00119599	3.83679e-05
0.00120437	0.000166797
0.00121275	0.000593589
0.00122113	0.00225459
0.00122951	0.00680555
0.00123789	0.0220488
0.00124627	0.0578532
0.00125466	0.15701
0.00126304	0.364771
0.00127142	0.821896
0.0012798	1.7527
0.00128818	3.3217
0.00129656	6.11982
0.00130494	10.1456
0.00131332	16.0523
0.0013217	23.8329
0.00133008	33.8714
0.00133846	46.1649
0.00134684	61.3889
0.00135523	79.5319
0.00136361	102.031
0.00137199	128.878
0.00138037	161.459
0.00138875	199.801
0.00139713	244.022
0.00140551	294.182
0.00141389	348.819
0.00142227	407.952
0.00143065	469.777
0.00143903	534.182
0.00144741	601.352
0.0014558	671.115
0.00146418	746.216
0.00147256	826.619
0.00148094	915.562
0.00148932	1013.24
0.0014977	1120.88
0.00150608	1238.89
0.00151446	1364.49
0.00152284	1498.06
0.00153122	1632.83
0.0015396	1768.68
0.00154798	1899.08
0.00155637	2023.27
0.00156475	2140.18
0.00157313	2249.23
0.00158151	2353.34
0.00158989	2452.83
0.00159827	2548.2
0.00160665	2639.85
0.00161503	2725.58
0.00162341	2805.04
0.00163179	2878.23
0.00164017	2944.95
0.00164855	3006.44
0.00165694	3063.23
0.00166532	3113.37
0.0016737	3157.14
0.00168208	3190.77
0.00169046	3214.86
0.00169884	3220.95
0.00170722	3214.41
0.0017156	3198.73
0.00172398	3160.51
0.00173236	3099.19
0.00174074	3016.11
0.00174912	2909.67
0.00175751	2777.58
0.00176589	2630.22
0.00177427	2467.7
0.00178265	2304.16
0.00179103	2142.96
0.00179941	1991.04
0.00180779	1852.24
0.00181617	1723.01
0.00182455	1604.37
0.00183293	1488.78
0.00184131	1373.94
0.00184969	1257.66
0.00185808	1137.33
0.00186646	1018.34
0.00187484	900.965
0.00188322	791.587
0.0018916	692.973
0.00189998	605.876
0.00190836	532.24
0.00191674	468.064
0.00192512	412.667
0.0019335	362.569
0.00194188	315.829
0.00195026	272.364
0.00195865	231.214
0.00196703	194.16
0.00197541	161.888
0.00198379	134.788
0.00199217	113.751
0.00200055	97.02
0.00200893	84.2173
0.00201731	73.6079
0.00202569	64.0662
0.00203407	55.2464
0.00204245	46.5101
0.00205083	38.2206
0.00205922	30.3746
0.0020676	23.2683
0.00207598	17.1022
0.00208436	11.9384
0.00209274	7.93745
0.00210112	4.92472
0.0021095	2.88966
0.00211788	1.5679
0.00212626	0.767159
0.00213464	0.375967
0.00214302	0.158311
0.0021514	0.0664365
0.00215979	0.0230167
0.00216817	0.00854337
