0.000166815	6.36658e-31
0.00017352	1.21171e-29
0.000180225	4.65583e-29
0.000186929	7.84122e-28
0.000193634	2.97803e-27
0.000200339	4.38667e-26
0.000207043	1.66612e-25
0.000213748	2.14969e-24
0.000220453	8.15329e-24
0.000227157	9.2302e-23
0.000233862	3.48992e-22
0.000240566	3.47342e-21
0.000247271	1.30666e-20
0.000253976	1.1459e-19
0.00026068	4.27939e-19
0.000267385	3.31523e-18
0.00027409	1.22598e-17
0.000280794	8.41422e-17
0.000287499	3.07245e-16
0.000294204	1.87415e-15
0.000300908	6.73592e-15
0.000307613	3.66477e-14
0.000314317	1.29193e-13
0.000321022	6.29374e-13
0.000327727	2.16789e-12
0.000334431	9.49627e-12
0.000341136	3.18283e-11
0.000347841	1.25931e-10
0.000354545	4.08885e-10
0.00036125	1.46821e-09
0.000367955	4.59659e-09
0.000374659	1.50536e-08
0.000381364	4.52231e-08
0.000388068	1.35761e-07
0.000394773	3.89425e-07
0.000401478	1.07709e-06
0.000408182	2.93552e-06
0.000414887	7.51788e-06
0.000421592	1.93736e-05
0.000428296	4.61615e-05
0.000435001	0.000111963
0.000441706	0.000249312
0.00044841	0.000566713
0.000455115	0.00118408
0.000461819	0.0025129
0.000468524	0.00494357
0.000475229	0.00976377
0.000481933	0.0183964
0.000488638	0.0335205
0.000495343	0.0600386
0.000502047	0.101442
0.000508752	0.169442
0.000515457	0.268219
0.000522161	0.417503
0.000528866	0.620042
0.000535571	0.899421
0.000542275	1.25362
0.00054898	1.69598
0.000555684	2.21787
0.000562389	2.80222
0.000569094	3.43664
0.000575798	4.06339
0.000582503	4.67426
0.000589208	5.18975
0.000595912	5.61403
0.000602617	5.90204
0.000609322	6.06445
0.000616026	6.12689
0.000622731	6.15247
0.000629435	6.24305
0.00063614	6.4767
0.000642845	6.97297
0.000649549	7.8947
0.000656254	9.36428
0.000662959	11.3803
0.000669663	14.0467
0.000676368	17.3334
0.000683073	21.1243
0.000689777	25.3918
0.000696482	29.8209
0.000703186	34.4058
0.000709891	38.8005
0.000716596	43.0291
0.0007233	46.9826
0.000730005	50.7033
0.00073671	54.5275
0.000743414	58.4904
0.000750119	63.3498
0.000756824	69.1139
0.000763528	76.6654
0.000770233	85.9858
0.000776937	97.6714
0.000783642	111.695
0.000790347	128.114
0.000797051	146.913
0.000803756	167.708
0.000810461	190.499
0.000817165	214.829
0.00082387	240.703
0.000830575	267.887
0.000837279	296.382
0.000843984	326.082
0.000850689	356.991
0.000857393	388.695
0.000864098	421.209
0.000870802	453.496
0.000877507	485.572
0.000884212	516.019
0.000890916	544.829
0.000897621	570.967
0.000904326	594.382
0.00091103	615.122
0.000917735	633.119
0.00092444	649.542
0.000931144	664.361
0.000937849	679.15
0.000944553	693.956
0.000951258	709.767
0.000957963	726.697
0.000964667	744.497
0.000971372	763.282
0.000978077	781.628
0.000984781	799.571
0.000991486	815.225
0.000998191	828.503
0.0010049	838.076
0.0010116	843.883
0.0010183	844.848
0.00102501	842.091
0.00103171	836.061
0.00103842	826.493
0.00104512	814.99
0.00105183	801.66
0.00105853	787.599
0.00106524	772.986
0.00107194	758.102
0.00107865	743.086
0.00108535	727.54
0.00109206	711.484
0.00109876	694.374
0.00110546	676.128
0.00111217	656.513
0.00111887	635.436
0.00112558	613.057
0.00113228	589.346
0.00113899	564.629
0.00114569	538.941
0.0011524	512.552
0.0011591	485.507
0.00116581	458.008
0.00117251	430.071
0.00117922	401.971
0.00118592	373.71
0.00119263	345.725
0.00119933	318.054
0.00120603	291.216
0.00121274	265.311
0.00121944	240.772
0.00122615	217.732
0.00123285	196.412
0.00123956	176.928
0.00124626	159.265
0.00125297	143.488
0.00125967	129.39
0.00126638	116.97
0.00127308	105.919
0.00127979	96.1703
0.00128649	87.423
0.00129319	79.5678
0.0012999	72.4125
0.0013066	65.851
0.00131331	59.8313
0.00132001	54.297
0.00132672	49.2702
0.00133342	44.7534
0.00134013	40.7342
0.00134683	37.2344
0.00135354	34.1508
0.00136024	31.4702
0.00136695	29.0385
0.00137365	26.7887
0.00138035	24.6074
0.00138706	22.4072
0.00139376	20.1761
0.00140047	17.8611
0.00140717	15.5358
0.00141388	13.2105
0.00142058	10.9778
0.00142729	8.89345
0.00143399	7.00847
0.0014407	5.38047
0.0014474	4.00299
0.00145411	2.90097
0.00146081	2.03296
0.00146752	1.38599
0.00147422	0.914488
0.00148092	0.584283
0.00148763	0.363457
0.00149433	0.20591
0.00150104	0.12743
