0.000100103	9.59294e-12
0.000103622	3.13697e-11
0.000107142	9.67001e-11
0.000110662	3.1434e-10
0.000114182	8.83292e-10
0.000117702	2.6751e-09
0.000121222	7.31167e-09
0.000124742	2.06912e-08
0.000128261	5.48542e-08
0.000131781	1.45479e-07
0.000135301	3.73019e-07
0.000138821	9.29901e-07
0.000142341	2.29948e-06
0.000145861	5.4043e-06
0.000149381	1.28518e-05
0.0001529	2.85586e-05
0.00015642	6.5132e-05
0.00015994	0.000137229
0.00016346	0.000299356
0.00016698	0.000599611
0.0001705	0.00124802
0.00017402	0.00238233
0.000177539	0.00472038
0.000181059	0.00861142
0.000184579	0.0162038
0.000188099	0.0288746
0.000191619	0.0507975
0.000195139	0.0866983
0.000198659	0.144503
0.000202178	0.235628
0.000205698	0.373124
0.000209218	0.580279
0.000212738	0.874779
0.000216258	1.29627
0.000219778	1.86302
0.000223298	2.62962
0.000226817	3.60683
0.000230337	4.85058
0.000233857	6.35495
0.000237377	8.14954
0.000240897	10.2077
0.000244417	12.5007
0.000247937	14.9879
0.000251456	17.5673
0.000254976	20.2014
0.000258496	22.7377
0.000262016	25.1611
0.000265536	27.3292
0.000269056	29.2582
0.000272576	30.8875
0.000276095	32.2566
0.000279615	33.4264
0.000283135	34.4404
0.000286655	35.4628
0.000290175	36.5234
0.000293695	37.8257
0.000297214	39.3813
0.000300734	41.3667
0.000304254	43.7855
0.000307774	46.7667
0.000311294	50.3216
0.000314814	54.5722
0.000318334	59.5448
0.000321853	65.4229
0.000325373	72.2384
0.000328893	80.264
0.000332413	89.516
0.000335933	100.289
0.000339453	112.569
0.000342973	126.531
0.000346492	142.134
0.000350012	159.318
0.000353532	178.043
0.000357052	198.037
0.000360572	219.288
0.000364092	241.49
0.000367612	264.667
0.000371131	288.706
0.000374651	313.644
0.000378171	339.663
0.000381691	366.787
0.000385211	395.403
0.000388731	425.513
0.000392251	457.498
0.00039577	491.343
0.00039929	527.247
0.00040281	565.187
0.00040633	605.087
0.00040985	646.925
0.00041337	690.308
0.00041689	735.219
0.000420409	780.928
0.000423929	827.425
0.000427449	873.696
0.000430969	919.745
0.000434489	964.493
0.000438009	1007.95
0.000441529	1049.37
0.000445048	1088.74
0.000448568	1126.01
0.000452088	1161.16
0.000455608	1194.92
0.000459128	1227.29
0.000462648	1259.55
0.000466168	1291.71
0.000469687	1325.12
0.000473207	1359.79
0.000476727	1396.63
0.000480247	1435.66
0.000483767	1476.96
0.000487287	1520.57
0.000490807	1565.68
0.000494326	1612.36
0.000497846	1659.1
0.000501366	1705.94
0.000504886	1750.99
0.000508406	1794.26
0.000511926	1833.67
0.000515446	1869.19
0.000518965	1898.84
0.000522485	1922.82
0.000526005	1936.47
0.000529525	1942.89
0.000533045	1942.76
0.000536565	1929.74
0.000540085	1906.41
0.000543604	1873.16
0.000547124	1830.65
0.000550644	1778.7
0.000554164	1719.94
0.000557684	1654.33
0.000561204	1585.19
0.000564724	1512.67
0.000568243	1439.79
0.000571763	1366.86
0.000575283	1295.9
0.000578803	1227.22
0.000582323	1161.78
0.000585843	1099.78
0.000589362	1041.45
0.000592882	986.877
0.000596402	935.947
0.000599922	888.697
0.000603442	844.816
0.000606962	804.329
0.000610482	766.678
0.000614001	731.867
0.000617521	699.061
0.000621041	668.2
0.000624561	638.337
0.000628081	609.322
0.000631601	580.4
0.000635121	551.369
0.00063864	521.908
0.00064216	491.839
0.00064568	461.315
0.0006492	430.254
0.00065272	399.135
0.00065624	367.993
0.00065976	337.409
0.000663279	307.508
0.000666799	278.78
0.000670319	251.386
0.000673839	225.611
0.000677359	201.597
0.000680879	179.4
0.000684399	159.101
0.000687918	140.58
0.000691438	123.846
0.000694958	108.696
0.000698478	95.0818
0.000701998	82.816
0.000705518	71.8226
0.000709038	61.9801
0.000712557	53.2214
0.000716077	45.4848
0.000719597	38.7309
0.000723117	32.9171
0.000726637	28.0279
0.000730157	23.9947
0.000733677	20.8048
0.000737196	18.3392
0.000740716	16.5644
0.000744236	15.3188
0.000747756	14.5334
0.000751276	14.0411
0.000754796	13.7424
0.000758316	13.5104
0.000761835	13.2397
0.000765355	12.8748
0.000768875	12.3372
0.000772395	11.6427
0.000775915	10.7621
0.000779435	9.75421
0.000782955	8.63983
0.000786474	7.4821
0.000789994	6.33071
0.000793514	5.22565
0.000797034	4.22719
0.000800554	3.31469
