0.000500379	6.7274e-48
0.000507084	5.82756e-46
0.000513789	2.31084e-45
0.000520493	1.70134e-43
0.000527198	6.78013e-43
0.000533903	4.23172e-41
0.000540607	1.69923e-40
0.000547312	8.99415e-39
0.000554017	3.63763e-38
0.000560721	1.63369e-36
0.000567426	6.65177e-36
0.000574131	2.5363e-34
0.000580835	1.039e-33
0.00058754	3.36607e-32
0.000594244	1.3863e-31
0.000600949	3.8196e-30
0.000607654	1.58006e-29
0.000614358	3.70664e-28
0.000621063	1.53841e-27
0.000627768	3.07699e-26
0.000634472	1.27957e-25
0.000641177	2.18568e-24
0.000647882	9.09228e-24
0.000654586	1.32897e-22
0.000661291	5.51968e-22
0.000667995	6.91972e-21
0.0006747	2.86296e-20
0.000681405	3.08682e-19
0.000688109	1.26885e-18
0.000694814	1.18036e-17
0.000701519	4.80559e-17
0.000708223	3.87123e-16
0.000714928	1.55552e-15
0.000721633	1.08969e-14
0.000728337	4.30398e-14
0.000735042	2.63439e-13
0.000741746	1.01817e-12
0.000748451	5.47405e-12
0.000755156	2.05989e-11
0.00076186	9.78435e-11
0.000768565	3.56524e-10
0.00077527	1.50558e-09
0.000781974	5.28133e-09
0.000788679	1.99612e-08
0.000795384	6.69962e-08
0.000802088	2.28216e-07
0.000808793	7.28312e-07
0.000815497	2.2519e-06
0.000822202	6.79106e-06
0.000828907	1.91946e-05
0.000835611	5.43757e-05
0.000842316	0.000141462
0.000849021	0.000374406
0.000855725	0.00090237
0.00086243	0.0022209
0.000869135	0.00498825
0.000875839	0.0113741
0.000882544	0.0239321
0.000889249	0.0504287
0.000895953	0.0998374
0.000902658	0.194179
0.000909362	0.369022
0.000916067	0.660336
0.000922772	1.17977
0.000929476	1.96928
0.000936181	3.27276
0.000942886	5.14036
0.00094959	7.97598
0.000956295	11.8204
0.000963	17.1941
0.000969704	24.1036
0.000976409	33.0208
0.000983113	43.9038
0.000989818	56.9273
0.000996523	72.0149
0.00100323	88.854
0.00100993	107.372
0.00101664	126.8
0.00102334	147.11
0.00103005	167.388
0.00103675	187.669
0.00104346	207.387
0.00105016	226.63
0.00105686	245.675
0.00106357	264.631
0.00107027	284.902
0.00107698	306.568
0.00108368	331.977
0.00109039	361.135
0.00109709	396.517
0.0011038	438.053
0.0011105	487.154
0.00111721	543.732
0.00112391	607.367
0.00113062	678.013
0.00113732	753.806
0.00114402	834.758
0.00115073	918.938
0.00115743	1006.38
0.00116414	1096.36
0.00117084	1188.89
0.00117755	1284.67
0.00118425	1383.69
0.00119096	1487.12
0.00119766	1594.97
0.00120437	1707.57
0.00121107	1824.98
0.00121778	1945.69
0.00122448	2069.8
0.00123119	2193.82
0.00123789	2317.82
0.00124459	2437.21
0.0012513	2551.98
0.001258	2658.03
0.00126471	2755.23
0.00127141	2841.23
0.00127812	2915.88
0.00128482	2978.57
0.00129153	3029.2
0.00129823	3068.53
0.00130494	3097.55
0.00131164	3106.26
0.00131835	3108.25
0.00132505	3106.39
0.00133175	3085.83
0.00133846	3056.8
0.00134516	3020.52
0.00135187	2980.72
0.00135857	2937.59
0.00136528	2895.58
0.00137198	2855.31
0.00137869	2817.88
0.00138539	2783.91
0.0013921	2750.76
0.0013988	2718.57
0.00140551	2683.47
0.00141221	2645.01
0.00141891	2601.14
0.00142562	2551.24
0.00143232	2496.08
0.00143903	2435.38
0.00144573	2371.42
0.00145244	2304.44
0.00145914	2235.99
0.00146585	2166.63
0.00147255	2095.72
0.00147926	2023.68
0.00148596	1947.82
0.00149267	1867.97
0.00149937	1781.33
0.00150608	1687.07
0.00151278	1584.89
0.00151948	1473.86
0.00152619	1357.35
0.00153289	1235.19
0.0015396	1112.89
0.0015463	991.387
0.00155301	875.259
0.00155971	766.014
0.00156642	665.334
0.00157312	574.323
0.00157983	492.284
0.00158653	419.451
0.00159324	354.506
0.00159994	297.125
0.00160664	246.467
0.00161335	202.205
0.00162005	163.854
0.00162676	131.279
0.00163346	103.842
0.00164017	81.4258
0.00164687	63.1375
0.00165358	48.7099
0.00166028	37.2915
0.00166699	28.5077
0.00167369	21.799
0.0016804	16.8376
0.0016871	13.3315
0.00169381	10.8635
0.00170051	10.0159
0.00170721	10.074
0.00171392	10.2367
0.00172062	11.3322
0.00172733	12.9213
0.00173403	14.5466
0.00174074	16.022
0.00174744	17.2019
0.00175415	17.7213
0.00176085	17.5331
0.00176756	17.0079
0.00177426	15.7482
0.00178097	13.9751
0.00178767	11.9558
0.00179437	9.83734
0.00180108	7.79965
0.00180778	5.92495
0.00181449	4.35133
0.00182119	3.05324
0.0018279	2.0543
0.0018346	1.34642
