3.33898e-05	2.00528
3.59039e-05	2.66908
3.8418e-05	3.57244
4.09322e-05	4.6898
4.34463e-05	6.09578
4.59604e-05	7.83959
4.84746e-05	9.98353
5.09887e-05	12.5917
5.35028e-05	15.7321
5.6017e-05	19.4836
5.85311e-05	23.9172
6.10452e-05	29.1254
6.35594e-05	35.1796
6.60735e-05	42.1841
6.85877e-05	50.2071
7.11018e-05	59.3614
7.36159e-05	69.7065
7.61301e-05	81.358
7.86442e-05	94.3582
8.11583e-05	108.814
8.36725e-05	124.74
8.61866e-05	142.216
8.87007e-05	161.219
9.12149e-05	181.775
9.3729e-05	203.818
9.62431e-05	227.295
9.87573e-05	252.101
0.000101271	278.08
0.000103786	305.101
0.0001063	332.904
0.000108814	361.35
0.000111328	390.095
0.000113842	419.014
0.000116356	447.719
0.00011887	476.116
0.000121384	503.829
0.000123899	530.808
0.000126413	556.743
0.000128927	581.632
0.000131441	605.278
0.000133955	627.721
0.000136469	648.911
0.000138983	668.92
0.000141498	687.858
0.000144012	705.819
0.000146526	723.066
0.00014904	739.703
0.000151554	756.127
0.000154068	772.435
0.000156582	789.117
0.000159096	806.25
0.000161611	824.355
0.000164125	843.475
0.000166639	864.083
0.000169153	886.178
0.000171667	910.094
0.000174181	935.786
0.000176695	963.367
0.00017921	992.759
0.000181724	1023.8
0.000184238	1056.41
0.000186752	1090.16
0.000189266	1124.96
0.00019178	1160.2
0.000194294	1195.84
0.000196809	1231.19
0.000199323	1266.24
0.000201837	1300.4
0.000204351	1333.71
0.000206865	1365.8
0.000209379	1396.72
0.000211893	1426.45
0.000214407	1455.03
0.000216922	1482.75
0.000219436	1509.65
0.00022195	1536.26
0.000224464	1562.59
0.000226978	1589.26
0.000229492	1616.28
0.000232006	1644.16
0.000234521	1672.89
0.000237035	1702.74
0.000239549	1733.68
0.000242063	1765.64
0.000244577	1798.57
0.000247091	1832.05
0.000249605	1866.03
0.000252119	1899.77
0.000254634	1933.26
0.000257148	1965.6
0.000259662	1996.79
0.000262176	2025.93
0.00026469	2053.04
0.000267204	2077.36
0.000269718	2098.91
0.000272233	2117.16
0.000274747	2132.11
0.000277261	2143.8
0.000279775	2152.19
0.000282289	2153.9
0.000284803	2154.16
0.000287317	2152.97
0.000289831	2145.07
0.000292346	2133.78
0.00029486	2119.14
0.000297374	2101.02
0.000299888	2079.39
0.000302402	2054.63
0.000304916	2026.73
0.00030743	1996.19
0.000309945	1963.02
0.000312459	1927.86
0.000314973	1890.69
0.000317487	1852.18
0.000320001	1812.34
0.000322515	1771.71
0.000325029	1730.3
0.000327544	1688.45
0.000330058	1646.19
0.000332572	1603.62
0.000335086	1560.75
0.0003376	1517.51
0.000340114	1473.91
0.000342628	1429.79
0.000345142	1385.15
0.000347657	1339.87
0.000350171	1293.96
0.000352685	1247.41
0.000355199	1200.21
0.000357713	1152.54
0.000360227	1104.37
0.000362741	1055.99
0.000365256	1007.4
0.00036777	958.94
0.000370284	910.63
0.000372798	862.826
0.000375312	815.551
0.000377826	769.143
0.00038034	723.632
0.000382854	679.321
0.000385369	636.243
0.000387883	594.653
0.000390397	554.586
0.000392911	516.228
0.000395425	479.616
0.000397939	444.843
0.000400453	411.944
0.000402968	380.909
0.000405482	351.76
0.000407996	324.395
0.00041051	298.816
0.000413024	274.859
0.000415538	252.506
0.000418052	231.573
0.000420566	212.026
0.000423081	193.701
0.000425595	176.558
0.000428109	160.475
0.000430623	145.414
0.000433137	131.3
0.000435651	118.105
0.000438165	105.786
0.00044068	94.3246
0.000443194	83.6929
0.000445708	73.8819
0.000448222	64.8607
0.000450736	56.6237
0.00045325	49.1299
0.000455764	42.372
0.000458279	36.2975
0.000460793	30.8944
0.000463307	26.1013
0.000465821	21.9011
0.000468335	18.2283
0.000470849	15.0609
0.000473363	12.3343
0.000475877	10.0231
0.000478392	8.06723
0.000480906	6.4396
0.00048342	5.08773
0.000485934	3.98457
0.000488448	3.0868
0.000490962	2.36909
0.000493476	1.79781
0.000495991	1.35068
0.000498505	1.00322
0.000501019	0.737033
0.000503533	0.535477
0.000506047	0.384305
0.000508561	0.272994
0.000511075	0.191212
0.000513589	0.132775
0.000516104	0.0906746
0.000518618	0.0615465
0.000521132	0.0409407
0.000523646	0.0271687
0.00052616	0.0175854
0.000528674	0.0114138
0.000531188	0.00686855
0.000533703	0.0045611
