0.000166815	2.63115e-46
0.00017352	1.76856e-44
0.000180225	6.99532e-44
0.000186929	4.04041e-42
0.000193634	1.60399e-41
0.000200339	7.93452e-40
0.000207043	3.1721e-39
0.000213748	1.34456e-37
0.000220453	5.41074e-37
0.000227157	1.96638e-35
0.000233862	7.96074e-35
0.000240566	2.48233e-33
0.000247271	1.01032e-32
0.000253976	2.70546e-31
0.00026068	1.10609e-30
0.000267385	2.54633e-29
0.00027409	1.04468e-28
0.000280794	2.07009e-27
0.000287499	8.51249e-27
0.000294204	1.45411e-25
0.000300908	5.98477e-25
0.000307613	8.82842e-24
0.000314317	3.6307e-23
0.000321022	4.63459e-22
0.000327727	1.90074e-21
0.000334431	2.10457e-20
0.000341136	8.58794e-20
0.000347841	8.27073e-19
0.000354545	3.34918e-18
0.00036125	2.81432e-17
0.000367955	1.12753e-16
0.000374659	8.29639e-16
0.000381364	3.27731e-15
0.000388068	2.12005e-14
0.000394773	8.22585e-14
0.000401478	4.69905e-13
0.000408182	1.7832e-12
0.000414887	9.0396e-12
0.000421592	3.33937e-11
0.000428296	1.51019e-10
0.000435001	5.40361e-10
0.000441706	2.1924e-09
0.00044841	7.55752e-09
0.000455115	2.76729e-08
0.000461819	9.13886e-08
0.000468524	3.03846e-07
0.000475229	9.55833e-07
0.000481933	2.90337e-06
0.000488638	8.6504e-06
0.000495343	2.41518e-05
0.000502047	6.77746e-05
0.000508752	0.000174947
0.000515457	0.000459959
0.000522161	0.0011037
0.000528866	0.00270567
0.000535571	0.00606491
0.000542275	0.0138055
0.00054898	0.0290306
0.000555684	0.0611541
0.000562389	0.121052
0.000569094	0.235409
0.000575798	0.447839
0.000582503	0.799835
0.000589208	1.42551
0.000595912	2.36991
0.000602617	3.91187
0.000609322	6.09512
0.000616026	9.33599
0.000622731	13.6482
0.000629435	19.4522
0.00063614	26.7049
0.000642845	35.5522
0.000649549	45.9036
0.000656254	57.3768
0.000662959	69.8906
0.000669663	82.597
0.000676368	95.4891
0.000683073	107.751
0.000689777	119.463
0.000696482	130.488
0.000703186	140.942
0.000709891	151.658
0.000716596	162.718
0.0007233	175.64
0.000730005	190.442
0.00073671	208.731
0.000743414	230.484
0.000750119	256.957
0.000756824	288.125
0.000763528	324.875
0.000770233	367.201
0.000776937	415.932
0.000783642	471.073
0.000790347	533.653
0.000797051	603.661
0.000803756	682.054
0.000810461	768.805
0.000817165	863.936
0.00082387	967.425
0.000830575	1077.59
0.000837279	1194.45
0.000843984	1314.86
0.000850689	1438.83
0.000857393	1563.04
0.000864098	1687.47
0.000870802	1809.68
0.000877507	1929.68
0.000884212	2045.72
0.000890916	2157.83
0.000897621	2263.87
0.000904326	2363.87
0.00091103	2454.66
0.000917735	2536.24
0.00092444	2605.63
0.000931144	2662.64
0.000937849	2706.86
0.000944553	2737.99
0.000951258	2759.61
0.000957963	2771.52
0.000964667	2780
0.000971372	2785.2
0.000978077	2792.58
0.000984781	2802.63
0.000991486	2816.84
0.000998191	2835.75
0.0010049	2856.59
0.0010116	2879.56
0.0010183	2900.25
0.00102501	2918.57
0.00103171	2929.99
0.00103842	2935.48
0.00104512	2935.81
0.00105183	2926.93
0.00105853	2910.31
0.00106524	2886.54
0.00107194	2854.43
0.00107865	2813.99
0.00108535	2764.04
0.00109206	2704.28
0.00109876	2634.92
0.00110546	2555.51
0.00111217	2468.78
0.00111887	2374.6
0.00112558	2277.18
0.00113228	2177
0.00113899	2077.44
0.00114569	1979.32
0.0011524	1883.55
0.0011591	1790.76
0.00116581	1699.76
0.00117251	1610.59
0.00117922	1521.65
0.00118592	1432.54
0.00119263	1342.82
0.00119933	1252.07
0.00120603	1161.38
0.00121274	1070.68
0.00121944	981.77
0.00122615	895.005
0.00123285	811.722
0.00123956	732.43
0.00124626	657.509
0.00125297	587.269
0.00125967	521.471
0.00126638	460.123
0.00127308	403.008
0.00127979	350.006
0.00128649	301.212
0.00129319	256.599
0.0012999	216.355
0.0013066	180.595
0.00131331	149.218
0.00132001	122.335
0.00132672	99.4298
0.00133342	80.4421
0.00134013	64.642
0.00134683	51.7759
0.00135354	41.2011
0.00136024	32.5865
0.00136695	25.5279
0.00137365	19.7514
0.00138035	15.0465
0.00138706	11.2447
0.00139376	8.21478
0.00140047	5.85828
0.00140717	4.05747
0.00141388	2.73381
0.00142058	1.78207
0.00142729	1.12505
0.00143399	0.688175
0.0014407	0.40383
0.0014474	0.232043
0.00145411	0.12459
0.00146081	0.068134
0.00146752	0.033535
0.00147422	0.0173651
0.00148092	0.00799629
0.00148763	0.00382872
0.00149433	0.00150427
0.00150104	0.000729456
