3.33898e-05	6.31899
3.52334e-05	8.22952
3.70771e-05	10.5656
3.89207e-05	13.3257
4.07644e-05	16.5146
4.2608e-05	20.1525
4.44517e-05	24.1937
4.62953e-05	28.616
4.8139e-05	33.3576
4.99827e-05	38.3531
5.18263e-05	43.5583
5.367e-05	48.8907
5.55136e-05	54.3577
5.73573e-05	59.9087
5.92009e-05	65.616
6.10446e-05	71.511
6.28882e-05	77.7146
6.47319e-05	84.3605
6.65755e-05	91.5804
6.84192e-05	99.5848
7.02628e-05	108.481
7.21065e-05	118.5
7.39502e-05	129.718
7.57938e-05	142.335
7.76375e-05	156.422
7.94811e-05	172.151
8.13248e-05	189.617
8.31684e-05	209.018
8.50121e-05	230.481
8.68557e-05	254.286
8.86994e-05	280.557
9.0543e-05	309.648
9.23867e-05	341.617
9.42303e-05	376.785
9.6074e-05	415.1
9.79177e-05	456.686
9.97613e-05	501.399
0.000101605	549.058
0.000103449	599.513
0.000105292	652.341
0.000107136	707.506
0.00010898	764.61
0.000110823	823.817
0.000112667	885.141
0.000114511	948.951
0.000116354	1016
0.000118198	1086.78
0.000120042	1162.89
0.000121885	1244.8
0.000123729	1334.72
0.000125572	1432.99
0.000127416	1541.97
0.00012926	1661.75
0.000131103	1794.27
0.000132947	1939.37
0.000134791	2097.98
0.000136634	2269.76
0.000138478	2454.32
0.000140322	2651.18
0.000142165	2858.57
0.000144009	3076.02
0.000145853	3300.6
0.000147696	3531.94
0.00014954	3766.44
0.000151384	4003.88
0.000153227	4240.62
0.000155071	4476.58
0.000156915	4708.58
0.000158758	4936.62
0.000160602	5158.26
0.000162446	5373.51
0.000164289	5580.62
0.000166133	5779.61
0.000167977	5969.2
0.00016982	6149.4
0.000171664	6319.25
0.000173507	6478.78
0.000175351	6627.34
0.000177195	6764.97
0.000179038	6891.47
0.000180882	7006.92
0.000182726	7111.71
0.000184569	7205.92
0.000186413	7290.64
0.000188257	7365.91
0.0001901	7433.4
0.000191944	7493.14
0.000193788	7547.16
0.000195631	7595.46
0.000197475	7640.07
0.000199319	7680.95
0.000201162	7719.62
0.000203006	7756.03
0.00020485	7790.62
0.000206693	7823.31
0.000208537	7853.03
0.000210381	7879.74
0.000212224	7901.4
0.000214068	7917.94
0.000215912	7920.16
0.000217755	7916.72
0.000219599	7907.02
0.000221442	7877.36
0.000223286	7833.5
0.00022513	7775.55
0.000226973	7701.91
0.000228817	7612.52
0.000230661	7508.37
0.000232504	7389.41
0.000234348	7257.88
0.000236192	7113.76
0.000238035	6960.04
0.000239879	6796.71
0.000241723	6627.14
0.000243566	6451.33
0.00024541	6272.74
0.000247254	6091.4
0.000249097	5910.53
0.000250941	5730.22
0.000252785	5553.03
0.000254628	5379.09
0.000256472	5209.84
0.000258316	5045.45
0.000260159	4885.96
0.000262003	4731.54
0.000263847	4580.96
0.00026569	4434.32
0.000267534	4289.65
0.000269377	4146.92
0.000271221	4004.18
0.000273065	3861.27
0.000274908	3716.88
0.000276752	3570.81
0.000278596	3422.75
0.000280439	3272.52
0.000282283	3120.84
0.000284127	2967.62
0.00028597	2814.31
0.000287814	2660.93
0.000289658	2509.29
0.000291501	2359.52
0.000293345	2213.32
0.000295189	2070.91
0.000297032	1933.59
0.000298876	1801.6
0.00030072	1675.64
0.000302563	1555.95
0.000304407	1442.62
0.000306251	1335.81
0.000308094	1235.13
0.000309938	1140.63
0.000311782	1051.68
0.000313625	968.196
0.000315469	889.555
0.000317312	815.615
0.000319156	745.95
0.000321	680.407
0.000322843	618.869
0.000324687	561.236
0.000326531	507.636
0.000328374	458.059
0.000330218	412.695
0.000332062	371.617
0.000333905	334.851
0.000335749	302.494
0.000337593	274.253
0.000339436	250.17
0.00034128	229.616
0.000343124	212.51
0.000344967	198.012
0.000346811	185.902
0.000348655	175.335
0.000350498	165.991
0.000352342	157.221
0.000354186	148.688
0.000356029	140.059
0.000357873	131.068
0.000359717	121.705
0.00036156	111.838
0.000363404	101.683
0.000365247	91.2562
0.000367091	80.8582
0.000368935	70.6145
0.000370778	60.7838
0.000372622	51.533
0.000374466	43.0039
0.000376309	35.3381
0.000378153	28.55
0.000379997	22.7136
0.00038184	17.751
0.000383684	13.6601
0.000385528	10.3221
0.000387371	7.67692
0.000389215	5.60817
0.000391059	4.02773
0.000392902	2.84503
0.000394746	1.9712
0.00039659	1.34695
0.000398433	0.877356
0.000400277	0.594928
