0.000100103	4.04071e-06
0.00010312	8.2686e-06
0.000106137	2.09523e-05
0.000109154	4.47717e-05
0.000112171	9.91735e-05
0.000115188	0.000201434
0.000118205	0.000428551
0.000121222	0.000829413
0.000124239	0.00169096
0.000127256	0.00312565
0.000130273	0.00609384
0.00013329	0.0108676
0.000136307	0.0200847
0.000139324	0.0348485
0.000142341	0.0606343
0.000145358	0.101299
0.000148375	0.167442
0.000151392	0.268721
0.000154408	0.423268
0.000157425	0.651595
0.000160442	0.980536
0.000163459	1.4472
0.000166476	2.0855
0.000169493	2.95244
0.00017251	4.08435
0.000175527	5.55519
0.000178544	7.39916
0.000181561	9.69787
0.000184578	12.4854
0.000187595	15.8445
0.000190612	19.8232
0.000193629	24.5193
0.000196646	30.0185
0.000199663	36.4826
0.00020268	44.0521
0.000205697	53.0266
0.000208714	63.59
0.000211731	76.2302
0.000214748	91.1224
0.000217765	108.9
0.000220782	129.652
0.000223799	153.982
0.000226816	181.836
0.000229833	213.52
0.00023285	248.839
0.000235867	287.582
0.000238884	329.485
0.000241901	373.793
0.000244918	420.287
0.000247935	467.895
0.000250952	516.53
0.000253969	565.205
0.000256986	613.983
0.000260003	662.342
0.00026302	710.453
0.000266037	758.447
0.000269054	806.535
0.000272071	855.46
0.000275088	905.411
0.000278105	957.547
0.000281122	1012.01
0.000284139	1070.15
0.000287156	1132.04
0.000290173	1199.04
0.00029319	1271.16
0.000296207	1349.59
0.000299224	1434.28
0.000302241	1526.01
0.000305258	1624.69
0.000308275	1730.43
0.000311292	1843.07
0.000314309	1961.81
0.000317326	2086.46
0.000320343	2215.24
0.00032336	2348.03
0.000326377	2482.45
0.000329394	2618.49
0.000332411	2753.94
0.000335428	2888.9
0.000338445	3022.17
0.000341462	3153.88
0.000344479	3284.2
0.000347496	3413.21
0.000350513	3541.99
0.00035353	3670.55
0.000356547	3799.93
0.000359564	3930.05
0.000362581	4061
0.000365598	4192.69
0.000368615	4323.9
0.000371632	4454.59
0.000374649	4582.62
0.000377666	4707.99
0.000380683	4828.32
0.0003837	4943.64
0.000386717	5051.8
0.000389734	5152.84
0.000392751	5244.92
0.000395768	5328.05
0.000398785	5400.48
0.000401802	5462.23
0.000404819	5512.06
0.000407836	5550.04
0.000410853	5568.15
0.00041387	5576.03
0.000416887	5573.84
0.000419904	5550.01
0.000422921	5511.58
0.000425938	5458.74
0.000428955	5392.9
0.000431972	5313.94
0.000434989	5225.84
0.000438006	5128.54
0.000441023	5026.85
0.00044404	4920.81
0.000447057	4814.55
0.000450074	4708.23
0.000453091	4603.89
0.000456108	4501.78
0.000459125	4401.3
0.000462142	4302.66
0.000465159	4203.32
0.000468176	4103.3
0.000471193	3999.68
0.00047421	3892.28
0.000477227	3779.47
0.000480244	3660.93
0.000483261	3537.31
0.000486278	3408.33
0.000489295	3276.76
0.000492312	3142.52
0.000495329	3009.36
0.000498346	2877.5
0.000501363	2750.1
0.00050438	2627.6
0.000507397	2511.33
0.000510414	2401.77
0.000513431	2298.06
0.000516448	2200.44
0.000519465	2106.5
0.000522482	2016.16
0.000525499	1926.7
0.000528516	1837.75
0.000531533	1747.61
0.00053455	1655.78
0.000537567	1562.27
0.000540584	1466.74
0.000543601	1370.62
0.000546618	1273.9
0.000549635	1178.63
0.000552652	1085.09
0.000555669	994.984
0.000558686	908.74
0.000561703	827.253
0.00056472	750.87
0.000567737	679.747
0.000570754	614.048
0.000573771	553.563
0.000576788	498.304
0.000579805	448.001
0.000582822	402.616
0.000585839	361.867
0.000588856	325.732
0.000591873	293.776
0.00059489	265.975
0.000597907	241.635
0.000600924	220.65
0.000603941	202.146
0.000606958	185.889
0.000609975	171.063
0.000612992	157.343
0.000616009	144.219
0.000619026	131.383
0.000622043	118.732
0.00062506	106.086
0.000628077	93.6544
0.000631094	81.4296
0.000634111	69.7278
0.000637128	58.671
0.000640145	48.489
0.000643162	39.3396
0.000646179	31.2775
0.000649196	24.4076
0.000652213	18.631
0.00065523	13.9596
0.000658247	10.2191
0.000661264	7.3411
0.000664281	5.15179
0.000667298	3.54314
0.000670315	2.38418
0.000673332	1.56723
0.000676349	1.01203
0.000679366	0.634563
0.000682383	0.393798
0.0006854	0.234929
0.000688417	0.140412
0.000691434	0.0794425
0.000694451	0.0458632
0.000697468	0.0219305
0.000700485	0.0137211
