3.33898e-05	1.47984
3.52334e-05	2.20507
3.70771e-05	3.3729
3.89207e-05	4.92226
4.07644e-05	7.03142
4.2608e-05	9.83017
4.44517e-05	13.4323
4.62953e-05	17.996
4.8139e-05	23.5703
4.99827e-05	30.2927
5.18263e-05	38.1075
5.367e-05	47.0592
5.55136e-05	56.9841
5.73573e-05	67.7726
5.92009e-05	79.199
6.10446e-05	90.9916
6.28882e-05	102.945
6.47319e-05	114.695
6.65755e-05	126.136
6.84192e-05	136.941
7.02628e-05	147.149
7.21065e-05	156.602
7.39502e-05	165.474
7.57938e-05	173.865
7.76375e-05	182.042
7.94811e-05	190.372
8.13248e-05	199.167
8.31684e-05	209.015
8.50121e-05	220.239
8.68557e-05	233.587
8.86994e-05	249.368
9.0543e-05	268.435
9.23867e-05	291.059
9.42303e-05	318.141
9.6074e-05	349.886
9.79177e-05	387.163
9.97613e-05	430.065
0.000101605	479.297
0.000103449	534.794
0.000105292	596.904
0.000107136	665.378
0.00010898	739.988
0.000110823	820.35
0.000112667	905.533
0.000114511	995.169
0.000116354	1087.8
0.000118198	1183.28
0.000120042	1280.22
0.000121885	1378.86
0.000123729	1478.76
0.000125572	1580.52
0.000127416	1685.34
0.00012926	1793.93
0.000131103	1909.11
0.000132947	2031.3
0.000134791	2163.92
0.000136634	2306.88
0.000138478	2462.47
0.000140322	2630.09
0.000142165	2809.47
0.000144009	2999.75
0.000145853	3197.71
0.000147696	3402.59
0.00014954	3609.09
0.000151384	3816.86
0.000153227	4020.31
0.000155071	4219.5
0.000156915	4410.32
0.000158758	4593.14
0.000160602	4766.41
0.000162446	4930.61
0.000164289	5086.97
0.000166133	5235.92
0.000167977	5380.94
0.00016982	5522.29
0.000171664	5664.5
0.000173507	5807.56
0.000175351	5955.35
0.000177195	6107.6
0.000179038	6265.7
0.000180882	6429.28
0.000182726	6596.38
0.000184569	6766.75
0.000186413	6936.08
0.000188257	7104.35
0.0001901	7267.5
0.000191944	7425.72
0.000193788	7577.77
0.000195631	7723.86
0.000197475	7866.02
0.000199319	8004.3
0.000201162	8141.59
0.000203006	8277.73
0.00020485	8412.51
0.000206693	8545.74
0.000208537	8671.55
0.000210381	8789.89
0.000212224	8890.64
0.000214068	8973.82
0.000215912	9025.62
0.000217755	9050.62
0.000219599	9047.77
0.000221442	9004.44
0.000223286	8929.61
0.00022513	8823.28
0.000226973	8692.19
0.000228817	8536.23
0.000230661	8364.75
0.000232504	8177.77
0.000234348	7982.5
0.000236192	7779.09
0.000238035	7571.05
0.000239879	7358.54
0.000241723	7142.29
0.000243566	6922.36
0.00024541	6698.73
0.000247254	6471.36
0.000249097	6240.94
0.000250941	6007.38
0.000252785	5772.35
0.000254628	5535.81
0.000256472	5299.93
0.000258316	5064.73
0.000260159	4832.35
0.000262003	4602.85
0.000263847	4378.16
0.00026569	4158.34
0.000267534	3945.07
0.000269377	3738.45
0.000271221	3539.77
0.000273065	3349.17
0.000274908	3167.3
0.000276752	2994.31
0.000278596	2830.04
0.000280439	2674.58
0.000282283	2527.07
0.000284127	2387.52
0.00028597	2254.81
0.000287814	2128.83
0.000289658	2008.74
0.000291501	1894.38
0.000293345	1785.38
0.000295189	1681.65
0.000297032	1583.09
0.000298876	1489.71
0.00030072	1401.22
0.000302563	1317.7
0.000304407	1238.44
0.000306251	1163.45
0.000308094	1091.73
0.000309938	1023.16
0.000311782	956.836
0.000313625	892.533
0.000315469	829.751
0.000317312	768.284
0.000319156	708.116
0.000321	649.133
0.000322843	591.664
0.000324687	535.708
0.000326531	481.736
0.000328374	429.829
0.000330218	380.454
0.000332062	333.729
0.000333905	290.04
0.000335749	249.516
0.000337593	212.414
0.000339436	178.857
0.00034128	148.931
0.000343124	122.731
0.000344967	100.145
0.000346811	81.2151
0.000348655	65.6279
0.000350498	53.3553
0.000352342	43.9174
0.000354186	37.2024
0.000356029	32.6239
0.000357873	29.7252
0.000359717	28.849
0.00036156	28.8819
0.000363404	28.9758
0.000365247	29.6804
0.000367091	30.3844
0.000368935	30.6394
0.000370778	30.7112
0.000372622	30.0786
0.000374466	28.7504
0.000376309	26.9002
0.000378153	24.6237
0.000379997	21.9807
0.00038184	19.1647
0.000383684	16.3032
0.000385528	13.525
0.000387371	10.9596
0.000389215	8.64808
0.000391059	6.6726
0.000392902	5.00879
0.000394746	3.67753
0.00039659	2.62758
0.000398433	1.81265
0.000400277	1.24857
