0.000166815	7.65613
0.000172682	9.5192
0.000178548	11.7582
0.000184415	14.3588
0.000190282	17.3628
0.000196148	20.8057
0.000202015	24.6996
0.000207881	29.072
0.000213748	33.921
0.000219614	39.2602
0.000225481	45.075
0.000231347	51.3614
0.000237214	58.0961
0.00024308	65.2571
0.000248947	72.818
0.000254813	80.7431
0.00026068	89.0091
0.000266547	97.5742
0.000272413	106.422
0.00027828	115.515
0.000284146	124.842
0.000290013	134.376
0.000295879	144.111
0.000301746	154.027
0.000307612	164.117
0.000313479	174.363
0.000319345	184.748
0.000325212	195.246
0.000331078	205.83
0.000336945	216.451
0.000342812	227.078
0.000348678	237.636
0.000354545	248.098
0.000360411	258.375
0.000366278	268.451
0.000372144	278.245
0.000378011	287.757
0.000383877	296.94
0.000389744	305.812
0.00039561	314.378
0.000401477	322.675
0.000407343	330.771
0.00041321	338.715
0.000419077	346.644
0.000424943	354.613
0.00043081	362.824
0.000436676	371.337
0.000442543	380.412
0.000448409	390.106
0.000454276	400.728
0.000460142	412.328
0.000466009	425.24
0.000471875	439.5
0.000477742	455.432
0.000483608	473.048
0.000489475	492.608
0.000495342	514.094
0.000501208	537.641
0.000507075	563.201
0.000512941	590.721
0.000518808	620.134
0.000524674	651.168
0.000530541	683.751
0.000536407	717.407
0.000542274	752.073
0.00054814	787.139
0.000554007	822.567
0.000559873	857.725
0.00056574	892.606
0.000571606	926.686
0.000577473	959.985
0.00058334	992.196
0.000589206	1023.36
0.000595073	1053.43
0.000600939	1082.45
0.000606806	1110.63
0.000612672	1138
0.000618539	1164.93
0.000624405	1191.42
0.000630272	1217.89
0.000636138	1244.31
0.000642005	1271.02
0.000647871	1297.98
0.000653738	1325.33
0.000659605	1353.05
0.000665471	1381.07
0.000671338	1409.38
0.000677204	1437.75
0.000683071	1466.18
0.000688937	1494.37
0.000694804	1522.32
0.00070067	1549.79
0.000706537	1576.76
0.000712403	1603.11
0.00071827	1628.84
0.000724136	1653.93
0.000730003	1678.39
0.00073587	1702.27
0.000741736	1725.59
0.000747603	1748.37
0.000753469	1770.62
0.000759336	1792.23
0.000765202	1813.2
0.000771069	1833.18
0.000776935	1852.19
0.000782802	1869.64
0.000788668	1885.51
0.000794535	1899.03
0.000800401	1910.19
0.000806268	1918.12
0.000812135	1922.83
0.000818001	1923.23
0.000823868	1919.57
0.000829734	1911.85
0.000835601	1898.74
0.000841467	1880.6
0.000847334	1857.46
0.0008532	1829.26
0.000859067	1795.99
0.000864933	1758.06
0.0008708	1715.44
0.000876666	1668.9
0.000882533	1618.42
0.0008884	1565.03
0.000894266	1508.74
0.000900133	1450.72
0.000905999	1391.02
0.000911866	1330.83
0.000917732	1270.21
0.000923599	1210.26
0.000929465	1151.05
0.000935332	1093.44
0.000941198	1037.51
0.000947065	983.76
0.000952931	932.289
0.000958798	883.223
0.000964665	836.629
0.000970531	792.321
0.000976398	750.326
0.000982264	710.256
0.000988131	672.099
0.000993997	635.412
0.000999864	600.147
0.00100573	565.943
0.0010116	532.735
0.00101746	500.323
0.00102333	468.645
0.0010292	437.674
0.00103506	407.372
0.00104093	377.842
0.0010468	349.075
0.00105266	321.239
0.00105853	294.351
0.0010644	268.578
0.00107026	243.954
0.00107613	220.607
0.001082	198.574
0.00108786	177.928
0.00109373	158.701
0.00109959	140.91
0.00110546	124.578
0.00111133	109.672
0.00111719	96.2025
0.00112306	84.091
0.00112893	73.3347
0.00113479	63.8145
0.00114066	55.5128
0.00114653	48.279
0.00115239	42.0795
0.00115826	36.7483
0.00116413	32.237
0.00116999	28.3845
0.00117586	25.1322
0.00118173	22.3436
0.00118759	19.9577
0.00119346	17.8748
0.00119933	16.0404
0.00120519	14.3941
0.00121106	12.8946
0.00121693	11.5145
0.00122279	10.2283
0.00122866	9.03011
0.00123453	7.90856
0.00124039	6.86715
0.00124626	5.90411
0.00125212	5.02328
0.00125799	4.22701
0.00126386	3.51494
0.00126972	2.88905
0.00127559	2.34418
0.00128146	1.87946
0.00128732	1.48662
0.00129319	1.16155
0.00129906	0.895187
0.00130492	0.68115
0.00131079	0.511378
0.00131666	0.378705
0.00132252	0.27698
0.00132839	0.197105
0.00133426	0.142197
