0.000100103	14.0413
0.000103622	16.0869
0.000107142	18.3216
0.000110662	20.7331
0.000114182	23.3574
0.000117702	26.2045
0.000121222	29.345
0.000124742	32.8237
0.000128261	36.7496
0.000131781	41.2189
0.000135301	46.3687
0.000138821	52.3536
0.000142341	59.3161
0.000145861	67.4582
0.000149381	76.8972
0.0001529	87.8508
0.00015642	100.38
0.00015994	114.67
0.00016346	130.703
0.00016698	148.576
0.0001705	168.191
0.00017402	189.507
0.000177539	212.358
0.000181059	236.545
0.000184579	261.867
0.000188099	287.973
0.000191619	314.667
0.000195139	341.498
0.000198659	368.308
0.000202178	394.622
0.000205698	420.352
0.000209218	445.09
0.000212738	468.827
0.000216258	491.307
0.000219778	512.598
0.000223298	532.652
0.000226817	551.589
0.000230337	569.584
0.000233857	586.774
0.000237377	603.518
0.000240897	619.938
0.000244417	636.49
0.000247937	653.253
0.000251456	670.677
0.000254976	688.786
0.000258496	707.924
0.000262016	728.075
0.000265536	749.418
0.000269056	771.917
0.000272576	795.591
0.000276095	820.407
0.000279615	846.283
0.000283135	873.208
0.000286655	901.088
0.000290175	929.94
0.000293695	959.742
0.000297214	990.535
0.000300734	1022.42
0.000304254	1055.44
0.000307774	1089.83
0.000311294	1125.62
0.000314814	1163.1
0.000318334	1202.28
0.000321853	1243.45
0.000325373	1286.58
0.000328893	1331.85
0.000332413	1379.23
0.000335933	1428.72
0.000339453	1480.29
0.000342973	1533.78
0.000346492	1589.16
0.000350012	1646.19
0.000353532	1704.85
0.000357052	1764.88
0.000360572	1826.31
0.000364092	1888.97
0.000367612	1952.89
0.000371131	2018.04
0.000374651	2084.45
0.000378171	2152.19
0.000381691	2221.26
0.000385211	2291.69
0.000388731	2363.45
0.000392251	2436.37
0.00039577	2510.39
0.00039929	2584.98
0.00040281	2660.1
0.00040633	2734.82
0.00040985	2809.12
0.00041337	2881.84
0.00041689	2952.97
0.000420409	3021.34
0.000423929	3086.95
0.000427449	3148.87
0.000430969	3207.13
0.000434489	3261.19
0.000438009	3311.06
0.000441529	3356.64
0.000445048	3397.93
0.000448568	3435.06
0.000452088	3468.05
0.000455608	3497.06
0.000459128	3522.11
0.000462648	3543.22
0.000466168	3560.39
0.000469687	3573.76
0.000473207	3583.46
0.000476727	3585.1
0.000480247	3584.55
0.000483767	3582.15
0.000487287	3570.86
0.000490807	3554.08
0.000494326	3532.08
0.000497846	3503.87
0.000501366	3469.43
0.000504886	3428.44
0.000508406	3380.87
0.000511926	3326.7
0.000515446	3265.88
0.000518965	3198.78
0.000522485	3125.35
0.000526005	3046.48
0.000529525	2962.11
0.000533045	2873.66
0.000536565	2781.09
0.000540085	2686.22
0.000543604	2589.08
0.000547124	2491.63
0.000550644	2393.94
0.000554164	2297.78
0.000557684	2203.27
0.000561204	2111.65
0.000564724	2023.07
0.000568243	1938.02
0.000571763	1856.66
0.000575283	1778.76
0.000578803	1704.41
0.000582323	1632.87
0.000585843	1564.14
0.000589362	1497.28
0.000592882	1432.21
0.000596402	1368.12
0.000599922	1304.89
0.000603442	1242.06
0.000606962	1179.49
0.000610482	1117.17
0.000614001	1055.02
0.000617521	993.377
0.000621041	932.23
0.000624561	872.138
0.000628081	813.154
0.000631601	755.85
0.000635121	700.334
0.00063864	647.04
0.00064216	596.088
0.00064568	547.701
0.0006492	501.977
0.00065272	458.929
0.00065624	418.611
0.00065976	380.88
0.000663279	345.743
0.000666799	312.983
0.000670319	282.564
0.000673839	254.27
0.000677359	228.042
0.000680879	203.702
0.000684399	181.189
0.000687918	160.376
0.000691438	141.211
0.000694958	123.606
0.000698478	107.524
0.000701998	92.8898
0.000705518	79.6774
0.000709038	67.8047
0.000712557	57.2481
0.000716077	47.9071
0.000719597	39.7515
0.000723117	32.6627
0.000726637	26.5987
0.000730157	21.432
0.000733677	17.1084
0.000737196	13.5038
0.000740716	10.5557
0.000744236	8.1547
0.000747756	6.23618
0.000751276	4.71227
0.000754796	3.52253
0.000758316	2.60224
0.000761835	1.89994
0.000765355	1.37178
0.000768875	0.977472
0.000772395	0.68967
0.000775915	0.479234
0.000779435	0.33044
0.000782955	0.22373
0.000786474	0.150787
0.000789994	0.0993881
0.000793514	0.0654975
0.000797034	0.0403965
0.000800554	0.0270707
