3.33898e-05	13.9958
3.48982e-05	18.2561
3.64066e-05	23.8407
3.7915e-05	30.6322
3.94234e-05	38.9735
4.09318e-05	49.1019
4.24402e-05	61.2721
4.39487e-05	75.771
4.54571e-05	92.8438
4.69655e-05	112.813
4.84739e-05	135.887
4.99823e-05	162.398
5.14907e-05	192.489
5.29991e-05	226.461
5.45076e-05	264.356
5.6016e-05	306.387
5.75244e-05	352.47
5.90328e-05	402.659
6.05412e-05	456.724
6.20496e-05	514.491
6.3558e-05	575.598
6.50665e-05	639.584
6.65749e-05	706.004
6.80833e-05	774.112
6.95917e-05	843.458
7.11001e-05	913.084
7.26085e-05	982.633
7.41169e-05	1051.09
7.56253e-05	1118.28
7.71338e-05	1183.34
7.86422e-05	1246.31
8.01506e-05	1306.71
8.1659e-05	1364.78
8.31674e-05	1420.56
8.46758e-05	1474.4
8.61842e-05	1526.9
8.76927e-05	1578.43
8.92011e-05	1630
9.07095e-05	1681.92
9.22179e-05	1735.37
9.37263e-05	1790.56
9.52347e-05	1848.6
9.67431e-05	1909.57
9.82516e-05	1974.34
9.976e-05	2042.9
0.000101268	2115.81
0.000102777	2193.02
0.000104285	2274.8
0.000105794	2361.1
0.000107302	2451.99
0.00010881	2547.42
0.000110319	2647.28
0.000111827	2751.48
0.000113336	2859.7
0.000114844	2971.75
0.000116353	3086.97
0.000117861	3205.08
0.000119369	3324.88
0.000120878	3446.08
0.000122386	3566.85
0.000123895	3686.95
0.000125403	3804.1
0.000126911	3918.12
0.00012842	4026.61
0.000129928	4129.5
0.000131437	4224.7
0.000132945	4312.26
0.000134453	4390.8
0.000135962	4460.46
0.00013747	4520.83
0.000138979	4572.1
0.000140487	4614.87
0.000141996	4649.3
0.000143504	4676.8
0.000145012	4697.46
0.000146521	4713.07
0.000148029	4723.67
0.000149538	4731.26
0.000151046	4735.51
0.000152554	4735.91
0.000154063	4735.87
0.000155571	4734.99
0.00015708	4730.82
0.000158588	4724.9
0.000160097	4717.02
0.000161605	4706.22
0.000163113	4692.47
0.000164622	4674.65
0.00016613	4652.77
0.000167639	4625.79
0.000169147	4593.71
0.000170655	4555.87
0.000172164	4512.3
0.000173672	4462.85
0.000175181	4407.56
0.000176689	4346.9
0.000178197	4280.88
0.000179706	4210.5
0.000181214	4135.75
0.000182723	4057.95
0.000184231	3977.08
0.00018574	3894.5
0.000187248	3810.2
0.000188756	3725.31
0.000190265	3639.84
0.000191773	3554.51
0.000193282	3469.34
0.00019479	3384.62
0.000196298	3300.35
0.000197807	3216.45
0.000199315	3132.95
0.000200824	3049.56
0.000202332	2966.3
0.000203841	2882.9
0.000205349	2799.35
0.000206857	2715.54
0.000208366	2631.47
0.000209874	2547.22
0.000211383	2462.78
0.000212891	2378.39
0.000214399	2294.07
0.000215908	2210.08
0.000217416	2126.45
0.000218925	2043.38
0.000220433	1960.91
0.000221941	1879.08
0.00022345	1797.93
0.000224958	1717.38
0.000226467	1637.43
0.000227975	1557.94
0.000229484	1478.92
0.000230992	1400.27
0.0002325	1321.97
0.000234009	1244.11
0.000235517	1166.67
0.000237026	1089.95
0.000238534	1013.94
0.000240042	939.19
0.000241551	865.703
0.000243059	794.184
0.000244568	724.673
0.000246076	657.922
0.000247585	594.003
0.000249093	533.588
0.000250601	476.774
0.00025211	424.047
0.000253618	375.51
0.000255127	331.394
0.000256635	291.79
0.000258143	256.655
0.000259652	226.047
0.00026116	199.675
0.000262669	177.553
0.000264177	159.195
0.000265685	144.568
0.000267194	133.064
0.000268702	124.604
0.000270211	118.507
0.000271719	114.443
0.000273228	112.67
0.000274736	112.018
0.000276244	111.885
0.000277753	112.72
0.000279261	113.805
0.00028077	115.011
0.000282278	115.533
0.000283786	115.526
0.000285295	115.479
0.000286803	114.206
0.000288312	111.798
0.00028982	108.566
0.000291329	104.431
0.000292837	99.3677
0.000294345	93.5773
0.000295854	87.0948
0.000297362	80.1757
0.000298871	72.9054
0.000300379	65.5323
0.000301887	58.1709
0.000303396	51.0141
0.000304904	44.1783
0.000306413	37.7759
0.000307921	31.9004
0.000309429	26.5842
0.000310938	21.8825
0.000312446	17.7667
0.000313955	14.2503
0.000315463	11.27
0.000316972	8.80512
0.00031848	6.78247
0.000319988	5.15987
0.000321497	3.87125
0.000323005	2.8666
0.000324514	2.09507
0.000326022	1.50931
0.00032753	1.07483
0.000329039	0.75291
0.000330547	0.522634
0.000332056	0.347812
0.000333564	0.240837
