0.000500379	8.57959e-16
0.000506246	4.18768e-15
0.000512113	1.41769e-14
0.000517979	6.61757e-14
0.000523846	2.10099e-13
0.000529712	8.96815e-13
0.000535579	2.79276e-12
0.000541445	1.09335e-11
0.000547312	3.33002e-11
0.000553178	1.19946e-10
0.000559045	3.56221e-10
0.000564911	1.18443e-09
0.000570778	3.41912e-09
0.000576644	1.05304e-08
0.000582511	2.94517e-08
0.000588378	8.4318e-08
0.000594244	2.27722e-07
0.000600111	6.08213e-07
0.000605977	1.58096e-06
0.000611844	3.95349e-06
0.00061771	9.85843e-06
0.000623577	2.31649e-05
0.000629443	5.524e-05
0.00063531	0.000122392
0.000641176	0.000278288
0.000647043	0.000583347
0.000652909	0.00126131
0.000658776	0.00250935
0.000664643	0.0051476
0.000670509	0.00974814
0.000676376	0.0189367
0.000682242	0.0345659
0.000688109	0.0631029
0.000693975	0.111282
0.000699842	0.190877
0.000705708	0.32096
0.000711575	0.522425
0.000717441	0.837053
0.000723308	1.29713
0.000729174	1.98098
0.000735041	2.93063
0.000740908	4.27125
0.000746774	6.04726
0.000752641	8.42735
0.000758507	11.446
0.000764374	15.2893
0.00077024	19.9681
0.000776107	25.6364
0.000781973	32.2716
0.00078784	39.9318
0.000793706	48.5602
0.000799573	58.06
0.000805439	68.3507
0.000811306	79.1508
0.000817173	90.3801
0.000823039	101.602
0.000828906	112.771
0.000834772	123.412
0.000840639	133.547
0.000846505	142.872
0.000852372	151.483
0.000858238	159.477
0.000864105	167.006
0.000869971	174.705
0.000875838	182.73
0.000881704	192.197
0.000887571	203.211
0.000893438	217.112
0.000899304	233.928
0.000905171	254.865
0.000911037	279.878
0.000916904	309.719
0.00092277	344.291
0.000928637	383.69
0.000934503	427.797
0.00094037	475.989
0.000946236	528.163
0.000952103	583.111
0.000957969	640.788
0.000963836	699.795
0.000969703	760.172
0.000975569	820.949
0.000981436	882.233
0.000987302	944.097
0.000993169	1006.67
0.000999035	1071.31
0.0010049	1138.1
0.00101077	1209.39
0.00101663	1285.17
0.0010225	1367.88
0.00102837	1457.44
0.00103423	1555.15
0.0010401	1660.9
0.00104597	1773.72
0.00105183	1893.53
0.0010577	2016.54
0.00106357	2142.73
0.00106943	2266.14
0.0010753	2386.79
0.00108117	2498.36
0.00108703	2600.9
0.0010929	2690.05
0.00109877	2765.82
0.00110463	2827.41
0.0011105	2874.76
0.00111637	2910.57
0.00112223	2934.76
0.0011281	2952.02
0.00113397	2962.33
0.00113983	2970.5
0.0011457	2976.57
0.00115157	2984.1
0.00115743	2993.23
0.0011633	3005.59
0.00116916	3021.35
0.00117503	3039.88
0.0011809	3061.38
0.00118676	3082.88
0.00119263	3104.54
0.0011985	3121.8
0.00120436	3134.79
0.00121023	3137.01
0.0012161	3129.97
0.00122196	3114.12
0.00122783	3082.19
0.0012337	3037.47
0.00123956	2980.31
0.00124543	2912.73
0.0012513	2834.66
0.00125716	2749.54
0.00126303	2657.57
0.0012689	2561.33
0.00127476	2461.13
0.00128063	2358.19
0.0012865	2252.7
0.00129236	2145.37
0.00129823	2036.17
0.0013041	1926.49
0.00130996	1816.24
0.00131583	1707.87
0.00132169	1601.49
0.00132756	1499.87
0.00133343	1403.41
0.00133929	1313.85
0.00134516	1231.73
0.00135103	1156.85
0.00135689	1089.6
0.00136276	1027.98
0.00136863	971.995
0.00137449	918.974
0.00138036	868.496
0.00138623	818.541
0.00139209	768.507
0.00139796	717.783
0.00140383	665.901
0.00140969	613.6
0.00141556	560.751
0.00142143	508.789
0.00142729	457.926
0.00143316	409.525
0.00143903	363.984
0.00144489	322.09
0.00145076	284.226
0.00145663	250.472
0.00146249	221.054
0.00146836	195.491
0.00147422	173.799
0.00148009	155.205
0.00148596	139.543
0.00149182	126.018
0.00149769	114.354
0.00150356	103.944
0.00150942	94.4959
0.00151529	85.6804
0.00152116	77.2714
0.00152702	69.1981
0.00153289	61.3434
0.00153876	53.7936
0.00154462	46.5363
0.00155049	39.6989
0.00155636	33.3335
0.00156222	27.525
0.00156809	22.3393
0.00157396	17.7856
0.00157982	13.9045
0.00158569	10.6391
0.00159156	7.98722
0.00159742	5.85778
0.00160329	4.21061
0.00160916	2.95386
0.00161502	2.02685
0.00162089	1.35841
0.00162675	0.886933
0.00163262	0.567722
0.00163849	0.351437
0.00164435	0.215029
0.00165022	0.125657
0.00165609	0.0736512
0.00166195	0.0368254
0.00166782	0.0227777
