0.000500379	2.96206e-51
0.000507084	3.07788e-49
0.000513789	1.22227e-48
0.000520493	1.08057e-46
0.000527198	4.31632e-46
0.000533903	3.2395e-44
0.000540607	1.30449e-43
0.000547312	8.31398e-42
0.000554017	3.37401e-41
0.000560721	1.82678e-39
0.000567426	7.46862e-39
0.000574131	3.4368e-37
0.000580835	1.41489e-36
0.00058754	5.53696e-35
0.000594244	2.29405e-34
0.000600949	7.64019e-33
0.000607654	3.18336e-32
0.000614358	9.03088e-31
0.000621063	3.78076e-30
0.000627768	9.14623e-29
0.000634472	3.8432e-28
0.000641177	7.93869e-27
0.000647882	3.3438e-26
0.000654586	5.90713e-25
0.000661291	2.49021e-24
0.000667995	3.76939e-23
0.0006747	1.58745e-22
0.000681405	2.06349e-21
0.000688109	8.66272e-21
0.000694814	9.69534e-20
0.000701519	4.04698e-19
0.000708223	3.91172e-18
0.000714928	1.6187e-17
0.000721633	1.356e-16
0.000728337	5.54385e-16
0.000735042	4.04114e-15
0.000741746	1.62601e-14
0.000748451	1.03607e-13
0.000755156	4.0849e-13
0.00076186	2.28677e-12
0.000768565	8.7919e-12
0.00077527	4.34835e-11
0.000781974	1.62164e-10
0.000788679	7.12898e-10
0.000795384	2.56421e-09
0.000802088	1.00848e-08
0.000808793	3.47766e-08
0.000815497	1.2319e-07
0.000822202	4.04777e-07
0.000828907	1.30045e-06
0.000835611	4.04642e-06
0.000842316	1.18729e-05
0.000849021	3.47759e-05
0.000855725	9.38262e-05
0.00086243	0.00025726
0.000869135	0.000642375
0.000875839	0.0016407
0.000882544	0.00381423
0.000889249	0.00903836
0.000895953	0.019667
0.000902658	0.0431109
0.000909362	0.0882027
0.000916067	0.178555
0.000922772	0.345907
0.000929476	0.646022
0.000936181	1.20393
0.000942886	2.07741
0.00094959	3.59363
0.000956295	5.83044
0.000963	9.3974
0.000969704	14.3726
0.000976409	21.6553
0.000983113	31.2787
0.000989818	44.2089
0.000996523	60.389
0.00100323	80.3435
0.00100993	103.92
0.00101664	130.592
0.00102334	160.178
0.00103005	190.856
0.00103675	222.532
0.00104346	252.703
0.00105016	281.444
0.00105686	307.058
0.00106357	329.765
0.00107027	350.255
0.00107698	368.762
0.00108368	388.833
0.00109039	410.566
0.00109709	438.987
0.0011038	474.015
0.0011105	519.479
0.00111721	575.206
0.00112391	641.578
0.00113062	718.468
0.00113732	802.66
0.00114402	894.139
0.00115073	988.208
0.00115743	1084.91
0.00116414	1180.8
0.00117084	1275.9
0.00117755	1369.34
0.00118425	1461.11
0.00119096	1552.3
0.00119766	1642.9
0.00120437	1734.3
0.00121107	1826.51
0.00121778	1919.8
0.00122448	2014.21
0.00123119	2108.63
0.00123789	2203.06
0.00124459	2296.13
0.0012513	2387.77
0.001258	2477.82
0.00126471	2566.2
0.00127141	2653.87
0.00127812	2740.9
0.00128482	2827.39
0.00129153	2913.58
0.00129823	2996.66
0.00130494	3076.84
0.00131164	3148.96
0.00131835	3212.92
0.00132505	3264.57
0.00133175	3304.51
0.00133846	3322.49
0.00134516	3329.51
0.00135187	3328.86
0.00135857	3308.57
0.00136528	3277.19
0.00137198	3236.21
0.00137869	3186.72
0.00138539	3129.06
0.0013921	3063.56
0.0013988	2990.41
0.00140551	2909
0.00141221	2819.15
0.00141891	2721.32
0.00142562	2615.13
0.00143232	2503.47
0.00143903	2386.2
0.00144573	2267.92
0.00145244	2149.07
0.00145914	2033.45
0.00146585	1921.93
0.00147255	1815.53
0.00147926	1714.98
0.00148596	1618.59
0.00149267	1526.5
0.00149937	1436.09
0.00150608	1346.89
0.00151278	1257.43
0.00151948	1167.01
0.00152619	1076.28
0.00153289	984.883
0.0015396	895.025
0.0015463	806.951
0.00155301	722.917
0.00155971	643.583
0.00156642	570
0.00157312	502.768
0.00157983	441.624
0.00158653	386.764
0.00159324	337.385
0.00159994	293.321
0.00160664	253.975
0.00161335	219.099
0.00162005	188.463
0.00162676	161.951
0.00163346	139.381
0.00164017	120.764
0.00164687	105.619
0.00165358	93.9199
0.00166028	84.832
0.00166699	78.1472
0.00167369	72.9252
0.0016804	68.7716
0.0016871	64.9918
0.00169381	61.1432
0.00170051	56.9877
0.00170721	52.2169
0.00171392	47.0072
0.00172062	41.2901
0.00172733	35.4257
0.00173403	29.5541
0.00174074	23.9679
0.00174744	18.8835
0.00175415	14.3989
0.00176085	10.6694
0.00176756	7.62288
0.00177426	5.29182
0.00178097	3.53597
0.00178767	2.28947
0.00179437	1.43066
0.00180108	0.858963
0.00180778	0.503108
0.00181449	0.277033
0.00182119	0.153384
0.0018279	0.068673
0.0018346	0.0404359
