0.000100103	7.49911e-22
0.000103622	1.24324e-20
0.000107142	4.74799e-20
0.000110662	6.71735e-19
0.000114182	2.52022e-18
0.000117702	3.00554e-17
0.000121222	1.12151e-16
0.000124742	1.13083e-15
0.000128261	4.18425e-15
0.000131781	3.5799e-14
0.000135301	1.30887e-13
0.000138821	9.54156e-13
0.000142341	3.43285e-12
0.000145861	2.14263e-11
0.000149381	7.54955e-11
0.0001529	4.05669e-10
0.00015642	1.39227e-09
0.00015994	6.48076e-09
0.00016346	2.15331e-08
0.00016698	8.74247e-08
0.0001705	2.79331e-07
0.00017402	9.96559e-07
0.000177539	3.0397e-06
0.000181059	9.6051e-06
0.000184579	2.77546e-05
0.000188099	7.83159e-05
0.000191619	0.000212695
0.000195139	0.000540385
0.000198659	0.00136858
0.000202178	0.00315616
0.000205698	0.00739825
0.000209218	0.0156053
0.000212738	0.0336285
0.000216258	0.0653303
0.000219778	0.128704
0.000223298	0.239847
0.000226817	0.421774
0.000230337	0.721778
0.000233857	1.16539
0.000237377	1.83029
0.000240897	2.73254
0.000244417	3.95537
0.000247937	5.49778
0.000251456	7.40531
0.000254976	9.67808
0.000258496	12.3245
0.000262016	15.3833
0.000265536	18.9251
0.000269056	23.0366
0.000272576	27.978
0.000276095	33.8252
0.000279615	40.9907
0.000283135	49.4492
0.000286655	59.463
0.000290175	70.882
0.000293695	83.4524
0.000297214	97.0044
0.000300734	110.759
0.000304254	124.7
0.000307774	138.11
0.000311294	151.201
0.000314814	164.155
0.000318334	177.294
0.000321853	192.003
0.000325373	208.515
0.000328893	228.867
0.000332413	253.132
0.000335933	283.189
0.000339453	319.028
0.000342973	362.069
0.000346492	412.263
0.000350012	470.566
0.000353532	536.845
0.000357052	611.234
0.000360572	693.506
0.000364092	782.427
0.000367612	877.799
0.000371131	977.19
0.000374651	1080.55
0.000378171	1185.37
0.000381691	1291.74
0.000385211	1398.23
0.000388731	1505.02
0.000392251	1612.24
0.00039577	1720.04
0.00039929	1829.99
0.00040281	1942.15
0.00040633	2058.77
0.00040985	2179.83
0.00041337	2307.01
0.00041689	2440.19
0.000420409	2579.25
0.000423929	2724.1
0.000427449	2872.67
0.000430969	3024.95
0.000434489	3177.99
0.000438009	3331.8
0.000441529	3483.47
0.000445048	3633.03
0.000448568	3777.84
0.000452088	3917.92
0.000455608	4051.36
0.000459128	4178.16
0.000462648	4298.25
0.000466168	4411.59
0.000469687	4520.06
0.000473207	4623.68
0.000476727	4723.75
0.000480247	4820.42
0.000483767	4911.35
0.000487287	4996.7
0.000490807	5071.2
0.000494326	5134.72
0.000497846	5184.11
0.000501366	5218.95
0.000504886	5242.45
0.000508406	5254.76
0.000511926	5257.32
0.000515446	5257.79
0.000518965	5257.49
0.000522485	5253.33
0.000526005	5244.72
0.000529525	5230.17
0.000533045	5202.32
0.000536565	5161
0.000540085	5100.44
0.000543604	5019.78
0.000547124	4919.37
0.000550644	4798.61
0.000554164	4662.01
0.000557684	4509.55
0.000561204	4346.34
0.000564724	4172.66
0.000568243	3992.89
0.000571763	3807.2
0.000575283	3620.33
0.000578803	3432.4
0.000582323	3249.13
0.000585843	3070.96
0.000589362	2903.06
0.000592882	2746.35
0.000596402	2602.88
0.000599922	2473.7
0.000603442	2356.4
0.000606962	2251.53
0.000610482	2153.24
0.000614001	2061.16
0.000617521	1969.07
0.000621041	1875.73
0.000624561	1777.87
0.000628081	1674.07
0.000631601	1565.42
0.000635121	1451.14
0.00063864	1335.52
0.00064216	1218.86
0.00064568	1106
0.0006492	998.087
0.00065272	898.177
0.00065624	807.582
0.00065976	726.522
0.000663279	655.807
0.000666799	593.355
0.000670319	539.109
0.000673839	490.311
0.000677359	446.19
0.000680879	404.918
0.000684399	365.574
0.000687918	327.873
0.000691438	291.292
0.000694958	256.603
0.000698478	223.851
0.000701998	193.924
0.000705518	167.217
0.000709038	144.023
0.000712557	124.728
0.000716077	108.83
0.000719597	96.4179
0.000723117	86.4605
0.000726637	78.6479
0.000730157	71.9714
0.000733677	65.8604
0.000737196	59.8434
0.000740716	53.4166
0.000744236	46.7557
0.000747756	39.7089
0.000751276	32.7455
0.000754796	26.0641
0.000758316	19.9774
0.000761835	14.7759
0.000765355	10.4512
0.000768875	7.14145
0.000772395	4.64948
0.000775915	2.9179
0.000779435	1.75117
0.000782955	1.00125
0.000786474	0.557113
0.000789994	0.282662
0.000793514	0.149706
0.000797034	0.0628227
0.000800554	0.0338617
