0.000500379	6.70045e-239
0.000510437	3.18526e-231
0.000520494	1.27411e-230
0.000530551	4.2855e-223
0.000540608	1.73174e-222
0.000550665	4.12065e-215
0.000560722	1.68242e-214
0.000570779	2.83162e-207
0.000580836	1.16832e-206
0.000590893	1.39062e-199
0.00060095	5.79914e-199
0.000611007	4.88069e-192
0.000621064	2.0575e-191
0.000631121	1.22421e-184
0.000641178	5.21785e-184
0.000651235	2.19445e-177
0.000661292	9.45838e-177
0.000671349	2.8112e-170
0.000681406	1.22551e-169
0.000691463	2.57366e-163
0.00070152	1.13498e-162
0.000711577	1.68384e-156
0.000721634	7.51339e-156
0.000731691	7.87297e-150
0.000741748	3.55513e-149
0.000751806	2.63064e-143
0.000761863	1.2024e-142
0.00077192	6.28157e-137
0.000781977	2.90679e-136
0.000792034	1.0719e-130
0.000802091	5.02286e-130
0.000812148	1.30713e-124
0.000822205	6.20385e-124
0.000832262	1.13909e-118
0.000842319	5.477e-118
0.000852376	7.09367e-113
0.000862433	3.45618e-112
0.00087249	3.15683e-107
0.000882547	1.55891e-106
0.000892604	1.00392e-101
0.000902661	5.02592e-101
0.000912718	2.28144e-96
0.000922775	1.1582e-95
0.000932832	3.70493e-91
0.000942889	1.90774e-90
0.000952946	4.2994e-86
0.000963003	2.24608e-85
0.00097306	3.56526e-81
0.000983117	1.89017e-80
0.000993175	2.11265e-76
0.00100323	1.13697e-75
0.00101329	8.94571e-72
0.00102335	4.88837e-71
0.0010334	2.70678e-67
0.00104346	1.50227e-66
0.00105352	5.8525e-63
0.00106357	3.29992e-62
0.00107363	9.04241e-59
0.00108369	5.18115e-58
0.00109374	9.98359e-55
0.0011038	5.81459e-54
0.00111386	7.87697e-51
0.00112392	4.66425e-50
0.00113397	4.44139e-47
0.00114403	2.67433e-46
0.00115409	1.78975e-43
0.00116414	1.09602e-42
0.0011742	5.15488e-40
0.00118426	3.21069e-39
0.00119432	1.06135e-36
0.00120437	6.72286e-36
0.00121443	1.56245e-33
0.00122449	1.00622e-32
0.00123454	1.64508e-30
0.0012446	1.07651e-29
0.00125466	1.23935e-27
0.00126471	8.23267e-27
0.00127477	6.68509e-25
0.00128483	4.50068e-24
0.00129489	2.58414e-22
0.00130494	1.75894e-21
0.001315	7.1676e-20
0.00132506	4.9146e-19
0.00133511	1.42906e-17
0.00134517	9.81833e-17
0.00135523	2.05297e-15
0.00136529	1.4027e-14
0.00137534	2.13174e-13
0.0013854	1.43338e-12
0.00139546	1.60622e-11
0.00140551	1.04801e-10
0.00141557	8.82249e-10
0.00142563	5.48488e-09
0.00143568	3.54994e-08
0.00144574	2.05609e-07
0.0014558	1.05115e-06
0.00146586	5.52553e-06
0.00147591	2.29807e-05
0.00148597	0.000106586
0.00149603	0.000371428
0.00150608	0.00147833
0.00151614	0.0044332
0.0015262	0.0147776
0.00153625	0.0389485
0.00154631	0.106812
0.00155637	0.250775
0.00156643	0.56087
0.00157648	1.21195
0.00158654	2.27257
0.0015966	4.07263
0.00160665	6.62041
0.00161671	10.0147
0.00162677	14.2615
0.00163683	19.2871
0.00164688	25.0171
0.00165694	32.4947
0.001667	41.6084
0.00167705	54.9743
0.00168711	72.666
0.00169717	96.5334
0.00170722	126.787
0.00171728	163.117
0.00172734	205.476
0.0017374	254.179
0.00174745	309.049
0.00175751	372.228
0.00176757	443.996
0.00177762	524.285
0.00178768	613.455
0.00179774	708.504
0.00180779	808.946
0.00181785	915.076
0.00182791	1026.25
0.00183797	1147.39
0.00184802	1279.2
0.00185808	1422.68
0.00186814	1579.47
0.00187819	1740.59
0.00188825	1906.65
0.00189831	2062.68
0.00190837	2207.17
0.00191842	2328.76
0.00192848	2424.22
0.00193854	2494.87
0.00194859	2538.03
0.00195865	2568.04
0.00196871	2585.84
0.00197876	2605.59
0.00198882	2631.81
0.00199888	2663.15
0.00200894	2702.97
0.00201899	2735.47
0.00202905	2757.18
0.00203911	2762.53
0.00204916	2737.75
0.00205922	2685.64
0.00206928	2606.63
0.00207933	2507.32
0.00208939	2389.16
0.00209945	2257.05
0.00210951	2112.35
0.00211956	1958.67
0.00212962	1795.68
0.00213968	1632.38
0.00214973	1470.49
0.00215979	1318.99
0.00216985	1182.28
0.00217991	1060.55
0.00218996	956.589
0.00220002	863.321
0.00221008	779.665
0.00222013	698.454
0.00223019	615.782
0.00224025	531.352
0.0022503	442.186
0.00226036	355.455
0.00227042	272.946
0.00228048	200.522
0.00229053	142.558
0.00230059	97.4467
0.00231065	66.6764
0.0023207	45.3219
0.00233076	31.3399
0.00234082	22.0338
0.00235088	15.1516
0.00236093	10.2927
0.00237099	6.57978
0.00238105	3.96191
0.0023911	2.2219
0.00240116	1.14971
0.00241122	0.524814
0.00242127	0.245428
0.00243133	0.0977791
0.00244139	0.037742
0.00245145	0.0134459
0.0024615	0.0041618
0.00247156	0.0013589
0.00248162	0.000328497
0.00249167	9.60342e-05
0.00250173	1.85465e-05
