0.000166815	0.00206902
0.000171844	0.00327873
0.000176872	0.00661056
0.000181901	0.011259
0.000186929	0.0195761
0.000191958	0.0323498
0.000196986	0.0537447
0.000202014	0.085991
0.000207043	0.136853
0.000212071	0.211679
0.0002171	0.323404
0.000222128	0.483106
0.000227157	0.709844
0.000232185	1.02358
0.000237214	1.44875
0.000242242	2.01655
0.00024727	2.75347
0.000252299	3.70132
0.000257327	4.8829
0.000262356	6.34496
0.000267384	8.10036
0.000272413	10.1899
0.000277441	12.6132
0.000282469	15.3924
0.000287498	18.5165
0.000292526	21.9818
0.000297555	25.7765
0.000302583	29.8772
0.000307612	34.2867
0.00031264	38.9851
0.000317669	44.0058
0.000322697	49.3718
0.000327725	55.1548
0.000332754	61.4653
0.000337782	68.4077
0.000342811	76.209
0.000347839	84.9845
0.000352868	95.0693
0.000357896	106.556
0.000362924	119.827
0.000367953	134.919
0.000372981	152.157
0.00037801	171.508
0.000383038	193.125
0.000388067	216.922
0.000393095	242.814
0.000398123	270.705
0.000403152	300.305
0.00040818	331.546
0.000413209	364.055
0.000418237	397.813
0.000423266	432.515
0.000428294	468.181
0.000433323	504.665
0.000438351	541.998
0.000443379	580.177
0.000448408	619.216
0.000453436	659.164
0.000458465	700.009
0.000463493	741.75
0.000468522	784.373
0.00047355	827.81
0.000478578	872.072
0.000483607	917.121
0.000488635	963.006
0.000493664	1009.88
0.000498692	1057.8
0.000503721	1107.23
0.000508749	1158.22
0.000513778	1211.43
0.000518806	1266.9
0.000523834	1325.28
0.000528863	1386.52
0.000533891	1450.93
0.00053892	1518.43
0.000543948	1588.69
0.000548977	1661.62
0.000554005	1736.23
0.000559033	1812.42
0.000564062	1888.75
0.00056909	1965.19
0.000574119	2040.2
0.000579147	2113.8
0.000584176	2184.81
0.000589204	2253.3
0.000594233	2318.78
0.000599261	2381.3
0.000604289	2441.17
0.000609318	2498.45
0.000614346	2554.11
0.000619375	2608.17
0.000624403	2661.97
0.000629432	2715.5
0.00063446	2769.97
0.000639488	2825.36
0.000644517	2882.3
0.000649545	2940.75
0.000654574	3000.34
0.000659602	3061.05
0.000664631	3121.32
0.000669659	3181.15
0.000674688	3237.82
0.000679716	3291.36
0.000684744	3338.29
0.000689773	3378.64
0.000694801	3409.4
0.00069983	3430.75
0.000704858	3433.74
0.000709887	3427.45
0.000714915	3412.45
0.000719943	3377.08
0.000724972	3328.65
0.00073	3267.5
0.000735029	3195.42
0.000740057	3112.34
0.000745086	3021.97
0.000750114	2924.31
0.000755143	2823.22
0.000760171	2718.78
0.000765199	2614.12
0.000770228	2509.4
0.000775256	2406.58
0.000780285	2305.83
0.000785313	2208.06
0.000790342	2113.37
0.00079537	2022
0.000800398	1934.01
0.000805427	1849.41
0.000810455	1768.21
0.000815484	1690.46
0.000820512	1616.17
0.000825541	1545.39
0.000830569	1478.16
0.000835598	1414.37
0.000840626	1354.08
0.000845654	1296.87
0.000850683	1242.78
0.000855711	1191.13
0.00086074	1141.88
0.000865768	1094.3
0.000870797	1048.3
0.000875825	1003.32
0.000880853	959.242
0.000885882	915.818
0.00089091	872.963
0.000895939	830.67
0.000900967	788.912
0.000905996	747.763
0.000911024	707.24
0.000916052	667.348
0.000921081	628.108
0.000926109	589.429
0.000931138	551.302
0.000936166	513.636
0.000941195	476.391
0.000946223	439.613
0.000951252	403.259
0.00095628	367.58
0.000961308	332.572
0.000966337	298.646
0.000971365	265.861
0.000976394	234.654
0.000981422	205.14
0.000986451	177.642
0.000991479	152.293
0.000996507	129.219
0.00100154	108.525
0.00100656	90.1397
0.00101159	74.1047
0.00101662	60.203
0.00102165	48.4102
0.00102668	38.4364
0.00103171	30.2034
0.00103673	23.4142
0.00104176	17.9594
0.00104679	13.578
0.00105182	10.1519
0.00105685	7.47555
0.00106188	5.43942
0.00106691	3.89597
0.00107193	2.75389
0.00107696	1.91612
0.00108199	1.31323
0.00108702	0.886695
0.00109205	0.588022
0.00109708	0.385014
0.0011021	0.246522
0.00110713	0.156486
0.00111216	0.0965155
0.00111719	0.0594114
0.00112222	0.0352055
0.00112725	0.0210335
0.00113228	0.01194
0.0011373	0.00693419
0.00114233	0.00374046
0.00114736	0.00212776
0.00115239	0.00110067
0.00115742	0.000606501
0.00116245	0.000271935
0.00116747	0.000160413
