0.000100103	1.48433e-05
0.00010312	5.48167e-05
0.000106137	0.000174737
0.000109154	0.00056839
0.000112171	0.00159498
0.000115188	0.00436604
0.000118205	0.0113067
0.000121222	0.0264938
0.000124239	0.0624006
0.000127256	0.127346
0.000130273	0.269133
0.00013329	0.510019
0.000136307	0.918393
0.000139324	1.56364
0.000142341	2.48854
0.000145358	3.78518
0.000148375	5.43759
0.000151392	7.47741
0.000154408	9.86515
0.000157425	12.553
0.000160442	15.5505
0.000163459	18.845
0.000166476	22.4527
0.000169493	26.4365
0.00017251	30.6893
0.000175527	35.1237
0.000178544	39.583
0.000181561	43.7174
0.000184578	47.6056
0.000187595	51.0767
0.000190612	54.4727
0.000193629	58.2565
0.000196646	62.6799
0.000199663	68.5028
0.00020268	75.6866
0.000205697	84.6161
0.000208714	95.1439
0.000211731	107.196
0.000214748	120.682
0.000217765	135.376
0.000220782	151.242
0.000223799	168.039
0.000226816	185.836
0.000229833	204.55
0.00023285	224.423
0.000235867	245.882
0.000238884	269.284
0.000241901	295.723
0.000244918	325.523
0.000247935	360.256
0.000250952	400.031
0.000253969	446.33
0.000256986	498.86
0.000260003	557.946
0.00026302	622.989
0.000266037	692.371
0.000269054	765.673
0.000272071	840.232
0.000275088	916.16
0.000278105	991.864
0.000281122	1067.73
0.000284139	1144.07
0.000287156	1221.09
0.000290173	1299.86
0.00029319	1380.44
0.000296207	1463.73
0.000299224	1549.95
0.000302241	1640.6
0.000305258	1735.92
0.000308275	1838.45
0.000311292	1948.17
0.000314309	2067.3
0.000317326	2195.49
0.000320343	2332.72
0.00032336	2478.51
0.000326377	2629.89
0.000329394	2786.57
0.000332411	2943.87
0.000335428	3101.81
0.000338445	3256.2
0.000341462	3407.3
0.000344479	3553.24
0.000347496	3694.34
0.000350513	3831.81
0.00035353	3965.81
0.000356547	4099.17
0.000359564	4231.75
0.000362581	4364.7
0.000365598	4497.82
0.000368615	4629.23
0.000371632	4758.88
0.000374649	4884.06
0.000377666	5004.8
0.000380683	5119.58
0.0003837	5228.42
0.000386717	5329.92
0.000389734	5424.07
0.000392751	5507.73
0.000395768	5580.92
0.000398785	5639.98
0.000401802	5684.94
0.000404819	5715.12
0.000407836	5730.49
0.000410853	5731.26
0.00041387	5720.61
0.000416887	5699.01
0.000419904	5666
0.000422921	5622.45
0.000425938	5568.38
0.000428955	5503.99
0.000431972	5429.24
0.000434989	5345.25
0.000438006	5251.96
0.000441023	5151.67
0.00044404	5044.28
0.000447057	4933.76
0.000450074	4820.14
0.000453091	4707.56
0.000456108	4596.44
0.000459125	4486.48
0.000462142	4378.25
0.000465159	4265.27
0.000468176	4147.51
0.000471193	4018.33
0.00047421	3876.81
0.000477227	3723.83
0.000480244	3558.47
0.000483261	3389.11
0.000486278	3215.84
0.000489295	3047.34
0.000492312	2884.65
0.000495329	2730.64
0.000498346	2586.27
0.000501363	2449.04
0.00050438	2319
0.000507397	2193.29
0.000510414	2071.27
0.000513431	1953.32
0.000516448	1839.05
0.000519465	1730.83
0.000522482	1629.02
0.000525499	1534.42
0.000528516	1447.69
0.000531533	1366.52
0.00053455	1291.09
0.000537567	1217.48
0.000540584	1145.14
0.000543601	1071.37
0.000546618	995.193
0.000549635	917.22
0.000552652	836.784
0.000555669	757.407
0.000558686	679.346
0.000561703	606.396
0.00056472	539.597
0.000567737	480.354
0.000570754	429.657
0.000573771	386.097
0.000576788	349.879
0.000579805	318.505
0.000582822	291.426
0.000585839	266.903
0.000588856	244.234
0.000591873	222.892
0.00059489	202.486
0.000597907	183.112
0.000600924	164.685
0.000603941	147.399
0.000606958	131.298
0.000609975	116.504
0.000612992	103.094
0.000616009	91.0491
0.000619026	80.4119
0.000622043	71.05
0.00062506	62.9382
0.000628077	55.9375
0.000631094	49.9992
0.000634111	44.9916
0.000637128	40.8754
0.000640145	37.4694
0.000643162	34.7149
0.000646179	32.3886
0.000649196	30.3893
0.000652213	28.5145
0.00065523	26.6298
0.000658247	24.6341
0.000661264	22.3972
0.000664281	19.9908
0.000667298	17.3676
0.000670315	14.7368
0.000673332	12.1953
0.000676349	9.91128
0.000679366	8.05957
0.000682383	6.61099
0.0006854	5.65056
0.000688417	5.00277
0.000691434	4.5805
0.000694451	4.25398
0.000697468	3.85474
0.000700485	3.44047
