0.000166815	6.02503e-05
0.000171844	0.000107597
0.000176872	0.000249638
0.000181901	0.000474128
0.000186929	0.000954859
0.000191958	0.00174136
0.000196986	0.00337186
0.000202014	0.00595403
0.000207043	0.0110002
0.000212071	0.0189734
0.0002171	0.033189
0.000222128	0.055435
0.000227157	0.0925187
0.000232185	0.14929
0.000237214	0.238305
0.000242242	0.370825
0.00024727	0.567255
0.000252299	0.850162
0.000257327	1.24826
0.000262356	1.80049
0.000267384	2.54079
0.000272413	3.52631
0.000277441	4.78865
0.000282469	6.39705
0.000287498	8.37089
0.000292526	10.7749
0.000297555	13.61
0.000302583	16.9142
0.000307612	20.6745
0.00031264	24.8893
0.000317669	29.5515
0.000322697	34.6355
0.000327725	40.168
0.000332754	46.1548
0.000337782	52.6754
0.000342811	59.845
0.000347839	67.7878
0.000352868	76.7825
0.000357896	86.9547
0.000362924	98.7192
0.000367953	112.14
0.000372981	127.629
0.00037801	145.135
0.000383038	164.852
0.000388067	186.608
0.000393095	210.176
0.000398123	235.32
0.000403152	261.34
0.00040818	288.034
0.000413209	314.41
0.000418237	340.406
0.000423266	365.136
0.000428294	388.736
0.000433323	410.912
0.000438351	431.973
0.000443379	452.574
0.000448408	473.088
0.000453436	495.139
0.000458465	519.026
0.000463493	546.945
0.000468522	579.014
0.00047355	617.309
0.000478578	661.736
0.000483607	713.533
0.000488635	772.447
0.000493664	838.421
0.000498692	911.151
0.000503721	989.272
0.000508749	1072.53
0.000513778	1158.68
0.000518806	1247.59
0.000523834	1336.78
0.000528863	1426.28
0.000533891	1514.08
0.00053892	1600.3
0.000543948	1683.94
0.000548977	1765.13
0.000554005	1843.98
0.000559033	1920.61
0.000564062	1995.96
0.00056909	2070.08
0.000574119	2144.17
0.000579147	2218.19
0.000584176	2292.92
0.000589204	2368.28
0.000594233	2444.11
0.000599261	2520.33
0.000604289	2595.74
0.000609318	2670.3
0.000614346	2742.14
0.000619375	2811.26
0.000624403	2875.78
0.000629432	2935.73
0.00063446	2989.89
0.000639488	3038.29
0.000644517	3080.78
0.000649545	3117.37
0.000654574	3148.85
0.000659602	3175.21
0.000664631	3197.6
0.000669659	3216.02
0.000674688	3231.23
0.000679716	3243.21
0.000684744	3251.8
0.000689773	3257.01
0.000694801	3257.31
0.00069983	3253.01
0.000704858	3243.88
0.000709887	3227.24
0.000714915	3203.26
0.000719943	3171.98
0.000724972	3132.91
0.00073	3085.97
0.000735029	3031.95
0.000740057	2970.78
0.000745086	2903.98
0.000750114	2831.53
0.000755143	2755.2
0.000760171	2675.01
0.000765199	2592.68
0.000770228	2508.22
0.000775256	2423.17
0.000780285	2337.58
0.000785313	2252.77
0.000790342	2168.82
0.00079537	2086.75
0.000800398	2006.67
0.000805427	1929.13
0.000810455	1854.22
0.000815484	1781.88
0.000820512	1712.17
0.000825541	1644.48
0.000830569	1578.83
0.000835598	1514.43
0.000840626	1451.21
0.000845654	1388.71
0.000850683	1326.8
0.000855711	1265.58
0.00086074	1204.96
0.000865768	1145.5
0.000870797	1087.22
0.000875825	1030.74
0.000880853	976.178
0.000885882	923.856
0.00089091	873.904
0.000895939	826.148
0.000900967	780.662
0.000905996	736.883
0.000911024	694.779
0.000916052	653.717
0.000921081	613.572
0.000926109	573.977
0.000931138	534.778
0.000936166	496.044
0.000941195	457.677
0.000946223	420.127
0.000951252	383.407
0.00095628	348.134
0.000961308	314.424
0.000966337	282.811
0.000971365	253.465
0.000976394	226.655
0.000981422	202.537
0.000986451	181.059
0.000991479	162.307
0.000996507	145.961
0.00100154	132.008
0.00100656	119.978
0.00101159	109.768
0.00101662	100.886
0.00102165	93.1695
0.00102668	86.2165
0.00103171	79.8462
0.00103673	73.8134
0.00104176	67.9641
0.00104679	62.2202
0.00105182	56.4872
0.00105685	50.8158
0.00106188	45.182
0.00106691	39.6982
0.00107193	34.3978
0.00107696	29.3876
0.00108199	24.7286
0.00108702	20.4785
0.00109205	16.6933
0.00109708	13.3711
0.0011021	10.5399
0.00110713	8.15387
0.00111216	6.20647
0.00111719	4.63319
0.00112222	3.40119
0.00112725	2.44898
0.00113228	1.73169
0.0011373	1.20264
0.00114233	0.818036
0.00114736	0.548169
0.00115239	0.358125
0.00115742	0.231742
0.00116245	0.13924
0.00116747	0.0908176
