0.000166815	3.21341e-41
0.00017352	1.40571e-39
0.000180225	5.52645e-39
0.000186929	2.09684e-37
0.000193634	8.24654e-37
0.000200339	2.69996e-35
0.000207043	1.06769e-34
0.000213748	3.01855e-33
0.000220453	1.19941e-32
0.000227157	2.93058e-31
0.000233862	1.16908e-30
0.000240566	2.47114e-29
0.000247271	9.88729e-29
0.000253976	1.81016e-27
0.00026068	7.25556e-27
0.000267385	1.15214e-25
0.00027409	4.61988e-25
0.000280794	6.37346e-24
0.000287499	2.55249e-23
0.000294204	3.06515e-22
0.000300908	1.22371e-21
0.000307613	1.28196e-20
0.000314317	5.09075e-20
0.000321022	4.66444e-19
0.000327727	1.83776e-18
0.000334431	1.47704e-17
0.000341136	5.75721e-17
0.000347841	4.07222e-16
0.000354545	1.5652e-15
0.00036125	9.77933e-15
0.000367955	3.69301e-14
0.000374659	2.04654e-13
0.000381364	7.56257e-13
0.000388068	3.73387e-12
0.000394773	1.34421e-11
0.000401478	5.94177e-11
0.000408182	2.07398e-10
0.000414887	8.25021e-10
0.000421592	2.77795e-09
0.000428296	9.99913e-09
0.000435001	3.23055e-08
0.000441706	1.05811e-07
0.00044841	3.26225e-07
0.000455115	9.77819e-07
0.000461819	2.86098e-06
0.000468524	7.89204e-06
0.000475229	2.17946e-05
0.000481933	5.56315e-05
0.000488638	0.00014425
0.000495343	0.000342457
0.000502047	0.000829719
0.000508752	0.00184057
0.000515457	0.00414892
0.000522161	0.00863456
0.000528866	0.018043
0.000535571	0.0353454
0.000542275	0.0682793
0.00054898	0.128891
0.000555684	0.22849
0.000562389	0.402964
0.000569094	0.665759
0.000575798	1.08904
0.000582503	1.68618
0.000589208	2.56326
0.000595912	3.72644
0.000602617	5.28462
0.000609322	7.23337
0.000616026	9.63438
0.000622731	12.4833
0.000629435	15.7904
0.00063614	19.5752
0.000642845	23.9166
0.000649549	28.8732
0.000656254	34.8145
0.000662959	41.8171
0.000669663	50.6663
0.000676368	61.4022
0.000683073	75.0044
0.000689777	91.4337
0.000696482	111.293
0.000703186	134.484
0.000709891	160.72
0.000716596	189.92
0.0007233	221.022
0.000730005	254.034
0.00073671	288.008
0.000743414	323.046
0.000750119	359.435
0.000756824	397.29
0.000763528	438.551
0.000770233	483.258
0.000776937	534.182
0.000783642	591.272
0.000790347	656.47
0.000797051	729.687
0.000803756	810.648
0.000810461	899.299
0.000817165	993.066
0.00082387	1091.95
0.000830575	1192.54
0.000837279	1294.85
0.000843984	1396.72
0.000850689	1498.16
0.000857393	1599.53
0.000864098	1700.81
0.000870802	1804.26
0.000877507	1909.89
0.000884212	2019.67
0.000890916	2133.7
0.000897621	2251.53
0.000904326	2373.3
0.00091103	2495.61
0.000917735	2618.57
0.00092444	2737.02
0.000931144	2850.96
0.000937849	2955.38
0.000944553	3050.14
0.000951258	3131.89
0.000957963	3200.4
0.000964667	3254.73
0.000971372	3294.91
0.000978077	3319.42
0.000984781	3331.74
0.000991486	3332.78
0.000998191	3321.26
0.0010049	3299.8
0.0010116	3268.61
0.0010183	3228.66
0.00102501	3180.05
0.00103171	3123.27
0.00103842	3058.33
0.00104512	2985.89
0.00105183	2905.9
0.00105853	2819.59
0.00106524	2726.96
0.00107194	2629.69
0.00107865	2527.8
0.00108535	2423.4
0.00109206	2316.51
0.00109876	2209.77
0.00110546	2103.31
0.00111217	2000.12
0.00111887	1900.57
0.00112558	1806.89
0.00113228	1719.71
0.00113899	1639.06
0.00114569	1565.5
0.0011524	1496.58
0.0011591	1432.33
0.00116581	1369.19
0.00117251	1306.57
0.00117922	1242
0.00118592	1174.59
0.00119263	1104.26
0.00119933	1030.43
0.00120603	955.003
0.00121274	878.012
0.00121944	801.924
0.00122615	727.267
0.00123285	655.871
0.00123956	588.368
0.00124626	525.581
0.00125297	467.96
0.00125967	415.566
0.00126638	368.599
0.00127308	326.72
0.00127979	289.955
0.00128649	257.74
0.00129319	229.999
0.0012999	205.992
0.0013066	185.546
0.00131331	167.835
0.00132001	152.579
0.00132672	139.054
0.00133342	126.922
0.00134013	115.733
0.00134683	105.192
0.00135354	95.1521
0.00136024	85.4435
0.00136695	76.1085
0.00137365	67.104
0.00138035	58.5261
0.00138706	50.4025
0.00139376	42.8151
0.00140047	35.8116
0.00140717	29.4441
0.00141388	23.7597
0.00142058	18.7689
0.00142729	14.5065
0.00143399	10.9267
0.0014407	8.03279
0.0014474	5.73176
0.00145411	3.98229
0.00146081	2.67969
0.00146752	1.74885
0.00147422	1.10756
0.00148092	0.674644
0.00148763	0.402454
0.00149433	0.21116
0.00150104	0.128103
