0.000500379	4.96116e-249
0.000510437	2.94482e-241
0.000520494	1.17793e-240
0.000530551	4.97823e-233
0.000540608	2.01166e-232
0.000550665	6.05235e-225
0.000560722	2.47111e-224
0.000570779	5.2918e-217
0.000580836	2.18338e-216
0.000590893	3.32745e-209
0.00060095	1.38761e-208
0.000611007	1.50469e-201
0.000621064	6.34315e-201
0.000631121	4.89335e-194
0.000641178	2.08565e-193
0.000651235	1.14443e-186
0.000661292	4.93264e-186
0.000671349	1.92482e-179
0.000681406	8.39102e-179
0.000691463	2.32815e-172
0.00070152	1.02671e-171
0.000711577	2.0251e-165
0.000721634	9.03614e-165
0.000731691	1.26677e-158
0.000741748	5.72024e-158
0.000751806	5.69846e-152
0.000761863	2.60462e-151
0.00077192	1.84343e-145
0.000781977	8.53045e-145
0.000792034	4.28845e-139
0.000802091	2.00954e-138
0.000812148	7.17428e-133
0.000822205	3.40503e-132
0.000832262	8.6309e-127
0.000842319	4.14993e-126
0.000852376	7.46674e-121
0.000862433	3.63795e-120
0.00087249	4.64516e-115
0.000882547	2.29388e-114
0.000892604	2.07807e-109
0.000902661	1.04035e-108
0.000912718	6.68514e-104
0.000922775	3.39381e-103
0.000932832	1.54648e-98
0.000942889	7.96323e-98
0.000952946	2.57254e-93
0.000963003	1.34396e-92
0.00097306	3.07723e-88
0.000983117	1.63148e-87
0.000993175	2.64688e-83
0.00100323	1.42453e-82
0.00101329	1.63714e-78
0.00102335	8.94663e-78
0.0010334	7.28131e-74
0.00104346	4.0415e-73
0.00105352	2.32867e-69
0.00106357	1.31318e-68
0.00107363	5.35528e-65
0.00108369	3.06904e-64
0.00109374	8.85594e-61
0.0011038	5.15919e-60
0.00111386	1.05311e-56
0.00112392	6.23825e-56
0.00113397	9.00551e-53
0.00114403	5.42562e-52
0.00115409	5.53809e-49
0.00116414	3.39427e-48
0.0011742	2.44938e-45
0.00118426	1.52742e-44
0.00119432	7.79185e-42
0.00120437	4.94423e-41
0.00121443	1.7831e-38
0.00122449	1.15127e-37
0.00123454	2.93599e-35
0.0012446	1.92846e-34
0.00125466	3.47945e-32
0.00126471	2.32395e-31
0.00127477	2.96919e-29
0.00128483	2.01493e-28
0.00129489	1.82562e-26
0.00130494	1.25706e-25
0.001315	8.09504e-24
0.00132506	5.64396e-23
0.00133511	2.59184e-21
0.00134517	1.82405e-20
0.00135523	6.00245e-19
0.00136529	4.24468e-18
0.00137534	1.00786e-16
0.0013854	7.1152e-16
0.00139546	1.23075e-14
0.00140551	8.59633e-14
0.00141557	1.09734e-12
0.00142563	7.49147e-12
0.00143568	7.17764e-11
0.00144574	4.71436e-10
0.0014558	3.46267e-09
0.00146586	2.1455e-08
0.00147591	1.23883e-07
0.00148597	7.07556e-07
0.00149603	3.30316e-06
0.00150608	1.69549e-05
0.00151614	6.58841e-05
0.0015262	0.000296263
0.00153625	0.000985111
0.00154631	0.0037923
0.00155637	0.0110492
0.00156643	0.0357672
0.00157648	0.0929569
0.00158654	0.250338
0.0015966	0.58672
0.00160665	1.31173
0.00161671	2.83284
0.00162677	5.3916
0.00163683	10.099
0.00164688	16.9446
0.00165694	27.1284
0.001667	40.6967
0.00167705	58.1881
0.00168711	79.5491
0.00169717	105.993
0.00170722	137.338
0.00171728	177.033
0.00172734	225.205
0.0017374	284.475
0.00174745	355.429
0.00175751	435.574
0.00176757	524.983
0.00177762	620.411
0.00178768	721.125
0.00179774	829.547
0.00180779	945.941
0.00181785	1070.94
0.00182791	1206
0.00183797	1341.06
0.00184802	1475.63
0.00185808	1600.73
0.00186814	1713.42
0.00187819	1821
0.00188825	1922.38
0.00189831	2032.35
0.00190837	2153.92
0.00191842	2288.51
0.00192848	2439.65
0.00193854	2591.01
0.00194859	2741.94
0.00195865	2874.89
0.00196871	2985.55
0.00197876	3070.93
0.00198882	3129.42
0.00199888	3161.76
0.00200894	3177.5
0.00201899	3180.64
0.00202905	3169.33
0.00203911	3142.85
0.00204916	3101.12
0.00205922	3039.61
0.00206928	2956.59
0.00207933	2853.84
0.00208939	2730.59
0.00209945	2591.97
0.00210951	2439.32
0.00211956	2274.82
0.00212962	2098.53
0.00213968	1914.98
0.00214973	1723.26
0.00215979	1535.4
0.00216985	1354.14
0.00217991	1189.98
0.00218996	1048.88
0.00220002	929.299
0.00221008	834.558
0.00222013	753.72
0.00223019	684.122
0.00224025	616.982
0.0022503	546.673
0.00226036	474.054
0.00227042	396.402
0.00228048	320.621
0.00229053	248.847
0.00230059	185.814
0.00231065	135.201
0.0023207	96.3112
0.00233076	70.3357
0.00234082	54.8355
0.00235088	47.0984
0.00236093	43.4284
0.00237099	41.8454
0.00238105	40.2629
0.0023911	36.9869
0.00240116	32.6037
0.00241122	26.713
0.00242127	20.5039
0.00243133	14.722
0.00244139	9.69427
0.00245145	6.03669
0.0024615	3.40614
0.00247156	1.77618
0.00248162	0.884643
0.00249167	0.347629
0.00250173	0.168625
