0.000500379	7.28134e-15
0.000506246	3.52129e-14
0.000512113	1.19007e-13
0.000517979	5.48028e-13
0.000523846	1.73352e-12
0.000529712	7.26738e-12
0.000535579	2.25055e-11
0.000541445	8.61731e-11
0.000547312	2.60417e-10
0.000553178	9.13874e-10
0.000559045	2.68594e-09
0.000564911	8.66993e-09
0.000570778	2.4694e-08
0.000576644	7.3594e-08
0.000582511	2.0239e-07
0.000588378	5.59031e-07
0.000594244	1.47885e-06
0.000600111	3.80057e-06
0.000605977	9.63482e-06
0.000611844	2.31269e-05
0.00061771	5.59763e-05
0.000623577	0.000125968
0.000629443	0.000290053
0.00063531	0.000614156
0.000641176	0.00134078
0.000647043	0.00268022
0.000652909	0.00553052
0.000658776	0.0104696
0.000664643	0.0203642
0.000670509	0.0371855
0.000676376	0.0673282
0.000682242	0.117779
0.000688109	0.199451
0.000693975	0.330533
0.000699842	0.527951
0.000705708	0.827639
0.000711575	1.25059
0.000717441	1.85418
0.000723308	2.65686
0.000729174	3.72976
0.000735041	5.07987
0.000740908	6.76869
0.000746774	8.78695
0.000752641	11.1563
0.000758507	13.8569
0.000764374	16.8564
0.00077024	20.1389
0.000776107	23.6396
0.000781973	27.3614
0.00078784	31.2591
0.000793706	35.359
0.000799573	39.69
0.000805439	44.299
0.000811306	49.3239
0.000817173	54.8281
0.000823039	61.0808
0.000828906	68.1558
0.000834772	76.4667
0.000840639	86.0792
0.000846505	97.5175
0.000852372	110.805
0.000858238	126.434
0.000864105	144.356
0.000869971	164.785
0.000875838	187.606
0.000881704	212.532
0.000887571	239.436
0.000893438	267.524
0.000899304	296.727
0.000905171	326.056
0.000911037	355.55
0.000916904	384.558
0.00092277	413.217
0.000928637	441.713
0.000934503	470.226
0.00094037	499.98
0.000946236	531.124
0.000952103	565.706
0.000957969	603.79
0.000963836	647.662
0.000969703	697.282
0.000975569	754.397
0.000981436	818.883
0.000987302	891.238
0.000993169	971.314
0.000999035	1058.05
0.0010049	1151.34
0.00101077	1248.9
0.00101663	1350.71
0.0010225	1454.16
0.00102837	1559.29
0.00103423	1664.15
0.0010401	1768.8
0.00104597	1872.37
0.00105183	1974.91
0.0010577	2076.35
0.00106357	2176.7
0.00106943	2275.97
0.0010753	2374.15
0.00108117	2470.75
0.00108703	2565.77
0.0010929	2658.17
0.00109877	2747.96
0.00110463	2833.93
0.0011105	2916.09
0.00111637	2993.37
0.00112223	3065.79
0.0011281	3132.36
0.00113397	3193.11
0.00113983	3246.82
0.0011457	3293.51
0.00115157	3331.75
0.00115743	3361.7
0.0011633	3379.14
0.00116916	3387.51
0.00117503	3387.21
0.0011809	3372.7
0.00118676	3347
0.00119263	3310.36
0.0011985	3263.6
0.00120436	3206.66
0.00121023	3141.43
0.0012161	3067.88
0.00122196	2988.18
0.00122783	2902.35
0.0012337	2812.74
0.00123956	2719.41
0.00124543	2624.83
0.0012513	2529.11
0.00125716	2434.46
0.00126303	2341.1
0.0012689	2250.36
0.00127476	2162.49
0.00128063	2077.62
0.0012865	1995.91
0.00129236	1916.46
0.00129823	1839.3
0.0013041	1763.2
0.00130996	1688.03
0.00131583	1613.02
0.00132169	1537.98
0.00132756	1462.99
0.00133343	1387.93
0.00133929	1313.54
0.00134516	1239.87
0.00135103	1167.76
0.00135689	1097.36
0.00136276	1029.15
0.00136863	963.279
0.00137449	899.763
0.00138036	838.658
0.00138623	779.809
0.00139209	723.17
0.00139796	668.765
0.00140383	616.539
0.00140969	566.765
0.00141556	519.466
0.00142143	474.948
0.00142729	433.315
0.00143316	394.64
0.00143903	359.027
0.00144489	326.231
0.00145076	296.275
0.00145663	268.707
0.00146249	243.45
0.00146836	220.036
0.00147422	198.318
0.00148009	177.961
0.00148596	158.81
0.00149182	140.726
0.00149769	123.598
0.00150356	107.469
0.00150942	92.2997
0.00151529	78.2282
0.00152116	65.2902
0.00152702	53.6007
0.00153289	43.2328
0.00153876	34.1894
0.00154462	26.5252
0.00155049	20.1152
0.00155636	14.9528
0.00156222	10.8363
0.00156809	7.69236
0.00157396	5.31491
0.00157982	3.59171
0.00158569	2.3632
0.00159156	1.51539
0.00159742	0.949474
0.00160329	0.575591
0.00160916	0.343865
0.00161502	0.196176
0.00162089	0.112053
0.00162675	0.0593495
0.00163262	0.0328635
0.00163849	0.0164026
0.00164435	0.00864805
0.00165022	0.00409874
0.00165609	0.00203873
0.00166195	0.000832337
0.00166782	0.000430206
