3.33898e-05	447.416
3.48982e-05	482.376
3.64066e-05	522.314
3.7915e-05	567.493
3.94234e-05	617.149
4.09318e-05	670.785
4.24402e-05	727.747
4.39487e-05	787.343
4.54571e-05	848.942
4.69655e-05	911.72
4.84739e-05	975.175
4.99823e-05	1038.46
5.14907e-05	1101.32
5.29991e-05	1163.05
5.45076e-05	1223.69
5.6016e-05	1282.9
5.75244e-05	1341.08
5.90328e-05	1398.38
6.05412e-05	1455.53
6.20496e-05	1513.34
6.3558e-05	1572.74
6.50665e-05	1635.14
6.65749e-05	1701.51
6.80833e-05	1773.73
6.95917e-05	1852.58
7.11001e-05	1940.08
7.26085e-05	2036.68
7.41169e-05	2144.14
7.56253e-05	2262.48
7.71338e-05	2392.79
7.86422e-05	2534.71
8.01506e-05	2688.38
8.1659e-05	2853.15
8.31674e-05	3028.13
8.46758e-05	3212.49
8.61842e-05	3404.41
8.76927e-05	3603.04
8.92011e-05	3805.88
9.07095e-05	4012.19
9.22179e-05	4219.13
9.37263e-05	4426.14
9.52347e-05	4630.44
9.67431e-05	4831.73
9.82516e-05	5027.63
9.976e-05	5218.11
0.000101268	5401.55
0.000102777	5578.13
0.000104285	5747.2
0.000105794	5909.06
0.000107302	6064.04
0.00010881	6212.45
0.000110319	6355.38
0.000111827	6493.03
0.000113336	6626.78
0.000114844	6756.65
0.000116353	6883.69
0.000117861	7007.74
0.000119369	7129
0.000120878	7247.15
0.000122386	7361.24
0.000123895	7470.92
0.000125403	7574.18
0.000126911	7670.76
0.00012842	7758.08
0.000129928	7836.06
0.000131437	7902.34
0.000132945	7957.04
0.000134453	7999.66
0.000135962	8029.28
0.00013747	8042.29
0.000138979	8047.85
0.000140487	8044.35
0.000141996	8027.58
0.000143504	8004.58
0.000145012	7975
0.000146521	7942.24
0.000148029	7906.32
0.000149538	7870.56
0.000151046	7834.88
0.000152554	7801.61
0.000154063	7770.65
0.000155571	7743.05
0.00015708	7718.69
0.000158588	7697.41
0.000160097	7679.12
0.000161605	7662.71
0.000163113	7648.14
0.000164622	7633.74
0.00016613	7619.48
0.000167639	7603.41
0.000169147	7585.51
0.000170655	7563.65
0.000172164	7537.82
0.000173672	7505.72
0.000175181	7467.34
0.000176689	7420.21
0.000178197	7364.35
0.000179706	7297.26
0.000181214	7218.95
0.000182723	7127.27
0.000184231	7022.24
0.00018574	6902.54
0.000187248	6768.16
0.000188756	6619.1
0.000190265	6455.34
0.000191773	6278.48
0.000193282	6088.49
0.00019479	5888.51
0.000196298	5678.48
0.000197807	5462.67
0.000199315	5241.02
0.000200824	5018.14
0.000202332	4794.04
0.000203841	4572.8
0.000205349	4354.53
0.000206857	4142.14
0.000208366	3935.78
0.000209874	3736.9
0.000211383	3545.66
0.000212891	3362.18
0.000214399	3186.57
0.000215908	3018.11
0.000217416	2856.81
0.000218925	2701.73
0.000220433	2552.81
0.000221941	2409.39
0.00022345	2271.37
0.000224958	2138.63
0.000226467	2011.11
0.000227975	1889.17
0.000229484	1772.8
0.000230992	1662.6
0.0002325	1558.6
0.000234009	1461.27
0.000235517	1370.7
0.000237026	1286.9
0.000238534	1209.98
0.000240042	1139.4
0.000241551	1075.23
0.000243059	1016.43
0.000244568	963.008
0.000246076	913.67
0.000247585	868.321
0.000249093	825.691
0.000250601	785.615
0.00025211	747.096
0.000253618	709.937
0.000255127	673.579
0.000256635	637.844
0.000258143	602.639
0.000259652	567.852
0.00026116	533.756
0.000262669	500.33
0.000264177	468.024
0.000265685	436.903
0.000267194	407.383
0.000268702	379.58
0.000270211	353.716
0.000271719	329.905
0.000273228	308.111
0.000274736	288.4
0.000276244	270.512
0.000277753	254.44
0.000279261	239.809
0.00028077	226.543
0.000282278	214.273
0.000283786	202.882
0.000285295	192.097
0.000286803	181.799
0.000288312	171.842
0.00028982	162.137
0.000291329	152.641
0.000292837	143.308
0.000294345	134.153
0.000295854	125.167
0.000297362	116.383
0.000298871	107.81
0.000300379	99.4759
0.000301887	91.394
0.000303396	83.585
0.000304904	76.0591
0.000306413	68.8358
0.000307921	61.9237
0.000309429	55.3461
0.000310938	49.1138
0.000312446	43.2515
0.000313955	37.7742
0.000315463	32.7002
0.000316972	28.0461
0.00031848	23.8152
0.000319988	20.0195
0.000321497	16.6443
0.000323005	13.6906
0.000324514	11.1283
0.000326022	8.94432
0.00032753	7.10012
0.000329039	5.57003
0.000330547	4.31476
0.000332056	3.28361
0.000333564	2.49394
