0.000500379	6.59628e-25
0.000506246	6.77426e-24
0.000512113	2.51182e-23
0.000517979	2.36112e-22
0.000523846	8.51651e-22
0.000529712	7.16925e-21
0.000535579	2.57125e-20
0.000541445	1.94224e-19
0.000547312	6.913e-19
0.000553178	4.69603e-18
0.000559045	1.65525e-17
0.000564911	1.01367e-16
0.000570778	3.52997e-16
0.000576644	1.95405e-15
0.000582511	6.70559e-15
0.000588378	3.36512e-14
0.000594244	1.13477e-13
0.000600111	5.17894e-13
0.000605977	1.71099e-12
0.000611844	7.12544e-12
0.00061771	2.29887e-11
0.000623577	8.76733e-11
0.000629443	2.75291e-10
0.00063531	9.65072e-10
0.000641176	2.93877e-09
0.000647043	9.50688e-09
0.000652909	2.79731e-08
0.000658776	8.3839e-08
0.000664643	2.37486e-07
0.000670509	6.62097e-07
0.000676376	1.79886e-06
0.000682242	4.6838e-06
0.000688109	1.21616e-05
0.000693975	2.96898e-05
0.000699842	7.34197e-05
0.000705708	0.000168688
0.000711575	0.000396007
0.000717441	0.000859348
0.000723308	0.00190962
0.000729174	0.00392672
0.000735041	0.00823933
0.000740908	0.0161016
0.000746774	0.031839
0.000752641	0.0594547
0.000758507	0.110483
0.000764374	0.200385
0.00077024	0.347703
0.000776107	0.597562
0.000781973	0.982056
0.00078784	1.59903
0.000793706	2.49631
0.000799573	3.85344
0.000805439	5.72845
0.000811306	8.39758
0.000817173	11.915
0.000823039	16.6313
0.000828906	22.5794
0.000834772	30.1143
0.000840639	39.2377
0.000846505	50.2145
0.000852372	63.0199
0.000858238	77.7596
0.000864105	94.3977
0.000869971	112.875
0.000875838	133.16
0.000881704	155.079
0.000887571	178.614
0.000893438	203.55
0.000899304	229.889
0.000905171	257.457
0.000911037	286.283
0.000916904	316.356
0.00092277	347.739
0.000928637	380.745
0.000934503	415.462
0.00094037	452.667
0.000946236	492.443
0.000952103	536.007
0.000957969	583.398
0.000963836	635.996
0.000969703	693.769
0.000975569	757.721
0.000981436	827.746
0.000987302	903.822
0.000993169	985.806
0.000999035	1072.2
0.0010049	1162.91
0.00101077	1255.13
0.00101663	1348.87
0.0010225	1441.09
0.00102837	1531.87
0.00103423	1619.46
0.0010401	1703.95
0.00104597	1785.91
0.00105183	1865.41
0.0010577	1945.08
0.00106357	2024.94
0.00106943	2108.27
0.0010753	2195.03
0.00108117	2287.3
0.00108703	2385.06
0.0010929	2487.86
0.00109877	2595.71
0.00110463	2705.26
0.0011105	2816.59
0.00111637	2924.12
0.00112223	3027.9
0.0011281	3121.75
0.00113397	3205.66
0.00113983	3275.07
0.0011457	3329.82
0.00115157	3369.53
0.00115743	3394.58
0.0011633	3398.63
0.00116916	3395.18
0.00117503	3386.52
0.0011809	3364.76
0.00118676	3339.11
0.00119263	3310.24
0.0011985	3280.11
0.00120436	3248.99
0.00121023	3216.78
0.0012161	3183.71
0.00122196	3147.53
0.00122783	3108.35
0.0012337	3062.78
0.00123956	3010.73
0.00124543	2949.01
0.0012513	2877.3
0.00125716	2794.15
0.00126303	2699.07
0.0012689	2593.59
0.00127476	2477.28
0.00128063	2354.61
0.0012865	2225.52
0.00129236	2095.87
0.00129823	1966.09
0.0013041	1841.13
0.00130996	1721.75
0.00131583	1610.26
0.00132169	1507.4
0.00132756	1412.67
0.00133343	1326.45
0.00133929	1246.6
0.00134516	1173.04
0.00135103	1103.54
0.00135689	1037.73
0.00136276	974.252
0.00136863	912.722
0.00137449	852.777
0.00138036	794.189
0.00138623	737.225
0.00139209	681.834
0.00139796	628.509
0.00140383	577.311
0.00140969	528.71
0.00141556	482.819
0.00142143	439.942
0.00142729	400.208
0.00143316	363.642
0.00143903	330.346
0.00144489	300.026
0.00145076	272.702
0.00145663	247.849
0.00146249	225.375
0.00146836	204.735
0.00147422	185.751
0.00148009	168.06
0.00148596	151.478
0.00149182	135.905
0.00149769	121.229
0.00150356	107.538
0.00150942	94.8199
0.00151529	83.2102
0.00152116	72.7634
0.00152702	63.5426
0.00153289	55.6146
0.00153876	48.9146
0.00154462	43.4746
0.00155049	39.1007
0.00155636	35.7602
0.00156222	33.1734
0.00156809	31.2318
0.00157396	29.6541
0.00157982	28.2752
0.00158569	26.91
0.00159156	25.3924
0.00159742	23.689
0.00160329	21.7002
0.00160916	19.5189
0.00161502	17.1469
0.00162089	14.7189
0.00162675	12.3149
0.00163262	10.0302
0.00163849	7.96254
0.00164435	6.13538
0.00165022	4.61035
0.00165609	3.35703
0.00166195	2.36588
0.00166782	1.64019
