3.33898e-05	1.39518e-11
3.55687e-05	4.74068e-11
3.77476e-05	1.47772e-10
3.99264e-05	4.96536e-10
4.21053e-05	1.41442e-09
4.42842e-05	4.41477e-09
4.64631e-05	1.22355e-08
4.8642e-05	3.55828e-08
5.08209e-05	9.56685e-08
5.29998e-05	2.60031e-07
5.51787e-05	6.76203e-07
5.73576e-05	1.7232e-06
5.95365e-05	4.3213e-06
6.17154e-05	1.03571e-05
6.38943e-05	2.49727e-05
6.60732e-05	5.64688e-05
6.82521e-05	0.000130538
7.0431e-05	0.000279325
7.26099e-05	0.000617388
7.47888e-05	0.00125378
7.69677e-05	0.00264297
7.91465e-05	0.00510775
8.13254e-05	0.0102457
8.35043e-05	0.0188908
8.56832e-05	0.0359888
8.78621e-05	0.0645592
9.0041e-05	0.115218
9.22199e-05	0.19865
9.43988e-05	0.335044
9.65777e-05	0.552141
9.87566e-05	0.884768
0.000100935	1.39191
0.000103114	2.12496
0.000105293	3.19038
0.000107472	4.65094
0.000109651	6.66828
0.00011183	9.30273
0.000114009	12.7565
0.000116188	17.0697
0.000118367	22.4425
0.000120546	28.8855
0.000122724	36.5418
0.000124903	45.4031
0.000127082	55.5294
0.000129261	66.9246
0.00013144	79.6093
0.000133619	93.6364
0.000135798	109.107
0.000137977	126.14
0.000140156	145.063
0.000142334	166.045
0.000144513	189.727
0.000146692	216.286
0.000148871	246.635
0.00015105	280.912
0.000153229	320.144
0.000155408	364.403
0.000157587	414.629
0.000159766	470.843
0.000161945	533.766
0.000164123	603.407
0.000166302	680.297
0.000168481	764.473
0.00017066	856.442
0.000172839	956.279
0.000175018	1064.66
0.000177197	1181.68
0.000179376	1308.23
0.000181555	1444.38
0.000183733	1591.08
0.000185912	1748.31
0.000188091	1916.7
0.00019027	2096.1
0.000192449	2286.31
0.000194628	2487.1
0.000196807	2696.94
0.000198986	2915.56
0.000201165	3139.9
0.000203344	3369.73
0.000205522	3600.66
0.000207701	3832.57
0.00020988	4060.54
0.000212059	4284.59
0.000214238	4500.41
0.000216417	4708.14
0.000218596	4905.12
0.000220775	5091.51
0.000222954	5266.71
0.000225132	5430.83
0.000227311	5584.8
0.00022949	5728.66
0.000231669	5864.01
0.000233848	5990.84
0.000236027	6110.83
0.000238206	6223.97
0.000240385	6332.17
0.000242564	6435.43
0.000244743	6536.23
0.000246921	6634.55
0.0002491	6733.17
0.000251279	6832.06
0.000253458	6932.92
0.000255637	7035.75
0.000257816	7139.37
0.000259995	7243.86
0.000262174	7344.29
0.000264353	7440.76
0.000266531	7525.7
0.00026871	7599.14
0.000270889	7654.37
0.000273068	7691.79
0.000275247	7697.18
0.000277426	7684.42
0.000279605	7655.22
0.000281784	7593.76
0.000283963	7512.86
0.000286142	7413.2
0.00028832	7300.39
0.000290499	7174.44
0.000292678	7042.6
0.000294857	6905.07
0.000297036	6767.76
0.000299215	6631.06
0.000301394	6498.1
0.000303573	6369.37
0.000305752	6244.39
0.00030793	6123.58
0.000310109	6003.13
0.000312288	5883.18
0.000314467	5758.33
0.000316646	5628.28
0.000318825	5488.73
0.000321004	5339.02
0.000323183	5178.18
0.000325362	5005.53
0.00032754	4823.8
0.000329719	4632.72
0.000331898	4437.09
0.000334077	4237.22
0.000336256	4037.46
0.000338435	3838.5
0.000340614	3642.52
0.000342793	3450.15
0.000344972	3261.42
0.000347151	3076.56
0.000349329	2894.82
0.000351508	2716.03
0.000353687	2540.06
0.000355866	2366.66
0.000358045	2196.76
0.000360224	2030.31
0.000362403	1868.78
0.000364582	1712.4
0.000366761	1562.37
0.000368939	1419.01
0.000371118	1282.87
0.000373297	1154.19
0.000375476	1033.03
0.000377655	919.453
0.000379834	813.434
0.000382013	714.958
0.000384192	624.074
0.000386371	540.8
0.00038855	465.143
0.000390728	397.183
0.000392907	336.628
0.000395086	283.538
0.000397265	237.204
0.000399444	197.553
0.000401623	163.584
0.000403802	135.045
0.000405981	110.913
0.00040816	90.8125
0.000410338	73.9254
0.000412517	59.8657
0.000414696	48.091
0.000416875	38.2921
0.000419054	30.1389
0.000421233	23.4223
0.000423412	17.9209
0.000425591	13.4965
0.00042777	9.96944
0.000429949	7.23256
0.000432127	5.13158
0.000434306	3.56914
0.000436485	2.42471
0.000438664	1.6105
0.000440843	1.04612
0.000443022	0.661183
0.000445201	0.410702
0.00044738	0.246092
0.000449559	0.146408
0.000451737	0.0828182
0.000453916	0.0473293
0.000456095	0.0249441
0.000458274	0.0138803
0.000460453	0.00694591
0.000462632	0.00368396
0.000464811	0.00158425
0.00046699	0.000884345
