0.000166815	0.00111422
0.000171844	0.0017693
0.000176872	0.00373452
0.000181901	0.00647761
0.000186929	0.0115746
0.000191958	0.0194911
0.000196986	0.0331815
0.000202014	0.0540966
0.000207043	0.0880208
0.000212071	0.138677
0.0002171	0.216206
0.000222128	0.328791
0.000227157	0.492262
0.000232185	0.722211
0.000237214	1.0405
0.000242242	1.47303
0.00024727	2.04641
0.000252299	2.79817
0.000257327	3.75704
0.000262356	4.97066
0.000267384	6.46741
0.000272413	8.3013
0.000277441	10.5002
0.000282469	13.1215
0.000287498	16.1954
0.000292526	19.785
0.000297555	23.9253
0.000302583	28.6928
0.000307612	34.1239
0.00031264	40.313
0.000317669	47.2851
0.000322697	55.1387
0.000327725	63.8682
0.000332754	73.5347
0.000337782	84.0879
0.000342811	95.4935
0.000347839	107.663
0.000352868	120.424
0.000357896	133.682
0.000362924	147.147
0.000367953	160.764
0.000372981	174.225
0.00037801	187.55
0.000383038	200.564
0.000388067	213.371
0.000393095	226.07
0.000398123	238.821
0.000403152	252.052
0.00040818	265.938
0.000413209	281.182
0.000418237	297.927
0.000423266	317.019
0.000428294	338.538
0.000433323	363.296
0.000438351	391.304
0.000443379	423.17
0.000448408	458.839
0.000453436	498.578
0.000458465	542.278
0.000463493	589.78
0.000468522	640.951
0.00047355	695.204
0.000478578	752.427
0.000483607	811.747
0.000488635	873.115
0.000493664	935.649
0.000498692	999.382
0.000503721	1063.76
0.000508749	1128.87
0.000513778	1194.74
0.000518806	1261.46
0.000523834	1329.63
0.000528863	1399.32
0.000533891	1471.42
0.00053892	1545.93
0.000543948	1623.65
0.000548977	1704.5
0.000554005	1788.74
0.000559033	1876.27
0.000564062	1966.53
0.00056909	2059.4
0.000574119	2153.51
0.000579147	2248.75
0.000584176	2343.06
0.000589204	2436.4
0.000594233	2526.36
0.000599261	2612.94
0.000604289	2693.86
0.000609318	2769.13
0.000614346	2837
0.000619375	2897.51
0.000624403	2949.76
0.000629432	2993.77
0.00063446	3029.66
0.000639488	3057.45
0.000644517	3078.36
0.000649545	3092.35
0.000654574	3100.35
0.000659602	3104.22
0.000664631	3104.34
0.000669659	3102.11
0.000674688	3098.93
0.000679716	3094.78
0.000684744	3091.03
0.000689773	3087.7
0.000694801	3084.79
0.00069983	3082.34
0.000704858	3078.96
0.000709887	3074.7
0.000714915	3067.16
0.000719943	3056.36
0.000724972	3039.69
0.00073	3017.11
0.000735029	2986.69
0.000740057	2948.33
0.000745086	2901.44
0.000750114	2845.88
0.000755143	2782.55
0.000760171	2711.36
0.000765199	2634.4
0.000770228	2551.62
0.000775256	2465.71
0.000780285	2376.71
0.000785313	2287.16
0.000790342	2197.2
0.00079537	2108.67
0.000800398	2021.74
0.000805427	1937.25
0.000810455	1855.37
0.000815484	1776.06
0.000820512	1699.39
0.000825541	1624.85
0.000830569	1552.43
0.000835598	1481.66
0.000840626	1412.44
0.000845654	1344.71
0.000850683	1278.38
0.000855711	1213.78
0.00086074	1150.89
0.000865768	1090.15
0.000870797	1031.63
0.000875825	975.514
0.000880853	921.907
0.000885882	870.6
0.00089091	821.642
0.000895939	774.533
0.000900967	729.234
0.000905996	685.246
0.000911024	642.46
0.000916052	600.654
0.000921081	559.712
0.000926109	519.797
0.000931138	480.851
0.000936166	443.324
0.000941195	407.251
0.000946223	373.144
0.000951252	341.117
0.00095628	311.515
0.000961308	284.48
0.000966337	260.047
0.000971365	238.324
0.000976394	219.013
0.000981422	202.137
0.000986451	187.163
0.000991479	174.008
0.000996507	162.075
0.00100154	151.193
0.00100656	140.878
0.00101159	130.926
0.00101662	121.093
0.00102165	111.208
0.00102668	101.286
0.00103171	91.2447
0.00103673	81.2808
0.00104176	71.4156
0.00104679	61.8981
0.00105182	52.8241
0.00105685	44.3801
0.00106188	36.6818
0.00106691	29.7954
0.00107193	23.8043
0.00107696	18.6613
0.00108199	14.3901
0.00108702	10.8759
0.00109205	8.08525
0.00109708	5.8879
0.0011021	4.21529
0.00110713	2.95737
0.00111216	2.03664
0.00111719	1.37699
0.00112222	0.910989
0.00112725	0.593982
0.00113228	0.376912
0.0011373	0.237271
0.00114233	0.144129
0.00114736	0.0877432
0.00115239	0.0509001
0.00115742	0.0300319
0.00116245	0.0150889
0.00116747	0.0095128
