0.000100103	0.000370641
0.00010312	0.000712752
0.000106137	0.00173908
0.000109154	0.00347305
0.000112171	0.00728688
0.000115188	0.0137137
0.000118205	0.0272775
0.000121222	0.0491112
0.000124239	0.0913635
0.000127256	0.158712
0.000130273	0.274196
0.00013329	0.454049
0.000136307	0.736642
0.000139324	1.15886
0.000142341	1.77225
0.000145358	2.64297
0.000148375	3.82012
0.000151392	5.39418
0.000154408	7.3826
0.000157425	9.8672
0.000160442	12.8045
0.000163459	16.2064
0.000166476	19.9652
0.000169493	23.9647
0.00017251	28.075
0.000175527	32.0536
0.000178544	35.827
0.000181561	39.129
0.000184578	42.0108
0.000187595	44.3596
0.000190612	46.3562
0.000193629	48.1889
0.000196646	50.0957
0.000199663	52.5678
0.00020268	55.7975
0.000205697	60.4086
0.000208714	66.491
0.000211731	74.5712
0.000214748	84.6691
0.000217765	97.1055
0.000220782	111.918
0.000223799	129.332
0.000226816	149.456
0.000229833	172.636
0.00023285	199
0.000235867	229.087
0.000238884	262.916
0.000241901	300.953
0.000244918	343.023
0.000247935	389.055
0.000250952	438.741
0.000253969	491.213
0.000256986	546.213
0.000260003	602.363
0.00026302	659.622
0.000266037	716.843
0.000269054	774.225
0.000272071	831.552
0.000275088	889.13
0.000278105	947.844
0.000281122	1007.94
0.000284139	1070.98
0.000287156	1137.08
0.000290173	1207.83
0.00029319	1283.25
0.000296207	1364.54
0.000299224	1451.71
0.000302241	1545.59
0.000305258	1646.19
0.000308275	1754.18
0.000311292	1869.53
0.000314309	1992.75
0.000317326	2123.75
0.000320343	2262.51
0.00032336	2408.85
0.000326377	2561.68
0.000329394	2720.75
0.000332411	2883.56
0.000335428	3049.9
0.000338445	3216.07
0.000341462	3381.97
0.000344479	3543.51
0.000347496	3700.74
0.000350513	3850.32
0.00035353	3992.39
0.000356547	4125.35
0.000359564	4249.37
0.000362581	4364.97
0.000365598	4472.3
0.000368615	4573.68
0.000371632	4669.14
0.000374649	4761.7
0.000377666	4851.29
0.000380683	4939.94
0.0003837	5027.58
0.000386717	5113.83
0.000389734	5198.63
0.000392751	5278.87
0.000395768	5354.56
0.000398785	5421.13
0.000401802	5478.61
0.000404819	5524.12
0.000407836	5557.76
0.000410853	5570.43
0.00041387	5575.18
0.000416887	5572.88
0.000419904	5552.92
0.000422921	5525.35
0.000425938	5490.4
0.000428955	5450.51
0.000431972	5405.74
0.000434989	5357.61
0.000438006	5306.23
0.000441023	5251.28
0.00044404	5192.87
0.000447057	5129.25
0.000450074	5060.47
0.000453091	4983.96
0.000456108	4899.7
0.000459125	4805.08
0.000462142	4699.98
0.000465159	4582.97
0.000468176	4453.81
0.000471193	4313.33
0.00047421	4161.28
0.000477227	4000.99
0.000480244	3832.34
0.000483261	3660.15
0.000486278	3484.58
0.000489295	3310.14
0.000492312	3137.2
0.000495329	2968.56
0.000498346	2804.63
0.000501363	2646.26
0.00050438	2493.7
0.000507397	2346.7
0.000510414	2205.29
0.000513431	2069.15
0.000516448	1938.2
0.000519465	1812.53
0.000522482	1692.11
0.000525499	1577.2
0.000528516	1467.85
0.000531533	1364.05
0.00053455	1265.88
0.000537567	1172.89
0.000540584	1085.1
0.000543601	1001.82
0.000546618	922.954
0.000549635	847.922
0.000552652	776.582
0.000555669	708.646
0.000558686	643.988
0.000561703	582.64
0.00056472	524.535
0.000567737	469.931
0.000570754	418.839
0.000573771	371.58
0.000576788	328.24
0.000579805	288.984
0.000582822	253.931
0.000585839	222.914
0.000588856	196.009
0.000591873	172.694
0.00059489	152.928
0.000597907	136.008
0.000600924	121.768
0.000603941	109.55
0.000606958	99.1288
0.000609975	90.0316
0.000612992	82.0499
0.000616009	74.8928
0.000619026	68.4089
0.000622043	62.4209
0.00062506	56.8251
0.000628077	51.519
0.000631094	46.426
0.000634111	41.5239
0.000637128	36.7635
0.000640145	32.2077
0.000643162	27.8501
0.000646179	23.8081
0.000649196	20.1234
0.000652213	16.9102
0.00065523	14.2401
0.000658247	12.17
0.000661264	10.6456
0.000664281	10.0437
0.000667298	10.1384
0.000670315	10.4035
0.000673332	11.3592
0.000676349	12.8101
0.000679366	14.4389
0.000682383	16.1194
0.0006854	17.6975
0.000688417	19.019
0.000691434	19.9427
0.000694451	20.333
0.000697468	20.1173
0.000700485	19.4785
