3.33898e-05	0.26734
3.52334e-05	0.399568
3.70771e-05	0.628113
3.89207e-05	0.934702
4.07644e-05	1.37269
4.2608e-05	1.97401
4.44517e-05	2.79266
4.62953e-05	3.87994
4.8139e-05	5.29577
4.99827e-05	7.11047
5.18263e-05	9.37887
5.367e-05	12.1817
5.55136e-05	15.558
5.73573e-05	19.5827
5.92009e-05	24.2773
6.10446e-05	29.6953
6.28882e-05	35.8531
6.47319e-05	42.783
6.65755e-05	50.5206
6.84192e-05	59.1031
7.02628e-05	68.6079
7.21065e-05	79.1243
7.39502e-05	90.7701
7.57938e-05	103.727
7.76375e-05	118.117
7.94811e-05	134.202
8.13248e-05	152.048
8.31684e-05	171.911
8.50121e-05	193.748
8.68557e-05	217.666
8.86994e-05	243.515
9.0543e-05	271.138
9.23867e-05	300.357
9.42303e-05	330.765
9.6074e-05	362.298
9.79177e-05	394.524
9.97613e-05	427.624
0.000101605	461.549
0.000103449	496.771
0.000105292	534.044
0.000107136	574.049
0.00010898	618.539
0.000110823	668.202
0.000112667	725.575
0.000114511	791.118
0.000116354	867.516
0.000118198	954.847
0.000120042	1055.1
0.000121885	1167.97
0.000123729	1294.08
0.000125572	1432.88
0.000127416	1583.4
0.00012926	1745.08
0.000131103	1915.7
0.000132947	2094.83
0.000134791	2279.68
0.000136634	2470.03
0.000138478	2663.2
0.000140322	2859.14
0.000142165	3055.74
0.000144009	3253.01
0.000145853	3449.53
0.000147696	3645.34
0.00014954	3839.53
0.000151384	4032.16
0.000153227	4222.69
0.000155071	4411.16
0.000156915	4597.32
0.000158758	4781.2
0.000160602	4962.82
0.000162446	5142.25
0.000164289	5319.85
0.000166133	5495.7
0.000167977	5670.53
0.00016982	5844.38
0.000171664	6018.15
0.000173507	6191.82
0.000175351	6365.96
0.000177195	6540.45
0.000179038	6714.88
0.000180882	6889.06
0.000182726	7061.09
0.000184569	7230.79
0.000186413	7394.74
0.000188257	7552.83
0.0001901	7700.76
0.000191944	7838.53
0.000193788	7962.03
0.000195631	8071.35
0.000197475	8163.62
0.000199319	8238.96
0.000201162	8297.44
0.000203006	8338.7
0.00020485	8355.22
0.000206693	8361.97
0.000208537	8358.71
0.000210381	8334.79
0.000212224	8300.73
0.000214068	8256.36
0.000215912	8204.29
0.000217755	8144.49
0.000219599	8079.31
0.000221442	8008.74
0.000223286	7933.53
0.00022513	7853.71
0.000226973	7768.29
0.000228817	7677.29
0.000230661	7578.51
0.000232504	7471.96
0.000234348	7355.45
0.000236192	7228.91
0.000238035	7091.6
0.000239879	6943.37
0.000241723	6785.77
0.000243566	6618.65
0.00024541	6445.6
0.000247254	6266.56
0.000249097	6085.81
0.000250941	5903.46
0.000252785	5722.65
0.000254628	5543.65
0.000256472	5367.16
0.000258316	5193.48
0.000260159	5020.8
0.000262003	4849.25
0.000263847	4675.73
0.00026569	4500.12
0.000267534	4319.87
0.000269377	4134.63
0.000271221	3944.04
0.000273065	3747.7
0.000274908	3547.98
0.000276752	3344.65
0.000278596	3142.18
0.000280439	2940.68
0.000282283	2745.2
0.000284127	2556.2
0.00028597	2377.68
0.000287814	2210.3
0.000289658	2055.93
0.000291501	1915.18
0.000293345	1787.57
0.000295189	1673.46
0.000297032	1570.65
0.000298876	1479.12
0.00030072	1395.95
0.000302563	1320.81
0.000304407	1251.01
0.000306251	1186.08
0.000308094	1124.12
0.000309938	1064.66
0.000311782	1006.7
0.000313625	949.902
0.000315469	893.914
0.000317312	838.56
0.000319156	783.827
0.000321	729.648
0.000322843	676.167
0.000324687	623.366
0.000326531	571.521
0.000328374	520.636
0.000330218	471.165
0.000332062	423.153
0.000333905	377.216
0.000335749	333.475
0.000337593	292.57
0.000339436	254.706
0.00034128	220.34
0.000343124	189.707
0.000344967	162.906
0.000346811	140.119
0.000348655	121.032
0.000350498	105.689
0.000352342	93.4531
0.000354186	84.1941
0.000356029	77.1376
0.000357873	72.0053
0.000359717	68.0921
0.00036156	65.0464
0.000363404	62.3836
0.000365247	59.7746
0.000367091	57.0102
0.000368935	53.8627
0.000370778	50.3582
0.000372622	46.4066
0.000374466	42.1691
0.000376309	37.6795
0.000378153	33.1253
0.000379997	28.6133
0.00038184	24.2798
0.000383684	20.244
0.000385528	16.5618
0.000387371	13.3182
0.000389215	10.5002
0.000391059	8.13916
0.000392902	6.18381
0.000394746	4.6179
0.00039659	3.38193
0.000398433	2.40728
0.000400277	1.71745
