0.000166815	0.000686791
0.000171844	0.00110253
0.000176872	0.00234973
0.000181901	0.00409853
0.000186929	0.00744949
0.000191958	0.0126655
0.000196986	0.0219012
0.000202014	0.036117
0.000207043	0.0597287
0.000212071	0.0953581
0.0002171	0.151208
0.000222128	0.233418
0.000227157	0.355686
0.000232185	0.530557
0.000237214	0.778493
0.000242242	1.12202
0.00024727	1.58835
0.000252299	2.21313
0.000257327	3.02848
0.000262356	4.08415
0.000267384	5.41383
0.000272413	7.079
0.000277441	9.11149
0.000282469	11.5793
0.000287498	14.5108
0.000292526	17.9751
0.000297555	21.9981
0.000302583	26.6481
0.000307612	31.9509
0.00031264	37.9764
0.000317669	44.7504
0.000322697	52.3482
0.000327725	60.7916
0.000332754	70.1585
0.000337782	80.4592
0.000342811	91.7601
0.000347839	104.053
0.000352868	117.367
0.000357896	131.674
0.000362924	146.943
0.000367953	163.129
0.000372981	180.129
0.00037801	197.9
0.000383038	216.281
0.000388067	235.249
0.000393095	254.638
0.000398123	274.462
0.000403152	294.627
0.00040818	315.192
0.000413209	336.219
0.000418237	357.799
0.000423266	380.202
0.000428294	403.524
0.000433323	428.219
0.000438351	454.358
0.000443379	482.47
0.000448408	512.575
0.000453436	545.121
0.000458465	580.075
0.000463493	617.657
0.000468522	657.806
0.00047355	700.463
0.000478578	745.576
0.000483607	792.891
0.000488635	842.396
0.000493664	893.833
0.000498692	947.232
0.000503721	1002.53
0.000508749	1059.77
0.000513778	1119.15
0.000518806	1180.7
0.000523834	1244.75
0.000528863	1311.25
0.000533891	1380.36
0.00053892	1451.97
0.000543948	1525.68
0.000548977	1601.38
0.000554005	1677.95
0.000559033	1755.29
0.000564062	1831.73
0.00056909	1907.24
0.000574119	1980.07
0.000579147	2050.26
0.000584176	2116.61
0.000589204	2179.2
0.000594233	2237.86
0.000599261	2292.68
0.000604289	2344.65
0.000609318	2393.83
0.000614346	2442.07
0.000619375	2489.38
0.000624403	2537.77
0.000629432	2587.19
0.00063446	2639.02
0.000639488	2693.19
0.000644517	2749.71
0.000649545	2808.54
0.000654574	2868.11
0.000659602	2928.42
0.000664631	2986.64
0.000669659	3042.8
0.000674688	3093.63
0.000679716	3139.16
0.000684744	3176.72
0.000689773	3206.3
0.000694801	3226.7
0.00069983	3237.94
0.000704858	3238.8
0.000709887	3231.6
0.000714915	3216.72
0.000719943	3193.61
0.000724972	3164.45
0.00073	3129.27
0.000735029	3089.55
0.000740057	3045.35
0.000745086	2997.61
0.000750114	2946.38
0.000755143	2892.16
0.000760171	2834.98
0.000765199	2775.14
0.000770228	2712.66
0.000775256	2647.85
0.000780285	2580.71
0.000785313	2511.61
0.000790342	2440.54
0.00079537	2367.77
0.000800398	2293.33
0.000805427	2217.36
0.000810455	2139.86
0.000815484	2060.95
0.000820512	1980.61
0.000825541	1899.03
0.000830569	1816.2
0.000835598	1732.48
0.000840626	1647.87
0.000845654	1562.94
0.000850683	1477.7
0.000855711	1392.86
0.00086074	1308.47
0.000865768	1225.37
0.000870797	1143.6
0.000875825	1064.1
0.000880853	986.957
0.000885882	913.104
0.00089091	842.664
0.000895939	776.432
0.000900967	714.566
0.000905996	657.509
0.000911024	605.429
0.000916052	558.257
0.000921081	516.12
0.000926109	478.422
0.000931138	445.19
0.000936166	415.441
0.000941195	389.079
0.000946223	364.993
0.000951252	342.976
0.00095628	322.074
0.000961308	302.021
0.000966337	282.234
0.000971365	262.463
0.000976394	242.568
0.000981422	222.389
0.000986451	202.157
0.000991479	181.838
0.000996507	161.863
0.00100154	142.315
0.00100656	123.633
0.00101159	105.967
0.00101662	89.6128
0.00102165	74.7278
0.00102668	61.4024
0.00103171	49.7433
0.00103673	39.6578
0.00104176	31.1753
0.00104679	24.0901
0.00105182	18.3577
0.00105685	13.7386
0.00106188	10.1394
0.00106691	7.34508
0.00107193	5.24485
0.00107696	3.67657
0.00108199	2.53733
0.00108702	1.721
0.00109205	1.14651
0.00109708	0.752598
0.0011021	0.483268
0.00110713	0.307169
0.00111216	0.189791
0.00111719	0.116911
0.00112222	0.069362
0.00112725	0.0414628
0.00113228	0.0235618
0.0011373	0.0136928
0.00114233	0.00739669
0.00114736	0.00421089
0.00115239	0.00218137
0.00115742	0.00120395
0.00116245	0.000540795
0.00116747	0.000319745
