0.000166815	6.75475e-58
0.00017352	9.67054e-56
0.000180225	3.84795e-55
0.000186929	4.69216e-53
0.000193634	1.88027e-52
0.000200339	1.94968e-50
0.000207043	7.8812e-50
0.000213748	6.95057e-48
0.000220453	2.83376e-47
0.000227157	2.1261e-45
0.000233862	8.74073e-45
0.000240566	5.58088e-43
0.000247271	2.31296e-42
0.000253976	1.25729e-40
0.00026068	5.25102e-40
0.000267385	2.43135e-38
0.00027409	1.02283e-37
0.000280794	4.03663e-36
0.000287499	1.70951e-35
0.000294204	5.75493e-34
0.000300908	2.45181e-33
0.000307613	7.0472e-32
0.000314317	3.01774e-31
0.000321022	7.41434e-30
0.000327727	3.18788e-29
0.000334431	6.70421e-28
0.000341136	2.89066e-27
0.000347841	5.212e-26
0.000354545	2.25019e-25
0.00036125	3.48519e-24
0.000367955	1.50395e-23
0.000374659	2.0055e-22
0.000381364	8.632e-22
0.000388068	9.93639e-21
0.000394773	4.25533e-20
0.000401478	4.24132e-19
0.000408182	1.80215e-18
0.000414887	1.56072e-17
0.000421592	6.55824e-17
0.000428296	4.95463e-16
0.000435001	2.05135e-15
0.000441706	1.35795e-14
0.00044841	5.51667e-14
0.000455115	3.21579e-13
0.000461819	1.276e-12
0.000468524	6.58522e-12
0.000475229	2.53934e-11
0.000481933	1.16703e-10
0.000488638	4.34988e-10
0.000495343	1.79129e-09
0.000502047	6.4169e-09
0.000508752	2.38308e-08
0.000515457	8.15642e-08
0.000522161	2.74978e-07
0.000528866	8.93844e-07
0.000535571	2.75364e-06
0.000542275	8.45102e-06
0.00054898	2.3944e-05
0.000555684	6.89892e-05
0.000562389	0.00018087
0.000569094	0.000486708
0.000575798	0.00118743
0.000582503	0.00297048
0.000589208	0.00677802
0.000595912	0.0157036
0.000602617	0.0336574
0.000609322	0.0720182
0.000616026	0.145493
0.000622731	0.287052
0.000629435	0.554073
0.00063614	1.00671
0.000642845	1.83987
0.000649549	3.10896
0.000656254	5.26217
0.000662959	8.3635
0.000669663	13.1679
0.000676368	19.725
0.000683073	29.0231
0.000689777	41.0682
0.000696482	56.7901
0.000703186	76.1434
0.000709891	99.5993
0.000716596	127.091
0.0007233	158.421
0.000730005	193.551
0.00073671	231.856
0.000743414	273.354
0.000750119	317.627
0.000756824	364.728
0.000763528	414.991
0.000770233	468.449
0.000776937	526.056
0.000783642	587.788
0.000790347	654.253
0.000797051	725.397
0.000803756	800.389
0.000810461	879.201
0.000817165	959.48
0.00082387	1041.24
0.000830575	1121.88
0.000837279	1201.43
0.000843984	1278.64
0.000850689	1353.5
0.000857393	1426.64
0.000864098	1498.02
0.000870802	1569.28
0.000877507	1640.43
0.000884212	1713.01
0.000890916	1787.02
0.000897621	1863.39
0.000904326	1942.15
0.00091103	2023.69
0.000917735	2108.05
0.00092444	2195.29
0.000931144	2285.44
0.000937849	2378.24
0.000944553	2473.73
0.000951258	2570.96
0.000957963	2670.02
0.000964667	2768.74
0.000971372	2867.21
0.000978077	2961.87
0.000984781	3052.76
0.000991486	3135.53
0.000998191	3210.07
0.0010049	3272.39
0.0010116	3322.22
0.0010183	3356.76
0.00102501	3375.65
0.00103171	3378.09
0.00103842	3363.34
0.00104512	3332.61
0.00105183	3285.65
0.00105853	3225.65
0.00106524	3152.5
0.00107194	3070.84
0.00107865	2980.94
0.00108535	2887.09
0.00109206	2789.9
0.00109876	2691.54
0.00110546	2592.66
0.00111217	2492.87
0.00111887	2392.45
0.00112558	2289.83
0.00113228	2184.77
0.00113899	2076.59
0.00114569	1964.84
0.0011524	1850.75
0.0011591	1734.11
0.00116581	1617.62
0.00117251	1501.53
0.00117922	1388.69
0.00118592	1279.71
0.00119263	1176.41
0.00119933	1079.45
0.00120603	989.103
0.00121274	905.78
0.00121944	828.522
0.00122615	757.322
0.00123285	690.925
0.00123956	628.99
0.00124626	570.822
0.00125297	516.051
0.00125967	464.748
0.00126638	416.779
0.00127308	372.53
0.00127979	332.129
0.00128649	295.664
0.00129319	263.332
0.0012999	234.621
0.0013066	209.559
0.00131331	187.217
0.00132001	167.341
0.00132672	149.089
0.00133342	132.03
0.00134013	115.837
0.00134683	100.16
0.00135354	85.2173
0.00136024	70.9361
0.00136695	57.7337
0.00137365	45.7849
0.00138035	35.325
0.00138706	26.5716
0.00139376	19.4566
0.00140047	14.0622
0.00140717	10.1457
0.00141388	7.3761
0.00142058	6.34836
0.00142729	6.36609
0.00143399	6.41833
0.0014407	7.4663
0.0014474	9.26273
0.00145411	11.2422
0.00146081	13.3117
0.00146752	15.2872
0.00147422	16.9605
0.00148092	18.1538
0.00148763	18.6684
0.00149433	18.4164
0.00150104	17.6705
