3.33898e-05	5.02373e-42
3.59039e-05	3.391e-40
3.8418e-05	1.34133e-39
4.09322e-05	7.66475e-38
4.34463e-05	3.04223e-37
4.59604e-05	1.46693e-35
4.84746e-05	5.86133e-35
5.09887e-05	2.3863e-33
5.35028e-05	9.59292e-33
5.6017e-05	3.29996e-31
5.85311e-05	1.3337e-30
6.10452e-05	3.88007e-29
6.35594e-05	1.57515e-28
6.60735e-05	3.87977e-27
6.85877e-05	1.58033e-26
7.11018e-05	3.30003e-25
7.36159e-05	1.34691e-24
7.61301e-05	2.38836e-23
7.86442e-05	9.75214e-23
8.11583e-05	1.47129e-21
8.36725e-05	5.99851e-21
8.61866e-05	7.71763e-20
8.87007e-05	3.13458e-19
9.12149e-05	3.44862e-18
9.3729e-05	1.39161e-17
9.62431e-05	1.3134e-16
9.87573e-05	5.24902e-16
0.000101271	4.26559e-15
0.000103786	1.68221e-14
0.0001063	1.18208e-13
0.000108814	4.58085e-13
0.000111328	2.79688e-12
0.000113842	1.06001e-11
0.000116356	5.65381e-11
0.00011887	2.08455e-10
0.000121384	9.77077e-10
0.000123899	3.48415e-09
0.000126413	1.44446e-08
0.000128927	4.95028e-08
0.000131441	1.82772e-07
0.000133955	5.9798e-07
0.000136469	1.98038e-06
0.000138983	6.14279e-06
0.000141498	1.83814e-05
0.000144012	5.36778e-05
0.000146526	0.000146184
0.00014904	0.000399152
0.000151554	0.000996237
0.000154068	0.00252707
0.000156582	0.00581803
0.000159096	0.0136311
0.000161611	0.0291166
0.000164125	0.0627048
0.000166639	0.124883
0.000169153	0.24634
0.000171667	0.469524
0.000174181	0.841007
0.000176695	1.48934
0.00017921	2.46387
0.000181724	4.01652
0.000184238	6.19294
0.000186752	9.34054
0.000189266	13.4857
0.00019178	18.9795
0.000194294	25.8408
0.000196809	34.3735
0.000199323	44.6396
0.000201837	57.0829
0.000204351	71.8428
0.000206865	89.899
0.000209379	111.406
0.000211893	137.998
0.000214407	169.699
0.000216922	208.093
0.000219436	252.995
0.00022195	304.653
0.000224464	362.782
0.000226978	425.629
0.000229492	493.044
0.000232006	562.244
0.000234521	633.353
0.000237035	704.778
0.000239549	776.847
0.000242063	851.073
0.000244577	927.791
0.000247091	1011.94
0.000249605	1103.68
0.000252119	1209.84
0.000254634	1330.34
0.000257148	1471.16
0.000259662	1632.1
0.000262176	1815.88
0.00026469	2022.33
0.000267204	2250.5
0.000269718	2500.32
0.000272233	2768.87
0.000274747	3056.17
0.000277261	3359.15
0.000279775	3677.83
0.000282289	4008.98
0.000284803	4352.6
0.000287317	4703.32
0.000289831	5061.2
0.000292346	5416.63
0.00029486	5769.74
0.000297374	6106.59
0.000299888	6427.29
0.000302402	6716.96
0.000304916	6975.45
0.00030743	7193.37
0.000309945	7370.19
0.000312459	7507.95
0.000314973	7605.91
0.000317487	7678.35
0.000320001	7724.82
0.000322515	7765.79
0.000325029	7801.58
0.000327544	7849.21
0.000330058	7909.77
0.000332572	7988.84
0.000335086	8087.86
0.0003376	8198.61
0.000340114	8322.08
0.000342628	8440.23
0.000345142	8553.08
0.000347657	8640.94
0.000350171	8704.08
0.000352685	8716.21
0.000355199	8687.05
0.000357713	8620.81
0.000360227	8486.79
0.000362741	8297.13
0.000365256	8053.99
0.00036777	7763.95
0.000370284	7425.8
0.000372798	7058.93
0.000375312	6663.55
0.000377826	6263.24
0.00038034	5860.32
0.000382854	5472.48
0.000385369	5103.22
0.000387883	4758.04
0.000390397	4439.51
0.000392911	4143.5
0.000395425	3870.43
0.000397939	3614.08
0.000400453	3373.48
0.000402968	3145.1
0.000405482	2928.05
0.000407996	2720.84
0.00041051	2523.2
0.000413024	2333.43
0.000415538	2151.26
0.000418052	1975.06
0.000420566	1804.14
0.000423081	1639
0.000425595	1479.07
0.000428109	1327.36
0.000430623	1184.2
0.000433137	1052.73
0.000435651	934.127
0.000438165	828.99
0.00044068	738.341
0.000443194	659.848
0.000445708	593.528
0.000448222	535.926
0.000450736	486.085
0.00045325	441.517
0.000455764	401.034
0.000458279	363.846
0.000460793	329.247
0.000463307	297.453
0.000465821	268.369
0.000468335	242.183
0.000470849	219.047
0.000473363	198.691
0.000475877	181.135
0.000478392	165.881
0.000480906	152.754
0.00048342	141.331
0.000485934	131.398
0.000488448	122.632
0.000490962	114.869
0.000493476	107.762
0.000495991	101.137
0.000498505	94.6394
0.000501019	88.0234
0.000503533	81.1118
0.000506047	73.6603
0.000508561	65.8124
0.000511075	57.4915
0.000513589	49.0753
0.000516104	40.7373
0.000518618	32.8282
0.000521132	25.6609
0.000523646	19.3546
0.00052616	14.1499
0.000528674	9.93624
0.000531188	6.68529
0.000533703	4.40674
