0.000500379	1.64878e-52
0.000507084	7.26688e-50
0.000513789	2.90181e-49
0.000520493	9.99048e-47
0.000527198	4.02516e-46
0.000533903	1.08197e-43
0.000540607	4.40062e-43
0.000547312	9.23668e-41
0.000554017	3.79202e-40
0.000560721	6.21631e-38
0.000567426	2.57552e-37
0.000574131	3.29855e-35
0.000580835	1.37882e-34
0.00058754	1.38025e-32
0.000594244	5.81863e-32
0.000600949	4.55549e-30
0.000607654	1.93563e-29
0.000614358	1.18624e-27
0.000621063	5.0762e-27
0.000627768	2.43796e-25
0.000634472	1.04955e-24
0.000641177	3.95631e-23
0.000647882	1.71102e-22
0.000654586	5.07237e-21
0.000661291	2.19962e-20
0.000667995	5.14158e-19
0.0006747	2.23018e-18
0.000681405	4.12411e-17
0.000688109	1.78365e-16
0.000694814	2.62047e-15
0.000701519	1.12552e-14
0.000708223	1.3207e-13
0.000714928	5.6051e-13
0.000721633	5.28767e-12
0.000728337	2.20368e-11
0.000735042	1.68469e-10
0.000741746	6.84267e-10
0.000748451	4.27962e-09
0.000755156	1.67892e-08
0.00076186	8.68567e-08
0.000768565	3.25706e-07
0.00077527	1.41123e-06
0.000781974	4.99962e-06
0.000788679	1.83912e-05
0.000795384	6.07795e-05
0.000802088	0.000192544
0.000808793	0.00058582
0.000815497	0.0016213
0.000822202	0.00448271
0.000828907	0.0109874
0.000835611	0.0272775
0.000842316	0.0599393
0.000849021	0.132267
0.000855725	0.267409
0.00086243	0.517454
0.000869135	0.968221
0.000875839	1.64751
0.000882544	2.71927
0.000889249	4.17386
0.000895953	6.12013
0.000902658	8.49901
0.000909362	11.1821
0.000916067	14.1048
0.000922772	16.8907
0.000929476	19.5442
0.000936181	21.7586
0.000942886	23.6212
0.00094959	25.2736
0.000956295	26.8156
0.000963	28.8592
0.000969704	31.4405
0.000976409	35.2704
0.000983113	40.3032
0.000989818	46.883
0.000996523	54.9243
0.00100323	64.1649
0.00100993	74.5639
0.00101664	85.5534
0.00102334	97.2027
0.00103005	109.487
0.00103675	122.536
0.00104346	137.45
0.00105016	154.29
0.00105686	174.692
0.00106357	198.603
0.00107027	226.986
0.00107698	259.765
0.00108368	296.892
0.00109039	338.354
0.00109709	383.898
0.0011038	433.561
0.0011105	487.75
0.00111721	546.492
0.00112391	610.859
0.00113062	680.827
0.00113732	756.991
0.00114402	839.301
0.00115073	926.296
0.00115743	1017.96
0.00116414	1110.9
0.00117084	1205.14
0.00117755	1297.88
0.00118425	1389.11
0.00119096	1478.71
0.00119766	1566.61
0.00120437	1654.57
0.00121107	1742.53
0.00121778	1833.06
0.00122448	1926.11
0.00123119	2025.31
0.00123789	2130.73
0.00124459	2244.55
0.0012513	2367.21
0.001258	2493.56
0.00126471	2624.07
0.00127141	2746.23
0.00127812	2859.79
0.00128482	2955.2
0.00129153	3031.42
0.00129823	3090.47
0.00130494	3131.65
0.00131164	3164.16
0.00131835	3188.35
0.00132505	3210.39
0.00133175	3231.06
0.00133846	3250.61
0.00134516	3269.37
0.00135187	3285.69
0.00135857	3299.59
0.00136528	3309.32
0.00137198	3314.64
0.00137869	3315
0.00138539	3305.38
0.0013921	3284.12
0.0013988	3246.72
0.00140551	3188.31
0.00141221	3108.23
0.00141891	3006.67
0.00142562	2882.18
0.00143232	2743.77
0.00143903	2591.42
0.00144573	2436.67
0.00145244	2281.15
0.00145914	2131.74
0.00146585	1990.47
0.00147255	1857.24
0.00147926	1733.03
0.00148596	1613.96
0.00149267	1499.57
0.00149937	1387.12
0.00150608	1275.51
0.00151278	1165.62
0.00151948	1056.88
0.00152619	952.641
0.00153289	853.333
0.0015396	761.837
0.0015463	679.151
0.00155301	605.78
0.00155971	542.459
0.00156642	487.558
0.00157312	441.077
0.00157983	400.802
0.00158653	366.196
0.00159324	335.655
0.00159994	308.622
0.00160664	284.075
0.00161335	261.641
0.00162005	240.49
0.00162676	220.256
0.00163346	200.513
0.00164017	180.911
0.00164687	161.687
0.00165358	142.749
0.00166028	124.62
0.00166699	107.476
0.00167369	91.6319
0.0016804	77.2927
0.0016871	64.5172
0.00169381	53.4153
0.00170051	43.8971
0.00170721	36.0047
0.00171392	29.4896
0.00172062	24.3027
0.00172733	20.0942
0.00173403	16.6865
0.00174074	13.8317
0.00174744	11.3168
0.00175415	9.10418
0.00176085	7.08853
0.00176756	5.3289
0.00177426	3.83891
0.00178097	2.62555
0.00178767	1.71743
0.00179437	1.05512
0.00180108	0.616742
0.00180778	0.340418
0.00181449	0.171249
0.00182119	0.0876529
0.0018279	0.035333
0.0018346	0.0178931
