0.000166815	9.02369e-19
0.000172682	5.98834e-18
0.000178548	2.12462e-17
0.000184415	1.31635e-16
0.000190282	4.45629e-16
0.000196148	2.49331e-15
0.000202015	8.32699e-15
0.000207881	4.21884e-14
0.000213748	1.38632e-13
0.000219614	6.3791e-13
0.000225481	2.05653e-12
0.000231347	8.62207e-12
0.000237214	2.71862e-11
0.00024308	1.04203e-10
0.000248947	3.20297e-10
0.000254813	1.12642e-09
0.00026068	3.36358e-09
0.000266547	1.08939e-08
0.000272413	3.14886e-08
0.00027828	9.42846e-08
0.000284146	2.6283e-07
0.000290013	7.30411e-07
0.000295879	1.95632e-06
0.000301746	5.06571e-06
0.000307612	1.29877e-05
0.000313479	3.14571e-05
0.000319345	7.69217e-05
0.000325212	0.000174922
0.000331078	0.000406533
0.000336945	0.000871044
0.000342812	0.00191778
0.000348678	0.00388434
0.000354545	0.008078
0.000360411	0.0155124
0.000366278	0.0303936
0.000372144	0.0560802
0.000378011	0.102649
0.000383877	0.182256
0.000389744	0.311548
0.00039561	0.523561
0.000401477	0.844584
0.000407343	1.34138
0.00041321	2.04705
0.000419077	3.07078
0.000424943	4.44063
0.00043081	6.29379
0.000436676	8.63467
0.000442543	11.5754
0.000448409	15.0823
0.000454276	19.1597
0.000460142	23.7411
0.000466009	28.659
0.000471875	33.8458
0.000477742	38.9857
0.000483608	44.0555
0.000489475	48.7385
0.000495342	53.0874
0.000501208	57.011
0.000507075	60.6347
0.000512941	64.2871
0.000518808	68.1269
0.000524674	72.9519
0.000530541	78.8978
0.000536407	87.0851
0.000542274	97.5785
0.00054814	111.512
0.000554007	128.861
0.000559873	150.41
0.00056574	176.066
0.000571606	206.007
0.000577473	240.121
0.00058334	277.969
0.000589206	319.474
0.000595073	363.837
0.000600939	411.042
0.000606806	460.314
0.000612672	511.686
0.000618539	564.701
0.000624405	619.405
0.000630272	675.737
0.000636138	733.728
0.000642005	793.603
0.000647871	855.372
0.000653738	919.342
0.000659605	985.497
0.000665471	1053.96
0.000671338	1124.7
0.000677204	1197.36
0.000683071	1271.89
0.000688937	1347.3
0.000694804	1423.59
0.00070067	1499.39
0.000706537	1574.74
0.000712403	1648.58
0.00071827	1720.95
0.000724136	1791.68
0.000730003	1860.79
0.00073587	1928.98
0.000741736	1996.24
0.000747603	2063.51
0.000753469	2130.78
0.000759336	2198.65
0.000765202	2267.11
0.000771069	2336.44
0.000776935	2406.65
0.000782802	2478.09
0.000788668	2550.77
0.000794535	2625.22
0.000800401	2701.46
0.000806268	2779.49
0.000812135	2859.41
0.000818001	2939.67
0.000823868	3020.41
0.000829734	3098.14
0.000835601	3172.94
0.000841467	3240.11
0.000847334	3299.61
0.0008532	3347.8
0.000859067	3385.32
0.000864933	3400.74
0.0008708	3406.37
0.000876666	3404.84
0.000882533	3381.9
0.0008884	3347.26
0.000894266	3302.13
0.000900133	3248.44
0.000905999	3186.37
0.000911866	3117.94
0.000917732	3043.42
0.000923599	2963.38
0.000929465	2877.94
0.000935332	2787.06
0.000941198	2690.65
0.000947065	2589.22
0.000952931	2482.62
0.000958798	2372.44
0.000964665	2258.64
0.000970531	2143.46
0.000976398	2027.05
0.000982264	1911.46
0.000988131	1796.94
0.000993997	1684.92
0.000999864	1575.62
0.00100573	1470.11
0.0010116	1368.51
0.00101746	1271.96
0.00102333	1180.59
0.0010292	1095.52
0.00103506	1017.01
0.00104093	945.537
0.0010468	881.456
0.00105266	823.958
0.00105853	773.262
0.0010644	727.31
0.00107026	685.952
0.00107613	646.743
0.001082	609.14
0.00108786	571.484
0.00109373	533.093
0.00109959	493.79
0.00110546	453.127
0.00111133	412.196
0.00111719	371.015
0.00112306	331.058
0.00112893	292.734
0.00113479	257.013
0.00114066	224.389
0.00114653	194.98
0.00115239	169.07
0.00115826	146.166
0.00116413	126.244
0.00116999	108.679
0.00117586	93.253
0.00118173	79.5418
0.00118759	67.3103
0.00119346	56.3903
0.00119933	46.6415
0.00120519	38.0247
0.00121106	30.4956
0.00121693	24.0088
0.00122279	18.5555
0.00122866	14.029
0.00123453	10.4008
0.00124039	7.52327
0.00124626	5.33104
0.00125212	3.68055
0.00125799	2.48463
0.00126386	1.63529
0.00126972	1.04812
0.00127559	0.657541
0.00128146	0.398571
0.00128732	0.2386
0.00129319	0.136122
0.00129906	0.0779544
0.00130492	0.0412936
0.00131079	0.0229142
0.00131666	0.0114338
0.00132252	0.00604039
0.00132839	0.00257913
0.00133426	0.00142537
