0.000500379	32.2835
0.000506246	31.6173
0.000512113	30.6369
0.000517979	29.2893
0.000523846	27.7287
0.000529712	26.064
0.000535579	24.4031
0.000541445	22.882
0.000547312	21.5727
0.000553178	20.5202
0.000559045	19.9794
0.000564911	20.0181
0.000570778	20.1472
0.000576644	20.7835
0.000582511	22.0763
0.000588378	23.6952
0.000594244	25.703
0.000600111	28.0555
0.000605977	30.731
0.000611844	33.6816
0.00061771	36.898
0.000623577	40.3462
0.000629443	44.0228
0.00063531	47.9097
0.000641176	51.9997
0.000647043	56.2796
0.000652909	60.7321
0.000658776	65.3323
0.000664643	70.0513
0.000670509	74.8394
0.000676376	79.66
0.000682242	84.4337
0.000688109	89.122
0.000693975	93.6204
0.000699842	97.8972
0.000705708	101.837
0.000711575	105.424
0.000717441	108.558
0.000723308	111.251
0.000729174	113.454
0.000735041	115.212
0.000740908	116.573
0.000746774	117.616
0.000752641	118.52
0.000758507	119.386
0.000764374	120.539
0.00077024	122.083
0.000776107	124.465
0.000781973	127.773
0.00078784	132.516
0.000793706	138.757
0.000799573	146.991
0.000805439	157.25
0.000811306	169.949
0.000817173	185.092
0.000823039	202.97
0.000828906	223.565
0.000834772	247.023
0.000840639	273.312
0.000846505	302.432
0.000852372	334.341
0.000858238	368.896
0.000864105	406.048
0.000869971	445.515
0.000875838	487.255
0.000881704	530.872
0.000887571	576.338
0.000893438	623.216
0.000899304	671.504
0.000905171	720.836
0.000911037	771.236
0.000916904	822.535
0.00092277	874.771
0.000928637	928.025
0.000934503	982.324
0.00094037	1037.92
0.000946236	1094.8
0.000952103	1153.14
0.000957969	1212.88
0.000963836	1273.79
0.000969703	1335.79
0.000975569	1397.98
0.000981436	1460.29
0.000987302	1521.19
0.000993169	1580.66
0.000999035	1636.91
0.0010049	1689.98
0.00101077	1738.46
0.00101663	1782.44
0.0010225	1821.53
0.00102837	1855.82
0.00103423	1886.27
0.0010401	1912.91
0.00104597	1937.86
0.00105183	1961.12
0.0010577	1985.29
0.00106357	2010.34
0.00106943	2038.53
0.0010753	2069.82
0.00108117	2105.42
0.00108703	2145.33
0.0010929	2189.35
0.00109877	2237.51
0.00110463	2288.33
0.0011105	2341.83
0.00111637	2395.66
0.00112223	2449.83
0.0011281	2501.66
0.00113397	2551.15
0.00113983	2595.78
0.0011457	2635.54
0.00115157	2668.5
0.00115743	2694.61
0.0011633	2712.76
0.00116916	2722.95
0.00117503	2723.95
0.0011809	2716.81
0.00118676	2701.76
0.00119263	2677.58
0.0011985	2645.34
0.00120436	2605.09
0.00121023	2557.42
0.0012161	2502.31
0.00122196	2440.69
0.00122783	2372.54
0.0012337	2299.16
0.00123956	2220.52
0.00124543	2138.3
0.0012513	2052.52
0.00125716	1965.08
0.00126303	1876.08
0.0012689	1787.35
0.00127476	1699.04
0.00128063	1612.61
0.0012865	1528.22
0.00129236	1446.72
0.00129823	1368.27
0.0013041	1293.09
0.00130996	1221.3
0.00131583	1152.66
0.00132169	1087.21
0.00132756	1024.53
0.00133343	964.601
0.00133929	907.001
0.00134516	851.674
0.00135103	798.296
0.00135689	746.806
0.00136276	697.002
0.00136863	648.829
0.00137449	602.205
0.00138036	557.085
0.00138623	513.512
0.00139209	471.457
0.00139796	431.085
0.00140383	392.394
0.00140969	355.636
0.00141556	320.846
0.00142143	288.279
0.00142729	258.003
0.00143316	230.172
0.00143903	204.866
0.00144489	182.052
0.00145076	161.789
0.00145663	143.84
0.00146249	128.207
0.00146836	114.511
0.00147422	102.681
0.00148009	92.3001
0.00148596	83.2433
0.00149182	75.1572
0.00149769	67.897
0.00150356	61.2372
0.00150942	55.0523
0.00151529	49.25
0.00152116	43.7508
0.00152702	38.5573
0.00153289	33.6407
0.00153876	29.0431
0.00154462	24.7728
0.00155049	20.8647
0.00155636	17.3416
0.00156222	14.2078
0.00156809	11.4801
0.00157396	9.13111
0.00157982	7.16067
0.00158569	5.52203
0.00159156	4.19727
0.00159742	3.13548
0.00160329	2.30731
0.00160916	1.66885
0.00161502	1.18757
0.00162089	0.831511
0.00162675	0.571504
0.00163262	0.387417
0.00163849	0.256833
0.00164435	0.168637
0.00165022	0.107661
0.00165609	0.068525
0.00166195	0.0400171
0.00166782	0.0259769
