3.33898e-05	7.9941e-22
3.59039e-05	7.53563e-21
3.8418e-05	2.77443e-20
4.09322e-05	2.38362e-19
4.34463e-05	8.50106e-19
4.59604e-05	6.50187e-18
4.84746e-05	2.29972e-17
5.09887e-05	1.56958e-16
5.35028e-05	5.49271e-16
5.6017e-05	3.35426e-15
5.85311e-05	1.1583e-14
6.10452e-05	6.34765e-14
6.35594e-05	2.15673e-13
6.60735e-05	1.06407e-12
6.85877e-05	3.54584e-12
7.11018e-05	1.58051e-11
7.36159e-05	5.14771e-11
7.61301e-05	2.0808e-10
7.86442e-05	6.59937e-10
8.11583e-05	2.42881e-09
8.36725e-05	7.47152e-09
8.61866e-05	2.51418e-08
8.87007e-05	7.47076e-08
9.12149e-05	2.30853e-07
9.3729e-05	6.59788e-07
9.62431e-05	1.88054e-06
9.87573e-05	5.14718e-06
0.000101271	1.3592e-05
0.000103786	3.54737e-05
0.0001063	8.71677e-05
0.000108814	0.000216008
0.000111328	0.000496003
0.000113842	0.00116231
0.000116356	0.00250392
0.00011887	0.00552756
0.000121384	0.0112119
0.000123899	0.023237
0.000126413	0.0445194
0.000128927	0.0863677
0.000131441	0.159655
0.000133955	0.286367
0.000136469	0.502566
0.000138983	0.841261
0.000141498	1.38658
0.000144012	2.18125
0.000146526	3.37166
0.00014904	4.99306
0.000151554	7.23426
0.000154068	10.092
0.000156582	13.7082
0.000159096	18.0148
0.000161611	22.9561
0.000164125	28.4078
0.000166639	33.9947
0.000169153	39.5923
0.000171667	44.5513
0.000174181	48.8245
0.000176695	51.8499
0.00017921	53.5542
0.000181724	53.4448
0.000184238	52.397
0.000186752	50.2948
0.000189266	47.4393
0.00019178	44.9283
0.000194294	42.931
0.000196809	43.222
0.000199323	45.5954
0.000201837	50.7732
0.000204351	61.3596
0.000206865	77.379
0.000209379	99.1531
0.000211893	128.454
0.000214407	165.267
0.000216922	210.915
0.000219436	265.315
0.00022195	329.086
0.000224464	402.106
0.000226978	484.088
0.000229492	574.933
0.000232006	673.64
0.000234521	780.185
0.000237035	893.445
0.000239549	1013.47
0.000242063	1139.69
0.000244577	1272.18
0.000247091	1411.31
0.000249605	1557.2
0.000252119	1711.35
0.000254634	1873.86
0.000257148	2047.64
0.000259662	2232.73
0.000262176	2433.22
0.00026469	2649.06
0.000267204	2883.8
0.000269718	3137.27
0.000272233	3409.01
0.000274747	3698.86
0.000277261	3999.13
0.000279775	4309.8
0.000282289	4616.44
0.000284803	4919.16
0.000287317	5202.39
0.000289831	5466.17
0.000292346	5701.69
0.00029486	5908.79
0.000297374	6090.13
0.000299888	6245.4
0.000302402	6386.77
0.000304916	6514.1
0.00030743	6641.69
0.000309945	6769.78
0.000312459	6906.73
0.000314973	7053.16
0.000317487	7207.07
0.000320001	7369.13
0.000322515	7527.68
0.000325029	7683.08
0.000327544	7818.84
0.000330058	7934.68
0.000332572	8016.2
0.000335086	8062.44
0.0003376	8067.35
0.000340114	8029.69
0.000342628	7954.48
0.000345142	7840.79
0.000347657	7701.99
0.000350171	7538.09
0.000352685	7363.95
0.000355199	7180.56
0.000357713	6997.92
0.000360227	6817.35
0.000362741	6641.98
0.000365256	6472.72
0.00036777	6308.18
0.000370284	6148.63
0.000372798	5991.3
0.000375312	5836.14
0.000377826	5680.12
0.00038034	5523.18
0.000382854	5361.54
0.000385369	5194.99
0.000387883	5019.28
0.000390397	4833.77
0.000392911	4635.9
0.000395425	4424.61
0.000397939	4201.51
0.000400453	3965.72
0.000402968	3723.34
0.000405482	3474.46
0.000407996	3227.25
0.00041051	2982.91
0.000413024	2748.1
0.000415538	2524.59
0.000418052	2315.16
0.000420566	2121.26
0.000423081	1942.06
0.000425595	1778.02
0.000428109	1626.88
0.000430623	1488.25
0.000433137	1360.43
0.000435651	1242.85
0.000438165	1134.76
0.00044068	1035.92
0.000443194	945.644
0.000445708	863.932
0.000448222	789.351
0.000450736	721.716
0.00045325	659.125
0.000455764	600.983
0.000458279	545.904
0.000460793	493.135
0.000463307	442.425
0.000465821	393.316
0.000468335	346.407
0.000470849	301.732
0.000473363	259.984
0.000475877	221.492
0.000478392	186.522
0.000480906	155.362
0.00048342	127.829
0.000485934	103.991
0.000488448	83.4566
0.000490962	66.1068
0.000493476	51.5356
0.000495991	39.5438
0.000498505	29.7655
0.000501019	21.9861
0.000503533	15.876
0.000506047	11.217
0.000508561	7.72757
0.000511075	5.1915
0.000513589	3.39984
0.000516104	2.15953
0.000518618	1.34254
0.000521132	0.801558
0.000523646	0.47352
0.00052616	0.263659
0.000528674	0.14871
0.000531188	0.0682975
0.000533703	0.0414934
