3.33898e-05	0.000586691
3.55687e-05	0.000986311
3.77476e-05	0.00218517
3.99264e-05	0.00392244
4.21053e-05	0.00750102
4.42842e-05	0.0131261
4.64631e-05	0.023754
4.8642e-05	0.0404038
5.08209e-05	0.0693973
5.29998e-05	0.114141
5.51787e-05	0.186971
5.73576e-05	0.296662
5.95365e-05	0.464513
6.17154e-05	0.709726
6.38943e-05	1.06412
6.60732e-05	1.56356
6.82521e-05	2.24776
7.0431e-05	3.17329
7.26099e-05	4.37833
7.47888e-05	5.93573
7.69677e-05	7.86608
7.91465e-05	10.2391
8.13254e-05	13.0407
8.35043e-05	16.3026
8.56832e-05	19.9692
8.78621e-05	23.9956
9.0041e-05	28.2995
9.22199e-05	32.7438
9.43988e-05	37.258
9.65777e-05	41.6488
9.87566e-05	45.9079
0.000100935	49.8833
0.000103114	53.6649
0.000105293	57.2746
0.000107472	60.8974
0.000109651	64.8327
0.00011183	69.3097
0.000114009	74.9086
0.000116188	81.822
0.000118367	90.7772
0.000120546	101.856
0.000122724	115.694
0.000124903	132.234
0.000127082	151.777
0.000129261	174.168
0.00013144	199.251
0.000133619	226.863
0.000135798	256.491
0.000137977	288.064
0.000140156	321.016
0.000142334	355.426
0.000144513	391.071
0.000146692	428.169
0.000148871	467.139
0.00015105	508.262
0.000153229	552.646
0.000155408	600.536
0.000157587	653.49
0.000159766	711.636
0.000161945	776.543
0.000164123	848.197
0.000166302	927.718
0.000168481	1014.98
0.00017066	1110.34
0.000172839	1213.62
0.000175018	1324.36
0.000177197	1442.38
0.000179376	1566.59
0.000181555	1696.84
0.000183733	1831.7
0.000185912	1971.12
0.000188091	2113.69
0.00019027	2259.45
0.000192449	2407.4
0.000194628	2557.65
0.000196807	2709.96
0.000198986	2864.48
0.000201165	3021.93
0.000203344	3182.44
0.000205522	3347.6
0.000207701	3517.46
0.00020988	3693.93
0.000212059	3876.94
0.000214238	4067.75
0.000216417	4266.2
0.000218596	4471.85
0.000220775	4684.49
0.000222954	4901.36
0.000225132	5122.31
0.000227311	5342.48
0.00022949	5561.81
0.000231669	5774.44
0.000233848	5980.42
0.000236027	6174.46
0.000238206	6356.64
0.000240385	6523.67
0.000242564	6675.62
0.000244743	6811.85
0.000246921	6932.37
0.0002491	7038.84
0.000251279	7131.24
0.000253458	7212.37
0.000255637	7282.2
0.000257816	7343.13
0.000259995	7395.18
0.000262174	7439.05
0.000264353	7474.81
0.000266531	7501.04
0.00026871	7517.91
0.000270889	7519.59
0.000273068	7508.76
0.000275247	7485.12
0.000277426	7439.18
0.000279605	7372.27
0.000281784	7284.67
0.000283963	7174.54
0.000286142	7041.57
0.00028832	6888.28
0.000290499	6714.35
0.000292678	6526.06
0.000294857	6323.21
0.000297036	6114.7
0.000299215	5900.61
0.000301394	5690.31
0.000303573	5484.21
0.000305752	5289.7
0.00030793	5107.45
0.000310109	4940.95
0.000312288	4790.93
0.000314467	4656.33
0.000316646	4537.68
0.000318825	4430.13
0.000321004	4333.81
0.000323183	4241.98
0.000325362	4154.3
0.00032754	4064.41
0.000329719	3971.61
0.000331898	3871.69
0.000334077	3763.85
0.000336256	3646.8
0.000338435	3519.92
0.000340614	3384.43
0.000342793	3240.1
0.000344972	3089.64
0.000347151	2933.18
0.000349329	2773.78
0.000351508	2611.81
0.000353687	2449.89
0.000355866	2288.48
0.000358045	2129.57
0.000360224	1973.53
0.000362403	1821.88
0.000364582	1674.91
0.000366761	1533.87
0.000368939	1399.01
0.000371118	1271.37
0.000373297	1151.22
0.000375476	1039.24
0.000377655	935.694
0.000379834	840.733
0.000382013	754.57
0.000384192	676.733
0.000386371	607.295
0.00038855	545.303
0.000390728	490.637
0.000392907	442.137
0.000395086	399.517
0.000397265	361.7
0.000399444	328.317
0.000401623	298.564
0.000403802	272.089
0.000405981	248.393
0.00040816	227.214
0.000410338	208.263
0.000412517	191.381
0.000414696	176.355
0.000416875	163.09
0.000419054	151.345
0.000421233	141.035
0.000423412	131.862
0.000425591	123.709
0.00042777	116.267
0.000429949	109.377
0.000432127	102.794
0.000434306	96.3464
0.000436485	89.9113
0.000438664	83.3507
0.000440843	76.6783
0.000443022	69.8303
0.000445201	62.9223
0.00044738	55.9781
0.000449559	49.1505
0.000451737	42.5308
0.000453916	36.2442
0.000456095	30.4062
0.000458274	25.0755
0.000460453	20.3445
0.000462632	16.2024
0.000464811	12.6717
0.00046699	9.74473
