0.000500379	1.55357e-301
0.000510437	1.09773e-291
0.000520494	4.39092e-291
0.000530551	2.0092e-281
0.000540608	8.11902e-281
0.000550665	2.4055e-271
0.000560722	9.82141e-271
0.000570779	1.88382e-261
0.000580836	7.77259e-261
0.000590893	9.64991e-252
0.00060095	4.0242e-251
0.000611007	3.23337e-242
0.000621064	1.36306e-241
0.000631121	7.08655e-233
0.000641178	3.02045e-232
0.000651235	1.01592e-223
0.000661292	4.37874e-223
0.000671349	9.52627e-215
0.000681406	4.15286e-214
0.000691463	5.84289e-206
0.00070152	2.57672e-205
0.000711577	2.34407e-197
0.000721634	1.04594e-196
0.000731691	6.15102e-189
0.000741748	2.77757e-188
0.000751806	1.05574e-180
0.000761863	4.82552e-180
0.00077192	1.18521e-172
0.000781977	5.48457e-172
0.000792034	8.70287e-165
0.000802091	4.07812e-164
0.000812148	4.17978e-157
0.000822205	1.9838e-156
0.000832262	1.313e-149
0.000842319	6.31324e-149
0.000852376	2.69772e-142
0.000862433	1.3144e-141
0.00087249	3.6253e-135
0.000882547	1.79027e-134
0.000892604	3.18641e-128
0.000902661	1.59525e-127
0.000912718	1.83177e-121
0.000922775	9.2994e-121
0.000932832	6.88721e-115
0.000942889	3.5465e-114
0.000952946	1.69363e-108
0.000963003	8.84832e-108
0.00097306	2.7239e-102
0.000983117	1.44424e-101
0.000993175	2.86523e-96
0.00100323	1.54217e-95
0.00101329	1.97115e-90
0.00102335	1.07732e-89
0.0010334	8.8688e-85
0.00104346	4.92344e-84
0.00105352	2.60972e-79
0.00106357	1.47201e-78
0.00107363	5.02231e-74
0.00108369	2.87916e-73
0.00109374	6.32105e-69
0.0011038	3.68414e-68
0.00111386	5.20294e-64
0.00112392	3.08405e-63
0.00113397	2.8008e-59
0.00114403	1.68897e-58
0.00115409	9.86025e-55
0.00116414	6.05112e-54
0.0011742	2.27024e-50
0.00118426	1.41829e-49
0.00119432	3.41856e-46
0.00120437	2.17474e-45
0.00121443	3.36683e-42
0.00122449	2.18156e-41
0.00123454	2.16889e-38
0.0012446	1.43168e-37
0.00125466	9.14e-35
0.00126471	6.14674e-34
0.00127477	2.52023e-31
0.00128483	1.72652e-30
0.00129489	4.54845e-28
0.00130494	3.17273e-27
0.001315	5.37594e-25
0.00132506	3.81458e-24
0.00133511	4.16471e-22
0.00134517	3.0008e-21
0.00135523	2.11758e-19
0.00136529	1.54471e-18
0.00137534	7.08147e-17
0.0013854	5.20407e-16
0.00139546	1.56245e-14
0.00140551	1.14773e-13
0.00141557	2.28506e-12
0.00142563	1.65778e-11
0.00143568	2.22949e-10
0.00144574	1.56932e-09
0.0014558	1.46347e-08
0.00146586	9.74803e-08
0.00147591	6.52693e-07
0.00148597	3.98113e-06
0.00149603	1.99726e-05
0.00150608	0.000107259
0.00151614	0.000422579
0.0015262	0.00191694
0.00153625	0.00620794
0.00154631	0.0229362
0.00155637	0.0634198
0.00156643	0.186463
0.00157648	0.451801
0.00158654	1.05369
0.0015966	2.31459
0.00160665	4.44789
0.00161671	8.29688
0.00162677	13.8585
0.00163683	21.9779
0.00164688	32.7197
0.00165694	45.9516
0.001667	61.7468
0.00167705	78.955
0.00168711	97.4727
0.00169717	117.331
0.00170722	138.286
0.00171728	163.09
0.00172734	191.817
0.0017374	226.573
0.00174745	267.497
0.00175751	315.59
0.00176757	370.461
0.00177762	437.16
0.00178768	516.119
0.00179774	609.952
0.00180779	720.215
0.00181785	837.986
0.00182791	962.47
0.00183797	1089.13
0.00184802	1215.42
0.00185808	1353.26
0.00186814	1504.25
0.00187819	1672.05
0.00188825	1860.43
0.00189831	2051.44
0.00190837	2244.42
0.00191842	2421.31
0.00192848	2578.69
0.00193854	2710.17
0.00194859	2812.62
0.00195865	2891.19
0.00196871	2943.72
0.00197876	2987.32
0.00198882	3024.44
0.00199888	3066.83
0.00200894	3120.86
0.00201899	3174.95
0.00202905	3235.52
0.00203911	3257.68
0.00204916	3256.99
0.00205922	3253
0.00206928	3194.65
0.00207933	3100.3
0.00208939	2983.31
0.00209945	2839.64
0.00210951	2669.19
0.00211956	2476.27
0.00212962	2259.03
0.00213968	2032.94
0.00214973	1800.34
0.00215979	1577.95
0.00216985	1372.41
0.00217991	1189.57
0.00218996	1034.81
0.00220002	903.319
0.00221008	795.78
0.00222013	704.669
0.00223019	627.214
0.00224025	559.637
0.0022503	499.693
0.00226036	445.734
0.00227042	396.914
0.00228048	350.971
0.00229053	306.403
0.00230059	263.03
0.00231065	219.631
0.0023207	178.795
0.00233076	141.474
0.00234082	109.124
0.00235088	83.281
0.00236093	62.9471
0.00237099	48.2757
0.00238105	37.7806
0.0023911	30.6992
0.00240116	26.054
0.00241122	23.0594
0.00242127	21.0982
0.00243133	19.5539
0.00244139	18.0576
0.00245145	16.0537
0.0024615	13.7099
0.00247156	10.8402
0.00248162	7.93532
0.00249167	5.44399
0.00250173	3.21253
