3.33898e-05	320.897
3.48982e-05	368.334
3.64066e-05	421.831
3.7915e-05	481.52
3.94234e-05	547.017
4.09318e-05	618.166
4.24402e-05	694.363
4.39487e-05	775.127
4.54571e-05	859.728
4.69655e-05	947.38
4.84739e-05	1037.36
4.99823e-05	1128.68
5.14907e-05	1220.78
5.29991e-05	1312.63
5.45076e-05	1403.92
5.6016e-05	1493.82
5.75244e-05	1582.32
5.90328e-05	1668.95
6.05412e-05	1753.96
6.20496e-05	1837.36
6.3558e-05	1919.58
6.50665e-05	2001.07
6.65749e-05	2082.29
6.80833e-05	2164.02
6.95917e-05	2246.6
7.11001e-05	2330.91
7.26085e-05	2417.14
7.41169e-05	2506
7.56253e-05	2597.5
7.71338e-05	2692.04
7.86422e-05	2789.5
8.01506e-05	2889.92
8.1659e-05	2993.16
8.31674e-05	3098.98
8.46758e-05	3207.32
8.61842e-05	3317.89
8.76927e-05	3430.75
8.92011e-05	3545.78
9.07095e-05	3663.15
9.22179e-05	3783.09
9.37263e-05	3905.82
9.52347e-05	4031.91
9.67431e-05	4161.54
9.82516e-05	4295.48
9.976e-05	4433.78
0.000101268	4577.1
0.000102777	4725.31
0.000104285	4878.61
0.000105794	5036.72
0.000107302	5199.12
0.00010881	5365.38
0.000110319	5534.15
0.000111827	5704.95
0.000113336	5875.65
0.000114844	6045.83
0.000116353	6212.81
0.000117861	6376.27
0.000119369	6533.37
0.000120878	6683.95
0.000122386	6825.39
0.000123895	6957.69
0.000125403	7078.84
0.000126911	7188.97
0.00012842	7286.97
0.000129928	7373.04
0.000131437	7447.12
0.000132945	7509.44
0.000134453	7560.95
0.000135962	7601.89
0.00013747	7634.06
0.000138979	7657.62
0.000140487	7674.95
0.000141996	7686.16
0.000143504	7693.8
0.000145012	7697.92
0.000146521	7700.94
0.000148029	7702.85
0.000149538	7705.63
0.000151046	7709.24
0.000152554	7715
0.000154063	7722.84
0.000155571	7733.32
0.00015708	7746.33
0.000158588	7761.52
0.000160097	7778.79
0.000161605	7796.83
0.000163113	7815.55
0.000164622	7832.65
0.00016613	7848.08
0.000167639	7858.42
0.000169147	7863.83
0.000170655	7862.81
0.000172164	7851.26
0.000173672	7828.67
0.000175181	7793.95
0.000176689	7744.61
0.000178197	7680.67
0.000179706	7600.44
0.000181214	7503.94
0.000182723	7391.12
0.000184231	7261.98
0.00018574	7118.11
0.000187248	6959.47
0.000188756	6789.03
0.000190265	6606.76
0.000191773	6416.49
0.000193282	6218.19
0.00019479	6015.95
0.000196298	5809.74
0.000197807	5603.33
0.000199315	5396.73
0.000200824	5192.92
0.000202332	4991.94
0.000203841	4795.8
0.000205349	4604.56
0.000206857	4419.24
0.000208366	4239.91
0.000209874	4066.77
0.000211383	3899.89
0.000212891	3738.92
0.000214399	3583.88
0.000215908	3434.13
0.000217416	3289.67
0.000218925	3149.76
0.000220433	3014.38
0.000221941	2882.83
0.00022345	2755.09
0.000224958	2630.58
0.000226467	2509.27
0.000227975	2390.77
0.000229484	2275.05
0.000230992	2161.92
0.0002325	2051.34
0.000234009	1943.33
0.000235517	1837.86
0.000237026	1735.1
0.000238534	1635.04
0.000240042	1537.94
0.000241551	1443.81
0.000243059	1352.93
0.000244568	1265.33
0.000246076	1181.21
0.000247585	1100.61
0.000249093	1023.62
0.000250601	950.281
0.00025211	880.532
0.000253618	814.397
0.000255127	751.722
0.000256635	692.503
0.000258143	636.533
0.000259652	583.789
0.00026116	534.063
0.000262669	487.319
0.000264177	443.391
0.000265685	402.24
0.000267194	363.746
0.000268702	327.878
0.000270211	294.55
0.000271719	263.74
0.000273228	235.374
0.000274736	209.439
0.000276244	185.848
0.000277753	164.591
0.000279261	145.556
0.00028077	128.729
0.000282278	113.965
0.000283786	101.242
0.000285295	90.378
0.000286803	81.3381
0.000288312	73.9031
0.00028982	68.0215
0.000291329	63.4399
0.000292837	60.0875
0.000294345	57.6884
0.000295854	56.1299
0.000297362	55.2115
0.000298871	54.748
0.000300379	54.4924
0.000301887	54.365
0.000303396	54.1781
0.000304904	53.8071
0.000306413	53.1498
0.000307921	52.1238
0.000309429	50.7099
0.000310938	48.8576
0.000312446	46.6199
0.000313955	43.9922
0.000315463	41.0695
0.000316972	37.8888
0.00031848	34.556
0.000319988	31.1357
0.000321497	27.7183
0.000323005	24.3775
0.000324514	21.1729
0.000326022	18.1694
0.00032753	15.3922
0.000329039	12.8852
0.000330547	10.6456
0.000332056	8.68655
0.000333564	7.00346
