0.000500379	4.23415e-124
0.00050876	1.14463e-119
0.000517141	4.57838e-119
0.000525522	9.65218e-115
0.000533903	3.90018e-114
0.000542284	6.41127e-110
0.000550665	2.61749e-109
0.000559045	3.35446e-105
0.000567426	1.38393e-104
0.000575807	1.38249e-100
0.000584188	5.76462e-100
0.000592569	4.48804e-96
0.00060095	1.89171e-95
0.00060933	1.14765e-91
0.000617711	4.89065e-91
0.000626092	2.31162e-87
0.000634473	9.96107e-87
0.000642854	3.66759e-83
0.000651235	1.59835e-82
0.000659615	4.58355e-79
0.000667996	2.02054e-78
0.000676377	4.5121e-75
0.000684758	2.01228e-74
0.000693139	3.49876e-71
0.00070152	1.57884e-70
0.0007099	2.13703e-67
0.000718281	9.75919e-67
0.000726662	1.02819e-63
0.000735043	4.75245e-63
0.000743424	3.89676e-60
0.000751805	1.82326e-59
0.000760186	1.16337e-56
0.000768566	5.51072e-56
0.000776947	2.73603e-53
0.000785328	1.31219e-52
0.000793709	5.06912e-50
0.00080209	2.46158e-49
0.000810471	7.39905e-47
0.000818851	3.63798e-46
0.000827232	8.50901e-44
0.000835613	4.23583e-43
0.000843994	7.71049e-41
0.000852375	3.88553e-40
0.000860756	5.50602e-38
0.000869136	2.808e-37
0.000877517	3.09896e-35
0.000885898	1.59876e-34
0.000894279	1.37501e-32
0.00090266	7.17155e-32
0.000911041	4.81091e-30
0.000919421	2.5345e-29
0.000927802	1.3278e-27
0.000936183	7.05719e-27
0.000944564	2.89214e-25
0.000952945	1.54825e-24
0.000961326	4.97435e-23
0.000969707	2.6763e-22
0.000978087	6.76089e-21
0.000986468	3.6453e-20
0.000994849	7.26799e-19
0.00100323	3.9126e-18
0.00101161	6.18661e-17
0.00101999	3.30953e-16
0.00102837	4.17541e-15
0.00103675	2.2064e-14
0.00104513	2.23783e-13
0.00105351	1.15953e-12
0.0010619	9.54114e-12
0.00107028	4.80448e-11
0.00107866	3.24215e-10
0.00108704	1.56997e-09
0.00109542	8.79734e-09
0.0011038	4.0473e-08
0.00111218	1.90952e-07
0.00112056	8.23521e-07
0.00112894	3.32043e-06
0.00113732	1.32339e-05
0.0011457	4.63016e-05
0.00115409	0.000168098
0.00116247	0.000517996
0.00117085	0.00168959
0.00117923	0.00464873
0.00118761	0.0134581
0.00119599	0.0334486
0.00120437	0.0851203
0.00121275	0.192815
0.00122113	0.428624
0.00122951	0.897351
0.00123789	1.74179
0.00124627	3.38161
0.00125466	5.83448
0.00126304	9.86111
0.00127142	15.4471
0.0012798	23.1353
0.00128818	32.8907
0.00129656	44.3095
0.00130494	57.3729
0.00131332	70.7002
0.0013217	84.3049
0.00133008	97.1202
0.00133846	109.156
0.00134684	121.219
0.00135523	133.288
0.00136361	147.949
0.00137199	165.193
0.00138037	187.191
0.00138875	214.007
0.00139713	245.188
0.00140551	280.817
0.00141389	318.375
0.00142227	357.802
0.00143065	398.022
0.00143903	438.767
0.00144741	483.658
0.0014558	532.431
0.00146418	592.644
0.00147256	664.43
0.00148094	753.828
0.00148932	861.478
0.0014977	986.335
0.00150608	1129.01
0.00151446	1282.1
0.00152284	1445.56
0.00153122	1611.94
0.0015396	1780.77
0.00154798	1948
0.00155637	2113.52
0.00156475	2273.33
0.00157313	2427.71
0.00158151	2569.23
0.00158989	2697.69
0.00159827	2805.47
0.00160665	2891.33
0.00161503	2954.68
0.00162341	2995.36
0.00163179	3013.09
0.00164017	3019.4
0.00164855	3023.4
0.00165694	3025.37
0.00166532	3030.51
0.0016737	3049.63
0.00168208	3078.33
0.00169046	3117.29
0.00169884	3154.63
0.00170722	3191.82
0.0017156	3203.5
0.00172398	3194.75
0.00173236	3172.79
0.00174074	3107.51
0.00174912	3009.97
0.00175751	2885.02
0.00176589	2737.2
0.00177427	2567.01
0.00178265	2383.45
0.00179103	2187.51
0.00179941	1989.51
0.00180779	1791.12
0.00181617	1602.48
0.00182455	1426.68
0.00183293	1268.5
0.00184131	1131.12
0.00184969	1011.52
0.00185808	910.541
0.00186646	821.855
0.00187484	743.688
0.00188322	672.701
0.0018916	606.869
0.00189998	546.804
0.00190836	492.22
0.00191674	443.749
0.00192512	402.168
0.0019335	365.442
0.00194188	333.459
0.00195026	303.255
0.00195865	273.379
0.00196703	243.124
0.00197541	211.191
0.00198379	179.605
0.00199217	148.599
0.00200055	120.533
0.00200893	96.81
0.00201731	77.8657
0.00202569	64.7112
0.00203407	56.0732
0.00204245	51.449
0.00205083	49.2909
0.00205922	48.3487
0.0020676	47.4941
0.00207598	45.9762
0.00208436	43.6952
0.00209274	40.2261
0.00210112	35.9912
0.0021095	31.0716
0.00211788	25.898
0.00212626	20.7788
0.00213464	15.9708
0.00214302	11.7939
0.0021514	8.26653
0.00215979	5.52514
0.00216817	3.52303
