0.000500379	1.71914e-84
0.000507922	2.21352e-81
0.000515465	8.84893e-81
0.000523008	9.32182e-78
0.00053055	3.76324e-77
0.000538093	3.24251e-74
0.000545636	1.3223e-73
0.000553179	9.31793e-71
0.000560721	3.83884e-70
0.000568264	2.21221e-67
0.000575807	9.20831e-67
0.00058335	4.33923e-64
0.000590892	1.82506e-63
0.000598435	7.03228e-61
0.000605978	2.9888e-60
0.000613521	9.41658e-58
0.000621063	4.04436e-57
0.000628606	1.0419e-54
0.000636149	4.52216e-54
0.000643692	9.52622e-52
0.000651234	4.17824e-51
0.000658777	7.19793e-49
0.00066632	3.19011e-48
0.000673862	4.49494e-46
0.000681405	2.01277e-45
0.000688948	2.32014e-43
0.000696491	1.04948e-42
0.000704033	9.89992e-41
0.000711576	4.52228e-40
0.000719119	3.49255e-38
0.000726662	1.61051e-37
0.000734204	1.01888e-35
0.000741747	4.74035e-35
0.00074929	2.45849e-33
0.000756833	1.15324e-32
0.000764375	4.90786e-31
0.000771918	2.31905e-30
0.000779461	8.10829e-29
0.000787004	3.85489e-28
0.000794546	1.10902e-26
0.000802089	5.29726e-26
0.000809632	1.25638e-24
0.000817175	6.0181e-24
0.000824717	1.17949e-22
0.00083226	5.65293e-22
0.000839803	9.18189e-21
0.000847345	4.39069e-20
0.000854888	5.93114e-19
0.000862431	2.82022e-18
0.000869974	3.18174e-17
0.000877516	1.49823e-16
0.000885059	1.41874e-15
0.000892602	6.58376e-15
0.000900145	5.26357e-14
0.000907687	2.39355e-13
0.00091523	1.62649e-12
0.000922773	7.20051e-12
0.000930316	4.19065e-11
0.000937858	1.79278e-10
0.000945401	9.01194e-10
0.000952944	3.69523e-09
0.000960487	1.61911e-08
0.000968029	6.30714e-08
0.000975572	2.43218e-07
0.000983115	8.91758e-07
0.000990658	3.05652e-06
0.0009982	1.04486e-05
0.00100574	3.21439e-05
0.00101329	0.000101503
0.00102083	0.000282888
0.00102837	0.000817987
0.00103591	0.00208282
0.00104346	0.0054723
0.001051	0.0128229
0.00105854	0.0304175
0.00106608	0.0659685
0.00107363	0.140638
0.00108117	0.284802
0.00108871	0.544402
0.00109626	1.04391
0.0011038	1.80312
0.00111134	3.09683
0.00111888	4.93432
0.00112643	7.66361
0.00113397	11.2745
0.00114151	15.9931
0.00114906	21.7983
0.0011566	28.6303
0.00116414	36.4858
0.00117168	45.2185
0.00117923	54.856
0.00118677	65.7139
0.00119431	77.8226
0.00120185	92.2199
0.0012094	108.904
0.00121694	129.051
0.00122448	152.633
0.00123203	179.969
0.00123957	211.041
0.00124711	244.984
0.00125465	281.802
0.0012622	320.285
0.00126974	360.43
0.00127728	402.141
0.00128482	445.379
0.00129237	492.116
0.00129991	542.293
0.00130745	599.475
0.001315	663.656
0.00132254	738.104
0.00133008	822.929
0.00133762	918.937
0.00134517	1026.34
0.00135271	1142.39
0.00136025	1267.3
0.00136779	1395.52
0.00137534	1527.05
0.00138288	1656.25
0.00139042	1782.79
0.00139797	1904.46
0.00140551	2020.78
0.00141305	2134.15
0.00142059	2244.45
0.00142814	2355.19
0.00143568	2466.9
0.00144322	2578.58
0.00145076	2690.97
0.00145831	2796.92
0.00146585	2896.5
0.00147339	2980.95
0.00148094	3049.37
0.00148848	3097.79
0.00149602	3125.79
0.00150356	3130.77
0.00151111	3119.48
0.00151865	3095.99
0.00152619	3059.47
0.00153373	3017.3
0.00154128	2970.58
0.00154882	2921.67
0.00155636	2871.66
0.00156391	2818.13
0.00157145	2761.29
0.00157899	2697.34
0.00158653	2625.51
0.00159408	2544.68
0.00160162	2454.08
0.00160916	2355.58
0.0016167	2249.24
0.00162425	2136.98
0.00163179	2019.24
0.00163933	1896.75
0.00164688	1769.41
0.00165442	1639.2
0.00166196	1505.74
0.0016695	1373.87
0.00167705	1244.16
0.00168459	1121.72
0.00169213	1008.23
0.00169968	905.276
0.00170722	814.302
0.00171476	733.038
0.0017223	661.528
0.00172985	596.756
0.00173739	537.678
0.00174493	483.225
0.00175247	432.506
0.00176002	386.306
0.00176756	344.634
0.0017751	308.209
0.00178265	277.61
0.00179019	251.986
0.00179773	231.587
0.00180527	214.264
0.00181282	199.394
0.00182036	185.142
0.0018279	170.394
0.00183544	154.866
0.00184299	137.847
0.00185053	120.306
0.00185807	102.377
0.00186562	85.0964
0.00187316	69.0645
0.0018807	54.6611
0.00188824	42.3522
0.00189579	31.9699
0.00190333	23.6229
0.00191087	16.9726
0.00191841	11.8923
0.00192596	8.07333
0.0019335	5.31233
0.00194104	3.37558
0.00194859	2.06084
0.00195613	1.21747
0.00196367	0.678876
0.00197121	0.373347
0.00197876	0.184951
0.0019863	0.0964707
0.00199384	0.0397276
0.00200138	0.0208132
