0.000100103	0.0216663
0.00010312	0.0343473
0.000106137	0.0639514
0.000109154	0.105292
0.000112171	0.173514
0.000115188	0.275433
0.000118205	0.432837
0.000121222	0.661191
0.000124239	0.993142
0.000127256	1.45816
0.000130273	2.09753
0.00013329	2.95836
0.000136307	4.08242
0.000139324	5.53161
0.000142341	7.33517
0.000145358	9.55637
0.000148375	12.1996
0.000151392	15.3071
0.000154408	18.8549
0.000157425	22.8426
0.000160442	27.2288
0.000163459	31.9652
0.000166476	37.012
0.000169493	42.2929
0.00017251	47.7846
0.000175527	53.4161
0.000178544	59.1788
0.000181561	65.0284
0.000184578	70.9536
0.000187595	76.9239
0.000190612	82.9103
0.000193629	88.8583
0.000196646	94.7284
0.000199663	100.42
0.00020268	105.917
0.000205697	111.109
0.000208714	116.043
0.000211731	120.702
0.000214748	125.209
0.000217765	129.758
0.000220782	134.528
0.000223799	139.976
0.000226816	146.295
0.000229833	154.159
0.00023285	163.734
0.000235867	175.799
0.000238884	190.488
0.000241901	208.584
0.000244918	230.212
0.000247935	256.149
0.000250952	286.537
0.000253969	322.225
0.000256986	363.373
0.000260003	410.98
0.00026302	465.189
0.000266037	527.118
0.000269054	596.837
0.000272071	675.381
0.000275088	762.699
0.000278105	859.411
0.000281122	965.328
0.000284139	1080.3
0.000287156	1204.03
0.000290173	1335.35
0.00029319	1473.92
0.000296207	1617.52
0.000299224	1765.84
0.000302241	1915.83
0.000305258	2067.3
0.000308275	2216.86
0.000311292	2364.49
0.000314309	2507.24
0.000317326	2645.26
0.000320343	2776.88
0.00032336	2902.38
0.000326377	3022.04
0.000329394	3136.18
0.000332411	3247.13
0.000335428	3355.1
0.000338445	3463.79
0.000341462	3573.24
0.000344479	3687.03
0.000347496	3805
0.000350513	3928.97
0.00035353	4058.65
0.000356547	4192.89
0.000359564	4331.43
0.000362581	4470.13
0.000365598	4608.87
0.000368615	4741.79
0.000371632	4868.93
0.000374649	4984.83
0.000377666	5089.62
0.000380683	5180.1
0.0003837	5256.4
0.000386717	5318.44
0.000389734	5366.26
0.000392751	5402.39
0.000395768	5426.81
0.000398785	5441.57
0.000401802	5448.86
0.000404819	5449.07
0.000407836	5443.31
0.000410853	5431.76
0.00041387	5413.95
0.000416887	5388.84
0.000419904	5356.45
0.000422921	5314.65
0.000425938	5263.42
0.000428955	5201.34
0.000431972	5128.32
0.000434989	5044.64
0.000438006	4950.18
0.000441023	4847.17
0.00044404	4735.52
0.000447057	4618.85
0.000450074	4497.13
0.000453091	4374.24
0.000456108	4250.3
0.000459125	4128.31
0.000462142	4008.46
0.000465159	3892.27
0.000468176	3779.93
0.000471193	3671.44
0.00047421	3566.94
0.000477227	3465.45
0.000480244	3367.01
0.000483261	3270.33
0.000486278	3175.37
0.000489295	3081.06
0.000492312	2987.3
0.000495329	2893.37
0.000498346	2799.2
0.000501363	2704.29
0.00050438	2608.59
0.000507397	2511.69
0.000510414	2413.55
0.000513431	2313.79
0.000516448	2212.37
0.000519465	2109.06
0.000522482	2003.77
0.000525499	1896.62
0.000528516	1787.52
0.000531533	1677.09
0.00053455	1565.27
0.000537567	1453.21
0.000540584	1340.93
0.000543601	1229.99
0.000546618	1120.53
0.000549635	1014.29
0.000552652	911.496
0.000555669	813.806
0.000558686	721.531
0.000561703	635.925
0.00056472	557.341
0.000567737	486.394
0.000570754	423.405
0.000573771	368.193
0.000576788	320.962
0.000579805	280.749
0.000582822	247.556
0.000585839	219.884
0.000588856	197.492
0.000591873	178.761
0.00059489	163.254
0.000597907	149.664
0.000600924	137.489
0.000603941	126.001
0.000606958	114.785
0.000609975	103.703
0.000612992	92.5334
0.000616009	81.5156
0.000619026	70.6367
0.000622043	60.2327
0.00062506	50.4236
0.000628077	41.4336
0.000631094	33.4081
0.000634111	26.3856
0.000637128	20.4545
0.000640145	15.506
0.000643162	11.5434
0.000646179	8.39437
0.000649196	5.99526
0.000652213	4.18222
0.00065523	2.8626
0.000658247	1.91656
0.000661264	1.25561
0.000664281	0.807623
0.000667298	0.5056
0.000670315	0.3129
0.000673332	0.186784
0.000676349	0.111453
0.000679366	0.0632651
0.000682383	0.0364976
0.0006854	0.0195144
0.000688417	0.010998
0.000691434	0.00561243
0.000694451	0.00304525
0.000697468	0.00134221
0.000700485	0.000774534
