3.33898e-05	4.34694e-36
3.59039e-05	2.05635e-34
3.8418e-05	8.09499e-34
4.09322e-05	3.23978e-32
4.34463e-05	1.27597e-31
4.59604e-05	4.30095e-30
4.84746e-05	1.70238e-29
5.09887e-05	4.83742e-28
5.35028e-05	1.92251e-27
5.6017e-05	4.61063e-26
5.85311e-05	1.83772e-25
6.10452e-05	3.72491e-24
6.35594e-05	1.48695e-23
6.60735e-05	2.55159e-22
6.85877e-05	1.01842e-21
7.11018e-05	1.48253e-20
7.36159e-05	5.90439e-20
7.61301e-05	7.30912e-19
7.86442e-05	2.89771e-18
8.11583e-05	3.05915e-17
8.36725e-05	1.20386e-16
8.61866e-05	1.08752e-15
8.87007e-05	4.23406e-15
9.12149e-05	3.28564e-14
9.3729e-05	1.26071e-13
9.62431e-05	8.44158e-13
9.87573e-05	3.17818e-12
0.000101271	1.84557e-11
0.000103786	6.78378e-11
0.0001063	3.43582e-10
0.000108814	1.22612e-09
0.000111328	5.45017e-09
0.000113842	1.87677e-08
0.000116356	7.37114e-08
0.00011887	2.43307e-07
0.000121384	8.50425e-07
0.000123899	2.67198e-06
0.000126413	8.37323e-06
0.000128927	2.48613e-05
0.000131441	7.03751e-05
0.000133955	0.00019603
0.000136469	0.00050495
0.000138983	0.00131021
0.000141498	0.00309262
0.000144012	0.0074252
0.000146526	0.0161626
0.00014904	0.0356927
0.000151554	0.0720389
0.000154068	0.145589
0.000156582	0.279347
0.000159096	0.510336
0.000161611	0.913899
0.000164125	1.52537
0.000166639	2.49801
0.000169153	3.85152
0.000171667	5.76995
0.000174181	8.22566
0.000176695	11.2898
0.00017921	14.8765
0.000181724	18.7578
0.000184238	22.8384
0.000186752	26.5749
0.000189266	29.9573
0.00019178	32.4689
0.000194294	34.2502
0.000196809	35.4102
0.000199323	36.2129
0.000201837	37.9393
0.000204351	40.7653
0.000206865	46.6823
0.000209379	56.6754
0.000211893	73.1655
0.000214407	96.315
0.000216922	129.066
0.000219436	171.358
0.00022195	225.296
0.000224464	290.704
0.000226978	368.237
0.000229492	457.676
0.000232006	557.991
0.000234521	669.029
0.000237035	788.568
0.000239549	916.59
0.000242063	1050.86
0.000244577	1191.47
0.000247091	1337.34
0.000249605	1488.58
0.000252119	1645.48
0.000254634	1808.05
0.000257148	1977.07
0.000259662	2152.47
0.000262176	2334.3
0.00026469	2522.52
0.000267204	2716.01
0.000269718	2914.78
0.000272233	3117.28
0.000274747	3323.53
0.000277261	3533.1
0.000279775	3746
0.000282289	3964.47
0.000284803	4188.5
0.000287317	4422.76
0.000289831	4667.24
0.000292346	4925.74
0.00029486	5198.34
0.000297374	5483.15
0.000299888	5780.41
0.000302402	6080.21
0.000304916	6382.82
0.00030743	6673.08
0.000309945	6950.99
0.000312459	7202.53
0.000314973	7427.3
0.000317487	7618.49
0.000320001	7775.44
0.000322515	7900.6
0.000325029	7993.47
0.000327544	8062.59
0.000330058	8108.08
0.000332572	8137.4
0.000335086	8153.04
0.0003376	8155.02
0.000340114	8147.91
0.000342628	8132.37
0.000345142	8103.88
0.000347657	8062.43
0.000350171	8008.59
0.000352685	7938.42
0.000355199	7851.97
0.000357713	7744.64
0.000360227	7616.16
0.000362741	7462.68
0.000365256	7283.44
0.00036777	7078.57
0.000370284	6847.13
0.000372798	6595.09
0.000375312	6321.97
0.000377826	6038.08
0.00038034	5743.9
0.000382854	5450.11
0.000385369	5158.05
0.000387883	4874.98
0.000390397	4602.47
0.000392911	4342.92
0.000395425	4097.42
0.000397939	3864.6
0.000400453	3644.77
0.000402968	3435.14
0.000405482	3235.33
0.000407996	3043.35
0.00041051	2858.59
0.000413024	2680.77
0.000415538	2509.61
0.000418052	2345.66
0.000420566	2189.14
0.000423081	2039.6
0.000425595	1897.35
0.000428109	1760.38
0.000430623	1628.39
0.000433137	1499.59
0.000435651	1373.06
0.000438165	1249.41
0.00044068	1127.99
0.000443194	1011.8
0.000445708	901.3
0.000448222	799.371
0.000450736	707.347
0.00045325	625.52
0.000455764	554.894
0.000458279	493.151
0.000460793	440.059
0.000463307	392.873
0.000465821	350.421
0.000468335	311.515
0.000470849	275.144
0.000473363	241.679
0.000475877	210.962
0.000478392	183.491
0.000480906	159.641
0.00048342	139.004
0.000485934	121.706
0.000488448	106.731
0.000490962	93.6523
0.000493476	81.7666
0.000495991	70.4789
0.000498505	59.8043
0.000501019	49.4805
0.000503533	39.88
0.000506047	31.1419
0.000508561	23.4782
0.000511075	17.1269
0.000513589	11.9821
0.000516104	8.11008
0.000518618	5.25177
0.000521132	3.27781
0.000523646	1.96805
0.00052616	1.12385
0.000528674	0.629271
0.000531188	0.28961
0.000533703	0.171547
