0.000500379	1.00969e-51
0.000507084	1.11449e-49
0.000513789	4.42768e-49
0.000520493	4.14906e-47
0.000527198	1.65843e-46
0.000533903	1.31663e-44
0.000540607	5.30587e-44
0.000547312	3.5698e-42
0.000554017	1.44999e-41
0.000560721	8.27054e-40
0.000567426	3.38477e-39
0.000574131	1.63752e-37
0.000580835	6.74937e-37
0.00058754	2.77116e-35
0.000594244	1.14968e-34
0.000600949	4.00898e-33
0.000607654	1.67296e-32
0.000614358	4.95888e-31
0.000621063	2.07969e-30
0.000627768	5.24577e-29
0.000634472	2.2087e-28
0.000641177	4.74706e-27
0.000647882	2.00407e-26
0.000654586	3.67586e-25
0.000661291	1.55364e-24
0.000667995	2.43647e-23
0.0006747	1.02912e-22
0.000681405	1.38293e-21
0.000688109	5.82494e-21
0.000694814	6.7247e-20
0.000701519	2.81741e-19
0.000708223	2.80278e-18
0.000714928	1.1646e-17
0.000721633	1.00181e-16
0.000728337	4.11442e-16
0.000735042	3.07271e-15
0.000741746	1.24248e-14
0.000748451	8.09217e-14
0.000755156	3.20757e-13
0.00076186	1.83105e-12
0.000768565	7.07987e-12
0.00077527	3.56217e-11
0.000781974	1.33633e-10
0.000788679	5.96191e-10
0.000795384	2.15737e-09
0.000802088	8.58965e-09
0.000808793	2.97965e-08
0.000815497	1.0659e-07
0.000822202	3.52174e-07
0.000828907	1.13974e-06
0.000835611	3.56328e-06
0.000842316	1.05049e-05
0.000849021	3.0876e-05
0.000855725	8.34773e-05
0.00086243	0.000229237
0.000869135	0.000571992
0.000875839	0.00145916
0.000882544	0.00337962
0.000889249	0.0079688
0.000895953	0.0172186
0.000902658	0.0373728
0.000909362	0.0756475
0.000916067	0.150698
0.000922772	0.290858
0.000929476	0.529507
0.000936181	0.960627
0.000942886	1.6154
0.00094959	2.69793
0.000956295	4.23886
0.000963	6.54544
0.000969704	9.63414
0.000976409	13.8397
0.000983113	19.1599
0.000989818	25.8457
0.000996523	33.8988
0.00100323	43.5061
0.00100993	54.7065
0.00101664	67.8878
0.00102334	83.1192
0.00103005	101.265
0.00103675	122.36
0.00104346	147.516
0.00105016	176.675
0.00105686	210.354
0.00106357	248.438
0.00107027	290.169
0.00107698	335.485
0.00108368	382.808
0.00109039	432.179
0.00109709	482.578
0.0011038	534.092
0.0011105	587.158
0.00111721	641.822
0.00112391	699.518
0.00113062	760.237
0.00113732	825.303
0.00114402	894.692
0.00115073	969.008
0.00115743	1048.24
0.00116414	1132.22
0.00117084	1220.96
0.00117755	1313.44
0.00118425	1409.68
0.00119096	1507.66
0.00119766	1607.42
0.00120437	1706.21
0.00121107	1804.05
0.00121778	1898.16
0.00122448	1988.52
0.00123119	2073.15
0.00123789	2151.95
0.00124459	2224.82
0.0012513	2291.56
0.001258	2355.12
0.00126471	2415.33
0.00127141	2477.98
0.00127812	2543.13
0.00128482	2616.31
0.00129153	2698.02
0.00129823	2788.61
0.00130494	2888.83
0.00131164	2991.54
0.00131835	3097.11
0.00132505	3194.25
0.00133175	3282.5
0.00133846	3353.9
0.00134516	3408.83
0.00135187	3434.23
0.00135857	3444.35
0.00136528	3443.99
0.00137198	3419.39
0.00137869	3380.88
0.00138539	3330.61
0.0013921	3268.3
0.0013988	3194.31
0.00140551	3107.79
0.00141221	3008.48
0.00141891	2897.11
0.00142562	2773.17
0.00143232	2640.7
0.00143903	2499.58
0.00144573	2355.69
0.00145244	2209.6
0.00145914	2066.32
0.00146585	1926.76
0.00147255	1793.78
0.00147926	1668.1
0.00148596	1550.9
0.00149267	1442.63
0.00149937	1343.32
0.00150608	1253.32
0.00151278	1171.33
0.00151948	1097.51
0.00152619	1029.25
0.00153289	966.253
0.0015396	905.804
0.0015463	847.15
0.00155301	789.039
0.00155971	730.752
0.00156642	672.791
0.00157312	614.956
0.00157983	558.409
0.00158653	503.411
0.00159324	450.738
0.00159994	400.706
0.00160664	353.622
0.00161335	309.64
0.00162005	268.969
0.00162676	231.708
0.00163346	197.99
0.00164017	167.954
0.00164687	141.402
0.00165358	118.404
0.00166028	98.4323
0.00166699	81.3617
0.00167369	66.6476
0.0016804	54.0384
0.0016871	43.214
0.00169381	33.9627
0.00170051	26.1434
0.00170721	19.6536
0.00171392	14.3614
0.00172062	10.2109
0.00172733	7.0097
0.00173403	4.67202
0.00174074	2.99547
0.00174744	1.85728
0.00175415	1.11054
0.00176085	0.635343
0.00176756	0.355303
0.00177426	0.183339
0.00178097	0.0981535
0.00178767	0.0467801
0.00179437	0.023287
0.00180108	0.010359
0.00180778	0.00473553
0.00181449	0.00197768
0.00182119	0.000824706
0.0018279	0.000298376
0.0018346	0.000122932
