0.000100103	4.59487e-05
0.00010312	9.37147e-05
0.000106137	0.000237013
0.000109154	0.000500471
0.000112171	0.00109791
0.000115188	0.00218575
0.000118205	0.00456941
0.000121222	0.00860548
0.000124239	0.0170964
0.000127256	0.0307946
0.000130273	0.0575954
0.00013329	0.100518
0.000136307	0.175127
0.000139324	0.292353
0.000142341	0.480162
0.000145358	0.764644
0.000148375	1.18868
0.000151392	1.80322
0.000154408	2.66204
0.000157425	3.8463
0.000160442	5.40803
0.000163459	7.45041
0.000166476	10.0066
0.000169493	13.1757
0.00017251	16.9618
0.000175527	21.4259
0.000178544	26.5503
0.000181561	32.3413
0.000184578	38.7806
0.000187595	45.8393
0.000190612	53.5132
0.000193629	61.779
0.000196646	70.6388
0.000199663	80.0902
0.00020268	90.1203
0.000205697	100.713
0.000208714	111.839
0.000211731	123.428
0.000214748	135.48
0.000217765	147.913
0.000220782	160.814
0.000223799	174.255
0.000226816	188.424
0.000229833	203.728
0.00023285	220.397
0.000235867	239.2
0.000238884	260.316
0.000241901	284.678
0.000244918	312.349
0.000247935	344.115
0.000250952	379.928
0.000253969	420.19
0.000256986	464.805
0.000260003	513.763
0.00026302	566.984
0.000266037	624.207
0.000269054	685.408
0.000272071	750.309
0.000275088	818.953
0.000278105	891.253
0.000281122	967.309
0.000284139	1047.38
0.000287156	1131.61
0.000290173	1220.73
0.00029319	1314.87
0.000296207	1415.23
0.000299224	1521.89
0.000302241	1636.17
0.000305258	1758.01
0.000308275	1888.15
0.000311292	2026.34
0.000314309	2171.9
0.000317326	2324.49
0.000320343	2481.68
0.00032336	2643.22
0.000326377	2805.56
0.000329394	2968.67
0.000332411	3129.27
0.000335428	3287.51
0.000338445	3441.62
0.000341462	3591.79
0.000344479	3738.03
0.000347496	3880.44
0.000350513	4019.96
0.00035353	4156.54
0.000356547	4290.72
0.000359564	4422.38
0.000362581	4550.64
0.000365598	4675.4
0.000368615	4794.26
0.000371632	4907.18
0.000374649	5011.02
0.000377666	5105.81
0.000380683	5188.91
0.0003837	5260.39
0.000386717	5319.1
0.000389734	5365.08
0.000392751	5399.89
0.000395768	5423.39
0.000398785	5427.25
0.000401802	5427.45
0.000404819	5424.23
0.000407836	5403.69
0.000410853	5375.85
0.00041387	5340.79
0.000416887	5299.49
0.000419904	5251.89
0.000422921	5201.14
0.000425938	5147.19
0.000428955	5093.91
0.000431972	5041.36
0.000434989	4992.28
0.000438006	4946.86
0.000441023	4904.7
0.00044404	4866.06
0.000447057	4826.74
0.000450074	4786.91
0.000453091	4740.14
0.000456108	4686.33
0.000459125	4619.87
0.000462142	4540.35
0.000465159	4445.78
0.000468176	4335.62
0.000471193	4212.4
0.00047421	4075.77
0.000477227	3931.26
0.000480244	3778.94
0.000483261	3624.46
0.000486278	3468.26
0.000489295	3313.66
0.000492312	3161.19
0.000495329	3011.26
0.000498346	2864.16
0.000501363	2718.57
0.00050438	2574.43
0.000507397	2430.54
0.000510414	2286.61
0.000513431	2142.8
0.000516448	1998.84
0.000519465	1856.41
0.000522482	1715.43
0.000525499	1578.46
0.000528516	1445.68
0.000531533	1319.65
0.00053455	1200.75
0.000537567	1090.72
0.000540584	990.044
0.000543601	899.172
0.000546618	818.493
0.000549635	747.08
0.000552652	685.101
0.000555669	630.586
0.000558686	583.399
0.000561703	541.234
0.00056472	503.68
0.000567737	468.851
0.000570754	436.214
0.000573771	404.777
0.000576788	374.086
0.000579805	344.061
0.000582822	314.474
0.000585839	285.805
0.000588856	258.072
0.000591873	231.858
0.00059489	207.335
0.000597907	184.868
0.000600924	164.651
0.000603941	146.717
0.000606958	131.189
0.000609975	117.794
0.000612992	106.547
0.000616009	96.9727
0.000619026	88.9675
0.000622043	82.0064
0.00062506	75.8897
0.000628077	70.2073
0.000631094	64.7263
0.000634111	59.2729
0.000637128	53.6677
0.000640145	47.9811
0.000643162	42.154
0.000646179	36.3923
0.000649196	30.7592
0.000652213	25.4463
0.00065523	20.5767
0.000658247	16.2316
0.000661264	12.5127
0.000664281	9.38449
0.000667298	6.87926
0.000670315	4.89868
0.000673332	3.40734
0.000676349	2.30338
0.000679366	1.51671
0.000682383	0.97429
0.0006854	0.605609
0.000688417	0.370448
0.000691434	0.216562
0.000694451	0.126567
0.000697468	0.0630609
0.000700485	0.0388532
