0.000166815	1.07583e-17
0.000172682	9.17952e-17
0.000178548	3.34906e-16
0.000184415	2.55891e-15
0.000190282	8.9763e-15
0.000196148	5.99027e-14
0.000202015	2.07147e-13
0.000207881	1.21188e-12
0.000213748	4.11607e-12
0.000219614	2.11983e-11
0.000225481	7.04253e-11
0.000231347	3.20765e-10
0.000237214	1.03762e-09
0.00024308	4.20071e-09
0.000248947	1.31658e-08
0.000254813	4.7633e-08
0.00026068	1.43874e-07
0.000266547	4.67864e-07
0.000272413	1.35424e-06
0.00027828	3.98201e-06
0.000284146	1.09807e-05
0.000290013	2.93741e-05
0.000295879	7.67117e-05
0.000301746	0.000187829
0.000307612	0.000461812
0.000313479	0.00104113
0.000319345	0.00239633
0.000325212	0.00500206
0.000331078	0.0107212
0.000336945	0.0208263
0.000342812	0.0413757
0.000348678	0.0769325
0.000354545	0.139019
0.000360411	0.242964
0.000366278	0.404099
0.000372144	0.65593
0.000378011	1.0139
0.000383877	1.52734
0.000389744	2.20248
0.00039561	3.08521
0.000401477	4.16624
0.000407343	5.45609
0.00041321	6.93957
0.000419077	8.58205
0.000424943	10.3881
0.00043081	12.3292
0.000436676	14.4474
0.000442543	16.813
0.000448409	19.4875
0.000454276	22.678
0.000460142	26.4187
0.000466009	30.9573
0.000471875	36.2727
0.000477742	42.4829
0.000483608	49.537
0.000489475	57.3507
0.000495342	65.9012
0.000501208	75.0275
0.000507075	84.771
0.000512941	95.1308
0.000518808	106.198
0.000524674	118.293
0.000530541	131.504
0.000536407	146.423
0.000542274	163.081
0.00054814	182.079
0.000554007	203.377
0.000559873	227.274
0.00056574	253.702
0.000571606	282.562
0.000577473	313.811
0.00058334	347.148
0.000589206	382.56
0.000595073	419.754
0.000600939	458.713
0.000606806	499.101
0.000612672	540.903
0.000618539	583.686
0.000624405	627.498
0.000630272	672.239
0.000636138	718.036
0.000642005	765.849
0.000647871	815.794
0.000653738	869.903
0.000659605	928.157
0.000665471	992.336
0.000671338	1062.28
0.000677204	1137.77
0.000683071	1218.65
0.000688937	1302.34
0.000694804	1388.81
0.00070067	1474.86
0.000706537	1560.58
0.000712403	1644.53
0.00071827	1726.8
0.000724136	1808.51
0.000730003	1889.67
0.00073587	1972.68
0.000741736	2057.51
0.000747603	2145.91
0.000753469	2237.89
0.000759336	2333.7
0.000765202	2433.37
0.000771069	2535.64
0.000776935	2640.57
0.000782802	2745.27
0.000788668	2849.81
0.000794535	2949.84
0.000800401	3045.36
0.000806268	3132.05
0.000812135	3209.82
0.000818001	3276.84
0.000823868	3332.93
0.000829734	3379.57
0.000835601	3416.71
0.000841467	3446.74
0.000847334	3469.93
0.0008532	3484.9
0.000859067	3492.55
0.000864933	3492.46
0.0008708	3477.7
0.000876666	3446.66
0.000882533	3398.85
0.0008884	3331.97
0.000894266	3245.41
0.000900133	3142.88
0.000905999	3023.89
0.000911866	2896.71
0.000917732	2761.41
0.000923599	2627.08
0.000929465	2494.39
0.000935332	2369.54
0.000941198	2253.5
0.000947065	2147.89
0.000952931	2053.47
0.000958798	1967.93
0.000964665	1891.51
0.000970531	1820.21
0.000976398	1753.71
0.000982264	1688.72
0.000988131	1624.67
0.000993997	1560.17
0.000999864	1494.78
0.00100573	1428.65
0.0010116	1361.65
0.00101746	1294.35
0.00102333	1226.85
0.0010292	1159.44
0.00103506	1092.21
0.00104093	1025.26
0.0010468	958.565
0.00105266	892.353
0.00105853	826.579
0.0010644	761.796
0.00107026	698.016
0.00107613	636.04
0.001082	575.985
0.00108786	518.653
0.00109373	464.245
0.00109959	413.308
0.00110546	366.057
0.00111133	322.662
0.00111719	283.264
0.00112306	247.733
0.00112893	216.103
0.00113479	188.115
0.00114066	163.729
0.00114653	142.667
0.00115239	124.872
0.00115826	110.019
0.00116413	98.0569
0.00116999	88.5177
0.00117586	81.3158
0.00118173	75.8109
0.00118759	71.8199
0.00119346	68.6535
0.00119933	66.0142
0.00120519	63.3982
0.00121106	60.4742
0.00121693	57.0963
0.00122279	53.0398
0.00122866	48.4848
0.00123453	43.4011
0.00124039	38.0987
0.00124626	32.7079
0.00125212	27.4737
0.00125799	22.575
0.00126386	18.1138
0.00126972	14.221
0.00127559	10.8796
0.00128146	8.13822
0.00128732	5.91879
0.00129319	4.20084
0.00129906	2.89384
0.00130492	1.93829
0.00131079	1.26059
0.00131666	0.791657
0.00132252	0.485305
0.00132839	0.267661
0.00133426	0.164025
