0.000500379	2.35887e-179
0.00050876	1.63909e-172
0.000517141	6.55635e-172
0.000525522	3.13723e-165
0.000533903	1.26773e-164
0.000542284	4.1767e-158
0.000550665	1.7053e-157
0.000559045	3.86778e-151
0.000567426	1.59584e-150
0.000575807	2.49135e-144
0.000584188	1.03894e-143
0.000592569	1.11622e-137
0.00060095	4.70554e-137
0.00060933	3.47868e-131
0.000617711	1.48269e-130
0.000626092	7.54092e-125
0.000634473	3.25023e-124
0.000642854	1.13706e-118
0.000651235	4.95685e-118
0.000659615	1.19259e-112
0.000667996	5.25929e-112
0.000676377	8.70058e-107
0.000684758	3.88223e-106
0.000693139	4.41527e-101
0.00070152	1.99375e-100
0.0007099	1.55855e-95
0.000718281	7.12361e-95
0.000726662	3.8268e-90
0.000735043	1.77081e-89
0.000743424	6.53592e-85
0.000751805	3.0626e-84
0.000760186	7.76488e-80
0.000768566	3.68517e-79
0.000776947	6.41684e-75
0.000785328	3.08515e-74
0.000793709	3.68866e-70
0.00080209	1.79701e-69
0.000810471	1.47496e-65
0.000818851	7.28259e-65
0.000827232	4.1026e-61
0.000835613	2.05344e-60
0.000843994	7.93801e-57
0.000852375	4.02853e-56
0.000860756	1.06843e-52
0.000869136	5.49896e-52
0.000877517	1.0004e-48
0.000885898	5.22262e-48
0.000894279	6.51651e-45
0.00090266	3.45124e-44
0.000911041	2.9532e-41
0.000919421	1.58689e-40
0.000927802	9.31211e-38
0.000936183	5.07699e-37
0.000944564	2.04333e-34
0.000952945	1.13022e-33
0.000961326	3.12067e-31
0.000969707	1.75077e-30
0.000978087	3.31822e-28
0.000986468	1.88719e-27
0.000994849	2.45752e-25
0.00100323	1.4156e-24
0.00101161	1.26853e-22
0.00101999	7.3898e-22
0.00102837	4.56787e-20
0.00103675	2.6849e-19
0.00104513	1.149e-17
0.00105351	6.79024e-17
0.0010619	2.02277e-15
0.00107028	1.1956e-14
0.00107866	2.49889e-13
0.00108704	1.46609e-12
0.00109542	2.17411e-11
0.0011038	1.25255e-10
0.00111218	1.33835e-09
0.00112056	7.4605e-09
0.00112894	5.86228e-08
0.00113732	3.101e-07
0.0011457	1.83861e-06
0.00115409	9.0079e-06
0.00116247	4.15427e-05
0.00117085	0.000183257
0.00117923	0.000679568
0.00118761	0.00261923
0.00119599	0.00807179
0.00120437	0.026421
0.00121275	0.0696692
0.00122113	0.189341
0.00122951	0.436784
0.00123789	0.97304
0.00124627	2.06502
0.00125466	3.81786
0.00126304	6.72923
0.00127142	10.7792
0.0012798	16.0634
0.00128818	22.5564
0.00129656	29.564
0.00130494	37.0938
0.00131332	44.561
0.0013217	51.9851
0.00133008	60.0808
0.00133846	68.8452
0.00134684	80.362
0.00135523	94.612
0.00136361	114.169
0.00137199	139.032
0.00138037	170.997
0.00138875	210.117
0.00139713	256.09
0.00140551	309.022
0.00141389	365.966
0.00142227	426.967
0.00143065	488.279
0.00143903	549.707
0.00144741	610.889
0.0014558	671.376
0.00146418	737.482
0.00147256	808.923
0.00148094	896.135
0.00148932	999.841
0.0014977	1122.6
0.00150608	1265.9
0.00151446	1416.34
0.00152284	1574.04
0.00153122	1723.46
0.0015396	1862.67
0.00154798	1992
0.00155637	2110.08
0.00156475	2227.78
0.00157313	2346.03
0.00158151	2469.38
0.00158989	2599.55
0.00159827	2729.76
0.00160665	2860.68
0.00161503	2980.23
0.00162341	3087.74
0.00163179	3173.65
0.00164017	3239.95
0.00164855	3260.88
0.00165694	3263.99
0.00166532	3262.26
0.0016737	3232.81
0.00168208	3200.86
0.00169046	3173.88
0.00169884	3147.74
0.00170722	3125.5
0.0017156	3089.75
0.00172398	3037.45
0.00173236	2961.57
0.00174074	2857.58
0.00174912	2736.22
0.00175751	2597.96
0.00176589	2453.31
0.00177427	2305.2
0.00178265	2156.11
0.00179103	2006.95
0.00179941	1859.85
0.00180779	1715.03
0.00181617	1575.81
0.00182455	1443.15
0.00183293	1318.45
0.00184131	1202.38
0.00184969	1095.23
0.00185808	997.485
0.00186646	908.261
0.00187484	828.095
0.00188322	753.53
0.0018916	683.918
0.00189998	615.907
0.00190836	547.536
0.00191674	479.697
0.00192512	411.347
0.0019335	346.633
0.00194188	286.792
0.00195026	234.48
0.00195865	191.725
0.00196703	157.415
0.00197541	132.282
0.00198379	113.07
0.00199217	98.7411
0.00200055	86.6932
0.00200893	75.1337
0.00201731	63.7594
0.00202569	51.547
0.00203407	39.7648
0.00204245	28.7861
0.00205083	19.3609
0.00205922	12.2546
0.0020676	7.03317
0.00207598	3.75647
0.00208436	1.8695
0.00209274	0.816228
0.00210112	0.360722
0.0021095	0.138069
0.00211788	0.0497314
0.00212626	0.0171096
0.00213464	0.00486897
0.00214302	0.00154309
0.0021514	0.000336986
0.00215979	9.65688e-05
0.00216817	1.64298e-05
