0.000166815	1.96296e-17
0.000172682	1.07614e-16
0.000178548	3.71567e-16
0.000184415	1.93384e-15
0.000190282	6.30935e-15
0.000196148	2.99449e-14
0.000202015	9.61085e-14
0.000207881	4.17101e-13
0.000213748	1.31336e-12
0.000219614	5.22721e-12
0.000225481	1.61017e-11
0.000231347	5.89526e-11
0.000237214	1.7711e-10
0.00024308	5.98449e-10
0.000248947	1.74792e-09
0.000254813	5.46916e-09
0.00026068	1.54788e-08
0.000266547	4.50045e-08
0.000272413	1.23007e-07
0.00027828	3.33495e-07
0.000284146	8.7729e-07
0.000290013	2.22572e-06
0.000295879	5.61605e-06
0.000301746	1.33793e-05
0.000307612	3.22748e-05
0.000313479	7.24452e-05
0.000319345	0.000166546
0.000325212	0.00035336
0.000331078	0.00077189
0.000336945	0.00155269
0.000342812	0.00321428
0.000348678	0.00614686
0.000354545	0.0120317
0.000360411	0.0221096
0.000366278	0.0406388
0.000372144	0.0722009
0.000378011	0.124247
0.000383877	0.209882
0.000389744	0.341923
0.00039561	0.548545
0.000401477	0.848577
0.000407343	1.29292
0.00041321	1.90416
0.000419077	2.75887
0.000424943	3.87845
0.00043081	5.35757
0.000436676	7.21179
0.000442543	9.53672
0.000448409	12.3427
0.000454276	15.7125
0.000460142	19.6589
0.000466009	24.261
0.000471875	29.5423
0.000477742	35.6132
0.000483608	42.5067
0.000489475	50.3956
0.000495342	59.3052
0.000501208	69.4472
0.000507075	80.8168
0.000512941	93.5645
0.000518808	107.648
0.000524674	123.031
0.000530541	139.657
0.000536407	157.267
0.000542274	175.832
0.00054814	195.012
0.000554007	214.846
0.000559873	235.204
0.00056574	256.194
0.000571606	278.193
0.000577473	301.336
0.00058334	326.606
0.000589206	354.109
0.000595073	385.248
0.000600939	420.061
0.000606806	459.968
0.000612672	504.934
0.000618539	555.948
0.000624405	612.919
0.000630272	676.069
0.000636138	745.284
0.000642005	819.869
0.000647871	899.72
0.000653738	983.288
0.000659605	1070.5
0.000665471	1159.16
0.000671338	1249.23
0.000677204	1338.16
0.000683071	1425.96
0.000688937	1510.08
0.000694804	1590.57
0.00070067	1665.41
0.000706537	1734.69
0.000712403	1797.71
0.00071827	1854.55
0.000724136	1906.55
0.000730003	1953.77
0.00073587	1999.8
0.000741736	2044.65
0.000747603	2093.38
0.000753469	2145.95
0.000759336	2207.16
0.000765202	2277
0.000771069	2358.02
0.000776935	2450.28
0.000782802	2552.73
0.000788668	2665.49
0.000794535	2783.81
0.000800401	2907.81
0.000806268	3030.12
0.000812135	3150.8
0.000818001	3261.63
0.000823868	3362.57
0.000829734	3446.53
0.000835601	3513.43
0.000841467	3556.95
0.000847334	3578.94
0.0008532	3579.83
0.000859067	3554.93
0.000864933	3509.21
0.0008708	3442.68
0.000876666	3360.81
0.000882533	3263.5
0.0008884	3157.87
0.000894266	3044.1
0.000900133	2928.58
0.000905999	2811.73
0.000911866	2697.72
0.000917732	2587.03
0.000923599	2481.34
0.000929465	2380.99
0.000935332	2285.9
0.000941198	2196.19
0.000947065	2111.08
0.000952931	2030.56
0.000958798	1953.84
0.000964665	1880.87
0.000970531	1811.02
0.000976398	1744.27
0.000982264	1679.84
0.000988131	1617.75
0.000993997	1556.97
0.000999864	1497.42
0.00100573	1438.01
0.0010116	1378.56
0.00101746	1318.32
0.00102333	1257.08
0.0010292	1194.75
0.00103506	1131.18
0.00104093	1066.92
0.0010468	1001.93
0.00105266	937.035
0.00105853	872.352
0.0010644	808.602
0.00107026	745.944
0.00107613	684.884
0.001082	625.544
0.00108786	568.326
0.00109373	513.303
0.00109959	460.919
0.00110546	411.255
0.00111133	364.787
0.00111719	321.652
0.00112306	282.173
0.00112893	246.526
0.00113479	214.672
0.00114066	186.74
0.00114653	162.288
0.00115239	141.303
0.00115826	123.112
0.00116413	107.543
0.00116999	93.9515
0.00117586	82.0753
0.00118173	71.4923
0.00118759	61.9578
0.00119346	53.3033
0.00119933	45.3775
0.00120519	38.1726
0.00121106	31.6397
0.00121693	25.807
0.00122279	20.6845
0.00122866	16.2569
0.00123453	12.5378
0.00124039	9.4541
0.00124626	6.99007
0.00125212	5.04259
0.00125799	3.56352
0.00126386	2.45525
0.00126972	1.6537
0.00127559	1.08751
0.00128146	0.696016
0.00128732	0.437033
0.00129319	0.264846
0.00129906	0.159019
0.00130492	0.0908534
0.00131079	0.0523073
0.00131666	0.027838
0.00132252	0.0155433
0.00132839	0.00700823
0.00133426	0.00416321
