0.000166815	2.59341
0.000171844	3.43826
0.000176872	4.53736
0.000181901	5.87558
0.000186929	7.49708
0.000191958	9.44008
0.000196986	11.7153
0.000202014	14.3533
0.000207043	17.3415
0.000212071	20.6901
0.0002171	24.3617
0.000222128	28.3344
0.000227157	32.5524
0.000232185	36.9571
0.000237214	41.4877
0.000242242	46.0558
0.00024727	50.6133
0.000252299	55.0621
0.000257327	59.383
0.000262356	63.4976
0.000267384	67.4251
0.000272413	71.1374
0.000277441	74.6916
0.000282469	78.1323
0.000287498	81.5447
0.000292526	85.0527
0.000297555	88.7549
0.000302583	92.8441
0.000307612	97.4171
0.00031264	102.712
0.000317669	108.813
0.000322697	115.973
0.000327725	124.251
0.000332754	133.885
0.000337782	144.904
0.000342811	157.493
0.000347839	171.646
0.000352868	187.462
0.000357896	204.901
0.000362924	223.951
0.000367953	244.548
0.000372981	266.562
0.00037801	289.933
0.000383038	314.447
0.000388067	340.075
0.000393095	366.603
0.000398123	394.054
0.000403152	422.326
0.00040818	451.498
0.000413209	481.685
0.000418237	513.004
0.000423266	545.828
0.000428294	580.277
0.000433323	616.937
0.000438351	655.889
0.000443379	697.792
0.000448408	742.663
0.000453436	791.041
0.000458465	842.875
0.000463493	898.403
0.000468522	957.529
0.00047355	1020.09
0.000478578	1085.96
0.000483607	1154.6
0.000488635	1225.9
0.000493664	1299.03
0.000498692	1373.91
0.000503721	1449.6
0.000508749	1526.06
0.000513778	1602.38
0.000518806	1678.54
0.000523834	1753.75
0.000528863	1828
0.000533891	1900.61
0.00053892	1971.55
0.000543948	2040.2
0.000548977	2106.51
0.000554005	2169.83
0.000559033	2230.12
0.000564062	2286.67
0.00056909	2339.45
0.000574119	2387.77
0.000579147	2431.63
0.000584176	2470.52
0.000589204	2504.47
0.000594233	2533.32
0.000599261	2557.13
0.000604289	2576.28
0.000609318	2590.81
0.000614346	2601.69
0.000619375	2608.96
0.000624403	2614.06
0.000629432	2616.99
0.00063446	2619.4
0.000639488	2621.26
0.000644517	2624.01
0.000649545	2627.62
0.000654574	2632.89
0.000659602	2639.81
0.000664631	2648.25
0.000669659	2658.22
0.000674688	2668.64
0.000679716	2679.53
0.000684744	2689.28
0.000689773	2697.96
0.000694801	2701.43
0.00069983	2702.69
0.000704858	2701.7
0.000709887	2692.75
0.000714915	2678.08
0.000719943	2657.82
0.000724972	2631.53
0.00073	2599.17
0.000735029	2561.45
0.000740057	2518.36
0.000745086	2471.06
0.000750114	2419.56
0.000755143	2365.13
0.000760171	2307.79
0.000765199	2248.63
0.000770228	2187.7
0.000775256	2125.8
0.000780285	2062.96
0.000785313	1999.71
0.000790342	1936.07
0.00079537	1872.34
0.000800398	1808.56
0.000805427	1744.9
0.000810455	1681.37
0.000815484	1618.06
0.000820512	1554.98
0.000825541	1492.22
0.000830569	1429.77
0.000835598	1367.75
0.000840626	1306.15
0.000845654	1245.17
0.000850683	1184.82
0.000855711	1125.39
0.00086074	1066.9
0.000865768	1009.72
0.000870797	953.875
0.000875825	899.715
0.000880853	847.29
0.000885882	796.822
0.00089091	748.372
0.000895939	701.973
0.000900967	657.673
0.000905996	615.323
0.000911024	574.936
0.000916052	536.251
0.000921081	499.241
0.000926109	463.638
0.000931138	429.387
0.000936166	396.311
0.000941195	364.347
0.000946223	333.465
0.000951252	303.622
0.00095628	274.921
0.000961308	247.353
0.000966337	221.099
0.000971365	196.186
0.000976394	172.789
0.000981422	150.96
0.000986451	130.804
0.000991479	112.374
0.000996507	95.6734
0.00100154	80.7366
0.00100656	67.4684
0.00101159	55.8724
0.00101662	45.7839
0.00102165	37.1723
0.00102668	29.8399
0.00103171	23.7291
0.00103673	18.6416
0.00104176	14.5034
0.00104679	11.1385
0.00105182	8.46834
0.00105685	6.351
0.00106188	4.71244
0.00106691	3.44763
0.00107193	2.49331
0.00107696	1.77777
0.00108199	1.25136
0.00108702	0.868923
0.00109205	0.594458
0.00109708	0.401783
0.0011021	0.266759
0.00110713	0.175454
0.00111216	0.112875
0.00111719	0.0722532
0.00112222	0.0449639
0.00112725	0.0280243
0.00113228	0.0168386
0.0011373	0.0102271
0.00114233	0.00592082
0.00114736	0.00350871
0.00115239	0.00195094
0.00115742	0.00113098
0.00116245	0.000539457
0.00116747	0.000342282
