0.000500379	7.53199e-96
0.000507922	3.14095e-92
0.000515465	1.25616e-91
0.000523008	4.16821e-88
0.00053055	1.68382e-87
0.000538093	4.445e-84
0.000545636	1.81414e-83
0.000553179	3.80938e-80
0.000560721	1.57096e-79
0.000568264	2.62362e-76
0.000575807	1.09341e-75
0.00058335	1.45216e-72
0.000590892	6.11674e-72
0.000598435	6.45947e-69
0.000605978	2.75032e-68
0.000613521	2.30917e-65
0.000621063	9.93966e-65
0.000628606	6.63435e-62
0.000636149	2.88728e-61
0.000643692	1.53192e-58
0.000651234	6.74119e-58
0.000658777	2.84303e-55
0.00066632	1.26508e-54
0.000673862	4.24086e-52
0.000681405	1.90828e-51
0.000688948	5.08484e-49
0.000696491	2.31372e-48
0.000704033	4.90096e-46
0.000711576	2.25493e-45
0.000719119	3.79757e-43
0.000726662	1.76651e-42
0.000734204	2.36594e-40
0.000741747	1.11244e-39
0.00074929	1.18532e-37
0.000756833	5.63153e-37
0.000764375	4.7763e-35
0.000771918	2.29185e-34
0.000779461	1.54836e-32
0.000787004	7.49859e-32
0.000794546	4.03935e-30
0.000802089	1.97259e-29
0.000809632	8.48357e-28
0.000817175	4.17252e-27
0.000824717	1.43511e-25
0.00083226	7.09758e-25
0.000839803	1.95654e-23
0.000847345	9.71034e-23
0.000854888	2.15136e-21
0.000862431	1.06868e-20
0.000869974	1.90965e-19
0.000877516	9.46335e-19
0.000885059	1.36988e-17
0.000892602	6.7445e-17
0.000900145	7.95165e-16
0.000907687	3.87003e-15
0.00091523	3.74049e-14
0.000922773	1.78868e-13
0.000930316	1.42835e-12
0.000937858	6.66264e-12
0.000945401	4.4359e-11
0.000952944	2.00154e-10
0.000960487	1.12262e-09
0.000968029	4.85369e-09
0.000975572	2.31993e-08
0.000983115	9.51164e-08
0.000990658	3.92258e-07
0.0009982	1.50843e-06
0.00100574	5.43687e-06
0.00101329	1.93928e-05
0.00102083	6.18826e-05
0.00102837	0.000202558
0.00103591	0.000579342
0.00104346	0.00172354
0.001051	0.00446824
0.00105854	0.0119861
0.00106608	0.0284386
0.00107363	0.0683966
0.00108117	0.149668
0.00108871	0.321761
0.00109626	0.654807
0.0011038	1.25839
0.00111134	2.43125
0.00111888	4.21827
0.00112643	7.3023
0.00113397	11.7095
0.00114151	18.3774
0.00114906	27.291
0.0011566	39.2111
0.00116414	54.0816
0.00117168	71.8714
0.00117923	92.5261
0.00118677	115.036
0.00119431	139.397
0.00120185	164.349
0.0012094	189.937
0.00121694	215.961
0.00122448	242.465
0.00123203	271.071
0.00123957	301.78
0.00124711	337.28
0.00125465	377.551
0.0012622	424.424
0.00126974	477.902
0.00127728	537.77
0.00128482	604.048
0.00129237	675.507
0.00129991	752.131
0.00130745	833.601
0.001315	919.891
0.00132254	1011.51
0.00133008	1108.52
0.00133762	1210.01
0.00134517	1316.11
0.00135271	1423.59
0.00136025	1532.44
0.00136779	1639.68
0.00137534	1745.07
0.00138288	1848.86
0.00139042	1950.87
0.00139797	2053.61
0.00140551	2157.22
0.00141305	2262.87
0.00142059	2370.85
0.00142814	2479.69
0.00143568	2589.5
0.00144322	2697.94
0.00145076	2805.02
0.00145831	2908.21
0.00146585	3007.73
0.00147339	3098.77
0.00148094	3181.57
0.00148848	3249.5
0.00149602	3305.52
0.00150356	3319.95
0.00151111	3318.89
0.00151865	3312.83
0.00152619	3263.67
0.00153373	3194.61
0.00154128	3110.8
0.00154882	3020.19
0.00155636	2924
0.00156391	2830.73
0.00157145	2742.39
0.00157899	2660.38
0.00158653	2586.19
0.00159408	2515.28
0.00160162	2447.76
0.00160916	2377.54
0.0016167	2303.63
0.00162425	2221.93
0.00163179	2131.12
0.00163933	2030.57
0.00164688	1919.25
0.00165442	1800.07
0.00166196	1672.8
0.0016695	1542.5
0.00167705	1409.92
0.00168459	1279.87
0.00169213	1153.59
0.00169968	1034.27
0.00170722	923.04
0.00171476	821.375
0.0017223	730.192
0.00172985	649.103
0.00173739	578.653
0.00174493	516.624
0.00175247	462.778
0.00176002	414.427
0.00176756	370.605
0.0017751	329.865
0.00178265	291.28
0.00179019	254.838
0.00179773	220.204
0.00180527	187.84
0.00181282	157.822
0.00182036	130.51
0.0018279	106.064
0.00183544	84.7187
0.00184299	66.6718
0.00185053	51.8677
0.00185807	40.4896
0.00186562	31.9465
0.00187316	26.168
0.0018807	22.2347
0.00188824	19.7063
0.00189579	17.895
0.00190333	16.2344
0.00191087	14.5849
0.00191841	12.6184
0.00192596	10.5526
0.0019335	8.40093
0.00194104	6.3625
0.00194859	4.59778
0.00195613	3.12442
0.00196367	2.03411
0.00197121	1.24047
0.00197876	0.720608
0.0019863	0.397381
0.00199384	0.181189
0.00200138	0.102716
