3.33898e-05	401.569
3.48982e-05	427.08
3.64066e-05	452.76
3.7915e-05	478.768
3.94234e-05	504.644
4.09318e-05	529.905
4.24402e-05	554.696
4.39487e-05	578.837
4.54571e-05	602.796
4.69655e-05	626.807
4.84739e-05	651.563
4.99823e-05	677.724
5.14907e-05	706.073
5.29991e-05	737.611
5.45076e-05	773.073
5.6016e-05	813.647
5.75244e-05	859.91
5.90328e-05	913.045
6.05412e-05	973.404
6.20496e-05	1041.98
6.3558e-05	1118.89
6.50665e-05	1204.78
6.65749e-05	1299.57
6.80833e-05	1403.5
6.95917e-05	1516.37
7.11001e-05	1638.03
7.26085e-05	1768.25
7.41169e-05	1906.61
7.56253e-05	2052.92
7.71338e-05	2206.66
7.86422e-05	2367.7
8.01506e-05	2535.57
8.1659e-05	2710.12
8.31674e-05	2890.95
8.46758e-05	3077.87
8.61842e-05	3270.38
8.76927e-05	3468.17
8.92011e-05	3670.46
9.07095e-05	3876.8
9.22179e-05	4085.94
9.37263e-05	4297.35
9.52347e-05	4509.28
9.67431e-05	4721.23
9.82516e-05	4931.11
9.976e-05	5138.58
0.000101268	5341.53
0.000102777	5539.8
0.000104285	5731.65
0.000105794	5917.04
0.000107302	6094.79
0.00010881	6264.91
0.000110319	6426.72
0.000111827	6580.22
0.000113336	6725.01
0.000114844	6861.06
0.000116353	6988.01
0.000117861	7105.82
0.000119369	7214.1
0.000120878	7312.87
0.000122386	7401.86
0.000123895	7481.2
0.000125403	7551.1
0.000126911	7611.8
0.00012842	7664.32
0.000129928	7708.97
0.000131437	7747.72
0.000132945	7780.87
0.000134453	7811.15
0.000135962	7838.72
0.00013747	7866.5
0.000138979	7894.47
0.000140487	7924.93
0.000141996	7957.69
0.000143504	7993.69
0.000145012	8032.64
0.000146521	8073.66
0.000148029	8116.48
0.000149538	8158.54
0.000151046	8199.65
0.000152554	8236.19
0.000154063	8268.11
0.000155571	8292.28
0.00015708	8308.23
0.000158588	8309
0.000160097	8302.21
0.000161605	8286.41
0.000163113	8252.96
0.000164622	8207.71
0.00016613	8150.28
0.000167639	8080.94
0.000169147	7999.7
0.000170655	7907.55
0.000172164	7804.49
0.000173672	7691.29
0.000175181	7567.92
0.000176689	7434.81
0.000178197	7291.94
0.000179706	7139.65
0.000181214	6977.95
0.000182723	6807.56
0.000184231	6628.5
0.00018574	6442.38
0.000187248	6249.18
0.000188756	6051.6
0.000190265	5849.6
0.000191773	5646.75
0.000193282	5443.01
0.00019479	5242.28
0.000196298	5044.55
0.000197807	4853.31
0.000199315	4668.62
0.000200824	4492.91
0.000202332	4326.26
0.000203841	4169.64
0.000205349	4023.17
0.000206857	3886.25
0.000208366	3758.99
0.000209874	3639.54
0.000211383	3527.94
0.000212891	3421.56
0.000214399	3320.41
0.000215908	3221.68
0.000217416	3125.28
0.000218925	3028.77
0.000220433	2932.02
0.000221941	2833.33
0.00022345	2732.52
0.000224958	2628.82
0.000226467	2522.07
0.000227975	2412.42
0.000229484	2299.76
0.000230992	2185.03
0.0002325	2068.17
0.000234009	1950.7
0.000235517	1832.65
0.000237026	1715.81
0.000238534	1600.27
0.000240042	1487.8
0.000241551	1378.57
0.000243059	1274
0.000244568	1174.29
0.000246076	1080.31
0.000247585	992.258
0.000249093	910.336
0.000250601	834.696
0.00025211	764.916
0.000253618	701.062
0.000255127	642.291
0.000256635	588.557
0.000258143	538.868
0.000259652	493.086
0.00026116	450.335
0.000262669	410.426
0.000264177	372.775
0.000265685	337.203
0.000267194	303.465
0.000268702	271.436
0.000270211	241.14
0.000271719	212.529
0.000273228	185.756
0.000274736	160.839
0.000276244	137.915
0.000277753	117.039
0.000279261	98.2387
0.00028077	81.5624
0.000282278	66.9004
0.000283786	54.2671
0.000285295	43.4425
0.000286803	34.3941
0.000288312	26.8477
0.00028982	20.73
0.000291329	15.7687
0.000292837	11.8668
0.000294345	8.793
0.000295854	6.44584
0.000297362	4.65164
0.000298871	3.31985
0.000300379	2.33327
0.000301887	1.62034
0.000303396	1.10928
0.000304904	0.74911
0.000306413	0.499703
0.000307921	0.327921
0.000309429	0.213246
0.000310938	0.135874
0.000312446	0.0861961
0.000313955	0.0532743
0.000315463	0.0329978
0.000316972	0.0197605
0.00031848	0.0119631
0.000319988	0.00693208
0.000321497	0.00410724
0.000323005	0.00229848
0.000324514	0.00133545
0.000326022	0.000718102
0.00032753	0.000411415
0.000329039	0.000215
0.000330547	0.000119956
0.000332056	5.48145e-05
0.000333564	3.31006e-05
