3.33898e-05	1.20638
3.52334e-05	1.69505
3.70771e-05	2.40361
3.89207e-05	3.30841
4.07644e-05	4.47849
4.2608e-05	5.96541
4.44517e-05	7.80941
4.62953e-05	10.0683
4.8139e-05	12.7601
4.99827e-05	15.9329
5.18263e-05	19.5736
5.367e-05	23.6998
5.55136e-05	28.2714
5.73573e-05	33.2609
5.92009e-05	38.6214
6.10446e-05	44.2863
6.28882e-05	50.2339
6.47319e-05	56.392
6.65755e-05	62.7956
6.84192e-05	69.4235
7.02628e-05	76.3823
7.21065e-05	83.7602
7.39502e-05	91.7258
7.57938e-05	100.51
7.76375e-05	110.315
7.94811e-05	121.507
8.13248e-05	134.287
8.31684e-05	149.113
8.50121e-05	166.167
8.68557e-05	185.944
8.86994e-05	208.604
9.0543e-05	234.644
9.23867e-05	264.205
9.42303e-05	297.775
9.6074e-05	335.477
9.79177e-05	377.784
9.97613e-05	424.782
0.000101605	476.905
0.000103449	534.185
0.000105292	596.949
0.000107136	665.171
0.00010898	739.003
0.000110823	818.381
0.000112667	903.257
0.000114511	993.571
0.000116354	1089.14
0.000118198	1189.94
0.000120042	1295.8
0.000121885	1406.77
0.000123729	1522.83
0.000125572	1644.1
0.000127416	1770.84
0.00012926	1903.17
0.000131103	2041.62
0.000132947	2186.29
0.000134791	2337.81
0.000136634	2496.2
0.000138478	2661.97
0.000140322	2835
0.000142165	3015.36
0.000144009	3202.8
0.000145853	3396.63
0.000147696	3596.51
0.00014954	3800.77
0.000151384	4009.04
0.000153227	4218.63
0.000155071	4429.21
0.000156915	4637.31
0.000158758	4842.69
0.000160602	5041.57
0.000162446	5233.89
0.000164289	5416.24
0.000166133	5588.72
0.000167977	5749.03
0.00016982	5897.4
0.000171664	6033.22
0.000173507	6156.77
0.000175351	6269.33
0.000177195	6371.18
0.000179038	6465.29
0.000180882	6551.85
0.000182726	6634.92
0.000184569	6714.57
0.000186413	6795.06
0.000188257	6876.35
0.0001901	6961.92
0.000191944	7051.65
0.000193788	7147.41
0.000195631	7249.03
0.000197475	7356.16
0.000199319	7468.65
0.000201162	7583.75
0.000203006	7701.37
0.00020485	7816.64
0.000206693	7929.53
0.000208537	8033.89
0.000210381	8129.73
0.000212224	8210.78
0.000214068	8277.09
0.000215912	8323.98
0.000217755	8351.5
0.000219599	8353.24
0.000221442	8335.2
0.000223286	8297.56
0.00022513	8234.58
0.000226973	8152.72
0.000228817	8052
0.000230661	7936.54
0.000232504	7806.31
0.000234348	7665.75
0.000236192	7514.93
0.000238035	7356.84
0.000239879	7191.61
0.000241723	7020.22
0.000243566	6842.78
0.00024541	6658.71
0.000247254	6468.03
0.000249097	6269.79
0.000250941	6063.89
0.000252785	5850.41
0.000254628	5629.15
0.000256472	5402.15
0.000258316	5169.22
0.000260159	4934.41
0.000262003	4697.66
0.000263847	4464.19
0.00026569	4234.15
0.000267534	4012.6
0.000269377	3799.89
0.000271221	3599.54
0.000273065	3412.02
0.000274908	3238.43
0.000276752	3079.21
0.000278596	2932.92
0.000280439	2799.84
0.000282283	2676.6
0.000284127	2563.21
0.00028597	2455.54
0.000287814	2353.28
0.000289658	2252.78
0.000291501	2153.53
0.000293345	2053.24
0.000295189	1951.36
0.000297032	1847.41
0.000298876	1740.96
0.00030072	1633.11
0.000302563	1523.72
0.000304407	1414.86
0.000306251	1306.68
0.000308094	1201.51
0.000309938	1099.69
0.000311782	1003.14
0.000313625	912.318
0.000315469	828.392
0.000317312	751.759
0.000319156	682.831
0.000321	621.871
0.000322843	568.669
0.000324687	523.344
0.000326531	485.23
0.000328374	454.326
0.000330218	429.604
0.000332062	410.957
0.000333905	397.035
0.000335749	387.614
0.000337593	381.095
0.000339436	377.111
0.00034128	374.02
0.000343124	371.307
0.000344967	367.602
0.000346811	362.314
0.000348655	354.655
0.000350498	344.092
0.000352342	330.577
0.000354186	313.795
0.000356029	294.357
0.000357873	272.264
0.000359717	248.512
0.00036156	223.405
0.000363404	197.969
0.000365247	172.696
0.000367091	148.354
0.000368935	125.457
0.000370778	104.381
0.000372622	85.5141
0.000374466	68.8709
0.000376309	54.6335
0.000378153	42.5799
0.000379997	32.692
0.00038184	24.6552
0.000383684	18.3127
0.000385528	13.366
0.000387371	9.59846
0.000389215	6.78239
0.000391059	4.70577
0.000392902	3.22096
0.000394746	2.1572
0.00039659	1.43139
0.000398433	0.893613
0.000400277	0.595211
