0.000500379	1.80979e-26
0.000506246	1.98357e-25
0.000512113	7.39136e-25
0.000517979	7.4153e-24
0.000523846	2.69482e-23
0.000529712	2.42439e-22
0.000535579	8.77179e-22
0.000541445	7.08973e-21
0.000547312	2.54947e-20
0.000553178	1.85505e-19
0.000559045	6.61721e-19
0.000564911	4.34443e-18
0.000570778	1.53401e-17
0.000576644	9.11018e-17
0.000582511	3.1768e-16
0.000588378	1.71125e-15
0.000594244	5.8782e-15
0.000600111	2.88057e-14
0.000605977	9.72054e-14
0.000611844	4.34726e-13
0.00061771	1.43695e-12
0.000623577	5.8847e-12
0.000629443	1.89942e-11
0.00063531	7.14843e-11
0.000641176	2.24582e-10
0.000647043	7.79615e-10
0.000652909	2.37607e-09
0.000658776	7.63732e-09
0.000664643	2.25037e-08
0.000670509	6.72354e-08
0.000676376	1.90877e-07
0.000682242	5.32174e-07
0.000688109	1.45069e-06
0.000693975	3.78881e-06
0.000699842	9.88453e-06
0.000705708	2.42738e-05
0.000711575	6.04165e-05
0.000717441	0.000140005
0.000723308	0.000331478
0.000729174	0.000727277
0.000735041	0.00163363
0.000740908	0.00340396
0.000746774	0.0072374
0.000752641	0.0143607
0.000758507	0.0288462
0.000764374	0.0546336
0.00077024	0.103527
0.000776107	0.190393
0.000781973	0.337859
0.00078784	0.593788
0.000793706	0.99597
0.000799573	1.66022
0.000805439	2.64649
0.000811306	4.18333
0.000817173	6.34885
0.000823039	9.52093
0.000828906	13.7758
0.000834772	19.622
0.000840639	27.1012
0.000846505	36.7349
0.000852372	48.5022
0.000858238	62.7313
0.000864105	79.3424
0.000869971	98.2801
0.000875838	119.453
0.000881704	142.42
0.000887571	167.146
0.000893438	193.092
0.000899304	220.317
0.000905171	248.65
0.000911037	278.217
0.000916904	309.535
0.00092277	342.712
0.000928637	378.807
0.000934503	417.826
0.00094037	460.73
0.000946236	507.412
0.000952103	557.997
0.000957969	612.347
0.000963836	669.518
0.000969703	729.452
0.000975569	790.755
0.000981436	853.491
0.000987302	916.949
0.000993169	981.261
0.000999035	1047.19
0.0010049	1114.83
0.00101077	1186.16
0.00101663	1261.18
0.0010225	1341.87
0.00102837	1428.14
0.00103423	1520.69
0.0010401	1619.4
0.00104597	1723.12
0.00105183	1831.8
0.0010577	1942.83
0.00106357	2056.23
0.00106943	2168.89
0.0010753	2280.86
0.00108117	2389.37
0.00108703	2494.46
0.0010929	2594.15
0.00109877	2688.44
0.00110463	2776.12
0.0011105	2857.18
0.00111637	2930.84
0.00112223	2997.09
0.0011281	3055.21
0.00113397	3105.18
0.00113983	3146.19
0.0011457	3178.23
0.00115157	3200.94
0.00115743	3214.45
0.0011633	3216.12
0.00116916	3210.15
0.00117503	3197.21
0.0011809	3174.5
0.00118676	3145.81
0.00119263	3111.3
0.0011985	3073.26
0.00120436	3031.74
0.00121023	2988.73
0.0012161	2944.34
0.00122196	2899.56
0.00122783	2854.54
0.0012337	2809.17
0.00123956	2763.58
0.00124543	2716.83
0.0012513	2668.96
0.00125716	2618.59
0.00126303	2565.69
0.0012689	2508.84
0.00127476	2447.92
0.00128063	2381.92
0.0012865	2310.66
0.00129236	2233.88
0.00129823	2151.36
0.0013041	2063.91
0.00130996	1971.35
0.00131583	1875.61
0.00132169	1776.64
0.00132756	1677.19
0.00133343	1577.43
0.00133929	1480.2
0.00134516	1385.9
0.00135103	1296.59
0.00135689	1212.79
0.00136276	1135.17
0.00136863	1064.16
0.00137449	998.982
0.00138036	939.798
0.00138623	884.884
0.00139209	834.085
0.00139796	785.563
0.00140383	738.92
0.00140969	692.942
0.00141556	647.183
0.00142143	601.361
0.00142729	555.177
0.00143316	509.129
0.00143903	463.16
0.00144489	418.138
0.00145076	374.215
0.00145663	332.23
0.00146249	292.442
0.00146836	255.404
0.00147422	221.376
0.00148009	190.536
0.00148596	163.066
0.00149182	138.794
0.00149769	117.781
0.00150356	99.6143
0.00150942	84.2239
0.00151529	71.1017
0.00152116	60.0774
0.00152702	50.6962
0.00153289	42.7438
0.00153876	35.9122
0.00154462	30.0092
0.00155049	24.8809
0.00155636	20.4003
0.00156222	16.5089
0.00156809	13.1463
0.00157396	10.2789
0.00157982	7.88238
0.00158569	5.90832
0.00159156	4.33515
0.00159742	3.09891
0.00160329	2.16505
0.00160916	1.4717
0.00161502	0.975069
0.00162089	0.629721
0.00162675	0.394099
0.00163262	0.242026
0.00163849	0.142439
0.00164435	0.0833981
0.00165022	0.0457718
0.00165609	0.0257429
0.00166195	0.0117683
0.00166782	0.00711011
