0.000500379	2.14481e-160
0.000509598	8.67177e-155
0.000518817	3.4687e-154
0.000528036	1.04743e-148
0.000537255	4.23258e-148
0.000546474	9.54411e-143
0.000555693	3.89675e-142
0.000564912	6.56047e-137
0.000574131	2.70682e-136
0.00058335	3.40191e-131
0.000592569	1.41865e-130
0.000601788	1.33075e-125
0.000611007	5.60983e-125
0.000620226	3.92694e-120
0.000629445	1.67373e-119
0.000638664	8.74171e-115
0.000647883	3.76772e-114
0.000657101	1.46798e-109
0.00066632	6.39929e-109
0.000675539	1.85962e-104
0.000684758	8.20059e-104
0.000693977	1.77708e-99
0.000703196	7.929e-99
0.000712415	1.28105e-94
0.000721634	5.78433e-94
0.000730853	6.96633e-90
0.000740072	3.18382e-89
0.000749291	2.85771e-85
0.00075851	1.32223e-84
0.000767729	8.84319e-81
0.000776948	4.14311e-80
0.000786167	2.06433e-76
0.000795386	9.79519e-76
0.000804605	3.63519e-72
0.000813823	1.74729e-71
0.000823042	4.82904e-68
0.000832261	2.35173e-67
0.00084148	4.83931e-64
0.000850699	2.38827e-63
0.000859918	3.65851e-60
0.000869137	1.83001e-59
0.000878356	2.08657e-56
0.000887575	1.05805e-55
0.000896794	8.97818e-53
0.000906013	4.6158e-52
0.000915232	2.91469e-49
0.000924451	1.51944e-48
0.00093367	7.13961e-46
0.000942889	3.77419e-45
0.000952108	1.31972e-42
0.000961327	7.0743e-42
0.000970545	1.84105e-39
0.000979764	1.00064e-38
0.000988983	1.9387e-36
0.000998202	1.06813e-35
0.00100742	1.54141e-33
0.00101664	8.60492e-33
0.00102586	9.25615e-31
0.00103508	5.23214e-30
0.0010443	4.1999e-28
0.00105352	2.40138e-27
0.00106273	1.44077e-25
0.00107195	8.32029e-25
0.00108117	3.73963e-23
0.00109039	2.17658e-22
0.00109961	7.35158e-21
0.00110883	4.2998e-20
0.00111805	1.09601e-18
0.00112727	6.41588e-18
0.00113649	1.24123e-16
0.00114571	7.23306e-16
0.00115492	1.07002e-14
0.00116414	6.16313e-14
0.00117336	7.03901e-13
0.00118258	3.97091e-12
0.0011918	3.54382e-11
0.00120102	1.93568e-10
0.00121024	1.36978e-09
0.00121946	7.14393e-09
0.00122868	4.07808e-08
0.00123789	1.99795e-07
0.00124711	9.37952e-07
0.00125633	4.23888e-06
0.00126555	1.67049e-05
0.00127477	6.83147e-05
0.00128399	0.0002307
0.00129321	0.000837682
0.00130243	0.00247108
0.00131165	0.0078304
0.00132087	0.0205099
0.00133008	0.0559248
0.0013393	0.131665
0.00134852	0.305948
0.00135774	0.659911
0.00136696	1.30627
0.00137618	2.55913
0.0013854	4.41841
0.00139462	7.2993
0.00140384	11.1921
0.00141305	15.9475
0.00142227	21.5654
0.00143149	26.9669
0.00144071	32.1587
0.00144993	36.1086
0.00145915	38.7885
0.00146837	41.0056
0.00147759	42.7013
0.00148681	46.5671
0.00149603	52.7942
0.00150524	64.0856
0.00151446	80.5034
0.00152368	103.206
0.0015329	132.272
0.00154212	167.524
0.00155134	209.012
0.00156056	255.924
0.00156978	308.306
0.001579	364.672
0.00158821	424.972
0.00159743	488.166
0.00160665	554.009
0.00161587	623.973
0.00162509	697.841
0.00163431	779.306
0.00164353	868.474
0.00165275	968.536
0.00166197	1079.97
0.00167118	1202.62
0.0016804	1337.2
0.00168962	1478.07
0.00169884	1625.6
0.00170806	1770.45
0.00171728	1911.81
0.0017265	2043.9
0.00173572	2165.27
0.00174494	2277.97
0.00175416	2381.6
0.00176337	2480.43
0.00177259	2575.41
0.00178181	2666.1
0.00179103	2753.2
0.00180025	2832.73
0.00180947	2904.18
0.00181869	2965.49
0.00182791	3015.79
0.00183713	3056.63
0.00184634	3088.27
0.00185556	3110.89
0.00186478	3125.02
0.001874	3127.93
0.00188322	3113.06
0.00189244	3077.99
0.00190166	3014.2
0.00191088	2923.4
0.0019201	2804.65
0.00192932	2669.48
0.00193853	2519.29
0.00194775	2366.06
0.00195697	2213.84
0.00196619	2065.82
0.00197541	1924.66
0.00198463	1787.5
0.00199385	1654.5
0.00200307	1522.05
0.00201229	1388.6
0.0020215	1254.17
0.00203072	1117.09
0.00203994	982.817
0.00204916	851.979
0.00205838	731.005
0.0020676	622.848
0.00207682	529.016
0.00208604	451.832
0.00209526	387.946
0.00210448	337.27
0.00211369	295.307
0.00212291	260.315
0.00213213	229.23
0.00214135	199.981
0.00215057	171.942
0.00215979	143.85
0.00216901	116.976
0.00217823	91.4547
0.00218745	68.5747
0.00219666	49.2458
0.00220588	33.4812
0.0022151	21.8102
0.00222432	13.3251
0.00223354	7.76859
0.00224276	4.2596
0.00225198	2.13875
0.0022612	1.08717
0.00227042	0.482168
0.00227964	0.218446
0.00228885	0.0876219
0.00229807	0.0341903
0.00230729	0.012564
0.00231651	0.00413664
0.00232573	0.00132255
0.00233495	0.000384525
