3.33898e-05	16.0802
3.52334e-05	20.5762
3.70771e-05	26.2241
3.89207e-05	32.9549
4.07644e-05	40.9702
4.2608e-05	50.4265
4.44517e-05	61.4244
4.62953e-05	74.1139
4.8139e-05	88.5537
4.99827e-05	104.864
5.18263e-05	123.061
5.367e-05	143.217
5.55136e-05	165.319
5.73573e-05	189.387
5.92009e-05	215.403
6.10446e-05	243.348
6.28882e-05	273.222
6.47319e-05	305.004
6.65755e-05	338.73
6.84192e-05	374.414
7.02628e-05	412.132
7.21065e-05	451.966
7.39502e-05	494.017
7.57938e-05	538.445
7.76375e-05	585.35
7.94811e-05	634.948
8.13248e-05	687.303
8.31684e-05	742.632
8.50121e-05	800.931
8.68557e-05	862.34
8.86994e-05	926.763
9.0543e-05	994.17
9.23867e-05	1064.36
9.42303e-05	1137.06
9.6074e-05	1211.96
9.79177e-05	1288.48
9.97613e-05	1366.29
0.000101605	1444.48
0.000103449	1522.74
0.000105292	1599.96
0.000107136	1675.95
0.00010898	1749.6
0.000110823	1820.87
0.000112667	1888.97
0.000114511	1954.05
0.000116354	2015.9
0.000118198	2074.84
0.000120042	2131.46
0.000121885	2186.18
0.000123729	2240.4
0.000125572	2294.55
0.000127416	2350.68
0.00012926	2409.12
0.000131103	2472.23
0.000132947	2540.21
0.000134791	2615.28
0.000136634	2697.46
0.000138478	2788.46
0.000140322	2888.13
0.000142165	2997.32
0.000144009	3115.77
0.000145853	3243.25
0.000147696	3379.44
0.00014954	3523.01
0.000151384	3673.6
0.000153227	3828.86
0.000155071	3988.51
0.000156915	4149.44
0.000158758	4311.44
0.000160602	4471.13
0.000162446	4628.41
0.000164289	4780.13
0.000166133	4926.32
0.000167977	5064.58
0.00016982	5195.02
0.000171664	5316.38
0.000173507	5428.81
0.000175351	5532.28
0.000177195	5626.92
0.000179038	5713.77
0.000180882	5792.91
0.000182726	5866.06
0.000184569	5933.26
0.000186413	5996.48
0.000188257	6055.72
0.0001901	6112.85
0.000191944	6167.84
0.000193788	6222.22
0.000195631	6275.95
0.000197475	6330.08
0.000199319	6384.57
0.000201162	6439.84
0.000203006	6495.86
0.00020485	6552.29
0.000206693	6609.12
0.000208537	6665.14
0.000210381	6720.35
0.000212224	6772.67
0.000214068	6822.11
0.000215912	6865.94
0.000217755	6904.17
0.000219599	6934.62
0.000221442	6957.38
0.000223286	6960.96
0.00022513	6958.68
0.000226973	6950.73
0.000228817	6920.3
0.000230661	6876.18
0.000232504	6818.74
0.000234348	6746.84
0.000236192	6660.43
0.000238035	6560.34
0.000239879	6446.53
0.000241723	6320.31
0.000243566	6181.68
0.00024541	6032.14
0.000247254	5871.7
0.000249097	5702
0.000250941	5523.04
0.000252785	5336.67
0.000254628	5142.88
0.000256472	4943.92
0.000258316	4739.78
0.000260159	4533.21
0.000262003	4324.22
0.000263847	4115.97
0.00026569	3908.51
0.000267534	3705.08
0.000269377	3505.81
0.000271221	3313.5
0.000273065	3128.38
0.000274908	2952.35
0.000276752	2785.68
0.000278596	2629.09
0.000280439	2482.83
0.000282283	2346.46
0.000284127	2220.13
0.00028597	2102.5
0.000287814	1993.61
0.000289658	1891.65
0.000291501	1796.53
0.000293345	1706.46
0.000295189	1621.24
0.000297032	1539.45
0.000298876	1460.86
0.00030072	1384.59
0.000302563	1310.42
0.000304407	1238.01
0.000306251	1167.23
0.000308094	1098.14
0.000309938	1030.68
0.000311782	965.166
0.000313625	901.609
0.000315469	840.375
0.000317312	781.531
0.000319156	725.363
0.000321	671.96
0.000322843	621.447
0.000324687	573.901
0.000326531	529.264
0.000328374	487.577
0.000330218	448.622
0.000332062	412.393
0.000333905	378.577
0.000335749	347.116
0.000337593	317.682
0.000339436	290.184
0.00034128	264.351
0.000343124	240.079
0.000344967	217.199
0.000346811	195.621
0.000348655	175.283
0.000350498	156.128
0.000352342	138.165
0.000354186	121.378
0.000356029	105.801
0.000357873	91.4473
0.000359717	78.3306
0.00036156	66.472
0.000363404	55.8401
0.000365247	46.444
0.000367091	38.2023
0.000368935	31.0984
0.000370778	25.0153
0.000372622	19.9077
0.000374466	15.6454
0.000376309	12.1606
0.000378153	9.33091
0.000379997	7.07754
0.00038184	5.2998
0.000383684	3.91996
0.000385528	2.86391
0.000387371	2.06409
0.000389215	1.47123
0.000391059	1.03246
0.000392902	0.718047
0.000394746	0.490262
0.00039659	0.33278
0.000398433	0.214621
0.000400277	0.146395
