0.000500379	5.08888e-321
0.000510437	3.89253e-310
0.000520494	1.55701e-309
0.000530551	7.21112e-299
0.000540608	2.91395e-298
0.000550665	8.25316e-288
0.000560722	3.36968e-287
0.000570779	5.83559e-277
0.000580836	2.40775e-276
0.000590893	2.54914e-266
0.00060095	1.06304e-265
0.000611007	6.87935e-256
0.000621064	2.90005e-255
0.000631121	1.14694e-245
0.000641178	4.88854e-245
0.000651235	1.18135e-235
0.000661292	5.09178e-235
0.000671349	7.51717e-226
0.000681406	3.27702e-225
0.000691463	2.95508e-216
0.00070152	1.30319e-215
0.000711577	7.17664e-207
0.000721634	3.20226e-206
0.000731691	1.07674e-197
0.000741748	4.86214e-197
0.000751806	9.9801e-189
0.000761863	4.56165e-188
0.00077192	5.71472e-180
0.000781977	2.64449e-179
0.000792034	2.02158e-171
0.000802091	9.47303e-171
0.000812148	4.41796e-163
0.000822205	2.09684e-162
0.000832262	5.96471e-155
0.000842319	2.86798e-154
0.000852376	4.975e-147
0.000862433	2.42394e-146
0.00087249	2.56351e-139
0.000882547	1.26593e-138
0.000892604	8.1605e-132
0.000902661	4.08548e-131
0.000912718	1.60488e-124
0.000922775	8.14755e-124
0.000932832	1.9499e-117
0.000942889	1.00408e-116
0.000952946	1.46365e-110
0.000963003	7.64679e-110
0.00097306	6.78759e-104
0.000983117	3.59885e-103
0.000993175	1.94473e-97
0.00100323	1.04673e-96
0.00101329	3.44253e-91
0.00102335	1.8815e-90
0.0010334	3.76514e-85
0.00104346	2.0902e-84
0.00105352	2.54437e-79
0.00106357	1.43517e-78
0.00107363	1.06242e-73
0.00108369	6.09071e-73
0.00109374	2.74122e-68
0.0011038	1.59774e-67
0.00111386	4.37069e-63
0.00112392	2.59087e-62
0.00113397	4.30667e-58
0.00114403	2.59726e-57
0.00115409	2.62275e-53
0.00116414	1.60973e-52
0.0011742	9.87271e-49
0.00118426	6.16881e-48
0.00119432	2.29741e-44
0.00120437	1.46187e-43
0.00121443	3.30547e-40
0.00122449	2.14254e-39
0.00123454	2.94115e-36
0.0012446	1.94236e-35
0.00125466	1.6189e-32
0.00126471	1.08941e-31
0.00127477	5.51472e-29
0.00128483	3.781e-28
0.00129489	1.1633e-25
0.00130494	8.12238e-25
0.001315	1.52099e-22
0.00132506	1.08034e-21
0.00133511	1.23431e-19
0.00134517	8.90024e-19
0.00135523	6.23035e-17
0.00136529	4.54386e-16
0.00137534	1.96257e-14
0.0013854	1.4385e-13
0.00139546	3.87738e-12
0.00140551	2.82643e-11
0.00141557	4.84021e-10
0.00142563	3.45092e-09
0.00143568	3.85708e-08
0.00144574	2.62273e-07
0.0014558	1.98756e-06
0.00146586	1.24393e-05
0.00147591	6.71464e-05
0.00148597	0.000369557
0.00149603	0.00150395
0.00150608	0.00691551
0.00151614	0.0224487
0.0015262	0.0821822
0.00153625	0.222912
0.00154631	0.627616
0.00155637	1.49356
0.00156643	3.23068
0.00157648	6.53324
0.00158654	11.4225
0.0015966	17.9193
0.00160665	26.1038
0.00161671	34.226
0.00162677	42.265
0.00163683	48.9005
0.00164688	53.9585
0.00165694	58.7208
0.001667	62.9977
0.00167705	70.5011
0.00168711	81.165
0.00169717	99.6898
0.00170722	126.3
0.00171728	163.853
0.00172734	212.956
0.0017374	271.02
0.00174745	338.597
0.00175751	407.711
0.00176757	477.588
0.00177762	545.675
0.00178768	610.193
0.00179774	682.327
0.00180779	762.336
0.00181785	861.083
0.00182791	981.285
0.00183797	1116.89
0.00184802	1268.83
0.00185808	1424.69
0.00186814	1582.26
0.00187819	1740.65
0.00188825	1898.55
0.00189831	2061.62
0.00190837	2232.24
0.00191842	2402.74
0.00192848	2574.97
0.00193854	2728.7
0.00194859	2859.72
0.00195865	2963.54
0.00196871	3035.02
0.00197876	3092.37
0.00198882	3137.99
0.00199888	3183.28
0.00200894	3235.44
0.00201899	3276.99
0.00202905	3304.94
0.00203911	3311.18
0.00204916	3267.42
0.00205922	3182.87
0.00206928	3058.55
0.00207933	2914.8
0.00208939	2756.89
0.00209945	2596.5
0.00210951	2439.88
0.00211956	2284.08
0.00212962	2130.45
0.00213968	1973.17
0.00214973	1810
0.00215979	1640.77
0.00216985	1462.49
0.00217991	1285.25
0.00218996	1110.49
0.00220002	949.179
0.00221008	807.275
0.00222013	684.063
0.00223019	582.218
0.00224025	495.145
0.0022503	420.67
0.00226036	355.776
0.00227042	298.126
0.00228048	248.13
0.00229053	205.561
0.00230059	170.099
0.00231065	142.131
0.0023207	119.406
0.00233076	101.01
0.00234082	85.3985
0.00235088	71.2587
0.00236093	58.6613
0.00237099	47.1717
0.00238105	37.2215
0.0023911	28.9986
0.00240116	22.5442
0.00241122	18.163
0.00242127	15.1561
0.00243133	13.2697
0.00244139	11.7957
0.00245145	9.97684
0.0024615	8.05236
0.00247156	5.86328
0.00248162	3.81943
0.00249167	2.29419
0.00250173	1.15969
