0.000166815	7.41349e-07
0.000171844	1.9474e-06
0.000176872	5.56555e-06
0.000181901	1.45244e-05
0.000186929	3.66242e-05
0.000191958	8.80051e-05
0.000196986	0.000211386
0.000202014	0.000470149
0.000207043	0.00107102
0.000212071	0.00221624
0.0002171	0.00476878
0.000222128	0.00922676
0.000227157	0.0186859
0.000232185	0.0342469
0.000237214	0.0646294
0.000242242	0.114069
0.00024727	0.198222
0.000252299	0.331289
0.000257327	0.538576
0.000262356	0.850579
0.000267384	1.3007
0.000272413	1.9409
0.000277441	2.80431
0.000282469	3.9599
0.000287498	5.428
0.000292526	7.27546
0.000297555	9.50169
0.000302583	12.1444
0.000307612	15.1877
0.00031264	18.6259
0.000317669	22.4482
0.000322697	26.6247
0.000327725	31.1701
0.000332754	36.0807
0.000337782	41.3963
0.000342811	47.1818
0.000347839	53.4757
0.000352868	60.3954
0.000357896	67.9467
0.000362924	76.2213
0.000367953	85.1904
0.000372981	94.8478
0.00037801	105.168
0.000383038	116.073
0.000388067	127.585
0.000393095	139.68
0.000398123	152.43
0.000403152	165.981
0.00040818	180.414
0.000413209	196.026
0.000418237	212.883
0.000423266	231.332
0.000428294	251.45
0.000433323	273.637
0.000438351	298.03
0.000443379	325.268
0.000448408	355.533
0.000453436	389.856
0.000458465	428.339
0.000463493	472.158
0.000468522	521.205
0.00047355	576.061
0.000478578	636.394
0.000483607	701.415
0.000488635	770.726
0.000493664	842.058
0.000498692	915.186
0.000503721	987.262
0.000508749	1058.37
0.000513778	1126.56
0.000518806	1192.16
0.000523834	1255.25
0.000528863	1316.17
0.000533891	1377.01
0.00053892	1437.98
0.000543948	1502.05
0.000548977	1569.23
0.000554005	1641.96
0.000559033	1720.09
0.000564062	1804.53
0.00056909	1895.09
0.000574119	1990.98
0.000579147	2092.03
0.000584176	2196.2
0.000589204	2303.4
0.000594233	2410.95
0.000599261	2518.79
0.000604289	2623.93
0.000609318	2726.34
0.000614346	2822.8
0.000619375	2913.32
0.000624403	2994.8
0.000629432	3067.3
0.00063446	3128.78
0.000639488	3179.33
0.000644517	3219.04
0.000649545	3247.95
0.000654574	3268.67
0.000659602	3281.15
0.000664631	3287.58
0.000669659	3290.66
0.000674688	3290.9
0.000679716	3289.7
0.000684744	3287.33
0.000689773	3283.48
0.000694801	3276.9
0.00069983	3267.65
0.000704858	3253.41
0.000709887	3234.16
0.000714915	3208.65
0.000719943	3176.78
0.000724972	3139.27
0.00073	3096.02
0.000735029	3049.08
0.000740057	2998.46
0.000745086	2945.98
0.000750114	2891.77
0.000755143	2836.24
0.000760171	2779.5
0.000765199	2720.56
0.000770228	2659.46
0.000775256	2594.92
0.000780285	2526.83
0.000785313	2455.01
0.000790342	2379.28
0.00079537	2301.05
0.000800398	2220.25
0.000805427	2139.08
0.000810455	2057.7
0.000815484	1977.64
0.000820512	1899.18
0.000825541	1822.21
0.000830569	1746.93
0.000835598	1671.93
0.000840626	1597.16
0.000845654	1521.35
0.000850683	1444.22
0.000855711	1365.99
0.00086074	1286.37
0.000865768	1207.27
0.000870797	1128.65
0.000875825	1053.01
0.000880853	980.671
0.000885882	913.218
0.00089091	851.139
0.000895939	794.289
0.000900967	742.996
0.000905996	695.675
0.000911024	652.287
0.000916052	610.89
0.000921081	571.116
0.000926109	531.781
0.000931138	492.425
0.000936166	453.112
0.000941195	413.567
0.000946223	374.814
0.000951252	336.901
0.00095628	301.07
0.000961308	267.627
0.000966337	237.331
0.000971365	210.544
0.000976394	187.241
0.000981422	167.634
0.000986451	151.063
0.000991479	137.499
0.000996507	126.047
0.00100154	116.481
0.00100656	108.044
0.00101159	100.438
0.00101662	93.2188
0.00102165	86.1364
0.00102668	79.0545
0.00103171	71.8243
0.00103673	64.5304
0.00104176	57.1311
0.00104679	49.8271
0.00105182	42.6648
0.00105685	35.8568
0.00106188	29.5035
0.00106691	23.7384
0.00107193	18.6667
0.00107696	14.2991
0.00108199	10.6959
0.00108702	7.76656
0.00109205	5.50387
0.00109708	3.77716
0.0011021	2.52604
0.00110713	1.63616
0.00111216	1.02824
0.00111719	0.628838
0.00112222	0.369457
0.00112725	0.213845
0.00113228	0.116113
0.0011373	0.0642836
0.00114233	0.0322264
0.00114736	0.0170513
0.00115239	0.00804867
0.00115742	0.00397915
0.00116245	0.00160686
0.00116747	0.000816095
