0.000500379	1.13678e-117
0.00050876	1.36646e-113
0.000517141	5.46548e-113
0.000525522	5.22869e-109
0.000533903	2.11265e-108
0.000542284	1.60829e-104
0.000550665	6.56558e-104
0.000559045	3.97663e-100
0.000567426	1.64046e-99
0.000575807	7.90402e-96
0.000584188	3.2954e-95
0.000592569	1.26289e-91
0.00060095	5.32232e-91
0.00060933	1.62205e-87
0.000617711	6.91106e-87
0.000626092	1.67475e-83
0.000634473	7.21509e-83
0.000642854	1.39003e-79
0.000651235	6.05612e-79
0.000659615	9.27453e-76
0.000667996	4.08701e-75
0.000676377	4.97459e-72
0.000684758	2.21758e-71
0.000693139	2.14501e-68
0.00070152	9.67424e-68
0.0007099	7.43558e-65
0.000718281	3.39333e-64
0.000726662	2.07218e-61
0.000735043	9.56996e-61
0.000743424	4.64284e-58
0.000751805	2.17009e-57
0.000760186	8.36379e-55
0.000768566	3.95673e-54
0.000776947	1.21147e-51
0.000785328	5.80091e-51
0.000793709	1.41105e-48
0.00080209	6.83863e-48
0.000810471	1.32171e-45
0.000818851	6.4829e-45
0.000827232	9.95749e-43
0.000835613	4.94214e-42
0.000843994	6.03457e-40
0.000852375	3.02989e-39
0.000860756	2.94247e-37
0.000869136	1.49393e-36
0.000877517	1.15466e-34
0.000885898	5.92461e-34
0.000894279	3.64759e-32
0.00090266	1.88995e-31
0.000911041	9.27973e-30
0.000919421	4.85006e-29
0.000927802	1.90217e-27
0.000936183	1.0014e-26
0.000944564	3.14346e-25
0.000952945	1.66381e-24
0.000961326	4.19107e-23
0.000969707	2.22494e-22
0.000978087	4.51219e-21
0.000986468	2.39525e-20
0.000994849	3.92695e-19
0.00100323	2.07648e-18
0.00101161	2.76615e-17
0.00101999	1.45011e-16
0.00102837	1.57936e-15
0.00103675	8.16129e-15
0.00104513	7.3213e-14
0.00105351	3.70359e-13
0.0010619	2.76048e-12
0.00107028	1.35602e-11
0.00107866	8.48203e-11
0.00108704	4.00882e-10
0.00109542	2.12803e-09
0.0011038	9.57776e-09
0.00111218	4.36743e-08
0.00112056	1.85128e-07
0.00112894	7.34459e-07
0.00113732	2.89858e-06
0.0011457	1.01345e-05
0.00115409	3.68154e-05
0.00116247	0.000114863
0.00117085	0.000379948
0.00117923	0.00106999
0.00118761	0.00319205
0.00119599	0.00819493
0.00120437	0.021875
0.00121275	0.0516055
0.00122113	0.122549
0.00122951	0.267167
0.00123789	0.562559
0.00124627	1.15082
0.00125466	2.15534
0.00126304	4.06627
0.00127142	6.8986
0.0012798	11.5252
0.00128818	17.9348
0.00129656	26.8494
0.00130494	38.2407
0.00131332	51.8104
0.0013217	67.5446
0.00133008	83.7859
0.00133846	100.546
0.00134684	116.051
0.00135523	130.297
0.00136361	143.544
0.00137199	155.739
0.00138037	169.855
0.00138875	185.85
0.00139713	207.467
0.00140551	234.754
0.00141389	269.683
0.00142227	312.346
0.00143065	362.668
0.00143903	420.661
0.00144741	486.155
0.0014558	559.071
0.00146418	640.512
0.00147256	730.446
0.00148094	830.45
0.00148932	940.626
0.0014977	1061.46
0.00150608	1193.15
0.00151446	1334.15
0.00152284	1484.71
0.00153122	1640.83
0.0015396	1802.68
0.00154798	1964.31
0.00155637	2125.62
0.00156475	2280.43
0.00157313	2428.38
0.00158151	2564.67
0.00158989	2688.79
0.00159827	2798.16
0.00160665	2892.18
0.00161503	2971.46
0.00162341	3035.53
0.00163179	3088.21
0.00164017	3129.72
0.00164855	3163.57
0.00165694	3191.23
0.00166532	3208.26
0.0016737	3216.7
0.00168208	3217.25
0.00169046	3196.58
0.00169884	3154.13
0.00170722	3090.25
0.0017156	3007.78
0.00172398	2905.51
0.00173236	2794.72
0.00174074	2676.85
0.00174912	2560.52
0.00175751	2448.7
0.00176589	2340.95
0.00177427	2238.84
0.00178265	2136.31
0.00179103	2032.32
0.00179941	1923.24
0.00180779	1807.14
0.00181617	1686.15
0.00182455	1559.57
0.00183293	1432.64
0.00184131	1306.16
0.00184969	1185.17
0.00185808	1071.24
0.00186646	967.364
0.00187484	875.327
0.00188322	794.426
0.0018916	725.758
0.00189998	665.044
0.00190836	611.556
0.00191674	560.994
0.00192512	511.239
0.0019335	461.59
0.00194188	410.59
0.00195026	360.599
0.00195865	311.992
0.00196703	266.925
0.00197541	226.643
0.00198379	191.414
0.00199217	161.955
0.00200055	137.345
0.00200893	117.518
0.00201731	101.313
0.00202569	88.2594
0.00203407	77.3216
0.00204245	67.8426
0.00205083	59.241
0.00205922	50.9011
0.0020676	42.904
0.00207598	35.0146
0.00208436	27.6374
0.00209274	20.9582
0.00210112	15.1741
0.0021095	10.5458
0.00211788	6.9299
0.00212626	4.36717
0.00213464	2.59962
0.00214302	1.46596
0.0021514	0.796182
0.00215979	0.347931
0.00216817	0.198514
