0.000100103	6.65145e-06
0.00010312	1.40457e-05
0.000106137	3.62284e-05
0.000109154	7.9336e-05
0.000112171	0.000178888
0.000115188	0.000370649
0.000118205	0.000801059
0.000121222	0.00157503
0.000124239	0.00325474
0.000127256	0.00609001
0.000130273	0.0120065
0.00013329	0.0215505
0.000136307	0.0402747
0.000139324	0.0703519
0.000142341	0.123221
0.000145358	0.206884
0.000148375	0.343487
0.000151392	0.553145
0.000154408	0.873832
0.000157425	1.34837
0.000160442	2.03318
0.000163459	3.00607
0.000166476	4.33855
0.000169493	6.15131
0.00017251	8.51919
0.000175527	11.6005
0.000178544	15.4547
0.000181561	20.2523
0.000184578	26.0179
0.000187595	32.8897
0.000190612	40.8454
0.000193629	49.9393
0.000196646	60.1065
0.000199663	71.2803
0.00020268	83.3786
0.000205697	96.2185
0.000208714	109.743
0.000211731	123.724
0.000214748	138.172
0.000217765	152.941
0.000220782	168.128
0.000223799	183.81
0.000226816	200.139
0.000229833	217.475
0.00023285	235.967
0.000235867	256.181
0.000238884	278.208
0.000241901	302.634
0.000244918	329.479
0.000247935	359.177
0.000250952	391.713
0.000253969	427.317
0.000256986	465.99
0.000260003	507.861
0.00026302	552.975
0.000266037	601.528
0.000269054	653.591
0.000272071	709.521
0.000275088	769.367
0.000278105	833.572
0.000281122	902.123
0.000284139	975.319
0.000287156	1053.08
0.000290173	1135.35
0.00029319	1222.01
0.000296207	1312.59
0.000299224	1407.02
0.000302241	1504.66
0.000305258	1605.51
0.000308275	1709.15
0.000311292	1815.69
0.000314309	1925.34
0.000317326	2038.29
0.000320343	2155.67
0.00032336	2277.69
0.000326377	2406.48
0.000329394	2542.17
0.000332411	2687.45
0.000335428	2842.27
0.000338445	3008.77
0.000341462	3186.7
0.000344479	3376.04
0.000347496	3576.38
0.000350513	3784.26
0.00035353	3999.32
0.000356547	4214.68
0.000359564	4430.2
0.000362581	4637.43
0.000365598	4836.45
0.000368615	5019.99
0.000371632	5188.26
0.000374649	5337.37
0.000377666	5467.51
0.000380683	5578.61
0.0003837	5670.79
0.000386717	5746.58
0.000389734	5806.01
0.000392751	5852.37
0.000395768	5885.62
0.000398785	5908.7
0.000401802	5921.61
0.000404819	5922.69
0.000407836	5917.13
0.000410853	5905.08
0.00041387	5882.61
0.000416887	5852.75
0.000419904	5815.59
0.000422921	5771.25
0.000425938	5719.75
0.000428955	5661.03
0.000431972	5595.11
0.000434989	5521.21
0.000438006	5439.34
0.000441023	5348.26
0.00044404	5247.92
0.000447057	5137.42
0.000450074	5016.65
0.000453091	4885.89
0.000456108	4744.99
0.000459125	4595.83
0.000462142	4438.28
0.000465159	4275.5
0.000468176	4107.47
0.000471193	3937.83
0.00047421	3766.69
0.000477227	3597.38
0.000480244	3430.09
0.000483261	3267.23
0.000486278	3109.04
0.000489295	2956.74
0.000492312	2810.56
0.000495329	2670.55
0.000498346	2536.85
0.000501363	2408.65
0.00050438	2286.01
0.000507397	2167.64
0.000510414	2053.5
0.000513431	1942.3
0.000516448	1833.9
0.000519465	1727.29
0.000522482	1622.31
0.000525499	1518.46
0.000528516	1415.55
0.000531533	1313.81
0.00053455	1213.08
0.000537567	1114.36
0.000540584	1017.61
0.000543601	924.367
0.000546618	834.783
0.000549635	750.412
0.000552652	671.573
0.000555669	599.201
0.000558686	533.662
0.000561703	474.918
0.00056472	423.202
0.000567737	377.645
0.000570754	338.23
0.000573771	303.788
0.000576788	274.083
0.000579805	248.176
0.000582822	225.769
0.000585839	206.342
0.000588856	189.695
0.000591873	175.528
0.00059489	163.773
0.000597907	154.014
0.000600924	146.217
0.000603941	139.7
0.000606958	134.33
0.000609975	129.319
0.000612992	124.392
0.000616009	118.99
0.000619026	112.786
0.000622043	105.686
0.00062506	97.4736
0.000628077	88.4908
0.000631094	78.7359
0.000634111	68.7436
0.000637128	58.7075
0.000640145	49.073
0.000643162	40.1084
0.000646179	32.014
0.000649196	24.9995
0.000652213	19.0282
0.00065523	14.1801
0.000658247	10.2869
0.000661264	7.30768
0.000664281	5.05369
0.000667298	3.41775
0.000670315	2.25502
0.000673332	1.44929
0.000676349	0.913702
0.000679366	0.556728
0.000682383	0.336141
0.0006854	0.193552
0.000688417	0.112278
0.000691434	0.0605393
0.000694451	0.0340636
0.000697468	0.0155495
0.000700485	0.00937813
