3.33898e-05	0.0387109
3.52334e-05	0.0626384
3.70771e-05	0.122975
3.89207e-05	0.2082
4.07644e-05	0.351953
4.2608e-05	0.569828
4.44517e-05	0.908934
4.62953e-05	1.40444
4.8139e-05	2.12294
4.99827e-05	3.12855
5.18263e-05	4.49812
5.367e-05	6.32629
5.55136e-05	8.68173
5.73573e-05	11.6753
5.92009e-05	15.3491
6.10446e-05	19.8008
6.28882e-05	25.0435
6.47319e-05	31.1344
6.65755e-05	38.0803
6.84192e-05	45.9004
7.02628e-05	54.6346
7.21065e-05	64.3123
7.39502e-05	75.0365
7.57938e-05	86.9214
7.76375e-05	100.13
7.94811e-05	114.913
8.13248e-05	131.462
8.31684e-05	150.154
8.50121e-05	171.185
8.68557e-05	195.007
8.86994e-05	221.837
9.0543e-05	252.199
9.23867e-05	286.364
9.42303e-05	325.01
9.6074e-05	368.452
9.79177e-05	417.604
9.97613e-05	472.695
0.000101605	534.747
0.000103449	603.711
0.000105292	680.242
0.000107136	763.906
0.00010898	854.356
0.000110823	950.881
0.000112667	1051.8
0.000114511	1156.43
0.000116354	1262.12
0.000118198	1368.55
0.000120042	1473.14
0.000121885	1576.12
0.000123729	1676.23
0.000125572	1774.17
0.000127416	1870.84
0.00012926	1967.09
0.000131103	2065.9
0.000132947	2167.85
0.000134791	2276.87
0.000136634	2392.99
0.000138478	2519.22
0.000140322	2655.07
0.000142165	2801.08
0.000144009	2956.56
0.000145853	3119.3
0.000147696	3288.87
0.00014954	3461.7
0.000151384	3637.81
0.000153227	3814.46
0.000155071	3991.99
0.000156915	4169.87
0.000158758	4348.41
0.000160602	4528.86
0.000162446	4711.27
0.000164289	4896.97
0.000166133	5085.75
0.000167977	5277.54
0.00016982	5472.12
0.000171664	5668.02
0.000173507	5865.21
0.000175351	6062.12
0.000177195	6258.85
0.000179038	6454.85
0.000180882	6650.16
0.000182726	6844.77
0.000184569	7038.51
0.000186413	7230.03
0.000188257	7419.05
0.0001901	7601.34
0.000191944	7776.7
0.000193788	7938.53
0.000195631	8086.85
0.000197475	8215.23
0.000199319	8323.87
0.000201162	8409.5
0.000203006	8472.31
0.00020485	8513.29
0.000206693	8533.47
0.000208537	8533.83
0.000210381	8520.3
0.000212224	8495.55
0.000214068	8459.6
0.000215912	8417.58
0.000217755	8369.43
0.000219599	8316.96
0.000221442	8260.19
0.000223286	8197.72
0.00022513	8129.62
0.000226973	8052.3
0.000228817	7965.81
0.000230661	7866.09
0.000232504	7753.11
0.000234348	7624.1
0.000236192	7478.93
0.000238035	7317.55
0.000239879	7139.76
0.000241723	6948.83
0.000243566	6744.58
0.00024541	6532.99
0.000247254	6314.02
0.000249097	6094.49
0.000250941	5874.57
0.000252785	5659.52
0.000254628	5449.7
0.000256472	5247.11
0.000258316	5052.14
0.000260159	4863.61
0.000262003	4681.71
0.000263847	4503.69
0.00026569	4329.45
0.000267534	4156.72
0.000269377	3985.2
0.000271221	3814.34
0.000273065	3643.85
0.000274908	3474.83
0.000276752	3307.21
0.000278596	3142.81
0.000280439	2981.76
0.000282283	2825.58
0.000284127	2674.5
0.00028597	2529.21
0.000287814	2389.88
0.000289658	2256.43
0.000291501	2128.93
0.000293345	2006.93
0.000295189	1890.4
0.000297032	1778.92
0.000298876	1672.44
0.00030072	1570.68
0.000302563	1473.61
0.000304407	1380.93
0.000306251	1292.67
0.000308094	1208.35
0.000309938	1127.97
0.000311782	1050.84
0.000313625	976.904
0.000315469	905.443
0.000317312	836.302
0.000319156	769.033
0.000321	703.443
0.000322843	639.563
0.000324687	577.252
0.000326531	517.039
0.000328374	458.917
0.000330218	403.715
0.000332062	351.586
0.000333905	303.33
0.000335749	259.213
0.000337593	219.688
0.000339436	185.033
0.00034128	155.171
0.000343124	130.274
0.000344967	109.747
0.000346811	93.5683
0.000348655	80.8145
0.000350498	71.2547
0.000352342	63.9195
0.000354186	58.431
0.000356029	54.0337
0.000357873	50.3193
0.000359717	46.884
0.00036156	43.4079
0.000363404	39.8229
0.000365247	35.9676
0.000367091	31.9814
0.000368935	27.859
0.000370778	23.7897
0.000372622	19.8632
0.000374466	16.2062
0.000376309	12.9246
0.000378153	10.046
0.000379997	7.63491
0.00038184	5.64444
0.000383684	4.08
0.000385528	2.86684
0.000387371	1.96686
0.000389215	1.3137
0.000391059	0.8533
0.000392902	0.542311
0.000394746	0.33242
0.00039659	0.20145
0.000398433	0.108388
0.000400277	0.0672809
