0.000500379	7.65049e-25
0.000506246	1.15182e-23
0.000512113	4.37776e-23
0.000517979	5.79905e-22
0.000523846	2.16437e-21
0.000529712	2.48666e-20
0.000535579	9.24607e-20
0.000541445	9.23455e-19
0.000547312	3.41328e-18
0.000553178	2.97129e-17
0.000559045	1.08898e-16
0.000564911	8.28737e-16
0.000570778	3.00307e-15
0.000576644	2.00478e-14
0.000582511	7.15935e-14
0.000588378	4.20872e-13
0.000594244	1.47581e-12
0.000600111	7.67253e-12
0.000605977	2.63112e-11
0.000611844	1.2154e-10
0.00061771	4.05811e-10
0.000623577	1.67414e-09
0.000629443	5.41662e-09
0.00063531	2.00657e-08
0.000641176	6.25934e-08
0.000647043	2.09414e-07
0.000652909	6.26514e-07
0.000658776	1.9043e-06
0.000664643	5.43471e-06
0.000670509	1.50981e-05
0.000676376	4.08834e-05
0.000682242	0.00010443
0.000688109	0.000266913
0.000693975	0.0006305
0.000699842	0.00151361
0.000705708	0.00332449
0.000711575	0.0074629
0.000717441	0.0153164
0.000723308	0.0320277
0.000729174	0.0616863
0.000735041	0.119788
0.000740908	0.222403
0.000746774	0.395553
0.000752641	0.689741
0.000758507	1.14115
0.000764374	1.85615
0.00077024	2.87533
0.000776107	4.36396
0.000781973	6.34738
0.00078784	9.00742
0.000793706	12.3337
0.000799573	16.4306
0.000805439	21.2556
0.000811306	26.7555
0.000817173	32.8943
0.000823039	39.5039
0.000828906	46.6014
0.000834772	54.0966
0.000840639	62.0626
0.000846505	70.6772
0.000852372	80.0169
0.000858238	90.5017
0.000864105	102.16
0.000869971	115.419
0.000875838	130.269
0.000881704	146.978
0.000887571	165.553
0.000893438	186.209
0.000899304	208.981
0.000905171	234.217
0.000911037	261.922
0.000916904	292.442
0.00092277	325.698
0.000928637	361.567
0.000934503	399.933
0.00094037	439.941
0.000946236	481.547
0.000952103	523.642
0.000957969	566.322
0.000963836	609.269
0.000969703	652.67
0.000975569	697.778
0.000981436	744.745
0.000987302	796.163
0.000993169	852.06
0.000999035	915.199
0.0010049	985.496
0.00101077	1064.61
0.00101663	1152.42
0.0010225	1248.86
0.00102837	1353.84
0.00103423	1465.74
0.0010401	1584.5
0.00104597	1707.37
0.00105183	1834.35
0.0010577	1961.88
0.00106357	2090
0.00106943	2214.72
0.0010753	2336.09
0.00108117	2450.4
0.00108703	2557.7
0.0010929	2655.53
0.00109877	2743.9
0.00110463	2822.3
0.0011105	2890.71
0.00111637	2950.47
0.00112223	3001.55
0.0011281	3046.4
0.00113397	3084.99
0.00113983	3119.93
0.0011457	3151.25
0.00115157	3180.89
0.00115743	3208.95
0.0011633	3236.03
0.00116916	3262.27
0.00117503	3286.31
0.0011809	3308.3
0.00118676	3324.93
0.00119263	3336.3
0.0011985	3337.84
0.00120436	3329.71
0.00121023	3311.92
0.0012161	3279.99
0.00122196	3236.71
0.00122783	3182.19
0.0012337	3119.38
0.00123956	3048.33
0.00124543	2972.12
0.0012513	2891.13
0.00125716	2805.99
0.00126303	2717.02
0.0012689	2622.86
0.00127476	2523.39
0.00128063	2417.84
0.0012865	2305.74
0.00129236	2189.17
0.00129823	2067.75
0.0013041	1946.37
0.00130996	1825.2
0.00131583	1709.53
0.00132169	1600.14
0.00132756	1499.84
0.00133343	1409.62
0.00133929	1328.55
0.00134516	1257.2
0.00135103	1191.86
0.00135689	1132.35
0.00136276	1074.59
0.00136863	1017.78
0.00137449	959.75
0.00138036	899.594
0.00138623	837.833
0.00139209	774.035
0.00139796	710.41
0.00140383	647.196
0.00140969	586.497
0.00141556	528.933
0.00142143	475.32
0.00142729	426.165
0.00143316	381.071
0.00143903	340.154
0.00144489	302.644
0.00145076	268.357
0.00145663	236.822
0.00146249	207.824
0.00146836	181.249
0.00147422	157.015
0.00148009	135.076
0.00148596	115.438
0.00149182	97.9202
0.00149769	82.5062
0.00150356	68.9182
0.00150942	57.0713
0.00151529	46.7253
0.00152116	37.7707
0.00152702	30.0561
0.00153289	23.5006
0.00153876	17.992
0.00154462	13.4808
0.00155049	9.83505
0.00155636	7.00441
0.00156222	4.83354
0.00156809	3.24973
0.00157396	2.11128
0.00157982	1.33174
0.00158569	0.813116
0.00159156	0.478034
0.00159742	0.274636
0.00160329	0.148395
0.00160916	0.0812305
0.00161502	0.0403206
0.00162089	0.0209863
0.00162675	0.00975353
0.00163262	0.00471573
0.00163849	0.002061
0.00164435	0.000920319
0.00165022	0.000380092
0.00165609	0.000155824
0.00166195	5.61093e-05
0.00166782	2.28711e-05
