0.000500379	5.47153e-17
0.000506246	2.94512e-16
0.000512113	1.0139e-15
0.000517979	5.18159e-15
0.000523846	1.68325e-14
0.000529712	7.84035e-14
0.000535579	2.50365e-13
0.000541445	1.06587e-12
0.000547312	3.33646e-12
0.000553178	1.30216e-11
0.000559045	3.98384e-11
0.000564911	1.4299e-10
0.000570778	4.26225e-10
0.000576644	1.41161e-09
0.000582511	4.0862e-09
0.000588378	1.25303e-08
0.000594244	3.51048e-08
0.000600111	1.00026e-07
0.000605977	2.70277e-07
0.000611844	7.18133e-07
0.00061771	1.865e-06
0.000623577	4.63736e-06
0.000629443	1.15349e-05
0.00063531	2.69348e-05
0.000641176	6.39519e-05
0.000647043	0.000140708
0.000652909	0.000317869
0.000658776	0.00066108
0.000664643	0.00141661
0.000670509	0.0027929
0.000676376	0.00566142
0.000682242	0.0106084
0.000688109	0.0202927
0.000693975	0.0369041
0.000699842	0.0657327
0.000705708	0.114129
0.000711575	0.191178
0.000717441	0.314676
0.000723308	0.498343
0.000729174	0.776335
0.000735041	1.16466
0.000740908	1.71592
0.000746774	2.44177
0.000752641	3.40286
0.000758507	4.59785
0.000764374	6.06778
0.00077024	7.79467
0.000776107	9.76543
0.000781973	11.9553
0.00078784	14.287
0.000793706	16.7534
0.000799573	19.2645
0.000805439	21.8569
0.000811306	24.5455
0.000817173	27.4182
0.000823039	30.7248
0.000828906	34.5802
0.000834772	39.516
0.000840639	45.6294
0.000846505	53.6346
0.000852372	63.5749
0.000858238	76.1359
0.000864105	91.305
0.000869971	109.544
0.000875838	130.81
0.000881704	155.277
0.000887571	182.901
0.000893438	213.624
0.000899304	247.402
0.000905171	283.999
0.000911037	323.351
0.000916904	364.976
0.00092277	408.788
0.000928637	453.936
0.000934503	500.343
0.00094037	546.816
0.000946236	593.335
0.000952103	638.7
0.000957969	682.971
0.000963836	725.489
0.000969703	766.378
0.000975569	806.009
0.000981436	844.523
0.000987302	883.517
0.000993169	923.104
0.000999035	965.943
0.0010049	1012.09
0.00101077	1064.78
0.00101663	1123.99
0.0010225	1192.78
0.00102837	1271.06
0.00103423	1360.69
0.0010401	1461.56
0.00104597	1573.43
0.00105183	1696.22
0.0010577	1827.19
0.00106357	1966.32
0.00106943	2108.83
0.0010753	2254.75
0.00108117	2398.34
0.00108703	2539.64
0.0010929	2673.02
0.00109877	2798.51
0.00110463	2911.4
0.0011105	3011.67
0.00111637	3096.15
0.00112223	3164.8
0.0011281	3217.47
0.00113397	3254.39
0.00113983	3270.15
0.0011457	3276.66
0.00115157	3275.62
0.00115743	3261.31
0.0011633	3243.1
0.00116916	3221.37
0.00117503	3200.01
0.0011809	3179.32
0.00118676	3160.31
0.00119263	3143.3
0.0011985	3126.15
0.00120436	3108.99
0.00121023	3088.17
0.0012161	3063.61
0.00122196	3032.07
0.00122783	2993.31
0.0012337	2945.66
0.00123956	2888.86
0.00124543	2822.96
0.0012513	2747.75
0.00125716	2664.69
0.00126303	2573.65
0.0012689	2477.14
0.00127476	2375.16
0.00128063	2270.89
0.0012865	2164.48
0.00129236	2059.2
0.00129823	1955.36
0.0013041	1855.46
0.00130996	1759.93
0.00131583	1669.87
0.00132169	1585.65
0.00132756	1506.89
0.00133343	1433.78
0.00133929	1364.9
0.00134516	1300.22
0.00135103	1238.04
0.00135689	1178.15
0.00136276	1119.18
0.00136863	1060.85
0.00137449	1002.45
0.00138036	943.724
0.00138623	884.638
0.00139209	825.041
0.00139796	765.369
0.00140383	705.591
0.00140969	646.435
0.00141556	587.959
0.00142143	531.057
0.00142729	475.859
0.00143316	423.331
0.00143903	373.676
0.00144489	327.777
0.00145076	285.906
0.00145663	248.619
0.00146249	216.211
0.00146836	188.685
0.00147422	166.257
0.00148009	148.305
0.00148596	134.855
0.00149182	124.82
0.00149769	117.979
0.00150356	113.116
0.00150942	109.807
0.00151529	107.07
0.00152116	104.412
0.00152702	101.316
0.00153289	97.3809
0.00153876	92.5728
0.00154462	86.6937
0.00155049	80.0328
0.00155636	72.6092
0.00156222	64.8155
0.00156809	56.8179
0.00157396	48.9405
0.00157982	41.3948
0.00158569	34.3586
0.00159156	28.0053
0.00159742	22.3689
0.00160329	17.5426
0.00160916	13.462
0.00161502	10.1374
0.00162089	7.46087
0.00162675	5.38165
0.00163262	3.79241
0.00163849	2.61289
0.00164435	1.76098
0.00165022	1.15513
0.00165609	0.744282
0.00166195	0.444849
0.00166782	0.285457
