3.33898e-05	2.56092e-08
3.55687e-05	7.06558e-08
3.77476e-05	2.05796e-07
3.99264e-05	5.69607e-07
4.21053e-05	1.48382e-06
4.42842e-05	3.82454e-06
4.64631e-05	9.59944e-06
4.8642e-05	2.31215e-05
5.08209e-05	5.5727e-05
5.29998e-05	0.000125865
5.51787e-05	0.000290318
5.73576e-05	0.000616946
5.95365e-05	0.00135741
6.17154e-05	0.00272281
6.38943e-05	0.00569664
6.60732e-05	0.0108186
6.82521e-05	0.021461
7.0431e-05	0.0389991
7.26099e-05	0.0726987
7.47888e-05	0.127909
7.69677e-05	0.221958
7.91465e-05	0.37223
8.13254e-05	0.608397
8.35043e-05	0.969505
8.56832e-05	1.4972
8.78621e-05	2.26241
9.0041e-05	3.30795
9.22199e-05	4.73448
9.43988e-05	6.56295
9.65777e-05	8.89293
9.87566e-05	11.697
0.000100935	15.0091
0.000103114	18.7439
0.000105293	22.7979
0.000107472	27.0551
0.000109651	31.2542
0.00011183	35.3096
0.000114009	38.8883
0.000116188	41.9979
0.000118367	44.4162
0.000120546	46.2638
0.000122724	47.6164
0.000124903	48.6661
0.000127082	49.8545
0.000129261	51.3685
0.00013144	53.9088
0.000133619	57.5916
0.000135798	63.1533
0.000137977	70.6149
0.000140156	80.5232
0.000142334	92.818
0.000144513	107.714
0.000146692	125.106
0.000148871	144.842
0.00015105	166.817
0.000153229	190.6
0.000155408	216.144
0.000157587	242.958
0.000159766	271.096
0.000161945	300.343
0.000164123	330.851
0.000166302	362.973
0.000168481	396.899
0.00017066	433.605
0.000172839	473.236
0.000175018	517.134
0.000177197	565.359
0.000179376	619.207
0.000181555	678.675
0.000183733	744.743
0.000185912	817.401
0.000188091	897.352
0.00019027	984.614
0.000192449	1079.86
0.000194628	1183.11
0.000196807	1295.15
0.000198986	1415.95
0.000201165	1546.15
0.000203344	1685.64
0.000205522	1834.22
0.000207701	1991.71
0.00020988	2156.46
0.000212059	2328.3
0.000214238	2504.09
0.000216417	2683.77
0.000218596	2863.81
0.000220775	3044.29
0.000222954	3222.92
0.000225132	3399.85
0.000227311	3575.17
0.00022949	3748.95
0.000231669	3923.05
0.000233848	4097.42
0.000236027	4273.48
0.000238206	4451.14
0.000240385	4629.2
0.000242564	4807.58
0.000244743	4982.09
0.000246921	5152.76
0.0002491	5314.3
0.000251279	5466.76
0.000253458	5606.5
0.000255637	5733.53
0.000257816	5847.21
0.000259995	5947.53
0.000262174	6035.99
0.000264353	6112.6
0.000266531	6178.85
0.00026871	6234.8
0.000270889	6280.54
0.000273068	6316.41
0.000275247	6335.76
0.000277426	6344.69
0.000279605	6343.53
0.000281784	6321.2
0.000283963	6281.13
0.000286142	6223.82
0.00028832	6147.46
0.000290499	6051.86
0.000292678	5938.09
0.000294857	5805.92
0.000297036	5658.69
0.000299215	5496.22
0.000301394	5323.94
0.000303573	5141.83
0.000305752	4956.43
0.00030793	4767.98
0.000310109	4582.29
0.000312288	4399.88
0.000314467	4224.04
0.000316646	4055.36
0.000318825	3893.86
0.000321004	3739.94
0.000323183	3591.07
0.000325362	3447.31
0.00032754	3305.3
0.000329719	3164.75
0.000331898	3023.16
0.000334077	2880.09
0.000336256	2734.72
0.000338435	2586.68
0.000340614	2436.64
0.000342793	2284.44
0.000344972	2131.57
0.000347151	1978.05
0.000349329	1825.76
0.000351508	1674.78
0.000353687	1527.28
0.000355866	1383.41
0.000358045	1245.58
0.000360224	1114.1
0.000362403	991.266
0.000364582	877.555
0.000366761	774.508
0.000368939	682.695
0.000371118	602.303
0.000373297	533.782
0.000375476	475.835
0.000377655	428.583
0.000379834	389.664
0.000382013	358.778
0.000384192	333.267
0.000386371	312.485
0.00038855	294.248
0.000390728	277.78
0.000392907	261.828
0.000395086	245.74
0.000397265	229.216
0.000399444	211.893
0.000401623	194.104
0.000403802	175.796
0.000405981	157.511
0.00040816	139.401
0.000410338	121.918
0.000412517	105.276
0.000414696	89.7312
0.000416875	75.4597
0.000419054	62.5431
0.000421233	51.0852
0.000423412	41.0409
0.000425591	32.4456
0.00042777	25.1675
0.000429949	19.1825
0.000432127	14.3093
0.000434306	10.474
0.000436485	7.48766
0.000438664	5.24386
0.000440843	3.58351
0.000443022	2.39255
0.000445201	1.56086
0.00044738	0.989847
0.000449559	0.616475
0.000451737	0.369833
0.000453916	0.220198
0.000456095	0.124367
0.000458274	0.0710007
0.000460453	0.0372131
0.000462632	0.0206538
0.000464811	0.00921836
0.00046699	0.00540656
