0.000100103	0.00538713
0.00010312	0.00868159
0.000106137	0.018565
0.000109154	0.0324936
0.000112171	0.0584557
0.000115188	0.0989409
0.000118205	0.168228
0.000121222	0.274107
0.000124239	0.44257
0.000127256	0.692513
0.000130273	1.06479
0.00013329	1.59747
0.000136307	2.34438
0.000139324	3.36933
0.000142341	4.7285
0.000145358	6.50908
0.000148375	8.75043
0.000151392	11.5441
0.000154408	14.8922
0.000157425	18.8546
0.000160442	23.3877
0.000163459	28.4812
0.000166476	34.058
0.000169493	40.0218
0.00017251	46.2926
0.000175527	52.7125
0.000178544	59.2292
0.000181561	65.6799
0.000184578	72.0523
0.000187595	78.2349
0.000190612	84.2484
0.000193629	90.0571
0.000196646	95.7061
0.000199663	101.235
0.00020268	106.718
0.000205697	112.282
0.000208714	118.043
0.000211731	124.256
0.000214748	131.085
0.000217765	138.962
0.000220782	148.077
0.000223799	159.043
0.000226816	172.045
0.000229833	187.826
0.00023285	206.551
0.000235867	229.026
0.000238884	255.405
0.000241901	286.539
0.000244918	322.569
0.000247935	364.395
0.000250952	412.109
0.000253969	466.582
0.000256986	527.793
0.000260003	596.333
0.00026302	672.014
0.000266037	754.763
0.000269054	844.237
0.000272071	939.366
0.000275088	1039.74
0.000278105	1143.23
0.000281122	1249.48
0.000284139	1355.69
0.000287156	1461.68
0.000290173	1564.7
0.00029319	1664.84
0.000296207	1760.38
0.000299224	1851.65
0.000302241	1938.78
0.000305258	2022.25
0.000308275	2104.4
0.000311292	2185.66
0.000314309	2270.07
0.000317326	2357.83
0.000320343	2453.42
0.00032336	2556.71
0.000326377	2670.88
0.000329394	2795.57
0.000332411	2931.25
0.000335428	3077.52
0.000338445	3231.79
0.000341462	3393.76
0.000344479	3558.72
0.000347496	3726.55
0.000350513	3892.06
0.00035353	4055.32
0.000356547	4212.18
0.000359564	4362.76
0.000362581	4504.55
0.000365598	4637.6
0.000368615	4760.51
0.000371632	4873.29
0.000374649	4974.74
0.000377666	5064.85
0.000380683	5142.4
0.0003837	5207.4
0.000386717	5259.36
0.000389734	5298.31
0.000392751	5326.25
0.000395768	5343.11
0.000398785	5345.37
0.000401802	5344.45
0.000404819	5341.07
0.000407836	5329.32
0.000410853	5315.64
0.00041387	5300.12
0.000416887	5282.08
0.000419904	5261.6
0.000422921	5236.01
0.000425938	5205.35
0.000428955	5166.29
0.000431972	5118.79
0.000434989	5060.68
0.000438006	4991.87
0.000441023	4912.2
0.00044404	4821.57
0.000447057	4721.59
0.000450074	4612.18
0.000453091	4495.86
0.000456108	4372.61
0.000459125	4245.02
0.000462142	4113.15
0.000465159	3979.14
0.000468176	3843.08
0.000471193	3706.48
0.00047421	3569.43
0.000477227	3432.84
0.000480244	3296.76
0.000483261	3161.85
0.000486278	3028.11
0.000489295	2896.4
0.000492312	2766.69
0.000495329	2640.32
0.000498346	2517.29
0.000501363	2399.16
0.00050438	2286.07
0.000507397	2179.1
0.000510414	2078.49
0.000513431	1984.19
0.000516448	1896.45
0.000519465	1813.94
0.000522482	1736.72
0.000525499	1662.69
0.000528516	1591.68
0.000531533	1521.66
0.00053455	1452.29
0.000537567	1382.44
0.000540584	1311.72
0.000543601	1240.24
0.000546618	1167.74
0.000549635	1095.3
0.000552652	1022.93
0.000555669	952.053
0.000558686	882.909
0.000561703	816.6
0.00056472	753.461
0.000567737	693.881
0.000570754	638.119
0.000573771	585.894
0.000576788	537.276
0.000579805	491.687
0.000582822	449.015
0.000585839	408.803
0.000588856	370.872
0.000591873	335.092
0.00059489	301.344
0.000597907	269.74
0.000600924	240.28
0.000603941	213.086
0.000606958	188.23
0.000609975	165.657
0.000612992	145.422
0.000616009	127.274
0.000619026	111.182
0.000622043	96.8159
0.00062506	84.0615
0.000628077	72.6436
0.000631094	62.4214
0.000634111	53.2393
0.000637128	44.9874
0.000640145	37.6058
0.000643162	31.0385
0.000646179	25.2566
0.000649196	20.2413
0.000652213	15.9435
0.00065523	12.3492
0.000658247	9.37726
0.000661264	6.99502
0.000664281	5.1067
0.000667298	3.65857
0.000670315	2.56401
0.000673332	1.76002
0.000676349	1.18348
0.000679366	0.776578
0.000682383	0.501213
0.0006854	0.313601
0.000688417	0.194504
0.000691434	0.115701
0.000694451	0.0691021
0.000697468	0.0358724
0.000700485	0.0224624
