0.000500379	3.87991e-91
0.000507922	1.3237e-87
0.000515465	5.29365e-87
0.000523008	1.43593e-83
0.00053055	5.80031e-83
0.000538093	1.2507e-79
0.000545636	5.10403e-79
0.000553179	8.74755e-76
0.000560721	3.60701e-75
0.000568264	4.91295e-72
0.000575807	2.0472e-71
0.00058335	2.21579e-68
0.000590892	9.33156e-68
0.000598435	8.02518e-65
0.000605978	3.41616e-64
0.000613521	2.33417e-61
0.000621063	1.00442e-60
0.000628606	5.45226e-58
0.000636149	2.37191e-57
0.000643692	1.02283e-54
0.000651234	4.49871e-54
0.000658777	1.54111e-51
0.00066632	6.85323e-51
0.000673862	1.86507e-48
0.000681405	8.38548e-48
0.000688948	1.81308e-45
0.000696491	8.24129e-45
0.000704033	1.41592e-42
0.000711576	6.50589e-42
0.000719119	8.88402e-40
0.000726662	4.12547e-39
0.000734204	4.4791e-37
0.000741747	2.1014e-36
0.00074929	1.81492e-34
0.000756833	8.59853e-34
0.000764375	5.9116e-32
0.000771918	2.82642e-31
0.000779461	1.54828e-29
0.000787004	7.46384e-29
0.000794546	3.26169e-27
0.000802089	1.58351e-26
0.000809632	5.5292e-25
0.000817175	2.69921e-24
0.000824717	7.54631e-23
0.00083226	3.69689e-22
0.000839803	8.29725e-21
0.000847345	4.06864e-20
0.000854888	7.3552e-19
0.000862431	3.59843e-18
0.000869974	5.26153e-17
0.000877516	2.55784e-16
0.000885059	3.04055e-15
0.000892602	1.46144e-14
0.000900145	1.42118e-13
0.000907687	6.71274e-13
0.00091523	5.38021e-12
0.000922773	2.47918e-11
0.000930316	1.65209e-10
0.000937858	7.36373e-10
0.000945401	4.12102e-09
0.000952944	1.75949e-08
0.000960487	8.36232e-08
0.000968029	3.38306e-07
0.000975572	1.3821e-06
0.000983115	5.23649e-06
0.000990658	1.86225e-05
0.0009982	6.52808e-05
0.00100574	0.000204666
0.00101329	0.000655834
0.00102083	0.0018347
0.00102837	0.00531338
0.00103591	0.0134084
0.00104346	0.034744
0.001051	0.0798115
0.00105854	0.183554
0.00106608	0.386424
0.00107363	0.784456
0.00108117	1.56396
0.00108871	2.80265
0.00109626	4.96081
0.0011038	8.04872
0.00111134	12.6051
0.00111888	18.5783
0.00112643	26.0115
0.00113397	34.8236
0.00114151	44.1534
0.00114906	53.9799
0.0011566	63.1377
0.00116414	71.698
0.00117168	79.5317
0.00117923	86.7119
0.00118677	94.4473
0.00119431	102.732
0.00120185	112.703
0.0012094	124.327
0.00121694	137.765
0.00122448	153.03
0.00123203	170.817
0.00123957	191.15
0.00124711	217.154
0.00125465	248.808
0.0012622	290.491
0.00126974	342.194
0.00127728	405.746
0.00128482	481.22
0.00129237	565.888
0.00129991	659.815
0.00130745	758.538
0.001315	861.949
0.00132254	969.027
0.00133008	1079.56
0.00133762	1197.15
0.00134517	1321.86
0.00135271	1455.88
0.00136025	1599.76
0.00136779	1747.31
0.00137534	1898.94
0.00138288	2042.66
0.00139042	2177.9
0.00139797	2298.6
0.00140551	2403.51
0.00141305	2499.3
0.00142059	2585.52
0.00142814	2673.58
0.00143568	2764.63
0.00144322	2861.05
0.00145076	2964.4
0.00145831	3064.68
0.00146585	3162.07
0.00147339	3244.21
0.00148094	3310.49
0.00148848	3350.6
0.00149602	3370.11
0.00150356	3372.17
0.00151111	3350.85
0.00151865	3313.57
0.00152619	3261.4
0.00153373	3197.73
0.00154128	3122.85
0.00154882	3040.53
0.00155636	2951.2
0.00156391	2857.8
0.00157145	2761.08
0.00157899	2661.15
0.00158653	2558.39
0.00159408	2451.37
0.00160162	2339.62
0.00160916	2223.94
0.0016167	2103.71
0.00162425	1983.01
0.00163179	1862.12
0.00163933	1745.39
0.00164688	1634.04
0.00165442	1529.2
0.00166196	1431.94
0.0016695	1339.99
0.00167705	1253.28
0.00168459	1169.21
0.00169213	1086.85
0.00169968	1005.94
0.00170722	925.829
0.00171476	848.217
0.0017223	773.315
0.00172985	702.689
0.00173739	637.014
0.00174493	576.485
0.00175247	521.569
0.00176002	471.297
0.00176756	425.62
0.0017751	383.3
0.00178265	343.884
0.00179019	306.69
0.00179773	271.236
0.00180527	237.625
0.00181282	205.681
0.00182036	175.86
0.0018279	148.311
0.00183544	123.292
0.00184299	101.017
0.00185053	81.3933
0.00185807	64.4875
0.00186562	50.0475
0.00187316	38.004
0.0018807	28.0886
0.00188824	20.189
0.00189579	14.0074
0.00190333	9.40004
0.00191087	6.04165
0.00191841	3.73365
0.00192596	2.20461
0.0019335	1.23387
0.00194104	0.67013
0.00194859	0.32866
0.00195613	0.168493
0.00196367	0.0753744
0.00197121	0.0346236
0.00197876	0.0142412
0.0019863	0.00578479
0.00199384	0.00203351
0.00200138	0.000783089
