0.000500379	1.2314e-36
0.000507084	6.39215e-35
0.000513789	2.51992e-34
0.000520493	1.10036e-32
0.000527198	4.34309e-32
0.000533903	1.58882e-30
0.000540607	6.30432e-30
0.000547312	1.93391e-28
0.000554017	7.7074e-28
0.000560721	1.98481e-26
0.000567426	7.93619e-26
0.000574131	1.71803e-24
0.000580835	6.88264e-24
0.00058754	1.25462e-22
0.000594244	5.02741e-22
0.000600949	7.73244e-21
0.000607654	3.09305e-20
0.000614358	4.02373e-19
0.000621063	1.60285e-18
0.000627768	1.76872e-17
0.000634472	6.99645e-17
0.000641177	6.57118e-16
0.000647882	2.57249e-15
0.000654586	2.06465e-14
0.000661291	7.9679e-14
0.000667995	5.48977e-13
0.0006747	2.07908e-12
0.000681405	1.23615e-11
0.000688109	4.57054e-11
0.000694814	2.35892e-10
0.000701519	8.46585e-10
0.000708223	3.81755e-09
0.000714928	1.32138e-08
0.000721633	5.24298e-08
0.000728337	1.73817e-07
0.000735042	6.1143e-07
0.000741746	1.92726e-06
0.000748451	6.05742e-06
0.000755156	1.80157e-05
0.00076186	5.09946e-05
0.000768565	0.000142012
0.00077527	0.000364834
0.000781974	0.000944255
0.000788679	0.0022179
0.000795384	0.00529766
0.000802088	0.0114527
0.000808793	0.0250889
0.000815497	0.050205
0.000822202	0.100343
0.000828907	0.191648
0.000835611	0.344499
0.000842316	0.607685
0.000849021	0.999605
0.000855725	1.60848
0.00086243	2.44036
0.000869135	3.58596
0.000875839	5.02367
0.000882544	6.76103
0.000889249	8.75268
0.000895953	10.8472
0.000902658	13.0122
0.000909362	14.9949
0.000916067	16.8198
0.000922772	18.3637
0.000929476	19.7092
0.000936181	21.0973
0.000942886	22.6123
0.00094959	24.8374
0.000956295	27.7941
0.000963	32.0744
0.000969704	37.6247
0.000976409	44.654
0.000983113	53.0823
0.000989818	62.6171
0.000996523	73.2151
0.00100323	84.3435
0.00100993	96.0188
0.00101664	107.89
0.00102334	120.001
0.00103005	132.39
0.00103675	145.087
0.00104346	158.368
0.00105016	172.253
0.00105686	187.116
0.00106357	203.01
0.00107027	220.762
0.00107698	240.468
0.00108368	264.06
0.00109039	291.607
0.00109709	326.105
0.0011038	367.526
0.0011105	418.56
0.00111721	479.098
0.00112391	549.632
0.00113062	630.063
0.00113732	718.012
0.00114402	813.466
0.00115073	912.747
0.00115743	1015.9
0.00116414	1120.9
0.00117084	1227.77
0.00117755	1338.01
0.00118425	1451.6
0.00119096	1572.2
0.00119766	1699.85
0.00120437	1836.02
0.00121107	1980.89
0.00121778	2129.63
0.00122448	2282.51
0.00123119	2428.67
0.00123789	2568.17
0.00124459	2689.91
0.0012513	2793.51
0.001258	2874.83
0.00126471	2933.23
0.00127141	2973.98
0.00127812	2996.94
0.00128482	3009.07
0.00129153	3014.56
0.00129823	3018.14
0.00130494	3020.11
0.00131164	3022.02
0.00131835	3024.24
0.00132505	3024.8
0.00133175	3024.68
0.00133846	3024.25
0.00134516	3022.19
0.00135187	3019.78
0.00135857	3017.51
0.00136528	3013.25
0.00137198	3007.35
0.00137869	2994.73
0.00138539	2975.12
0.0013921	2944.27
0.0013988	2901.31
0.00140551	2846.63
0.00141221	2779.56
0.00141891	2704.48
0.00142562	2621.59
0.00143232	2535.17
0.00143903	2446.04
0.00144573	2355.33
0.00145244	2263.64
0.00145914	2169.62
0.00146585	2073.15
0.00147255	1973.32
0.00147926	1869.65
0.00148596	1763.25
0.00149267	1653.95
0.00149937	1543.92
0.00150608	1433.49
0.00151278	1324.24
0.00151948	1216.58
0.00152619	1111.29
0.00153289	1008.54
0.0015396	909.232
0.0015463	813.427
0.00155301	722.548
0.00155971	636.861
0.00156642	557.628
0.00157312	485.319
0.00157983	420.276
0.00158653	362.854
0.00159324	312.527
0.00159994	269.346
0.00160664	232.444
0.00161335	201.68
0.00162005	176.081
0.00162676	155.46
0.00163346	138.608
0.00164017	125.232
0.00164687	113.98
0.00165358	104.341
0.00166028	95.3262
0.00166699	86.3329
0.00167369	77.1643
0.0016804	67.4387
0.0016871	57.6233
0.00169381	47.7422
0.00170051	38.3764
0.00170721	29.8235
0.00171392	22.3305
0.00172062	16.173
0.00172733	11.2184
0.00173403	7.53506
0.00174074	4.83187
0.00174744	2.99366
0.00175415	1.77668
0.00176085	1.00781
0.00176756	0.556223
0.00177426	0.281278
0.00178097	0.148684
0.00178767	0.069438
0.00179437	0.0337196
0.00180108	0.0146491
0.00180778	0.00647906
0.00181449	0.00263614
0.00182119	0.00105377
0.0018279	0.00037217
0.0018346	0.000144971
