3.33898e-05	0.779955
3.52334e-05	1.15511
3.70771e-05	1.7429
3.89207e-05	2.51723
4.07644e-05	3.5543
4.2608e-05	4.91146
4.44517e-05	6.632
4.62953e-05	8.77846
4.8139e-05	11.3712
4.99827e-05	14.4572
5.18263e-05	18.0384
5.367e-05	22.1314
5.55136e-05	26.7473
5.73573e-05	31.8858
5.92009e-05	37.6051
6.10446e-05	43.9381
6.28882e-05	51.007
6.47319e-05	58.9388
6.65755e-05	67.8887
6.84192e-05	78.0953
7.02628e-05	89.6736
7.21065e-05	102.905
7.39502e-05	117.794
7.57938e-05	134.527
7.76375e-05	152.985
7.94811e-05	173.13
8.13248e-05	194.777
8.31684e-05	217.647
8.50121e-05	241.586
8.68557e-05	266.188
8.86994e-05	291.417
9.0543e-05	316.948
9.23867e-05	342.908
9.42303e-05	369.262
9.6074e-05	396.302
9.79177e-05	424.44
9.97613e-05	454.089
0.000101605	486.176
0.000103449	521.159
0.000105292	560.424
0.000107136	604.372
0.00010898	654.64
0.000110823	711.483
0.000112667	776.464
0.000114511	849.657
0.000116354	932.229
0.000118198	1024.11
0.000120042	1125.88
0.000121885	1237.39
0.000123729	1358.65
0.000125572	1489.41
0.000127416	1629.14
0.00012926	1777.5
0.000131103	1933.32
0.000132947	2096.15
0.000134791	2263.98
0.000136634	2436.38
0.000138478	2610.52
0.000140322	2786.12
0.000142165	2960.11
0.000144009	3132.5
0.000145853	3300.94
0.000147696	3465.69
0.00014954	3625.98
0.000151384	3782.21
0.000153227	3935.35
0.000155071	4085.69
0.000156915	4235.3
0.000158758	4384.29
0.000160602	4534.82
0.000162446	4686.86
0.000164289	4841.99
0.000166133	5000.18
0.000167977	5162.45
0.00016982	5328.82
0.000171664	5500.14
0.000173507	5676.42
0.000175351	5858.45
0.000177195	6046.13
0.000179038	6239.58
0.000180882	6438.62
0.000182726	6641.8
0.000184569	6848.88
0.000186413	7056.34
0.000188257	7263.99
0.0001901	7466.56
0.000191944	7664
0.000193788	7850.36
0.000195631	8025.7
0.000197475	8184.76
0.000199319	8327.64
0.000201162	8450.88
0.000203006	8554.61
0.00020485	8637.82
0.000206693	8700.62
0.000208537	8745.61
0.000210381	8772.54
0.000212224	8775.52
0.000214068	8770.13
0.000215912	8756.78
0.000217755	8724.73
0.000219599	8682.46
0.000221442	8630.01
0.000223286	8565.3
0.00022513	8488.38
0.000226973	8395.83
0.000228817	8287.66
0.000230661	8160.8
0.000232504	8015.17
0.000234348	7850.71
0.000236192	7667.23
0.000238035	7468.97
0.000239879	7255.74
0.000241723	7035.09
0.000243566	6807
0.00024541	6579.62
0.000247254	6353.15
0.000249097	6133.39
0.000250941	5920.72
0.000252785	5716.91
0.000254628	5522.35
0.000256472	5335.01
0.000258316	5155.12
0.000260159	4978.55
0.000262003	4805.24
0.000263847	4631.14
0.00026569	4455.95
0.000267534	4277.32
0.000269377	4094.86
0.000271221	3908.59
0.000273065	3718.2
0.000274908	3525.77
0.000276752	3331.19
0.000278596	3137.7
0.000280439	2945.41
0.000282283	2757.64
0.000284127	2574.67
0.00028597	2399.06
0.000287814	2231.17
0.000289658	2072.39
0.000291501	1923.04
0.000293345	1783.39
0.000295189	1653.65
0.000297032	1533.23
0.000298876	1422.2
0.00030072	1319.48
0.000302563	1225.04
0.000304407	1137.61
0.000306251	1057.06
0.000308094	982.246
0.000309938	912.96
0.000311782	848.358
0.000313625	788.228
0.000315469	732.103
0.000317312	679.821
0.000319156	631.235
0.000321	586.272
0.000322843	544.898
0.000324687	507.134
0.000326531	472.772
0.000328374	441.871
0.000330218	413.843
0.000332062	388.677
0.000333905	365.429
0.000335749	343.929
0.000337593	323.164
0.000339436	302.804
0.00034128	282.186
0.000343124	260.934
0.000344967	239.019
0.000346811	216.2
0.000348655	193.035
0.000350498	169.548
0.000352342	146.55
0.000354186	124.311
0.000356029	103.493
0.000357873	84.4622
0.000359717	67.4884
0.00036156	52.8551
0.000363404	40.4397
0.000365247	30.3364
0.000367091	22.1945
0.000368935	15.9233
0.000370778	11.1335
0.000372622	7.62778
0.000374466	5.09776
0.000376309	3.32945
0.000378153	2.12868
0.000379997	1.3225
0.00038184	0.810194
0.000383684	0.477488
0.000385528	0.280978
0.000387371	0.156308
0.000389215	0.0887976
0.000391059	0.0462744
0.000392902	0.0255853
0.000394746	0.0127274
0.00039659	0.00670819
0.000398433	0.00287715
0.000400277	0.00160013
