0.000166815	8.04199
0.000171844	9.71618
0.000176872	11.4221
0.000181901	13.1978
0.000186929	14.9322
0.000191958	16.5447
0.000196986	17.963
0.000202014	19.1396
0.000207043	19.8949
0.000212071	20.1656
0.0002171	20.2615
0.000222128	19.9058
0.000227157	19.0624
0.000232185	17.9568
0.000237214	16.6211
0.000242242	15.1571
0.00024727	13.6575
0.000252299	12.2649
0.000257327	11.061
0.000262356	10.1896
0.000267384	9.75104
0.000272413	9.94717
0.000277441	10.6415
0.000282469	12.0507
0.000287498	14.4149
0.000292526	17.6296
0.000297555	21.7506
0.000302583	26.8495
0.000307612	32.8645
0.00031264	39.7645
0.000317669	47.435
0.000322697	55.7001
0.000327725	64.4208
0.000332754	73.2765
0.000337782	82.1531
0.000342811	90.6578
0.000347839	98.7532
0.000352868	106.114
0.000357896	112.807
0.000362924	118.733
0.000367953	124.05
0.000372981	128.99
0.00037801	133.754
0.000383038	138.902
0.000388067	144.617
0.000393095	151.662
0.000398123	160.161
0.000403152	170.895
0.00040818	183.911
0.000413209	199.84
0.000418237	218.675
0.000423266	240.806
0.000428294	266.202
0.000433323	295.031
0.000438351	327.265
0.000443379	362.928
0.000448408	402.007
0.000453436	444.472
0.000458465	490.317
0.000463493	539.505
0.000468522	592.027
0.00047355	647.828
0.000478578	706.885
0.000483607	769.084
0.000488635	834.396
0.000493664	902.622
0.000498692	973.739
0.000503721	1047.49
0.000508749	1123.87
0.000513778	1202.62
0.000518806	1283.74
0.000523834	1367
0.000528863	1452.39
0.000533891	1539.6
0.00053892	1628.58
0.000543948	1718.78
0.000548977	1810.12
0.000554005	1901.58
0.000559033	1993.11
0.000564062	2083.28
0.00056909	2172.05
0.000574119	2257.91
0.000579147	2340.88
0.000584176	2419.79
0.000589204	2494.71
0.000594233	2565.19
0.000599261	2631.31
0.000604289	2693.37
0.000609318	2751.39
0.000614346	2806.04
0.000619375	2857.32
0.000624403	2905.72
0.000629432	2951.22
0.00063446	2993.77
0.000639488	3033.36
0.000644517	3069.4
0.000649545	3101.89
0.000654574	3130.09
0.000659602	3154.02
0.000664631	3173.18
0.000669659	3187.58
0.000674688	3197.26
0.000679716	3202.2
0.000684744	3202.38
0.000689773	3198.44
0.000694801	3190.45
0.00069983	3178.33
0.000704858	3162.36
0.000709887	3142.55
0.000714915	3118.91
0.000719943	3091.45
0.000724972	3060.2
0.00073	3025.15
0.000735029	2986.57
0.000740057	2944.44
0.000745086	2899.22
0.000750114	2850.93
0.000755143	2800.02
0.000760171	2746.52
0.000765199	2690.59
0.000770228	2632.28
0.000775256	2571.27
0.000780285	2507.61
0.000785313	2440.62
0.000790342	2370.3
0.00079537	2296.03
0.000800398	2217.73
0.000805427	2135.35
0.000810455	2048.76
0.000815484	1958.9
0.000820512	1865.65
0.000825541	1770.92
0.000830569	1674.69
0.000835598	1579.39
0.000840626	1485.16
0.000845654	1394.21
0.000850683	1306.81
0.000855711	1224.24
0.00086074	1146.82
0.000865768	1074.63
0.000870797	1007.88
0.000875825	945.626
0.000880853	887.902
0.000885882	833.266
0.00089091	781.581
0.000895939	731.547
0.000900967	682.912
0.000905996	634.992
0.000911024	587.531
0.000916052	540.621
0.000921081	494.106
0.000926109	448.705
0.000931138	404.422
0.000936166	362.256
0.000941195	322.367
0.000946223	285.626
0.000951252	252.283
0.00095628	222.762
0.000961308	197.304
0.000966337	175.745
0.000971365	158.221
0.000976394	144.052
0.000981422	133.208
0.000986451	124.733
0.000991479	118.432
0.000996507	113.365
0.00100154	109.234
0.00100656	105.355
0.00101159	101.421
0.00101662	97.1131
0.00102165	92.2005
0.00102668	86.6985
0.00103171	80.5038
0.00103673	73.845
0.00104176	66.7434
0.00104679	59.4956
0.00105182	52.2073
0.00105685	45.1268
0.00106188	38.388
0.00106691	32.1319
0.00107193	26.4713
0.00107696	21.4355
0.00108199	17.0874
0.00108702	13.3755
0.00109205	10.3079
0.00109708	7.7944
0.0011021	5.80129
0.00110713	4.23532
0.00111216	3.04094
0.00111719	2.14272
0.00112222	1.4821
0.00112725	1.00784
0.00113228	0.670501
0.0011373	0.440132
0.00114233	0.281102
0.00114736	0.178243
0.00115239	0.109039
0.00115742	0.0668679
0.00116245	0.0365249
0.00116747	0.0232173
