0.000500379	8.797e-32
0.000507084	2.3427e-30
0.000513789	9.10689e-30
0.000520493	2.10111e-28
0.000527198	8.11732e-28
0.000533903	1.60929e-26
0.000540607	6.22968e-26
0.000547312	1.06272e-24
0.000554017	4.11655e-24
0.000560721	6.05213e-23
0.000567426	2.34219e-22
0.000574131	2.97329e-21
0.000580835	1.14746e-20
0.00058754	1.26052e-19
0.000594244	4.84052e-19
0.000600949	4.6132e-18
0.000607654	1.7583e-17
0.000614358	1.45807e-16
0.000621063	5.49987e-16
0.000627768	3.98174e-15
0.000634472	1.48146e-14
0.000641177	9.39919e-14
0.000647882	3.43654e-13
0.000654586	1.91888e-12
0.000661291	6.86549e-12
0.000667995	3.3897e-11
0.0006747	1.18133e-10
0.000681405	5.18382e-10
0.000688109	1.75085e-09
0.000694814	6.86617e-09
0.000701519	2.23536e-08
0.000708223	7.88016e-08
0.000714928	2.45877e-07
0.000721633	7.83896e-07
0.000728337	2.33033e-06
0.000735042	6.76065e-06
0.000741746	1.90332e-05
0.000748451	5.05566e-05
0.000755156	0.000133992
0.00076186	0.000327809
0.000768565	0.00081324
0.00077527	0.00184268
0.000781974	0.0042563
0.000788679	0.00897711
0.000795384	0.0192151
0.000802088	0.0378868
0.000808793	0.0748495
0.000815497	0.141409
0.000822202	0.254736
0.000828907	0.450957
0.000835611	0.74983
0.000842316	1.22665
0.000849021	1.89801
0.000855725	2.86819
0.00086243	4.13422
0.000869135	5.77454
0.000875839	7.75257
0.000882544	10.0225
0.000889249	12.5223
0.000895953	15.0107
0.000902658	17.4366
0.000909362	19.4902
0.000916067	21.0646
0.000922772	21.5864
0.000929476	21.7899
0.000936181	21.4521
0.000942886	20.2154
0.00094959	18.8498
0.000956295	17.3796
0.000963	16.5799
0.000969704	16.2322
0.000976409	16.6368
0.000983113	18.8079
0.000989818	22.4931
0.000996523	27.7562
0.00100323	34.8036
0.00100993	43.6026
0.00101664	54.0605
0.00102334	66.174
0.00103005	79.8099
0.00103675	95.0061
0.00104346	111.932
0.00105016	130.649
0.00105686	151.876
0.00106357	175.661
0.00107027	203.188
0.00107698	234.466
0.00108368	270.757
0.00109039	312.043
0.00109709	359.31
0.0011038	412.54
0.0011105	472.437
0.00111721	538.996
0.00112391	612.875
0.00113062	694.066
0.00113732	783.197
0.00114402	880.247
0.00115073	985.218
0.00115743	1098.09
0.00116414	1217.24
0.00117084	1342.67
0.00117755	1470.49
0.00118425	1600.76
0.00119096	1727.83
0.00119766	1851.75
0.00120437	1966.78
0.00121107	2072.9
0.00121778	2166.33
0.00122448	2246.93
0.00123119	2314.42
0.00123789	2368.58
0.00124459	2413.06
0.0012513	2447.69
0.001258	2479.04
0.00126471	2507.09
0.00127141	2538.66
0.00127812	2574
0.00128482	2616.79
0.00129153	2667.5
0.00129823	2724.7
0.00130494	2788.79
0.00131164	2854.4
0.00131835	2921.52
0.00132505	2984.41
0.00133175	3042.67
0.00133846	3093.28
0.00134516	3135.82
0.00135187	3170.09
0.00135857	3196.23
0.00136528	3212.39
0.00137198	3220.55
0.00137869	3221.22
0.00138539	3209.28
0.0013921	3184.03
0.0013988	3145.85
0.00140551	3092.96
0.00141221	3024.83
0.00141891	2942.99
0.00142562	2847.19
0.00143232	2740.6
0.00143903	2623.35
0.00144573	2498.73
0.00145244	2367.01
0.00145914	2231.43
0.00146585	2092.22
0.00147255	1952.97
0.00147926	1814.08
0.00148596	1679
0.00149267	1548.39
0.00149937	1424.4
0.00150608	1307.71
0.00151278	1198.77
0.00151948	1097.94
0.00152619	1004.74
0.00153289	919.214
0.0015396	840.661
0.0015463	769.059
0.00155301	703.4
0.00155971	643.64
0.00156642	588.243
0.00157312	536.942
0.00157983	488.201
0.00158653	441.465
0.00159324	396.164
0.00159994	351.763
0.00160664	308.993
0.00161335	267.749
0.00162005	229.362
0.00162676	194.23
0.00163346	163.196
0.00164017	136.829
0.00164687	114.899
0.00165358	97.7022
0.00166028	84.1439
0.00166699	74.0384
0.00167369	66.1092
0.0016804	59.813
0.0016871	54.3201
0.00169381	49.054
0.00170051	43.8401
0.00170721	38.3537
0.00171392	32.8503
0.00172062	27.3246
0.00172733	22.0826
0.00173403	17.2957
0.00174074	13.0839
0.00174744	9.60053
0.00175415	6.77454
0.00176085	4.64067
0.00176756	3.0526
0.00177426	1.94483
0.00178097	1.19455
0.00178767	0.704178
0.00179437	0.40552
0.00180108	0.218179
0.00180778	0.119462
0.00181449	0.0587847
0.00182119	0.030499
0.0018279	0.0126759
0.0018346	0.00673492
