3.33898e-05	18.5938
3.52334e-05	19.7484
3.70771e-05	20.8537
3.89207e-05	21.9201
4.07644e-05	22.9179
4.2608e-05	23.798
4.44517e-05	24.6216
4.62953e-05	25.4051
4.8139e-05	26.2467
4.99827e-05	27.233
5.18263e-05	28.4628
5.367e-05	30.0661
5.55136e-05	32.1131
5.73573e-05	34.7338
5.92009e-05	37.9624
6.10446e-05	41.8937
6.28882e-05	46.5413
6.47319e-05	51.9584
6.65755e-05	58.1611
6.84192e-05	65.1848
7.02628e-05	73.0591
7.21065e-05	81.8333
7.39502e-05	91.5378
7.57938e-05	102.244
7.76375e-05	113.952
7.94811e-05	126.718
8.13248e-05	140.484
8.31684e-05	155.223
8.50121e-05	170.82
8.68557e-05	187.105
8.86994e-05	203.953
9.0543e-05	221.063
9.23867e-05	238.369
9.42303e-05	255.558
9.6074e-05	272.689
9.79177e-05	289.628
9.97613e-05	306.574
0.000101605	323.757
0.000103449	341.47
0.000105292	360.377
0.000107136	380.777
0.00010898	403.665
0.000110823	429.26
0.000112667	458.647
0.000114511	491.914
0.000116354	529.955
0.000118198	572.731
0.000120042	620.736
0.000121885	673.85
0.000123729	732.106
0.000125572	795.363
0.000127416	863.277
0.00012926	935.732
0.000131103	1012.18
0.000132947	1092.53
0.000134791	1176.19
0.000136634	1263.1
0.000138478	1352.65
0.000140322	1444.77
0.000142165	1538.8
0.000144009	1634.62
0.000145853	1731.4
0.000147696	1829.03
0.00014954	1926.5
0.000151384	2023.77
0.000153227	2119.86
0.000155071	2214.84
0.000156915	2308.19
0.000158758	2400.06
0.000160602	2490.73
0.000162446	2580.36
0.000164289	2670.01
0.000166133	2759.77
0.000167977	2851
0.00016982	2943.63
0.000171664	3038.55
0.000173507	3135.57
0.000175351	3234.38
0.000177195	3334.77
0.000179038	3435.01
0.000180882	3534.94
0.000182726	3631.81
0.000184569	3725.57
0.000186413	3813.27
0.000188257	3894.97
0.0001901	3968.42
0.000191944	4033.74
0.000193788	4089.96
0.000195631	4137.19
0.000197475	4175.81
0.000199319	4205.89
0.000201162	4228.85
0.000203006	4244.64
0.00020485	4254.26
0.000206693	4258.95
0.000208537	4258.92
0.000210381	4254.75
0.000212224	4246.72
0.000214068	4234.83
0.000215912	4218.82
0.000217755	4198.68
0.000219599	4173.48
0.000221442	4143.21
0.000223286	4106.6
0.00022513	4063.66
0.000226973	4013.29
0.000228817	3955.48
0.000230661	3889.77
0.000232504	3816.12
0.000234348	3735.08
0.000236192	3646.58
0.000238035	3552.19
0.000239879	3451.86
0.000241723	3347.88
0.000243566	3240.24
0.00024541	3131.37
0.000247254	3021.3
0.000249097	2912.02
0.000250941	2803.59
0.000252785	2697.12
0.000254628	2592.7
0.000256472	2490.55
0.000258316	2390.72
0.000260159	2292.87
0.000262003	2197.01
0.000263847	2102.72
0.00026569	2009.96
0.000267534	1918.66
0.000269377	1828.77
0.000271221	1740.67
0.000273065	1654.34
0.000274908	1570.41
0.000276752	1488.92
0.000278596	1410.41
0.000280439	1334.96
0.000282283	1262.76
0.000284127	1193.87
0.00028597	1128.08
0.000287814	1065.45
0.000289658	1005.51
0.000291501	948.253
0.000293345	893.216
0.000295189	840.342
0.000297032	789.279
0.000298876	739.962
0.00030072	692.183
0.000302563	645.885
0.000304407	601.004
0.000306251	557.493
0.000308094	515.454
0.000309938	474.854
0.000311782	435.975
0.000313625	398.818
0.000315469	363.786
0.000317312	330.938
0.000319156	300.649
0.000321	273.03
0.000322843	248.253
0.000324687	226.436
0.000326531	207.429
0.000328374	191.301
0.000330218	177.589
0.000332062	166.265
0.000333905	156.69
0.000335749	148.73
0.000337593	141.757
0.000339436	135.572
0.00034128	129.709
0.000343124	123.963
0.000344967	118.104
0.000346811	111.975
0.000348655	105.556
0.000350498	98.771
0.000352342	91.7336
0.000354186	84.444
0.000356029	77.0666
0.000357873	69.6527
0.000359717	62.3565
0.00036156	55.2505
0.000363404	48.4486
0.000365247	42.0209
0.000367091	36.0327
0.000368935	30.5386
0.000370778	25.558
0.000372622	21.1239
0.000374466	17.2172
0.000376309	13.8471
0.000378153	10.9674
0.000379997	8.56437
0.00038184	6.57817
0.000383684	4.97701
0.000385528	3.70084
0.000387371	2.70738
0.000389215	1.94647
0.000391059	1.37413
0.000392902	0.954458
0.000394746	0.648955
0.00039659	0.435386
0.000398433	0.27627
0.000400277	0.184443
