0.000500379	5.52336e-246
0.000510437	4.42248e-238
0.000520494	1.76899e-237
0.000530551	9.9377e-230
0.000540608	4.01575e-229
0.000550665	1.58254e-221
0.000560722	6.46134e-221
0.000570779	1.78595e-213
0.000580836	7.36879e-213
0.000590893	1.42833e-205
0.00060095	5.95642e-205
0.000611007	8.09528e-198
0.000621064	3.41264e-197
0.000631121	3.25144e-190
0.000641178	1.38584e-189
0.000651235	9.2546e-183
0.000661292	3.98886e-182
0.000671349	1.86671e-175
0.000681406	8.13768e-175
0.000691463	2.66827e-168
0.00070152	1.17671e-167
0.000711577	2.7028e-161
0.000721634	1.20601e-160
0.000731691	1.94012e-154
0.000741748	8.76084e-154
0.000751806	9.86892e-148
0.000761863	4.51083e-147
0.00077192	3.55742e-141
0.000781977	1.64619e-140
0.000792034	9.08704e-135
0.000802091	4.25813e-134
0.000812148	1.64486e-128
0.000822205	7.80676e-128
0.000832262	2.10985e-122
0.000842319	1.01446e-121
0.000852376	1.91773e-116
0.000862433	9.34359e-116
0.00087249	1.23519e-110
0.000882547	6.09964e-110
0.000892604	5.63751e-105
0.000902661	2.82232e-104
0.000912718	1.82324e-99
0.000922775	9.25597e-99
0.000932832	4.17834e-94
0.000942889	2.15154e-93
0.000952946	6.78519e-89
0.000963003	3.54476e-88
0.00097306	7.80756e-84
0.000983117	4.13939e-83
0.000993175	6.36592e-79
0.00100323	3.42608e-78
0.00101329	3.67789e-74
0.00102335	2.00988e-73
0.0010334	1.50566e-69
0.00104346	8.35703e-69
0.00105352	4.3676e-65
0.00106357	2.4629e-64
0.00107363	8.9774e-61
0.00108369	5.1446e-60
0.00109374	1.30754e-56
0.0011038	7.61675e-56
0.00111386	1.34946e-52
0.00112392	7.99283e-52
0.00113397	9.86928e-49
0.00114403	5.94492e-48
0.00115409	5.11505e-45
0.00116414	3.13407e-44
0.0011742	1.87883e-41
0.00118426	1.17109e-40
0.00119432	4.89164e-38
0.00120437	3.10172e-37
0.00121443	9.02877e-35
0.00122449	5.823e-34
0.00123454	1.18175e-31
0.0012446	7.74888e-31
0.00125466	1.0973e-28
0.00126471	7.30963e-28
0.00127477	7.23222e-26
0.00128483	4.88813e-25
0.00129489	3.38638e-23
0.00130494	2.31749e-22
0.001315	1.12781e-20
0.00132506	7.79067e-20
0.00133511	2.67614e-18
0.00134517	1.85735e-17
0.00135523	4.5349e-16
0.00136529	3.14112e-15
0.00137534	5.5052e-14
0.0013854	3.76976e-13
0.00139546	4.80705e-12
0.00140551	3.21229e-11
0.00141557	3.03407e-10
0.00142563	1.94502e-09
0.00143568	1.39196e-08
0.00144574	8.3776e-08
0.0014558	4.66788e-07
0.00146586	2.57091e-06
0.00147591	1.14973e-05
0.00148597	5.63362e-05
0.00149603	0.000208659
0.00150608	0.000884251
0.00151614	0.00279343
0.0015262	0.00998478
0.00153625	0.0275706
0.00154631	0.0816017
0.00155637	0.200395
0.00156643	0.486757
0.00157648	1.0838
0.00158654	2.18253
0.0015966	4.34534
0.00160665	7.56032
0.00161671	12.5696
0.00162677	19.397
0.00163683	28.3089
0.00164688	39.3197
0.00165694	52.469
0.001667	67.707
0.00167705	85.7564
0.00168711	106.546
0.00169717	131.648
0.00170722	161.005
0.00171728	196.851
0.00172734	239.118
0.0017374	291.041
0.00174745	352.759
0.00175751	426.917
0.00176757	514.291
0.00177762	611.535
0.00178768	719.612
0.00179774	826.882
0.00180779	932.554
0.00181785	1028.51
0.00182791	1111.76
0.00183797	1193.24
0.00184802	1271.69
0.00185808	1368.28
0.00186814	1486.36
0.00187819	1631.1
0.00188825	1806.55
0.00189831	1996.54
0.00190837	2201.16
0.00191842	2400.65
0.00192848	2592.31
0.00193854	2763.93
0.00194859	2912.78
0.00195865	3034.13
0.00196871	3125.68
0.00197876	3190.88
0.00198882	3231.64
0.00199888	3241.66
0.00200894	3237.6
0.00201899	3227.45
0.00202905	3198.15
0.00203911	3154.17
0.00204916	3099.12
0.00205922	3028.75
0.00206928	2942.42
0.00207933	2839.02
0.00208939	2717.43
0.00209945	2580.31
0.00210951	2427.11
0.00211956	2263.8
0.00212962	2090.99
0.00213968	1916.26
0.00214973	1741.87
0.00215979	1572.63
0.00216985	1411.34
0.00217991	1257.34
0.00218996	1110.98
0.00220002	971.884
0.00221008	838.933
0.00222013	716.072
0.00223019	604.477
0.00224025	506.567
0.0022503	424.547
0.00226036	356.106
0.00227042	301.388
0.00228048	256.953
0.00229053	221.611
0.00230059	192.419
0.00231065	167.879
0.0023207	145.776
0.00233076	124.274
0.00234082	103.413
0.00235088	82.2384
0.00236093	62.4366
0.00237099	44.7236
0.00238105	29.849
0.0023911	18.8143
0.00240116	10.8223
0.00241122	5.7962
0.00242127	2.91402
0.00243133	1.28566
0.00244139	0.576548
0.00245145	0.224032
0.0024615	0.0825803
0.00247156	0.0289213
0.00248162	0.00851182
0.00249167	0.00259965
0.00250173	0.000628924
