0.000500379	8.31589e-68
0.000507922	4.13211e-65
0.000515465	1.65035e-64
0.000523008	6.7318e-62
0.00053055	2.71349e-61
0.000538093	9.08108e-59
0.000545636	3.69628e-58
0.000553179	1.01489e-55
0.000560721	4.17145e-55
0.000568264	9.39706e-53
0.000575807	3.90027e-52
0.00058335	7.20892e-50
0.000590892	3.02126e-49
0.000598435	4.58223e-47
0.000605978	1.93895e-46
0.000613521	2.41344e-44
0.000621063	1.03094e-43
0.000628606	1.05338e-41
0.000636149	4.5414e-41
0.000643692	3.81029e-39
0.000651234	1.65743e-38
0.000658777	1.14239e-36
0.00066632	5.01157e-36
0.000673862	2.8393e-34
0.000681405	1.25547e-33
0.000688948	5.85098e-32
0.000696491	2.60579e-31
0.000704033	9.99917e-30
0.000711576	4.48101e-29
0.000719119	1.41753e-27
0.000726662	6.38443e-27
0.000734204	1.66754e-25
0.000741747	7.53678e-25
0.00074929	1.62841e-23
0.000756833	7.37186e-23
0.000764375	1.32068e-21
0.000771918	5.9746e-21
0.000779461	8.90058e-20
0.000787004	4.01233e-19
0.000794546	4.98774e-18
0.000802089	2.23286e-17
0.000809632	2.32579e-16
0.000817175	1.02974e-15
0.000824717	9.03184e-15
0.00083226	3.9358e-14
0.000839803	2.92355e-13
0.000847345	1.24686e-12
0.000854888	7.89564e-12
0.000862431	3.27441e-11
0.000869974	1.78087e-10
0.000877516	7.12935e-10
0.000885059	3.3578e-09
0.000892602	1.28724e-08
0.000900145	5.29708e-08
0.000907687	1.92784e-07
0.00091523	6.99678e-07
0.000922773	2.3957e-06
0.000930316	7.74247e-06
0.000937858	2.47137e-05
0.000945401	7.18003e-05
0.000952944	0.000211754
0.000960487	0.000558073
0.000968029	0.00150816
0.000975572	0.00363534
0.000983115	0.00893751
0.000990658	0.0198438
0.0009982	0.04413
0.00100574	0.0907609
0.00101329	0.181887
0.00102083	0.355809
0.00102837	0.64053
0.00103591	1.14673
0.00104346	1.89138
0.001051	3.0645
0.00105854	4.66954
0.00106608	6.89807
0.00107363	9.73215
0.00108117	13.2235
0.00108871	17.3425
0.00109626	21.9088
0.0011038	26.9056
0.00111134	32.0193
0.00111888	37.2609
0.00112643	42.4361
0.00113397	47.5744
0.00114151	52.7992
0.00114906	58.1367
0.0011566	64.0272
0.00116414	70.4791
0.00117168	78.0619
0.00117923	86.7637
0.00118677	96.9731
0.00119431	108.67
0.00120185	121.821
0.0012094	136.422
0.00121694	152.303
0.00122448	169.487
0.00123203	188.702
0.00123957	209.965
0.00124711	235.844
0.00125465	266.323
0.0012622	305.266
0.00126974	352.653
0.00127728	411.58
0.00128482	482.072
0.00129237	564.821
0.00129991	659.884
0.00130745	765.893
0.001315	882.896
0.00132254	1008.64
0.00133008	1143.21
0.00133762	1283.02
0.00134517	1428.27
0.00135271	1572.37
0.00136025	1715.45
0.00136779	1848.74
0.00137534	1971.96
0.00138288	2079.41
0.00139042	2170.32
0.00139797	2247.4
0.00140551	2309.97
0.00141305	2367.87
0.00142059	2421.24
0.00142814	2479.33
0.00143568	2543.08
0.00144322	2614.46
0.00145076	2694.42
0.00145831	2778.01
0.00146585	2865.45
0.00147339	2949.84
0.00148094	3030.76
0.00148848	3103.03
0.00149602	3166.09
0.00150356	3217.36
0.00151111	3257.22
0.00151865	3279.29
0.00152619	3289.47
0.00153373	3290.32
0.00154128	3273.09
0.00154882	3241.02
0.00155636	3195.5
0.00156391	3135.19
0.00157145	3059.86
0.00157899	2970.18
0.00158653	2865.75
0.00159408	2749.57
0.00160162	2621.54
0.00160916	2486.29
0.0016167	2344.36
0.00162425	2199.88
0.00163179	2053.7
0.00163933	1908.35
0.00164688	1764.46
0.00165442	1623.55
0.00166196	1485.92
0.0016695	1353.21
0.00167705	1225.67
0.00168459	1105.22
0.00169213	992.347
0.00169968	888.368
0.00170722	793.948
0.00171476	708.83
0.0017223	633.415
0.00172985	566.09
0.00173739	506.642
0.00174493	453.374
0.00175247	405.68
0.00176002	362.715
0.00176756	324.036
0.0017751	289.319
0.00178265	258.462
0.00179019	230.862
0.00179773	206.418
0.00180527	184.226
0.00181282	163.921
0.00182036	144.934
0.0018279	126.833
0.00183544	109.697
0.00184299	93.3468
0.00185053	78.2101
0.00185807	64.4085
0.00186562	52.2934
0.00187316	42.1101
0.0018807	33.9104
0.00188824	27.8787
0.00189579	23.7277
0.00190333	21.2535
0.00191087	20.4958
0.00191841	20.6754
0.00192596	20.9746
0.0019335	21.3581
0.00194104	21.5828
0.00194859	21.0436
0.00195613	19.7517
0.00196367	17.7692
0.00197121	15.3539
0.00197876	12.6733
0.0019863	9.97622
0.00199384	7.58624
0.00200138	5.39256
