0.000500379	1.67835e-56
0.000507084	3.38894e-54
0.000513789	1.35054e-53
0.000520493	2.27247e-51
0.000527198	9.12743e-51
0.000533903	1.27834e-48
0.000540607	5.18092e-48
0.000547312	6.04053e-46
0.000554017	2.46993e-45
0.000560721	2.39778e-43
0.000567426	9.88978e-43
0.000574131	7.99624e-41
0.000580835	3.32594e-40
0.00058754	2.24052e-38
0.000594244	9.39451e-38
0.000600949	5.27532e-36
0.000607654	2.22879e-35
0.000614358	1.04388e-33
0.000621063	4.44124e-33
0.000627768	1.73633e-31
0.000634472	7.43342e-31
0.000641177	2.4282e-29
0.000647882	1.04503e-28
0.000654586	2.85574e-27
0.000661291	1.23406e-26
0.000667995	2.82532e-25
0.0006747	1.22413e-24
0.000681405	2.35226e-23
0.000688109	1.02002e-22
0.000694814	1.64876e-21
0.000701519	7.14017e-21
0.000708223	9.73415e-20
0.000714928	4.19901e-19
0.000721633	4.84341e-18
0.000728337	2.0747e-17
0.000735042	2.03234e-16
0.000741746	8.61328e-16
0.000748451	7.19683e-15
0.000755156	3.00494e-14
0.00076186	2.15242e-13
0.000768565	8.81075e-13
0.00077527	5.44144e-12
0.000781974	2.17157e-11
0.000788679	1.16379e-10
0.000795384	4.49994e-10
0.000802088	2.10759e-09
0.000808793	7.842e-09
0.000815497	3.2345e-08
0.000822202	1.14968e-07
0.000828907	4.20988e-07
0.000835611	1.41854e-06
0.000842316	4.65013e-06
0.000849021	1.47382e-05
0.000855725	4.36149e-05
0.00086243	0.00012903
0.000869135	0.000347516
0.000875839	0.000952702
0.000882544	0.00235317
0.000889249	0.00593945
0.000895953	0.013547
0.000902658	0.0313124
0.000909362	0.0663407
0.000916067	0.139877
0.000922772	0.276731
0.000929476	0.5311
0.000936181	1.00981
0.000942886	1.75929
0.00094959	3.05529
0.000956295	4.94829
0.000963	7.89502
0.000969704	11.9273
0.000976409	17.5928
0.000983113	24.8781
0.000989818	34.1817
0.000996523	45.4433
0.00100323	58.6446
0.00100993	73.7091
0.00101664	90.1056
0.00102334	107.784
0.00103005	125.885
0.00103675	144.419
0.00104346	162.651
0.00105016	180.658
0.00105686	198.439
0.00106357	216.109
0.00107027	234.847
0.00107698	254.745
0.00108368	278.037
0.00109039	304.747
0.00109709	337.424
0.0011038	376.036
0.0011105	422.624
0.00111721	477.137
0.00112391	540.646
0.00113062	613.102
0.00113732	694.391
0.00114402	784.484
0.00115073	882.016
0.00115743	986.986
0.00116414	1097.13
0.00117084	1212.46
0.00117755	1330.56
0.00118425	1451.45
0.00119096	1573.16
0.00119766	1695.69
0.00120437	1817.9
0.00121107	1939.76
0.00121778	2061.48
0.00122448	2183.02
0.00123119	2306.06
0.00123789	2430.61
0.00124459	2558.11
0.0012513	2688.75
0.001258	2820.51
0.00126471	2953.73
0.00127141	3081.42
0.00127812	3203.74
0.00128482	3311.5
0.00129153	3404.39
0.00129823	3477.29
0.00130494	3531.2
0.00131164	3549.98
0.00131835	3555.61
0.00132505	3553.43
0.00133175	3524.4
0.00133846	3484.99
0.00134516	3437.27
0.00135187	3385.1
0.00135857	3329.03
0.00136528	3271.42
0.00137198	3212.84
0.00137869	3152.36
0.00138539	3090.31
0.0013921	3023.5
0.0013988	2951.84
0.00140551	2871.95
0.00141221	2783.36
0.00141891	2684.61
0.00142562	2575.07
0.00143232	2456.32
0.00143903	2327.92
0.00144573	2194.34
0.00145244	2055.64
0.00145914	1917.58
0.00146585	1780.89
0.00147255	1649.99
0.00147926	1525.99
0.00148596	1409.99
0.00149267	1302.81
0.00149937	1202.57
0.00150608	1109.28
0.00151278	1020.58
0.00151948	935.838
0.00152619	854.356
0.00153289	775.579
0.0015396	700.524
0.0015463	629.184
0.00155301	562.819
0.00155971	501.819
0.00156642	446.564
0.00157312	397.403
0.00157983	353.779
0.00158653	315.784
0.00159324	282.337
0.00159994	253.29
0.00160664	227.384
0.00161335	204.28
0.00162005	182.891
0.00162676	162.748
0.00163346	143.378
0.00164017	124.369
0.00164687	106.014
0.00165358	88.2015
0.00166028	71.5977
0.00166699	56.4225
0.00167369	43.1139
0.0016804	31.9846
0.0016871	22.9922
0.00169381	16.2773
0.00170051	11.5121
0.00170721	8.40102
0.00171392	7.38198
0.00172062	7.7239
0.00172733	8.65038
0.00173403	10.9429
0.00174074	14.2366
0.00174744	18.144
0.00175415	22.3398
0.00176085	26.6271
0.00176756	30.5103
0.00177426	33.9509
0.00178097	35.6604
0.00178767	35.755
0.00179437	35.7834
0.00180108	33.9825
0.00180778	30.5928
0.00181449	26.6792
0.00182119	22.3706
0.0018279	18.1924
0.0018346	13.9645
