3.33898e-05	6.13758e-41
3.59039e-05	3.59757e-39
3.8418e-05	1.42062e-38
4.09322e-05	7.08237e-37
4.34463e-05	2.80365e-36
4.59604e-05	1.18439e-34
4.84746e-05	4.71781e-34
5.09887e-05	1.68992e-32
5.35028e-05	6.76906e-32
5.6017e-05	2.05761e-30
5.85311e-05	8.28117e-30
6.10452e-05	2.13828e-28
6.35594e-05	8.63842e-28
6.60735e-05	1.89701e-26
6.85877e-05	7.68353e-26
7.11018e-05	1.43711e-24
7.36159e-05	5.82744e-24
7.61301e-05	9.29942e-23
7.86442e-05	3.76872e-22
8.11583e-05	5.14185e-21
8.36725e-05	2.07835e-20
8.61866e-05	2.43026e-19
8.87007e-05	9.77385e-19
9.12149e-05	9.82318e-18
9.3729e-05	3.91968e-17
9.62431e-05	3.3973e-16
9.87573e-05	1.34059e-15
0.000101271	1.00585e-14
0.000103786	3.91045e-14
0.0001063	2.55102e-13
0.000108814	9.7292e-13
0.000111328	5.5455e-12
0.000113842	2.06485e-11
0.000116356	1.03393e-10
0.00011887	3.73869e-10
0.000121384	1.65441e-09
0.000123899	5.77613e-09
0.000126413	2.27333e-08
0.000128927	7.61612e-08
0.000131441	2.68408e-07
0.000133955	8.57296e-07
0.000136469	2.72435e-06
0.000138983	8.24111e-06
0.000141498	2.37825e-05
0.000144012	6.76877e-05
0.000146526	0.000178627
0.00014904	0.000475323
0.000151554	0.00115476
0.000154068	0.00285636
0.000156582	0.00642801
0.000159096	0.014707
0.000161611	0.03083
0.000164125	0.0649971
0.000166639	0.127534
0.000169153	0.247181
0.000171667	0.466317
0.000174181	0.824908
0.000176695	1.44685
0.00017921	2.3826
0.000181724	3.87715
0.000184238	5.98983
0.000186752	9.0992
0.000189266	13.2651
0.00019178	18.9784
0.000194294	26.3034
0.000196809	35.8397
0.000199323	47.6764
0.000201837	62.6234
0.000204351	80.8028
0.000206865	103.41
0.000209379	130.555
0.000211893	163.803
0.000214407	203.151
0.000216922	249.983
0.000219436	304.11
0.00022195	365.646
0.000224464	434.251
0.000226978	507.788
0.000229492	585.943
0.000232006	664.454
0.000234521	743.23
0.000237035	817.577
0.000239549	887.678
0.000242063	950.85
0.000244577	1007.43
0.000247091	1058.42
0.000249605	1104.13
0.000252119	1149.23
0.000254634	1193.89
0.000257148	1245.09
0.000259662	1302.83
0.000262176	1374.51
0.00026469	1460.04
0.000267204	1565.44
0.000269718	1690.59
0.000272233	1838.64
0.000274747	2009.47
0.000277261	2202.06
0.000279775	2416.36
0.000282289	2647.12
0.000284803	2894.37
0.000287317	3151.09
0.000289831	3417.33
0.000292346	3688.62
0.00029486	3964.93
0.000297374	4246.67
0.000299888	4533.8
0.000302402	4828.38
0.000304916	5130.62
0.00030743	5436.81
0.000309945	5747.49
0.000312459	6048.16
0.000314973	6339.29
0.000317487	6598.62
0.000320001	6825.91
0.000322515	7005.4
0.000325029	7139.62
0.000327544	7179.86
0.000330058	7189.47
0.000332572	7181.48
0.000335086	7104.47
0.0003376	7014.41
0.000340114	6915.91
0.000342628	6829.84
0.000345142	6758.77
0.000347657	6708.65
0.000350171	6682.24
0.000352685	6664.8
0.000355199	6656.81
0.000357713	6638.32
0.000360227	6603.59
0.000362741	6539.35
0.000365256	6443.4
0.00036777	6314.94
0.000370284	6152.32
0.000372798	5964.27
0.000375312	5751.03
0.000377826	5521.17
0.00038034	5275.75
0.000382854	5019.71
0.000385369	4753.57
0.000387883	4481.93
0.000390397	4204.71
0.000392911	3929.48
0.000395425	3656.62
0.000397939	3395.12
0.000400453	3146.44
0.000402968	2916.5
0.000405482	2707.24
0.000407996	2518.81
0.00041051	2352.5
0.000413024	2203.6
0.000415538	2072.16
0.000418052	1951.58
0.000420566	1840.8
0.000423081	1734.24
0.000425595	1630.37
0.000428109	1526.22
0.000430623	1420.44
0.000433137	1312.85
0.000435651	1202.7
0.000438165	1091.83
0.00044068	980.198
0.000443194	870.728
0.000445708	763.951
0.000448222	662.935
0.000450736	568.651
0.00045325	483.268
0.000455764	407.922
0.000458279	343.023
0.000460793	289.412
0.000463307	245.577
0.000465821	211.621
0.000468335	184.861
0.000470849	164.547
0.000473363	148.104
0.000475877	134.28
0.000478392	121.647
0.000480906	109.073
0.00048342	96.4834
0.000485934	83.3562
0.000488448	70.3672
0.000490962	57.6418
0.000493476	45.8048
0.000495991	35.2682
0.000498505	26.1877
0.000501019	18.8571
0.000503533	13.0391
0.000506047	8.74564
0.000508561	5.62796
0.000511075	3.49988
0.000513589	2.10005
0.000516104	1.20306
0.000518618	0.676291
0.000521132	0.349491
0.000523646	0.188059
0.00052616	0.0898272
0.000528674	0.0449906
0.000531188	0.0181812
0.000533703	0.00924469
