0.000500379	1.97033e-115
0.00050876	7.10011e-111
0.000517141	2.83998e-110
0.000525522	7.72516e-106
0.000533903	3.12156e-105
0.000542284	6.40855e-101
0.000550665	2.61641e-100
0.000559045	4.05343e-96
0.000567426	1.67232e-95
0.000575807	1.95477e-91
0.000584188	8.15101e-91
0.000592569	7.18746e-87
0.00060095	3.02957e-86
0.00060933	2.01495e-82
0.000617711	8.58676e-82
0.000626092	4.30685e-78
0.000634473	1.8559e-77
0.000642854	7.01881e-74
0.000651235	3.05885e-73
0.000659615	8.72117e-70
0.000667996	3.84449e-69
0.000676377	8.26221e-66
0.000684758	3.68466e-65
0.000693139	5.96803e-62
0.00070152	2.69298e-61
0.0007099	3.28688e-58
0.000718281	1.50088e-57
0.000726662	1.38027e-54
0.000735043	6.37875e-54
0.000743424	4.41956e-51
0.000751805	2.0673e-50
0.000760186	1.07907e-47
0.000768566	5.10917e-47
0.000776947	2.00906e-44
0.000785328	9.62889e-44
0.000793709	2.85262e-41
0.00080209	1.38383e-40
0.000810471	3.08918e-38
0.000818851	1.5166e-37
0.000827232	2.55182e-35
0.000835613	1.26749e-34
0.000843994	1.60822e-32
0.000852375	8.07805e-32
0.000860756	7.73449e-30
0.000869136	3.92611e-29
0.000877517	2.8396e-27
0.000885898	1.45519e-26
0.000894279	7.96182e-25
0.00090266	4.11327e-24
0.000911041	1.7059e-22
0.000919421	8.86706e-22
0.000927802	2.7952e-20
0.000936183	1.45786e-19
0.000944564	3.50612e-18
0.000952945	1.82819e-17
0.000961326	3.3709e-16
0.000969707	1.74876e-15
0.000978087	2.48807e-14
0.000986468	1.27612e-13
0.000994849	1.41258e-12
0.00100323	7.10509e-12
0.00101161	6.18263e-11
0.00101999	3.01892e-10
0.00102837	2.09134e-09
0.00103675	9.79164e-09
0.00104513	5.48132e-08
0.00105351	2.42514e-07
0.0010619	1.11584e-06
0.00107028	4.58886e-06
0.00107866	1.7677e-05
0.00108704	6.63791e-05
0.00109542	0.000218173
0.0011038	0.000734631
0.00111218	0.00209806
0.00112056	0.00622683
0.00112894	0.0157039
0.00113732	0.0404747
0.0011457	0.0912982
0.00115409	0.202065
0.00116247	0.422403
0.00117085	0.799112
0.00117923	1.47257
0.00118761	2.44079
0.00119599	3.83452
0.00120437	5.6265
0.00121275	7.65235
0.00122113	9.88619
0.00122951	11.8135
0.00123789	13.45
0.00124627	14.4653
0.00125466	14.9116
0.00126304	15.4362
0.00127142	16.0393
0.0012798	17.5777
0.00128818	21.1052
0.00129656	27.2744
0.00130494	36.075
0.00131332	47.7522
0.0013217	62.2928
0.00133008	78.9021
0.00133846	97.5855
0.00134684	117.699
0.00135523	139.241
0.00136361	162.448
0.00137199	187.314
0.00138037	214.36
0.00138875	243.593
0.00139713	275.069
0.00140551	308.778
0.00141389	344.911
0.00142227	383.387
0.00143065	426.05
0.00143903	472.788
0.00144741	527.412
0.0014558	589.982
0.00146418	663.476
0.00147256	748.229
0.00148094	842.844
0.00148932	947.568
0.0014977	1058.12
0.00150608	1174.29
0.00151446	1294.06
0.00152284	1417.14
0.00153122	1544.09
0.0015396	1675.11
0.00154798	1808.81
0.00155637	1945.45
0.00156475	2081.12
0.00157313	2215.47
0.00158151	2346.7
0.00158989	2474.21
0.00159827	2600.36
0.00160665	2725.21
0.00161503	2851
0.00162341	2978.79
0.00163179	3104.35
0.00164017	3228.88
0.00164855	3339.84
0.00165694	3437.67
0.00166532	3503
0.0016737	3536.1
0.00168208	3540.08
0.00169046	3495.07
0.00169884	3416.8
0.00170722	3306.98
0.0017156	3183.72
0.00172398	3050.05
0.00173236	2918.17
0.00174074	2792.95
0.00174912	2669.93
0.00175751	2550.47
0.00176589	2424.57
0.00177427	2289.27
0.00178265	2144.51
0.00179103	1987.69
0.00179941	1828.85
0.00180779	1669.16
0.00181617	1517.77
0.00182455	1377.93
0.00183293	1251.45
0.00184131	1140.36
0.00184969	1041.51
0.00185808	954.672
0.00186646	876.883
0.00187484	807.065
0.00188322	744.185
0.0018916	687.867
0.00189998	636.852
0.00190836	591.182
0.00191674	547.985
0.00192512	506.444
0.0019335	464.186
0.00194188	419.605
0.00195026	373.411
0.00195865	324.801
0.00196703	276.841
0.00197541	230.461
0.00198379	187.959
0.00199217	150.954
0.00200055	119.356
0.00200893	93.9058
0.00201731	73.213
0.00202569	56.8849
0.00203407	43.8097
0.00204245	33.2584
0.00205083	24.7911
0.00205922	17.9473
0.0020676	12.5638
0.00207598	8.45271
0.00208436	5.41357
0.00209274	3.3082
0.00210112	1.90801
0.0021095	1.02639
0.00211788	0.53705
0.00212626	0.2485
0.00213464	0.118893
0.00214302	0.0494571
0.0021514	0.0204129
0.00215979	0.00712829
0.00216817	0.00270007
