0.000100103	1.31506e-11
0.000103622	4.56383e-11
0.000107142	1.43101e-10
0.000110662	4.89051e-10
0.000114182	1.4025e-09
0.000117702	4.43929e-09
0.000121222	1.23805e-08
0.000124742	3.64098e-08
0.000128261	9.84398e-08
0.000131781	2.69851e-07
0.000135301	7.05059e-07
0.000138821	1.80746e-06
0.000142341	4.54915e-06
0.000145861	1.09417e-05
0.000149381	2.64433e-05
0.0001529	5.98654e-05
0.00015642	0.000138491
0.00015994	0.000296033
0.00016346	0.00065357
0.00016698	0.00132298
0.0001705	0.00277956
0.00017402	0.00534291
0.000177539	0.0106546
0.000181059	0.0195214
0.000184579	0.0368291
0.000188099	0.0657638
0.000191619	0.115517
0.000195139	0.196879
0.000198659	0.326556
0.000202178	0.529762
0.000205698	0.832234
0.000209218	1.28281
0.000212738	1.91272
0.000216258	2.79881
0.000219778	3.96678
0.000223298	5.50963
0.000226817	7.4312
0.000230337	9.80386
0.000233857	12.5975
0.000237377	15.81
0.000240897	19.3821
0.000244417	23.1986
0.000247937	27.1971
0.000251456	31.168
0.000254976	35.0807
0.000258496	38.72
0.000262016	42.1074
0.000265536	45.1412
0.000269056	47.8859
0.000272576	50.4281
0.000276095	52.8468
0.000279615	55.4038
0.000283135	58.1684
0.000286655	61.5048
0.000290175	65.4678
0.000293695	70.4597
0.000297214	76.5282
0.000300734	84.0942
0.000304254	93.2009
0.000307774	104.287
0.000311294	117.384
0.000314814	132.924
0.000318334	150.925
0.000321853	171.771
0.000325373	195.479
0.000328893	222.392
0.000332413	252.543
0.000335933	286.319
0.000339453	323.773
0.000342973	365.452
0.000346492	411.411
0.000350012	462.375
0.000353532	518.381
0.000357052	580.212
0.000360572	647.873
0.000364092	722.031
0.000367612	802.677
0.000371131	890.296
0.000374651	984.892
0.000378171	1086.9
0.000381691	1196.32
0.000385211	1313.7
0.000388731	1439.03
0.000392251	1572.77
0.00039577	1714.86
0.00039929	1865.13
0.00040281	2023.44
0.00040633	2188.14
0.00040985	2359.11
0.00041337	2532.82
0.00041689	2709.19
0.000420409	2883.33
0.000423929	3055.25
0.000427449	3220.05
0.000430969	3377.78
0.000434489	3525
0.000438009	3661.78
0.000441529	3786.89
0.000445048	3900.38
0.000448568	4003.08
0.000452088	4095
0.000455608	4178.35
0.000459128	4253.12
0.000462648	4322.31
0.000466168	4385.9
0.000469687	4447.23
0.000473207	4506.3
0.000476727	4565.95
0.000480247	4626.25
0.000483767	4688.15
0.000487287	4751.82
0.000490807	4814.93
0.000494326	4877.69
0.000497846	4934.28
0.000501366	4984.83
0.000504886	5021.99
0.000508406	5045.72
0.000511926	5048.65
0.000515446	5032.36
0.000518965	4997.36
0.000522485	4938.96
0.000526005	4864.1
0.000529525	4772.74
0.000533045	4673.22
0.000536565	4565.68
0.000540085	4458.67
0.000543604	4352.85
0.000547124	4253.11
0.000550644	4160.26
0.000554164	4074.41
0.000557684	3996.1
0.000561204	3922.06
0.000564724	3852.34
0.000568243	3782.87
0.000571763	3713.34
0.000575283	3640.73
0.000578803	3564.64
0.000582323	3483.38
0.000585843	3396.71
0.000589362	3303.48
0.000592882	3203.59
0.000596402	3095.88
0.000599922	2980.19
0.000603442	2855.65
0.000606962	2721.94
0.000610482	2579.46
0.000614001	2427.81
0.000617521	2269.43
0.000621041	2104.14
0.000624561	1936.29
0.000628081	1766.16
0.000631601	1598.94
0.000635121	1435.44
0.00063864	1280.16
0.00064216	1134.23
0.00064568	1000.24
0.0006492	879.274
0.00065272	771.614
0.00065624	677.929
0.00065976	596.581
0.000663279	527.653
0.000666799	468.505
0.000670319	418.678
0.000673839	375.542
0.000677359	338.321
0.000680879	305.107
0.000684399	275.107
0.000687918	247.38
0.000691438	221.347
0.000694958	196.862
0.000698478	173.659
0.000701998	152.01
0.000705518	131.913
0.000709038	113.694
0.000712557	97.4932
0.000716077	83.4502
0.000719597	71.7168
0.000723117	62.1508
0.000726637	54.8154
0.000730157	49.3142
0.000733677	45.5673
0.000737196	43.0451
0.000740716	41.5254
0.000744236	40.5171
0.000747756	39.717
0.000751276	38.824
0.000754796	37.5574
0.000758316	35.8663
0.000761835	33.5902
0.000765355	30.8735
0.000768875	27.7155
0.000772395	24.3302
0.000775915	20.8385
0.000779435	17.4072
0.000782955	14.1933
0.000786474	11.2633
0.000789994	8.73214
0.000793514	6.57982
0.000797034	4.82743
0.000800554	3.46776
