3.33898e-05	2.06154e-36
3.59039e-05	7.24111e-35
3.8418e-05	2.8346e-34
4.09322e-05	8.63452e-33
4.34463e-05	3.37294e-32
4.59604e-05	8.8546e-31
4.84746e-05	3.47349e-30
5.09887e-05	7.8662e-29
5.35028e-05	3.0959e-28
5.6017e-05	6.05523e-27
5.85311e-05	2.38837e-26
6.10452e-05	4.04004e-25
6.35594e-05	1.59492e-24
6.60735e-05	2.33704e-23
6.85877e-05	9.22012e-23
7.11018e-05	1.17253e-21
7.36159e-05	4.61462e-21
7.61301e-05	5.10426e-20
7.86442e-05	1.99978e-19
8.11583e-05	1.92878e-18
8.36725e-05	7.50469e-18
8.61866e-05	6.32978e-17
8.87007e-05	2.43919e-16
9.12149e-05	1.805e-15
9.3729e-05	6.8674e-15
9.62431e-05	4.47502e-14
9.87573e-05	1.67515e-13
0.000101271	9.65175e-13
0.000103786	3.54099e-12
0.0001063	1.8121e-11
0.000108814	6.48799e-11
0.000111328	2.96347e-10
0.000113842	1.03071e-09
0.000116356	4.22415e-09
0.00011887	1.42017e-08
0.000121384	5.25132e-08
0.000123899	1.69781e-07
0.000126413	5.69698e-07
0.000128927	1.76186e-06
0.000131441	5.39642e-06
0.000133955	1.58782e-05
0.000136469	4.46545e-05
0.000138983	0.000124345
0.000141498	0.000322933
0.000144012	0.000846711
0.000146526	0.00204179
0.00014904	0.00501712
0.000151554	0.0112905
0.000154068	0.0258917
0.000156582	0.0546199
0.000159096	0.11649
0.000161611	0.231247
0.000164125	0.457438
0.000166639	0.868422
0.000169153	1.58332
0.000171667	2.8546
0.000174181	4.82716
0.000176695	8.09924
0.00017921	12.8456
0.000181724	20.0771
0.000184238	29.9221
0.000186752	43.6368
0.000189266	61.1856
0.00019178	83.4733
0.000194294	110.238
0.000196809	141.175
0.000199323	175.892
0.000201837	212.401
0.000204351	250.425
0.000206865	286.939
0.000209379	322.017
0.000211893	353.423
0.000214407	381.611
0.000216922	407.162
0.000219436	430.688
0.00022195	456.404
0.000224464	484.759
0.000226978	522.448
0.000229492	569.537
0.000232006	632.492
0.000234521	710.99
0.000237035	808.273
0.000239549	923.829
0.000242063	1055.91
0.000244577	1204.12
0.000247091	1362.44
0.000249605	1530.8
0.000252119	1702.31
0.000254634	1877.25
0.000257148	2052.39
0.000259662	2228.08
0.000262176	2407.16
0.00026469	2589.79
0.000267204	2782.64
0.000269718	2985.6
0.000272233	3203.05
0.000274747	3434.79
0.000277261	3677.73
0.000279775	3931.79
0.000282289	4187.11
0.000284803	4443.76
0.000287317	4692.23
0.000289831	4932.52
0.000292346	5163.21
0.00029486	5384.13
0.000297374	5602.97
0.000299888	5819.63
0.000302402	6043.39
0.000304916	6274.53
0.00030743	6514.16
0.000309945	6762.85
0.000312459	7010.21
0.000314973	7256.6
0.000317487	7486.01
0.000320001	7698.18
0.000322515	7880.95
0.000325029	8033.6
0.000327544	8153.47
0.000330058	8240.97
0.000332572	8288.31
0.000335086	8310.58
0.0003376	8310.99
0.000340114	8277.67
0.000342628	8218.92
0.000345142	8135.76
0.000347657	8029.55
0.000350171	7900.01
0.000352685	7752.62
0.000355199	7587.21
0.000357713	7411.65
0.000360227	7226.43
0.000362741	7037.68
0.000365256	6846.39
0.00036777	6653.73
0.000370284	6460.46
0.000372798	6263.5
0.000375312	6062.85
0.000377826	5854.99
0.00038034	5639.21
0.000382854	5415.21
0.000385369	5182.16
0.000387883	4944.03
0.000390397	4700.58
0.000392911	4458.11
0.000395425	4217.33
0.000397939	3983.22
0.000400453	3757.11
0.000402968	3539.88
0.000405482	3332.54
0.000407996	3132.23
0.00041051	2938.88
0.000413024	2749.13
0.000415538	2562
0.000418052	2376.78
0.000420566	2192.58
0.000423081	2011.69
0.000425595	1834.06
0.000428109	1662.9
0.000430623	1498.93
0.000433137	1344.28
0.000435651	1199.77
0.000438165	1066.05
0.00044068	943.598
0.000443194	832.115
0.000445708	731.772
0.000448222	641.713
0.000450736	561.902
0.00045325	491.044
0.000455764	428.881
0.000458279	373.958
0.000460793	325.789
0.000463307	283.232
0.000465821	245.75
0.000468335	212.722
0.000470849	183.786
0.000473363	158.587
0.000475877	136.969
0.000478392	118.455
0.000480906	102.911
0.00048342	89.6581
0.000485934	78.4139
0.000488448	68.5717
0.000490962	59.7401
0.000493476	51.6583
0.000495991	44.0247
0.000498505	36.9112
0.000501019	30.2375
0.000503533	24.1697
0.000506047	18.793
0.000508561	14.1599
0.000511075	10.3647
0.000513589	7.31532
0.000516104	5.01201
0.000518618	3.30585
0.000521132	2.10917
0.000523646	1.3012
0.00052616	0.768457
0.000528674	0.445116
0.000531188	0.220386
0.000533703	0.13221
