0.000500379	2.24593e-20
0.00050876	1.93727e-19
0.000517141	7.0753e-19
0.000525522	5.5661e-18
0.000533903	1.96102e-17
0.000542284	1.37166e-16
0.000550665	4.78238e-16
0.000559045	2.98247e-15
0.000567426	1.02631e-14
0.000575807	5.72415e-14
0.000584188	1.93837e-13
0.000592569	9.70139e-13
0.00060095	3.22237e-12
0.00060933	1.45256e-11
0.000617711	4.71587e-11
0.000626092	1.9222e-10
0.000634473	6.07679e-10
0.000642854	2.24914e-09
0.000651235	6.89601e-09
0.000659615	2.32793e-08
0.000667996	6.8934e-08
0.000676377	2.1322e-07
0.000684758	6.0715e-07
0.000693139	1.72882e-06
0.00070152	4.7132e-06
0.0007099	1.2413e-05
0.000718281	3.22585e-05
0.000726662	7.89462e-05
0.000735043	0.000194739
0.000743424	0.00044485
0.000751805	0.00103738
0.000760186	0.00222131
0.000768566	0.00487892
0.000776947	0.00983082
0.000785328	0.0202706
0.000793709	0.0385668
0.00080209	0.0744485
0.000810471	0.136925
0.000818851	0.244113
0.000827232	0.425465
0.000835613	0.709022
0.000843994	1.16196
0.000852375	1.82115
0.000860756	2.80345
0.000869136	4.14145
0.000877517	5.98868
0.000885898	8.34999
0.000894279	11.3529
0.00090266	14.955
0.000911041	19.1529
0.000919421	23.8623
0.000927802	28.8657
0.000936183	34.0774
0.000944564	39.097
0.000952945	43.89
0.000961326	48.0539
0.000969707	51.6269
0.000978087	54.4346
0.000986468	56.5555
0.000994849	58.1394
0.00100323	59.2443
0.00101161	60.2084
0.00101999	61.034
0.00102837	61.9901
0.00103675	63.0431
0.00104513	64.2458
0.00105351	65.5769
0.0010619	66.9623
0.00107028	68.4176
0.00107866	69.9501
0.00108704	71.5927
0.00109542	73.5307
0.0011038	75.779
0.00111218	78.5868
0.00112056	81.9393
0.00112894	85.9571
0.00113732	90.6148
0.0011457	95.8359
0.00115409	101.609
0.00116247	107.776
0.00117085	114.347
0.00117923	121.261
0.00118761	128.541
0.00119599	136.333
0.00120437	144.662
0.00121275	153.912
0.00122113	164.103
0.00122951	175.856
0.00123789	189.183
0.00124627	204.883
0.00125466	222.952
0.00126304	244.159
0.00127142	268.484
0.0012798	296.341
0.00128818	327.708
0.00129656	362.474
0.00130494	400.632
0.00131332	441.774
0.0013217	485.907
0.00133008	532.822
0.00133846	582.522
0.00134684	635.271
0.00135523	691.063
0.00136361	750.318
0.00137199	813.04
0.00138037	879.143
0.00138875	948.65
0.00139713	1020.65
0.00140551	1095.15
0.00141389	1170.84
0.00142227	1247.7
0.00143065	1324.76
0.00143903	1401.99
0.00144741	1479.1
0.0014558	1556.06
0.00146418	1632.84
0.00147256	1709.46
0.00148094	1785.58
0.00148932	1861.22
0.0014977	1935.74
0.00150608	2009.14
0.00151446	2080.94
0.00152284	2151.13
0.00153122	2219.41
0.0015396	2285.85
0.00154798	2349.57
0.00155637	2410.71
0.00156475	2467.18
0.00157313	2519.03
0.00158151	2563.39
0.00158989	2600.1
0.00159827	2627.01
0.00160665	2644.34
0.00161503	2647.79
0.00162341	2641.43
0.00163179	2626.96
0.00164017	2599.46
0.00164855	2562.31
0.00165694	2516.22
0.00166532	2462.34
0.0016737	2400.68
0.00168208	2333.27
0.00169046	2260.2
0.00169884	2183.83
0.00170722	2104.44
0.0017156	2023.88
0.00172398	1942.66
0.00173236	1861
0.00174074	1779.31
0.00174912	1696.16
0.00175751	1611.51
0.00176589	1523.73
0.00177427	1432.28
0.00178265	1337.26
0.00179103	1238.08
0.00179941	1137.23
0.00180779	1034.69
0.00181617	934.186
0.00182455	836.454
0.00183293	744.418
0.00184131	659.185
0.00184969	581.583
0.00185808	512.423
0.00186646	450.626
0.00187484	396.31
0.00188322	347.714
0.0018916	304.369
0.00189998	265.026
0.00190836	229.074
0.00191674	196.196
0.00192512	166.039
0.0019335	138.848
0.00194188	114.626
0.00195026	93.5539
0.00195865	75.7987
0.00196703	61.1044
0.00197541	49.538
0.00198379	40.4679
0.00199217	33.7288
0.00200055	28.6247
0.00200893	24.8181
0.00201731	21.8281
0.00202569	19.3081
0.00203407	17.0776
0.00204245	14.9145
0.00205083	12.846
0.00205922	10.8055
0.0020676	8.87899
0.00207598	7.09755
0.00208436	5.50705
0.00209274	4.15599
0.00210112	3.03184
0.0021095	2.1522
0.00211788	1.47466
0.00212626	0.981713
0.00213464	0.632479
0.00214302	0.39347
0.0021514	0.239038
0.00215979	0.129934
0.00216817	0.079599
