0.000500379	1.67347e-117
0.00050876	2.60976e-113
0.000517141	1.04385e-112
0.000525522	1.28118e-108
0.000533903	5.17671e-108
0.000542284	4.99966e-104
0.000550665	2.04109e-103
0.000559045	1.55095e-99
0.000567426	6.3983e-99
0.000575807	3.82455e-95
0.000584188	1.59463e-94
0.000592569	7.497e-91
0.00060095	3.15971e-90
0.00060933	1.16821e-86
0.000617711	4.97768e-86
0.000626092	1.44702e-82
0.000634473	6.23448e-82
0.000642854	1.42481e-78
0.000651235	6.2082e-78
0.000659615	1.11522e-74
0.000667996	4.91501e-74
0.000676377	6.939e-71
0.000684758	3.09368e-70
0.000693139	3.43212e-67
0.00070152	1.54817e-66
0.0007099	1.34948e-63
0.000718281	6.15966e-63
0.000726662	4.21805e-60
0.000735043	1.94844e-59
0.000743424	1.04812e-56
0.000751805	4.9002e-56
0.000760186	2.07052e-53
0.000768566	9.79796e-53
0.000776947	3.25186e-50
0.000785328	1.5576e-49
0.000793709	4.06063e-47
0.00080209	1.96868e-46
0.000810471	4.0318e-44
0.000818851	1.97832e-43
0.000827232	3.18338e-41
0.000835613	1.58061e-40
0.000843994	1.99903e-38
0.000852375	1.00407e-37
0.000860756	9.98531e-36
0.000869136	5.07137e-35
0.000877517	3.96837e-33
0.000885898	2.03664e-32
0.000894279	1.25513e-30
0.00090266	6.50344e-30
0.000911041	3.16047e-28
0.000919421	1.65131e-27
0.000927802	6.33861e-26
0.000936183	3.33422e-25
0.000944564	1.01314e-23
0.000952945	5.35383e-23
0.000961326	1.29147e-21
0.000969707	6.8372e-21
0.000978087	1.31411e-19
0.000986468	6.94515e-19
0.000994849	1.0685e-17
0.00100323	5.61226e-17
0.00101161	6.95145e-16
0.00101999	3.6085e-15
0.00102837	3.62396e-14
0.00103675	1.84652e-13
0.00104513	1.51645e-12
0.00105351	7.52233e-12
0.0010619	5.10277e-11
0.00107028	2.4406e-10
0.00107866	1.38333e-09
0.00108704	6.30976e-09
0.00109542	3.02673e-08
0.0011038	1.30071e-07
0.00111218	5.35362e-07
0.00112056	2.13977e-06
0.00112894	7.66467e-06
0.00113732	2.81203e-05
0.0011457	8.88946e-05
0.00115409	0.000295604
0.00116247	0.000835523
0.00117085	0.00248969
0.00117923	0.00636421
0.00118761	0.0168345
0.00119599	0.039278
0.00120437	0.0916194
0.00121275	0.196401
0.00122113	0.402675
0.00122951	0.813597
0.00123789	1.47713
0.00124627	2.67085
0.00125466	4.40139
0.00126304	7.07125
0.00127142	10.6765
0.0012798	15.5499
0.00128818	21.689
0.00129656	29.3655
0.00130494	38.588
0.00131332	50.0722
0.0013217	63.8223
0.00133008	81.3969
0.00133846	102.785
0.00134684	129.358
0.00135523	161.128
0.00136361	197.19
0.00137199	237.593
0.00138037	278.965
0.00138875	321.299
0.00139713	362.106
0.00140551	401.226
0.00141389	440.62
0.00142227	480.108
0.00143065	525.197
0.00143903	575.938
0.00144741	636.691
0.0014558	707.727
0.00146418	789.354
0.00147256	881.762
0.00148094	982.967
0.00148932	1092.93
0.0014977	1210.27
0.00150608	1334.94
0.00151446	1465.93
0.00152284	1603.42
0.00153122	1744.36
0.0015396	1888.99
0.00154798	2031.63
0.00155637	2172.21
0.00156475	2304.71
0.00157313	2428.62
0.00158151	2540.5
0.00158989	2639.62
0.00159827	2726.7
0.00160665	2801.19
0.00161503	2867.58
0.00162341	2925.98
0.00163179	2981.24
0.00164017	3034.48
0.00164855	3085.06
0.00165694	3134.3
0.00166532	3174.07
0.0016737	3204.99
0.00168208	3212.81
0.00169046	3199.55
0.00169884	3168.47
0.00170722	3106.12
0.0017156	3023.61
0.00172398	2922.87
0.00173236	2813.35
0.00174074	2697
0.00174912	2579.69
0.00175751	2463.85
0.00176589	2347.71
0.00177427	2231.88
0.00178265	2112.46
0.00179103	1988.01
0.00179941	1859.58
0.00180779	1726.01
0.00181617	1593.22
0.00182455	1462.12
0.00183293	1337.76
0.00184131	1222.21
0.00184969	1116.03
0.00185808	1020.55
0.00186646	932.886
0.00187484	852.87
0.00188322	777.089
0.0018916	704.334
0.00189998	633.075
0.00190836	562.036
0.00191674	492.387
0.00192512	423.758
0.0019335	358.786
0.00194188	298.292
0.00195026	244.075
0.00195865	197.403
0.00196703	157.908
0.00197541	126.177
0.00198379	100.387
0.00199217	80.0384
0.00200055	63.5371
0.00200893	49.929
0.00201731	38.6423
0.00202569	29.0709
0.00203407	21.1835
0.00204245	14.8405
0.00205083	9.90455
0.00205922	6.33461
0.0020676	3.81804
0.00207598	2.1926
0.00208436	1.19222
0.00209274	0.590495
0.00210112	0.300864
0.0021095	0.133661
0.00211788	0.0607593
0.00212626	0.0246296
0.00213464	0.00978868
0.00214302	0.00366551
0.0021514	0.00125641
0.00215979	0.000410395
0.00216817	0.000128389
