0.000500379	2.69277e-179
0.000509598	2.72517e-173
0.000518817	1.09007e-172
0.000528036	8.21165e-167
0.000537255	3.31826e-166
0.000546474	1.86038e-160
0.000555693	7.59573e-160
0.000564912	3.16889e-154
0.000574131	1.30747e-153
0.00058335	4.05832e-148
0.000592569	1.69239e-147
0.000601788	3.90767e-142
0.000611007	1.64731e-141
0.000620226	2.82894e-136
0.000629445	1.20575e-135
0.000638664	1.53979e-130
0.000647883	6.63665e-130
0.000657101	6.30134e-125
0.00066632	2.74696e-124
0.000675539	1.93882e-119
0.000684758	8.55005e-119
0.000693977	4.48513e-114
0.000703196	2.00125e-113
0.000712415	7.80096e-109
0.000721634	3.52251e-108
0.000730853	1.02013e-103
0.000740072	4.66258e-103
0.000749291	1.00301e-98
0.00075851	4.64117e-98
0.000767729	7.41471e-94
0.000776948	3.47423e-93
0.000786167	4.12124e-89
0.000795386	1.9558e-88
0.000804605	1.72231e-84
0.000813823	8.28008e-84
0.000823042	5.41188e-80
0.000832261	2.63628e-79
0.00084148	1.27864e-75
0.000850699	6.31256e-75
0.000859918	2.27152e-71
0.000869137	1.1368e-70
0.000878356	3.03438e-67
0.000887575	1.5397e-66
0.000896794	3.04802e-63
0.000906013	1.56847e-62
0.000915232	2.3024e-59
0.000924451	1.20175e-58
0.00093367	1.30791e-55
0.000942889	6.92576e-55
0.000952108	5.58783e-52
0.000961327	3.00228e-51
0.000970545	1.79559e-48
0.000979764	9.79006e-48
0.000988983	4.3403e-45
0.000998202	2.40155e-44
0.00100742	7.89294e-42
0.00101664	4.43196e-41
0.00102586	1.08005e-38
0.00103508	6.15357e-38
0.0010443	1.11233e-35
0.00105352	6.42862e-35
0.00106273	8.62463e-33
0.00107195	5.05366e-32
0.00108117	5.0366e-30
0.00109039	2.98976e-29
0.00109961	2.21641e-27
0.00110883	1.33125e-26
0.00111805	7.35486e-25
0.00112727	4.46207e-24
0.00113649	1.84202e-22
0.00114571	1.12599e-21
0.00115492	3.48586e-20
0.00116414	2.1396e-19
0.00117336	4.99182e-18
0.00118258	3.06219e-17
0.0011918	5.41931e-16
0.00120102	3.30176e-15
0.00121024	4.47044e-14
0.00121946	2.68294e-13
0.00122868	2.80959e-12
0.00123789	1.6436e-11
0.00124711	1.34939e-10
0.00125633	7.59464e-10
0.00126555	4.96848e-09
0.00127477	2.64848e-08
0.00128399	1.40681e-07
0.00129321	6.97558e-07
0.00130243	3.07106e-06
0.00131165	1.38883e-05
0.00132087	5.17727e-05
0.00133008	0.000209264
0.0013393	0.000674336
0.00134852	0.00238965
0.00135774	0.00678059
0.00136696	0.0207179
0.00137618	0.0525365
0.0013854	0.136687
0.00139462	0.312877
0.00140384	0.688331
0.00141305	1.46123
0.00142227	2.75387
0.00143149	5.08645
0.00144071	8.45598
0.00144993	13.3294
0.00145915	19.7166
0.00146837	27.3628
0.00147759	36.2752
0.00148681	45.9364
0.00149603	56.2919
0.00150524	68.3071
0.00151446	81.8877
0.00152368	99.9505
0.0015329	122.523
0.00154212	151.944
0.00155134	188.415
0.00156056	231.192
0.00156978	280.397
0.001579	333.672
0.00158821	390.774
0.00159743	452.175
0.00160665	517.466
0.00161587	591.616
0.00162509	674.714
0.00163431	771.321
0.00164353	882.202
0.00165275	1005.53
0.00166197	1141.81
0.00167118	1285.08
0.0016804	1434.78
0.00168962	1588.95
0.00169884	1746.94
0.00170806	1911.26
0.00171728	2082.76
0.0017265	2258.11
0.00173572	2438.82
0.00174494	2610.52
0.00175416	2772.55
0.00176337	2910.9
0.00177259	3022.43
0.00178181	3107.22
0.00179103	3163.1
0.00180025	3201.14
0.00180947	3223.58
0.00181869	3231.59
0.00182791	3234.43
0.00183713	3234.44
0.00184634	3222.08
0.00185556	3194.48
0.00186478	3152.95
0.001874	3091.35
0.00188322	3007.63
0.00189244	2903.7
0.00190166	2777.75
0.00191088	2640.05
0.0019201	2491.58
0.00192932	2342.97
0.00193853	2197.88
0.00194775	2057.75
0.00195697	1924.78
0.00196619	1794.41
0.00197541	1665.37
0.00198463	1537.07
0.00199385	1408.05
0.00200307	1282.6
0.00201229	1161.7
0.0020215	1047.89
0.00203072	942.835
0.00203994	845.241
0.00204916	755.208
0.00205838	671.238
0.0020676	592.583
0.00207682	519.359
0.00208604	451.41
0.00209526	388.929
0.00210448	332.104
0.00211369	280.488
0.00212291	233.9
0.00213213	192.237
0.00214135	155.304
0.00215057	123.43
0.00215979	96.8984
0.00216901	75.2647
0.00217823	58.7122
0.00218745	45.8664
0.00219666	36.1484
0.00220588	28.5161
0.0022151	22.1137
0.00222432	16.8022
0.00223354	12.2032
0.00224276	8.43914
0.00225198	5.53096
0.0022612	3.37037
0.00227042	1.94197
0.00227964	1.0365
0.00228885	0.496135
0.00229807	0.243468
0.00230729	0.102657
0.00231651	0.0432245
0.00232573	0.0151437
0.00233495	0.00578347
