0.000166815	1.54238
0.000171844	2.05808
0.000176872	2.72523
0.000181901	3.53678
0.000186929	4.51333
0.000191958	5.67454
0.000196986	7.02019
0.000202014	8.56137
0.000207043	10.2865
0.000212071	12.1922
0.0002171	14.2615
0.000222128	16.4765
0.000227157	18.8255
0.000232185	21.2848
0.000237214	23.8584
0.000242242	26.5328
0.00024727	29.3315
0.000252299	32.2678
0.000257327	35.3778
0.000262356	38.7073
0.000267384	42.2914
0.000272413	46.1966
0.000277441	50.4418
0.000282469	55.0894
0.000287498	60.1356
0.000292526	65.6115
0.000297555	71.4983
0.000302583	77.7846
0.000307612	84.4544
0.00031264	91.4701
0.000317669	98.8382
0.000322697	106.535
0.000327725	114.6
0.000332754	123.072
0.000337782	132.022
0.000342811	141.582
0.000347839	151.845
0.000352868	163.04
0.000357896	175.259
0.000362924	188.808
0.000367953	203.759
0.000372981	220.446
0.00037801	238.91
0.000383038	259.452
0.000388067	282.072
0.000393095	306.973
0.000398123	334.105
0.000403152	363.504
0.00040818	395.071
0.000413209	428.607
0.000418237	463.978
0.000423266	500.713
0.000428294	538.668
0.000433323	577.131
0.000438351	615.988
0.000443379	654.405
0.000448408	692.339
0.000453436	729.044
0.000458465	764.57
0.000463493	798.514
0.000468522	831.01
0.00047355	862.212
0.000478578	892.298
0.000483607	922.053
0.000488635	951.65
0.000493664	982.386
0.000498692	1014.38
0.000503721	1049.14
0.000508749	1086.71
0.000513778	1128.44
0.000518806	1174.29
0.000523834	1225.11
0.000528863	1280.81
0.000533891	1341.58
0.00053892	1407.3
0.000543948	1477.54
0.000548977	1552.22
0.000554005	1630.45
0.000559033	1712.21
0.000564062	1796.43
0.00056909	1883.09
0.000574119	1971.13
0.000579147	2060.53
0.000584176	2150.2
0.000589204	2240.13
0.000594233	2329.14
0.000599261	2417.21
0.000604289	2503.01
0.000609318	2586.52
0.000614346	2666.32
0.000619375	2742.4
0.000624403	2813.37
0.000629432	2879.26
0.00063446	2938.91
0.000639488	2992.31
0.000644517	3038.63
0.000649545	3077.86
0.000654574	3109.43
0.000659602	3133.36
0.000664631	3149.34
0.000669659	3157.38
0.000674688	3157.42
0.000679716	3149.6
0.000684744	3134.36
0.000689773	3111.68
0.000694801	3082.7
0.00069983	3047.4
0.000704858	3007.5
0.000709887	2962.97
0.000714915	2915.79
0.000719943	2865.95
0.000724972	2815.16
0.00073	2763.47
0.000735029	2711.82
0.000740057	2660.27
0.000745086	2608.78
0.000750114	2557.41
0.000755143	2505.29
0.000760171	2452.43
0.000765199	2397.59
0.000770228	2340.72
0.000775256	2280.78
0.000780285	2217.69
0.000785313	2151.06
0.000790342	2080.78
0.00079537	2007.32
0.000800398	1930.58
0.000805427	1851.76
0.000810455	1770.83
0.000815484	1689.42
0.000820512	1607.56
0.000825541	1526.93
0.000830569	1447.65
0.000835598	1371.12
0.000840626	1297.49
0.000845654	1227.64
0.000850683	1161.74
0.000855711	1100.04
0.00086074	1042.66
0.000865768	989.24
0.000870797	939.854
0.000875825	893.695
0.000880853	850.745
0.000885882	810.02
0.00089091	771.419
0.000895939	734.051
0.000900967	697.764
0.000905996	661.972
0.000911024	626.516
0.000916052	591.207
0.000921081	555.926
0.000926109	520.842
0.000931138	485.907
0.000936166	451.519
0.000941195	417.709
0.000946223	384.941
0.000951252	353.303
0.00095628	323.18
0.000961308	294.686
0.000966337	268.035
0.000971365	243.33
0.000976394	220.587
0.000981422	199.869
0.000986451	181.025
0.000991479	164.064
0.000996507	148.731
0.00100154	134.981
0.00100656	122.529
0.00101159	111.293
0.00101662	101.021
0.00102165	91.6148
0.00102668	82.8949
0.00103171	74.7708
0.00103673	67.1498
0.00104176	59.9657
0.00104679	53.1991
0.00105182	46.817
0.00105685	40.8423
0.00106188	35.2724
0.00106691	30.1375
0.00107193	25.4527
0.00107696	21.2294
0.00108199	17.4841
0.00108702	14.1988
0.00109205	11.3783
0.00109708	8.97927
0.0011021	6.98911
0.00110713	5.35229
0.00111216	4.04068
0.00111719	3.00009
0.00112222	2.19404
0.00112725	1.57862
0.00113228	1.11706
0.0011373	0.778793
0.00114233	0.532605
0.00114736	0.359896
0.00115239	0.23757
0.00115742	0.155689
0.00116245	0.0953474
0.00116747	0.0630193
