0.000500379	9.67029e-24
0.000506246	8.77878e-23
0.000512113	3.2214e-22
0.000517979	2.69489e-21
0.000523846	9.57706e-21
0.000529712	7.20277e-20
0.000535579	2.54107e-19
0.000541445	1.72174e-18
0.000547312	6.01758e-18
0.000553178	3.68183e-17
0.000559045	1.27196e-16
0.000564911	7.04552e-16
0.000570778	2.39995e-15
0.000576644	1.20683e-14
0.000582511	4.04251e-14
0.000588378	1.85099e-13
0.000594244	6.07944e-13
0.000600111	2.54287e-12
0.000605977	8.16393e-12
0.000611844	3.13009e-11
0.00061771	9.79103e-11
0.000623577	3.45341e-10
0.000629443	1.04891e-09
0.00063531	3.41623e-09
0.000641176	1.00399e-08
0.000647043	3.03116e-08
0.000652909	8.58888e-08
0.000658776	2.41316e-07
0.000664643	6.56928e-07
0.000670509	1.72443e-06
0.000676376	4.49439e-06
0.000682242	1.10652e-05
0.000688109	2.75194e-05
0.000693975	6.37866e-05
0.000699842	0.000150912
0.000705708	0.000330506
0.000711575	0.00074182
0.000717441	0.00154024
0.000723308	0.0032721
0.000729174	0.00646097
0.000735041	0.0129682
0.000740908	0.0244197
0.000746774	0.0462538
0.000752641	0.0846071
0.000758507	0.150013
0.000764374	0.262299
0.00077024	0.439945
0.000776107	0.731272
0.000781973	1.16698
0.00078784	1.84496
0.000793706	2.80882
0.000799573	4.22887
0.000805439	6.15585
0.000811306	8.84159
0.000817173	12.3303
0.000823039	16.9299
0.000828906	22.6593
0.000834772	29.8073
0.000840639	38.3522
0.000846505	48.4457
0.000852372	60.0257
0.000858238	72.9918
0.000864105	87.2647
0.000869971	102.461
0.000875838	118.527
0.000881704	134.927
0.000887571	151.675
0.000893438	168.382
0.000899304	185.143
0.000905171	202.068
0.000911037	219.302
0.000916904	237.661
0.00092277	257.279
0.000928637	279.582
0.000934503	304.646
0.00094037	334.134
0.000946236	368.055
0.000952103	407.875
0.000957969	453.555
0.000963836	506.083
0.000969703	565.399
0.000975569	631.92
0.000981436	705.58
0.000987302	786.196
0.000993169	873.697
0.000999035	967.196
0.0010049	1066.62
0.00101077	1170.25
0.00101663	1278.02
0.0010225	1387.45
0.00102837	1498.53
0.00103423	1608.48
0.0010401	1717.34
0.00104597	1822.86
0.00105183	1925.09
0.0010577	2022.98
0.00106357	2116.57
0.00106943	2206.17
0.0010753	2291.79
0.00108117	2374.53
0.00108703	2454.39
0.0010929	2532.37
0.00109877	2608.47
0.00110463	2682.8
0.0011105	2755.37
0.00111637	2825.16
0.00112223	2892.19
0.0011281	2954.59
0.00113397	3012.39
0.00113983	3063.54
0.0011457	3108.03
0.00115157	3144.29
0.00115743	3172.26
0.0011633	3191.29
0.00116916	3201.34
0.00117503	3202.16
0.0011809	3194.51
0.00118676	3179.03
0.00119263	3155.63
0.0011985	3125.82
0.00120436	3089.59
0.00121023	3048.41
0.0012161	3002.31
0.00122196	2952.62
0.00122783	2899.39
0.0012337	2843.93
0.00123956	2786.29
0.00124543	2727.75
0.0012513	2668.42
0.00125716	2609.14
0.00126303	2550.09
0.0012689	2491.06
0.00127476	2432.22
0.00128063	2372.1
0.0012865	2310.74
0.00129236	2246
0.00129823	2177.7
0.0013041	2104.22
0.00130996	2025.19
0.00131583	1940.54
0.00132169	1849.92
0.00132756	1755.07
0.00133343	1655.85
0.00133929	1555.35
0.00134516	1453.72
0.00135103	1354.41
0.00135689	1257.88
0.00136276	1166.85
0.00136863	1081.94
0.00137449	1004.38
0.00138036	934.735
0.00138623	872.483
0.00139209	817.927
0.00139796	769.225
0.00140383	726.287
0.00140969	686.804
0.00141556	650.347
0.00142143	615.012
0.00142729	580.214
0.00143316	545.001
0.00143903	508.863
0.00144489	471.889
0.00145076	433.819
0.00145663	395.499
0.00146249	356.976
0.00146836	319.368
0.00147422	282.97
0.00148009	248.684
0.00148596	216.905
0.00149182	188.021
0.00149769	162.353
0.00150356	139.743
0.00150942	120.314
0.00151529	103.556
0.00152116	89.3744
0.00152702	77.1871
0.00153289	66.7586
0.00153876	57.6567
0.00154462	49.6247
0.00155049	42.4563
0.00155636	35.9704
0.00156222	30.1284
0.00156809	24.8539
0.00157396	20.1648
0.00157982	16.0559
0.00158569	12.5176
0.00159156	9.55959
0.00159742	7.12337
0.00160329	5.19409
0.00160916	3.68744
0.00161502	2.55802
0.00162089	1.72761
0.00162675	1.13645
0.00163262	0.730141
0.00163849	0.453824
0.00164435	0.277747
0.00165022	0.162423
0.00165609	0.0949558
0.00166195	0.0473328
0.00166782	0.0291475
