3.33898e-05	4.97417e-26
3.59039e-05	1.84702e-24
3.8418e-05	7.23885e-24
4.09322e-05	2.18297e-22
4.34463e-05	8.52441e-22
4.59604e-05	2.07723e-20
4.84746e-05	8.12287e-20
5.09887e-05	1.60286e-18
5.35028e-05	6.26343e-18
5.6017e-05	1.00351e-16
5.85311e-05	3.90825e-16
6.10452e-05	5.10098e-15
6.35594e-05	1.97348e-14
6.60735e-05	2.10685e-13
6.85877e-05	8.06459e-13
7.11018e-05	7.07721e-12
7.36159e-05	2.66718e-11
7.61301e-05	1.93548e-10
7.86442e-05	7.13959e-10
8.11583e-05	4.31432e-09
8.36725e-05	1.54698e-08
8.61866e-05	7.84797e-08
8.87007e-05	2.71353e-07
9.12149e-05	1.16641e-06
9.3729e-05	3.85382e-06
9.62431e-05	1.41803e-05
9.87573e-05	4.4324e-05
0.000101271	0.000141148
0.000103786	0.000412936
0.0001063	0.00115111
0.000108814	0.00311717
0.000111328	0.00769374
0.000113842	0.0190741
0.000116356	0.0421372
0.00011887	0.0946541
0.000121384	0.189004
0.000123899	0.381178
0.000126413	0.724324
0.000128927	1.27111
0.000131441	2.16337
0.000133955	3.42049
0.000136469	5.20243
0.000138983	7.43888
0.000141498	10.1202
0.000144012	13.0864
0.000146526	15.9709
0.00014904	18.6384
0.000151554	20.5054
0.000154068	21.5407
0.000156582	21.3027
0.000159096	20.1459
0.000161611	18.1086
0.000164125	15.3888
0.000166639	12.6157
0.000169153	9.85483
0.000171667	7.64561
0.000174181	6.15186
0.000176695	6.18673
0.00017921	6.81243
0.000181724	8.51137
0.000184238	12.4804
0.000186752	18.1847
0.000189266	25.7573
0.00019178	35.458
0.000194294	47.1459
0.000196809	60.4205
0.000199323	75.1353
0.000201837	90.2395
0.000204351	105.768
0.000206865	120.882
0.000209379	135.914
0.000211893	151.751
0.000214407	168.898
0.000216922	190.9
0.000219436	218.124
0.00022195	255.885
0.000224464	304.175
0.000226978	367.622
0.000229492	445.871
0.000232006	540.439
0.000234521	650.85
0.000237035	774.546
0.000239549	911.2
0.000242063	1055.33
0.000244577	1206.93
0.000247091	1360.74
0.000249605	1517.01
0.000252119	1673.84
0.000254634	1831.49
0.000257148	1991.75
0.000259662	2154.71
0.000262176	2323.55
0.00026469	2498.25
0.000267204	2681.56
0.000269718	2873.43
0.000272233	3076.03
0.000274747	3289.31
0.000277261	3514.3
0.000279775	3750.94
0.000282289	3997.46
0.000284803	4253.88
0.000287317	4515.29
0.000289831	4781.74
0.000292346	5048.07
0.00029486	5314.23
0.000297374	5578.05
0.000299888	5839.48
0.000302402	6098.21
0.000304916	6354.37
0.00030743	6604.55
0.000309945	6849.02
0.000312459	7078.74
0.000314973	7293.79
0.000317487	7483.9
0.000320001	7648.64
0.000322515	7784.12
0.000325029	7889.58
0.000327544	7970.62
0.000330058	8026.83
0.000332572	8068.54
0.000335086	8096.11
0.0003376	8116.9
0.000340114	8132.43
0.000342628	8135.61
0.000345142	8134.14
0.000347657	8129.05
0.000350171	8101.96
0.000352685	8053.56
0.000355199	7985.21
0.000357713	7890.94
0.000360227	7769.96
0.000362741	7622.23
0.000365256	7447.19
0.00036777	7248.18
0.000370284	7024.79
0.000372798	6783.76
0.000375312	6525
0.000377826	6257.86
0.00038034	5983.04
0.000382854	5708.9
0.000385369	5436.83
0.000387883	5170.69
0.000390397	4911.7
0.000392911	4659.5
0.000395425	4414.56
0.000397939	4174.84
0.000400453	3940.29
0.000402968	3708.61
0.000405482	3479.52
0.000407996	3250.97
0.00041051	3022.32
0.000413024	2793.26
0.000415538	2562.93
0.000418052	2334.51
0.000420566	2107.65
0.000423081	1888.39
0.000425595	1677.6
0.000428109	1480.82
0.000430623	1299.89
0.000433137	1136.65
0.000435651	992.69
0.000438165	865.742
0.00044068	756.041
0.000443194	659.896
0.000445708	576.27
0.000448222	503.002
0.000450736	439.038
0.00045325	383.826
0.000455764	337.157
0.000458279	297.961
0.000460793	266.264
0.000463307	239.714
0.000465821	217.628
0.000468335	197.968
0.000470849	179.587
0.000473363	162.048
0.000475877	144.704
0.000478392	128.026
0.000480906	112.08
0.00048342	97.0801
0.000485934	83.2103
0.000488448	70.3548
0.000490962	58.4761
0.000493476	47.6043
0.000495991	37.6953
0.000498505	28.9351
0.000501019	21.4396
0.000503533	15.2253
0.000506047	10.4081
0.000508561	6.75629
0.000511075	4.21174
0.000513589	2.48931
0.000516104	1.39471
0.000518618	0.75532
0.000521132	0.368629
0.000523646	0.188361
0.00052616	0.0839036
0.000528674	0.0383394
0.000531188	0.0143525
0.000533703	0.00635685
