0.000500379	1.47827e-23
0.000506246	1.9548e-22
0.000512113	7.37572e-22
0.000517979	8.63225e-21
0.000523846	3.18687e-20
0.000529712	3.24734e-19
0.000535579	1.19246e-18
0.000541445	1.06047e-17
0.000547312	3.86413e-17
0.000553178	3.00749e-16
0.000559045	1.08445e-15
0.000564911	7.41007e-15
0.000570778	2.63593e-14
0.000576644	1.5869e-13
0.000582511	5.54952e-13
0.000588378	2.95521e-12
0.000594244	1.01206e-11
0.000600111	4.78799e-11
0.000605977	1.59896e-10
0.000611844	6.75246e-10
0.00061771	2.18876e-09
0.000623577	8.29332e-09
0.000629443	2.59637e-08
0.00063531	8.87488e-08
0.000641176	2.66956e-07
0.000647043	8.27875e-07
0.000652909	2.37982e-06
0.000658776	6.73481e-06
0.000664643	1.84014e-05
0.000670509	4.77999e-05
0.000676376	0.000123476
0.000682242	0.000296113
0.000688109	0.000719524
0.000693975	0.00160185
0.000699842	0.00364458
0.000705708	0.00757154
0.000711575	0.0160677
0.000717441	0.0312974
0.000723308	0.0617632
0.000729174	0.115226
0.000735041	0.209151
0.000740908	0.36993
0.000746774	0.622927
0.000752641	1.03117
0.000758507	1.62924
0.000764374	2.52842
0.00077024	3.76557
0.000776107	5.49766
0.000781973	7.75153
0.00078784	10.6998
0.000793706	14.3489
0.000799573	18.8362
0.000805439	24.1456
0.000811306	30.3298
0.000817173	37.3561
0.000823039	45.1666
0.000828906	53.7256
0.000834772	62.8758
0.000840639	72.5982
0.000846505	82.7027
0.000852372	93.2053
0.000858238	104.004
0.000864105	115.157
0.000869971	126.788
0.000875838	138.99
0.000881704	152.214
0.000887571	166.576
0.000893438	182.907
0.000899304	201.311
0.000905171	222.947
0.000911037	247.857
0.000916904	277.232
0.00092277	311.01
0.000928637	349.861
0.000934503	393.641
0.00094037	442.035
0.000946236	494.912
0.000952103	551.089
0.000957969	610.527
0.000963836	671.889
0.000969703	735.225
0.000975569	799.776
0.000981436	865.619
0.000987302	932.796
0.000993169	1001.37
0.000999035	1072.02
0.0010049	1144.8
0.00101077	1220.86
0.00101663	1300.23
0.0010225	1384.38
0.00102837	1473.26
0.00103423	1568.11
0.0010401	1668.85
0.00104597	1775.55
0.00105183	1888.17
0.0010577	2004.92
0.00106357	2125.8
0.00106943	2247.16
0.0010753	2369.03
0.00108117	2486.73
0.00108703	2600.29
0.0010929	2705.51
0.00109877	2802.39
0.00110463	2888.85
0.0011105	2964.84
0.00111637	3031
0.00112223	3087.27
0.0011281	3135.8
0.00113397	3176.6
0.00113983	3211.37
0.0011457	3240.15
0.00115157	3263.31
0.00115743	3280.89
0.0011633	3293
0.00116916	3299.71
0.00117503	3300.52
0.0011809	3297.56
0.00118676	3291.34
0.00119263	3281.49
0.0011985	3268.67
0.00120436	3253.04
0.00121023	3233.36
0.0012161	3209.64
0.00122196	3180.41
0.00122783	3145.52
0.0012337	3104.71
0.00123956	3057.85
0.00124543	3005.55
0.0012513	2947.9
0.00125716	2884.74
0.00126303	2816.25
0.0012689	2740.66
0.00127476	2657.96
0.00128063	2566.03
0.0012865	2464.48
0.00129236	2353.03
0.00129823	2231.14
0.0013041	2101.49
0.00130996	1963.82
0.00131583	1822.99
0.00132169	1679.26
0.00132756	1537.73
0.00133343	1399.08
0.00133929	1266.93
0.00134516	1142.06
0.00135103	1026.01
0.00135689	919.32
0.00136276	821.868
0.00136863	733.889
0.00137449	654.395
0.00138036	583.358
0.00138623	519.589
0.00139209	462.915
0.00139796	412.284
0.00140383	367.477
0.00140969	327.701
0.00141556	292.755
0.00142143	262.074
0.00142729	235.523
0.00143316	212.598
0.00143903	193.226
0.00144489	176.758
0.00145076	163.117
0.00145663	151.436
0.00146249	141.545
0.00146836	132.532
0.00147422	124.103
0.00148009	115.627
0.00148596	106.77
0.00149182	97.4264
0.00149769	87.3747
0.00150356	76.9925
0.00150942	66.2808
0.00151529	55.7975
0.00152116	45.7399
0.00152702	36.5059
0.00153289	28.346
0.00153876	21.3419
0.00154462	15.6486
0.00155049	11.1025
0.00155636	7.70707
0.00156222	5.2276
0.00156809	3.49831
0.00157396	2.56542
0.00157982	2.1355
0.00158569	2.00722
0.00159156	2.32817
0.00159742	3.04241
0.00160329	4.0681
0.00160916	5.37798
0.00161502	6.96687
0.00162089	8.70878
0.00162675	10.5564
0.00163262	12.3314
0.00163849	13.9129
0.00164435	15.1606
0.00165022	15.9042
0.00165609	16.166
0.00166195	15.8459
0.00166782	14.9468
