0.000500379	3.69709e-124
0.00050876	8.25299e-120
0.000517141	3.30108e-119
0.000525522	5.78858e-115
0.000533903	2.33898e-114
0.000542284	3.22133e-110
0.000550665	1.31514e-109
0.000559045	1.42236e-105
0.000567426	5.86804e-105
0.000575807	4.98299e-101
0.000584188	2.07774e-100
0.000592569	1.3851e-96
0.00060095	5.83807e-96
0.00060933	3.0548e-92
0.000617711	1.30175e-91
0.000626092	5.34562e-88
0.000634473	2.30341e-87
0.000642854	7.42213e-84
0.000651235	3.23445e-83
0.000659615	8.17671e-80
0.000667996	3.6043e-79
0.000676377	7.14747e-76
0.000684758	3.18738e-75
0.000693139	4.95743e-72
0.00070152	2.23689e-71
0.0007099	2.72834e-68
0.000718281	1.24583e-67
0.000726662	1.19149e-64
0.000735043	5.50661e-64
0.000743424	4.12897e-61
0.000751805	1.93164e-60
0.000760186	1.13546e-57
0.000768566	5.37763e-57
0.000776947	2.478e-54
0.000785328	1.1882e-53
0.000793709	4.29196e-51
0.00080209	2.0837e-50
0.000810471	5.90025e-48
0.000818851	2.90027e-47
0.000827232	6.43853e-45
0.000835613	3.20416e-44
0.000843994	5.57775e-42
0.000852375	2.80982e-41
0.000860756	3.83667e-39
0.000869136	1.95593e-38
0.000877517	2.09585e-36
0.000885898	1.08084e-35
0.000894279	9.09463e-34
0.00090266	4.74169e-33
0.000911041	3.13592e-31
0.000919421	1.65156e-30
0.000927802	8.59548e-29
0.000936183	4.5676e-28
0.000944564	1.87377e-26
0.000952945	1.00312e-25
0.000961326	3.25065e-24
0.000969707	1.74963e-23
0.000978087	4.49117e-22
0.000986468	2.42396e-21
0.000994849	4.94639e-20
0.00100323	2.66784e-19
0.00101161	4.3475e-18
0.00101999	2.33313e-17
0.00102837	3.05343e-16
0.00103675	1.62166e-15
0.00104513	1.71631e-14
0.00105351	8.9608e-14
0.0010619	7.73405e-13
0.00107028	3.93769e-12
0.00107866	2.79913e-11
0.00108704	1.37663e-10
0.00109542	8.15209e-10
0.0011038	3.83078e-09
0.00111218	1.91398e-08
0.00112056	8.48997e-08
0.00112894	3.6285e-07
0.00113732	1.49965e-06
0.0011457	5.56137e-06
0.00115409	2.11312e-05
0.00116247	6.8968e-05
0.00117085	0.000237791
0.00117923	0.000692237
0.00118761	0.00214002
0.00119599	0.00562282
0.00120437	0.0154304
0.00121275	0.0369492
0.00122113	0.0893554
0.00122951	0.196394
0.00123789	0.416946
0.00124627	0.856936
0.00125466	1.60485
0.00126304	3.01103
0.00127142	5.08576
0.0012798	8.43211
0.00128818	13.0461
0.00129656	19.502
0.00130494	27.7908
0.00131332	38.2324
0.0013217	50.8234
0.00133008	65.8072
0.00133846	83.1822
0.00134684	103.424
0.00135523	126.532
0.00136361	152.843
0.00137199	182.366
0.00138037	214.797
0.00138875	250.124
0.00139713	288.456
0.00140551	329.716
0.00141389	376.071
0.00142227	427.489
0.00143065	486.781
0.00143903	554.142
0.00144741	628.901
0.0014558	711.349
0.00146418	796.391
0.00147256	883.982
0.00148094	969.528
0.00148932	1052.52
0.0014977	1134.11
0.00150608	1213.82
0.00151446	1297.69
0.00152284	1385.91
0.00153122	1483.29
0.0015396	1590.61
0.00154798	1706.45
0.00155637	1831.55
0.00156475	1958.33
0.00157313	2086.82
0.00158151	2208.08
0.00158989	2321.1
0.00159827	2422.47
0.00160665	2510.55
0.00161503	2592
0.00162341	2666.13
0.00163179	2745.15
0.00164017	2830.8
0.00164855	2927.58
0.00165694	3038.7
0.00166532	3151.51
0.0016737	3267.39
0.00168208	3363.4
0.00169046	3440.45
0.00169884	3461.71
0.00170722	3443.76
0.0017156	3400.26
0.00172398	3297.48
0.00173236	3166.19
0.00174074	3013.57
0.00174912	2857.12
0.00175751	2701.85
0.00176589	2555.74
0.00177427	2423.08
0.00178265	2299.48
0.00179103	2185.83
0.00179941	2074.37
0.00180779	1963.42
0.00181617	1848.68
0.00182455	1728.04
0.00183293	1602.33
0.00184131	1470.43
0.00184969	1336.91
0.00185808	1202.27
0.00186646	1071.58
0.00187484	946.572
0.00188322	829.581
0.0018916	722.113
0.00189998	623.767
0.00190836	534.833
0.00191674	454.663
0.00192512	382.992
0.0019335	319.856
0.00194188	265.381
0.00195026	218.952
0.00195865	180.758
0.00196703	148.964
0.00197541	123.055
0.00198379	101.263
0.00199217	82.5827
0.00200055	66.3974
0.00200893	52.0331
0.00201731	39.6324
0.00202569	29.1105
0.00203407	20.489
0.00204245	13.8632
0.00205083	8.88621
0.00205922	5.46614
0.0020676	3.17468
0.00207598	1.74147
0.00208436	0.926123
0.00209274	0.442774
0.00210112	0.219951
0.0021095	0.0954962
0.00211788	0.0421093
0.00212626	0.0167717
0.00213464	0.00647553
0.00214302	0.00239255
0.0021514	0.00079772
0.00215979	0.000258353
0.00216817	7.85635e-05
