3.33898e-05	3.19413e-07
3.55687e-05	9.72707e-07
3.77476e-05	2.93259e-06
3.99264e-05	8.67857e-06
4.21053e-05	2.33655e-05
4.42842e-05	6.28709e-05
4.64631e-05	0.000161615
4.8642e-05	0.000397663
5.08209e-05	0.000970878
5.29998e-05	0.00219699
5.51787e-05	0.00506803
5.73576e-05	0.0106056
5.95365e-05	0.023001
6.17154e-05	0.0447455
6.38943e-05	0.0908147
6.60732e-05	0.167447
6.82521e-05	0.312931
7.0431e-05	0.550997
7.26099e-05	0.942605
7.47888e-05	1.55721
7.69677e-05	2.47381
7.91465e-05	3.82055
8.13254e-05	5.65933
8.35043e-05	8.15534
8.56832e-05	11.291
8.78621e-05	15.1727
9.0041e-05	19.6562
9.22199e-05	24.6388
9.43988e-05	29.8782
9.65777e-05	34.9699
9.87566e-05	39.6968
0.000100935	43.6543
0.000103114	46.3372
0.000105293	47.0321
0.000107472	47.2946
0.000109651	46.2947
0.00011183	43.7344
0.000114009	40.9748
0.000116188	38.13
0.000118367	36.2566
0.000120546	35.2723
0.000122724	35.9963
0.000124903	39.0844
0.000127082	44.5397
0.000129261	52.4191
0.00013144	62.8512
0.000133619	75.7718
0.000135798	91.0696
0.000137977	108.756
0.000140156	128.779
0.000142334	151.175
0.000144513	176.039
0.000146692	203.327
0.000148871	233.011
0.00015105	264.977
0.000153229	298.8
0.000155408	334.495
0.000157587	371.626
0.000159766	410.564
0.000161945	452.05
0.000164123	496.769
0.000166302	547.69
0.000168481	605.421
0.00017066	674.679
0.000172839	755.549
0.000175018	852.194
0.000177197	964.092
0.000179376	1092.27
0.000181555	1235.94
0.000183733	1392.17
0.000185912	1560.39
0.000188091	1735.19
0.00019027	1916.37
0.000192449	2098.42
0.000194628	2281.46
0.000196807	2461.55
0.000198986	2638.96
0.000201165	2811.98
0.000203344	2980.93
0.000205522	3146.51
0.000207701	3309.04
0.00020988	3471.57
0.000212059	3634.33
0.000214238	3802.09
0.000216417	3974.89
0.000218596	4157.63
0.000220775	4350.15
0.000222954	4555.3
0.000225132	4772.81
0.000227311	5001.8
0.00022949	5242.06
0.000231669	5489.12
0.000233848	5742.92
0.000236027	5997.28
0.000238206	6252.24
0.000240385	6501.92
0.000242564	6746.36
0.000244743	6980.38
0.000246921	7204
0.0002491	7411.88
0.000251279	7604.06
0.000253458	7774.81
0.000255637	7924.17
0.000257816	8047.63
0.000259995	8145.17
0.000262174	8217.41
0.000264353	8264.84
0.000266531	8272.3
0.00026871	8268.44
0.000270889	8256.18
0.000273068	8214.48
0.000275247	8163.13
0.000277426	8103.01
0.000279605	8038.38
0.000281784	7969.48
0.000283963	7898.41
0.000286142	7825.54
0.00028832	7748.46
0.000290499	7667.45
0.000292678	7577.11
0.000294857	7477.37
0.000297036	7363.38
0.000299215	7234.69
0.000301394	7090.28
0.000303573	6929.6
0.000305752	6756
0.00030793	6569.29
0.000310109	6374.68
0.000312288	6172.51
0.000314467	5966.38
0.000316646	5756.9
0.000318825	5544.09
0.000321004	5328.35
0.000323183	5107.24
0.000325362	4880.53
0.00032754	4646.83
0.000329719	4405.4
0.000331898	4158.84
0.000334077	3906.6
0.000336256	3655.17
0.000338435	3404.79
0.000340614	3162.74
0.000342793	2930.08
0.000344972	2711.24
0.000347151	2507.53
0.000349329	2318.95
0.000351508	2146.31
0.000353687	1986.31
0.000355866	1838.85
0.000358045	1700.16
0.000360224	1569.42
0.000362403	1444.95
0.000364582	1325.85
0.000366761	1213.17
0.000368939	1106.66
0.000371118	1008.53
0.000373297	919.334
0.000375476	840.072
0.000377655	771.556
0.000379834	712.314
0.000382013	662.666
0.000384192	619.323
0.000386371	581.741
0.00038855	546.674
0.000390728	512.997
0.000392907	479.076
0.000395086	443.869
0.000397265	407.65
0.000399444	369.995
0.000401623	332.228
0.000403802	294.594
0.000405981	258.352
0.00040816	224.048
0.000410338	192.306
0.000412517	163.569
0.000414696	137.913
0.000416875	115.532
0.000419054	96.2544
0.000421233	80.1101
0.000423412	66.7982
0.000425591	56.2751
0.00042777	48.0646
0.000429949	42.0247
0.000432127	37.5414
0.000434306	34.3205
0.000436485	31.8192
0.000438664	29.6494
0.000440843	27.5534
0.000443022	25.215
0.000445201	22.6873
0.00044738	19.8582
0.000449559	16.9291
0.000451737	13.9802
0.000453916	11.1702
0.000456095	8.64704
0.000458274	6.44533
0.000460453	4.66044
0.000462632	3.23701
0.000464811	2.15164
0.00046699	1.41236
