3.33898e-05	0.0122013
3.55687e-05	0.0192002
3.77476e-05	0.0354518
3.99264e-05	0.0580522
4.21053e-05	0.0954803
4.42842e-05	0.151335
4.64631e-05	0.238444
4.8642e-05	0.365259
5.08209e-05	0.552444
5.29998e-05	0.817058
5.51787e-05	1.18828
5.73576e-05	1.69588
5.95365e-05	2.37508
6.17154e-05	3.27046
6.38943e-05	4.41653
6.60732e-05	5.86934
6.82521e-05	7.65228
7.0431e-05	9.82137
7.26099e-05	12.3784
7.47888e-05	15.3601
7.69677e-05	18.7414
7.91465e-05	22.5189
8.13254e-05	26.6453
8.35043e-05	31.0651
8.56832e-05	35.7233
8.78621e-05	40.5191
9.0041e-05	45.4097
9.22199e-05	50.2776
9.43988e-05	55.1081
9.65777e-05	59.8086
9.87566e-05	64.3984
0.000100935	68.8479
0.000103114	73.2023
0.000105293	77.513
0.000107472	81.8361
0.000109651	86.2927
0.00011183	90.9365
0.000114009	95.929
0.000116188	101.318
0.000118367	107.28
0.000120546	113.867
0.000122724	121.271
0.000124903	129.563
0.000127082	138.989
0.000129261	149.645
0.00013144	161.881
0.000133619	175.803
0.000135798	191.879
0.000137977	210.194
0.000140156	231.276
0.000142334	255.158
0.000144513	282.293
0.000146692	312.653
0.000148871	346.471
0.00015105	383.673
0.000153229	424.198
0.000155408	467.959
0.000157587	514.636
0.000159766	564.159
0.000161945	616.067
0.000164123	670.319
0.000166302	726.434
0.000168481	784.386
0.00017066	843.73
0.000172839	904.442
0.000175018	966.093
0.000177197	1028.66
0.000179376	1091.71
0.000181555	1155.23
0.000183733	1218.83
0.000185912	1282.54
0.000188091	1346.12
0.00019027	1409.64
0.000192449	1473.2
0.000194628	1536.87
0.000196807	1601.14
0.000198986	1666.06
0.000201165	1732.36
0.000203344	1800.06
0.000205522	1869.87
0.000207701	1941.75
0.00020988	2016.06
0.000212059	2092.75
0.000214238	2171.58
0.000216417	2252.49
0.000218596	2334.67
0.000220775	2418.09
0.000222954	2501.58
0.000225132	2585.13
0.000227311	2667.59
0.00022949	2748.99
0.000231669	2828.53
0.000233848	2906.24
0.000236027	2981.82
0.000238206	3055.27
0.000240385	3126.66
0.000242564	3195.99
0.000244743	3263.38
0.000246921	3328.83
0.0002491	3392.29
0.000251279	3453.76
0.000253458	3513.01
0.000255637	3570.02
0.000257816	3624.56
0.000259995	3676.61
0.000262174	3726.09
0.000264353	3773
0.000266531	3817.37
0.00026871	3859.21
0.000270889	3898.29
0.000273068	3934.67
0.000275247	3967.42
0.000277426	3996.61
0.000279605	4020.87
0.000281784	4040.77
0.000283963	4046.4
0.000286142	4047.5
0.00028832	4045.37
0.000290499	4024.79
0.000292678	3991.8
0.000294857	3947.31
0.000297036	3890.11
0.000299215	3819.98
0.000301394	3738.99
0.000303573	3646.98
0.000305752	3547.62
0.00030793	3440.91
0.000310109	3331.07
0.000312288	3218.32
0.000314467	3106.14
0.000316646	2994.9
0.000318825	2886.36
0.000321004	2780.9
0.000323183	2678.33
0.000325362	2578.87
0.00032754	2480.91
0.000329719	2384.43
0.000331898	2287.46
0.000334077	2189.77
0.000336256	2090.11
0.000338435	1988.15
0.000340614	1883.94
0.000342793	1777.22
0.000344972	1669.27
0.000347151	1560.02
0.000349329	1451.41
0.000351508	1343.59
0.000353687	1238.48
0.000355866	1136.38
0.000358045	1038.66
0.000360224	945.68
0.000362403	858.101
0.000364582	776.191
0.000366761	700.008
0.000368939	629.691
0.000371118	564.897
0.000373297	505.641
0.000375476	451.396
0.000377655	402.09
0.000379834	357.177
0.000382013	316.538
0.000384192	279.69
0.000386371	246.506
0.00038855	216.58
0.000390728	189.796
0.000392907	165.799
0.000395086	144.487
0.000397265	125.527
0.000399444	108.818
0.000401623	94.0426
0.000403802	81.0947
0.000405981	69.6883
0.00040816	59.7113
0.000410338	50.9348
0.000412517	43.2522
0.000414696	36.5022
0.000416875	30.5969
0.000419054	25.4316
0.000421233	20.9431
0.000423412	17.0591
0.000425591	13.7364
0.00042777	10.9134
0.000429949	8.5567
0.000432127	6.60477
0.000434306	5.02477
0.000436485	3.75697
0.000438664	2.76563
0.000440843	1.99897
0.000443022	1.42055
0.000445201	0.991422
0.00044738	0.678783
0.000449559	0.45724
0.000451737	0.301025
0.000453916	0.195772
0.000456095	0.123687
0.000458274	0.077732
0.000460453	0.0470241
0.000462632	0.0286011
0.000464811	0.0153655
0.00046699	0.00974807
