0.000500379	9.20656e-71
0.000507922	4.39401e-68
0.000515465	1.75484e-67
0.000523008	6.94282e-65
0.00053055	2.79833e-64
0.000538093	9.17239e-62
0.000545636	3.73321e-61
0.000553179	1.01377e-58
0.000560721	4.16665e-58
0.000568264	9.37376e-56
0.000575807	3.89058e-55
0.00058335	7.25146e-53
0.000590892	3.03923e-52
0.000598435	4.69344e-50
0.000605978	1.98627e-49
0.000613521	2.54176e-47
0.000621063	1.08602e-46
0.000628606	1.15182e-44
0.000636149	4.96783e-44
0.000643692	4.3679e-42
0.000651234	1.90119e-41
0.000658777	1.38627e-39
0.00066632	6.08718e-39
0.000673862	3.68268e-37
0.000681405	1.63059e-36
0.000688948	8.19001e-35
0.000696491	3.65441e-34
0.000704033	1.52507e-32
0.000711576	6.85236e-32
0.000719119	2.37838e-30
0.000726662	1.07503e-29
0.000734204	3.10724e-28
0.000741747	1.41114e-27
0.00074929	3.40182e-26
0.000756833	1.54991e-25
0.000764375	3.1222e-24
0.000771918	1.42443e-23
0.000779461	2.40338e-22
0.000787004	1.09547e-21
0.000794546	1.5525e-20
0.000802089	7.05039e-20
0.000809632	8.4208e-19
0.000817175	3.79764e-18
0.000824717	3.83794e-17
0.00083226	1.71217e-16
0.000839803	1.47098e-15
0.000847345	6.46202e-15
0.000854888	4.7452e-14
0.000862431	2.04197e-13
0.000869974	1.28955e-12
0.000877516	5.40355e-12
0.000885059	2.95508e-11
0.000892602	1.19775e-10
0.000900145	5.71555e-10
0.000907687	2.22459e-09
0.00091523	9.33888e-09
0.000922773	3.46339e-08
0.000930316	1.29013e-07
0.000937858	4.522e-07
0.000945401	1.5079e-06
0.000952944	4.95454e-06
0.000960487	1.49194e-05
0.000968029	4.55874e-05
0.000975572	0.00012501
0.000983115	0.000352582
0.000990658	0.000887323
0.0009982	0.00229484
0.00100574	0.00533661
0.00101329	0.0125881
0.00102083	0.0272041
0.00102837	0.0583027
0.00103591	0.117607
0.00104346	0.228557
0.001051	0.441655
0.00105854	0.778852
0.00106608	1.37524
0.00107363	2.24808
0.00108117	3.62809
0.00108871	5.5245
0.00109626	8.2123
0.0011038	11.6865
0.00111134	16.1546
0.00111888	21.6031
0.00112643	28.0909
0.00113397	35.6112
0.00114151	44.1359
0.00114906	53.6728
0.0011566	64.2815
0.00116414	75.9776
0.00117168	89.0411
0.00117923	103.483
0.00118677	119.795
0.00119431	137.976
0.00120185	158.557
0.0012094	181.526
0.00121694	207.127
0.00122448	235.35
0.00123203	265.986
0.00123957	299.041
0.00124711	334.541
0.00125465	372.488
0.0012622	414.694
0.00126974	461.125
0.00127728	516.05
0.00128482	579.442
0.00129237	655.796
0.00129991	745.212
0.00130745	848.041
0.001315	964.542
0.00132254	1088.49
0.00133008	1220.08
0.00133762	1349.3
0.00134517	1476.02
0.00135271	1592.66
0.00136025	1698.76
0.00136779	1793.39
0.00137534	1876.1
0.00138288	1951.41
0.00139042	2019.23
0.00139797	2085.21
0.00140551	2149.57
0.00141305	2216.05
0.00142059	2284.93
0.00142814	2357.68
0.00143568	2434.57
0.00144322	2515.16
0.00145076	2599.71
0.00145831	2685.59
0.00146585	2772.99
0.00147339	2857.25
0.00148094	2938.3
0.00148848	3011.19
0.00149602	3075.52
0.00150356	3128.13
0.00151111	3169.65
0.00151865	3191.25
0.00152619	3200.59
0.00153373	3200.97
0.00154128	3179.86
0.00154882	3142.25
0.00155636	3089.8
0.00156391	3022.89
0.00157145	2941.33
0.00157899	2848.14
0.00158653	2743.44
0.00159408	2630.78
0.00160162	2510.54
0.00160916	2385.99
0.0016167	2257.61
0.00162425	2128.13
0.00163179	1998.04
0.00163933	1869.6
0.00164688	1743.27
0.00165442	1620.72
0.00166196	1502.42
0.0016695	1389.11
0.00167705	1281.15
0.00168459	1178.61
0.00169213	1081.55
0.00169968	990.177
0.00170722	904.442
0.00171476	824.924
0.0017223	751.807
0.00172985	685.303
0.00173739	625.786
0.00174493	572.24
0.00175247	524.777
0.00176002	481.367
0.00176756	441.517
0.0017751	403.438
0.00178265	366.239
0.00179019	329.517
0.00179773	292.595
0.00180527	256.499
0.00181282	221.237
0.00182036	188.279
0.0018279	158.247
0.00183544	131.937
0.00184299	110.062
0.00185053	92.3127
0.00185807	78.9738
0.00186562	68.9896
0.00187316	62.0727
0.0018807	57.0983
0.00188824	53.4363
0.00189579	50.3749
0.00190333	47.2938
0.00191087	44.0072
0.00191841	40.146
0.00192596	35.9007
0.0019335	31.215
0.00194104	26.4053
0.00194859	21.641
0.00195613	17.1463
0.00196367	13.1501
0.00197121	9.69371
0.00197876	6.91613
0.0019863	4.724
0.00199384	3.06985
0.00200138	1.96994
