0.000500379	1.03124e-10
0.000506246	3.37096e-10
0.000512113	1.03901e-09
0.000517979	3.3539e-09
0.000523846	9.39544e-09
0.000529712	2.80798e-08
0.000535579	7.62548e-08
0.000541445	2.11722e-07
0.000547312	5.55515e-07
0.000553178	1.43785e-06
0.000559045	3.63271e-06
0.000564911	8.79564e-06
0.000570778	2.13257e-05
0.000576644	4.84668e-05
0.000582511	0.000112396
0.000588378	0.000240569
0.000594244	0.000531884
0.000600111	0.00107554
0.000605977	0.00226022
0.000611844	0.00433076
0.00061771	0.00862602
0.000623577	0.0157738
0.000629443	0.0296026
0.00063531	0.0525603
0.000641176	0.0917503
0.000647043	0.155223
0.000652909	0.255393
0.000658776	0.410513
0.000664643	0.638603
0.000670509	0.97346
0.000676376	1.43487
0.000682242	2.0725
0.000688109	2.89903
0.000693975	3.96777
0.000699842	5.27379
0.000705708	6.84659
0.000711575	8.65988
0.000717441	10.6883
0.000723308	12.8952
0.000729174	15.1929
0.000735041	17.5586
0.000740908	19.8819
0.000746774	22.1748
0.000752641	24.3827
0.000758507	26.5504
0.000764374	28.7413
0.00077024	31.0037
0.000776107	33.5029
0.000781973	36.2535
0.00078784	39.4163
0.000793706	42.9597
0.000799573	46.9143
0.000805439	51.2261
0.000811306	55.7566
0.000817173	60.4723
0.000823039	65.1596
0.000828906	69.8326
0.000834772	74.3686
0.000840639	78.8228
0.000846505	83.2827
0.000852372	87.8197
0.000858238	92.7435
0.000864105	98.1257
0.000869971	104.452
0.000875838	111.795
0.000881704	120.803
0.000887571	131.555
0.000893438	144.885
0.000899304	160.862
0.000905171	180.472
0.000911037	203.748
0.000916904	231.657
0.00092277	264.189
0.000928637	302.069
0.000934503	345.27
0.00094037	394.215
0.000946236	448.893
0.000952103	509.596
0.000957969	576.331
0.000963836	649.438
0.000969703	728.895
0.000975569	814.899
0.000981436	907.356
0.000987302	1005.66
0.000993169	1109.67
0.000999035	1217.27
0.0010049	1328.36
0.00101077	1439.32
0.00101663	1550.13
0.0010225	1656.65
0.00102837	1758.96
0.00103423	1853.91
0.0010401	1941.63
0.00104597	2021.12
0.00105183	2092.49
0.0010577	2157.09
0.00106357	2214.97
0.00106943	2269
0.0010753	2319.16
0.00108117	2368.54
0.00108703	2417.1
0.0010929	2466.88
0.00109877	2517.87
0.00110463	2570.32
0.0011105	2624.28
0.00111637	2678.3
0.00112223	2732.41
0.0011281	2784.25
0.00113397	2833.81
0.00113983	2878.91
0.0011457	2919.5
0.00115157	2954.4
0.00115743	2983.54
0.0011633	3006.86
0.00116916	3024.3
0.00117503	3036.55
0.0011809	3043.76
0.00118676	3044.75
0.00119263	3042.02
0.0011985	3035.96
0.00120436	3024.28
0.00121023	3008.26
0.0012161	2988.07
0.00122196	2963.55
0.00122783	2934.7
0.0012337	2901.54
0.00123956	2864.08
0.00124543	2822.22
0.0012513	2775.98
0.00125716	2724.98
0.00126303	2669.22
0.0012689	2608.06
0.00127476	2541.48
0.00128063	2468.96
0.0012865	2390.37
0.00129236	2305.93
0.00129823	2215.47
0.0013041	2120.25
0.00130996	2020.18
0.00131583	1917.46
0.00132169	1812.18
0.00132756	1706.82
0.00133343	1601.66
0.00133929	1498.67
0.00134516	1398.22
0.00135103	1301.3
0.00135689	1208.23
0.00136276	1119.12
0.00136863	1034.1
0.00137449	952.87
0.00138036	875.406
0.00138623	801.522
0.00139209	731.119
0.00139796	664.368
0.00140383	601.22
0.00140969	542.112
0.00141556	487.104
0.00142143	436.596
0.00142729	390.737
0.00143316	349.574
0.00143903	313.258
0.00144489	281.33
0.00145076	253.834
0.00145663	229.892
0.00146249	209.375
0.00146836	191.277
0.00147422	175.311
0.00148009	160.687
0.00148596	147.063
0.00149182	134.061
0.00149769	121.418
0.00150356	109.146
0.00150942	97.1338
0.00151529	85.6013
0.00152116	74.5798
0.00152702	64.3011
0.00153289	54.8667
0.00153876	46.4161
0.00154462	39.0496
0.00155049	32.7939
0.00155636	27.712
0.00156222	23.7292
0.00156809	20.8185
0.00157396	18.959
0.00157982	17.9406
0.00158569	17.6344
0.00159156	17.9202
0.00159742	18.4659
0.00160329	19.2183
0.00160916	19.9328
0.00161502	20.4227
0.00162089	20.6289
0.00162675	20.3841
0.00163262	19.7077
0.00163849	18.577
0.00164435	17.1014
0.00165022	15.3278
0.00165609	13.3889
0.00166195	11.4417
0.00166782	9.43249
