0.000166815	1.26249e-16
0.000172682	7.37576e-16
0.000178548	2.57156e-15
0.000184415	1.40759e-14
0.000190282	4.64526e-14
0.000196148	2.29474e-13
0.000202015	7.44177e-13
0.000207881	3.32824e-12
0.000213748	1.05734e-11
0.000219614	4.29575e-11
0.000225481	1.3324e-10
0.000231347	4.93541e-10
0.000237214	1.48924e-09
0.00024308	5.04864e-09
0.000248947	1.47648e-08
0.000254813	4.59924e-08
0.00026068	1.29852e-07
0.000266547	3.73196e-07
0.000272413	1.01313e-06
0.00027828	2.69763e-06
0.000284146	7.0131e-06
0.000290013	1.73723e-05
0.000295879	4.30755e-05
0.000301746	9.967e-05
0.000307612	0.000234788
0.000313479	0.000509429
0.000319345	0.00113581
0.000325212	0.00231931
0.000331078	0.00487734
0.000336945	0.00940395
0.000342812	0.0185945
0.000348678	0.0343435
0.000354545	0.0632101
0.000360411	0.11215
0.000366278	0.191797
0.000372144	0.321177
0.000378011	0.516141
0.000383877	0.813944
0.000389744	1.23222
0.00039561	1.82772
0.000401477	2.61032
0.000407343	3.64073
0.00041321	4.90891
0.000419077	6.44125
0.000424943	8.20275
0.00043081	10.1391
0.000436676	12.2026
0.000442543	14.2427
0.000448409	16.2278
0.000454276	17.9655
0.000460142	19.4688
0.000466009	20.6231
0.000471875	21.4932
0.000477742	22.1651
0.000483608	22.7351
0.000489475	23.5381
0.000495342	24.6699
0.000501208	26.6626
0.000507075	29.5899
0.000512941	34.0741
0.000518808	40.1607
0.000524674	48.4615
0.000530541	58.9956
0.000536407	72.2874
0.000542274	88.3352
0.00054814	107.521
0.000554007	129.838
0.000559873	155.529
0.00056574	184.604
0.000571606	217.278
0.000577473	253.583
0.00058334	293.856
0.000589206	338.108
0.000595073	386.738
0.000600939	439.671
0.000606806	496.874
0.000612672	558.168
0.000618539	622.378
0.000624405	689.3
0.000630272	756.38
0.000636138	823.535
0.000642005	887.711
0.000647871	949.031
0.000653738	1005.75
0.000659605	1058.12
0.000665471	1107.22
0.000671338	1153.27
0.000677204	1200.09
0.000683071	1247.71
0.000688937	1300.82
0.000694804	1359.3
0.00070067	1426.28
0.000706537	1501.61
0.000712403	1585.63
0.00071827	1678.24
0.000724136	1777.48
0.000730003	1883.35
0.00073587	1993.12
0.000741736	2106.81
0.000747603	2222.23
0.000753469	2339.38
0.000759336	2456.87
0.000765202	2574.69
0.000771069	2691.63
0.000776935	2807.7
0.000782802	2920.99
0.000788668	3031.56
0.000794535	3136.28
0.000800401	3235.21
0.000806268	3324.21
0.000812135	3403.28
0.000818001	3468.43
0.000823868	3519.84
0.000829734	3550.21
0.000835601	3564.87
0.000841467	3564.5
0.000847334	3540.69
0.0008532	3498.97
0.000859067	3439.63
0.000864933	3365.87
0.0008708	3277.49
0.000876666	3180.49
0.000882533	3074.83
0.0008884	2967.36
0.000894266	2858.3
0.000900133	2753.42
0.000905999	2653.18
0.000911866	2560.53
0.000917732	2476
0.000923599	2399.17
0.000929465	2330.4
0.000935332	2266.86
0.000941198	2208.59
0.000947065	2151.94
0.000952931	2096.67
0.000958798	2039.84
0.000964665	1981.02
0.000970531	1918.83
0.000976398	1852.85
0.000982264	1783.45
0.000988131	1710.37
0.000993997	1635.28
0.000999864	1558.22
0.00100573	1481.11
0.0010116	1404.26
0.00101746	1328.82
0.00102333	1255.16
0.0010292	1183.24
0.00103506	1113.25
0.00104093	1044.5
0.0010468	976.873
0.00105266	909.976
0.00105853	843.568
0.0010644	778.08
0.00107026	713.392
0.00107613	650.583
0.001082	589.781
0.00108786	532.082
0.00109373	477.793
0.00109959	427.493
0.00110546	381.489
0.00111133	339.698
0.00111719	302.277
0.00112306	268.672
0.00112893	238.842
0.00113479	212.078
0.00114066	188.197
0.00114653	166.605
0.00115239	147.072
0.00115826	129.247
0.00116413	112.943
0.00116999	98.0205
0.00117586	84.3767
0.00118173	71.9723
0.00118759	60.7721
0.00119346	50.7402
0.00119933	41.8671
0.00120519	34.0826
0.00121106	27.3713
0.00121693	21.6316
0.00122279	16.8306
0.00122866	12.8492
0.00123453	9.63711
0.00124039	7.07053
0.00124626	5.0856
0.00125212	3.56893
0.00125799	2.44945
0.00126386	1.63836
0.00126972	1.06773
0.00127559	0.679349
0.00128146	0.418308
0.00128732	0.253148
0.00129319	0.146455
0.00129906	0.0844659
0.00130492	0.04534
0.00131079	0.0251953
0.00131666	0.0126267
0.00132252	0.00670016
0.00132839	0.00286385
0.00133426	0.00158508
