3.33898e-05	6.69649e-57
3.59039e-05	2.21238e-54
3.8418e-05	8.82944e-54
4.09322e-05	2.3668e-51
4.34463e-05	9.52779e-51
4.59604e-05	2.07077e-48
4.84746e-05	8.41464e-48
5.09887e-05	1.48299e-45
5.35028e-05	6.08242e-45
5.6017e-05	8.69387e-43
5.85311e-05	3.59856e-42
6.10452e-05	4.17262e-40
6.35594e-05	1.74265e-39
6.60735e-05	1.63976e-37
6.85877e-05	6.90774e-37
7.11018e-05	5.27712e-35
7.36159e-05	2.24145e-34
7.61301e-05	1.39105e-32
7.86442e-05	5.95403e-32
8.11583e-05	3.00416e-30
8.36725e-05	1.29482e-29
8.61866e-05	5.31686e-28
8.87007e-05	2.30541e-27
9.12149e-05	7.7142e-26
9.3729e-05	3.36097e-25
9.62431e-05	9.17925e-24
9.87573e-05	4.01232e-23
0.000101271	8.96229e-22
0.000103786	3.92266e-21
0.0001063	7.18422e-20
0.000108814	3.14102e-19
0.000111328	4.73139e-18
0.000113842	2.06026e-17
0.000116356	2.5621e-16
0.00011887	1.10713e-15
0.000121384	1.14183e-14
0.000123899	4.87502e-14
0.000126413	4.19236e-13
0.000128927	1.75934e-12
0.000131441	1.26961e-11
0.000133955	5.20506e-11
0.000136469	3.1752e-10
0.000138983	1.26282e-09
0.000141498	6.56637e-09
0.000144012	2.51343e-08
0.000146526	1.12434e-07
0.00014904	4.10594e-07
0.000151554	1.59598e-06
0.000154068	5.50877e-06
0.000156582	1.88029e-05
0.000159096	6.0751e-05
0.000161611	0.000184052
0.000164125	0.000551309
0.000166639	0.00149828
0.000169153	0.00412326
0.000171667	0.0101533
0.000174181	0.0254691
0.000176695	0.0573454
0.00017921	0.13032
0.000181724	0.270423
0.000184238	0.554728
0.000186752	1.08553
0.000189266	2.00138
0.00019178	3.64405
0.000194294	6.1304
0.000196809	10.178
0.000199323	15.8998
0.000201837	24.3345
0.000204351	35.5656
0.000206865	50.7959
0.000209379	70.0715
0.000211893	94.5813
0.000214407	124.344
0.000216922	160.428
0.000219436	202.833
0.00022195	252.425
0.000224464	309.213
0.000226978	373.924
0.000229492	446.62
0.000232006	528.337
0.000234521	619.167
0.000237035	720.845
0.000239549	833.37
0.000242063	958.445
0.000244577	1095.92
0.000247091	1245.84
0.000249605	1408.05
0.000252119	1580.67
0.000254634	1763.72
0.000257148	1955.83
0.000259662	2157.18
0.000262176	2369.48
0.00026469	2592.81
0.000267204	2830.8
0.000269718	3083.32
0.000272233	3351
0.000274747	3633.7
0.000277261	3925.31
0.000279775	4225.84
0.000282289	4524.63
0.000284803	4821.74
0.000287317	5108.55
0.000289831	5385.08
0.000292346	5648.37
0.00029486	5898.41
0.000297374	6134.52
0.000299888	6356.75
0.000302402	6562.31
0.000304916	6751.19
0.00030743	6920.71
0.000309945	7070.62
0.000312459	7203.58
0.000314973	7319.34
0.000317487	7424.81
0.000320001	7520.18
0.000322515	7609.43
0.000325029	7693.12
0.000327544	7768.2
0.000330058	7835
0.000332572	7887.74
0.000335086	7927.61
0.0003376	7935.76
0.000340114	7930.47
0.000342628	7916.05
0.000345142	7868.89
0.000347657	7804.28
0.000350171	7724.05
0.000352685	7633.93
0.000355199	7534.12
0.000357713	7432.25
0.000360227	7329.6
0.000362741	7226.21
0.000365256	7123.71
0.00036777	7011.21
0.000370284	6888.86
0.000372798	6742.52
0.000375312	6570.05
0.000377826	6366.63
0.00038034	6129.5
0.000382854	5867.72
0.000385369	5580.49
0.000387883	5283.04
0.000390397	4977.23
0.000392911	4673.2
0.000395425	4373.52
0.000397939	4079.98
0.000400453	3793.51
0.000402968	3513.81
0.000405482	3240.2
0.000407996	2976.58
0.00041051	2722.81
0.000413024	2485.13
0.000415538	2265.16
0.000418052	2064.64
0.000420566	1885.44
0.000423081	1722.66
0.000425595	1576.17
0.000428109	1439.88
0.000430623	1311.74
0.000433137	1190.45
0.000435651	1074.43
0.000438165	966.617
0.00044068	867.544
0.000443194	778.872
0.000445708	702.118
0.000448222	634.404
0.000450736	575.904
0.00045325	521.823
0.000455764	470.411
0.000458279	419.687
0.000460793	367.774
0.000463307	316.657
0.000465821	266.163
0.000468335	219.303
0.000470849	177.399
0.000473363	141.494
0.000475877	112.825
0.000478392	90.1876
0.000480906	73.704
0.00048342	61.4366
0.000485934	52.6007
0.000488448	45.8239
0.000490962	40.1456
0.000493476	35.1084
0.000495991	30.1025
0.000498505	25.2845
0.000501019	20.516
0.000503533	16.0789
0.000506047	12.1163
0.000508561	8.72043
0.000511075	6.03721
0.000513589	3.96084
0.000516104	2.49747
0.000518618	1.49235
0.000521132	0.847927
0.000523646	0.464163
0.00052616	0.229605
0.000528674	0.11907
0.000531188	0.0485703
0.000533703	0.0250704
