0.000166815	9.75236e-37
0.00017352	3.4016e-35
0.000180225	1.33138e-34
0.000186929	4.02424e-33
0.000193634	1.57159e-32
0.000200339	4.09047e-31
0.000207043	1.60405e-30
0.000213748	3.59849e-29
0.000220453	1.41561e-28
0.000227157	2.74037e-27
0.000233862	1.08025e-26
0.000240566	1.80692e-25
0.000247271	7.12788e-25
0.000253976	1.03185e-23
0.00026068	4.0669e-23
0.000267385	5.10472e-22
0.00027409	2.00652e-21
0.000280794	2.18849e-20
0.000287499	8.56068e-20
0.000294204	8.13383e-19
0.000300908	3.15846e-18
0.000307613	2.62179e-17
0.000314317	1.00777e-16
0.000321022	7.33237e-16
0.000327727	2.78094e-15
0.000334431	1.78008e-14
0.000341136	6.63732e-14
0.000347841	3.75315e-13
0.000354545	1.37026e-12
0.00036125	6.87606e-12
0.000367955	2.4472e-11
0.000374659	1.0952e-10
0.000381364	3.78138e-10
0.000388068	1.51731e-09
0.000394773	5.05618e-09
0.000401478	1.82936e-08
0.000408182	5.85172e-08
0.000414887	1.92024e-07
0.000421592	5.86352e-07
0.000428296	1.7556e-06
0.000435001	5.08872e-06
0.000441706	1.39853e-05
0.00044841	3.82687e-05
0.000455115	9.71039e-05
0.000461819	0.000249536
0.000468524	0.000587856
0.000475229	0.00141199
0.000481933	0.00310414
0.000488638	0.0069405
0.000495343	0.014304
0.000502047	0.0296756
0.000508752	0.0575598
0.000515457	0.110562
0.000522161	0.207013
0.000528866	0.365123
0.000535571	0.639091
0.000542275	1.05318
0.00054898	1.71713
0.000555684	2.65762
0.000562389	4.04402
0.000569094	5.89194
0.000575798	8.39116
0.000582503	11.5299
0.000589208	15.4205
0.000595912	20.018
0.000602617	25.2352
0.000609322	31.0104
0.000616026	36.9998
0.000622731	43.1612
0.000629435	48.9993
0.00063614	54.5281
0.000642845	59.3876
0.000649549	63.6563
0.000656254	67.4528
0.000662959	70.8854
0.000669663	74.7125
0.000676368	79.0132
0.000683073	84.9835
0.000689777	92.6335
0.000696482	103.1
0.000703186	116.333
0.000709891	132.933
0.000716596	152.835
0.0007233	175.966
0.000730005	202.292
0.00073671	231.347
0.000743414	263.14
0.000750119	297.321
0.000756824	333.924
0.000763528	373.112
0.000770233	414.918
0.000776937	460.055
0.000783642	508.526
0.000790347	561.207
0.000797051	618.079
0.000803756	679.573
0.000810461	745.667
0.000817165	815.898
0.00082387	890.257
0.000830575	967.352
0.000837279	1047.19
0.000843984	1127.95
0.000850689	1209.64
0.000857393	1291.02
0.000864098	1372.05
0.000870802	1453.38
0.000877507	1534.91
0.000884212	1619.91
0.000890916	1708.29
0.000897621	1804.99
0.000904326	1910.07
0.00091103	2027.2
0.000917735	2156.67
0.00092444	2297.35
0.000931144	2449.71
0.000937849	2606.13
0.000944553	2766.94
0.000951258	2919.93
0.000957963	3064.99
0.000964667	3190.23
0.000971372	3294.99
0.000978077	3374.24
0.000984781	3429.4
0.000991486	3440.69
0.000998191	3436.62
0.0010049	3424.6
0.0010116	3380.56
0.0010183	3325.39
0.00102501	3261.97
0.00103171	3195.32
0.00103842	3126.13
0.00104512	3058.25
0.00105183	2992.29
0.00105853	2929.27
0.00106524	2869.67
0.00107194	2812.22
0.00107865	2757.19
0.00108535	2701.57
0.00109206	2645.31
0.00109876	2584.83
0.00110546	2519.67
0.00111217	2447.53
0.00111887	2367.74
0.00112558	2280.56
0.00113228	2185.53
0.00113899	2085.2
0.00114569	1979.62
0.0011524	1872.08
0.0011591	1763.09
0.00116581	1655.21
0.00117251	1549.07
0.00117922	1445.84
0.00118592	1346.02
0.00119263	1249.47
0.00119933	1156.41
0.00120603	1066
0.00121274	978.106
0.00121944	892.133
0.00122615	807.722
0.00123285	725.389
0.00123956	644.881
0.00124626	567.9
0.00125297	494.637
0.00125967	427.085
0.00126638	365.894
0.00127308	312.11
0.00127979	266.474
0.00128649	228.44
0.00129319	198.358
0.0012999	174.43
0.0013066	156.376
0.00131331	142.1
0.00132001	130.843
0.00132672	121.106
0.00133342	112.039
0.00134013	103.126
0.00134683	93.796
0.00135354	84.3338
0.00136024	74.6076
0.00136695	65.2028
0.00137365	56.3377
0.00138035	48.4104
0.00138706	41.7429
0.00139376	36.3112
0.00140047	32.2926
0.00140717	29.3186
0.00141388	27.3071
0.00142058	25.8201
0.00142729	24.585
0.00143399	23.3542
0.0014407	21.8505
0.0014474	20.0942
0.00145411	17.964
0.00146081	15.6365
0.00146752	13.1721
0.00147422	10.7339
0.00148092	8.46742
0.00148763	6.43028
0.00149433	4.73642
0.00150104	3.34682
