0.000500379	5.59048e-257
0.000510437	8.46528e-249
0.000520494	3.38611e-248
0.000530551	3.57215e-240
0.000540608	1.44348e-239
0.000550665	1.06074e-231
0.000560722	4.33088e-231
0.000570779	2.21652e-223
0.000580836	9.14531e-223
0.000590893	3.25927e-215
0.00060095	1.35918e-214
0.000611007	3.37251e-207
0.000621064	1.42171e-206
0.000631121	2.45565e-199
0.000641178	1.04665e-198
0.000651235	1.25822e-191
0.000661292	5.42311e-191
0.000671349	4.53654e-184
0.000681406	1.97765e-183
0.000691463	1.15098e-176
0.00070152	5.07581e-176
0.000711577	2.05486e-169
0.000721634	9.16889e-169
0.000731691	2.58146e-162
0.000741748	1.16569e-161
0.000751806	2.282e-155
0.000761863	1.04304e-154
0.00077192	1.41948e-148
0.000781977	6.56865e-148
0.000792034	6.21307e-142
0.000802091	2.91141e-141
0.000812148	1.91356e-135
0.000822205	9.08206e-135
0.000832262	4.14699e-129
0.000842319	1.99397e-128
0.000852376	6.3238e-123
0.000862433	3.0811e-122
0.00087249	6.78536e-117
0.000882547	3.35078e-116
0.000892604	5.12289e-111
0.000902661	2.5647e-110
0.000912718	2.72145e-105
0.000922775	1.3816e-104
0.000932832	1.01725e-99
0.000942889	5.23814e-99
0.000952946	2.67542e-94
0.000963003	1.39773e-93
0.00097306	4.95097e-89
0.000983117	2.62496e-88
0.000993175	6.44645e-84
0.00100323	3.46954e-83
0.00101329	5.90581e-79
0.00102335	3.22754e-78
0.0010334	3.80683e-74
0.00104346	2.11311e-73
0.00105352	1.72653e-69
0.00106357	9.73691e-69
0.00107363	5.50942e-65
0.00108369	3.1577e-64
0.00109374	1.23698e-60
0.0011038	7.20728e-60
0.00111386	1.95412e-56
0.00112392	1.15777e-55
0.00113397	2.17206e-52
0.00114403	1.30895e-51
0.00115409	1.6988e-48
0.00116414	1.04153e-47
0.0011742	9.34935e-45
0.00118426	5.83279e-44
0.00119432	3.62096e-41
0.00120437	2.29897e-40
0.00121443	9.8701e-38
0.00122449	6.37742e-37
0.00123454	1.89388e-34
0.0012446	1.24514e-33
0.00125466	2.55877e-31
0.00126471	1.71103e-30
0.00127477	2.43521e-28
0.00128483	1.6549e-27
0.00129489	1.63351e-25
0.00130494	1.12661e-24
0.001315	7.72965e-23
0.00132506	5.39864e-22
0.00133511	2.58338e-20
0.00134517	1.8211e-19
0.00135523	6.10893e-18
0.00136529	4.32481e-17
0.00137534	1.02458e-15
0.0013854	7.2318e-15
0.00139546	1.22278e-13
0.00140551	8.5166e-13
0.00141557	1.04277e-11
0.00142563	7.06586e-11
0.00143568	6.38642e-10
0.00144574	4.13184e-09
0.0014558	2.82468e-08
0.00146586	1.70409e-07
0.00147591	9.0705e-07
0.00148597	4.96184e-06
0.00149603	2.12327e-05
0.00150608	0.000102144
0.00151614	0.000362985
0.0015262	0.00148977
0.00153625	0.00452822
0.00154631	0.0154435
0.00155637	0.0411025
0.00156643	0.114361
0.00157648	0.270593
0.00158654	0.610208
0.0015966	1.32049
0.00160665	2.489
0.00161671	4.54695
0.00162677	7.47883
0.00163683	11.8833
0.00164688	17.6951
0.00165694	26.415
0.001667	37.8877
0.00167705	55.8057
0.00168711	80.1878
0.00169717	114.895
0.00170722	160.476
0.00171728	215.218
0.00172734	279.709
0.0017374	346.248
0.00174745	414.326
0.00175751	480.078
0.00176757	542.154
0.00177762	607.512
0.00178768	675.939
0.00179774	756.754
0.00180779	851.419
0.00181785	959.996
0.00182791	1083.48
0.00183797	1215.75
0.00184802	1356.15
0.00185808	1502.31
0.00186814	1653.78
0.00187819	1810.12
0.00188825	1972.26
0.00189831	2133.36
0.00190837	2293.49
0.00191842	2443.32
0.00192848	2581.09
0.00193854	2703.82
0.00194859	2810.15
0.00195865	2901.84
0.00196871	2978.53
0.00197876	3043.62
0.00198882	3097.73
0.00199888	3143.24
0.00200894	3186.01
0.00201899	3200.44
0.00202905	3200.78
0.00203911	3198.46
0.00204916	3144.42
0.00205922	3051.12
0.00206928	2925.62
0.00207933	2780.59
0.00208939	2618.75
0.00209945	2455.44
0.00210951	2296.86
0.00211956	2144.45
0.00212962	2000.82
0.00213968	1862.46
0.00214973	1728.9
0.00215979	1598.03
0.00216985	1469.06
0.00217991	1341.01
0.00218996	1212.95
0.00220002	1086.18
0.00221008	960.461
0.00222013	838.525
0.00223019	721.245
0.00224025	610.5
0.0022503	507.054
0.00226036	412.608
0.00227042	327.834
0.00228048	254.489
0.00229053	193.907
0.00230059	145.668
0.00231065	110.804
0.0023207	85.9428
0.00233076	70.263
0.00234082	59.9428
0.00235088	52.6597
0.00236093	46.7455
0.00237099	40.2397
0.00238105	33.6267
0.0023911	26.4392
0.00240116	19.5984
0.00241122	13.6349
0.00242127	8.71608
0.00243133	5.25846
0.00244139	2.87237
0.00245145	1.42785
0.0024615	0.69253
0.00247156	0.289888
0.00248162	0.120487
0.00249167	0.041358
0.00250173	0.0149816
