0.000100103	14.5253
0.00010312	17.0233
0.000106137	19.4343
0.000109154	21.8151
0.000112171	23.9995
0.000115188	25.8548
0.000118205	27.3093
0.000121222	28.2508
0.000124239	28.631
0.000127256	28.3984
0.000130273	27.6638
0.00013329	26.3856
0.000136307	24.6902
0.000139324	22.6815
0.000142341	20.4736
0.000145358	18.2293
0.000148375	16.0387
0.000151392	14.0769
0.000154408	12.3985
0.000157425	11.0532
0.000160442	10.3191
0.000163459	10.3533
0.000166476	10.4981
0.000169493	11.2449
0.00017251	12.9346
0.000175527	15.1291
0.000178544	17.9712
0.000181561	21.48
0.000184578	25.7026
0.000187595	30.6926
0.000190612	36.547
0.000193629	43.4166
0.000196646	51.4488
0.000199663	60.9439
0.00020268	72.0726
0.000205697	85.2901
0.000208714	100.738
0.000211731	118.95
0.000214748	139.983
0.000217765	164.292
0.000220782	191.824
0.000223799	222.777
0.000226816	257.002
0.000229833	294.331
0.00023285	334.579
0.000235867	377.229
0.000238884	422.127
0.000241901	468.568
0.000244918	516.471
0.000247935	565.163
0.000250952	614.648
0.000253969	664.477
0.000256986	714.716
0.000260003	765.237
0.00026302	816.135
0.000266037	867.595
0.000269054	919.723
0.000272071	972.961
0.000275088	1027.42
0.000278105	1083.74
0.000281122	1142.05
0.000284139	1203.2
0.000287156	1267.3
0.000290173	1335.4
0.00029319	1407.61
0.000296207	1485.08
0.000299224	1567.85
0.000302241	1656.96
0.000305258	1752.34
0.000308275	1854.52
0.000311292	1963.33
0.000314309	2078.38
0.000317326	2199.44
0.000320343	2324.99
0.00032336	2454.84
0.000326377	2586.49
0.000329394	2719.84
0.000332411	2852.02
0.000335428	2983.06
0.000338445	3110.54
0.000341462	3234.59
0.000344479	3354.09
0.000347496	3469.21
0.000350513	3580.52
0.00035353	3688.17
0.000356547	3794.27
0.000359564	3898.89
0.000362581	4004.86
0.000365598	4112.14
0.000368615	4223.08
0.000371632	4337.59
0.000374649	4456.31
0.000377666	4579.13
0.000380683	4704.29
0.0003837	4831.71
0.000386717	4957.27
0.000389734	5080.96
0.000392751	5197.17
0.000395768	5305.93
0.000398785	5401.6
0.000401802	5484.22
0.000404819	5550.39
0.000407836	5600.18
0.000410853	5624.91
0.00041387	5635.94
0.000416887	5633.93
0.000419904	5608.88
0.000422921	5570.07
0.000425938	5517.69
0.000428955	5454.87
0.000431972	5381.64
0.000434989	5300.99
0.000438006	5213.01
0.000441023	5119.3
0.00044404	5019.94
0.000447057	4915.47
0.000450074	4805.92
0.000453091	4691.67
0.000456108	4572.66
0.000459125	4449.91
0.000462142	4323.34
0.000465159	4194.73
0.000468176	4064.09
0.000471193	3933.5
0.00047421	3803.06
0.000477227	3674.4
0.000480244	3547.68
0.000483261	3423.46
0.000486278	3301.93
0.000489295	3182.45
0.000492312	3065.13
0.000495329	2948.57
0.000498346	2832.75
0.000501363	2716.19
0.00050438	2598.72
0.000507397	2479.43
0.000510414	2358.11
0.000513431	2234.81
0.000516448	2109.34
0.000519465	1982.75
0.000522482	1854.95
0.000525499	1727.76
0.000528516	1601.24
0.000531533	1477.54
0.00053455	1356.86
0.000537567	1241.24
0.000540584	1130.98
0.000543601	1027.63
0.000546618	931.527
0.000549635	843.513
0.000552652	763.89
0.000555669	692.693
0.000558686	630.129
0.000561703	575.5
0.00056472	528.87
0.000567737	488.976
0.000570754	455.72
0.000573771	427.524
0.000576788	404.131
0.000579805	383.942
0.000582822	366.582
0.000585839	350.72
0.000588856	335.929
0.000591873	321.362
0.00059489	306.637
0.000597907	291.464
0.000600924	275.589
0.000603941	259.189
0.000606958	242.185
0.000609975	225.007
0.000612992	207.737
0.000616009	190.829
0.000619026	174.455
0.000622043	158.93
0.00062506	144.433
0.000628077	131.086
0.000631094	119.013
0.000634111	108.175
0.000637128	98.6161
0.000640145	90.2006
0.000643162	82.9053
0.000646179	76.553
0.000649196	71.0759
0.000652213	66.291
0.00065523	62.1055
0.000658247	58.3524
0.000661264	54.9272
0.000664281	51.6998
0.000667298	48.5664
0.000670315	45.455
0.000673332	42.2808
0.000676349	39.0397
0.000679366	35.6867
0.000682383	32.2743
0.0006854	28.8084
0.000688417	25.3675
0.000691434	22.001
0.000694451	18.7775
0.000697468	15.7873
0.000700485	12.9993
