0.000500379	1.00013e-11
0.000506246	3.2745e-11
0.000512113	1.00976e-10
0.000517979	3.28495e-10
0.000523846	9.23364e-10
0.000529712	2.79757e-09
0.000535579	7.64777e-09
0.000541445	2.16423e-08
0.000547312	5.73752e-08
0.000553178	1.52104e-07
0.000559045	3.89911e-07
0.000564911	9.71235e-07
0.000570778	2.40039e-06
0.000576644	5.63468e-06
0.000582511	1.33877e-05
0.000588378	2.97016e-05
0.000594244	6.76497e-05
0.000600111	0.000142247
0.000605977	0.000309744
0.000611844	0.000618917
0.00061771	0.00128516
0.000623577	0.00244626
0.000629443	0.00483252
0.00063531	0.0088066
0.000641176	0.0164826
0.000647043	0.0292757
0.000652909	0.0512467
0.000658776	0.0870999
0.000664643	0.144377
0.000670509	0.234208
0.000676376	0.368618
0.000682242	0.569709
0.000688109	0.852981
0.000693975	1.25469
0.000699842	1.78938
0.000705708	2.50415
0.000711575	3.40503
0.000717441	4.53495
0.000723308	5.88466
0.000729174	7.4674
0.000735041	9.25967
0.000740908	11.2232
0.000746774	13.3344
0.000752641	15.5112
0.000758507	17.755
0.000764374	19.9979
0.00077024	22.2891
0.000776107	24.6762
0.000781973	27.2584
0.00078784	30.2953
0.000793706	33.9077
0.000799573	38.585
0.000805439	44.419
0.000811306	52.0157
0.000817173	61.3902
0.000823039	73.0348
0.000828906	86.8734
0.000834772	103.036
0.000840639	121.388
0.000846505	141.574
0.000852372	163.466
0.000858238	186.334
0.000864105	210.122
0.000869971	234.049
0.000875838	258.154
0.000881704	281.992
0.000887571	305.668
0.000893438	329.302
0.000899304	353.005
0.000905171	377.413
0.000911037	402.592
0.000916904	429.41
0.00092277	457.882
0.000928637	488.796
0.000934503	522.139
0.00094037	558.463
0.000946236	597.753
0.000952103	640.365
0.000957969	686.288
0.000963836	735.779
0.000969703	788.825
0.000975569	845.584
0.000981436	906.026
0.000987302	970.059
0.000993169	1037.64
0.000999035	1108.23
0.0010049	1181.8
0.00101077	1257.3
0.00101663	1334.74
0.0010225	1412.84
0.00102837	1491.61
0.00103423	1570.02
0.0010401	1648.11
0.00104597	1725.56
0.00105183	1802.41
0.0010577	1879.17
0.00106357	1955.87
0.00106943	2033.46
0.0010753	2111.92
0.00108117	2191.83
0.00108703	2273.16
0.0010929	2355.33
0.00109877	2438.36
0.00110463	2520.31
0.0011105	2601.21
0.00111637	2678.36
0.00112223	2751.77
0.0011281	2818.91
0.00113397	2879.76
0.00113983	2932.75
0.0011457	2977.81
0.00115157	3014.54
0.00115743	3042.9
0.0011633	3063.77
0.00116916	3077.48
0.00117503	3079.84
0.0011809	3078.18
0.00118676	3073.64
0.00119263	3059.4
0.0011985	3039.76
0.00120436	3015.25
0.00121023	2985.72
0.0012161	2951.2
0.00122196	2911.94
0.00122783	2867.93
0.0012337	2819.4
0.00123956	2766.33
0.00124543	2708.98
0.0012513	2647.35
0.00125716	2581.76
0.00126303	2512.22
0.0012689	2439.23
0.00127476	2362.77
0.00128063	2283.66
0.0012865	2201.89
0.00129236	2118.69
0.00129823	2034.08
0.0013041	1949.68
0.00130996	1865.58
0.00131583	1783.44
0.00132169	1703.45
0.00132756	1626.75
0.00133343	1553.63
0.00133929	1484.29
0.00134516	1418.98
0.00135103	1356.94
0.00135689	1298.24
0.00136276	1241.57
0.00136863	1186.81
0.00137449	1132.62
0.00138036	1078.74
0.00138623	1024.34
0.00139209	969.126
0.00139796	912.897
0.00140383	855.459
0.00140969	797.169
0.00141556	737.961
0.00142143	678.561
0.00142729	619.025
0.00143316	560.259
0.00143903	502.418
0.00144489	446.435
0.00145076	392.536
0.00145663	341.53
0.00146249	293.684
0.00146836	249.535
0.00147422	209.341
0.00148009	173.266
0.00148596	141.496
0.00149182	113.821
0.00149769	90.3018
0.00150356	70.4574
0.00150942	54.2085
0.00151529	40.9542
0.00152116	30.5043
0.00152702	22.2811
0.00153289	16.0386
0.00153876	11.3114
0.00154462	7.85405
0.00155049	5.34252
0.00155636	3.57071
0.00156222	2.34074
0.00156809	1.50224
0.00157396	0.948642
0.00157982	0.582955
0.00158569	0.354671
0.00159156	0.207989
0.00159742	0.122023
0.00160329	0.0679069
0.00160916	0.0385655
0.00161502	0.0202194
0.00162089	0.0111881
0.00162675	0.00560761
0.00163262	0.00296741
0.00163849	0.00142374
0.00164435	0.000718406
0.00165022	0.000330514
0.00165609	0.00015854
0.00166195	6.35273e-05
0.00166782	3.18565e-05
