0.000166815	4.83312e-50
0.00017352	9.55234e-48
0.000180225	3.80644e-47
0.000186929	6.12594e-45
0.000193634	2.45982e-44
0.000200339	3.21994e-42
0.000207043	1.30431e-41
0.000213748	1.38905e-39
0.000220453	5.67485e-39
0.000227157	4.91839e-37
0.000233862	2.02593e-36
0.000240566	1.42961e-34
0.000247271	5.9346e-34
0.000253976	3.41167e-32
0.00026068	1.42646e-31
0.000267385	6.68573e-30
0.00027409	2.8134e-29
0.000280794	1.07613e-27
0.000287499	4.55315e-27
0.000294204	1.4231e-25
0.000300908	6.04652e-25
0.000307613	1.54672e-23
0.000314317	6.589e-23
0.000321022	1.38221e-21
0.000327727	5.89201e-21
0.000334431	1.01611e-19
0.000341136	4.32363e-19
0.000347841	6.14855e-18
0.000354545	2.6037e-17
0.00036125	3.06457e-16
0.000367955	1.28679e-15
0.000374659	1.25916e-14
0.000381364	5.2195e-14
0.000388068	4.26876e-13
0.000394773	1.73773e-12
0.000401478	1.19525e-11
0.000408182	4.74906e-11
0.000414887	2.76699e-10
0.000421592	1.06551e-09
0.000428296	5.30162e-09
0.000435001	1.96291e-08
0.000441706	8.41596e-08
0.00044841	2.96972e-07
0.000455115	1.10786e-06
0.000461819	3.69071e-06
0.000468524	1.21019e-05
0.000475229	3.76892e-05
0.000481933	0.000109752
0.000488638	0.000316381
0.000495343	0.000826462
0.000502047	0.00218432
0.000508752	0.00516672
0.000515457	0.0124118
0.000522161	0.0268045
0.000528866	0.0581007
0.000535571	0.116077
0.000542275	0.225286
0.00054898	0.426001
0.000555684	0.736704
0.000562389	1.25064
0.000569094	1.97732
0.000575798	3.02793
0.000582503	4.39059
0.000589208	6.11021
0.000595912	8.15828
0.000602617	10.4427
0.000609322	12.9507
0.000616026	15.5305
0.000622731	18.2141
0.000629435	21.0164
0.00063614	24.0009
0.000642845	27.5062
0.000649549	31.5855
0.000656254	36.8143
0.000662959	43.2191
0.000669663	51.4235
0.000676368	61.4493
0.000683073	73.9496
0.000689777	88.9561
0.000696482	107.282
0.000703186	128.934
0.000709891	154.767
0.000716596	184.71
0.0007233	218.968
0.000730005	257.396
0.00073671	298.666
0.000743414	342.652
0.000750119	386.466
0.000756824	430.111
0.000763528	470.662
0.000770233	508.259
0.000776937	542.275
0.000783642	572.872
0.000790347	602.947
0.000797051	632.561
0.000803756	666.861
0.000810461	705.8
0.000817165	753.863
0.00082387	810.987
0.000830575	879.061
0.000837279	958.068
0.000843984	1047.85
0.000850689	1148.41
0.000857393	1258.99
0.000864098	1379.6
0.000870802	1508.6
0.000877507	1646.05
0.000884212	1787.68
0.000890916	1933.58
0.000897621	2076.77
0.000904326	2217.23
0.00091103	2348.74
0.000917735	2471.01
0.00092444	2582.95
0.000931144	2684.17
0.000937849	2779.17
0.000944553	2867.84
0.000951258	2955.82
0.000957963	3043.53
0.000964667	3131.91
0.000971372	3221.68
0.000978077	3306.56
0.000984781	3386.94
0.000991486	3453.41
0.000998191	3508.08
0.0010049	3520.82
0.0010116	3518.57
0.0010183	3509.24
0.00102501	3457.14
0.00103171	3387.74
0.00103842	3304.76
0.00104512	3217.04
0.00105183	3125.67
0.00105853	3037.88
0.00106524	2955.15
0.00107194	2877.59
0.00107865	2806.07
0.00108535	2736.1
0.00109206	2667.66
0.00109876	2595.48
0.00110546	2518.91
0.00111217	2434.56
0.00111887	2341.54
0.00112558	2239.76
0.00113228	2128.48
0.00113899	2010.98
0.00114569	1887.2
0.0011524	1761.88
0.0011591	1635.75
0.00116581	1512.11
0.00117251	1391.94
0.00117922	1275.93
0.00118592	1164.48
0.00119263	1057.48
0.00119933	954.743
0.00120603	857.364
0.00121274	765.331
0.00121944	680.416
0.00122615	603.209
0.00123285	534.057
0.00123956	473.582
0.00124626	420.134
0.00125297	373.635
0.00125967	332.008
0.00126638	294.563
0.00127308	260.353
0.00127979	228.773
0.00128649	199.959
0.00129319	173.79
0.0012999	150.494
0.0013066	130.233
0.00131331	112.714
0.00132001	97.9997
0.00132672	85.4029
0.00133342	74.7353
0.00134013	65.355
0.00134683	56.9297
0.00135354	49.1766
0.00136024	41.8268
0.00136695	34.9526
0.00137365	28.4789
0.00138035	22.5933
0.00138706	17.3785
0.00139376	12.9056
0.00140047	9.2734
0.00140717	6.38524
0.00141388	4.25016
0.00142058	2.69864
0.00142729	1.64963
0.00143399	0.964646
0.0014407	0.533912
0.0014474	0.289777
0.00145411	0.142116
0.00146081	0.0729353
0.00146752	0.0328627
0.00147422	0.0152528
0.00148092	0.00635931
0.00148763	0.00264112
0.00149433	0.000943554
0.00150104	0.000377699
