3.33898e-05	4.37437e-14
3.55687e-05	1.82367e-13
3.77476e-05	5.98239e-13
3.99264e-05	2.42674e-12
4.21053e-05	7.39584e-12
4.42842e-05	2.77096e-11
4.64631e-05	8.26637e-11
4.8642e-05	2.86873e-10
5.08209e-05	8.35464e-10
5.29998e-05	2.69354e-09
5.51787e-05	7.63666e-09
5.73576e-05	2.29429e-08
5.95365e-05	6.31433e-08
6.17154e-05	1.77328e-07
6.38943e-05	4.72385e-07
6.60732e-05	1.24401e-06
6.82521e-05	3.19828e-06
7.0431e-05	7.92306e-06
7.26099e-05	1.96023e-05
7.47888e-05	4.5823e-05
7.69677e-05	0.000108794
7.91465e-05	0.000240711
8.13254e-05	0.00054698
8.35043e-05	0.00114877
8.56832e-05	0.00249222
8.78621e-05	0.00498203
9.0041e-05	0.010296
9.22199e-05	0.0196403
9.43988e-05	0.0385914
9.65777e-05	0.0705822
9.87566e-05	0.131441
0.000100935	0.234434
0.000103114	0.409514
0.000105293	0.698981
0.000107472	1.15979
0.000109651	1.89176
0.00011183	2.9906
0.000114009	4.65902
0.000116188	7.03474
0.000118367	10.4713
0.000120546	15.1349
0.000122724	21.5517
0.000124903	29.884
0.000127082	40.7918
0.000129261	54.3918
0.00013144	71.3654
0.000133619	91.7531
0.000135798	116.101
0.000137977	144.367
0.000140156	176.822
0.000142334	213.36
0.000144513	253.9
0.000146692	298.294
0.000148871	346.096
0.00015105	397.141
0.000153229	450.651
0.000155408	506.485
0.000157587	563.639
0.000159766	622.053
0.000161945	680.764
0.000164123	739.854
0.000166302	798.84
0.000168481	857.954
0.00017066	917.663
0.000172839	978.293
0.000175018	1041.5
0.000177197	1107.59
0.000179376	1179.21
0.000181555	1256.55
0.000183733	1342.63
0.000185912	1437.49
0.000188091	1543.76
0.00019027	1661.38
0.000192449	1792.11
0.000194628	1935.86
0.000196807	2093.56
0.000198986	2265.16
0.000201165	2451.19
0.000203344	2651.59
0.000205522	2866.69
0.000207701	3096.34
0.00020988	3339.93
0.000212059	3597.15
0.000214238	3864.9
0.000216417	4142.8
0.000218596	4424.09
0.000220775	4708.51
0.000222954	4986.47
0.000225132	5257.99
0.000227311	5513.91
0.00022949	5754.52
0.000231669	5975.28
0.000233848	6176.55
0.000236027	6360.72
0.000238206	6527.97
0.000240385	6686.13
0.000242564	6835.18
0.000244743	6983.56
0.000246921	7131.17
0.0002491	7281.67
0.000251279	7435.03
0.000253458	7587.28
0.000255637	7738.51
0.000257816	7878.35
0.000259995	8006.92
0.000262174	8113.25
0.000264353	8197.63
0.000266531	8242.21
0.00026871	8262.45
0.000270889	8259.78
0.000273068	8218.04
0.000275247	8154.96
0.000277426	8070.96
0.000279605	7976.62
0.000281784	7872.16
0.000283963	7766.12
0.000286142	7659.09
0.00028832	7552.57
0.000290499	7447.13
0.000292678	7338.09
0.000294857	7225.58
0.000297036	7103.28
0.000299215	6970.79
0.000301394	6824.94
0.000303573	6665.09
0.000305752	6493.06
0.00030793	6308.45
0.000310109	6116.23
0.000312288	5916.52
0.000314467	5713.98
0.000316646	5509.11
0.000318825	5303.92
0.000321004	5098.88
0.000323183	4893.58
0.000325362	4688.13
0.00032754	4481.76
0.000329719	4274.19
0.000331898	4066.3
0.000334077	3857.78
0.000336256	3651.6
0.000338435	3447.78
0.000340614	3250.01
0.000342793	3058.8
0.000344972	2876.51
0.000347151	2703.88
0.000349329	2540.6
0.000351508	2387.18
0.000353687	2241.03
0.000355866	2102.07
0.000358045	1967.12
0.000360224	1835.54
0.000362403	1705.56
0.000364582	1576.35
0.000366761	1448.53
0.000368939	1321.61
0.000371118	1198.1
0.000373297	1078.16
0.000375476	964.73
0.000377655	858.519
0.000379834	761.416
0.000382013	674.28
0.000384192	597.206
0.000386371	530.755
0.00038855	473.416
0.000390728	425.198
0.000392907	383.794
0.000395086	348.692
0.000397265	317.727
0.000399444	290.109
0.000401623	264.456
0.000403802	240.022
0.000405981	216.37
0.00040816	193.037
0.000410338	170.289
0.000412517	148.02
0.000414696	126.765
0.000416875	106.688
0.000419054	88.2065
0.000421233	71.5767
0.000423412	56.9134
0.000425591	44.3998
0.00042777	33.8673
0.000429949	25.3453
0.000432127	18.5161
0.000434306	13.2678
0.000436485	9.27514
0.000438664	6.3517
0.000440843	4.24804
0.000443022	2.77433
0.000445201	1.77601
0.00044738	1.10333
0.000449559	0.676896
0.000451737	0.398732
0.000453916	0.234943
0.000456095	0.130512
0.000458274	0.0742126
0.000460453	0.0385693
0.000462632	0.0213218
0.000464811	0.00950078
0.00046699	0.00556042
