3.33898e-05	2.69143e-48
3.59039e-05	1.23415e-45
3.8418e-05	4.92853e-45
4.09322e-05	1.72481e-42
4.34463e-05	6.94958e-42
4.59604e-05	1.85532e-39
4.84746e-05	7.54583e-39
5.09887e-05	1.53701e-36
5.35028e-05	6.30906e-36
5.6017e-05	9.80741e-34
5.85311e-05	4.06192e-33
6.10452e-05	4.82076e-31
6.35594e-05	2.01377e-30
6.60735e-05	1.82575e-28
6.85877e-05	7.68781e-28
7.11018e-05	5.32888e-26
7.36159e-05	2.26002e-25
7.61301e-05	1.19907e-23
7.86442e-05	5.11619e-23
8.11583e-05	2.08089e-21
8.36725e-05	8.91887e-21
8.61866e-05	2.78675e-19
8.87007e-05	1.19733e-18
9.12149e-05	2.88204e-17
9.3729e-05	1.23786e-16
9.62431e-05	2.30386e-15
9.87573e-05	9.85607e-15
0.000101271	1.42518e-13
0.000103786	6.04417e-13
0.0001063	6.83216e-12
0.000108814	2.85501e-11
0.000111328	2.54248e-10
0.000113842	1.03888e-09
0.000116356	7.359e-09
0.00011887	2.91262e-08
0.000121384	1.66026e-07
0.000123899	6.293e-07
0.000126413	2.92611e-06
0.000128927	1.04814e-05
0.000131441	4.03711e-05
0.000133955	0.000134637
0.000136469	0.000436785
0.000138983	0.00133466
0.000141498	0.00371016
0.000144012	0.0102201
0.000146526	0.0247556
0.00014904	0.0605467
0.000151554	0.129761
0.000154068	0.278254
0.000156582	0.554511
0.000159096	1.01867
0.000161611	1.80113
0.000164125	2.92306
0.000166639	4.54189
0.000169153	6.64745
0.000171667	9.29437
0.000174181	12.5051
0.000176695	16.3344
0.00017921	20.8962
0.000181724	26.6097
0.000184238	33.583
0.000186752	42.5879
0.000189266	53.5685
0.00019178	66.9144
0.000194294	82.4807
0.000196809	99.8753
0.000199323	119.096
0.000201837	139.776
0.000204351	162.032
0.000206865	186.234
0.000209379	212.363
0.000211893	240.692
0.000214407	271.082
0.000216922	302.801
0.000219436	335.932
0.00022195	370.097
0.000224464	405.74
0.000226978	445.455
0.000229492	489.713
0.000232006	544.466
0.000234521	609.775
0.000237035	691.706
0.000239549	789.853
0.000242063	906.039
0.000244577	1039.76
0.000247091	1187.2
0.000249605	1348.17
0.000252119	1516.36
0.000254634	1691.9
0.000257148	1870.64
0.000259662	2052.85
0.000262176	2238.81
0.00026469	2428.67
0.000267204	2625.79
0.000269718	2830.12
0.000272233	3043.96
0.000274747	3267.19
0.000277261	3497.42
0.000279775	3734.61
0.000282289	3973.99
0.000284803	4215.59
0.000287317	4459.35
0.000289831	4705.25
0.000292346	4958.66
0.00029486	5219.66
0.000297374	5488.88
0.000299888	5766.65
0.000302402	6041.63
0.000304916	6313.99
0.00030743	6569.46
0.000309945	6807.53
0.000312459	7025.55
0.000314973	7222.93
0.000317487	7406.93
0.000320001	7577.83
0.000322515	7737.99
0.000325029	7888.02
0.000327544	8021.85
0.000330058	8139.3
0.000332572	8236.93
0.000335086	8314.24
0.0003376	8374.59
0.000340114	8420.43
0.000342628	8430.32
0.000345142	8428.24
0.000347657	8418.77
0.000350171	8359.74
0.000352685	8266.46
0.000355199	8141.69
0.000357713	7990.42
0.000360227	7812.32
0.000362741	7619.47
0.000365256	7413.34
0.00036777	7198.39
0.000370284	6975.83
0.000372798	6744.32
0.000375312	6503.73
0.000377826	6254.14
0.00038034	5995.12
0.000382854	5729.3
0.000385369	5456.71
0.000387883	5180.32
0.000390397	4900.45
0.000392911	4619.58
0.000395425	4338.26
0.000397939	4057.32
0.000400453	3777.01
0.000402968	3497.39
0.000405482	3217.57
0.000407996	2942.37
0.00041051	2670.95
0.000413024	2414.43
0.000415538	2174.54
0.000418052	1959.92
0.000420566	1774.47
0.000423081	1615.01
0.000425595	1483.75
0.000428109	1368.38
0.000430623	1266.8
0.000433137	1169.52
0.000435651	1072.31
0.000438165	975.549
0.00044068	877.172
0.000443194	783.228
0.000445708	694.974
0.000448222	616.412
0.000450736	549.762
0.00045325	494.429
0.000455764	451.457
0.000458279	417.426
0.000460793	391.982
0.000463307	370.755
0.000465821	352.29
0.000468335	333.146
0.000470849	311.188
0.000473363	286.135
0.000475877	256.559
0.000478392	225.259
0.000480906	192.767
0.00048342	161.909
0.000485934	134.432
0.000488448	110.851
0.000490962	92.3024
0.000493476	77.5558
0.000495991	66.4728
0.000498505	57.6986
0.000501019	50.4266
0.000503533	44.0116
0.000506047	37.7177
0.000508561	31.6478
0.000511075	25.5449
0.000513589	19.813
0.000516104	14.6507
0.000518618	10.2291
0.000521132	6.80631
0.000523646	4.2208
0.00052616	2.48638
0.000528674	1.36931
0.000531188	0.628535
0.000533703	0.346602
