0.000100103	9.1265e-23
0.000103622	8.84865e-22
0.000107142	3.26566e-21
0.000110662	2.88733e-20
0.000114182	1.03359e-19
0.000117702	8.14449e-19
0.000121222	2.89365e-18
0.000124742	2.03675e-17
0.000128261	7.16586e-17
0.000131781	4.51686e-16
0.000135301	1.56974e-15
0.000138821	8.88566e-15
0.000142341	3.04184e-14
0.000145861	1.55105e-13
0.000149381	5.21447e-13
0.0001529	2.40313e-12
0.00015642	7.90798e-12
0.00015994	3.30575e-11
0.00016346	1.06102e-10
0.00016698	4.0386e-10
0.0001705	1.25953e-09
0.00017402	4.38298e-09
0.000177539	1.32297e-08
0.000181059	4.22655e-08
0.000184579	1.22965e-07
0.000188099	3.62209e-07
0.000191619	1.01145e-06
0.000195139	2.75897e-06
0.000198659	7.36345e-06
0.000202178	1.86802e-05
0.000205698	4.7452e-05
0.000209218	0.000112427
0.000212738	0.000270727
0.000216258	0.000601442
0.000219778	0.00136772
0.000223298	0.00285965
0.000226817	0.00612011
0.000230337	0.012083
0.000233857	0.024264
0.000237377	0.0455317
0.000240897	0.0854108
0.000244417	0.155144
0.000247937	0.26939
0.000251456	0.460806
0.000254976	0.752388
0.000258496	1.21058
0.000262016	1.86424
0.000265536	2.82169
0.000269056	4.10822
0.000272576	5.85981
0.000276095	8.08697
0.000279615	10.9105
0.000283135	14.3257
0.000286655	18.3946
0.000290175	23.118
0.000293695	28.5176
0.000297214	34.6324
0.000300734	41.5666
0.000304254	49.4159
0.000307774	58.5442
0.000311294	69.087
0.000314814	81.7713
0.000318334	96.7364
0.000321853	115.028
0.000325373	136.775
0.000328893	163.251
0.000332413	194.592
0.000335933	232.33
0.000339453	276.615
0.000342973	329.348
0.000346492	390.625
0.000350012	462.535
0.000353532	545.007
0.000357052	639.485
0.000360572	745.671
0.000364092	863.084
0.000367612	991.285
0.000371131	1126.99
0.000374651	1269.8
0.000378171	1414
0.000381691	1559.43
0.000385211	1699.61
0.000388731	1834.66
0.000392251	1959.56
0.00039577	2074.63
0.00039929	2178.16
0.00040281	2270.51
0.00040633	2354.18
0.00040985	2429.43
0.00041337	2502.65
0.00041689	2573.94
0.000420409	2651.79
0.000423929	2736.12
0.000427449	2834.38
0.000430969	2946.38
0.000434489	3074.98
0.000438009	3220
0.000441529	3377.7
0.000445048	3548.06
0.000448568	3721.93
0.000452088	3899.39
0.000455608	4070.07
0.000459128	4234.01
0.000462648	4384.3
0.000466168	4520.9
0.000469687	4642.57
0.000473207	4749.22
0.000476727	4843.82
0.000480247	4926.34
0.000483767	5000.25
0.000487287	5065.66
0.000490807	5123.65
0.000494326	5174.36
0.000497846	5216.31
0.000501366	5249.57
0.000504886	5271.76
0.000508406	5283.13
0.000511926	5283.74
0.000515446	5272.31
0.000518965	5251.25
0.000522485	5220.52
0.000526005	5182.99
0.000529525	5138.75
0.000533045	5089.96
0.000536565	5036.88
0.000540085	4979.6
0.000543604	4918.4
0.000547124	4851.2
0.000550644	4778.12
0.000554164	4695.78
0.000557684	4604.06
0.000561204	4499.65
0.000564724	4382.17
0.000568243	4249.97
0.000571763	4102.49
0.000575283	3941.05
0.000578803	3765.13
0.000582323	3579.38
0.000585843	3383.66
0.000589362	3184.76
0.000592882	2983.16
0.000596402	2785.47
0.000599922	2592.65
0.000603442	2408.83
0.000606962	2235.08
0.000610482	2072.1
0.000614001	1920.57
0.000617521	1778.63
0.000621041	1646.33
0.000624561	1521.15
0.000628081	1402.62
0.000631601	1289.17
0.000635121	1180.24
0.00063864	1075.7
0.00064216	975.257
0.00064568	879.677
0.0006492	789.014
0.00065272	704.062
0.00065624	625.071
0.00065976	552.298
0.000663279	485.96
0.000666799	425.757
0.000670319	371.742
0.000673839	323.34
0.000677359	280.455
0.000680879	242.496
0.000684399	209.308
0.000687918	180.349
0.000691438	155.47
0.000694958	134.108
0.000698478	116.116
0.000701998	100.856
0.000705518	88.1354
0.000709038	77.3112
0.000712557	68.123
0.000716077	60.0731
0.000719597	52.8833
0.000723117	46.3114
0.000726637	40.1479
0.000730157	34.3869
0.000733677	28.9442
0.000737196	23.9199
0.000740716	19.3376
0.000744236	15.2667
0.000747756	11.7667
0.000751276	8.81768
0.000754796	6.44736
0.000758316	4.56944
0.000761835	3.15782
0.000765355	2.11367
0.000768875	1.37579
0.000772395	0.870082
0.000775915	0.531319
0.000779435	0.318188
0.000782955	0.181371
0.000786474	0.103276
0.000789994	0.0540991
0.000793514	0.0297574
0.000797034	0.0131366
0.000800554	0.00759637
