3.33898e-05	2.77506e-39
3.59039e-05	1.32375e-37
3.8418e-05	5.21174e-37
4.09322e-05	2.13371e-35
4.34463e-05	8.40838e-35
4.59604e-05	2.94092e-33
4.84746e-05	1.16539e-32
5.09887e-05	3.48492e-31
5.35028e-05	1.38762e-30
5.6017e-05	3.55095e-29
5.85311e-05	1.41945e-28
6.10452e-05	3.11195e-27
6.35594e-05	1.2475e-26
6.60735e-05	2.34621e-25
6.85877e-05	9.41992e-25
7.11018e-05	1.5222e-23
7.36159e-05	6.11163e-23
7.61301e-05	8.50145e-22
7.86442e-05	3.40717e-21
8.11583e-05	4.08877e-20
8.36725e-05	1.63224e-19
8.61866e-05	1.69415e-18
8.87007e-05	6.71982e-18
9.12149e-05	6.05026e-17
9.3729e-05	2.37765e-16
9.62431e-05	1.86329e-15
9.87573e-05	7.23099e-15
0.000101271	4.95122e-14
0.000103786	1.8904e-13
0.0001063	1.13585e-12
0.000108814	4.24884e-12
0.000111328	2.25096e-11
0.000113842	8.21139e-11
0.000116356	3.85585e-10
0.00011887	1.3648e-09
0.000121384	5.71267e-09
0.000123899	1.95131e-08
0.000126413	7.32441e-08
0.000128927	2.40047e-07
0.000131441	8.13112e-07
0.000133955	2.54169e-06
0.000136469	7.81942e-06
0.000138983	2.31727e-05
0.000141498	6.51659e-05
0.000144012	0.000181999
0.000146526	0.000470799
0.00014904	0.00123217
0.000151554	0.00294953
0.000154068	0.00719656
0.000156582	0.0160292
0.000159096	0.0362973
0.000161611	0.0755942
0.000164125	0.158308
0.000166639	0.309563
0.000169153	0.598118
0.000171667	1.12643
0.000174181	1.99289
0.000176695	3.50012
0.00017921	5.77138
0.000181724	9.41234
0.000184238	14.5562
0.000186752	22.1194
0.000189266	32.1913
0.00019178	45.8139
0.000194294	62.9907
0.000196809	84.5356
0.000199323	110.39
0.000201837	140.892
0.000204351	176.008
0.000206865	215.781
0.000209379	260.283
0.000211893	309.858
0.000214407	364.67
0.000216922	425.917
0.000219436	493.724
0.00022195	569.966
0.000224464	654.569
0.000226978	748.819
0.000229492	852.394
0.000232006	964.157
0.000234521	1083.71
0.000237035	1206.64
0.000239549	1332.79
0.000242063	1456.21
0.000244577	1577.11
0.000247091	1691.98
0.000249605	1801.27
0.000252119	1907.15
0.000254634	2009.98
0.000257148	2117.31
0.000259662	2229.2
0.000262176	2354.59
0.00026469	2493.29
0.000267204	2650.91
0.000269718	2827.2
0.000272233	3021.93
0.000274747	3234.96
0.000277261	3460.76
0.000279775	3699.35
0.000282289	3942.8
0.000284803	4191.2
0.000287317	4438.18
0.000289831	4683.75
0.000292346	4926.05
0.00029486	5165.01
0.000297374	5403.17
0.000299888	5640.47
0.000302402	5880.59
0.000304916	6123.61
0.00030743	6370.46
0.000309945	6621.37
0.000312459	6872.75
0.000314973	7124.84
0.000317487	7370.56
0.000320001	7610
0.000322515	7834.96
0.000325029	8045.33
0.000327544	8234.11
0.000330058	8401.05
0.000332572	8541.35
0.000335086	8654.83
0.0003376	8738.44
0.000340114	8793.49
0.000342628	8802.88
0.000345142	8781.16
0.000347657	8731.56
0.000350171	8626.11
0.000352685	8474.53
0.000355199	8278.35
0.000357713	8042.3
0.000360227	7765.02
0.000362741	7464.94
0.000365256	7142.23
0.00036777	6818.35
0.000370284	6495.52
0.000372798	6186.57
0.000375312	5894.45
0.000377826	5618.6
0.00038034	5360.59
0.000382854	5112.12
0.000385369	4872.56
0.000387883	4635.57
0.000390397	4399.51
0.000392911	4164.38
0.000395425	3929.35
0.000397939	3697.82
0.000400453	3470.21
0.000402968	3248.46
0.000405482	3033.3
0.000407996	2824.08
0.00041051	2620.85
0.000413024	2423.01
0.000415538	2230.02
0.000418052	2043.67
0.000420566	1863.74
0.000423081	1693.79
0.000425595	1534.47
0.000428109	1388.49
0.000430623	1257.07
0.000433137	1139.87
0.000435651	1037.77
0.000438165	947.378
0.00044068	868.498
0.000443194	796.681
0.000445708	730.683
0.000448222	667.477
0.000450736	605.531
0.00045325	544.439
0.000455764	483.287
0.000458279	423.66
0.000460793	365.637
0.000463307	311.213
0.000465821	261.158
0.000468335	216.566
0.000470849	178.278
0.000473363	146.027
0.000475877	120.208
0.000478392	99.5471
0.000480906	83.7981
0.00048342	71.464
0.000485934	61.8402
0.000488448	53.9145
0.000490962	46.9343
0.000493476	40.6031
0.000495991	34.4744
0.000498505	28.7069
0.000501019	23.2306
0.000503533	18.2522
0.000506047	13.8952
0.000508561	10.1948
0.000511075	7.24918
0.000513589	4.94602
0.000516104	3.26831
0.000518618	2.07343
0.000521132	1.26644
0.000523646	0.749394
0.00052616	0.419638
0.000528674	0.233341
0.000531188	0.105269
0.000533703	0.0625776
