0.000100103	8.81428e-19
0.000103622	5.69489e-18
0.000107142	2.01353e-17
0.000110662	1.22052e-16
0.000114182	4.11444e-16
0.000117702	2.26091e-15
0.000121222	7.52089e-15
0.000124742	3.75628e-14
0.000128261	1.22988e-13
0.000131781	5.59873e-13
0.000135301	1.79939e-12
0.000138821	7.48858e-12
0.000142341	2.35556e-11
0.000145861	8.991e-11
0.000149381	2.75939e-10
0.0001529	9.69243e-10
0.00015642	2.89289e-09
0.00015994	9.38394e-09
0.00016346	2.71461e-08
0.00016698	8.16148e-08
0.0001705	2.28038e-07
0.00017402	6.3779e-07
0.000177539	1.71517e-06
0.000181059	4.47912e-06
0.000184579	1.15529e-05
0.000188099	2.82739e-05
0.000191619	6.97058e-05
0.000195139	0.00016044
0.000198659	0.000376838
0.000202178	0.000818506
0.000205698	0.00182595
0.000209218	0.00375453
0.000212738	0.00793294
0.000216258	0.0154865
0.000219778	0.0309164
0.000223298	0.0574597
0.000226817	0.10815
0.000230337	0.19593
0.000233857	0.34312
0.000237377	0.590282
0.000240897	0.976717
0.000244417	1.59301
0.000247937	2.49764
0.000251456	3.85896
0.000254976	5.74472
0.000258496	8.40956
0.000262016	11.9054
0.000265536	16.5293
0.000269056	22.2853
0.000272576	29.3998
0.000276095	37.8115
0.000279615	47.5296
0.000283135	58.4476
0.000286655	70.2755
0.000290175	82.9189
0.000293695	95.8737
0.000297214	109.12
0.000300734	122.203
0.000304254	135.203
0.000307774	148.031
0.000311294	160.841
0.000314814	174.099
0.000318334	187.973
0.000321853	203.444
0.000325373	220.642
0.000328893	240.838
0.000332413	264.1
0.000335933	291.712
0.000339453	323.688
0.000342973	361.099
0.000346492	403.926
0.000350012	452.918
0.000353532	508.044
0.000357052	569.731
0.000360572	637.952
0.000364092	712.892
0.000367612	794.53
0.000371131	882.897
0.000374651	977.969
0.000378171	1079.62
0.000381691	1187.83
0.000385211	1302.23
0.000388731	1422.79
0.000392251	1548.82
0.00039577	1680.28
0.00039929	1816.21
0.00040281	1956.56
0.00040633	2100.2
0.00040985	2247.12
0.00041337	2396.2
0.00041689	2547.45
0.000420409	2700
0.000423929	2853.88
0.000427449	3008.66
0.000430969	3164.35
0.000434489	3320.95
0.000438009	3478.46
0.000441529	3636.86
0.000445048	3796.12
0.000448568	3955.29
0.000452088	4114.35
0.000455608	4270.59
0.000459128	4424.02
0.000462648	4570.35
0.000466168	4709.63
0.000469687	4837.49
0.000473207	4953.91
0.000476727	5056.43
0.000480247	5144.95
0.000483767	5219.74
0.000487287	5280.72
0.000490807	5329.92
0.000494326	5367.35
0.000497846	5395.05
0.000501366	5413.55
0.000504886	5416.53
0.000508406	5411.88
0.000511926	5400.44
0.000515446	5369.72
0.000518965	5323.18
0.000522485	5261.54
0.000526005	5182.8
0.000529525	5086.61
0.000533045	4975.25
0.000536565	4848.44
0.000540085	4711.2
0.000543604	4563.5
0.000547124	4411.32
0.000550644	4254.95
0.000554164	4099.44
0.000557684	3945.25
0.000561204	3795.51
0.000564724	3650.67
0.000568243	3511.79
0.000571763	3379.2
0.000575283	3252.24
0.000578803	3131.09
0.000582323	3013.93
0.000585843	2900.72
0.000589362	2789.36
0.000592882	2679.6
0.000596402	2570.04
0.000599922	2460.3
0.000603442	2350.45
0.000606962	2240.18
0.000610482	2130.94
0.000614001	2022.72
0.000617521	1917.44
0.000621041	1815.44
0.000624561	1717.93
0.000628081	1625.4
0.000631601	1537.65
0.000635121	1455
0.00063864	1375.97
0.00064216	1300.52
0.00064568	1226.74
0.0006492	1154.21
0.00065272	1081.6
0.00065624	1008.38
0.00065976	934.41
0.000663279	859.306
0.000666799	784.118
0.000670319	708.809
0.000673839	635.079
0.000677359	563.262
0.000680879	495.014
0.000684399	430.895
0.000687918	371.978
0.000691438	318.828
0.000694958	271.691
0.000698478	230.946
0.000701998	196.07
0.000705518	167.142
0.000709038	143.153
0.000712557	123.876
0.000716077	108.176
0.000719597	95.6156
0.000723117	85.2464
0.000726637	76.5632
0.000730157	68.9775
0.000733677	62.0598
0.000737196	55.5912
0.000740716	49.3081
0.000744236	43.2509
0.000747756	37.3362
0.000751276	31.7052
0.000754796	26.4024
0.000758316	21.5385
0.000761835	17.2018
0.000765355	13.4135
0.000768875	10.2332
0.000772395	7.60353
0.000775915	5.5241
0.000779435	3.9044
0.000782955	2.69382
0.000786474	1.81023
0.000789994	1.18259
0.000793514	0.756074
0.000797034	0.447003
0.000800554	0.284035
