3.33898e-05	320.762
3.48982e-05	343.37
3.64066e-05	369.31
3.7915e-05	398.568
3.94234e-05	431.192
4.09318e-05	467.21
4.24402e-05	506.671
4.39487e-05	549.604
4.54571e-05	596.101
4.69655e-05	646.236
4.84739e-05	700.136
4.99823e-05	757.94
5.14907e-05	819.783
5.29991e-05	885.855
5.45076e-05	956.265
5.6016e-05	1031.22
5.75244e-05	1110.77
5.90328e-05	1195.1
6.05412e-05	1284.22
6.20496e-05	1378.23
6.3558e-05	1477.11
6.50665e-05	1580.89
6.65749e-05	1689.56
6.80833e-05	1803.12
6.95917e-05	1921.54
7.11001e-05	2044.84
7.26085e-05	2173.01
7.41169e-05	2306.06
7.56253e-05	2443.98
7.71338e-05	2586.76
7.86422e-05	2734.33
8.01506e-05	2886.58
8.1659e-05	3043.34
8.31674e-05	3204.31
8.46758e-05	3369.2
8.61842e-05	3537.41
8.76927e-05	3708.61
8.92011e-05	3881.88
9.07095e-05	4056.89
9.22179e-05	4232.46
9.37263e-05	4408.31
9.52347e-05	4583.21
9.67431e-05	4756.95
9.82516e-05	4928.35
9.976e-05	5097.31
0.000101268	5262.84
0.000102777	5424.88
0.000104285	5582.66
0.000105794	5736.16
0.000107302	5884.77
0.00010881	6028.46
0.000110319	6166.72
0.000111827	6299.53
0.000113336	6426.42
0.000114844	6547.37
0.000116353	6662
0.000117861	6770.33
0.000119369	6872.11
0.000120878	6967.42
0.000122386	7056.28
0.000123895	7138.79
0.000125403	7215.33
0.000126911	7286.02
0.00012842	7351.59
0.000129928	7412.15
0.000131437	7468.73
0.000132945	7521.41
0.000134453	7571.33
0.000135962	7618.53
0.00013747	7664.07
0.000138979	7707.92
0.000140487	7750.79
0.000141996	7792.6
0.000143504	7833.51
0.000145012	7873.37
0.000146521	7911.63
0.000148029	7948.14
0.000149538	7981.59
0.000151046	8011.89
0.000152554	8037.27
0.000154063	8057.55
0.000155571	8069.53
0.00015708	8075.08
0.000158588	8073.35
0.000160097	8060.14
0.000161605	8036.93
0.000163113	8003.54
0.000164622	7959.25
0.00016613	7904.11
0.000167639	7838.49
0.000169147	7762.43
0.000170655	7676.96
0.000172164	7582.11
0.000173672	7479.29
0.000175181	7368.49
0.000176689	7251.18
0.000178197	7127.35
0.000179706	6998.28
0.000181214	6863.98
0.000182723	6725.5
0.000184231	6582.84
0.00018574	6436.97
0.000187248	6287.89
0.000188756	6136.67
0.000190265	5983.3
0.000191773	5829.12
0.000193282	5674.11
0.00019479	5519.9
0.000196298	5366.46
0.000197807	5215.51
0.000199315	5067.04
0.000200824	4922.5
0.000202332	4781.93
0.000203841	4646.07
0.000205349	4515
0.000206857	4388.48
0.000208366	4266.62
0.000209874	4148.12
0.000211383	4033.06
0.000212891	3919.36
0.000214399	3807.03
0.000215908	3693.68
0.000217416	3579.25
0.000218925	3461.66
0.000220433	3340.78
0.000221941	3215.43
0.00022345	3085.43
0.000224958	2950.83
0.000226467	2811.45
0.000227975	2668.59
0.000229484	2522.14
0.000230992	2374.34
0.0002325	2225.19
0.000234009	2077.32
0.000235517	1930.89
0.000237026	1788.36
0.000238534	1649.96
0.000240042	1517.58
0.000241551	1391.49
0.000243059	1272.73
0.000244568	1161.53
0.000246076	1058.13
0.000247585	962.673
0.000249093	874.757
0.000250601	794.434
0.00025211	720.926
0.000253618	654.194
0.000255127	593.348
0.000256635	538.281
0.000258143	488.163
0.000259652	442.862
0.00026116	401.683
0.000262669	364.495
0.000264177	330.738
0.000265685	300.298
0.000267194	272.714
0.000268702	247.886
0.000270211	225.409
0.000271719	205.195
0.000273228	186.872
0.000274736	170.353
0.000276244	155.306
0.000277753	141.642
0.000279261	129.086
0.00028077	117.55
0.000282278	106.837
0.000283786	96.8686
0.000285295	87.5294
0.000286803	78.7596
0.000288312	70.5146
0.00028982	62.7591
0.000291329	55.4931
0.000292837	48.7047
0.000294345	42.4094
0.000295854	36.6112
0.000297362	31.3176
0.000298871	26.5376
0.000300379	22.2581
0.000301887	18.4833
0.000303396	15.1782
0.000304904	12.3363
0.000306413	9.90754
0.000307921	7.87369
0.000309429	6.17961
0.000310938	4.79822
0.000312446	3.67824
0.000313955	2.78853
0.000315463	2.08728
0.000316972	1.5441
0.00031848	1.12843
0.000319988	0.814105
0.000321497	0.580885
0.000323005	0.408465
0.000324514	0.284619
0.000326022	0.194946
0.00032753	0.132701
0.000329039	0.0884722
0.000330547	0.0588611
0.000332056	0.0368476
0.000333564	0.0248357
