0.000500379	0.0848873
0.000506246	0.128494
0.000512113	0.209139
0.000517979	0.31855
0.000523846	0.480878
0.000529712	0.709312
0.000535579	1.03194
0.000541445	1.47273
0.000547312	2.06693
0.000553178	2.85217
0.000559045	3.86457
0.000564911	5.15398
0.000570778	6.74604
0.000576644	8.69334
0.000582511	10.9971
0.000588378	13.6935
0.000594244	16.7487
0.000600111	20.1566
0.000605977	23.8493
0.000611844	27.7572
0.00061771	31.7942
0.000623577	35.8261
0.000629443	39.7789
0.00063531	43.4835
0.000641176	46.9117
0.000647043	49.9206
0.000652909	52.549
0.000658776	54.7533
0.000664643	56.636
0.000670509	58.3061
0.000676376	59.9004
0.000682242	61.6824
0.000688109	63.7783
0.000693975	66.5457
0.000699842	70.0577
0.000705708	74.6581
0.000711575	80.3447
0.000717441	87.3312
0.000723308	95.5458
0.000729174	104.993
0.000735041	115.563
0.000740908	127.042
0.000746774	139.325
0.000752641	152.049
0.000758507	165.148
0.000764374	178.236
0.00077024	191.305
0.000776107	204.078
0.000781973	216.598
0.00078784	228.787
0.000793706	240.717
0.000799573	252.522
0.000805439	264.268
0.000811306	276.237
0.000817173	288.464
0.000823039	301.254
0.000828906	314.606
0.000834772	328.733
0.000840639	343.611
0.000846505	359.305
0.000852372	375.79
0.000858238	393.017
0.000864105	410.986
0.000869971	429.644
0.000875838	449.023
0.000881704	469.198
0.000887571	490.222
0.000893438	512.379
0.000899304	535.718
0.000905171	560.701
0.000911037	587.348
0.000916904	616.152
0.00092277	647.089
0.000928637	680.46
0.000934503	716.209
0.00094037	754.252
0.000946236	794.519
0.000952103	836.478
0.000957969	880.077
0.000963836	924.449
0.000969703	969.576
0.000975569	1014.52
0.000981436	1059.31
0.000987302	1103.25
0.000993169	1146.36
0.000999035	1188.42
0.0010049	1229.46
0.00101077	1269.72
0.00101663	1309.21
0.0010225	1348.5
0.00102837	1387.58
0.00103423	1427.07
0.0010401	1466.95
0.00104597	1507.64
0.00105183	1549.12
0.0010577	1591.45
0.00106357	1634.62
0.00106943	1678.26
0.0010753	1722.38
0.00108117	1766.17
0.00108703	1809.64
0.0010929	1851.58
0.00109877	1892.02
0.00110463	1929.43
0.0011105	1963.85
0.00111637	1993.65
0.00112223	2018.86
0.0011281	2038.65
0.00113397	2053.27
0.00113983	2055.91
0.0011457	2055.59
0.00115157	2053.2
0.00115743	2039.17
0.0011633	2019.9
0.00116916	1995.82
0.00117503	1967.8
0.0011809	1935.84
0.00118676	1901.57
0.00119263	1865.01
0.0011985	1827.37
0.00120436	1788.71
0.00121023	1749.59
0.0012161	1710.08
0.00122196	1670.15
0.00122783	1629.84
0.0012337	1588.76
0.00123956	1546.92
0.00124543	1503.86
0.0012513	1459.55
0.00125716	1413.67
0.00126303	1366.17
0.0012689	1317
0.00127476	1266.09
0.00128063	1213.72
0.0012865	1159.84
0.00129236	1105.02
0.00129823	1049.26
0.0013041	993.37
0.00130996	937.387
0.00131583	882.252
0.00132169	828.041
0.00132756	775.625
0.00133343	725.126
0.00133929	677.143
0.00134516	631.817
0.00135103	589.346
0.00135689	549.847
0.00136276	513.102
0.00136863	479.167
0.00137449	447.526
0.00138036	418.152
0.00138623	390.425
0.00139209	364.249
0.00139796	339.099
0.00140383	314.842
0.00140969	291.185
0.00141556	268.006
0.00142143	245.277
0.00142729	222.923
0.00143316	201.126
0.00143903	179.88
0.00144489	159.464
0.00145076	139.931
0.00145663	121.546
0.00146249	104.395
0.00146836	88.6393
0.00147422	74.3657
0.00148009	61.5995
0.00148596	50.3961
0.00149182	40.6557
0.00149769	32.3875
0.00150356	25.4095
0.00150942	19.6845
0.00151529	15.0007
0.00152116	11.2874
0.00152702	8.347
0.00153289	6.09357
0.00153876	4.36958
0.00154462	3.09136
0.00155049	2.14856
0.00155636	1.47135
0.00156222	0.990984
0.00156809	0.656059
0.00157396	0.428258
0.00157982	0.273699
0.00158569	0.173242
0.00159156	0.10671
0.00159742	0.0655504
0.00160329	0.0388402
0.00160916	0.0231844
0.00161502	0.0131851
0.00162089	0.00766115
0.00162675	0.00415265
0.00163262	0.00236634
0.00163849	0.00123227
0.00164435	0.000682218
0.00165022	0.000343133
0.00165609	0.000183434
0.00166195	8.0347e-05
0.00166782	4.59846e-05
