3.33898e-05	7.48118e-37
3.59039e-05	3.25679e-35
3.8418e-05	1.28027e-34
4.09322e-05	4.76213e-33
4.34463e-05	1.87184e-32
4.59604e-05	5.91943e-31
4.84746e-05	2.33814e-30
5.09887e-05	6.29195e-29
5.35028e-05	2.49524e-28
5.6017e-05	5.72011e-27
5.85311e-05	2.27509e-26
6.10452e-05	4.44875e-25
6.35594e-05	1.77228e-24
6.60735e-05	2.96076e-23
6.85877e-05	1.17956e-22
7.11018e-05	1.6867e-21
7.36159e-05	6.70767e-21
7.61301e-05	8.22804e-20
7.86442e-05	3.25907e-19
8.11583e-05	3.43839e-18
8.36725e-05	1.35301e-17
8.61866e-05	1.23143e-16
8.87007e-05	4.79959e-16
9.12149e-05	3.78162e-15
9.3729e-05	1.45487e-14
9.62431e-05	9.96304e-14
9.87573e-05	3.76865e-13
0.000101271	2.2532e-12
0.000103786	8.34284e-12
0.0001063	4.37681e-11
0.000108814	1.5785e-10
0.000111328	7.30667e-10
0.000113842	2.55285e-09
0.000116356	1.04889e-08
0.00011887	3.52948e-08
0.000121384	1.29545e-07
0.000123899	4.17228e-07
0.000126413	1.37714e-06
0.000128927	4.218e-06
0.000131441	1.26058e-05
0.000133955	3.6478e-05
0.000136469	9.93828e-05
0.000138983	0.000269966
0.000141498	0.000674962
0.000144012	0.00171064
0.000146526	0.00394939
0.00014904	0.0092871
0.000151554	0.0199124
0.000154068	0.0432414
0.000156582	0.0865317
0.000159096	0.172913
0.000161611	0.329785
0.000164125	0.601305
0.000166639	1.07896
0.000169153	1.81301
0.000171667	3.00658
0.000174181	4.7143
0.000176695	7.2503
0.00017921	10.6524
0.000181724	15.2793
0.000184238	21.1357
0.000186752	28.5022
0.000189266	37.3629
0.00019178	47.8515
0.000194294	59.9665
0.000196809	73.7775
0.000199323	89.3204
0.000201837	106.785
0.000204351	126.236
0.000206865	148.123
0.000209379	172.517
0.000211893	200.138
0.000214407	231.04
0.000216922	266.108
0.000219436	305.362
0.00022195	349.648
0.000224464	398.971
0.000226978	454.032
0.000229492	514.873
0.000232006	582.336
0.000234521	656.527
0.000237035	739.035
0.000239549	829.98
0.000242063	931.954
0.000244577	1044.99
0.000247091	1171.97
0.000249605	1312.79
0.000252119	1469.06
0.000254634	1640.58
0.000257148	1826.23
0.000259662	2025.83
0.000262176	2235.41
0.00026469	2454.95
0.000267204	2679.79
0.000269718	2910.07
0.000272233	3144.08
0.000274747	3381.95
0.000277261	3627.06
0.000279775	3879.42
0.000282289	4145.46
0.000284803	4425.13
0.000287317	4722.03
0.000289831	5036.21
0.000292346	5362.32
0.00029486	5700.61
0.000297374	6034.8
0.000299888	6365.18
0.000302402	6669.52
0.000304916	6947.72
0.00030743	7182.59
0.000309945	7373.37
0.000312459	7519.45
0.000314973	7619.64
0.000317487	7693.29
0.000320001	7739.74
0.000322515	7787.67
0.000325029	7837.96
0.000327544	7908.61
0.000330058	8001.92
0.000332572	8110.83
0.000335086	8237.35
0.0003376	8355.01
0.000340114	8466.52
0.000342628	8515.86
0.000345142	8533.08
0.000347657	8527.04
0.000350171	8435.5
0.000352685	8295.56
0.000355199	8112.33
0.000357713	7899.92
0.000360227	7659.23
0.000362741	7406.39
0.000365256	7143.27
0.00036777	6877.6
0.000370284	6610.76
0.000372798	6344.82
0.000375312	6080.26
0.000377826	5817.9
0.00038034	5557.76
0.000382854	5301.19
0.000385369	5048.33
0.000387883	4800.36
0.000390397	4557.67
0.000392911	4319.91
0.000395425	4087.46
0.000397939	3858.03
0.000400453	3631.53
0.000402968	3405.32
0.000405482	3178.59
0.000407996	2951.35
0.00041051	2722.61
0.000413024	2496.71
0.000415538	2273.52
0.000418052	2059.89
0.000420566	1857.08
0.000423081	1670.16
0.000425595	1501.11
0.000428109	1350.29
0.000430623	1219.02
0.000433137	1103.61
0.000435651	1003.93
0.000438165	915.155
0.00044068	836.067
0.000443194	763.149
0.000445708	694.972
0.000448222	630.13
0.000450736	567.619
0.00045325	507.735
0.000455764	450.131
0.000458279	395.912
0.000460793	345.328
0.000463307	299.257
0.000465821	258.24
0.000468335	222.178
0.000470849	191.414
0.000473363	164.928
0.000475877	142.54
0.000478392	123.071
0.000480906	105.949
0.00048342	90.5552
0.000485934	76.3576
0.000488448	63.3747
0.000490962	51.4161
0.000493476	40.712
0.000495991	31.354
0.000498505	23.3936
0.000501019	16.9501
0.000503533	11.8313
0.000506047	8.01387
0.000508561	5.21685
0.000511075	3.28421
0.000513589	1.99439
0.000516104	1.15893
0.000518618	0.658845
0.000521132	0.346959
0.000523646	0.18793
0.00052616	0.090832
0.000528674	0.0461354
0.000531188	0.0188277
0.000533703	0.00972513
