3.33898e-05	609.44
3.48982e-05	643.475
3.64066e-05	679.696
3.7915e-05	717.821
3.94234e-05	758.672
4.09318e-05	802.908
4.24402e-05	850.877
4.39487e-05	903.195
4.54571e-05	959.907
4.69655e-05	1021.39
4.84739e-05	1087.4
4.99823e-05	1157.94
5.14907e-05	1232.61
5.29991e-05	1311.04
5.45076e-05	1392.86
5.6016e-05	1477.47
5.75244e-05	1564.68
5.90328e-05	1653.96
6.05412e-05	1745.37
6.20496e-05	1838.66
6.3558e-05	1934.09
6.50665e-05	2031.82
6.65749e-05	2132.16
6.80833e-05	2235.61
6.95917e-05	2342.33
7.11001e-05	2452.88
7.26085e-05	2567.19
7.41169e-05	2685.55
7.56253e-05	2807.68
7.71338e-05	2933.36
7.86422e-05	3062.21
8.01506e-05	3193.52
8.1659e-05	3326.99
8.31674e-05	3461.66
8.46758e-05	3597.43
8.61842e-05	3733.49
8.76927e-05	3869.94
8.92011e-05	4006.48
9.07095e-05	4143.36
9.22179e-05	4280.85
9.37263e-05	4419.21
9.52347e-05	4559.12
9.67431e-05	4700.66
9.82516e-05	4844.53
9.976e-05	4990.56
0.000101268	5138.93
0.000102777	5289.28
0.000104285	5440.92
0.000105794	5593.41
0.000107302	5745.18
0.00010881	5895.84
0.000110319	6043.27
0.000111827	6187.26
0.000113336	6325.71
0.000114844	6458.63
0.000116353	6584.57
0.000117861	6703.75
0.000119369	6815.83
0.000120878	6921.13
0.000122386	7020.54
0.000123895	7114.4
0.000125403	7204.54
0.000126911	7291.21
0.00012842	7376.64
0.000129928	7460.88
0.000131437	7545.87
0.000132945	7631.47
0.000134453	7718.6
0.000135962	7807
0.00013747	7896.2
0.000138979	7985.89
0.000140487	8074.12
0.000141996	8160.64
0.000143504	8242.39
0.000145012	8319.21
0.000146521	8387.54
0.000148029	8447.33
0.000149538	8495.95
0.000151046	8532.67
0.000152554	8550.36
0.000154063	8558.11
0.000155571	8554
0.00015708	8528.64
0.000158588	8488.77
0.000160097	8433.89
0.000161605	8364.52
0.000163113	8280.74
0.000164622	8184.31
0.00016613	8075.27
0.000167639	7955.75
0.000169147	7825.78
0.000170655	7687.62
0.000172164	7541.26
0.000173672	7388.99
0.000175181	7230.8
0.000176689	7069
0.000178197	6903.56
0.000179706	6736.82
0.000181214	6568.77
0.000182723	6401.65
0.000184231	6235.44
0.00018574	6072.07
0.000187248	5911.5
0.000188756	5754.93
0.000190265	5602.36
0.000191773	5453.92
0.000193282	5309.65
0.00019479	5168.55
0.000196298	5030.66
0.000197807	4894.15
0.000199315	4759.03
0.000200824	4623.17
0.000202332	4486.56
0.000203841	4347.42
0.000205349	4205.69
0.000206857	4060.52
0.000208366	3911.81
0.000209874	3759.88
0.000211383	3604.63
0.000212891	3447.4
0.000214399	3288.13
0.000215908	3128.81
0.000217416	2969.45
0.000218925	2812.15
0.000220433	2656.99
0.000221941	2505.76
0.00022345	2358.56
0.000224958	2216.6
0.000226467	2079.99
0.000227975	1949.29
0.000229484	1824.59
0.000230992	1705.89
0.0002325	1593.26
0.000234009	1486.33
0.000235517	1385.13
0.000237026	1289.14
0.000238534	1198.33
0.000240042	1112.21
0.000241551	1030.72
0.000243059	953.477
0.000244568	880.41
0.000246076	811.299
0.000247585	746.088
0.000249093	684.723
0.000250601	627.17
0.00025211	573.499
0.000253618	523.704
0.000255127	477.891
0.000256635	436.084
0.000258143	398.304
0.000259652	364.595
0.00026116	334.786
0.000262669	308.914
0.000264177	286.551
0.000265685	267.7
0.000267194	251.692
0.000268702	238.465
0.000270211	227.211
0.000271719	217.793
0.000273228	209.411
0.000274736	201.869
0.000276244	194.528
0.000277753	187.173
0.000279261	179.43
0.00028077	171.114
0.000282278	162.145
0.000283786	152.407
0.000285295	142.066
0.000286803	131.098
0.000288312	119.809
0.00028982	108.26
0.000291329	96.7815
0.000292837	85.4907
0.000294345	74.6527
0.000295854	64.3978
0.000297362	54.8775
0.000298871	46.1993
0.000300379	38.3975
0.000301887	31.5338
0.000303396	25.5526
0.000304904	20.4648
0.000306413	16.1652
0.000307921	12.6224
0.000309429	9.71872
0.000310938	7.39691
0.000312446	5.55178
0.000313955	4.11748
0.000315463	3.01298
0.000316972	2.17675
0.00031848	1.55335
0.000319988	1.09274
0.000321497	0.760723
0.000323005	0.520823
0.000324514	0.353881
0.000326022	0.235654
0.00032753	0.15637
0.000329039	0.101207
0.000330547	0.0656316
0.000332056	0.0394549
0.000333564	0.0261663
