3.33898e-05	657.09
3.48982e-05	679.487
3.64066e-05	702.392
3.7915e-05	725.67
3.94234e-05	749.718
4.09318e-05	774.677
4.24402e-05	801.236
4.39487e-05	829.901
4.54571e-05	861.571
4.69655e-05	897.15
4.84739e-05	937.601
4.99823e-05	984.152
5.14907e-05	1037.66
5.29991e-05	1099.5
5.45076e-05	1170.26
5.6016e-05	1251.21
5.75244e-05	1342.51
5.90328e-05	1445.08
6.05412e-05	1558.59
6.20496e-05	1683.29
6.3558e-05	1818.45
6.50665e-05	1963.46
6.65749e-05	2117.3
6.80833e-05	2278.5
6.95917e-05	2445.93
7.11001e-05	2617.42
7.26085e-05	2791.95
7.41169e-05	2967
7.56253e-05	3141.84
7.71338e-05	3314.03
7.86422e-05	3483.23
8.01506e-05	3647.51
8.1659e-05	3806.92
8.31674e-05	3960.39
8.46758e-05	4108.25
8.61842e-05	4250.42
8.76927e-05	4387.4
8.92011e-05	4520.01
9.07095e-05	4648.76
9.22179e-05	4775.15
9.37263e-05	4899.61
9.52347e-05	5023.96
9.67431e-05	5148.5
9.82516e-05	5275
9.976e-05	5403.6
0.000101268	5535.71
0.000102777	5671.28
0.000104285	5811.11
0.000105794	5954.94
0.000107302	6102.74
0.00010881	6254.12
0.000110319	6408.08
0.000111827	6564.17
0.000113336	6720.47
0.000114844	6876.51
0.000116353	7029.64
0.000117861	7179.48
0.000119369	7322.98
0.000120878	7459.9
0.000122386	7587.22
0.000123895	7704.83
0.000125403	7810.16
0.000126911	7903.24
0.00012842	7982.27
0.000129928	8047.36
0.000131437	8098.43
0.000132945	8134.53
0.000134453	8152.55
0.000135962	8160.43
0.00013747	8156.5
0.000138979	8136.33
0.000140487	8105.72
0.000141996	8064.26
0.000143504	8014.06
0.000145012	7955.21
0.000146521	7890.12
0.000148029	7818.83
0.000149538	7743.54
0.000151046	7664.21
0.000152554	7582.52
0.000154063	7498.42
0.000155571	7412.94
0.00015708	7326.03
0.000158588	7238.14
0.000160097	7149.26
0.000161605	7059.52
0.000163113	6968.93
0.000164622	6877.66
0.00016613	6785.7
0.000167639	6693.48
0.000169147	6601
0.000170655	6508.98
0.000172164	6417.41
0.000173672	6327.12
0.000175181	6238.1
0.000176689	6151
0.000178197	6065.79
0.000179706	5982.6
0.000181214	5901.41
0.000182723	5821.66
0.000184231	5743.33
0.00018574	5665.2
0.000187248	5587.27
0.000188756	5507.88
0.000190265	5427.03
0.000191773	5343.03
0.000193282	5255.86
0.00019479	5164.13
0.000196298	5067.82
0.000197807	4966.06
0.000199315	4858.83
0.000200824	4745.89
0.000202332	4627.2
0.000203841	4503.08
0.000205349	4373.49
0.000206857	4239.16
0.000208366	4100.08
0.000209874	3957.26
0.000211383	3810.7
0.000212891	3661.65
0.000214399	3510.09
0.000215908	3357.49
0.000217416	3203.84
0.000218925	3050.78
0.000220433	2898.32
0.000221941	2748.21
0.00022345	2600.48
0.000224958	2456.85
0.000226467	2317.39
0.000227975	2183.59
0.000229484	2055.56
0.000230992	1934.34
0.0002325	1820.07
0.000234009	1713.2
0.000235517	1613.86
0.000237026	1521.87
0.000238534	1437.32
0.000240042	1359.49
0.000241551	1288.38
0.000243059	1222.88
0.000244568	1162.94
0.000246076	1107.27
0.000247585	1055.75
0.000249093	1007.14
0.000250601	961.289
0.00025211	917.18
0.000253618	874.641
0.000255127	832.979
0.000256635	792.034
0.000258143	751.449
0.000259652	711.102
0.00026116	670.927
0.000262669	630.851
0.000264177	591.024
0.000265685	551.425
0.000267194	512.331
0.000268702	473.766
0.000270211	436.058
0.000271719	399.264
0.000273228	363.699
0.000274736	329.44
0.000276244	296.743
0.000277753	265.691
0.000279261	236.455
0.00028077	209.107
0.000282278	183.721
0.000283786	160.352
0.000285295	138.98
0.000286803	119.63
0.000288312	102.204
0.00028982	86.6971
0.000291329	72.9541
0.000292837	60.9416
0.000294345	50.4716
0.000295854	41.4867
0.000297362	33.7911
0.000298871	27.3104
0.000300379	21.8605
0.000301887	17.3585
0.000303396	13.645
0.000304904	10.6369
0.000306413	8.20575
0.000307921	6.27491
0.000309429	4.74777
0.000310938	3.55866
0.000312446	2.63951
0.000313955	1.93771
0.000315463	1.4083
0.000316972	1.01178
0.00031848	0.72034
0.000319988	0.506065
0.000321497	0.352877
0.000323005	0.242221
0.000324514	0.165418
0.000326022	0.110845
0.00032753	0.0741468
0.000329039	0.0484594
0.000330547	0.0317596
0.000332056	0.0194077
0.000333564	0.0129928
