3.33898e-05	1.53138e-08
3.55687e-05	4.03664e-08
3.77476e-05	1.15524e-07
3.99264e-05	3.09196e-07
4.21053e-05	7.91293e-07
4.42842e-05	1.98967e-06
4.64631e-05	4.92208e-06
4.8642e-05	1.16613e-05
5.08209e-05	2.78096e-05
5.29998e-05	6.22596e-05
5.51787e-05	0.000142749
5.73576e-05	0.000302847
5.95365e-05	0.000665869
6.17154e-05	0.00134233
6.38943e-05	0.00282335
6.60732e-05	0.00542207
6.82521e-05	0.0108851
7.0431e-05	0.0199614
7.26099e-05	0.0381718
7.47888e-05	0.0680805
7.69677e-05	0.122246
7.91465e-05	0.2103
8.13254e-05	0.356778
8.35043e-05	0.588239
8.56832e-05	0.948046
8.78621e-05	1.49507
9.0041e-05	2.29457
9.22199e-05	3.45667
9.43988e-05	5.06104
9.65777e-05	7.27868
9.87566e-05	10.1802
0.000100935	13.9768
0.000103114	18.6939
0.000105293	24.514
0.000107472	31.3856
0.000109651	39.3544
0.00011183	48.2905
0.000114009	58.0063
0.000116188	68.3389
0.000118367	78.8628
0.000120546	89.4606
0.000122724	99.6092
0.000124903	109.306
0.000127082	118.18
0.000129261	126.359
0.00013144	133.86
0.000133619	140.886
0.000135798	147.919
0.000137977	155.159
0.000140156	163.419
0.000142334	172.835
0.000144513	184.302
0.000146692	197.891
0.000148871	214.38
0.00015105	233.82
0.000153229	256.853
0.000155408	283.562
0.000157587	314.613
0.000159766	350.146
0.000161945	391.064
0.000164123	437.539
0.000166302	490.824
0.000168481	551.055
0.00017066	619.703
0.000172839	696.808
0.000175018	783.683
0.000177197	880.248
0.000179376	987.193
0.000181555	1104.36
0.000183733	1231.54
0.000185912	1368.59
0.000188091	1514.54
0.00019027	1669.32
0.000192449	1831.74
0.000194628	2001.8
0.000196807	2178.61
0.000198986	2362.2
0.000201165	2552.08
0.000203344	2748.25
0.000205522	2950.26
0.000207701	3158.04
0.00020988	3370.67
0.000212059	3588.11
0.000214238	3808.92
0.000216417	4033.08
0.000218596	4259.16
0.000220775	4487.18
0.000222954	4716.22
0.000225132	4946.31
0.000227311	5176.97
0.00022949	5408.16
0.000231669	5638.93
0.000233848	5869.22
0.000236027	6096.49
0.000238206	6320.7
0.000240385	6537.59
0.000242564	6747.18
0.000244743	6944.76
0.000246921	7130.38
0.0002491	7301.03
0.000251279	7456.73
0.000253458	7597.64
0.000255637	7723.73
0.000257816	7837.78
0.000259995	7939.75
0.000262174	8032.55
0.000264353	8116.24
0.000266531	8190.99
0.00026871	8256.94
0.000270889	8311.73
0.000273068	8356.36
0.000275247	8367.96
0.000277426	8370
0.000279605	8364.53
0.000281784	8317.54
0.000283963	8245.33
0.000286142	8149.42
0.00028832	8029.73
0.000290499	7885.99
0.000292678	7723.91
0.000294857	7543.43
0.000297036	7351.37
0.000299215	7147.89
0.000301394	6938.93
0.000303573	6724.84
0.000305752	6509.45
0.00030793	6293.16
0.000310109	6077.58
0.000312288	5862.98
0.000314467	5649.37
0.000316646	5436.84
0.000318825	5224.87
0.000321004	5013.39
0.000323183	4802.34
0.000325362	4591.57
0.00032754	4382
0.000329719	4173.54
0.000331898	3967.93
0.000334077	3765.21
0.000336256	3567.29
0.000338435	3374.4
0.000340614	3187.8
0.000342793	3007.83
0.000344972	2834.68
0.000347151	2668.59
0.000349329	2508.83
0.000351508	2355.42
0.000353687	2207.28
0.000355866	2064.22
0.000358045	1925.61
0.000360224	1791.18
0.000362403	1661.17
0.000364582	1535.42
0.000366761	1414.88
0.000368939	1299.63
0.000371118	1190.64
0.000373297	1088.2
0.000375476	992.683
0.000377655	904.363
0.000379834	822.807
0.000382013	748.106
0.000384192	679.343
0.000386371	616.36
0.00038855	558.294
0.000390728	504.85
0.000392907	455.577
0.000395086	410.216
0.000397265	368.742
0.000399444	331.048
0.000401623	297.293
0.000403802	267.52
0.000405981	241.782
0.00040816	220.18
0.000410338	202.466
0.000412517	188.688
0.000414696	178.239
0.000416875	171.025
0.000419054	166.159
0.000421233	163.364
0.000423412	161.672
0.000425591	160.64
0.00042777	159.47
0.000429949	157.655
0.000432127	154.765
0.000434306	150.375
0.000436485	144.486
0.000438664	136.882
0.000440843	127.904
0.000443022	117.594
0.000445201	106.445
0.00044738	94.7109
0.000449559	82.8471
0.000451737	71.2052
0.000453916	60.0825
0.000456095	49.8047
0.000458274	40.4769
0.000460453	32.3108
0.000462632	25.2572
0.000464811	19.3419
0.00046699	14.5559
