3.33898e-05	44.1587
3.52334e-05	53.7828
3.70771e-05	64.9283
3.89207e-05	77.5852
4.07644e-05	91.7832
4.2608e-05	107.574
4.44517e-05	124.89
4.62953e-05	143.713
4.8139e-05	163.933
4.99827e-05	185.456
5.18263e-05	208.163
5.367e-05	231.902
5.55136e-05	256.578
5.73573e-05	282.024
5.92009e-05	308.201
6.10446e-05	334.975
6.28882e-05	362.377
6.47319e-05	390.358
6.65755e-05	419.008
6.84192e-05	448.389
7.02628e-05	478.627
7.21065e-05	509.894
7.39502e-05	542.318
7.57938e-05	576.141
7.76375e-05	611.467
7.94811e-05	648.556
8.13248e-05	687.477
8.31684e-05	728.458
8.50121e-05	771.545
8.68557e-05	816.911
8.86994e-05	864.607
9.0543e-05	914.78
9.23867e-05	967.515
9.42303e-05	1023
9.6074e-05	1081.37
9.79177e-05	1142.93
9.97613e-05	1207.86
0.000101605	1276.63
0.000103449	1349.4
0.000105292	1426.79
0.000107136	1508.88
0.00010898	1596.25
0.000110823	1688.87
0.000112667	1787.07
0.000114511	1890.63
0.000116354	1999.39
0.000118198	2112.99
0.000120042	2230.56
0.000121885	2351.69
0.000123729	2474.8
0.000125572	2599.52
0.000127416	2723.79
0.00012926	2847.35
0.000131103	2968.04
0.000132947	3085.75
0.000134791	3198.69
0.000136634	3306.92
0.000138478	3409.35
0.000140322	3506.16
0.000142165	3597.12
0.000144009	3682.44
0.000145853	3762.7
0.000147696	3838.05
0.00014954	3909.52
0.000151384	3977.2
0.000153227	4042.17
0.000155071	4104.41
0.000156915	4164.7
0.000158758	4222.96
0.000160602	4279.42
0.000162446	4333.96
0.000164289	4386.26
0.000166133	4436.21
0.000167977	4483.06
0.00016982	4526.73
0.000171664	4566.26
0.000173507	4601.62
0.000175351	4631.9
0.000177195	4657.1
0.000179038	4677
0.000180882	4691.19
0.000182726	4696.34
0.000184569	4698.38
0.000186413	4696.46
0.000188257	4685.77
0.0001901	4670.58
0.000191944	4650.64
0.000193788	4626.95
0.000195631	4599.54
0.000197475	4570.08
0.000199319	4538.6
0.000201162	4506.97
0.000203006	4475.17
0.00020485	4444.96
0.000206693	4416.3
0.000208537	4390.42
0.000210381	4367.31
0.000212224	4347.37
0.000214068	4330.59
0.000215912	4316.46
0.000217755	4304.98
0.000219599	4294.83
0.000221442	4286.03
0.000223286	4276.76
0.00022513	4267.06
0.000226973	4255.02
0.000228817	4240.66
0.000230661	4222.37
0.000232504	4200.15
0.000234348	4172.87
0.000236192	4140.5
0.000238035	4102.43
0.000239879	4058.63
0.000241723	4008.84
0.000243566	3953.05
0.00024541	3891.24
0.000247254	3823.4
0.000249097	3749.63
0.000250941	3669.94
0.000252785	3584.58
0.000254628	3493.53
0.000256472	3397.29
0.000258316	3295.82
0.000260159	3189.93
0.000262003	3079.6
0.000263847	2965.97
0.00026569	2849.03
0.000267534	2730.18
0.000269377	2609.46
0.000271221	2488.35
0.000273065	2366.92
0.000274908	2246.56
0.000276752	2127.37
0.000278596	2010.49
0.000280439	1896.02
0.000282283	1784.75
0.000284127	1676.78
0.00028597	1572.59
0.000287814	1472.24
0.000289658	1375.97
0.000291501	1283.81
0.000293345	1195.84
0.000295189	1112.08
0.000297032	1032.51
0.000298876	957.15
0.00030072	885.917
0.000302563	818.823
0.000304407	755.737
0.000306251	696.661
0.000308094	641.394
0.000309938	589.929
0.000311782	541.989
0.000313625	497.552
0.000315469	456.285
0.000317312	418.146
0.000319156	382.778
0.000321	350.121
0.000322843	319.838
0.000324687	291.854
0.000326531	265.881
0.000328374	241.843
0.000330218	219.513
0.000332062	198.82
0.000333905	179.597
0.000335749	161.786
0.000337593	145.264
0.000339436	129.986
0.00034128	115.86
0.000343124	102.85
0.000344967	90.8821
0.000346811	79.928
0.000348655	69.9206
0.000350498	60.8357
0.000352342	52.6087
0.000354186	45.2165
0.000356029	38.5942
0.000357873	32.7176
0.000359717	27.5202
0.00036156	22.9754
0.000363404	19.0155
0.000365247	15.6107
0.000367091	12.6943
0.000368935	10.2333
0.000370778	8.16523
0.000372622	6.45515
0.000374466	5.04813
0.000376309	3.90921
0.000378153	2.99348
0.000379997	2.26827
0.00038184	1.69953
0.000383684	1.25889
0.000385528	0.922457
0.000387371	0.66735
0.000389215	0.478084
0.000391059	0.33751
0.000392902	0.236365
0.000394746	0.162693
0.00039659	0.111391
0.000398433	0.0727177
0.000400277	0.0500091
