0.000500379	0.000502396
0.000507922	0.00091109
0.000515465	0.00213717
0.000523008	0.00405614
0.00053055	0.00814857
0.000538093	0.014712
0.000545636	0.027859
0.000553179	0.0487669
0.000560721	0.0855574
0.000568264	0.143118
0.000575807	0.235725
0.00058335	0.375343
0.000590892	0.582631
0.000598435	0.880729
0.000605978	1.292
0.000613521	1.85113
0.000621063	2.57135
0.000628606	3.48946
0.000636149	4.59638
0.000643692	5.90918
0.000651234	7.39063
0.000658777	9.01243
0.00066632	10.7204
0.000673862	12.4321
0.000681405	14.1039
0.000688948	15.6261
0.000696491	16.9928
0.000704033	18.1252
0.000711576	19.0606
0.000719119	19.8044
0.000726662	20.4131
0.000734204	20.9811
0.000741747	21.5484
0.00074929	22.2431
0.000756833	23.0668
0.000764375	24.1041
0.000771918	25.3234
0.000779461	26.7196
0.000787004	28.2518
0.000794546	29.8364
0.000802089	31.4442
0.000809632	32.9623
0.000817175	34.3824
0.000824717	35.6126
0.00083226	36.6649
0.000839803	37.5027
0.000847345	38.1555
0.000854888	38.6631
0.000862431	39.0678
0.000869974	39.4963
0.000877516	39.991
0.000885059	40.7498
0.000892602	41.7963
0.000900145	43.3391
0.000907687	45.3712
0.00091523	48.0233
0.000922773	51.2631
0.000930316	55.0811
0.000937858	59.4404
0.000945401	64.2041
0.000952944	69.3516
0.000960487	74.7018
0.000968029	80.2565
0.000975572	85.8852
0.000983115	91.6041
0.000990658	97.3804
0.0009982	103.233
0.00100574	109.221
0.00101329	115.358
0.00102083	121.765
0.00102837	128.451
0.00103591	135.566
0.00104346	143.112
0.001051	151.231
0.00105854	159.914
0.00106608	169.244
0.00107363	179.21
0.00108117	189.812
0.00108871	201.046
0.00109626	212.885
0.0011038	225.342
0.00111134	238.485
0.00111888	252.336
0.00112643	267.159
0.00113397	282.974
0.00114151	300.237
0.00114906	318.957
0.0011566	339.672
0.00116414	362.381
0.00117168	387.596
0.00117923	415.316
0.00118677	446.028
0.00119431	479.737
0.00120185	517.053
0.0012094	557.982
0.00121694	603.425
0.00122448	653.383
0.00123203	709.039
0.00123957	770.383
0.00124711	838.536
0.00125465	913.486
0.0012622	995.644
0.00126974	1085.02
0.00127728	1180.63
0.00128482	1282.51
0.00129237	1387.96
0.00129991	1497.02
0.00130745	1605.55
0.001315	1713.56
0.00132254	1816.47
0.00133008	1914.24
0.00133762	2003.35
0.00134517	2083.65
0.00135271	2154.17
0.00136025	2214.7
0.00136779	2267.41
0.00137534	2312.14
0.00138288	2353.3
0.00139042	2390.91
0.00139797	2429.3
0.00140551	2468.77
0.00141305	2510.96
0.00142059	2556.34
0.00142814	2602.6
0.00143568	2650.07
0.00144322	2693.42
0.00145076	2732.61
0.00145831	2762.03
0.00146585	2781.57
0.00147339	2785.17
0.00148094	2775.35
0.00148848	2753.43
0.00149602	2714.46
0.00150356	2663.13
0.00151111	2599.98
0.00151865	2528.23
0.00152619	2448.15
0.00153373	2362.79
0.00154128	2272.56
0.00154882	2179.4
0.00155636	2083.63
0.00156391	1986.46
0.00157145	1888.08
0.00157899	1789.42
0.00158653	1690.63
0.00159408	1592.59
0.00160162	1495.43
0.00160916	1399.93
0.0016167	1306.22
0.00162425	1214.85
0.00163179	1125.94
0.00163933	1039.84
0.00164688	956.643
0.00165442	876.61
0.00166196	799.794
0.0016695	726.463
0.00167705	656.664
0.00168459	590.674
0.00169213	528.549
0.00169968	470.544
0.00170722	416.732
0.00171476	367.288
0.0017223	322.295
0.00172985	281.78
0.00173739	245.815
0.00174493	214.217
0.00175247	187.021
0.00176002	163.808
0.00176756	144.543
0.0017751	128.611
0.00178265	115.885
0.00179019	105.643
0.00179773	97.6679
0.00180527	91.248
0.00181282	86.1025
0.00182036	81.6484
0.0018279	77.5858
0.00183544	73.5565
0.00184299	69.3008
0.00185053	64.7253
0.00185807	59.6696
0.00186562	54.2656
0.00187316	48.4865
0.0018807	42.5785
0.00188824	36.6343
0.00189579	30.8829
0.00190333	25.4753
0.00191087	20.533
0.00191841	16.1889
0.00192596	12.4416
0.0019335	9.35333
0.00194104	6.84272
0.00194859	4.89449
0.00195613	3.40621
0.00196367	2.31287
0.00197121	1.53152
0.00197876	0.984557
0.0019863	0.6211
0.00199384	0.359216
0.00200138	0.226966
