0.000500379	1.12329e-72
0.000507922	8.55504e-70
0.000515465	3.41865e-69
0.000523008	2.11998e-66
0.00053055	8.55265e-66
0.000538093	4.31673e-63
0.000545636	1.75888e-62
0.000553179	7.2251e-60
0.000560721	2.97346e-59
0.000568264	9.94064e-57
0.000575807	4.13226e-56
0.00058335	1.1243e-53
0.000590892	4.72082e-53
0.000598435	1.04538e-50
0.000605978	4.43363e-50
0.000613521	7.99126e-48
0.000621063	3.42311e-47
0.000628606	5.02272e-45
0.000636149	2.17277e-44
0.000643692	2.5959e-42
0.000651234	1.13383e-41
0.000658777	1.10335e-39
0.00066632	4.86449e-39
0.000673862	3.85727e-37
0.000681405	1.71592e-36
0.000688948	1.10934e-34
0.000696491	4.97679e-34
0.000704033	2.6252e-32
0.000711576	1.18689e-31
0.000719119	5.11318e-30
0.000726662	2.32761e-29
0.000734204	8.19954e-28
0.000741747	3.75385e-27
0.00074929	1.083e-25
0.000756833	4.97903e-25
0.000764375	1.17873e-23
0.000771918	5.43192e-23
0.000779461	1.05776e-21
0.000787004	4.87473e-21
0.000794546	7.83133e-20
0.000802089	3.59909e-19
0.000809632	4.78736e-18
0.000817175	2.18647e-17
0.000824717	2.41853e-16
0.00083226	1.09315e-15
0.000839803	1.01073e-14
0.000847345	4.49872e-14
0.000854888	3.49805e-13
0.000862431	1.52432e-12
0.000869974	1.00377e-11
0.000877516	4.25368e-11
0.000885059	2.39104e-10
0.000892602	9.77905e-10
0.000900145	4.73375e-09
0.000907687	1.85286e-08
0.00091523	7.7979e-08
0.000922773	2.89469e-07
0.000930316	1.06987e-06
0.000937858	3.73089e-06
0.000945401	1.22347e-05
0.000952944	3.96969e-05
0.000960487	0.000116679
0.000968029	0.000348958
0.000975572	0.000928198
0.000983115	0.00253674
0.000990658	0.00615953
0.0009982	0.0152679
0.00100574	0.0340929
0.00101329	0.0761949
0.00102083	0.157377
0.00102837	0.315907
0.00103591	0.620194
0.00104346	1.11557
0.001051	1.99547
0.00105854	3.28377
0.00106608	5.2979
0.00107363	8.0372
0.00108117	11.7889
0.00108871	16.5185
0.00109626	22.2332
0.0011038	28.8857
0.00111134	36.0805
0.00111888	43.7973
0.00112643	51.4635
0.00113397	59.1025
0.00114151	66.406
0.00114906	73.4208
0.0011566	80.4049
0.00116414	87.4024
0.00117168	95.2819
0.00117923	104.071
0.00118677	115.135
0.00119431	128.475
0.00120185	145.609
0.0012094	166.512
0.00121694	192.197
0.00122448	222.632
0.00123203	257.728
0.00123957	297.474
0.00124711	340.788
0.00125465	387.678
0.0012622	437.054
0.00126974	488.911
0.00127728	543.367
0.00128482	600.394
0.00129237	661.561
0.00129991	726.859
0.00130745	797.802
0.001315	874.464
0.00132254	956.176
0.00133008	1043.04
0.00133762	1132.32
0.00134517	1223.95
0.00135271	1316.52
0.00136025	1409.74
0.00136779	1506.63
0.00137534	1607
0.00138288	1716.56
0.00139042	1835.62
0.00139797	1966.61
0.00140551	2110.27
0.00141305	2261.56
0.00142059	2421.04
0.00142814	2578.01
0.00143568	2732.35
0.00144322	2873.07
0.00145076	2999.48
0.00145831	3104.3
0.00146585	3186.61
0.00147339	3244.7
0.00148094	3278.74
0.00148848	3284.81
0.00149602	3273.27
0.00150356	3248.92
0.00151111	3210.28
0.00151865	3168.88
0.00152619	3126.14
0.00153373	3086.69
0.00154128	3052.37
0.00154882	3019.04
0.00155636	2987.45
0.00156391	2948.75
0.00157145	2901.95
0.00157899	2840.63
0.00158653	2762.93
0.00159408	2669.05
0.00160162	2557.64
0.00160916	2434.88
0.0016167	2300.8
0.00162425	2163.6
0.00163179	2024.66
0.00163933	1889.83
0.00164688	1760.94
0.00165442	1639.34
0.00166196	1526.23
0.0016695	1419.62
0.00167705	1319.5
0.00168459	1223.52
0.00169213	1130.92
0.00169968	1041.13
0.00170722	953.529
0.00171476	869.193
0.0017223	788.205
0.00172985	711.57
0.00173739	639.765
0.00174493	572.68
0.00175247	510.533
0.00176002	452.623
0.00176756	398.74
0.0017751	348.573
0.00178265	301.876
0.00179019	258.83
0.00179773	219.448
0.00180527	183.846
0.00181282	152.147
0.00182036	124.134
0.0018279	99.8062
0.00183544	78.8112
0.00184299	61.0293
0.00185053	46.1381
0.00185807	34.0089
0.00186562	24.2867
0.00187316	16.8338
0.0018807	11.2176
0.00188824	7.2289
0.00189579	4.45855
0.00190333	2.64157
0.00191087	1.50421
0.00191841	0.801825
0.00192596	0.428208
0.0019335	0.205036
0.00194104	0.102241
0.00194859	0.0450814
0.00195613	0.0203316
0.00196367	0.00831552
0.00197121	0.00335766
0.00197876	0.00128425
0.0019863	0.00045954
0.00199384	0.000153919
0.00200138	5.20449e-05
