0.000100103	1.5512e-13
0.000103622	7.03013e-13
0.000107142	2.34669e-12
0.000110662	1.0156e-11
0.000114182	3.15668e-11
0.000117702	1.24388e-10
0.000121222	3.77571e-10
0.000124742	1.35941e-09
0.000128261	4.0159e-09
0.000131781	1.32596e-08
0.000135301	3.79845e-08
0.000138821	1.15454e-07
0.000142341	3.19518e-07
0.000145861	8.97564e-07
0.000149381	2.39046e-06
0.0001529	6.23089e-06
0.00015642	1.59074e-05
0.00015994	3.86277e-05
0.00016346	9.41667e-05
0.00016698	0.000213856
0.0001705	0.000495935
0.00017402	0.00105732
0.000177539	0.00232405
0.000181059	0.00466784
0.000184579	0.00969252
0.000188099	0.018399
0.000191619	0.0359827
0.000195139	0.0657681
0.000198659	0.119533
0.000202178	0.209228
0.000205698	0.354654
0.000209218	0.587225
0.000212738	0.93658
0.000216258	1.46385
0.000219778	2.20281
0.000223298	3.24696
0.000226817	4.61859
0.000230337	6.42143
0.000233857	8.64649
0.000237377	11.3531
0.000240897	14.4919
0.000244417	18.0121
0.000247937	21.8402
0.000251456	25.7897
0.000254976	29.8009
0.000258496	33.6109
0.000262016	37.2068
0.000265536	40.3751
0.000269056	43.1538
0.000272576	45.4888
0.000276095	47.4459
0.000279615	49.1557
0.000283135	50.6919
0.000286655	52.3332
0.000290175	54.1642
0.000293695	56.6012
0.000297214	59.7508
0.000300734	64.2154
0.000304254	70.1109
0.000307774	78.2479
0.000311294	88.7149
0.000314814	102.421
0.000318334	119.401
0.000321853	140.457
0.000325373	165.588
0.000328893	195.373
0.000332413	229.827
0.000335933	269.426
0.000339453	314.226
0.000342973	364.856
0.000346492	421.372
0.000350012	484.609
0.000353532	554.548
0.000357052	631.845
0.000360572	716.371
0.000364092	807.95
0.000367612	906.391
0.000371131	1010.28
0.000374651	1119.47
0.000378171	1231.52
0.000381691	1346.39
0.000385211	1461.44
0.000388731	1576.71
0.000392251	1690.31
0.00039577	1802.38
0.00039929	1912.54
0.00040281	2020.95
0.00040633	2129.22
0.00040985	2237.49
0.00041337	2349.2
0.00041689	2464.41
0.000420409	2587.42
0.000423929	2718.17
0.000427449	2860.14
0.000430969	3013.23
0.000434489	3178.52
0.000438009	3355.92
0.000441529	3543.5
0.000445048	3741.21
0.000448568	3944.55
0.000452088	4153.54
0.000455608	4361.9
0.000459128	4569.67
0.000462648	4769.38
0.000466168	4961.09
0.000469687	5136.7
0.000473207	5296.22
0.000476727	5432.1
0.000480247	5544.27
0.000483767	5629.67
0.000487287	5689.33
0.000490807	5699.7
0.000494326	5694.96
0.000497846	5679.51
0.000501366	5622.62
0.000504886	5550.28
0.000508406	5464.07
0.000511926	5371.87
0.000515446	5273.92
0.000518965	5178.39
0.000522485	5085.8
0.000526005	4999.9
0.000529525	4921.32
0.000533045	4848.57
0.000536565	4782.14
0.000540085	4716.34
0.000543604	4651.25
0.000547124	4579.57
0.000550644	4500.9
0.000554164	4409.45
0.000557684	4304.46
0.000561204	4184.07
0.000564724	4047.51
0.000568243	3897.43
0.000571763	3733.41
0.000575283	3561.3
0.000578803	3381.23
0.000582323	3199.71
0.000585843	3017.41
0.000589362	2839.13
0.000592882	2665.73
0.000596402	2499.18
0.000599922	2340.17
0.000603442	2188.25
0.000606962	2043.67
0.000610482	1905.04
0.000614001	1772.18
0.000617521	1644.25
0.000621041	1520.91
0.000624561	1402.52
0.000628081	1288.91
0.000631601	1181.32
0.000635121	1079.88
0.00063864	985.747
0.00064216	899.298
0.00064568	820.692
0.0006492	750.287
0.00065272	687
0.00065624	630.891
0.00065976	580.154
0.000663279	534.459
0.000666799	492.177
0.000670319	452.755
0.000673839	415.407
0.000677359	379.658
0.000680879	345.618
0.000684399	313.109
0.000687918	282.66
0.000691438	254.391
0.000694958	228.674
0.000698478	205.741
0.000701998	185.514
0.000705518	168.125
0.000709038	153.107
0.000712557	140.396
0.000716077	129.391
0.000719597	119.87
0.000723117	111.329
0.000726637	103.496
0.000730157	96.0698
0.000733677	88.8239
0.000737196	81.6577
0.000740716	74.4329
0.000744236	67.2011
0.000747756	59.9189
0.000751276	52.728
0.000754796	45.6686
0.000758316	38.9031
0.000761835	32.5287
0.000765355	26.6599
0.000768875	21.4056
0.000772395	16.7912
0.000775915	12.8876
0.000779435	9.63676
0.000782955	7.0429
0.000786474	5.00656
0.000789994	3.47167
0.000793514	2.34311
0.000797034	1.50027
0.000800554	0.98445
