0.000500379	2.72326e-246
0.000510437	2.85593e-238
0.000520494	1.14237e-237
0.000530551	8.32839e-230
0.000540608	3.36544e-229
0.000550665	1.70538e-221
0.000560722	6.9629e-221
0.000570779	2.45204e-213
0.000580836	1.01171e-212
0.000590893	2.47557e-205
0.00060095	1.03236e-204
0.000611007	1.75495e-197
0.000621064	7.39816e-197
0.000631121	8.73561e-190
0.000641178	3.72332e-189
0.000651235	3.05322e-182
0.000661292	1.31598e-181
0.000671349	7.49304e-175
0.000681406	3.2665e-174
0.000691463	1.29119e-167
0.00070152	5.69415e-167
0.000711577	1.56226e-160
0.000721634	6.97089e-160
0.000731691	1.32722e-153
0.000741748	5.99322e-153
0.000751806	7.91694e-147
0.000761863	3.61863e-146
0.00077192	3.31585e-140
0.000781977	1.53441e-139
0.000792034	9.75107e-134
0.000802091	4.56929e-133
0.000812148	2.01338e-127
0.000822205	9.55584e-127
0.000832262	2.91887e-121
0.000842319	1.40346e-120
0.000852376	2.97109e-115
0.000862433	1.44758e-114
0.00087249	2.12336e-109
0.000882547	1.04857e-108
0.000892604	1.06546e-103
0.000902661	5.33407e-103
0.000912718	3.75366e-98
0.000922775	1.9056e-97
0.000932832	9.28477e-93
0.000942889	4.78097e-92
0.000952946	1.61244e-87
0.000963003	8.42382e-87
0.00097306	1.96602e-82
0.000983117	1.04235e-81
0.000993175	1.68301e-77
0.00100323	9.05781e-77
0.00101329	1.01151e-72
0.00102335	5.52769e-72
0.0010334	4.26819e-68
0.00104346	2.36904e-67
0.00105352	1.26446e-63
0.00106357	7.13034e-63
0.00107363	2.62998e-59
0.00108369	1.50715e-58
0.00109374	3.84056e-55
0.0011038	2.23723e-54
0.00111386	3.93765e-51
0.00112392	2.33224e-50
0.00113397	2.83462e-47
0.00114403	1.70745e-46
0.00115409	1.43282e-43
0.00116414	8.77871e-43
0.0011742	5.08585e-40
0.00118426	3.16976e-39
0.00119432	1.26785e-36
0.00120437	8.03781e-36
0.00121443	2.22016e-33
0.00122449	1.43142e-32
0.00123454	2.73177e-30
0.0012446	1.7903e-29
0.00125466	2.36284e-27
0.00126471	1.5726e-26
0.00127477	1.43757e-24
0.00128483	9.70198e-24
0.00129489	6.15789e-22
0.00130494	4.20413e-21
0.001315	1.8596e-19
0.00132506	1.27966e-18
0.00133511	3.96648e-17
0.00134517	2.73633e-16
0.00135523	5.99124e-15
0.00136529	4.11114e-14
0.00137534	6.43069e-13
0.0013854	4.34092e-12
0.00139546	4.92652e-11
0.00140551	3.22237e-10
0.00141557	2.70792e-09
0.00142563	1.68253e-08
0.00143568	1.07395e-07
0.00144574	6.18381e-07
0.0014558	3.08909e-06
0.00146586	1.60144e-05
0.00147591	6.46774e-05
0.00148597	0.000292665
0.00149603	0.000986846
0.00150608	0.00378224
0.00151614	0.0109542
0.0015262	0.0346673
0.00153625	0.0881003
0.00154631	0.2263
0.00155637	0.516067
0.00156643	1.07623
0.00157648	2.18793
0.00158654	3.85081
0.0015966	6.31579
0.00160665	9.60599
0.00161671	13.4346
0.00162677	17.8013
0.00163683	22.3975
0.00164688	27.1432
0.00165694	32.951
0.001667	39.7451
0.00167705	49.4566
0.00168711	62.1265
0.00169717	79.2515
0.00170722	100.915
0.00171728	127.875
0.00172734	160.158
0.0017374	198.448
0.00174745	242.777
0.00175751	293.723
0.00176757	351.436
0.00177762	415.293
0.00178768	485.337
0.00179774	560.467
0.00180779	640.243
0.00181785	726.801
0.00182791	820.007
0.00183797	923.434
0.00184802	1038.15
0.00185808	1161.25
0.00186814	1293.44
0.00187819	1426.89
0.00188825	1560.46
0.00189831	1691.27
0.00190837	1818.13
0.00191842	1943.46
0.00192848	2067.81
0.00193854	2190.49
0.00194859	2312.84
0.00195865	2426.86
0.00196871	2532.78
0.00197876	2619.27
0.00198882	2689.36
0.00199888	2710.55
0.00200894	2706.09
0.00201899	2693.62
0.00202905	2638.68
0.00203911	2570.14
0.00204916	2499.02
0.00205922	2430.39
0.00206928	2370.99
0.00207933	2307.04
0.00208939	2237.97
0.00209945	2148.22
0.00210951	2029.76
0.00211956	1890.5
0.00212962	1727.38
0.00213968	1561.08
0.00214973	1398.5
0.00215979	1245.61
0.00216985	1108.31
0.00217991	979.107
0.00218996	855.914
0.00220002	737.719
0.00221008	621.817
0.00222013	515.08
0.00223019	419.842
0.00224025	338.592
0.0022503	274.293
0.00226036	222.939
0.00227042	184.078
0.00228048	153.567
0.00229053	129.335
0.00230059	109.588
0.00231065	92.9539
0.0023207	78.5384
0.00233076	65.4894
0.00234082	53.5295
0.00235088	42.0806
0.00236093	31.703
0.00237099	22.5327
0.00238105	14.9243
0.0023911	9.30246
0.00240116	5.26667
0.00241122	2.75313
0.00242127	1.35737
0.00243133	0.583267
0.00244139	0.252219
0.00245145	0.0953094
0.0024615	0.0333505
0.00247156	0.011375
0.00248162	0.00312521
0.00249167	0.000936606
0.00250173	0.000207073
