0.000500379	1.30383e-19
0.000506246	1.02913e-18
0.000512113	3.72535e-18
0.000517979	2.69689e-17
0.000523846	9.38179e-17
0.000529712	6.05805e-16
0.000535579	2.08249e-15
0.000541445	1.20284e-14
0.000547312	4.07449e-14
0.000553178	2.11166e-13
0.000559045	7.02701e-13
0.000564911	3.27886e-12
0.000570778	1.06829e-11
0.000576644	4.50445e-11
0.000582511	1.4317e-10
0.000588378	5.47664e-10
0.000594244	1.69154e-09
0.000600111	5.8947e-09
0.000605977	1.762e-08
0.000611844	5.61814e-08
0.00061771	1.61829e-07
0.000623577	4.74237e-07
0.000629443	1.3106e-06
0.00063531	3.54595e-06
0.000641176	9.36034e-06
0.000647043	2.34877e-05
0.000652909	5.89622e-05
0.000658776	0.000137822
0.000664643	0.000327623
0.000670509	0.000716375
0.000676376	0.00160607
0.000682242	0.0032979
0.000688109	0.00694737
0.000693975	0.0134435
0.000699842	0.026524
0.000705708	0.0492123
0.000711575	0.0899241
0.000717441	0.159389
0.000723308	0.2704
0.000729174	0.450339
0.000735041	0.716745
0.000740908	1.1197
0.000746774	1.67593
0.000752641	2.45454
0.000758507	3.46037
0.000764374	4.75504
0.00077024	6.32246
0.000776107	8.17039
0.000781973	10.2677
0.00078784	12.5373
0.000793706	14.9603
0.000799573	17.415
0.000805439	19.9306
0.000811306	22.4761
0.000817173	25.1419
0.000823039	28.1537
0.000828906	31.6309
0.000834772	36.1129
0.000840639	41.6834
0.000846505	49.0366
0.000852372	58.1683
0.000858238	69.5991
0.000864105	83.2411
0.000869971	99.152
0.000875838	117.223
0.000881704	137.03
0.000887571	158.52
0.000893438	181.097
0.000899304	204.802
0.000905171	229.326
0.000911037	254.774
0.000916904	281.429
0.00092277	309.401
0.000928637	339.532
0.000934503	371.891
0.00094037	407.595
0.000946236	446.666
0.000952103	490.19
0.000957969	538.157
0.000963836	591.442
0.000969703	650.014
0.000975569	714.409
0.000981436	784.564
0.000987302	860.44
0.000993169	941.95
0.000999035	1028.18
0.0010049	1119.06
0.00101077	1212.77
0.00101663	1309.31
0.0010225	1406.48
0.00102837	1504.33
0.00103423	1601.17
0.0010401	1697.06
0.00104597	1791.41
0.00105183	1884.24
0.0010577	1975.91
0.00106357	2066.41
0.00106943	2156.2
0.0010753	2245.27
0.00108117	2333.22
0.00108703	2420.04
0.0010929	2504.11
0.00109877	2585.45
0.00110463	2661.84
0.0011105	2733.29
0.00111637	2798.48
0.00112223	2857.37
0.0011281	2910.88
0.00113397	2958.92
0.00113983	3004.49
0.0011457	3047.56
0.00115157	3091.23
0.00115743	3135.63
0.0011633	3181.35
0.00116916	3228.64
0.00117503	3274.3
0.0011809	3318.54
0.00118676	3356.29
0.00119263	3388.42
0.0011985	3399.41
0.00120436	3402.33
0.00121023	3399.85
0.0012161	3372.26
0.00122196	3330.71
0.00122783	3276.67
0.0012337	3212.39
0.00123956	3137.96
0.00124543	3057.02
0.0012513	2969.93
0.00125716	2878.4
0.00126303	2782.76
0.0012689	2682.9
0.00127476	2578.89
0.00128063	2470.36
0.0012865	2357.1
0.00129236	2240.08
0.00129823	2119.04
0.0013041	1996.74
0.00130996	1873.17
0.00131583	1751.98
0.00132169	1633.51
0.00132756	1520.86
0.00133343	1414.61
0.00133929	1316.24
0.00134516	1226.31
0.00135103	1144.34
0.00135689	1070.66
0.00136276	1003.26
0.00136863	942.115
0.00137449	884.599
0.00138036	830.33
0.00138623	777.15
0.00139209	724.484
0.00139796	671.412
0.00140383	617.412
0.00140969	562.994
0.00141556	507.91
0.00142143	453.713
0.00142729	400.527
0.00143316	350.222
0.00143903	303.242
0.00144489	260.993
0.00145076	224.059
0.00145663	192.805
0.00146249	167.703
0.00146836	147.933
0.00147422	133.621
0.00148009	123.131
0.00148596	116.148
0.00149182	110.938
0.00149769	106.865
0.00150356	102.774
0.00150942	97.9963
0.00151529	92.2561
0.00152116	85.1363
0.00152702	77.0638
0.00153289	67.9987
0.00153876	58.6172
0.00154462	49.1699
0.00155049	40.1677
0.00155636	31.9421
0.00156222	24.6649
0.00156809	18.5631
0.00157396	13.5317
0.00157982	9.62372
0.00158569	6.62036
0.00159156	4.44073
0.00159742	2.88454
0.00160329	1.81991
0.00160916	1.11808
0.00161502	0.660944
0.00162089	0.38521
0.00162675	0.211498
0.00163262	0.117962
0.00163849	0.0598447
0.00164435	0.0320939
0.00165022	0.0153708
0.00165609	0.00773769
0.00166195	0.00317341
0.00166782	0.00165198
