0.000100103	1.37147e-29
0.000103622	3.2748e-28
0.000107142	1.26878e-27
0.000110662	2.62406e-26
0.000114182	1.0084e-25
0.000117702	1.79017e-24
0.000121222	6.88576e-24
0.000124742	1.05096e-22
0.000128261	4.03992e-22
0.000131781	5.31124e-21
0.000135301	2.03671e-20
0.000138821	2.31154e-19
0.000142341	8.8238e-19
0.000145861	8.66749e-18
0.000149381	3.28547e-17
0.0001529	2.80147e-16
0.00015642	1.05149e-15
0.00015994	7.80934e-15
0.00016346	2.89289e-14
0.00016698	1.8786e-13
0.0001705	6.84306e-13
0.00017402	3.90224e-12
0.000177539	1.392e-11
0.000181059	7.00395e-11
0.000184579	2.43554e-10
0.000188099	1.08696e-09
0.000191619	3.66634e-09
0.000195139	1.45955e-08
0.000198659	4.74997e-08
0.000202178	1.69691e-07
0.000205698	5.29831e-07
0.000209218	1.70927e-06
0.000212738	5.09074e-06
0.000216258	1.49263e-05
0.000219778	4.21579e-05
0.000223298	0.00011307
0.000226817	0.000301129
0.000230337	0.00074346
0.000233857	0.00185696
0.000237377	0.0042458
0.000240897	0.00989785
0.000244417	0.021075
0.000247937	0.0456679
0.000251456	0.0910073
0.000254976	0.182742
0.000258496	0.34631
0.000262016	0.639683
0.000265536	1.15453
0.000269056	1.96706
0.000272576	3.30687
0.000276095	5.27384
0.000279615	8.27222
0.000283135	12.3977
0.000286655	18.1999
0.000290175	25.7226
0.000293695	35.4997
0.000297214	47.492
0.000300734	61.9706
0.000304254	78.8371
0.000307774	97.9408
0.000311294	119.208
0.000314814	142.203
0.000318334	166.976
0.000321853	193.305
0.000325373	221.396
0.000328893	251.878
0.000332413	285.029
0.000335933	322.588
0.000339453	364.714
0.000342973	413.649
0.000346492	469.281
0.000350012	532.947
0.000353532	604.316
0.000357052	682.622
0.000360572	767.559
0.000364092	856.499
0.000367612	949.39
0.000371131	1043.53
0.000374651	1139.13
0.000378171	1235.28
0.000381691	1332.21
0.000385211	1431.05
0.000388731	1531.81
0.000392251	1635.88
0.00039577	1743.11
0.00039929	1853.05
0.00040281	1965.53
0.00040633	2077.95
0.00040985	2190.31
0.00041337	2299.86
0.00041689	2406.75
0.000420409	2510.75
0.000423929	2612.01
0.000427449	2713.52
0.000430969	2815.3
0.000434489	2921.63
0.000438009	3032.42
0.000441529	3150.44
0.000445048	3275.63
0.000448568	3408.25
0.000452088	3548.29
0.000455608	3694.54
0.000459128	3847.02
0.000462648	4004.28
0.000466168	4166.34
0.000469687	4331.3
0.000473207	4499.21
0.000476727	4666.48
0.000480247	4833.22
0.000483767	4993.77
0.000487287	5148.18
0.000490807	5290.3
0.000494326	5420.01
0.000497846	5533.08
0.000501366	5629.32
0.000504886	5707.28
0.000508406	5766.88
0.000511926	5807.55
0.000515446	5829.3
0.000518965	5831.07
0.000522485	5810.8
0.000526005	5767.71
0.000529525	5698.25
0.000533045	5601.44
0.000536565	5476.96
0.000540085	5327.78
0.000543604	5153.15
0.000547124	4962.92
0.000550644	4756.93
0.000554164	4547.98
0.000557684	4336.82
0.000561204	4133.78
0.000564724	3940.2
0.000568243	3760.34
0.000571763	3595.44
0.000575283	3443.61
0.000578803	3305.46
0.000582323	3175.47
0.000585843	3053.46
0.000589362	2933.62
0.000592882	2815.17
0.000596402	2694.53
0.000599922	2570.78
0.000603442	2443.48
0.000606962	2312.03
0.000610482	2178.41
0.000614001	2042.57
0.000617521	1907.25
0.000621041	1772.84
0.000624561	1641.41
0.000628081	1513.42
0.000631601	1390.04
0.000635121	1271.53
0.00063864	1158.84
0.00064216	1052.08
0.00064568	952.446
0.0006492	860.191
0.00065272	776.344
0.00065624	701.375
0.00065976	635.131
0.000663279	578.045
0.000666799	528.338
0.000670319	485.971
0.000673839	448.316
0.000677359	414.71
0.000680879	383.123
0.000684399	352.622
0.000687918	322.704
0.000691438	292.74
0.000694958	263.506
0.000698478	234.993
0.000701998	208.218
0.000705518	183.609
0.000709038	161.543
0.000712557	142.43
0.000716077	125.881
0.000719597	111.959
0.000723117	99.9756
0.000726637	89.6763
0.000730157	80.5556
0.000733677	72.2901
0.000737196	64.6894
0.000740716	57.5517
0.000744236	50.8609
0.000747756	44.548
0.000751276	38.63
0.000754796	33.0936
0.000758316	27.9608
0.000761835	23.2335
0.000765355	18.9458
0.000768875	15.1187
0.000772395	11.7709
0.000775915	8.93326
0.000779435	6.57606
0.000782955	4.70645
0.000786474	3.25305
0.000789994	2.1796
0.000793514	1.40968
0.000797034	0.849609
0.000800554	0.53147
