0.000500379	7.56855e-41
0.000507084	3.17897e-39
0.000513789	1.24888e-38
0.000520493	4.55591e-37
0.000527198	1.7898e-36
0.000533903	5.64051e-35
0.000540607	2.22771e-34
0.000547312	6.06942e-33
0.000554017	2.40819e-32
0.000560721	5.67712e-31
0.000567426	2.26101e-30
0.000574131	4.61674e-29
0.000580835	1.84373e-28
0.00058754	3.2648e-27
0.000594244	1.30581e-26
0.000600949	2.00812e-25
0.000607654	8.03266e-25
0.000614358	1.0746e-23
0.000621063	4.2918e-23
0.000627768	5.00442e-22
0.000634472	1.99173e-21
0.000641177	2.02886e-20
0.000647882	8.02867e-20
0.000654586	7.16306e-19
0.000661291	2.8112e-18
0.000667995	2.20324e-17
0.0006747	8.55053e-17
0.000681405	5.90639e-16
0.000688109	2.25926e-15
0.000694814	1.38061e-14
0.000701519	5.18608e-14
0.000708223	2.81521e-13
0.000714928	1.03429e-12
0.000721633	5.01001e-12
0.000728337	1.79232e-11
0.000735042	7.78485e-11
0.000741746	2.69903e-10
0.000748451	1.05666e-09
0.000755156	3.53248e-09
0.00076186	1.25332e-08
0.000768565	4.01896e-08
0.00077527	1.29953e-07
0.000781974	3.97564e-07
0.000788679	1.17825e-06
0.000795384	3.42053e-06
0.000802088	9.3439e-06
0.000808793	2.56062e-05
0.000815497	6.48265e-05
0.000822202	0.000166874
0.000828907	0.000393562
0.000835611	0.00094741
0.000842316	0.00209141
0.000849021	0.00469048
0.000855725	0.00973272
0.00086243	0.0202778
0.000869135	0.0396958
0.000875839	0.0766988
0.000882544	0.144529
0.000889249	0.257685
0.000895953	0.457484
0.000902658	0.763011
0.000909362	1.26577
0.000916067	1.99157
0.000922772	3.10013
0.000929476	4.62078
0.000936181	6.78838
0.000942886	9.63108
0.00094959	13.4483
0.000956295	18.2636
0.000963	24.421
0.000969704	31.9344
0.000976409	41.1571
0.000983113	52.0829
0.000989818	64.9831
0.000996523	79.821
0.00100323	96.6172
0.00100993	115.315
0.00101664	135.548
0.00102334	157.281
0.00103005	179.885
0.00103675	203.387
0.00104346	227.389
0.00105016	251.977
0.00105686	277.559
0.00106357	304.228
0.00107027	333.349
0.00107698	364.959
0.00108368	400.839
0.00109039	440.956
0.00109709	486.62
0.0011038	537.771
0.0011105	594.716
0.00111721	657.421
0.00112391	725.421
0.00113062	798.713
0.00113732	876.689
0.00114402	959.353
0.00115073	1046.18
0.00115743	1137.18
0.00116414	1231.43
0.00117084	1328.94
0.00117755	1427.87
0.00118425	1528.22
0.00119096	1627.5
0.00119766	1725.7
0.00120437	1820.64
0.00121107	1912.29
0.00121778	1999.49
0.00122448	2082.19
0.00123119	2159.96
0.00123789	2232.8
0.00124459	2300.5
0.0012513	2363.02
0.001258	2420.67
0.00126471	2473.34
0.00127141	2522.66
0.00127812	2568.51
0.00128482	2613.87
0.00129153	2658.77
0.00129823	2706.12
0.00130494	2756.15
0.00131164	2809.65
0.00131835	2866.97
0.00132505	2925.66
0.00133175	2985.99
0.00133846	3042.89
0.00134516	3096.36
0.00135187	3141.15
0.00135857	3178.42
0.00136528	3192.57
0.00137198	3196.57
0.00137869	3194.94
0.00138539	3167.33
0.0013921	3124.17
0.0013988	3067.8
0.00140551	3000.13
0.00141221	2921.32
0.00141891	2835.12
0.00142562	2742.01
0.00143232	2644.21
0.00143903	2542.2
0.00144573	2436.66
0.00145244	2327.78
0.00145914	2215.83
0.00146585	2100.74
0.00147255	1983.37
0.00147926	1863.66
0.00148596	1743.25
0.00149267	1622.23
0.00149937	1502.6
0.00150608	1384.61
0.00151278	1270.22
0.00151948	1159.77
0.00152619	1054.97
0.00153289	956.242
0.0015396	864.672
0.0015463	780.739
0.00155301	704.383
0.00155971	635.959
0.00156642	574.158
0.00157312	518.95
0.00157983	468.49
0.00158653	422.319
0.00159324	379.109
0.00159994	338.262
0.00160664	299.489
0.00161335	262.428
0.00162005	227.528
0.00162676	194.79
0.00163346	164.757
0.00164017	137.64
0.00164687	113.665
0.00165358	93.0332
0.00166028	75.6037
0.00166699	61.458
0.00167369	50.178
0.0016804	41.7103
0.0016871	35.4528
0.00169381	31.2183
0.00170051	28.3487
0.00170721	26.5376
0.00171392	25.2585
0.00172062	24.1602
0.00172733	23.0016
0.00173403	21.512
0.00174074	19.7401
0.00174744	17.5886
0.00175415	15.2528
0.00176085	12.7986
0.00176756	10.3952
0.00177426	8.17508
0.00178097	6.19621
0.00178767	4.55587
0.00179437	3.21941
0.00180108	2.2082
0.00180778	1.45629
0.00181449	0.928884
0.00182119	0.573307
0.0018279	0.321375
0.0018346	0.196439
