0.000500379	2.11567e-25
0.000506246	2.23524e-24
0.000512113	8.30626e-24
0.000517979	8.01414e-23
0.000523846	2.89956e-22
0.000529712	2.50109e-21
0.000535579	8.99977e-21
0.000541445	6.9538e-20
0.000547312	2.48378e-19
0.000553178	1.72282e-18
0.000559045	6.0952e-18
0.000564911	3.80446e-17
0.000570778	1.33004e-16
0.000576644	7.4903e-16
0.000582511	2.5808e-15
0.000588378	1.31515e-14
0.000594244	4.45322e-14
0.000600111	2.05988e-13
0.000605977	6.83346e-13
0.000611844	2.87881e-12
0.00061771	9.32553e-12
0.000623577	3.59089e-11
0.000629443	1.13187e-10
0.00063531	3.99862e-10
0.000641176	1.22189e-09
0.000647043	3.97582e-09
0.000652909	1.17332e-08
0.000658776	3.5304e-08
0.000664643	1.00227e-07
0.000670509	2.79998e-07
0.000676376	7.61686e-07
0.000682242	1.98359e-06
0.000688109	5.15035e-06
0.000693975	1.25521e-05
0.000699842	3.09902e-05
0.000705708	7.09473e-05
0.000711575	0.000165959
0.000717441	0.000358147
0.000723308	0.000791116
0.000729174	0.00161446
0.000735041	0.00335763
0.000740908	0.00649758
0.000746774	0.0126908
0.000752641	0.0236121
0.000758507	0.0429843
0.000764374	0.0767042
0.00077024	0.130453
0.000776107	0.219442
0.000781973	0.352147
0.00078784	0.557906
0.000793706	0.846501
0.000799573	1.26313
0.000805439	1.81474
0.000811306	2.55353
0.000817173	3.47886
0.000823039	4.62777
0.000828906	5.99131
0.000834772	7.56739
0.000840639	9.3459
0.000846505	11.2857
0.000852372	13.388
0.000858238	15.6172
0.000864105	17.9938
0.000869971	20.561
0.000875838	23.3528
0.000881704	26.5391
0.000887571	30.151
0.000893438	34.4583
0.000899304	39.4757
0.000905171	45.4862
0.000911037	52.4907
0.000916904	60.715
0.00092277	70.1593
0.000928637	81.0003
0.000934503	93.2451
0.00094037	107.081
0.000946236	122.514
0.000952103	139.761
0.000957969	158.815
0.000963836	179.839
0.000969703	202.813
0.000975569	227.712
0.000981436	254.507
0.000987302	282.897
0.000993169	312.853
0.000999035	343.793
0.0010049	375.695
0.00101077	407.756
0.00101663	439.969
0.0010225	471.424
0.00102837	502.129
0.00103423	531.252
0.0010401	558.81
0.00104597	584.294
0.00105183	607.725
0.0010577	629.128
0.00106357	648.518
0.00106943	666.508
0.0010753	683.099
0.00108117	699.332
0.00108703	715.2
0.0010929	731.855
0.00109877	749.291
0.00110463	768.427
0.0011105	789.266
0.00111637	812.201
0.00112223	837.249
0.0011281	864.106
0.00113397	892.801
0.00113983	922.351
0.0011457	952.781
0.00115157	982.678
0.00115743	1012.05
0.0011633	1039.43
0.00116916	1064.81
0.00117503	1086.99
0.0011809	1105.95
0.00118676	1121.12
0.00119263	1132.83
0.0011985	1136.53
0.00120436	1137.45
0.00121023	1136.6
0.0012161	1127.08
0.00122196	1112
0.00122783	1091.93
0.0012337	1066.42
0.00123956	1035.41
0.00124543	999.687
0.0012513	959.181
0.00125716	915.35
0.00126303	868.179
0.0012689	819.533
0.00127476	769.485
0.00128063	719.876
0.0012865	670.863
0.00129236	623.826
0.00129823	578.959
0.0013041	536.954
0.00130996	497.972
0.00131583	462.105
0.00132169	429.435
0.00132756	399.742
0.00133343	373.037
0.00133929	349.033
0.00134516	327.714
0.00135103	308.779
0.00135689	292.215
0.00136276	277.626
0.00136863	264.998
0.00137449	253.79
0.00138036	243.954
0.00138623	234.873
0.00139209	226.45
0.00139796	218.136
0.00140383	209.797
0.00140969	201.1
0.00141556	191.91
0.00142143	182.183
0.00142729	171.832
0.00143316	161.069
0.00143903	149.889
0.00144489	138.617
0.00145076	127.328
0.00145663	116.287
0.00146249	105.599
0.00146836	95.3678
0.00147422	85.6687
0.00148009	76.4766
0.00148596	67.8055
0.00149182	59.6137
0.00149769	51.8775
0.00150356	44.6188
0.00150942	37.8243
0.00151529	31.5676
0.00152116	25.8711
0.00152702	20.7905
0.00153289	16.3673
0.00153876	12.586
0.00154462	9.47101
0.00155049	6.93763
0.00155636	4.97134
0.00156222	3.45921
0.00156809	2.35291
0.00157396	1.55328
0.00157982	0.999727
0.00158569	0.626242
0.00159156	0.380027
0.00159742	0.226255
0.00160329	0.12887
0.00160916	0.0731562
0.00161502	0.0385376
0.00162089	0.0212029
0.00162675	0.0105145
0.00163262	0.00548997
0.00163849	0.00258035
0.00164435	0.00126844
0.00165022	0.000566878
0.00165609	0.000261366
0.00166195	0.000101348
0.00166782	4.80093e-05
