0.000500379	6.33142e-199
0.000509598	1.99476e-192
0.000518817	7.97905e-192
0.000528036	1.85026e-185
0.000537255	7.47676e-185
0.000546474	1.27591e-178
0.000555693	5.20941e-178
0.000564912	6.54114e-172
0.000574131	2.69886e-171
0.00058335	2.49307e-165
0.000592569	1.03966e-164
0.000601788	7.06421e-159
0.000611007	2.97798e-158
0.000620226	1.48813e-152
0.000629445	6.34275e-152
0.000638664	2.33062e-146
0.000647883	1.00453e-145
0.000657101	2.71365e-140
0.00066632	1.18298e-139
0.000675539	2.34905e-134
0.000684758	1.03592e-133
0.000693977	1.51177e-128
0.000703196	6.74556e-128
0.000712415	7.23336e-123
0.000721634	3.26628e-122
0.000730853	2.5731e-117
0.000740072	1.17608e-116
0.000749291	6.80518e-112
0.00075851	3.14903e-111
0.000767729	1.33811e-106
0.000776948	6.27015e-106
0.000786167	1.95624e-101
0.000795386	9.28427e-101
0.000804605	2.12633e-96
0.000813823	1.02233e-95
0.000823042	1.71841e-91
0.000832261	8.37187e-91
0.00084148	1.03256e-86
0.000850699	5.09854e-86
0.000859918	4.61328e-82
0.000869137	2.30926e-81
0.000878356	1.53255e-77
0.000887575	7.7788e-77
0.000896794	3.78569e-73
0.000906013	1.94886e-72
0.000915232	6.95366e-69
0.000924451	3.63152e-68
0.00093367	9.4981e-65
0.000942889	5.0333e-64
0.000952108	9.64795e-61
0.000961327	5.18905e-60
0.000970545	7.28841e-57
0.000979764	3.97937e-56
0.000988983	4.09506e-53
0.000998202	2.27014e-52
0.00100742	1.71141e-49
0.00101664	9.63436e-49
0.00102586	5.32059e-46
0.00103508	3.04195e-45
0.0010443	1.23066e-42
0.00105352	7.14612e-42
0.00106273	2.1182e-39
0.00107195	1.24913e-38
0.00108117	2.71359e-36
0.00109039	1.62479e-35
0.00109961	2.58819e-33
0.00110883	1.57284e-32
0.00111805	1.83864e-30
0.00112727	1.13322e-29
0.00113649	9.73347e-28
0.00114571	6.07768e-27
0.00115492	3.84244e-25
0.00116414	2.42672e-24
0.00117336	1.13215e-22
0.00118258	7.21493e-22
0.0011918	2.49274e-20
0.00120102	1.59758e-19
0.00121024	4.10762e-18
0.00121946	2.63522e-17
0.00122868	5.07575e-16
0.00123789	3.23909e-15
0.00124711	4.71492e-14
0.00125633	2.96786e-13
0.00126555	3.30218e-12
0.00127477	2.02806e-11
0.00128399	1.74969e-10
0.00129321	1.03417e-09
0.00130243	7.03961e-09
0.00131165	3.93833e-08
0.00132087	2.15841e-07
0.00133008	1.12118e-06
0.0013393	5.05908e-06
0.00134852	2.38919e-05
0.00135774	9.08473e-05
0.00136696	0.000381754
0.00137618	0.00125105
0.0013854	0.0045841
0.00139462	0.0132082
0.00140384	0.0414908
0.00141305	0.106793
0.00142227	0.284169
0.00143149	0.660398
0.00144071	1.48041
0.00144993	3.17653
0.00145915	6.08379
0.00146837	11.5072
0.00147759	19.4342
0.00148681	31.342
0.00149603	47.2841
0.00150524	67.1364
0.00151446	90.976
0.00152368	117.039
0.0015329	145.28
0.00154212	174.832
0.00155134	205.527
0.00156056	239.063
0.00156978	275.371
0.001579	316.982
0.00158821	363.957
0.00159743	418.148
0.00160665	479.55
0.00161587	550.368
0.00162509	630.675
0.00163431	722.42
0.00164353	826.049
0.00165275	939.75
0.00166197	1063.95
0.00167118	1193.03
0.0016804	1326.71
0.00168962	1460.9
0.00169884	1594.85
0.00170806	1729.12
0.00171728	1863.5
0.0017265	1999.83
0.00173572	2138.74
0.00174494	2278.24
0.00175416	2419.13
0.00176337	2554.01
0.00177259	2682.89
0.00178181	2796.16
0.00179103	2892.52
0.00180025	2967.24
0.00180947	3022.17
0.00181869	3039.38
0.00182791	3041.56
0.00183713	3040.35
0.00184634	3012.94
0.00185556	2972.41
0.00186478	2924.32
0.001874	2866.85
0.00188322	2800.49
0.00189244	2724.73
0.00190166	2639.44
0.00191088	2544.77
0.0019201	2440.61
0.00192932	2327.63
0.00193853	2205.5
0.00194775	2076.69
0.00195697	1940.91
0.00196619	1803.3
0.00197541	1664.72
0.00198463	1530.04
0.00199385	1401.08
0.00200307	1279.44
0.00201229	1166.45
0.0020215	1061.01
0.00203072	963.425
0.00203994	871.55
0.00204916	784.743
0.00205838	701.695
0.0020676	621.297
0.00207682	544.786
0.00208604	472.046
0.00209526	405.059
0.00210448	344.946
0.00211369	291.465
0.00212291	245.223
0.00213213	204.462
0.00214135	168.519
0.00215057	136.543
0.00215979	107.736
0.00216901	82.46
0.00217823	60.6804
0.00218745	42.6228
0.00219666	28.6147
0.00220588	18.041
0.0022151	10.8372
0.00222432	6.06035
0.00223354	3.13656
0.00224276	1.59098
0.00225198	0.708245
0.0022612	0.321907
0.00227042	0.128206
0.00227964	0.0495486
0.00228885	0.0179436
0.00229807	0.00576629
0.00230729	0.00193175
0.00231651	0.000505271
0.00232573	0.000151248
0.00233495	3.32403e-05
