3.33898e-05	415.063
3.48982e-05	446.66
3.64066e-05	481.8
3.7915e-05	520.36
3.94234e-05	562.704
4.09318e-05	609.159
4.24402e-05	659.775
4.39487e-05	714.762
4.54571e-05	774.027
4.69655e-05	837.606
4.84739e-05	905.321
4.99823e-05	977.034
5.14907e-05	1052.56
5.29991e-05	1131.65
5.45076e-05	1214.18
5.6016e-05	1299.9
5.75244e-05	1388.8
5.90328e-05	1480.73
6.05412e-05	1575.77
6.20496e-05	1673.93
6.3558e-05	1775.36
6.50665e-05	1880.23
6.65749e-05	1988.64
6.80833e-05	2100.83
6.95917e-05	2216.82
7.11001e-05	2336.78
7.26085e-05	2460.59
7.41169e-05	2588.22
7.56253e-05	2719.47
7.71338e-05	2854.05
7.86422e-05	2991.73
8.01506e-05	3131.99
8.1659e-05	3274.68
8.31674e-05	3419.19
8.46758e-05	3565.47
8.61842e-05	3713.04
8.76927e-05	3861.91
8.92011e-05	4011.87
9.07095e-05	4162.96
9.22179e-05	4315.19
9.37263e-05	4468.58
9.52347e-05	4623.23
9.67431e-05	4779.03
9.82516e-05	4935.91
9.976e-05	5093.63
0.000101268	5251.7
0.000102777	5409.77
0.000104285	5566.77
0.000105794	5722.34
0.000107302	5874.89
0.00010881	6024.15
0.000110319	6168.3
0.000111827	6307.2
0.000113336	6439.21
0.000114844	6564.39
0.000116353	6681.71
0.000117861	6791.35
0.000119369	6893.18
0.000120878	6987.44
0.000122386	7074.91
0.000123895	7155.81
0.000125403	7231.56
0.000126911	7302.3
0.00012842	7369.61
0.000129928	7433.49
0.000131437	7495.2
0.000132945	7554.6
0.000134453	7612.16
0.000135962	7667.68
0.00013747	7720.63
0.000138979	7770.83
0.000140487	7816.88
0.000141996	7858.63
0.000143504	7894.19
0.000145012	7923.52
0.000146521	7945.35
0.000148029	7959.03
0.000149538	7959.53
0.000151046	7954.41
0.000152554	7942.12
0.000154063	7915.97
0.000155571	7881.56
0.00015708	7838.5
0.000158588	7787.84
0.000160097	7729.63
0.000161605	7665.74
0.000163113	7596.16
0.000164622	7522.76
0.00016613	7445.51
0.000167639	7365.85
0.000169147	7283.73
0.000170655	7199.92
0.000172164	7114.39
0.000173672	7027.14
0.000175181	6938.15
0.000176689	6846.82
0.000178197	6753.16
0.000179706	6656.21
0.000181214	6555.98
0.000182723	6451.49
0.000184231	6342.76
0.00018574	6229.09
0.000187248	6110.47
0.000188756	5986.69
0.000190265	5857.73
0.000191773	5723.94
0.000193282	5585.3
0.00019479	5442.71
0.000196298	5296.15
0.000197807	5146.91
0.000199315	4994.98
0.000200824	4841.83
0.000202332	4687.48
0.000203841	4533.3
0.000205349	4379.33
0.000206857	4226.64
0.000208366	4075.27
0.000209874	3925.84
0.000211383	3778.4
0.000212891	3633.13
0.000214399	3490.05
0.000215908	3349.06
0.000217416	3210.15
0.000218925	3073.17
0.000220433	2938.07
0.000221941	2804.91
0.00022345	2673.62
0.000224958	2544.59
0.000226467	2417.79
0.000227975	2293.95
0.000229484	2173.06
0.000230992	2056.04
0.0002325	1942.94
0.000234009	1834.61
0.000235517	1731.15
0.000237026	1633.1
0.000238534	1540.57
0.000240042	1453.63
0.000241551	1372.37
0.000243059	1296.38
0.000244568	1225.7
0.000246076	1159.57
0.000247585	1097.97
0.000249093	1040.01
0.000250601	985.594
0.00025211	933.94
0.000253618	884.917
0.000255127	837.994
0.000256635	793.042
0.000258143	749.828
0.000259652	708.259
0.00026116	668.338
0.000262669	630.027
0.000264177	593.445
0.000265685	558.604
0.000267194	525.609
0.000268702	494.5
0.000270211	465.276
0.000271719	437.976
0.000273228	412.464
0.000274736	388.75
0.000276244	366.585
0.000277753	345.941
0.000279261	326.515
0.00028077	308.241
0.000282278	290.83
0.000283786	274.193
0.000285295	258.107
0.000286803	242.481
0.000288312	227.19
0.00028982	212.158
0.000291329	197.361
0.000292837	182.752
0.000294345	168.39
0.000295854	154.265
0.000297362	140.485
0.000298871	127.074
0.000300379	114.155
0.000301887	101.775
0.000303396	90.0382
0.000304904	79.0029
0.000306413	68.7319
0.000307921	59.2771
0.000309429	50.6527
0.000310938	42.8913
0.000312446	35.9618
0.000313955	29.8701
0.000315463	24.5526
0.000316972	19.988
0.00031848	16.0962
0.000319988	12.8339
0.000321497	10.1198
0.000323005	7.89756
0.000324514	6.09531
0.000326022	4.65307
0.00032753	3.51417
0.000329039	2.62263
0.000330547	1.93797
0.000332056	1.39713
0.000333564	1.02169
