0.000500379	4.03449e-10
0.000506246	1.37212e-09
0.000512113	4.27811e-09
0.000517979	1.41894e-08
0.000523846	4.01978e-08
0.000529712	1.22254e-07
0.000535579	3.34702e-07
0.000541445	9.37225e-07
0.000547312	2.46972e-06
0.000553178	6.39397e-06
0.000559045	1.61513e-05
0.000564911	3.88228e-05
0.000570778	9.36213e-05
0.000576644	0.0002098
0.000582511	0.000481055
0.000588378	0.00100905
0.000594244	0.0021914
0.000600111	0.00431882
0.000605977	0.00885143
0.000611844	0.0164469
0.00061771	0.031706
0.000623577	0.0571278
0.000629443	0.101367
0.00063531	0.173363
0.000641176	0.287464
0.000647043	0.464243
0.000652909	0.722763
0.000658776	1.09951
0.000664643	1.61121
0.000670509	2.30587
0.000676376	3.18506
0.000682242	4.28669
0.000688109	5.58566
0.000693975	7.07275
0.000699842	8.69819
0.000705708	10.3755
0.000711575	12.0527
0.000717441	13.5781
0.000723308	14.9302
0.000729174	15.9772
0.000735041	16.7166
0.000740908	17.1053
0.000746774	17.265
0.000752641	17.2331
0.000758507	17.1653
0.000764374	17.2322
0.00077024	17.5305
0.000776107	18.1779
0.000781973	19.4532
0.00078784	21.3569
0.000793706	23.938
0.000799573	27.3322
0.000805439	31.5609
0.000811306	36.7613
0.000817173	42.9674
0.000823039	50.3802
0.000828906	59.0133
0.000834772	69.0729
0.000840639	80.5209
0.000846505	93.3978
0.000852372	107.623
0.000858238	122.932
0.000864105	139.261
0.000869971	156.13
0.000875838	173.56
0.000881704	191.228
0.000887571	209.265
0.000893438	227.963
0.000899304	247.512
0.000905171	269.03
0.000911037	292.663
0.000916904	320.091
0.00092277	351.346
0.000928637	388.029
0.000934503	430.06
0.00094037	478.314
0.000946236	532.655
0.000952103	592.924
0.000957969	658.991
0.000963836	729.763
0.000969703	805.156
0.000975569	883.511
0.000981436	964.803
0.000987302	1047.27
0.000993169	1130.93
0.000999035	1214.36
0.0010049	1297.63
0.00101077	1380.01
0.00101663	1461.57
0.0010225	1542.43
0.00102837	1622.64
0.00103423	1703.02
0.0010401	1783.58
0.00104597	1865.34
0.00105183	1948.3
0.0010577	2033.07
0.00106357	2119.63
0.00106943	2207.53
0.0010753	2296.76
0.00108117	2385.46
0.00108703	2473.65
0.0010929	2558.38
0.00109877	2639.67
0.00110463	2714.65
0.0011105	2783.32
0.00111637	2844.34
0.00112223	2897.66
0.0011281	2944.31
0.00113397	2984.21
0.00113983	3020.13
0.0011457	3052.08
0.00115157	3082.84
0.00115743	3112.5
0.0011633	3142.14
0.00116916	3171.93
0.00117503	3200.42
0.0011809	3227.78
0.00118676	3251.08
0.00119263	3271.08
0.0011985	3275.45
0.00120436	3274.4
0.00121023	3269.82
0.0012161	3243.74
0.00122196	3202.86
0.00122783	3148.44
0.0012337	3079.35
0.00123956	2995.26
0.00124543	2899.1
0.0012513	2790.65
0.00125716	2674.89
0.00126303	2551.86
0.0012689	2427.29
0.00127476	2301.54
0.00128063	2179.38
0.0012865	2061.4
0.00129236	1950.05
0.00129823	1845.92
0.0013041	1748.82
0.00130996	1659.09
0.00131583	1574.77
0.00132169	1495.81
0.00132756	1419.9
0.00133343	1346.72
0.00133929	1274.8
0.00134516	1203.74
0.00135103	1133.38
0.00135689	1063.47
0.00136276	994.73
0.00136863	927.18
0.00137449	861.698
0.00138036	798.466
0.00138623	737.926
0.00139209	680.265
0.00139796	625.414
0.00140383	573.425
0.00140969	524.093
0.00141556	477.344
0.00142143	433.217
0.00142729	391.646
0.00143316	352.94
0.00143903	317.149
0.00144489	284.536
0.00145076	255.241
0.00145663	229.169
0.00146249	206.418
0.00146836	186.523
0.00147422	169.435
0.00148009	154.584
0.00148596	141.795
0.00149182	130.653
0.00149769	120.973
0.00150356	112.537
0.00150942	105.236
0.00151529	98.895
0.00152116	93.4688
0.00152702	88.6837
0.00153289	84.4685
0.00153876	80.4755
0.00154462	76.5536
0.00155049	72.4407
0.00155636	67.9461
0.00156222	63.0344
0.00156809	57.5781
0.00157396	51.7684
0.00157982	45.617
0.00158569	39.4103
0.00159156	33.2875
0.00159742	27.4739
0.00160329	22.1509
0.00160916	17.4003
0.00161502	13.3525
0.00162089	9.95992
0.00162675	7.25696
0.00163262	5.1341
0.00163849	3.5432
0.00164435	2.37713
0.00165022	1.54943
0.00165609	0.986666
0.00166195	0.57995
0.00166782	0.366575
