0.000166815	4.80392e-05
0.000171844	8.86709e-05
0.000176872	0.000210566
0.000181901	0.000410287
0.000186929	0.000844336
0.000191958	0.00157119
0.000196986	0.00309817
0.000202014	0.00553035
0.000207043	0.010409
0.000212071	0.0181556
0.0002171	0.0320955
0.000222128	0.0540403
0.000227157	0.0907214
0.000232185	0.147062
0.000237214	0.235179
0.000242242	0.366339
0.00024727	0.559436
0.000252299	0.836385
0.000257327	1.22202
0.000262356	1.75237
0.000267384	2.45337
0.000272413	3.37399
0.000277441	4.53201
0.000282469	5.979
0.000287498	7.71366
0.000292526	9.76916
0.000297555	12.1181
0.000302583	14.7493
0.000307612	17.6123
0.00031264	20.6337
0.000317669	23.7557
0.000322697	26.8485
0.000327725	29.8702
0.000332754	32.672
0.000337782	35.2485
0.000342811	37.4921
0.000347839	39.4434
0.000352868	41.0966
0.000357896	42.5335
0.000362924	43.8889
0.000367953	45.2727
0.000372981	46.9683
0.00037801	49.0999
0.000383038	52.0846
0.000388067	56.052
0.000393095	61.5307
0.000398123	68.6497
0.000403152	78.0284
0.00040818	89.7886
0.000413209	104.618
0.000418237	122.621
0.000423266	144.52
0.000428294	170.387
0.000433323	200.919
0.000438351	236.142
0.000443379	276.628
0.000448408	322.338
0.000453436	373.58
0.000458465	430.242
0.000463493	492.203
0.000468522	559.291
0.00047355	630.834
0.000478578	706.649
0.000483607	785.537
0.000488635	867.36
0.000493664	950.629
0.000498692	1035.29
0.000503721	1119.96
0.000508749	1204.66
0.000513778	1288.48
0.000518806	1371.49
0.000523834	1453.37
0.000528863	1534.17
0.000533891	1613.99
0.00053892	1692.81
0.000543948	1770.68
0.000548977	1847.55
0.000554005	1923.04
0.000559033	1997.11
0.000564062	2068.95
0.00056909	2138.57
0.000574119	2205.23
0.000579147	2268.99
0.000584176	2329.84
0.000589204	2387.88
0.000594233	2444.16
0.000599261	2498.73
0.000604289	2553.32
0.000609318	2607.9
0.000614346	2663.8
0.000619375	2720.94
0.000624403	2779.21
0.000629432	2838.55
0.00063446	2897.09
0.000639488	2954.81
0.000644517	3008.88
0.000649545	3059.33
0.000654574	3103.71
0.000659602	3142.05
0.000664631	3173.38
0.000669659	3197.71
0.000674688	3215.98
0.000679716	3228.21
0.000684744	3232.65
0.000689773	3234.33
0.000694801	3233.62
0.00069983	3226.78
0.000704858	3216.11
0.000709887	3201.72
0.000714915	3182.57
0.000719943	3158.64
0.000724972	3129.17
0.00073	3094.11
0.000735029	3053.43
0.000740057	3007.09
0.000745086	2955.91
0.000750114	2899.86
0.000755143	2840.17
0.000760171	2776.85
0.000765199	2710.88
0.000770228	2642.31
0.000775256	2571.55
0.000780285	2498.65
0.000785313	2423.63
0.000790342	2346.49
0.00079537	2267.25
0.000800398	2185.88
0.000805427	2102.7
0.000810455	2017.66
0.000815484	1931.36
0.000820512	1843.8
0.000825541	1755.78
0.000830569	1667.31
0.000835598	1579.33
0.000840626	1491.88
0.000845654	1406.03
0.000850683	1321.83
0.000855711	1240.44
0.00086074	1161.94
0.000865768	1087.32
0.000870797	1016.71
0.000875825	950.657
0.000880853	889.304
0.000885882	832.591
0.00089091	780.625
0.000895939	732.859
0.000900967	689.301
0.000905996	649.19
0.000911024	612.444
0.000916052	578.349
0.000921081	546.782
0.000926109	517.203
0.000931138	489.493
0.000936166	463.28
0.000941195	438.473
0.000946223	414.799
0.000951252	392.191
0.00095628	370.427
0.000961308	349.45
0.000966337	329.087
0.000971365	309.284
0.000976394	289.941
0.000981422	271.008
0.000986451	252.474
0.000991479	234.307
0.000996507	216.572
0.00100154	199.265
0.00100656	182.494
0.00101159	166.284
0.00101662	150.748
0.00102165	135.928
0.00102668	121.91
0.00103171	108.739
0.00103673	96.4498
0.00104176	85.0777
0.00104679	74.6058
0.00105182	65.0474
0.00105685	56.3494
0.00106188	48.502
0.00106691	41.4382
0.00107193	35.132
0.00107696	29.5202
0.00108199	24.5708
0.00108702	20.2286
0.00109205	16.4633
0.00109708	13.2227
0.0011021	10.4779
0.00110713	8.17466
0.00111216	6.28166
0.00111719	4.74263
0.00112222	3.52124
0.00112725	2.56511
0.00113228	1.83428
0.0011373	1.28666
0.00114233	0.883592
0.00114736	0.596184
0.00115239	0.392099
0.00115742	0.254454
0.00116245	0.153653
0.00116747	0.0998327
