0.000166815	2.10506e-06
0.000171844	4.42237e-06
0.000176872	1.13743e-05
0.000181901	2.4902e-05
0.000186929	5.61557e-05
0.000191958	0.000116814
0.000196986	0.000253349
0.000202014	0.000501963
0.000207043	0.00104466
0.000212071	0.00197603
0.0002171	0.00393781
0.000222128	0.00712665
0.000227157	0.0135728
0.000232185	0.0239562
0.000237214	0.0429069
0.000242242	0.0731906
0.00024727	0.12422
0.000252299	0.203833
0.000257327	0.329335
0.000262356	0.518859
0.000267384	0.8002
0.000272413	1.20916
0.000277441	1.78405
0.000282469	2.58512
0.000287498	3.65678
0.000292526	5.08478
0.000297555	6.91144
0.000302583	9.23865
0.000307612	12.0996
0.00031264	15.5946
0.000317669	19.7493
0.000322697	24.6501
0.000327725	30.3289
0.000332754	36.8701
0.000337782	44.3305
0.000342811	52.8362
0.000347839	62.4745
0.000352868	73.4635
0.000357896	85.8984
0.000362924	100.094
0.000367953	116.107
0.000372981	134.263
0.00037801	154.535
0.000383038	177.098
0.000388067	201.83
0.000393095	228.598
0.000398123	257.228
0.000403152	287.227
0.00040818	318.439
0.000413209	350.138
0.000418237	382.248
0.000423266	414.061
0.000428294	445.61
0.000433323	476.484
0.000438351	506.803
0.000443379	536.623
0.000448408	566.099
0.000453436	595.754
0.000458465	625.721
0.000463493	656.821
0.000468522	689.132
0.00047355	723.532
0.000478578	760.045
0.000483607	799.41
0.000488635	841.617
0.000493664	887.185
0.000498692	936.088
0.000503721	988.622
0.000508749	1044.75
0.000513778	1104.53
0.000518806	1167.91
0.000523834	1234.65
0.000528863	1304.67
0.000533891	1377.35
0.00053892	1452.62
0.000543948	1529.54
0.000548977	1608.11
0.000554005	1687.34
0.000559033	1767.27
0.000564062	1847.25
0.00056909	1927.35
0.000574119	2007.47
0.000579147	2087.66
0.000584176	2168.2
0.000589204	2249.09
0.000594233	2330.55
0.000599261	2412.52
0.000604289	2494.63
0.000609318	2576.85
0.000614346	2658.03
0.000619375	2738.15
0.000624403	2815.61
0.000629432	2890.4
0.00063446	2960.94
0.000639488	3027.26
0.000644517	3088.23
0.000649545	3143.86
0.000654574	3193.61
0.000659602	3237.5
0.000664631	3275.41
0.000669659	3307.35
0.000674688	3333.46
0.000679716	3353.74
0.000684744	3368.81
0.000689773	3378.74
0.000694801	3380.21
0.00069983	3378.99
0.000704858	3375.45
0.000709887	3364.21
0.000714915	3348.77
0.000719943	3329.32
0.000724972	3305.47
0.00073	3277.23
0.000735029	3244.16
0.000740057	3206.29
0.000745086	3162.84
0.000750114	3113.82
0.000755143	3058.51
0.000760171	2996.87
0.000765199	2928.59
0.000770228	2853.59
0.000775256	2772.23
0.000780285	2684.42
0.000785313	2591.17
0.000790342	2492.45
0.00079537	2389.77
0.000800398	2283.14
0.000805427	2174.33
0.000810455	2063.41
0.000815484	1952.15
0.000820512	1840.64
0.000825541	1730.41
0.000830569	1621.58
0.000835598	1515.29
0.000840626	1411.67
0.000845654	1311.49
0.000850683	1214.83
0.000855711	1122.24
0.00086074	1033.77
0.000865768	949.923
0.000870797	870.724
0.000875825	796.698
0.000880853	727.904
0.000885882	664.774
0.00089091	607.415
0.000895939	555.912
0.000900967	510.398
0.000905996	470.378
0.000911024	435.94
0.000916052	405.98
0.000921081	380.463
0.000926109	357.923
0.000931138	338.165
0.000936166	319.789
0.000941195	302.48
0.000946223	285.3
0.000951252	267.92
0.00095628	250.049
0.000961308	231.454
0.000966337	212.409
0.000971365	192.843
0.000976394	173.334
0.000981422	153.965
0.000986451	135.333
0.000991479	117.613
0.000996507	101.226
0.00100154	86.3564
0.00100656	73.1727
0.00101159	61.8124
0.00101662	52.2012
0.00102165	44.3981
0.00102668	38.1468
0.00103171	33.4203
0.00103673	29.8644
0.00104176	27.3764
0.00104679	25.5976
0.00105182	24.3761
0.00105685	23.4328
0.00106188	22.6062
0.00106691	21.7481
0.00107193	20.7306
0.00107696	19.5375
0.00108199	18.1045
0.00108702	16.5046
0.00109205	14.7407
0.00109708	12.9127
0.0011021	11.0696
0.00110713	9.28745
0.00111216	7.62705
0.00111719	6.11961
0.00112222	4.80928
0.00112725	3.68809
0.00113228	2.77153
0.0011373	2.0315
0.00114233	1.45858
0.00114736	1.02244
0.00115239	0.700592
0.00115742	0.470139
0.00116245	0.298756
0.00116747	0.197513
