0.000166815	0.204347
0.000171844	0.306178
0.000176872	0.476377
0.000181901	0.704058
0.000186929	1.02101
0.000191958	1.44907
0.000196986	2.01231
0.000202014	2.74056
0.000207043	3.64862
0.000212071	4.76706
0.0002171	6.09066
0.000222128	7.63619
0.000227157	9.37273
0.000232185	11.2861
0.000237214	13.3251
0.000242242	15.4353
0.00024727	17.5625
0.000252299	19.6212
0.000257327	21.5764
0.000262356	23.3401
0.000267384	24.9102
0.000272413	26.2333
0.000277441	27.3364
0.000282469	28.223
0.000287498	28.9322
0.000292526	29.518
0.000297555	30.0145
0.000302583	30.4973
0.000307612	30.9906
0.00031264	31.5658
0.000317669	32.2469
0.000322697	33.0995
0.000327725	34.1618
0.000332754	35.5187
0.000337782	37.2287
0.000342811	39.4272
0.000347839	42.1885
0.000352868	45.7128
0.000357896	50.0809
0.000362924	55.553
0.000367953	62.2096
0.000372981	70.3578
0.00037801	80.0717
0.000383038	91.6914
0.000388067	105.27
0.000393095	121.149
0.000398123	139.335
0.000403152	160.089
0.00040818	183.356
0.000413209	209.192
0.000418237	237.487
0.000423266	267.993
0.000428294	300.582
0.000433323	334.72
0.000438351	370.324
0.000443379	406.752
0.000448408	444.016
0.000453436	481.666
0.000458465	519.814
0.000463493	558.482
0.000468522	597.833
0.00047355	638.464
0.000478578	680.527
0.000483607	725.05
0.000488635	772.119
0.000493664	822.882
0.000498692	877.345
0.000503721	936.432
0.000508749	1000.09
0.000513778	1068.8
0.000518806	1142.49
0.000523834	1221.17
0.000528863	1304.76
0.000533891	1392.88
0.00053892	1485.48
0.000543948	1581.89
0.000548977	1682.06
0.000554005	1785.15
0.000559033	1891.1
0.000564062	1998.86
0.00056909	2108.39
0.000574119	2218.43
0.000579147	2328.94
0.000584176	2438.48
0.000589204	2547.01
0.000594233	2652.96
0.000599261	2756.32
0.000604289	2855.5
0.000609318	2950.52
0.000614346	3039.9
0.000619375	3123.68
0.000624403	3200.67
0.000629432	3270.87
0.00063446	3333.42
0.000639488	3388.34
0.000644517	3435.04
0.000649545	3473.52
0.000654574	3503.95
0.000659602	3526.25
0.000664631	3534.22
0.000669659	3537.15
0.000674688	3534.98
0.000679716	3517.87
0.000684744	3491.74
0.000689773	3456.66
0.000694801	3412.46
0.00069983	3359.13
0.000704858	3298
0.000709887	3229.05
0.000714915	3154.56
0.000719943	3074.47
0.000724972	2991.65
0.00073	2906.1
0.000735029	2820.65
0.000740057	2735.35
0.000745086	2652.37
0.000750114	2571.8
0.000755143	2494.74
0.000760171	2421.28
0.000765199	2351.42
0.000770228	2285.23
0.000775256	2221.87
0.000780285	2161.39
0.000785313	2102.55
0.000790342	2045.35
0.00079537	1988.59
0.000800398	1932.2
0.000805427	1875.29
0.000810455	1817.76
0.000815484	1759.12
0.000820512	1699.28
0.000825541	1638.14
0.000830569	1575.63
0.000835598	1512.04
0.000840626	1447.33
0.000845654	1382.13
0.000850683	1316.43
0.000855711	1251.13
0.00086074	1186.27
0.000865768	1122.81
0.000870797	1060.84
0.000875825	1001.14
0.000880853	943.844
0.000885882	889.282
0.00089091	837.596
0.000895939	788.568
0.000900967	742.274
0.000905996	698.085
0.000911024	655.968
0.000916052	615.194
0.000921081	575.63
0.000926109	536.797
0.000931138	498.521
0.000936166	460.783
0.000941195	423.459
0.000946223	386.963
0.000951252	351.285
0.00095628	317.048
0.000961308	284.364
0.000966337	253.775
0.000971365	225.459
0.000976394	199.666
0.000981422	176.559
0.000986451	156.037
0.000991479	138.177
0.000996507	122.612
0.00100154	109.307
0.00100656	97.7809
0.00101159	87.9077
0.00101662	79.24
0.00102165	71.6086
0.00102668	64.6994
0.00103171	58.351
0.00103673	52.4127
0.00104176	46.7702
0.00104679	41.4064
0.00105182	36.2702
0.00105685	31.4153
0.00106188	26.8444
0.00106691	22.6183
0.00107193	18.7679
0.00107696	15.3194
0.00108199	12.3032
0.00108702	9.70092
0.00109205	7.52279
0.00109708	5.71877
0.0011021	4.2742
0.00110713	3.12889
0.00111216	2.25028
0.00111719	1.58538
0.00112222	1.09546
0.00112725	0.742752
0.00113228	0.49227
0.0011373	0.321381
0.00114233	0.203908
0.00114736	0.128317
0.00115239	0.0777584
0.00115742	0.0472451
0.00116245	0.0253678
0.00116747	0.0160339
