0.000166815	2.33133e-15
0.000172682	1.11022e-14
0.000178548	3.74147e-14
0.000184415	1.70822e-13
0.000190282	5.39096e-13
0.000196148	2.25385e-12
0.000202015	6.97403e-12
0.000207881	2.67772e-11
0.000213748	8.10053e-11
0.000219614	2.86519e-10
0.000225481	8.44837e-10
0.000231347	2.76166e-09
0.000237214	7.91193e-09
0.00024308	2.39819e-08
0.000248947	6.65376e-08
0.000254813	1.87652e-07
0.00026068	5.02522e-07
0.000266547	1.32319e-06
0.000272413	3.40862e-06
0.00027828	8.40861e-06
0.000284146	2.07671e-05
0.000290013	4.81577e-05
0.000295879	0.000113655
0.000301746	0.000248566
0.000307612	0.000558825
0.000313479	0.00115619
0.000319345	0.00246886
0.000325212	0.00484605
0.000331078	0.00980235
0.000336945	0.0183009
0.000342812	0.0349845
0.000348678	0.0634212
0.000354545	0.113034
0.000360411	0.195945
0.000366278	0.328749
0.000372144	0.541277
0.000378011	0.859482
0.000383877	1.34203
0.000389744	2.02139
0.00039561	2.99171
0.000401477	4.28177
0.000407343	6.00965
0.00041321	8.18557
0.000419077	10.9122
0.000424943	14.172
0.00043081	17.9966
0.000436676	22.3496
0.000442543	27.1614
0.000448409	32.4048
0.000454276	37.9514
0.000460142	43.8139
0.000466009	49.9218
0.000471875	56.3327
0.000477742	63.1516
0.000483608	70.4486
0.000489475	78.514
0.000495342	87.3844
0.000501208	97.3966
0.000507075	108.534
0.000512941	120.989
0.000518808	134.716
0.000524674	149.683
0.000530541	165.868
0.000536407	183.137
0.000542274	201.517
0.00054814	221.01
0.000554007	241.683
0.000559873	263.831
0.00056574	287.516
0.000571606	313.278
0.000577473	341.141
0.00058334	371.675
0.000589206	404.869
0.000595073	441.124
0.000600939	480.423
0.000606806	522.97
0.000612672	568.759
0.000618539	617.905
0.000624405	670.404
0.000630272	726.345
0.000636138	785.708
0.000642005	848.443
0.000647871	914.514
0.000653738	983.562
0.000659605	1055.56
0.000665471	1129.9
0.000671338	1206.59
0.000677204	1285.17
0.000683071	1365.67
0.000688937	1448.28
0.000694804	1533.04
0.00070067	1620.88
0.000706537	1711.81
0.000712403	1806.93
0.00071827	1906.21
0.000724136	2009.85
0.000730003	2117.84
0.00073587	2228.64
0.000741736	2342.24
0.000747603	2455.37
0.000753469	2568.03
0.000759336	2676.11
0.000765202	2779.62
0.000771069	2875.04
0.000776935	2962.38
0.000782802	3039.81
0.000788668	3107.3
0.000794535	3164.82
0.000800401	3212.35
0.000806268	3250.73
0.000812135	3279.98
0.000818001	3301.03
0.000823868	3314.12
0.000829734	3315.94
0.000835601	3311.48
0.000841467	3301.38
0.000847334	3280.49
0.0008532	3252.69
0.000859067	3218.25
0.000864933	3178.83
0.0008708	3134.44
0.000876666	3087.02
0.000882533	3036.74
0.0008884	2984.16
0.000894266	2929.48
0.000900133	2871.45
0.000905999	2810.16
0.000911866	2743.35
0.000917732	2670.89
0.000923599	2591.13
0.000929465	2503.74
0.000935332	2409.04
0.000941198	2306.68
0.000947065	2199.21
0.000952931	2086.5
0.000958798	1972.39
0.000964665	1857.1
0.000970531	1744.32
0.000976398	1634.52
0.000982264	1530.13
0.000988131	1431.65
0.000993997	1339.79
0.000999864	1254.94
0.00100573	1176.38
0.0010116	1104.25
0.00101746	1037.03
0.00102333	974.641
0.0010292	915.406
0.00103506	859.074
0.00104093	804.366
0.0010468	750.953
0.00105266	698.299
0.00105853	646.113
0.0010644	594.702
0.00107026	543.923
0.00107613	494.709
0.001082	447.134
0.00108786	402.291
0.00109373	360.44
0.00109959	322.325
0.00110546	288.269
0.00111133	258.356
0.00111719	232.811
0.00112306	211.087
0.00112893	193.203
0.00113479	178.28
0.00114066	166.13
0.00114653	155.909
0.00115239	147.318
0.00115826	139.793
0.00116413	133.052
0.00116999	126.847
0.00117586	120.999
0.00118173	115.458
0.00118759	110.158
0.00119346	105.094
0.00119933	100.264
0.00120519	95.6109
0.00121106	91.1337
0.00121693	86.7115
0.00122279	82.3049
0.00122866	77.7881
0.00123453	73.0842
0.00124039	68.1413
0.00124626	62.8839
0.00125212	57.3794
0.00125799	51.6052
0.00126386	45.7266
0.00126972	39.8029
0.00127559	34.0209
0.00128146	28.5033
0.00128732	23.3768
0.00129319	18.7716
0.00129906	14.7152
0.00130492	11.2883
0.00131079	8.43639
0.00131666	6.16568
0.00132252	4.38717
0.00132839	3.0094
0.00133426	2.06369
