0.000166815	3.71275e-42
0.00017352	1.88108e-40
0.000180225	7.41293e-40
0.000186929	3.23708e-38
0.000193634	1.27767e-37
0.000200339	4.78765e-36
0.000207043	1.90101e-35
0.000213748	6.11656e-34
0.000220453	2.44169e-33
0.000227157	6.751e-32
0.000233862	2.70731e-31
0.000240566	6.4384e-30
0.000247271	2.59137e-29
0.000253976	5.30666e-28
0.00026068	2.14127e-27
0.000267385	3.78089e-26
0.00027409	1.52745e-25
0.000280794	2.32921e-24
0.000287499	9.40643e-24
0.000294204	1.24105e-22
0.000300908	5.00093e-22
0.000307613	5.72115e-21
0.000314317	2.29538e-20
0.000321022	2.28269e-19
0.000327727	9.09595e-19
0.000334431	7.88596e-18
0.000341136	3.11204e-17
0.000347841	2.35993e-16
0.000354545	9.19312e-16
0.00036125	6.12042e-15
0.000367955	2.34488e-14
0.000374659	1.3763e-13
0.000381364	5.16469e-13
0.000388068	2.68479e-12
0.000394773	9.82343e-12
0.000401478	4.54551e-11
0.000408182	1.61366e-10
0.000414887	6.68235e-10
0.000421592	2.28947e-09
0.000428296	8.53354e-09
0.000435001	2.80596e-08
0.000441706	9.46962e-08
0.00044841	2.97109e-07
0.000455115	9.13378e-07
0.000461819	2.71838e-06
0.000468524	7.6586e-06
0.000475229	2.14961e-05
0.000481933	5.58276e-05
0.000488638	0.000146953
0.000495343	0.000353772
0.000502047	0.000868781
0.000508752	0.00194855
0.000515457	0.00444372
0.000522161	0.00932686
0.000528866	0.0196766
0.000535571	0.0387915
0.000542275	0.0754909
0.00054898	0.14305
0.000555684	0.254982
0.000562389	0.451595
0.000569094	0.748479
0.000575798	1.22797
0.000582503	1.90622
0.000589208	2.90629
0.000595912	4.23827
0.000602617	6.03807
0.000609322	8.30682
0.000616026	11.1514
0.000622731	14.5715
0.000629435	18.6413
0.00063614	23.3698
0.000642845	28.859
0.000649549	35.1212
0.000656254	42.3229
0.000662959	50.4554
0.000669663	59.6252
0.000676368	69.7948
0.000683073	80.7928
0.000689777	92.5956
0.000696482	104.816
0.000703186	117.507
0.000709891	130.69
0.000716596	144.5
0.0007233	160.177
0.000730005	177.847
0.00073671	200.045
0.000743414	226.779
0.000750119	260.695
0.000756824	301.675
0.000763528	350.688
0.000770233	407.583
0.000776937	470.691
0.000783642	539.937
0.000790347	611.811
0.000797051	686.342
0.000803756	760.324
0.000810461	833.829
0.000817165	905.89
0.00082387	976.543
0.000830575	1047.26
0.000837279	1118.03
0.000843984	1191.04
0.000850689	1266.3
0.000857393	1344.61
0.000864098	1426.01
0.000870802	1509.33
0.000877507	1594.59
0.000884212	1679.95
0.000890916	1765.37
0.000897621	1850.1
0.000904326	1934.06
0.00091103	2018.22
0.000917735	2102.54
0.00092444	2188.93
0.000931144	2277.42
0.000937849	2369.48
0.000944553	2465.21
0.000951258	2564.67
0.000957963	2668.01
0.000964667	2773.6
0.000971372	2881.58
0.000978077	2988.82
0.000984781	3095.44
0.000991486	3196.83
0.000998191	3293.09
0.0010049	3378.12
0.0010116	3451.88
0.0010183	3508.17
0.00102501	3547.91
0.00103171	3556.13
0.00103842	3544.47
0.00104512	3517.18
0.00105183	3457.09
0.00105853	3377.18
0.00106524	3279.28
0.00107194	3170.63
0.00107865	3051.89
0.00108535	2930.15
0.00109206	2806.58
0.00109876	2683.99
0.00110546	2563.27
0.00111217	2443.95
0.00111887	2326.2
0.00112558	2209.07
0.00113228	2092.3
0.00113899	1975.95
0.00114569	1859.86
0.0011524	1744.75
0.0011591	1630.67
0.00116581	1518.32
0.00117251	1407.76
0.00117922	1299.96
0.00118592	1194.88
0.00119263	1094.23
0.00119933	998.188
0.00120603	908.719
0.00121274	826.354
0.00121944	752.064
0.00122615	686.49
0.00123285	628.829
0.00123956	579.343
0.00124626	536.011
0.00125297	498.508
0.00125967	464.861
0.00126638	434.427
0.00127308	406.054
0.00127979	379.207
0.00128649	353.4
0.00129319	328.365
0.0012999	303.797
0.0013066	279.548
0.00131331	255.383
0.00132001	231.121
0.00132672	206.854
0.00133342	182.443
0.00134013	158.433
0.00134683	134.902
0.00135354	112.586
0.00136024	91.8047
0.00136695	73.0466
0.00137365	56.6912
0.00138035	42.7495
0.00138706	31.431
0.00139376	22.3726
0.00140047	15.5226
0.00140717	10.4061
0.00141388	6.78668
0.00142058	4.2826
0.00142729	2.61322
0.00143399	1.55414
0.0014407	0.881873
0.0014474	0.495974
0.00145411	0.256626
0.00146081	0.13922
0.00146752	0.0673324
0.00147422	0.0341962
0.00148092	0.0155544
0.00148763	0.0073334
0.00149433	0.00286135
0.00150104	0.00137066
