0.000500379	7.13804e-82
0.000507922	1.00911e-78
0.000515465	4.03431e-78
0.000523008	4.61557e-75
0.00053055	1.86346e-74
0.000538093	1.72483e-71
0.000545636	7.03446e-71
0.000553179	5.26724e-68
0.000560721	2.17021e-67
0.000568264	1.31444e-64
0.000575807	5.47184e-64
0.00058335	2.68055e-61
0.000590892	1.12752e-60
0.000598435	4.46728e-58
0.000605978	1.89879e-57
0.000613521	6.08427e-55
0.000621063	2.61331e-54
0.000628606	6.77229e-52
0.000636149	2.93945e-51
0.000643692	6.16086e-49
0.000651234	2.70211e-48
0.000658777	4.5809e-46
0.00066632	2.03003e-45
0.000673862	2.78416e-43
0.000681405	1.24642e-42
0.000688948	1.38328e-40
0.000696491	6.25451e-40
0.000704033	5.61885e-38
0.000711576	2.56501e-37
0.000719119	1.86624e-35
0.000726662	8.59719e-35
0.000734204	5.0693e-33
0.000741747	2.35503e-32
0.00074929	1.12638e-30
0.000756833	5.2725e-30
0.000764375	2.04784e-28
0.000771918	9.64765e-28
0.000779461	3.04742e-26
0.000787004	1.44284e-25
0.000794546	3.7134e-24
0.000802089	1.76368e-23
0.000809632	3.7071e-22
0.000817175	1.76213e-21
0.000824717	3.03377e-20
0.00083226	1.43909e-19
0.000839803	2.0367e-18
0.000847345	9.6071e-18
0.000854888	1.12262e-16
0.000862431	5.24299e-16
0.000869974	5.0852e-15
0.000877516	2.33928e-14
0.000885059	1.89502e-13
0.000892602	8.53383e-13
0.000900145	5.81623e-12
0.000907687	2.54578e-11
0.00091523	1.47196e-10
0.000922773	6.2113e-10
0.000930316	3.0752e-09
0.000937858	1.2397e-08
0.000945401	5.30904e-08
0.000952944	2.02456e-07
0.000960487	7.58033e-07
0.000968029	2.70622e-06
0.000975572	8.95639e-06
0.000983115	2.96202e-05
0.000990658	8.75885e-05
0.0009982	0.000265596
0.00100574	0.000708884
0.00101329	0.0019523
0.00102083	0.0047459
0.00102837	0.0117742
0.00103591	0.0262654
0.00104346	0.0583289
0.001051	0.120079
0.00105854	0.237757
0.00106608	0.466233
0.00107363	0.823637
0.00108117	1.44412
0.00108871	2.33523
0.00109626	3.67655
0.0011038	5.46224
0.00111134	7.8095
0.00111888	10.7035
0.00112643	14.1058
0.00113397	18.0102
0.00114151	22.3024
0.00114906	26.9929
0.0011566	32.0997
0.00116414	37.6367
0.00117168	43.8175
0.00117923	50.6527
0.00118677	58.5005
0.00119431	67.3831
0.00120185	78.1141
0.0012094	90.7252
0.00121694	107.083
0.00122448	127.191
0.00123203	153.693
0.00123957	186.555
0.00124711	227.399
0.00125465	276.208
0.0012622	331.895
0.00126974	394.482
0.00127728	461.092
0.00128482	531.713
0.00129237	605.021
0.00129991	680.919
0.00130745	761.81
0.001315	847.615
0.00132254	942.478
0.00133008	1046.52
0.00133762	1161.04
0.00134517	1286.34
0.00135271	1418.36
0.00136025	1557.31
0.00136779	1696.04
0.00137534	1834.4
0.00138288	1967.25
0.00139042	2094.15
0.00139797	2215.03
0.00140551	2329.58
0.00141305	2440.87
0.00142059	2549.1
0.00142814	2655.56
0.00143568	2760.8
0.00144322	2861.36
0.00145076	2957.55
0.00145831	3042.98
0.00146585	3117.28
0.00147339	3176.28
0.00148094	3220.59
0.00148848	3240.22
0.00149602	3247.66
0.00150356	3247.5
0.00151111	3228.65
0.00151865	3200.56
0.00152619	3165.17
0.00153373	3124.27
0.00154128	3078.52
0.00154882	3027.98
0.00155636	2973.26
0.00156391	2911.43
0.00157145	2842.53
0.00157899	2762.71
0.00158653	2670.99
0.00159408	2567.23
0.00160162	2450.07
0.00160916	2325.83
0.0016167	2194.39
0.00162425	2064.91
0.00163179	1939.26
0.00163933	1822.18
0.00164688	1716.05
0.00165442	1618.24
0.00166196	1529.44
0.0016695	1444
0.00167705	1360.59
0.00168459	1276.64
0.00169213	1190.57
0.00169968	1104.01
0.00170722	1016.74
0.00171476	931.247
0.0017223	848.341
0.00172985	768.837
0.00173739	693.331
0.00174493	621.463
0.00175247	553.182
0.00176002	488.527
0.00176756	427.298
0.0017751	370.331
0.00178265	317.795
0.00179019	270.49
0.00179773	228.903
0.00180527	192.91
0.00181282	162.857
0.00182036	137.626
0.0018279	117.041
0.00183544	99.7186
0.00184299	85.0223
0.00185053	72.1217
0.00185807	60.3601
0.00186562	49.6743
0.00187316	39.7784
0.0018807	30.9386
0.00188824	23.2353
0.00189579	16.7554
0.00190333	11.643
0.00191087	7.69757
0.00191841	4.89853
0.00192596	2.95698
0.0019335	1.70459
0.00194104	0.942116
0.00194859	0.477039
0.00195613	0.248715
0.00196367	0.113986
0.00197121	0.0540476
0.00197876	0.0228014
0.0019863	0.00964025
0.00199384	0.00346715
0.00200138	0.00140945
