0.000500379	2.75116e-44
0.000507084	1.50917e-42
0.000513789	5.95415e-42
0.000520493	2.8211e-40
0.000527198	1.11556e-39
0.000533903	4.54661e-38
0.000540607	1.80941e-37
0.000547312	6.34701e-36
0.000554017	2.54071e-35
0.000560721	7.67573e-34
0.000567426	3.08854e-33
0.000574131	8.04276e-32
0.000580835	3.25038e-31
0.00058754	7.30299e-30
0.000594244	2.96145e-29
0.000600949	5.74772e-28
0.000607654	2.336e-27
0.000614358	3.92186e-26
0.000621063	1.59532e-25
0.000627768	2.32064e-24
0.000634472	9.43284e-24
0.000641177	1.19117e-22
0.000647882	4.82915e-22
0.000654586	5.30567e-21
0.000661291	2.14067e-20
0.000667995	2.05152e-19
0.0006747	8.21684e-19
0.000681405	6.88913e-18
0.000688109	2.73124e-17
0.000694814	2.01005e-16
0.000701519	7.86235e-16
0.000708223	5.09824e-15
0.000714928	1.9603e-14
0.000721633	1.12468e-13
0.000728337	4.23372e-13
0.000735042	2.15909e-12
0.000741746	7.92165e-12
0.000748451	3.60893e-11
0.000755156	1.28435e-10
0.00076186	5.25521e-10
0.000768565	1.80478e-09
0.00077527	6.67007e-09
0.000781974	2.19869e-08
0.000788679	7.38265e-08
0.000795384	2.32302e-07
0.000802088	7.12908e-07
0.000808793	2.12954e-06
0.000815497	6.00868e-06
0.000822202	1.69477e-05
0.000828907	4.4221e-05
0.000835611	0.000117177
0.000842316	0.000284294
0.000849021	0.000704495
0.000855725	0.00159742
0.00086243	0.00368759
0.000869135	0.00785006
0.000875839	0.0168312
0.000882544	0.0337708
0.000889249	0.0671253
0.000895953	0.1284
0.000902658	0.235956
0.000909362	0.431461
0.000916067	0.736486
0.000922772	1.25575
0.000929476	2.01957
0.000936181	3.22283
0.000942886	4.90035
0.00094959	7.35106
0.000956295	10.6044
0.000963	15.035
0.000969704	20.6569
0.000976409	27.8467
0.000983113	36.5991
0.000989818	47.1974
0.000996523	59.6214
0.00100323	73.9864
0.00100993	90.2679
0.00101664	108.398
0.00102334	128.361
0.00103005	149.98
0.00103675	173.259
0.00104346	198.065
0.00105016	224.418
0.00105686	252.383
0.00106357	281.979
0.00107027	313.474
0.00107698	346.868
0.00108368	382.417
0.00109039	420.099
0.00109709	459.824
0.0011038	501.565
0.0011105	544.744
0.00111721	589.363
0.00112391	634.776
0.00113062	681.022
0.00113732	728.403
0.00114402	776.961
0.00115073	828.856
0.00115743	884.092
0.00116414	946.406
0.00117084	1015.77
0.00117755	1095.63
0.00118425	1185.99
0.00119096	1287.65
0.00119766	1400.66
0.00120437	1522.06
0.00121107	1651.97
0.00121778	1784.74
0.00122448	1920.42
0.00123119	2053.2
0.00123789	2183.02
0.00124459	2306.11
0.0012513	2422.32
0.001258	2530.56
0.00126471	2630.72
0.00127141	2723.25
0.00127812	2808.16
0.00128482	2885.55
0.00129153	2955.54
0.00129823	3016.8
0.00130494	3069.37
0.00131164	3111.54
0.00131835	3143.8
0.00132505	3159.38
0.00133175	3165.99
0.00133846	3165.68
0.00134516	3151.32
0.00135187	3130.59
0.00135857	3104.28
0.00136528	3076.07
0.00137198	3046.48
0.00137869	3016.98
0.00138539	2988.2
0.0013921	2957.83
0.0013988	2926.15
0.00140551	2888.62
0.00141221	2844.92
0.00141891	2791.18
0.00142562	2726.66
0.00143232	2650.54
0.00143903	2562.07
0.00144573	2463.93
0.00145244	2355.83
0.00145914	2242.68
0.00146585	2124.8
0.00147255	2007.21
0.00147926	1890.78
0.00148596	1778.67
0.00149267	1671.88
0.00149937	1570.78
0.00150608	1476.02
0.00151278	1385.7
0.00151948	1299.78
0.00152619	1215.87
0.00153289	1133.37
0.0015396	1051.33
0.0015463	969.079
0.00155301	887.77
0.00155971	807.23
0.00156642	729.67
0.00157312	655.579
0.00157983	586.512
0.00158653	523.215
0.00159324	465.657
0.00159994	414.264
0.00160664	367.819
0.00161335	326.176
0.00162005	288.036
0.00162676	252.897
0.00163346	220.176
0.00164017	189.433
0.00164687	160.819
0.00165358	134.21
0.00166028	109.998
0.00166699	88.3264
0.00167369	69.3565
0.0016804	53.2739
0.0016871	39.8605
0.00169381	29.1608
0.00170051	20.7127
0.00170721	14.3785
0.00171392	9.6715
0.00172062	6.34675
0.00172733	4.03752
0.00173403	2.49369
0.00174074	1.50033
0.00174744	0.867262
0.00175415	0.494307
0.00176085	0.263403
0.00176756	0.144266
0.00177426	0.0714438
0.00178097	0.0371174
0.00178767	0.0172851
0.00179437	0.00838161
0.00180108	0.00368238
0.00180778	0.00165684
0.00181449	0.00068941
0.00182119	0.000286072
0.0018279	0.000103817
0.0018346	4.30656e-05
