0.000500379	5.19931e-128
0.00050876	1.57412e-123
0.000517141	6.29633e-123
0.000525522	1.48944e-118
0.000533903	6.01846e-118
0.000542284	1.11223e-113
0.000550665	4.54087e-113
0.000559045	6.55471e-109
0.000567426	2.70426e-108
0.000575807	3.0486e-104
0.000584188	1.27121e-103
0.000592569	1.11902e-99
0.00060095	4.71674e-99
0.00060933	3.24161e-95
0.000617711	1.38143e-94
0.000626092	7.41093e-91
0.000634473	3.19355e-90
0.000642854	1.33714e-86
0.000651235	5.82751e-86
0.000659615	1.90401e-82
0.000667996	8.39376e-82
0.000676377	2.13973e-78
0.000684758	9.54327e-78
0.000693139	1.89779e-74
0.00070152	8.56462e-74
0.0007099	1.32843e-70
0.000718281	6.06725e-70
0.000726662	7.33911e-67
0.000735043	3.39276e-66
0.000743424	3.20013e-63
0.000751805	1.49761e-62
0.000760186	1.10135e-59
0.000768566	5.21832e-59
0.000776947	2.99181e-56
0.000785328	1.43535e-55
0.000793709	6.41524e-53
0.00080209	3.11666e-52
0.000810471	1.0859e-49
0.000818851	5.34238e-49
0.000827232	1.45112e-46
0.000835613	7.22945e-46
0.000843994	1.53106e-43
0.000852375	7.72351e-43
0.000860756	1.27562e-40
0.000869136	6.51448e-40
0.000877517	8.39391e-38
0.000885898	4.33832e-37
0.000894279	4.36329e-35
0.00090266	2.28119e-34
0.000911041	1.79223e-32
0.000919421	9.47177e-32
0.000927802	5.81913e-30
0.000936183	3.10572e-29
0.000944564	1.49418e-27
0.000952945	8.0426e-27
0.000961326	3.03581e-25
0.000969707	1.64506e-24
0.000978087	4.88409e-23
0.000986468	2.65815e-22
0.000994849	6.22747e-21
0.00100323	3.39359e-20
0.00101161	6.2998e-19
0.00101999	3.4238e-18
0.00102837	5.06285e-17
0.00103675	2.73044e-16
0.00104513	3.23728e-15
0.00105351	1.7217e-14
0.0010619	1.64987e-13
0.00107028	8.58708e-13
0.00107866	6.71506e-12
0.00108704	3.38912e-11
0.00109542	2.18718e-10
0.0011038	1.05907e-09
0.00111218	5.71294e-09
0.00112056	2.62219e-08
0.00112894	1.19902e-07
0.00113732	5.14853e-07
0.0011457	2.02546e-06
0.00115409	8.0254e-06
0.00116247	2.75746e-05
0.00117085	9.94577e-05
0.00117923	0.000302811
0.00118761	0.000981766
0.00119599	0.00268378
0.00120437	0.00773815
0.00121275	0.0192055
0.00122113	0.0488581
0.00122951	0.111052
0.00123789	0.248194
0.00124627	0.519682
0.00125466	1.02033
0.00126304	2.02548
0.00127142	3.55132
0.0012798	6.20086
0.00128818	9.97571
0.00129656	15.6237
0.00130494	23.135
0.00131332	33.0384
0.0013217	45.3246
0.00133008	60.0286
0.00133846	77.1498
0.00134684	96.4827
0.00135523	118.024
0.00136361	142.059
0.00137199	168.567
0.00138037	198.792
0.00138875	232.721
0.00139713	271.905
0.00140551	316.385
0.00141389	366.475
0.00142227	422.261
0.00143065	482.186
0.00143903	546.269
0.00144741	612.71
0.0014558	681.396
0.00146418	752.317
0.00147256	825.395
0.00148094	901.644
0.00148932	981.189
0.0014977	1063.46
0.00150608	1148.55
0.00151446	1234.84
0.00152284	1321.95
0.00153122	1411.83
0.0015396	1503.93
0.00154798	1605.72
0.00155637	1717.48
0.00156475	1845.62
0.00157313	1991.71
0.00158151	2151.18
0.00158989	2325.53
0.00159827	2498.49
0.00160665	2669.57
0.00161503	2822.67
0.00162341	2955.25
0.00163179	3063.51
0.00164017	3145.12
0.00164855	3208.44
0.00165694	3253.39
0.00166532	3290.12
0.0016737	3320.66
0.00168208	3347.12
0.00169046	3373.34
0.00169884	3381.24
0.00170722	3377.5
0.0017156	3366.87
0.00172398	3315.54
0.00173236	3227.86
0.00174074	3106.68
0.00174912	2958.28
0.00175751	2781.27
0.00176589	2595.09
0.00177427	2402.95
0.00178265	2218.93
0.00179103	2048.16
0.00179941	1891.66
0.00180779	1752.21
0.00181617	1622.69
0.00182455	1502.13
0.00183293	1385.07
0.00184131	1268.91
0.00184969	1154.82
0.00185808	1041.65
0.00186646	934.321
0.00187484	834.114
0.00188322	743.607
0.0018916	664.772
0.00189998	595.419
0.00190836	535.918
0.00191674	482.28
0.00192512	433.071
0.0019335	386.446
0.00194188	340.846
0.00195026	297.338
0.00195865	255.629
0.00196703	217.655
0.00197541	184.254
0.00198379	156.143
0.00199217	134.235
0.00200055	117.529
0.00200893	106.16
0.00201731	98.2637
0.00202569	93.1167
0.00203407	89.1626
0.00204245	85.343
0.00205083	81.0135
0.00205922	75.3636
0.0020676	68.6114
0.00207598	60.4772
0.00208436	51.6656
0.00209274	42.4336
0.00210112	33.4567
0.0021095	25.2866
0.00211788	18.1549
0.00212626	12.4944
0.00213464	8.0958
0.00214302	5.01649
0.0021514	2.92693
0.00215979	1.50112
0.00216817	0.85071
