0.000166815	4.5719
0.000171844	5.80944
0.000176872	7.14357
0.000181901	8.60666
0.000186929	10.1042
0.000191958	11.575
0.000196986	12.9368
0.000202014	14.0934
0.000207043	14.9929
0.000212071	15.5299
0.0002171	15.7272
0.000222128	15.5201
0.000227157	14.9399
0.000232185	14.0297
0.000237214	12.8594
0.000242242	11.5139
0.00024727	10.0657
0.000252299	8.6334
0.000257327	7.26802
0.000262356	6.08311
0.000267384	5.11252
0.000272413	4.43604
0.000277441	4.11248
0.000282469	4.25264
0.000287498	4.75865
0.000292526	5.77027
0.000297555	7.48014
0.000302583	9.83447
0.000307612	12.902
0.00031264	16.7876
0.000317669	21.4768
0.000322697	27.0182
0.000327725	33.3556
0.000332754	40.4342
0.000337782	48.1784
0.000342811	56.4258
0.000347839	65.1195
0.000352868	74.0498
0.000357896	83.2109
0.000362924	92.4491
0.000367953	101.819
0.000372981	111.32
0.00037801	121.051
0.000383038	131.209
0.000388067	141.905
0.000393095	153.511
0.000398123	166.119
0.000403152	180.189
0.00040818	195.774
0.000413209	213.308
0.000418237	232.8
0.000423266	254.56
0.000428294	278.571
0.000433323	304.982
0.000438351	333.778
0.000443379	365.006
0.000448408	398.669
0.000453436	434.809
0.000458465	473.438
0.000463493	514.641
0.000468522	558.414
0.00047355	604.82
0.000478578	653.82
0.000483607	705.323
0.000488635	759.273
0.000493664	815.36
0.000498692	873.554
0.000503721	933.45
0.000508749	995.072
0.000513778	1058.18
0.000518806	1122.85
0.000523834	1189.25
0.000528863	1257.44
0.000533891	1328.01
0.00053892	1401.03
0.000543948	1477.31
0.000548977	1556.89
0.000554005	1640.61
0.000559033	1728.44
0.000564062	1821.01
0.00056909	1918.28
0.000574119	2020.38
0.000579147	2127.2
0.000584176	2237.96
0.000589204	2352.53
0.000594233	2468.72
0.000599261	2586.41
0.000604289	2701.88
0.000609318	2815.06
0.000614346	2921.28
0.000619375	3020.54
0.000624403	3108.4
0.000629432	3184.94
0.00063446	3247.32
0.000639488	3295.65
0.000644517	3330.59
0.000649545	3351.98
0.000654574	3354.58
0.000659602	3351.74
0.000664631	3344.05
0.000669659	3324.64
0.000674688	3303.02
0.000679716	3279.15
0.000684744	3256.24
0.000689773	3234.31
0.000694801	3214.74
0.00069983	3197.58
0.000704858	3181.77
0.000709887	3167.38
0.000714915	3151.63
0.000719943	3134.54
0.000724972	3112.87
0.00073	3086.57
0.000735029	3053.16
0.000740057	3012.53
0.000745086	2963.8
0.000750114	2906.83
0.000755143	2842.62
0.000760171	2771.03
0.000765199	2694.66
0.000770228	2613.45
0.000775256	2530.79
0.000780285	2446.75
0.000785313	2364.36
0.000790342	2283.84
0.00079537	2206.86
0.000800398	2133.7
0.000805427	2064.25
0.000810455	1998.71
0.000815484	1935.56
0.000820512	1874.84
0.000825541	1814.52
0.000830569	1754.45
0.000835598	1693.02
0.000840626	1629.99
0.000845654	1564.65
0.000850683	1496.79
0.000855711	1426.62
0.00086074	1354
0.000865768	1279.76
0.000870797	1203.87
0.000875825	1127.43
0.000880853	1050.5
0.000885882	974.214
0.00089091	898.687
0.000895939	824.985
0.000900967	753.248
0.000905996	684.39
0.000911024	618.572
0.000916052	556.46
0.000921081	498.222
0.000926109	444.186
0.000931138	394.499
0.000936166	349.107
0.000941195	308.097
0.000946223	271.096
0.000951252	238.102
0.00095628	208.57
0.000961308	182.413
0.000966337	159.088
0.000971365	138.458
0.000976394	120.1
0.000981422	103.875
0.000986451	89.5137
0.000991479	76.9081
0.000996507	65.8998
0.00100154	56.4236
0.00100656	48.3626
0.00101159	41.6819
0.00101662	36.2454
0.00102165	32.0253
0.00102668	28.8361
0.00103171	26.6068
0.00103673	25.2141
0.00104176	24.4323
0.00104679	24.2152
0.00105182	24.3454
0.00105685	24.6037
0.00106188	25.0008
0.00106691	25.3694
0.00107193	25.6175
0.00107696	25.7119
0.00108199	25.5583
0.00108702	25.1444
0.00109205	24.4445
0.00109708	23.464
0.0011021	22.2008
0.00110713	20.7041
0.00111216	18.9861
0.00111719	17.1248
0.00112222	15.1595
0.00112725	13.17
0.00113228	11.2151
0.0011373	9.35136
0.00114233	7.63821
0.00114736	6.09575
0.00115239	4.76439
0.00115742	3.63236
0.00116245	2.70202
0.00116747	1.97257
