0.000500379	1.71516e-212
0.000510437	1.93638e-205
0.000520494	7.74553e-205
0.000530551	6.26895e-198
0.000540608	2.53323e-197
0.000550665	1.46964e-190
0.000560722	6.00039e-190
0.000570779	2.49483e-183
0.000580836	1.02936e-182
0.000590893	3.0668e-176
0.00060095	1.27891e-175
0.000611007	2.7299e-169
0.000621064	1.15081e-168
0.000631121	1.75965e-162
0.000641178	7.50004e-162
0.000651235	8.21349e-156
0.000661292	3.54012e-155
0.000671349	2.7762e-149
0.000681406	1.21025e-148
0.000691463	6.79515e-143
0.00070152	2.99665e-142
0.000711577	1.20441e-136
0.000721634	5.37413e-136
0.000731691	1.54589e-130
0.000741748	6.98062e-130
0.000751806	1.43686e-124
0.000761863	6.56747e-124
0.00077192	9.67126e-119
0.000781977	4.47534e-118
0.000792034	4.71401e-113
0.000802091	2.20893e-112
0.000812148	1.66394e-107
0.000822205	7.89721e-107
0.000832262	4.25332e-102
0.000842319	2.04505e-101
0.000852376	7.87344e-97
0.000862433	3.83601e-96
0.00087249	1.05548e-91
0.000882547	5.21202e-91
0.000892604	1.02469e-86
0.000902661	5.12968e-86
0.000912718	7.20433e-82
0.000922775	3.65711e-81
0.000932832	3.66823e-77
0.000942889	1.88867e-76
0.000952946	1.35266e-72
0.000963003	7.06561e-72
0.00097306	3.61242e-68
0.000983117	1.91482e-67
0.000993175	6.987e-64
0.00100323	3.75921e-63
0.00101329	9.78763e-60
0.00102335	5.34644e-59
0.0010334	9.9305e-56
0.00104346	5.50858e-55
0.00105352	7.29775e-52
0.00106357	4.11176e-51
0.00107363	3.88466e-48
0.00108369	2.22351e-47
0.00109374	1.49794e-44
0.0011038	8.71132e-44
0.00111386	4.18462e-41
0.00112392	2.47269e-40
0.00113397	8.47022e-38
0.00114403	5.0852e-37
0.00115409	1.24249e-34
0.00116414	7.57724e-34
0.0011742	1.3212e-31
0.00118426	8.18072e-31
0.00119432	1.01877e-28
0.00120437	6.39981e-28
0.00121443	5.69967e-26
0.00122449	3.62791e-25
0.00123454	2.31525e-23
0.0012446	1.49034e-22
0.00125466	6.83533e-21
0.00126471	4.43696e-20
0.00127477	1.4687e-18
0.00128483	9.57413e-18
0.00129489	2.30105e-16
0.00130494	1.49756e-15
0.001315	2.63509e-14
0.00132506	1.6983e-13
0.00133511	2.21253e-12
0.00134517	1.39669e-11
0.00135523	1.3672e-10
0.00136529	8.33275e-10
0.00137534	6.24394e-09
0.0013854	3.60811e-08
0.00139546	2.1166e-07
0.00140551	1.13463e-06
0.00141557	5.3458e-06
0.00142563	2.59358e-05
0.00143568	0.000100849
0.00144574	0.00043145
0.0014558	0.00142196
0.00146586	0.00523161
0.00147591	0.0149632
0.00148597	0.0463347
0.00149603	0.117117
0.00150608	0.300512
0.00151614	0.67961
0.0015262	1.43462
0.00153625	3.00024
0.00154631	5.3723
0.00155637	9.08881
0.00156643	14.1753
0.00157648	20.17
0.00158654	27.1169
0.0015966	33.3915
0.00160665	38.9462
0.00161671	43.2328
0.00162677	46.0772
0.00163683	50.0487
0.00164688	55.0801
0.00165694	64.7285
0.001667	79.2069
0.00167705	99.257
0.00168711	125.096
0.00169717	154.976
0.00170722	188.758
0.00171728	226.221
0.00172734	267.041
0.0017374	314.249
0.00174745	367.89
0.00175751	430.858
0.00176757	503.647
0.00177762	585.373
0.00178768	676.318
0.00179774	773.439
0.00180779	876.389
0.00181785	984.282
0.00182791	1096.61
0.00183797	1215.72
0.00184802	1341.71
0.00185808	1476.66
0.00186814	1621.33
0.00187819	1773.55
0.00188825	1933.88
0.00189831	2096.4
0.00190837	2260.79
0.00191842	2421.22
0.00192848	2577.13
0.00193854	2723.18
0.00194859	2859.2
0.00195865	2977.79
0.00196871	3078.06
0.00197876	3154.22
0.00198882	3207.6
0.00199888	3222.11
0.00200894	3214.46
0.00201899	3195.48
0.00202905	3144.63
0.00203911	3073.46
0.00204916	2986.48
0.00205922	2888.77
0.00206928	2781.8
0.00207933	2671.15
0.00208939	2559.93
0.00209945	2444.66
0.00210951	2326.02
0.00211956	2197.45
0.00212962	2055.72
0.00213968	1903.48
0.00214973	1738.5
0.00215979	1572.2
0.00216985	1407.14
0.00217991	1252.2
0.00218996	1112.2
0.00220002	987.016
0.00221008	879.121
0.00222013	782.766
0.00223019	696.743
0.00224025	616.326
0.0022503	538.638
0.00226036	463.762
0.00227042	390.097
0.00228048	321.189
0.00229053	258.126
0.00230059	203.207
0.00231065	158.58
0.0023207	122.693
0.00233076	95.9805
0.00234082	75.3509
0.00235088	59.2254
0.00236093	46.2129
0.00237099	34.8268
0.00238105	25.3022
0.0023911	17.37
0.00240116	11.1318
0.00241122	6.72641
0.00242127	3.71622
0.00243133	1.87725
0.00244139	0.922566
0.00245145	0.393255
0.0024615	0.168203
0.00247156	0.0637675
0.00248162	0.0223458
0.00249167	0.00720495
0.00250173	0.002158
