0.000500379	0
0.000510437	0
0.000520494	0
0.000530551	0
0.000540608	0
0.000550665	0
0.000560722	0
0.000570779	0
0.000580836	0
0.000590893	0
0.00060095	0
0.000611007	1.65512e-321
0.000621064	6.98115e-321
0.000631121	3.85974e-309
0.000641178	1.64511e-308
0.000651235	5.12365e-297
0.000661292	2.20836e-296
0.000671349	3.88537e-285
0.000681406	1.69378e-284
0.000691463	1.68313e-273
0.00070152	7.42258e-273
0.000711577	4.16515e-262
0.000721634	1.85852e-261
0.000731691	5.88808e-251
0.000741748	2.65884e-250
0.000751806	4.75494e-240
0.000761863	2.17337e-239
0.00077192	2.19353e-229
0.000781977	1.01506e-228
0.000792034	5.78056e-219
0.000802091	2.70874e-218
0.000812148	8.70203e-209
0.000822205	4.13013e-208
0.000832262	7.48333e-199
0.000842319	3.59817e-198
0.000852376	3.67614e-189
0.000862433	1.79111e-188
0.00087249	1.0316e-179
0.000882547	5.09432e-179
0.000892604	1.65368e-170
0.000902661	8.27897e-170
0.000912718	1.51428e-161
0.000922775	7.68764e-161
0.000932832	7.92101e-153
0.000942889	4.07885e-152
0.000952946	2.36684e-144
0.000963003	1.23655e-143
0.00097306	4.0399e-136
0.000983117	2.142e-135
0.000993175	3.93897e-128
0.00100323	2.12011e-127
0.00101329	2.19383e-120
0.00102335	1.19903e-119
0.0010334	6.97959e-113
0.00104346	3.87473e-112
0.00105352	1.26842e-105
0.00106357	7.15466e-105
0.00107363	1.31673e-98
0.00108369	7.54877e-98
0.00109374	7.8078e-92
0.0011038	4.55099e-91
0.00111386	2.6446e-85
0.00112392	1.56776e-84
0.00113397	5.11667e-79
0.00114403	3.08603e-78
0.00115409	5.65471e-73
0.00116414	3.47115e-72
0.0011742	3.56967e-67
0.00118426	2.23101e-66
0.00119432	1.28718e-61
0.00120437	8.19387e-61
0.00121443	2.65126e-56
0.00122449	1.71967e-55
0.00123454	3.11939e-51
0.0012446	2.06243e-50
0.00125466	2.09655e-46
0.00126471	1.41351e-45
0.00127477	8.04969e-42
0.00128483	5.53639e-41
0.00129489	1.76575e-37
0.00130494	1.23931e-36
0.001315	2.21317e-33
0.00132506	1.58558e-32
0.00133511	1.58541e-29
0.00134517	1.15956e-28
0.00135523	6.49364e-26
0.00136529	4.84791e-25
0.00137534	1.52181e-22
0.0013854	1.15891e-21
0.00139546	2.04308e-19
0.00140551	1.58453e-18
0.00141557	1.57463e-16
0.00142563	1.2396e-15
0.00143568	6.99213e-14
0.00144574	5.55211e-13
0.0014558	1.79979e-11
0.00146586	1.42509e-10
0.00147591	2.7121e-09
0.00148597	2.09938e-08
0.00149603	2.42848e-07
0.00150608	1.77939e-06
0.00151614	1.31802e-05
0.0015262	8.71271e-05
0.00153625	0.000442944
0.00154631	0.00248145
0.00155637	0.00936695
0.00156643	0.0415817
0.00157648	0.125317
0.00158654	0.417761
0.0015966	1.05826
0.00160665	2.59254
0.00161671	5.85703
0.00162677	11.1673
0.00163683	19.4607
0.00164688	30.8342
0.00165694	44.6235
0.001667	60.8762
0.00167705	78.2622
0.00168711	96.6227
0.00169717	116.476
0.00170722	137.597
0.00171728	162.91
0.00172734	192.373
0.0017374	229.489
0.00174745	274.322
0.00175751	330.349
0.00176757	397.739
0.00177762	479.356
0.00178768	575.734
0.00179774	686.203
0.00180779	811.339
0.00181785	946.25
0.00182791	1090.87
0.00183797	1239.75
0.00184802	1391.74
0.00185808	1547.67
0.00186814	1706.48
0.00187819	1875.88
0.00188825	2058.63
0.00189831	2247.11
0.00190837	2444.6
0.00191842	2621.81
0.00192848	2773.54
0.00193854	2890.83
0.00194859	2966.44
0.00195865	3024.52
0.00196871	3068.03
0.00197876	3111.26
0.00198882	3162.28
0.00199888	3202.09
0.00200894	3227.05
0.00201899	3232.14
0.00202905	3197.62
0.00203911	3139.67
0.00204916	3063.27
0.00205922	2974.77
0.00206928	2878.37
0.00207933	2768.99
0.00208939	2644.95
0.00209945	2508.77
0.00210951	2359.59
0.00211956	2204.29
0.00212962	2045.86
0.00213968	1882.78
0.00214973	1714.17
0.00215979	1543.4
0.00216985	1368.57
0.00217991	1203.19
0.00218996	1052.46
0.00220002	919.691
0.00221008	809.764
0.00222013	714.45
0.00223019	631.919
0.00224025	556.914
0.0022503	485.727
0.00226036	419.982
0.00227042	359.723
0.00228048	305.01
0.00229053	256.619
0.00230059	211.921
0.00231065	168.855
0.0023207	129.585
0.00233076	94.3028
0.00234082	65.3942
0.00235088	45.2933
0.00236093	31.4355
0.00237099	23.504
0.00238105	18.6775
0.0023911	14.8348
0.00240116	11.7601
0.00241122	8.48979
0.00242127	5.62694
0.00243133	3.38881
0.00244139	1.74212
0.00245145	0.780783
0.0024615	0.330928
0.00247156	0.119075
0.00248162	0.0372132
0.00249167	0.0111286
0.00250173	0.0024337
