0.000166815	17.5084
0.000171844	18.473
0.000176872	19.2366
0.000181901	19.8625
0.000186929	20.1653
0.000191958	20.0688
0.000196986	19.7708
0.000202014	19.0752
0.000207043	17.9878
0.000212071	16.6616
0.0002171	15.1406
0.000222128	13.5129
0.000227157	11.8502
0.000232185	10.2628
0.000237214	8.79744
0.000242242	7.55434
0.00024727	6.55564
0.000252299	5.8412
0.000257327	5.50028
0.000262356	5.58585
0.000267384	5.8871
0.000272413	6.56296
0.000277441	7.70534
0.000282469	9.17123
0.000287498	10.9973
0.000292526	13.173
0.000297555	15.7096
0.000302583	18.6059
0.000307612	21.8994
0.00031264	25.6309
0.000317669	29.8652
0.000322697	34.7159
0.000327725	40.2569
0.000332754	46.6745
0.000337782	54.0168
0.000342811	62.488
0.000347839	72.0782
0.000352868	82.909
0.000357896	94.9081
0.000362924	108.022
0.000367953	122.151
0.000372981	137.056
0.00037801	152.663
0.000383038	168.651
0.000388067	185.019
0.000393095	201.542
0.000398123	218.294
0.000403152	235.295
0.00040818	252.656
0.000413209	270.67
0.000418237	289.427
0.000423266	309.374
0.000428294	330.547
0.000433323	353.354
0.000438351	377.773
0.000443379	404.02
0.000448408	432.052
0.000453436	461.866
0.000458465	493.442
0.000463493	526.682
0.000468522	561.624
0.00047355	598.294
0.000478578	636.791
0.000483607	677.484
0.000488635	720.508
0.000493664	766.68
0.000498692	816.124
0.000503721	870.019
0.000508749	928.43
0.000513778	992.614
0.000518806	1062.55
0.000523834	1139.14
0.000528863	1222.3
0.000533891	1312.19
0.00053892	1408.64
0.000543948	1510.84
0.000548977	1618.6
0.000554005	1730.08
0.000559033	1845.16
0.000564062	1961.23
0.00056909	2078.25
0.000574119	2193.36
0.000579147	2306.56
0.000584176	2415.32
0.000589204	2519.69
0.000594233	2617.84
0.000599261	2709.85
0.000604289	2794.78
0.000609318	2872.66
0.000614346	2943.24
0.000619375	3006.55
0.000624403	3062.66
0.000629432	3111.6
0.00063446	3153.52
0.000639488	3188.43
0.000644517	3216.59
0.000649545	3238.03
0.000654574	3253.82
0.000659602	3263.9
0.000664631	3265.35
0.000669659	3265.16
0.000674688	3263.62
0.000679716	3256.29
0.000684744	3247.75
0.000689773	3238.05
0.000694801	3227.76
0.00069983	3216.9
0.000704858	3204.9
0.000709887	3191.82
0.000714915	3175.69
0.000719943	3156.54
0.000724972	3131.78
0.00073	3101.38
0.000735029	3063.21
0.000740057	3017.17
0.000745086	2962.53
0.000750114	2899.16
0.000755143	2828.11
0.000760171	2749.24
0.000765199	2665.05
0.000770228	2575.48
0.000775256	2483.68
0.000780285	2389.71
0.000785313	2296.56
0.000790342	2204.37
0.00079537	2115.35
0.000800398	2029.69
0.000805427	1948.47
0.000810455	1871.91
0.000815484	1799.9
0.000820512	1732.6
0.000825541	1668.93
0.000830569	1608.96
0.000835598	1551.02
0.000840626	1495.05
0.000845654	1439.33
0.000850683	1383.7
0.000855711	1326.91
0.00086074	1268.74
0.000865768	1208.77
0.000870797	1146.8
0.000875825	1083.27
0.000880853	1018.06
0.000885882	952.273
0.00089091	885.913
0.000895939	820.339
0.000900967	755.689
0.000905996	693.236
0.000911024	633.193
0.000916052	576.491
0.000921081	523.359
0.000926109	474.25
0.000931138	429.357
0.000936166	388.652
0.000941195	352.245
0.000946223	319.727
0.000951252	291.11
0.00095628	265.762
0.000961308	243.603
0.000966337	223.945
0.000971365	206.644
0.000976394	191.083
0.000981422	177.089
0.000986451	164.183
0.000991479	152.197
0.000996507	140.814
0.00100154	129.893
0.00100656	119.282
0.00101159	108.879
0.00101662	98.6829
0.00102165	88.6434
0.00102668	78.8702
0.00103171	69.3683
0.00103673	60.2939
0.00104176	51.6981
0.00104679	43.7125
0.00105182	36.4085
0.00105685	29.8435
0.00106188	24.0769
0.00106691	19.0802
0.00107193	14.8765
0.00107696	11.3746
0.00108199	8.5548
0.00108702	6.30225
0.00109205	4.56482
0.00109708	3.23745
0.0011021	2.25485
0.00110713	1.53912
0.00111216	1.02914
0.00111719	0.676283
0.00112222	0.433341
0.00112725	0.274372
0.00113228	0.168117
0.0011373	0.102706
0.00114233	0.0600216
0.00114736	0.0354547
0.00115239	0.0196742
0.00115742	0.0112835
0.00116245	0.00530269
0.00116747	0.00330907
