0.000500379	5.37567e-75
0.00050876	5.20453e-72
0.000517141	2.0802e-71
0.000525522	1.63057e-68
0.000533903	6.58045e-68
0.000542284	4.17468e-65
0.000550665	1.70171e-64
0.000559045	8.73685e-62
0.000567426	3.59745e-61
0.000575807	1.49465e-58
0.000584188	6.21704e-58
0.000592569	2.0902e-55
0.00060095	8.78318e-55
0.00060933	2.38954e-52
0.000617711	1.01438e-51
0.000626092	2.23323e-49
0.000634473	9.57697e-49
0.000642854	1.70636e-46
0.000651235	7.39159e-46
0.000659615	1.06598e-43
0.000667996	4.66368e-43
0.000676377	5.44514e-41
0.000684758	2.40549e-40
0.000693139	2.27453e-38
0.00070152	1.0143e-37
0.0007099	7.77059e-36
0.000718281	3.49633e-35
0.000726662	2.17154e-33
0.000735043	9.85261e-33
0.000743424	4.96501e-31
0.000751805	2.26979e-30
0.000760186	9.29012e-29
0.000768566	4.27484e-28
0.000776947	1.42301e-26
0.000785328	6.58206e-26
0.000793709	1.78502e-24
0.00080209	8.28553e-24
0.000810471	1.83455e-22
0.000818851	8.52721e-22
0.000827232	1.54566e-20
0.000835613	7.17525e-20
0.000843994	1.06828e-18
0.000852375	4.93661e-18
0.000860756	6.06148e-17
0.000869136	2.7772e-16
0.000877517	2.8261e-15
0.000885898	1.27762e-14
0.000894279	1.0838e-13
0.00090266	4.80678e-13
0.000911041	3.42244e-12
0.000919421	1.47915e-11
0.000927802	8.90932e-11
0.000936183	3.72335e-10
0.000944564	1.91413e-09
0.000952945	7.66836e-09
0.000961326	3.39763e-08
0.000969707	1.29244e-07
0.000978087	4.98712e-07
0.000986468	1.78311e-06
0.000994849	6.0572e-06
0.00100323	2.01443e-05
0.00101161	6.08951e-05
0.00101999	0.000186427
0.00102837	0.000506706
0.00103675	0.00141404
0.00104513	0.00348814
0.00105351	0.00879547
0.0010619	0.0198487
0.00107028	0.0448946
0.00107866	0.0932521
0.00108704	0.188189
0.00109542	0.37129
0.0011038	0.66582
0.00111218	1.18165
0.00112056	1.92603
0.00112894	3.04801
0.00113732	4.53334
0.0011457	6.43125
0.00115409	8.70503
0.00116247	11.1281
0.00117085	13.6674
0.00117923	15.88
0.00118761	17.7234
0.00119599	18.4265
0.00120437	18.7023
0.00121275	18.4557
0.00122113	17.3124
0.00122951	16.3503
0.00123789	15.5404
0.00124627	15.6584
0.00125466	17.2727
0.00126304	20.5662
0.00127142	26.3799
0.0012798	34.9657
0.00128818	46.3312
0.00129656	60.9145
0.00130494	78.702
0.00131332	99.6365
0.0013217	123.711
0.00133008	150.25
0.00133846	179.26
0.00134684	209.614
0.00135523	241.318
0.00136361	273.568
0.00137199	306.348
0.00138037	339.976
0.00138875	374.425
0.00139713	410.917
0.00140551	449.462
0.00141389	490.904
0.00142227	535.301
0.00143065	582.198
0.00143903	631.613
0.00144741	682.737
0.0014558	735.428
0.00146418	790.99
0.00147256	849.185
0.00148094	914.547
0.00148932	987.081
0.0014977	1071.56
0.00150608	1168.49
0.00151446	1277.64
0.00152284	1399.7
0.00153122	1527.71
0.0015396	1661.86
0.00154798	1792.8
0.00155637	1919.93
0.00156475	2037.46
0.00157313	2144.46
0.00158151	2240.89
0.00158989	2326.12
0.00159827	2404.08
0.00160665	2474.7
0.00161503	2543
0.00162341	2609.52
0.00163179	2677.07
0.00164017	2746.8
0.00164855	2815.6
0.00165694	2884.54
0.00166532	2944.22
0.0016737	2997.88
0.00168208	3013.53
0.00169046	3009.79
0.00169884	2998.27
0.00170722	2937.2
0.0017156	2845.97
0.00172398	2731.07
0.00173236	2599.91
0.00174074	2453.7
0.00174912	2303.16
0.00175751	2150.62
0.00176589	2001.91
0.00177427	1859.07
0.00178265	1723.28
0.00179103	1595.57
0.00179941	1474.64
0.00180779	1360.54
0.00181617	1251.85
0.00182455	1148.11
0.00183293	1049.14
0.00184131	954.574
0.00184969	865.316
0.00185808	781.434
0.00186646	703.944
0.00187484	633.25
0.00188322	569.575
0.0018916	513.352
0.00189998	463.576
0.00190836	420.35
0.00191674	381.73
0.00192512	347.249
0.0019335	315.035
0.00194188	284.195
0.00195026	254.013
0.00195865	223.724
0.00196703	193.968
0.00197541	164.618
0.00198379	136.807
0.00199217	111
0.00200055	87.843
0.00200893	67.8835
0.00201731	51.0105
0.00202569	37.4466
0.00203407	26.6582
0.00204245	18.5105
0.00205083	12.4308
0.00205922	8.1055
0.0020676	5.10209
0.00207598	3.09213
0.00208436	1.81361
0.00209274	1.00547
0.00210112	0.550188
0.0021095	0.272158
0.00211788	0.141037
0.00212626	0.0641612
0.00213464	0.0301524
0.00214302	0.0126835
0.0021514	0.00534004
0.00215979	0.00191993
0.00216817	0.0007799
