0.000500379	8.24245e-293
0.000510437	2.22279e-283
0.000520494	8.89114e-283
0.000530551	1.58735e-273
0.000540608	6.41434e-273
0.000550665	7.58002e-264
0.000560722	3.09484e-263
0.000570779	2.42042e-254
0.000580836	9.98661e-254
0.000590893	5.16813e-245
0.00060095	2.15521e-244
0.000611007	7.37894e-236
0.000621064	3.11066e-235
0.000631121	7.04484e-227
0.000641178	3.00267e-226
0.000651235	4.49742e-218
0.000661292	1.93845e-217
0.000671349	1.91985e-209
0.000681406	8.36935e-209
0.000691463	5.48002e-201
0.00070152	2.41669e-200
0.000711577	1.04593e-192
0.000721634	4.66702e-192
0.000731691	1.33485e-184
0.000741748	6.02767e-184
0.000751806	1.1391e-176
0.000761863	5.20654e-176
0.00077192	6.49969e-169
0.000781977	3.00773e-168
0.000792034	2.47983e-161
0.000802091	1.16203e-160
0.000812148	6.32622e-154
0.000822205	3.00253e-153
0.000832262	1.0791e-146
0.000842319	5.18855e-146
0.000852376	1.23073e-139
0.000862433	5.99644e-139
0.00087249	9.38546e-133
0.000882547	4.63479e-132
0.000892604	4.78552e-126
0.000902661	2.39582e-125
0.000912718	1.63149e-119
0.000922775	8.28263e-119
0.000932832	3.7189e-113
0.000942889	1.91501e-112
0.000952946	5.66785e-107
0.000963003	2.96115e-106
0.00097306	5.77554e-101
0.000983117	3.06224e-100
0.000993175	3.93491e-95
0.00100323	2.1179e-94
0.00101329	1.79243e-89
0.00102335	9.79631e-89
0.0010334	5.45894e-84
0.00104346	3.03046e-83
0.00105352	1.11157e-78
0.00106357	6.26967e-78
0.00107363	1.51328e-73
0.00108369	8.67507e-73
0.00109374	1.3774e-68
0.0011038	8.02777e-68
0.00111386	8.38218e-64
0.00112392	4.96836e-63
0.00113397	3.41048e-59
0.00114403	2.05651e-58
0.00115409	9.27774e-55
0.00116414	5.69318e-54
0.0011742	1.68752e-50
0.00118426	1.05412e-49
0.00119432	2.05236e-46
0.00120437	1.30541e-45
0.00121443	1.66914e-42
0.00122449	1.08129e-41
0.00123454	9.07855e-39
0.0012446	5.99086e-38
0.00125466	3.30295e-35
0.00126471	2.22032e-34
0.00127477	8.04029e-32
0.00128483	5.50501e-31
0.00129489	1.31011e-28
0.00130494	9.13196e-28
0.001315	1.42985e-25
0.00132506	1.01368e-24
0.00133511	1.04626e-22
0.00134517	7.53124e-22
0.00135523	5.14017e-20
0.00136529	3.7462e-19
0.00137534	1.69917e-17
0.0013854	1.24813e-16
0.00139546	3.79105e-15
0.00140551	2.78696e-14
0.00141557	5.73394e-13
0.00142563	4.17419e-12
0.00143568	5.91426e-11
0.00144574	4.19849e-10
0.0014558	4.19177e-09
0.00146586	2.84059e-08
0.00147591	2.05958e-07
0.00148597	1.29575e-06
0.00149603	7.0786e-06
0.00150608	3.99766e-05
0.00151614	0.000171458
0.0015262	0.000837836
0.00153625	0.00293994
0.00154631	0.0119986
0.00155637	0.0357174
0.00156643	0.11833
0.00157648	0.306977
0.00158654	0.811794
0.0015966	1.87676
0.00160665	3.974
0.00161671	8.22503
0.00162677	14.6288
0.00163683	24.2588
0.00164688	37.2576
0.00165694	52.4693
0.001667	69.9723
0.00167705	87.4429
0.00168711	104.573
0.00169717	122.547
0.00170722	140.814
0.00171728	166.622
0.00172734	199.928
0.0017374	249.233
0.00174745	315.593
0.00175751	399.126
0.00176757	501.195
0.00177762	610.794
0.00178768	727.865
0.00179774	840.271
0.00180779	945.953
0.00181785	1045.32
0.00182791	1135.76
0.00183797	1235.33
0.00184802	1344.24
0.00185808	1483.01
0.00186814	1656.56
0.00187819	1860.15
0.00188825	2098.32
0.00189831	2339.42
0.00190837	2580.73
0.00191842	2798.02
0.00192848	2984.72
0.00193854	3142.67
0.00194859	3269.92
0.00195865	3374.77
0.00196871	3460.03
0.00197876	3520.85
0.00198882	3556.95
0.00199888	3564.08
0.00200894	3530.69
0.00201899	3465.72
0.00202905	3369.14
0.00203911	3257.76
0.00204916	3137.1
0.00205922	3008.06
0.00206928	2873.85
0.00207933	2725.36
0.00208939	2558.71
0.00209945	2378.75
0.00210951	2183.66
0.00211956	1986.85
0.00212962	1791.84
0.00213968	1605.86
0.00214973	1432.67
0.00215979	1272.56
0.00216985	1127.42
0.00217991	993.242
0.00218996	869.68
0.00220002	752.091
0.00221008	637.666
0.00222013	528.02
0.00223019	421.432
0.00224025	325.318
0.0022503	242.564
0.00226036	176.045
0.00227042	129.698
0.00228048	97.609
0.00229053	79.166
0.00230059	67.342
0.00231065	58.0608
0.0023207	49.7329
0.00233076	39.7369
0.00234082	29.9595
0.00235088	20.7329
0.00236093	12.9524
0.00237099	7.54841
0.00238105	3.84676
0.0023911	1.73864
0.00240116	0.78575
0.00241122	0.30042
0.00242127	0.10831
0.00243133	0.0365668
0.00244139	0.0100263
0.00245145	0.00309027
0.0024615	0.000622075
0.00247156	0.00018002
0.00248162	2.58419e-05
0.00249167	6.99926e-06
0.00250173	7.18382e-07
