0.000500379	1.99628e-214
0.000509598	1.56459e-207
0.000518817	6.25836e-207
0.000528036	3.5729e-200
0.000537255	1.44378e-199
0.000546474	6.00304e-193
0.000555693	2.45098e-192
0.000564912	7.4208e-186
0.000574131	3.0618e-185
0.00058335	6.74929e-179
0.000592569	2.81458e-178
0.000601788	4.51638e-172
0.000611007	1.90392e-171
0.000620226	2.22354e-165
0.000629445	9.47724e-165
0.000638664	8.0542e-159
0.000647883	3.47147e-158
0.000657101	2.14644e-152
0.00066632	9.35712e-152
0.000675539	4.20853e-146
0.000684758	1.85596e-145
0.000693977	6.07096e-140
0.000703196	2.70889e-139
0.000712415	6.44312e-134
0.000721634	2.90946e-133
0.000730853	5.03089e-128
0.000740072	2.29948e-127
0.000749291	2.89002e-122
0.00075851	1.33734e-121
0.000767729	1.22141e-116
0.000776948	5.72338e-116
0.000786167	3.79772e-111
0.000795386	1.80243e-110
0.000804605	8.68729e-106
0.000813823	4.17695e-105
0.000823042	1.46198e-100
0.000832261	7.12289e-100
0.00084148	1.81007e-95
0.000850699	8.93815e-95
0.000859918	1.64869e-90
0.000869137	8.25343e-90
0.000878356	1.10477e-85
0.000887575	5.6081e-85
0.000896794	5.44621e-81
0.000906013	2.80408e-80
0.000915232	1.97516e-76
0.000924451	1.03172e-75
0.00093367	5.26981e-72
0.000942889	2.79335e-71
0.000952108	1.03436e-67
0.000961327	5.56522e-67
0.000970545	1.49362e-63
0.000979764	8.15895e-63
0.000988983	1.58671e-59
0.000998202	8.80198e-59
0.00100742	1.24009e-55
0.00101664	6.98748e-55
0.00102586	7.13047e-52
0.00103508	4.08185e-51
0.0010443	3.01657e-48
0.00105352	1.75465e-47
0.00106273	9.38993e-45
0.00107195	5.55035e-44
0.00108117	2.15084e-41
0.00109039	1.29197e-40
0.00109961	3.62581e-38
0.00110883	2.21305e-37
0.00111805	4.49923e-35
0.00112727	2.7896e-34
0.00113649	4.11079e-32
0.00114571	2.58769e-31
0.00115492	2.76651e-29
0.00116414	1.76653e-28
0.00117336	1.37212e-26
0.00118258	8.87528e-26
0.0011918	5.01918e-24
0.00120102	3.28193e-23
0.00121024	1.3555e-21
0.00121946	8.93312e-21
0.00122868	2.70642e-19
0.00123789	1.79006e-18
0.00124711	4.00254e-17
0.00125633	2.64129e-16
0.00126555	4.39514e-15
0.00127477	2.87065e-14
0.00128399	3.59447e-13
0.00129321	2.29911e-12
0.00130243	2.19747e-11
0.00131165	1.35783e-10
0.00132087	1.00847e-09
0.00133008	5.91932e-09
0.0013393	3.48963e-08
0.00134852	1.90755e-07
0.00135774	9.14379e-07
0.00136696	4.55412e-06
0.00137618	1.82101e-05
0.0013854	8.08092e-05
0.00139462	0.000276454
0.00140384	0.00107082
0.00141305	0.00320747
0.00142227	0.0106706
0.00143149	0.028527
0.00144071	0.0807618
0.00144993	0.195482
0.00145915	0.47067
0.00146837	1.04121
0.00147759	2.14983
0.00148681	4.43764
0.00149603	8.0918
0.00150524	14.8766
0.00151446	24.7388
0.00152368	40.3908
0.0015329	61.8609
0.00154212	91.3333
0.00155134	128.981
0.00156056	174.421
0.00156978	227.831
0.001579	286.446
0.00158821	350.112
0.00159743	417.808
0.00160665	489.1
0.00161587	567.611
0.00162509	653.288
0.00163431	750.524
0.00164353	859.913
0.00165275	980.918
0.00166197	1114
0.00167118	1254.85
0.0016804	1403.07
0.00168962	1556.97
0.00169884	1716.13
0.00170806	1881.57
0.00171728	2054.38
0.0017265	2227.63
0.00173572	2402.78
0.00174494	2561.13
0.00175416	2701.05
0.00176337	2809.61
0.00177259	2884.2
0.00178181	2923.18
0.00179103	2938.79
0.00180025	2948.32
0.00180947	2952.58
0.00181869	2962.15
0.00182791	2985.23
0.00183713	3012.24
0.00184634	3045.5
0.00185556	3060.08
0.00186478	3062.67
0.001874	3061.6
0.00188322	3030.34
0.00189244	2980.49
0.00190166	2918.15
0.00191088	2842.34
0.0019201	2754.06
0.00192932	2651.92
0.00193853	2535.35
0.00194775	2405.42
0.00195697	2261.35
0.00196619	2108.08
0.00197541	1946.04
0.00198463	1781.26
0.00199385	1614.98
0.00200307	1452.99
0.00201229	1297
0.0020215	1151.33
0.00203072	1018.18
0.00203994	898.016
0.00204916	792.348
0.00205838	697.846
0.0020676	614.099
0.00207682	537.516
0.00208604	466.258
0.00209526	399.846
0.00210448	337.076
0.00211369	279.905
0.00212291	228.976
0.00213213	184.987
0.00214135	149.014
0.00215057	119.256
0.00215979	95.372
0.00216901	75.5527
0.00217823	58.6076
0.00218745	44.2789
0.00219666	32.0243
0.00220588	22.0303
0.0022151	14.3919
0.00222432	8.74964
0.00223354	5.03924
0.00224276	2.68496
0.00225198	1.28901
0.0022612	0.631848
0.00227042	0.266267
0.00227964	0.11224
0.00228885	0.0424998
0.00229807	0.0149507
0.00230729	0.00518205
0.00231651	0.0014869
0.00232573	0.000454257
0.00233495	0.000110044
