0.000100103	0.172253
0.00010312	0.262336
0.000106137	0.42192
0.000109154	0.638154
0.000112171	0.948568
0.000115188	1.37732
0.000118205	1.9575
0.000121222	2.72573
0.000124239	3.70871
0.000127256	4.9497
0.000130273	6.45429
0.00013329	8.256
0.000136307	10.328
0.000139324	12.6702
0.000142341	15.2258
0.000145358	17.9425
0.000148375	20.7568
0.000151392	23.5697
0.000154408	26.3489
0.000157425	28.9912
0.000160442	31.5299
0.000163459	33.9283
0.000166476	36.2923
0.000169493	38.7159
0.00017251	41.3486
0.000175527	44.4291
0.000178544	48.0954
0.000181561	52.6733
0.000184578	58.2385
0.000187595	65.0929
0.000190612	73.2311
0.000193629	82.8238
0.000196646	93.8043
0.000199663	106.165
0.00020268	119.819
0.000205697	134.613
0.000208714	150.472
0.000211731	167.175
0.000214748	184.676
0.000217765	202.757
0.000220782	221.409
0.000223799	240.469
0.000226816	259.982
0.000229833	279.906
0.00023285	300.375
0.000235867	321.601
0.000238884	343.824
0.000241901	367.691
0.000244918	393.521
0.000247935	422.499
0.000250952	454.922
0.000253969	492.376
0.000256986	535.004
0.000260003	584.34
0.00026302	640.286
0.000266037	703.68
0.000269054	774.216
0.000272071	851.549
0.000275088	935.303
0.000278105	1023.95
0.000281122	1117.22
0.000284139	1212.99
0.000287156	1311.24
0.000290173	1410.18
0.00029319	1509.98
0.000296207	1610
0.000299224	1710.5
0.000302241	1812.15
0.000305258	1915.13
0.000308275	2020.96
0.000311292	2129.65
0.000314309	2242.65
0.000317326	2359.85
0.000320343	2481.86
0.00032336	2608.52
0.000326377	2739.33
0.000329394	2874.17
0.000332411	3011.71
0.000335428	3151.87
0.000338445	3292.99
0.000341462	3435.06
0.000344479	3576.48
0.000347496	3717.27
0.000350513	3856.12
0.00035353	3993.03
0.000356547	4126.94
0.000359564	4257.86
0.000362581	4384.85
0.000365598	4507.91
0.000368615	4626.01
0.000371632	4739.14
0.000374649	4846.03
0.000377666	4946.65
0.000380683	5039.42
0.0003837	5124.35
0.000386717	5199.8
0.000389734	5265.78
0.000392751	5321.19
0.000395768	5366.05
0.000398785	5400.74
0.000401802	5425.27
0.000404819	5436.51
0.000407836	5441.4
0.000410853	5440.37
0.00041387	5428.79
0.000416887	5410.97
0.000419904	5387
0.000422921	5356.88
0.000425938	5320.65
0.000428955	5277.52
0.000431972	5227.53
0.000434989	5169.4
0.000438006	5103.12
0.000441023	5027.78
0.00044404	4943.31
0.000447057	4849.67
0.000450074	4746.78
0.000453091	4635.39
0.000456108	4515.45
0.000459125	4388.19
0.000462142	4253.58
0.000465159	4113.14
0.000468176	3966.85
0.000471193	3816.73
0.00047421	3662.72
0.000477227	3507.62
0.000480244	3351.42
0.000483261	3197.57
0.000486278	3046.18
0.000489295	2900.55
0.000492312	2761
0.000495329	2629.5
0.000498346	2506.47
0.000501363	2391.72
0.00050438	2285.6
0.000507397	2185.76
0.000510414	2092.31
0.000513431	2001.85
0.000516448	1914.11
0.000519465	1826.24
0.000522482	1737.71
0.000525499	1647.47
0.000528516	1555
0.000531533	1461.41
0.00053455	1366.44
0.000537567	1272.68
0.000540584	1180.27
0.000543601	1092.01
0.000546618	1008.38
0.000549635	931.159
0.000552652	860.935
0.000555669	797.88
0.000558686	742.404
0.000561703	693.262
0.00056472	650.509
0.000567737	612.2
0.000570754	578.043
0.000573771	546.216
0.000576788	516.235
0.000579805	486.958
0.000582822	457.918
0.000585839	428.784
0.000588856	399.263
0.000591873	369.624
0.00059489	339.798
0.000597907	310.303
0.000600924	281.243
0.000603941	253.097
0.000606958	226.038
0.000609975	200.367
0.000612992	176.241
0.000616009	153.778
0.000619026	133.076
0.000622043	114.131
0.00062506	96.9827
0.000628077	81.5627
0.000631094	67.8712
0.000634111	55.8003
0.000637128	45.326
0.000640145	36.3054
0.000643162	28.6927
0.000646179	22.3167
0.000649196	17.107
0.000652213	12.8829
0.00065523	9.55186
0.000658247	6.94892
0.000661264	4.97095
0.000664281	3.48798
0.000667298	2.40184
0.000670315	1.62408
0.000673332	1.07411
0.000676349	0.699815
0.000679366	0.443474
0.000682383	0.278566
0.0006854	0.168702
0.000688417	0.102302
0.000691434	0.059028
0.000694451	0.0346288
0.000697468	0.0171921
0.000700485	0.0107975
