0.000500379	2.72379e-97
0.00050876	1.80711e-93
0.000517141	7.22764e-93
0.000525522	3.74847e-89
0.000533903	1.51443e-88
0.000542284	6.13867e-85
0.000550665	2.50572e-84
0.000559045	7.9371e-81
0.000567426	3.27375e-80
0.000575807	8.10247e-77
0.000584188	3.37744e-76
0.000592569	6.53043e-73
0.00060095	2.75143e-72
0.00060933	4.15563e-69
0.000617711	1.76994e-68
0.000626092	2.08789e-65
0.000634473	8.99059e-65
0.000642854	8.28237e-62
0.000651235	3.60618e-61
0.000659615	2.59411e-58
0.000667996	1.14218e-57
0.000676377	6.41528e-55
0.000684758	2.85662e-54
0.000693139	1.25271e-51
0.00070152	5.64156e-51
0.0007099	1.93156e-48
0.000718281	8.79785e-48
0.000726662	2.35188e-45
0.000735043	1.08339e-44
0.000743424	2.26151e-42
0.000751805	1.05348e-41
0.000760186	1.71751e-39
0.000768566	8.08911e-39
0.000776947	1.03031e-36
0.000785328	4.90469e-36
0.000793709	4.88293e-34
0.00080209	2.34835e-33
0.000810471	1.82861e-31
0.000818851	8.87886e-31
0.000827232	5.41262e-29
0.000835613	2.65095e-28
0.000843994	1.26675e-26
0.000852375	6.25035e-26
0.000860756	2.34512e-24
0.000869136	1.16379e-23
0.000877517	3.43615e-22
0.000885898	1.71131e-21
0.000894279	3.98767e-20
0.00090266	1.98738e-19
0.000911041	3.6685e-18
0.000919421	1.8229e-17
0.000927802	2.6782e-16
0.000936183	1.3207e-15
0.000944564	1.55359e-14
0.000952945	7.55871e-14
0.000961326	7.17156e-13
0.000969707	3.41789e-12
0.000978087	2.63874e-11
0.000986468	1.22127e-10
0.000994849	7.75284e-10
0.00100323	3.44921e-09
0.00101161	1.82218e-08
0.00101999	7.70238e-08
0.00102837	3.4318e-07
0.00103675	1.36058e-06
0.00104513	5.18649e-06
0.00105351	1.90234e-05
0.0010619	6.29634e-05
0.00107028	0.000210709
0.00107866	0.000614324
0.00108704	0.00185109
0.00109542	0.00481762
0.0011038	0.0129194
0.00111218	0.0303604
0.00112056	0.0718075
0.00112894	0.153735
0.00113732	0.318944
0.0011457	0.642183
0.00115409	1.16957
0.00116247	2.1027
0.00117085	3.45167
0.00117923	5.4924
0.00118761	8.21184
0.00119599	11.752
0.00120437	16.0855
0.00121275	21.0528
0.00122113	26.635
0.00122951	32.4407
0.00123789	38.4698
0.00124627	44.3341
0.00125466	50.0427
0.00126304	55.3523
0.00127142	60.2731
0.0012798	64.7436
0.00128818	68.7748
0.00129656	72.5951
0.00130494	76.2135
0.00131332	80.3075
0.0013217	84.8763
0.00133008	90.932
0.00133846	98.4672
0.00134684	108.25
0.00135523	120.279
0.00136361	134.687
0.00137199	151.471
0.00138037	170.766
0.00138875	192.541
0.00139713	217.934
0.00140551	246.906
0.00141389	281.436
0.00142227	321.537
0.00143065	368.775
0.00143903	423.234
0.00144741	485.049
0.0014558	554.331
0.00146418	629.602
0.00147256	710.919
0.00148094	795.992
0.00148932	884.691
0.0014977	976.073
0.00150608	1069.8
0.00151446	1168.45
0.00152284	1271.86
0.00153122	1384.5
0.0015396	1506.93
0.00154798	1639.09
0.00155637	1782
0.00156475	1927.06
0.00157313	2074.34
0.00158151	2213.32
0.00158989	2342.45
0.00159827	2460.54
0.00160665	2566.13
0.00161503	2667.53
0.00162341	2765.48
0.00163179	2864.73
0.00164017	2967.46
0.00164855	3066.01
0.00165694	3161.04
0.00166532	3240.33
0.0016737	3305.57
0.00168208	3330.55
0.00169046	3336.38
0.00169884	3335.24
0.00170722	3298.66
0.0017156	3244.42
0.00172398	3178.61
0.00173236	3102.89
0.00174074	3018.38
0.00174912	2927.05
0.00175751	2829.47
0.00176589	2726.74
0.00177427	2619.51
0.00178265	2506.81
0.00179103	2389.09
0.00179941	2263.14
0.00180779	2128.04
0.00181617	1983.06
0.00182455	1826.47
0.00183293	1664.2
0.00184131	1496.14
0.00184969	1331.72
0.00185808	1173.37
0.00186646	1027.27
0.00187484	896.514
0.00188322	781.362
0.0018916	683.48
0.00189998	599.102
0.00190836	527.953
0.00191674	465.384
0.00192512	409.719
0.0019335	358.232
0.00194188	309.043
0.00195026	262.473
0.00195865	217.78
0.00196703	176.792
0.00197541	140.118
0.00198379	108.708
0.00199217	83.4879
0.00200055	63.7
0.00200893	49.5752
0.00201731	39.4585
0.00202569	32.7321
0.00203407	28.0162
0.00204245	24.3553
0.00205083	21.2572
0.00205922	18.0562
0.0020676	14.942
0.00207598	11.7856
0.00208436	8.86391
0.00209274	6.34456
0.00210112	4.26232
0.0021095	2.73564
0.00211788	1.63659
0.00212626	0.929666
0.00213464	0.499215
0.00214302	0.240428
0.0021514	0.121029
0.00215979	0.047663
0.00216817	0.0232078
