0.000500379	8.37764e-43
0.000507084	4.18901e-41
0.000513789	1.65047e-40
0.000520493	7.13297e-39
0.000527198	2.81468e-38
0.000533903	1.04669e-36
0.000540607	4.15516e-36
0.000547312	1.33037e-34
0.000554017	5.30988e-34
0.000560721	1.46485e-32
0.000567426	5.87387e-32
0.000574131	1.39749e-30
0.000580835	5.62482e-30
0.00058754	1.15536e-28
0.000594244	4.66274e-28
0.000600949	8.2793e-27
0.000607654	3.34602e-26
0.000614358	5.14378e-25
0.000621063	2.07863e-24
0.000627768	2.77144e-23
0.000634472	1.11787e-22
0.000641177	1.29537e-21
0.000647882	5.20455e-21
0.000654586	5.25418e-20
0.000661291	2.09779e-19
0.000667995	1.85012e-18
0.0006747	7.32054e-18
0.000681405	5.65796e-17
0.000688109	2.21177e-16
0.000694814	1.50342e-15
0.000701519	5.78595e-15
0.000708223	3.47262e-14
0.000714928	1.3106e-13
0.000721633	6.97594e-13
0.000728337	2.57072e-12
0.000735042	1.21932e-11
0.000741746	4.36682e-11
0.000748451	1.85524e-10
0.000755156	6.42454e-10
0.00076186	2.45825e-09
0.000768565	8.18727e-09
0.00077527	2.83763e-08
0.000781974	9.03902e-08
0.000788679	2.85439e-07
0.000795384	8.64706e-07
0.000802088	2.50257e-06
0.000808793	7.16939e-06
0.000815497	1.91263e-05
0.000822202	5.1534e-05
0.000828907	0.000127428
0.000835611	0.000321274
0.000842316	0.000740096
0.000849021	0.00173803
0.000855725	0.0037472
0.00086243	0.00816516
0.000869135	0.0165412
0.000875839	0.0333469
0.000882544	0.0641241
0.000889249	0.119152
0.000895953	0.219274
0.000902658	0.376096
0.000909362	0.64245
0.000916067	1.03363
0.000922772	1.64422
0.000929476	2.49008
0.000936181	3.70626
0.000942886	5.30483
0.00094959	7.44088
0.000956295	10.1226
0.000963	13.5055
0.000969704	17.5989
0.000976409	22.5697
0.000983113	28.4302
0.000989818	35.387
0.000996523	43.4454
0.00100323	52.8216
0.00100993	63.5019
0.00101664	75.5862
0.00102334	89.0511
0.00103005	103.789
0.00103675	119.803
0.00104346	136.956
0.00105016	155.306
0.00105686	175.192
0.00106357	196.709
0.00107027	221.17
0.00107698	248.652
0.00108368	281.397
0.00109039	319.41
0.00109709	365.017
0.0011038	418.141
0.0011105	479.87
0.00111721	550.101
0.00112391	627.779
0.00113062	712.848
0.00113732	802.497
0.00114402	896.741
0.00115073	992.718
0.00115743	1090.47
0.00116414	1188.87
0.00117084	1287.93
0.00117755	1388.53
0.00118425	1490.65
0.00119096	1595.5
0.00119766	1703.11
0.00120437	1813.04
0.00121107	1925.35
0.00121778	2037.73
0.00122448	2150.21
0.00123119	2260.26
0.00123789	2367.83
0.00124459	2471.61
0.0012513	2571.55
0.001258	2667.11
0.00126471	2758.32
0.00127141	2843.82
0.00127812	2923.7
0.00128482	2995.28
0.00129153	3058.56
0.00129823	3110.84
0.00130494	3151.97
0.00131164	3180.84
0.00131835	3197.52
0.00132505	3199.88
0.00133175	3191.25
0.00133846	3172.48
0.00134516	3141.24
0.00135187	3100.52
0.00135857	3050.47
0.00136528	2993.69
0.00137198	2930.19
0.00137869	2863.41
0.00138539	2793.6
0.0013921	2723.43
0.0013988	2653.37
0.00140551	2583.88
0.00141221	2515.36
0.00141891	2446.2
0.00142562	2376.41
0.00143232	2304.12
0.00143903	2228.97
0.00144573	2150.49
0.00145244	2068.35
0.00145914	1983.63
0.00146585	1896.28
0.00147255	1807.83
0.00147926	1718.48
0.00148596	1629.32
0.00149267	1540.55
0.00149937	1452.98
0.00150608	1366.7
0.00151278	1282.66
0.00151948	1201.02
0.00152619	1122.64
0.00153289	1047.81
0.0015396	976.663
0.0015463	909.455
0.00155301	845.499
0.00155971	784.753
0.00156642	726.45
0.00157312	670.292
0.00157983	616.226
0.00158653	564.015
0.00159324	514.331
0.00159994	467.249
0.00160664	423.485
0.00161335	383.346
0.00162005	346.975
0.00162676	314.63
0.00163346	285.808
0.00164017	260.525
0.00164687	237.968
0.00165358	217.917
0.00166028	199.623
0.00166699	182.755
0.00167369	166.833
0.0016804	151.55
0.0016871	136.748
0.00169381	122.228
0.00170051	108.1
0.00170721	94.3126
0.00171392	81.1143
0.00172062	68.5859
0.00172733	56.9597
0.00173403	46.3848
0.00174074	36.9643
0.00174744	28.8292
0.00175415	21.9228
0.00176085	16.2913
0.00176756	11.7656
0.00177426	8.2896
0.00178097	5.66508
0.00178767	3.76522
0.00179437	2.4296
0.00180108	1.51479
0.00180778	0.922702
0.00181449	0.536029
0.00182119	0.308887
0.0018279	0.15008
0.0018346	0.0908403
