0.000500379	1.03777e-139
0.00050876	6.54308e-135
0.000517141	2.6172e-134
0.000525522	1.27882e-129
0.000533903	5.16751e-129
0.000542284	1.95649e-124
0.000550665	7.98792e-124
0.000559045	2.34305e-119
0.000567426	9.66702e-119
0.000575807	2.19646e-114
0.000584188	9.15923e-114
0.000592569	1.61176e-109
0.00060095	6.7941e-109
0.00060933	9.25784e-105
0.000617711	3.94558e-104
0.000626092	4.16248e-100
0.000634473	1.7939e-99
0.000642854	1.46496e-95
0.000651235	6.38542e-95
0.000659615	4.03578e-91
0.000667996	1.77946e-90
0.000676377	8.70279e-87
0.000684758	3.88232e-86
0.000693139	1.46899e-82
0.00070152	6.63133e-82
0.0007099	1.94091e-78
0.000718281	8.8678e-78
0.000726662	2.00735e-74
0.000735043	9.28402e-74
0.000743424	1.62506e-70
0.000751805	7.6096e-70
0.000760186	1.0298e-66
0.000768566	4.88307e-66
0.000776947	5.10823e-63
0.000785328	2.45319e-62
0.000793709	1.98352e-59
0.00080209	9.6488e-59
0.000810471	6.02916e-56
0.000818851	2.97114e-55
0.000827232	1.43466e-52
0.000835613	7.16276e-52
0.000843994	2.67256e-49
0.000852375	1.35191e-48
0.000860756	3.89785e-46
0.000869136	1.99767e-45
0.000877517	4.45117e-43
0.000885898	2.31107e-42
0.000894279	3.98037e-40
0.00090266	2.09324e-39
0.000911041	2.78766e-37
0.000919421	1.48439e-36
0.000927802	1.52934e-34
0.000936183	8.24144e-34
0.000944564	6.57407e-32
0.000952945	3.58258e-31
0.000961326	2.215e-29
0.000969707	1.21938e-28
0.000978087	5.85217e-27
0.000986468	3.24973e-26
0.000994849	1.21314e-24
0.00100323	6.7818e-24
0.00101161	1.97457e-22
0.00101999	1.10831e-21
0.00102837	2.52582e-20
0.00103675	1.41853e-19
0.00104513	2.54215e-18
0.00105351	1.42209e-17
0.0010619	2.01594e-16
0.00107028	1.11689e-15
0.00107866	1.26171e-14
0.00108704	6.87353e-14
0.00109542	6.24425e-13
0.0011038	3.31571e-12
0.00111218	2.4489e-11
0.00112056	1.25425e-10
0.00112894	7.62788e-10
0.00113732	3.7226e-09
0.0011457	1.89123e-08
0.00115409	8.67562e-08
0.00116247	3.73996e-07
0.00117085	1.58927e-06
0.00117923	5.90875e-06
0.00118761	2.29164e-05
0.00119599	7.4673e-05
0.00120437	0.000260601
0.00121275	0.0007555
0.00122113	0.00234317
0.00122951	0.00612348
0.00123789	0.0167168
0.00124627	0.0397975
0.00125466	0.0950798
0.00126304	0.207778
0.00127142	0.433952
0.0012798	0.888344
0.00128818	1.63997
0.00129656	3.03991
0.00130494	5.092
0.00131332	8.39725
0.0013217	12.9525
0.00133008	19.4268
0.00133846	27.8154
0.00134684	38.7129
0.00135523	52.1154
0.00136361	68.5899
0.00137199	88.1321
0.00138037	111.356
0.00138875	138.264
0.00139713	169.288
0.00140551	204.434
0.00141389	243.805
0.00142227	287.37
0.00143065	335.79
0.00143903	388.951
0.00144741	449.502
0.0014558	517.34
0.00146418	596.694
0.00147256	687.66
0.00148094	793.335
0.00148932	914.032
0.0014977	1049.49
0.00150608	1200.12
0.00151446	1361.5
0.00152284	1534.08
0.00153122	1708.6
0.0015396	1885.22
0.00154798	2052.06
0.00155637	2208.3
0.00156475	2346.84
0.00157313	2466.1
0.00158151	2569.46
0.00158989	2656.04
0.00159827	2735.67
0.00160665	2809.14
0.00161503	2882.55
0.00162341	2957.58
0.00163179	3031.29
0.00164017	3104.56
0.00164855	3169.06
0.00165694	3224.28
0.00166532	3262.75
0.0016737	3283.03
0.00168208	3286.04
0.00169046	3265.74
0.00169884	3224.57
0.00170722	3163.15
0.0017156	3083.53
0.00172398	2985.55
0.00173236	2873.72
0.00174074	2748.05
0.00174912	2615.21
0.00175751	2475.74
0.00176589	2337.34
0.00177427	2201.6
0.00178265	2073.55
0.00179103	1955.42
0.00179941	1846.02
0.00180779	1746.6
0.00181617	1651.23
0.00182455	1558.98
0.00183293	1464.92
0.00184131	1366.87
0.00184969	1265.03
0.00185808	1158.01
0.00186646	1050.31
0.00187484	942.33
0.00188322	839.291
0.0018916	742.942
0.00189998	656.143
0.00190836	580.892
0.00191674	516.124
0.00192512	462.763
0.0019335	416.828
0.00194188	377.306
0.00195026	340.936
0.00195865	305.697
0.00196703	271.631
0.00197541	237.73
0.00198379	206.025
0.00199217	177.18
0.00200055	152.285
0.00200893	132.446
0.00201731	116.749
0.00202569	105.408
0.00203407	96.6183
0.00204245	89.5596
0.00205083	83.044
0.00205922	76.0098
0.0020676	68.4391
0.00207598	59.8183
0.00208436	50.8158
0.00209274	41.6184
0.00210112	32.8224
0.0021095	24.9189
0.00211788	18.0631
0.00212626	12.6004
0.00213464	8.3328
0.00214302	5.28597
0.0021514	3.17475
0.00215979	1.70825
0.00216817	0.986088
