0.000100103	4.00486e-19
0.000103622	3.71679e-18
0.000107142	1.36657e-17
0.000110662	1.13764e-16
0.000114182	4.0401e-16
0.000117702	2.94759e-15
0.000121222	1.03485e-14
0.000124742	6.63816e-14
0.000128261	2.29667e-13
0.000131781	1.29995e-12
0.000135301	4.41645e-12
0.000138821	2.21459e-11
0.000142341	7.35903e-11
0.000145861	3.28352e-10
0.000149381	1.06259e-09
0.0001529	4.23891e-09
0.00015642	1.32964e-08
0.00015994	4.7666e-08
0.00016346	1.44198e-07
0.00016698	4.67045e-07
0.0001705	1.35546e-06
0.00017402	3.9887e-06
0.000177539	1.10449e-05
0.000181059	2.96971e-05
0.000184579	7.80273e-05
0.000188099	0.000192776
0.000191619	0.00047798
0.000195139	0.00109106
0.000198659	0.00253945
0.000202178	0.00538334
0.000205698	0.0117042
0.000209218	0.0231509
0.000212738	0.0468121
0.000216258	0.0879184
0.000219778	0.163368
0.000223298	0.292315
0.000226817	0.498302
0.000230337	0.830709
0.000233857	1.31792
0.000237377	2.0436
0.000240897	3.02762
0.000244417	4.36835
0.000247937	6.05946
0.000251456	8.15758
0.000254976	10.6297
0.000258496	13.4334
0.000262016	16.5437
0.000265536	19.8465
0.000269056	23.3788
0.000272576	27.1191
0.000276095	31.1872
0.000279615	35.8648
0.000283135	41.2988
0.000286655	48.1129
0.000290175	56.3767
0.000293695	66.7781
0.000297214	79.2464
0.000300734	94.0781
0.000304254	111.107
0.000307774	129.971
0.000311294	150.538
0.000314814	172.004
0.000318334	194.385
0.000321853	217.074
0.000325373	240.253
0.000328893	264.167
0.000332413	289.061
0.000335933	316.222
0.000339453	345.82
0.000342973	379.718
0.000346492	417.93
0.000350012	462.072
0.000353532	512.034
0.000357052	568.54
0.000360572	631.444
0.000364092	700.452
0.000367612	775.453
0.000371131	855.429
0.000374651	940.336
0.000378171	1028.92
0.000381691	1121.23
0.000385211	1216.4
0.000388731	1314.57
0.000392251	1416.06
0.00039577	1521.03
0.00039929	1631.49
0.00040281	1747.56
0.00040633	1872.53
0.00040985	2006.39
0.00041337	2152.11
0.00041689	2309.54
0.000420409	2479.22
0.000423929	2660.97
0.000427449	2851.73
0.000430969	3051.42
0.000434489	3254.22
0.000438009	3460.15
0.000441529	3663.03
0.000445048	3862.91
0.000448568	4055.59
0.000452088	4241.1
0.000455608	4417.97
0.000459128	4586.21
0.000462648	4745.87
0.000466168	4896.96
0.000469687	5038.84
0.000473207	5171.58
0.000476727	5292.44
0.000480247	5401.5
0.000483767	5494.31
0.000487287	5570.88
0.000490807	5627.25
0.000494326	5663.86
0.000497846	5668.97
0.000501366	5654.48
0.000504886	5621.95
0.000508406	5557.03
0.000511926	5471.29
0.000515446	5365.2
0.000518965	5246.61
0.000522485	5115.35
0.000526005	4982.95
0.000529525	4849.79
0.000533045	4725.12
0.000536565	4609.89
0.000540085	4506.6
0.000543604	4416.24
0.000547124	4334.1
0.000550644	4260.54
0.000554164	4187.66
0.000557684	4114.95
0.000561204	4036.65
0.000564724	3951.87
0.000568243	3859.39
0.000571763	3758.65
0.000575283	3651.36
0.000578803	3537.55
0.000582323	3418.84
0.000585843	3295.5
0.000589362	3167.99
0.000592882	3036.39
0.000596402	2901.14
0.000599922	2762.12
0.000603442	2620.8
0.000606962	2477.23
0.000610482	2333.2
0.000614001	2189.05
0.000617521	2045.66
0.000621041	1903.34
0.000624561	1762.12
0.000628081	1621.96
0.000631601	1483.46
0.000635121	1346.37
0.00063864	1212.83
0.00064216	1082.88
0.00064568	959.594
0.0006492	843.543
0.00065272	737.163
0.00065624	641.344
0.00065976	556.69
0.000663279	483.923
0.000666799	421.68
0.000670319	370.134
0.000673839	326.743
0.000677359	291.053
0.000680879	260.512
0.000684399	234.273
0.000687918	210.697
0.000691438	188.95
0.000694958	168.533
0.000698478	148.962
0.000701998	130.447
0.000705518	112.906
0.000709038	96.6552
0.000712557	81.8192
0.000716077	68.5021
0.000719597	56.8113
0.000723117	46.6772
0.000726637	38.1118
0.000730157	31.0161
0.000733677	25.3574
0.000737196	21.0422
0.000740716	17.8467
0.000744236	16.2987
0.000747756	15.85
0.000751276	15.7194
0.000754796	16.5959
0.000758316	18.0202
0.000761835	19.5346
0.000765355	20.9116
0.000768875	21.8983
0.000772395	22.3189
0.000775915	21.9961
0.000779435	21.0759
0.000782955	19.453
0.000786474	17.3699
0.000789994	14.9665
0.000793514	12.4439
0.000797034	10.0648
0.000800554	7.73918
