0.000500379	2.26297e-13
0.000506246	9.2596e-13
0.000512113	3.02495e-12
0.000517979	1.19834e-11
0.000523846	3.62413e-11
0.000529712	1.31864e-10
0.000535579	3.89176e-10
0.000541445	1.30476e-09
0.000547312	3.74599e-09
0.000553178	1.1611e-08
0.000559045	3.2321e-08
0.000564911	9.29407e-08
0.000570778	2.49992e-07
0.000576644	6.69262e-07
0.000582511	1.73348e-06
0.000588378	4.33585e-06
0.000594244	1.0777e-05
0.000600111	2.5273e-05
0.000605977	6.00757e-05
0.000611844	0.000132538
0.00061771	0.000300306
0.000623577	0.000625317
0.000629443	0.0013463
0.00063531	0.00265392
0.000641176	0.00541361
0.000647043	0.0101305
0.000652909	0.0195281
0.000658776	0.0353937
0.000664643	0.0635575
0.000670509	0.110317
0.000676376	0.18589
0.000682242	0.306338
0.000688109	0.48747
0.000693975	0.761087
0.000699842	1.14623
0.000705708	1.6934
0.000711575	2.41703
0.000717441	3.37715
0.000723308	4.57187
0.000729174	6.04236
0.000735041	7.76197
0.000740908	9.7113
0.000746774	11.8441
0.000752641	14.0521
0.000758507	16.2926
0.000764374	18.3914
0.00077024	20.3414
0.000776107	21.9934
0.000781973	23.3966
0.00078784	24.5541
0.000793706	25.5623
0.000799573	26.6664
0.000805439	27.9721
0.000811306	29.9454
0.000817173	32.6551
0.000823039	36.6422
0.000828906	41.9085
0.000834772	48.8586
0.000840639	57.4312
0.000846505	67.7199
0.000852372	79.6349
0.000858238	92.9175
0.000864105	107.499
0.000869971	122.902
0.000875838	139.124
0.000881704	155.749
0.000887571	172.859
0.000893438	190.444
0.000899304	208.65
0.000905171	228.134
0.000911037	249.061
0.000916904	272.792
0.00092277	299.442
0.000928637	330.793
0.000934503	366.862
0.00094037	409.273
0.000946236	457.929
0.000952103	513.623
0.000957969	576.195
0.000963836	645.165
0.000969703	720.385
0.000975569	800.201
0.000981436	884.541
0.000987302	971.215
0.000993169	1060.24
0.000999035	1149.75
0.0010049	1239.79
0.00101077	1329.34
0.00101663	1418.43
0.0010225	1506.73
0.00102837	1594.23
0.00103423	1680.68
0.0010401	1766.06
0.00104597	1849.61
0.00105183	1931.31
0.0010577	2009.92
0.00106357	2085.44
0.00106943	2156.74
0.0010753	2223.83
0.00108117	2286.59
0.00108703	2345.03
0.0010929	2400.59
0.00109877	2453.25
0.00110463	2505.89
0.0011105	2558.5
0.00111637	2614.44
0.00112223	2673.72
0.0011281	2738.77
0.00113397	2809.68
0.00113983	2886.49
0.0011457	2969.36
0.00115157	3055.15
0.00115743	3144.03
0.0011633	3229.98
0.00116916	3313.09
0.00117503	3386.02
0.0011809	3448.68
0.00118676	3495.27
0.00119263	3526.13
0.0011985	3531.15
0.00120436	3519.7
0.00121023	3493.96
0.0012161	3443.62
0.00122196	3378.2
0.00122783	3298.51
0.0012337	3209.23
0.00123956	3110.63
0.00124543	3006.96
0.0012513	2898.65
0.00125716	2787.6
0.00126303	2674.14
0.0012689	2558.39
0.00127476	2440.43
0.00128063	2320.24
0.0012865	2197.67
0.00129236	2073.97
0.00129823	1948.99
0.0013041	1825.37
0.00130996	1703.21
0.00131583	1585.44
0.00132169	1472.42
0.00132756	1366.06
0.00133343	1266.8
0.00133929	1174.98
0.00134516	1090.89
0.00135103	1013.88
0.00135689	943.942
0.00136276	880.356
0.00136863	822.988
0.00137449	771.415
0.00138036	725.574
0.00138623	685.039
0.00139209	649.861
0.00139796	619.067
0.00140383	592.683
0.00140969	569.041
0.00141556	547.959
0.00142143	527.531
0.00142729	507.317
0.00143316	485.919
0.00143903	462.787
0.00144489	437.557
0.00145076	409.815
0.00145663	380.235
0.00146249	348.727
0.00146836	316.544
0.00147422	283.935
0.00148009	252.128
0.00148596	221.568
0.00149182	193.015
0.00149769	166.9
0.00150356	143.393
0.00150942	122.749
0.00151529	104.687
0.00152116	89.2404
0.00152702	75.9394
0.00153289	64.642
0.00153876	54.9218
0.00154462	46.5665
0.00155049	39.3048
0.00155636	32.9498
0.00156222	27.3791
0.00156809	22.4781
0.00157396	18.2029
0.00157982	14.5038
0.00158569	11.3468
0.00159156	8.71061
0.00159742	6.54039
0.00160329	4.81086
0.00160916	3.45202
0.00161502	2.42262
0.00162089	1.65728
0.00162675	1.10564
0.00163262	0.720562
0.00163849	0.455331
0.00164435	0.282917
0.00165022	0.168652
0.00165609	0.100129
0.00166195	0.0516094
0.00166782	0.0319074
