0.000500379	7.84859e-10
0.000506246	2.44447e-09
0.000512113	7.42329e-09
0.000517979	2.28984e-08
0.000523846	6.28791e-08
0.000529712	1.79647e-07
0.000535579	4.77074e-07
0.000541445	1.267e-06
0.000547312	3.24282e-06
0.000553178	8.035e-06
0.000559045	1.97525e-05
0.000564911	4.58294e-05
0.000570778	0.000107848
0.000576644	0.000235154
0.000582511	0.000528009
0.000588378	0.00108569
0.000594244	0.00231897
0.000600111	0.00451136
0.000605977	0.00914086
0.000611844	0.0168757
0.00061771	0.0323575
0.000623577	0.0580279
0.000629443	0.103461
0.00063531	0.17753
0.000641176	0.297645
0.000647043	0.486083
0.000652909	0.770326
0.000658776	1.19508
0.000664643	1.79499
0.000670509	2.64298
0.000676376	3.76938
0.000682242	5.26636
0.000688109	7.14085
0.000693975	9.46953
0.000699842	12.2177
0.000705708	15.3882
0.000711575	18.9015
0.000717441	22.6302
0.000723308	26.4722
0.000729174	30.1592
0.000735041	33.6093
0.000740908	36.4813
0.000746774	38.7573
0.000752641	40.1695
0.000758507	40.7711
0.000764374	40.5
0.00077024	39.5429
0.000776107	38.1377
0.000781973	36.4741
0.00078784	35.2545
0.000793706	34.4857
0.000799573	34.9582
0.000805439	37.2498
0.000811306	41.6244
0.000817173	48.8916
0.000823039	59.3198
0.000828906	72.9202
0.000834772	90.0036
0.000840639	110.369
0.000846505	133.575
0.000852372	159.395
0.000858238	186.679
0.000864105	215.291
0.000869971	243.806
0.000875838	272.259
0.000881704	299.664
0.000887571	326.199
0.000893438	351.884
0.000899304	376.914
0.000905171	402.285
0.000911037	428.079
0.000916904	455.577
0.00092277	484.706
0.000928637	516.136
0.000934503	549.723
0.00094037	585.103
0.000946236	622.184
0.000952103	659.972
0.000957969	698.505
0.000963836	737.121
0.000969703	775.953
0.000975569	815.489
0.000981436	855.861
0.000987302	898.765
0.000993169	944.252
0.000999035	994.471
0.0010049	1049.38
0.00101077	1110.5
0.00101663	1177.74
0.0010225	1251.28
0.00102837	1331.02
0.00103423	1415.73
0.0010401	1505.39
0.00104597	1597.99
0.00105183	1693.54
0.0010577	1790.21
0.00106357	1888.04
0.00106943	1986.32
0.0010753	2085.06
0.00108117	2185.12
0.00108703	2286.48
0.0010929	2391.1
0.00109877	2498.95
0.00110463	2611.47
0.0011105	2728.7
0.00111637	2849.46
0.00112223	2973.86
0.0011281	3096.92
0.00113397	3218.76
0.00113983	3331.64
0.0011457	3435.56
0.00115157	3523.15
0.00115743	3594.21
0.0011633	3645.88
0.00116916	3678.57
0.00117503	3683.72
0.0011809	3675.94
0.00118676	3658.02
0.00119263	3620.56
0.0011985	3574.3
0.00120436	3520.12
0.00121023	3460.62
0.0012161	3396.17
0.00122196	3327
0.00122783	3253.4
0.0012337	3173.44
0.00123956	3087.13
0.00124543	2992.29
0.0012513	2888.67
0.00125716	2775.66
0.00126303	2652.9
0.0012689	2522.4
0.00127476	2383.89
0.00128063	2241.72
0.0012865	2095.92
0.00129236	1951.68
0.00129823	1809.42
0.0013041	1673.33
0.00130996	1544.07
0.00131583	1423.68
0.00132169	1312.74
0.00132756	1211.15
0.00133343	1119.23
0.00133929	1035.57
0.00134516	960.159
0.00135103	891.358
0.00135689	828.95
0.00136276	771.656
0.00136863	719.234
0.00137449	670.841
0.00138036	626.299
0.00138623	584.992
0.00139209	546.804
0.00139796	511.178
0.00140383	478.005
0.00140969	446.799
0.00141556	417.437
0.00142143	389.591
0.00142729	363.151
0.00143316	337.956
0.00143903	313.943
0.00144489	291.014
0.00145076	269.15
0.00145663	248.203
0.00146249	228.15
0.00146836	208.796
0.00147422	190.076
0.00148009	171.873
0.00148596	154.098
0.00149182	136.827
0.00149769	120.012
0.00150356	103.911
0.00150942	88.5692
0.00151529	74.2829
0.00152116	61.1784
0.00152702	49.424
0.00153289	39.1548
0.00153876	30.3378
0.00154462	23.0402
0.00155049	17.0694
0.00155636	12.3938
0.00156222	8.76252
0.00156809	6.06837
0.00157396	4.09059
0.00157982	2.69551
0.00158569	1.73243
0.00159156	1.08325
0.00159742	0.664479
0.00160329	0.392901
0.00160916	0.230506
0.00161502	0.128106
0.00162089	0.0722785
0.00162675	0.0374345
0.00163262	0.0204902
0.00163849	0.0100838
0.00164435	0.00523523
0.00165022	0.00245397
0.00165609	0.00120448
0.00166195	0.000488134
0.00166782	0.000249353
