0.000100103	1.49655e-08
0.00010312	3.84958e-08
0.000106137	1.09087e-07
0.000109154	2.85666e-07
0.000112171	7.22278e-07
0.000115188	1.77884e-06
0.000118205	4.34466e-06
0.000121222	1.00926e-05
0.000124239	2.37479e-05
0.000127256	5.21842e-05
0.000130273	0.000117986
0.00013329	0.000245946
0.000136307	0.000532998
0.000139324	0.00105685
0.000142341	0.00219027
0.000145358	0.00414186
0.000148375	0.00819195
0.000151392	0.0148195
0.000154408	0.0279099
0.000157425	0.0493411
0.000160442	0.0870732
0.000163459	0.147986
0.000166476	0.247879
0.000169493	0.404161
0.00017251	0.644759
0.000175527	1.0074
0.000178544	1.53494
0.000181561	2.29764
0.000184578	3.3518
0.000187595	4.8096
0.000190612	6.73269
0.000193629	9.2733
0.000196646	12.4848
0.000199663	16.5394
0.00020268	21.4691
0.000205697	27.4292
0.000208714	34.4276
0.000211731	42.5666
0.000214748	51.8444
0.000217765	62.3035
0.000220782	73.9671
0.000223799	86.8723
0.000226816	101.113
0.000229833	116.855
0.00023285	134.298
0.000235867	153.929
0.000238884	176.053
0.000241901	201.649
0.000244918	231.061
0.000247935	265.772
0.000250952	306.04
0.000253969	353.575
0.000256986	408.418
0.000260003	471.929
0.00026302	543.885
0.000266037	624.643
0.000269054	713.797
0.000272071	810.348
0.000275088	913.883
0.000278105	1022.28
0.000281122	1135.28
0.000284139	1250.41
0.000287156	1367.63
0.000290173	1484.99
0.00029319	1602.63
0.000296207	1719.67
0.000299224	1836.33
0.000302241	1952.87
0.000305258	2069.49
0.000308275	2187.28
0.000311292	2306.38
0.000314309	2428.28
0.000317326	2553.03
0.000320343	2682.08
0.00032336	2815.39
0.000326377	2953.87
0.000329394	3097.39
0.000332411	3245.87
0.000335428	3399.14
0.000338445	3555.88
0.000341462	3715.96
0.000344479	3877.01
0.000347496	4038.95
0.000350513	4198.9
0.00035353	4356.83
0.000356547	4509.81
0.000359564	4657.85
0.000362581	4798.29
0.000365598	4931.15
0.000368615	5054.11
0.000371632	5167.2
0.000374649	5268.59
0.000377666	5358.32
0.000380683	5435.25
0.0003837	5499.41
0.000386717	5550.57
0.000389734	5588.77
0.000392751	5615.06
0.000395768	5629.39
0.000398785	5630.35
0.000401802	5623
0.000404819	5607.69
0.000407836	5582.26
0.000410853	5550.31
0.00041387	5511.84
0.000416887	5468.4
0.000419904	5420
0.000422921	5367.41
0.000425938	5310.69
0.000428955	5249.29
0.000431972	5183.3
0.000434989	5110.83
0.000438006	5031.94
0.000441023	4943.98
0.00044404	4846.93
0.000447057	4738.56
0.000450074	4618.72
0.000453091	4487.16
0.000456108	4343.61
0.000459125	4190.93
0.000462142	4028.85
0.000465159	3863.22
0.000468176	3693.98
0.000471193	3528.36
0.00047421	3366.62
0.000477227	3214.81
0.000480244	3073.48
0.000483261	2945.24
0.000486278	2830.76
0.000489295	2728.43
0.000492312	2638.7
0.000495329	2556.83
0.000498346	2482.84
0.000501363	2411.03
0.00050438	2340.97
0.000507397	2268.2
0.000510414	2192.06
0.000513431	2110.51
0.000516448	2022.96
0.000519465	1929.82
0.000522482	1830.77
0.000525499	1727.86
0.000528516	1621.09
0.000531533	1513.1
0.00053455	1404.14
0.000537567	1296.68
0.000540584	1191.09
0.000543601	1089.26
0.000546618	991.586
0.000549635	899.187
0.000552652	812.412
0.000555669	731.596
0.000558686	656.976
0.000561703	588.198
0.00056472	525.336
0.000567737	467.657
0.000570754	415.063
0.000573771	366.843
0.000576788	322.803
0.000579805	282.54
0.000582822	245.883
0.000585839	212.736
0.000588856	183.034
0.000591873	156.739
0.00059489	133.882
0.000597907	114.218
0.000600924	97.7728
0.000603941	84.0182
0.000606958	72.8769
0.000609975	63.6787
0.000612992	56.2228
0.000616009	49.9279
0.000619026	44.5349
0.000622043	39.7078
0.00062506	35.2271
0.000628077	31.0091
0.000631094	26.9372
0.000634111	23.075
0.000637128	19.4082
0.000640145	16.0231
0.000643162	12.9601
0.000646179	10.2538
0.000649196	7.94473
0.000652213	6.00582
0.00065523	4.4473
0.000658247	3.20813
0.000661264	2.2666
0.000664281	1.56001
0.000667298	1.04991
0.000670315	0.689932
0.000673332	0.44148
0.000676349	0.277408
0.000679366	0.168361
0.000682383	0.101392
0.0006854	0.0581771
0.000688417	0.0336874
0.000691434	0.0181015
0.000694451	0.0101792
0.000697468	0.00464086
0.000700485	0.00279474
