0.000166815	1.72765e-49
0.00017352	1.57816e-47
0.000180225	6.2608e-47
0.000186929	4.87717e-45
0.000193634	1.94513e-44
0.000200339	1.28902e-42
0.000207043	5.18107e-42
0.000213748	2.92184e-40
0.000220453	1.18318e-39
0.000227157	5.68075e-38
0.000233862	2.3166e-37
0.000240566	9.47464e-36
0.000247271	3.88893e-35
0.000253976	1.35579e-33
0.00026068	5.59751e-33
0.000267385	1.66482e-31
0.00027409	6.90807e-31
0.000280794	1.75459e-29
0.000287499	7.31016e-29
0.000294204	1.58751e-27
0.000300908	6.63311e-27
0.000307613	1.23341e-25
0.000314317	5.1611e-25
0.000321022	8.23148e-24
0.000327727	3.44362e-23
0.000334431	4.72045e-22
0.000341136	1.97041e-21
0.000347841	2.32697e-20
0.000354545	9.66902e-20
0.00036125	9.86494e-19
0.000367955	4.0693e-18
0.000374659	3.59833e-17
0.000381364	1.4689e-16
0.000388068	1.12991e-15
0.000394773	4.54816e-15
0.000401478	3.05604e-14
0.000408182	1.20805e-13
0.000414887	7.12376e-13
0.000421592	2.75287e-12
0.000428296	1.43202e-11
0.000435001	5.38262e-11
0.000441706	2.48391e-10
0.00044841	9.03174e-10
0.000455115	3.71972e-09
0.000461819	1.30076e-08
0.000468524	4.81162e-08
0.000475229	1.6083e-07
0.000481933	5.37851e-07
0.000488638	1.70763e-06
0.000495343	5.19715e-06
0.000502047	1.55744e-05
0.000508752	4.34207e-05
0.000515457	0.000122064
0.000522161	0.000313692
0.000528866	0.000822486
0.000535571	0.0019597
0.000542275	0.00476737
0.00054898	0.010586
0.000555684	0.0237874
0.000562389	0.0494413
0.000569094	0.102264
0.000575798	0.199907
0.000582503	0.379603
0.000589208	0.714984
0.000595912	1.24194
0.000602617	2.15345
0.000609322	3.49154
0.000616026	5.58923
0.000622731	8.47605
0.000629435	12.5689
0.00063614	17.8598
0.000642845	24.6609
0.000649549	32.9253
0.000656254	42.6458
0.000662959	53.7759
0.000669663	65.9955
0.000676368	79.3096
0.000683073	93.4426
0.000689777	108.457
0.000696482	124.57
0.000703186	141.848
0.000709891	161.071
0.000716596	182.263
0.0007233	206.379
0.000730005	233.417
0.00073671	264.195
0.000743414	298.725
0.000750119	337.903
0.000756824	381.752
0.000763528	431.56
0.000770233	487.31
0.000776937	550.163
0.000783642	620.042
0.000790347	696.573
0.000797051	779.677
0.000803756	866.55
0.000810461	957.176
0.000817165	1047.37
0.00082387	1137.17
0.000830575	1223.49
0.000837279	1306.35
0.000843984	1385.47
0.000850689	1460.84
0.000857393	1534.48
0.000864098	1606.38
0.000870802	1679.13
0.000877507	1752.75
0.000884212	1829.13
0.000890916	1908.31
0.000897621	1991.12
0.000904326	2077.65
0.00091103	2167.32
0.000917735	2260.25
0.00092444	2354.05
0.000931144	2448.82
0.000937849	2540.65
0.000944553	2629.54
0.000951258	2711.54
0.000957963	2786.48
0.000964667	2852.06
0.000971372	2908.04
0.000978077	2954.37
0.000984781	2990.89
0.000991486	3019.1
0.000998191	3039.26
0.0010049	3050.75
0.0010116	3056.39
0.0010183	3056.8
0.00102501	3049.77
0.00103171	3036.61
0.00103842	3017.47
0.00104512	2993.17
0.00105183	2963.62
0.00105853	2930.69
0.00106524	2894.57
0.00107194	2856.45
0.00107865	2816.78
0.00108535	2774.39
0.00109206	2729.62
0.00109876	2679.14
0.00110546	2622.76
0.00111217	2557.25
0.00111887	2481.94
0.00112558	2396.03
0.00113228	2298.82
0.00113899	2192.53
0.00114569	2076.93
0.0011524	1956
0.0011591	1830.1
0.00116581	1703.25
0.00117251	1576.15
0.00117922	1451.81
0.00118592	1330.95
0.00119263	1215.43
0.00119933	1105.82
0.00120603	1003.01
0.00121274	907.435
0.00121944	819.095
0.00122615	738.254
0.00123285	664.108
0.00123956	596.68
0.00124626	534.688
0.00125297	477.875
0.00125967	425.097
0.00126638	375.922
0.00127308	329.863
0.00127979	286.552
0.00128649	246.223
0.00129319	208.775
0.0012999	174.746
0.0013066	144.316
0.00131331	117.745
0.00132001	95.2995
0.00132672	76.6309
0.00133342	61.8317
0.00134013	50.0772
0.00134683	41.1567
0.00135354	34.2043
0.00136024	28.8043
0.00136695	24.4172
0.00137365	20.647
0.00138035	17.3419
0.00138706	14.2868
0.00139376	11.5344
0.00140047	9.04817
0.00140717	6.88278
0.00141388	5.07378
0.00142058	3.59952
0.00142729	2.47477
0.00143399	1.63126
0.0014407	1.04005
0.0014474	0.637332
0.00145411	0.374442
0.00146081	0.214201
0.00146752	0.114088
0.00147422	0.0619479
0.00148092	0.0301088
0.00148763	0.0153921
0.00149433	0.00630845
0.00150104	0.00328056
