0.000500379	1.24945e-251
0.000510437	9.21935e-244
0.000520494	3.68774e-243
0.000530551	1.92975e-235
0.000540608	7.79797e-235
0.000550665	2.89344e-227
0.000560722	1.18136e-226
0.000570779	3.1077e-219
0.000580836	1.28223e-218
0.000590893	2.39095e-211
0.00060095	9.97074e-211
0.000611007	1.31768e-203
0.000621064	5.55481e-203
0.000631121	5.2018e-196
0.000641178	2.21713e-195
0.000651235	1.47096e-188
0.000661292	6.34003e-188
0.000671349	2.97952e-181
0.000681406	1.29889e-180
0.000691463	4.32306e-174
0.00070152	1.90647e-173
0.000711577	4.49295e-167
0.000721634	2.00478e-166
0.000731691	3.34477e-160
0.000741748	1.51037e-159
0.000751806	1.78358e-153
0.000761863	8.15228e-153
0.00077192	6.8125e-147
0.000781977	3.15248e-146
0.000792034	1.86384e-140
0.000802091	8.73383e-140
0.000812148	3.65252e-134
0.000822205	1.73355e-133
0.000832262	5.12696e-128
0.000842319	2.46516e-127
0.000852376	5.15473e-122
0.000862433	2.5115e-121
0.00087249	3.71218e-116
0.000882547	1.83316e-115
0.000892604	1.91481e-110
0.000902661	9.58621e-110
0.000912718	7.07451e-105
0.000922775	3.59149e-104
0.000932832	1.87213e-99
0.000942889	9.64011e-99
0.000952946	3.5485e-94
0.000963003	1.85384e-93
0.00097306	4.81749e-89
0.000983117	2.55415e-88
0.000993175	4.6845e-84
0.00100323	2.52119e-83
0.00101329	3.26266e-79
0.00102335	1.783e-78
0.0010334	1.6276e-74
0.00104346	9.03419e-74
0.00105352	5.8156e-70
0.00106357	3.27961e-69
0.00107363	1.48839e-65
0.00108369	8.53009e-65
0.00109374	2.72849e-61
0.0011038	1.58961e-60
0.00111386	3.5828e-57
0.00112392	2.12248e-56
0.00113397	3.37004e-53
0.00114403	2.03057e-52
0.00115409	2.27084e-49
0.00116414	1.39198e-48
0.0011742	1.09626e-45
0.00118426	6.83752e-45
0.00119432	3.792e-42
0.00120437	2.4068e-41
0.00121443	9.39996e-39
0.00122449	6.0713e-38
0.00123454	1.67029e-35
0.0012446	1.09764e-34
0.00125466	2.1282e-32
0.00126471	1.42239e-31
0.00127477	1.94536e-29
0.00128483	1.32134e-28
0.00129489	1.27657e-26
0.00130494	8.80083e-26
0.001315	6.01938e-24
0.00132506	4.20379e-23
0.00133511	2.04216e-21
0.00134517	1.44043e-20
0.00135523	4.9938e-19
0.00136529	3.542e-18
0.00137534	8.8231e-17
0.0013854	6.25355e-16
0.00139546	1.12988e-14
0.00140551	7.93274e-14
0.00141557	1.05298e-12
0.00142563	7.23655e-12
0.00143568	7.17637e-11
0.00144574	4.75317e-10
0.0014558	3.59674e-09
0.00146586	2.25162e-08
0.00147591	1.33338e-07
0.00148597	7.70973e-07
0.00149603	3.67603e-06
0.00150608	1.91397e-05
0.00151614	7.56938e-05
0.0015262	0.000345907
0.00153625	0.00116749
0.00154631	0.004576
0.00155637	0.0135118
0.00156643	0.0446308
0.00157648	0.117509
0.00158654	0.323893
0.0015966	0.76981
0.00160665	1.76907
0.00161671	3.85735
0.00162677	7.52595
0.00163683	14.6931
0.00164688	25.3045
0.00165694	42.0369
0.001667	65.0303
0.00167705	95.2054
0.00168711	132.835
0.00169717	175.697
0.00170722	223.872
0.00171728	274.123
0.00172734	326.061
0.0017374	379.95
0.00174745	435.251
0.00175751	497.179
0.00176757	565.981
0.00177762	645.515
0.00178768	737.044
0.00179774	834.97
0.00180779	939.622
0.00181785	1042.1
0.00182791	1140.41
0.00183797	1238.12
0.00184802	1333.94
0.00185808	1440.23
0.00186814	1559.18
0.00187819	1691.62
0.00188825	1839.86
0.00189831	1991.9
0.00190837	2146.72
0.00191842	2295.82
0.00192848	2437.59
0.00193854	2568.54
0.00194859	2688.33
0.00195865	2792.23
0.00196871	2878.39
0.00197876	2949.46
0.00198882	3003.94
0.00199888	3052.56
0.00200894	3098.46
0.00201899	3141.43
0.00202905	3186.84
0.00203911	3210.23
0.00204916	3217.5
0.00205922	3217.67
0.00206928	3179.29
0.00207933	3110.36
0.00208939	3018.58
0.00209945	2899.38
0.00210951	2752.49
0.00211956	2577.46
0.00212962	2371.55
0.00213968	2145.35
0.00214973	1898.08
0.00215979	1649.97
0.00216985	1406.65
0.00217991	1182.12
0.00218996	984.326
0.00220002	812.776
0.00221008	670.561
0.00222013	551.325
0.00223019	453.454
0.00224025	373.128
0.0022503	308.629
0.00226036	257.25
0.00227042	218.125
0.00228048	187.319
0.00229053	163.137
0.00230059	142.502
0.00231065	123.197
0.0023207	104.797
0.00233076	86.1219
0.00234082	68.3347
0.00235088	51.6462
0.00236093	36.9732
0.00237099	25.0828
0.00238105	15.7857
0.0023911	9.40292
0.00240116	5.12492
0.00241122	2.54456
0.00242127	1.24309
0.00243133	0.524501
0.00244139	0.221194
0.00245145	0.0828707
0.0024615	0.0285317
0.00247156	0.00971123
0.00248162	0.0026539
0.00249167	0.000796596
0.00250173	0.000177495
