0.000100103	0.00987952
0.00010312	0.0157831
0.000106137	0.031135
0.000109154	0.0526789
0.000112171	0.0899234
0.000115188	0.146716
0.000118205	0.237986
0.000121222	0.373452
0.000124239	0.577122
0.000127256	0.869317
0.000130273	1.28243
0.00013329	1.85174
0.000136307	2.61163
0.000139324	3.61188
0.000142341	4.87584
0.000145358	6.45675
0.000148375	8.35106
0.000151392	10.5914
0.000154408	13.1382
0.000157425	15.9735
0.000160442	19.0298
0.000163459	22.2214
0.000166476	25.4822
0.000169493	28.6765
0.00017251	31.7788
0.000175527	34.6647
0.000178544	37.3784
0.000181561	39.8904
0.000184578	42.3157
0.000187595	44.7846
0.000190612	47.4546
0.000193629	50.6249
0.000196646	54.4561
0.000199663	59.3661
0.00020268	65.4922
0.000205697	73.2963
0.000208714	82.8884
0.000211731	94.7212
0.000214748	108.885
0.000217765	125.807
0.000220782	145.557
0.000223799	168.532
0.000226816	194.76
0.000229833	224.565
0.00023285	257.915
0.000235867	294.964
0.000238884	335.615
0.000241901	379.756
0.000244918	427.248
0.000247935	477.684
0.000250952	530.926
0.000253969	586.345
0.000256986	643.839
0.000260003	702.702
0.00026302	762.883
0.000266037	823.739
0.000269054	885.268
0.000272071	946.996
0.000275088	1008.97
0.000278105	1070.98
0.000281122	1133.12
0.000284139	1195.58
0.000287156	1258.49
0.000290173	1322.51
0.00029319	1387.79
0.000296207	1455.44
0.000299224	1525.54
0.000302241	1599.42
0.000305258	1677.11
0.000308275	1759.82
0.000311292	1847.54
0.000314309	1941.11
0.000317326	2040.5
0.000320343	2146.17
0.00032336	2258.06
0.000326377	2376.33
0.000329394	2500.94
0.000332411	2631.8
0.000335428	2768.88
0.000338445	2911.87
0.000341462	3060.73
0.000344479	3214.85
0.000347496	3374.18
0.000350513	3537.64
0.00035353	3705.14
0.000356547	3874.88
0.000359564	4046.77
0.000362581	4217.96
0.000365598	4388.38
0.000368615	4554.07
0.000371632	4714.98
0.000374649	4866.37
0.000377666	5008.25
0.000380683	5136.02
0.0003837	5249.74
0.000386717	5346.16
0.000389734	5425.34
0.000392751	5486.96
0.000395768	5530.96
0.000398785	5553.61
0.000401802	5564.01
0.000404819	5562.77
0.000407836	5545.71
0.000410853	5519.83
0.00041387	5485.13
0.000416887	5445.07
0.000419904	5399.67
0.000422921	5351.55
0.000425938	5300.76
0.000428955	5248.61
0.000431972	5195.15
0.000434989	5140.48
0.000438006	5084.65
0.000441023	5026.91
0.00044404	4967.27
0.000447057	4904.65
0.000450074	4839.04
0.000453091	4769.44
0.000456108	4695.84
0.000459125	4617.59
0.000462142	4534.66
0.000465159	4446.64
0.000468176	4353.53
0.000471193	4254.8
0.00047421	4150.48
0.000477227	4039.66
0.000480244	3922.35
0.000483261	3797.34
0.000486278	3664.55
0.000489295	3523.13
0.000492312	3372.86
0.000495329	3214.16
0.000498346	3046.73
0.000501363	2873.03
0.00050438	2692.84
0.000507397	2510.7
0.000510414	2326.63
0.000513431	2146.34
0.000516448	1970.25
0.000519465	1803.64
0.000522482	1647.25
0.000525499	1504.38
0.000528516	1375.87
0.000531533	1262.19
0.00053455	1163.96
0.000537567	1079.06
0.000540584	1007.67
0.000543601	946.158
0.000546618	894.218
0.000549635	848.05
0.000552652	807.02
0.000555669	768.198
0.000558686	730.862
0.000561703	693.398
0.00056472	655.212
0.000567737	615.919
0.000570754	575.17
0.000573771	533.455
0.000576788	490.681
0.000579805	447.802
0.000582822	404.937
0.000585839	363.137
0.000588856	322.659
0.000591873	284.354
0.00059489	248.534
0.000597907	215.648
0.000600924	185.965
0.000603941	159.474
0.000606958	136.321
0.000609975	116.135
0.000612992	98.8999
0.000616009	84.0864
0.000619026	71.544
0.000622043	60.7861
0.00062506	51.6025
0.000628077	43.6606
0.000631094	36.7691
0.000634111	30.7543
0.000637128	25.4878
0.000640145	20.8937
0.000643162	16.9059
0.000646179	13.4782
0.000649196	10.5794
0.000652213	8.15526
0.00065523	6.18044
0.000658247	4.58886
0.000661264	3.34629
0.000664281	2.3877
0.000667298	1.67106
0.000670315	1.14477
0.000673332	0.76721
0.000676349	0.504621
0.000679366	0.323134
0.000682383	0.204245
0.0006854	0.124656
0.000688417	0.0758484
0.000691434	0.0439915
0.000694451	0.0258323
0.000697468	0.0128894
0.000700485	0.00806736
