3.33898e-05	0.191288
3.52334e-05	0.292445
3.70771e-05	0.491421
3.89207e-05	0.763358
4.07644e-05	1.18084
4.2608e-05	1.7796
4.44517e-05	2.65526
4.62953e-05	3.87951
4.8139e-05	5.59091
4.99827e-05	7.9161
5.18263e-05	11.0323
5.367e-05	15.1362
5.55136e-05	20.4226
5.73573e-05	27.1569
5.92009e-05	35.5135
6.10446e-05	45.7961
6.28882e-05	58.1121
6.47319e-05	72.7396
6.65755e-05	89.6831
6.84192e-05	109.11
7.02628e-05	130.919
7.21065e-05	155.094
7.39502e-05	181.465
7.57938e-05	209.818
7.76375e-05	239.984
7.94811e-05	271.617
8.13248e-05	304.624
8.31684e-05	338.661
8.50121e-05	373.751
8.68557e-05	409.711
8.86994e-05	446.663
9.0543e-05	484.68
9.23867e-05	523.931
9.42303e-05	564.732
9.6074e-05	607.234
9.79177e-05	651.882
9.97613e-05	698.773
0.000101605	748.337
0.000103449	800.627
0.000105292	855.975
0.000107136	914.439
0.00010898	976.291
0.000110823	1041.66
0.000112667	1110.9
0.000114511	1184.24
0.000116354	1262.33
0.000118198	1345.42
0.000120042	1434.52
0.000121885	1529.85
0.000123729	1632.62
0.000125572	1742.9
0.000127416	1861.72
0.00012926	1988.92
0.000131103	2124.85
0.000132947	2269.16
0.000134791	2421.12
0.000136634	2580.29
0.000138478	2744.82
0.000140322	2914.32
0.000142165	3086.18
0.000144009	3260.17
0.000145853	3433.59
0.000147696	3606.39
0.00014954	3776.42
0.000151384	3943.8
0.000153227	4107.34
0.000155071	4267.23
0.000156915	4423.38
0.000158758	4575.96
0.000160602	4725.78
0.000162446	4873.01
0.000164289	5019.15
0.000166133	5164.34
0.000167977	5310.56
0.00016982	5457.91
0.000171664	5608.62
0.000173507	5762.72
0.000175351	5922.24
0.000177195	6087.1
0.000179038	6258.4
0.000180882	6435.93
0.000182726	6618.99
0.000184569	6807.29
0.000186413	6997.7
0.000188257	7189.98
0.0001901	7378.61
0.000191944	7563.48
0.000193788	7737.7
0.000195631	7901.27
0.000197475	8047.6
0.000199319	8176.81
0.000201162	8284.34
0.000203006	8370.35
0.00020485	8435.65
0.000206693	8479.62
0.000208537	8486.29
0.000210381	8486.55
0.000212224	8480.25
0.000214068	8443.58
0.000215912	8397.06
0.000217755	8340.5
0.000219599	8276.02
0.000221442	8203.62
0.000223286	8124.56
0.00022513	8038.89
0.000226973	7945.61
0.000228817	7844.75
0.000230661	7734.12
0.000232504	7613.73
0.000234348	7481.72
0.000236192	7338.03
0.000238035	7182.35
0.000239879	7014.58
0.000241723	6836.29
0.000243566	6647.4
0.00024541	6450.76
0.000247254	6246.38
0.000249097	6037.31
0.000250941	5823.64
0.000252785	5607.73
0.000254628	5389.7
0.000256472	5170.97
0.000258316	4951.62
0.000260159	4732.58
0.000262003	4513.84
0.000263847	4296.57
0.00026569	4080.69
0.000267534	3868.12
0.000269377	3658.8
0.000271221	3455.35
0.000273065	3257.82
0.000274908	3068.93
0.000276752	2888.89
0.000278596	2719.78
0.000280439	2561.89
0.000282283	2416.03
0.000284127	2282.52
0.00028597	2160.65
0.000287814	2050.66
0.000289658	1950.56
0.000291501	1860.38
0.000293345	1777.39
0.000295189	1701.4
0.000297032	1629.55
0.000298876	1561.49
0.00030072	1494.88
0.000302563	1429.25
0.000304407	1363.26
0.000306251	1296.48
0.000308094	1228.73
0.000309938	1159.72
0.000311782	1090.3
0.000313625	1020.39
0.000315469	951.441
0.000317312	883.606
0.000319156	818.321
0.000321	755.923
0.000322843	697.365
0.000324687	643.016
0.000326531	593.118
0.000328374	547.934
0.000330218	507.038
0.000332062	470.504
0.000333905	437.489
0.000335749	407.87
0.000337593	380.708
0.000339436	355.739
0.00034128	332.197
0.000343124	309.773
0.000344967	288.019
0.000346811	266.671
0.000348655	245.618
0.000350498	224.703
0.000352342	204.073
0.000354186	183.697
0.000356029	163.858
0.000357873	144.63
0.000359717	126.301
0.00036156	109.008
0.000363404	92.9497
0.000365247	78.2658
0.000367091	65.0214
0.000368935	53.3133
0.000370778	43.0767
0.000372622	34.3385
0.000374466	26.9457
0.000376309	20.8535
0.000378153	15.8749
0.000379997	11.9123
0.00038184	8.79051
0.000383684	6.38809
0.000385528	4.56745
0.000387371	3.2105
0.000389215	2.22386
0.000391059	1.51005
0.000392902	1.01356
0.000394746	0.663902
0.00039659	0.432055
0.000398433	0.261708
0.000400277	0.172147
