0.000500379	3.0627e-173
0.000509598	4.01071e-167
0.000518817	1.60428e-166
0.000528036	1.53223e-160
0.000537255	6.19163e-160
0.000546474	4.31229e-154
0.000555693	1.76066e-153
0.000564912	8.94063e-148
0.000574131	3.68887e-147
0.00058335	1.36554e-141
0.000592569	5.69456e-141
0.000601788	1.53645e-135
0.000611007	6.47701e-135
0.000620226	1.27351e-129
0.000629445	5.42798e-129
0.000638664	7.77614e-124
0.000647883	3.35159e-123
0.000657101	3.49781e-118
0.00066632	1.52481e-117
0.000675539	1.15904e-112
0.000684758	5.1113e-112
0.000693977	2.82927e-107
0.000703196	1.26241e-106
0.000712415	5.08769e-102
0.000721634	2.29734e-101
0.000730853	6.73966e-97
0.000740072	3.0804e-96
0.000749291	6.577e-92
0.00075851	3.04333e-91
0.000767729	4.72815e-87
0.000776948	2.21541e-86
0.000786167	2.50398e-82
0.000795386	1.1883e-81
0.000804605	9.76898e-78
0.000813823	4.69644e-77
0.000823042	2.80771e-73
0.000832261	1.36769e-72
0.00084148	5.94492e-69
0.000850699	2.93488e-68
0.000859918	9.27342e-65
0.000869137	4.64071e-64
0.000878356	1.06573e-60
0.000887575	5.40726e-60
0.000896794	9.02358e-57
0.000906013	4.64281e-56
0.000915232	5.62938e-53
0.000924451	2.93771e-52
0.00093367	2.58774e-49
0.000942889	1.36986e-48
0.000952108	8.76584e-46
0.000961327	4.70762e-45
0.000970545	2.18842e-42
0.000979764	1.19236e-41
0.000988983	4.02716e-39
0.000998202	2.22598e-38
0.00100742	5.46367e-36
0.00101664	3.06318e-35
0.00102586	5.46647e-33
0.00103508	3.10743e-32
0.0010443	4.03482e-30
0.00105352	2.32409e-29
0.00106273	2.19811e-27
0.00107195	1.28169e-26
0.00108117	8.8443e-25
0.00109039	5.21265e-24
0.00109961	2.63055e-22
0.00110883	1.56372e-21
0.00111805	5.7903e-20
0.00112727	3.46083e-19
0.00113649	9.44677e-18
0.00114571	5.65252e-17
0.00115492	1.14457e-15
0.00116414	6.81535e-15
0.00117336	1.03242e-13
0.00118258	6.06869e-13
0.0011918	6.95386e-12
0.00120102	3.99282e-11
0.00121024	3.50982e-10
0.00121946	1.94226e-09
0.00122868	1.3326e-08
0.00123789	6.99057e-08
0.00124711	3.8207e-07
0.00125633	1.86338e-06
0.00126555	8.29981e-06
0.00127477	3.68282e-05
0.00128399	0.000136926
0.00129321	0.000540476
0.00130243	0.00171702
0.00131165	0.00589999
0.00132087	0.016353
0.00133008	0.0480089
0.0013393	0.118022
0.00134852	0.291917
0.00135774	0.645683
0.00136696	1.33649
0.00137618	2.73373
0.0013854	4.8376
0.00139462	8.15709
0.00140384	12.679
0.00141305	18.1148
0.00142227	24.4648
0.00143149	30.2667
0.00144071	35.5469
0.00144993	37.1736
0.00145915	37.6175
0.00146837	37.0645
0.00147759	34.092
0.00148681	33.5909
0.00149603	35.9097
0.00150524	41.6886
0.00151446	57.4515
0.00152368	82.1259
0.0015329	115.726
0.00154212	156.126
0.00155134	203.521
0.00156056	252.433
0.00156978	302.634
0.001579	351.642
0.00158821	399.019
0.00159743	447.305
0.00160665	496.445
0.00161587	549.389
0.00162509	606.303
0.00163431	668.571
0.00164353	735.887
0.00165275	812.942
0.00166197	899.509
0.00167118	1003.35
0.0016804	1125.69
0.00168962	1266.02
0.00169884	1425.99
0.00170806	1592.89
0.00171728	1765.87
0.0017265	1936.1
0.00173572	2100.9
0.00174494	2266.94
0.00175416	2434.34
0.00176337	2609.38
0.00177259	2795.6
0.00178181	2979.06
0.00179103	3161.04
0.00180025	3317.18
0.00180947	3444.85
0.00181869	3526.01
0.00182791	3566.52
0.00183713	3573.52
0.00184634	3542.14
0.00185556	3483.66
0.00186478	3400.64
0.001874	3296.03
0.00188322	3169.52
0.00189244	3029.44
0.00190166	2875.68
0.00191088	2721.88
0.0019201	2571.78
0.00192932	2429.66
0.00193853	2299.28
0.00194775	2173.25
0.00195697	2050.48
0.00196619	1926.53
0.00197541	1798.58
0.00198463	1670.64
0.00199385	1543.03
0.00200307	1419.21
0.00201229	1301.07
0.0020215	1187.25
0.00203072	1078.03
0.00203994	971.392
0.00204916	866.377
0.00205838	763.258
0.0020676	661.334
0.00207682	563.048
0.00208604	468.688
0.00209526	381.413
0.00210448	302.534
0.00211369	233.833
0.00212291	176.79
0.00213213	130.845
0.00214135	96.6791
0.00215057	71.9458
0.00215979	56.072
0.00216901	46.5323
0.00217823	41.527
0.00218745	38.7268
0.00219666	36.7556
0.00220588	34.7501
0.0022151	31.5876
0.00222432	27.7216
0.00223354	22.9527
0.00224276	18.0133
0.00225198	13.325
0.0022612	9.17892
0.00227042	5.99199
0.00227964	3.58929
0.00228885	2.02987
0.00229807	1.06248
0.00230729	0.493033
0.00231651	0.23657
0.00232573	0.0885405
0.00233495	0.0391972
