0.000100103	0.0938006
0.00010312	0.137815
0.000106137	0.209124
0.000109154	0.303476
0.000112171	0.43329
0.000115188	0.606894
0.000118205	0.834282
0.000121222	1.1271
0.000124239	1.49284
0.000127256	1.94443
0.000130273	2.48271
0.00013329	3.11711
0.000136307	3.83845
0.000139324	4.64587
0.000142341	5.51993
0.000145358	6.44348
0.000148375	7.39151
0.000151392	8.32968
0.000154408	9.23659
0.000157425	10.0686
0.000160442	10.8186
0.000163459	11.4505
0.000166476	11.979
0.000169493	12.3965
0.00017251	12.7398
0.000175527	13.0463
0.000178544	13.3681
0.000181561	13.7915
0.000184578	14.3713
0.000187595	15.2313
0.000190612	16.4165
0.000193629	18.064
0.000196646	20.2
0.000199663	22.9464
0.00020268	26.3072
0.000205697	30.363
0.000208714	35.0965
0.000211731	40.5291
0.000214748	46.6257
0.000217765	53.3386
0.000220782	60.6221
0.000223799	68.3599
0.000226816	76.5075
0.000229833	84.8974
0.00023285	93.5035
0.000235867	102.152
0.000238884	110.853
0.000241901	119.502
0.000244918	128.153
0.000247935	136.858
0.000250952	145.708
0.000253969	154.968
0.000256986	164.737
0.000260003	175.473
0.00026302	187.245
0.000266037	200.588
0.000269054	215.51
0.000272071	232.434
0.000275088	251.306
0.000278105	272.258
0.000281122	295.198
0.000284139	319.889
0.000287156	346.237
0.000290173	373.704
0.00029319	402.231
0.000296207	431.161
0.000299224	460.489
0.000302241	489.662
0.000305258	518.716
0.000308275	547.374
0.000311292	575.69
0.000314309	603.714
0.000317326	631.497
0.000320343	659.356
0.00032336	687.321
0.000326377	715.847
0.000329394	744.939
0.000332411	775.03
0.000335428	806.104
0.000338445	838.43
0.000341462	871.977
0.000344479	906.746
0.000347496	942.705
0.000350513	979.55
0.00035353	1017.26
0.000356547	1055.28
0.000359564	1093.6
0.000362581	1131.59
0.000365598	1169.23
0.000368615	1205.99
0.000371632	1241.89
0.000374649	1276.67
0.000377666	1310.34
0.000380683	1343.03
0.0003837	1374.74
0.000386717	1405.92
0.000389734	1436.56
0.000392751	1467.23
0.000395768	1497.91
0.000398785	1529
0.000401802	1560.5
0.000404819	1592.32
0.000407836	1624.47
0.000410853	1656.2
0.00041387	1687.55
0.000416887	1717.11
0.000419904	1744.91
0.000422921	1769.18
0.000425938	1789.93
0.000428955	1805.73
0.000431972	1816.73
0.000434989	1818.45
0.000438006	1815.69
0.000441023	1809.02
0.00044404	1792.72
0.000447057	1770.7
0.000450074	1743.2
0.000453091	1711.35
0.000456108	1675.13
0.000459125	1636.34
0.000462142	1595
0.000465159	1552.69
0.000468176	1509.49
0.000471193	1466.43
0.00047421	1423.6
0.000477227	1381.45
0.000480244	1340.06
0.000483261	1299.39
0.000486278	1259.47
0.000489295	1220
0.000492312	1180.98
0.000495329	1142.02
0.000498346	1103.1
0.000501363	1063.93
0.00050438	1024.47
0.000507397	984.649
0.000510414	944.428
0.000513431	904.02
0.000516448	863.396
0.000519465	822.998
0.000522482	782.836
0.000525499	743.434
0.000528516	704.848
0.000531533	667.497
0.00053455	631.467
0.000537567	596.926
0.000540584	563.954
0.000543601	532.441
0.000546618	502.424
0.000549635	473.605
0.000552652	445.962
0.000555669	419.177
0.000558686	393.182
0.000561703	367.781
0.00056472	342.899
0.000567737	318.531
0.000570754	294.627
0.000573771	271.347
0.000576788	248.689
0.000579805	226.88
0.000582822	205.966
0.000585839	186.139
0.000588856	167.467
0.000591873	150.048
0.00059489	133.939
0.000597907	119.128
0.000600924	105.646
0.000603941	93.4011
0.000606958	82.3867
0.000609975	72.4797
0.000612992	63.6472
0.000616009	55.7724
0.000619026	48.8115
0.000622043	42.6724
0.00062506	37.3142
0.000628077	32.6655
0.000631094	28.6943
0.000634111	25.3336
0.000637128	22.5576
0.000640145	20.2881
0.000643162	18.4968
0.000646179	17.0904
0.000649196	16.0298
0.000652213	15.2165
0.00065523	14.5985
0.000658247	14.0908
0.000661264	13.6354
0.000664281	13.178
0.000667298	12.6672
0.000670315	12.0868
0.000673332	11.4046
0.000676349	10.6368
0.000679366	9.77641
0.000682383	8.8571
0.0006854	7.89431
0.000688417	6.92196
0.000691434	5.9677
0.000694451	5.05416
0.000697468	4.21523
0.000700485	3.43931
