0.000166815	35.5015
0.000171844	37.3147
0.000176872	39.3642
0.000181901	41.6619
0.000186929	44.1736
0.000191958	46.8732
0.000196986	49.7422
0.000202014	52.7524
0.000207043	55.8977
0.000212071	59.1573
0.0002171	62.5401
0.000222128	66.0405
0.000227157	69.682
0.000232185	73.4796
0.000237214	77.4679
0.000242242	81.6844
0.00024727	86.1709
0.000252299	90.9854
0.000257327	96.1723
0.000262356	101.806
0.000267384	107.929
0.000272413	114.624
0.000277441	121.925
0.000282469	129.916
0.000287498	138.614
0.000292526	148.09
0.000297555	158.34
0.000302583	169.402
0.000307612	181.249
0.00031264	193.871
0.000317669	207.219
0.000322697	221.222
0.000327725	235.817
0.000332754	250.87
0.000337782	266.315
0.000342811	281.971
0.000347839	297.779
0.000352868	313.535
0.000357896	329.2
0.000362924	344.579
0.000367953	359.654
0.000372981	374.273
0.00037801	388.437
0.000383038	402.057
0.000388067	415.148
0.000393095	427.69
0.000398123	439.704
0.000403152	451.23
0.00040818	462.29
0.000413209	472.968
0.000418237	483.282
0.000423266	493.336
0.000428294	503.143
0.000433323	512.807
0.000438351	522.334
0.000443379	531.811
0.000448408	541.237
0.000453436	550.669
0.000458465	560.1
0.000463493	569.548
0.000468522	579.002
0.00047355	588.44
0.000478578	597.852
0.000483607	607.183
0.000488635	616.427
0.000493664	625.514
0.000498692	634.444
0.000503721	643.155
0.000508749	651.654
0.000513778	659.911
0.000518806	667.935
0.000523834	675.745
0.000528863	683.35
0.000533891	690.817
0.00053892	698.15
0.000543948	705.449
0.000548977	712.714
0.000554005	720.044
0.000559033	727.437
0.000564062	734.957
0.00056909	742.596
0.000574119	750.355
0.000579147	758.224
0.000584176	766.118
0.000589204	774.028
0.000594233	781.783
0.000599261	789.376
0.000604289	796.57
0.000609318	803.362
0.000614346	809.487
0.000619375	814.945
0.000624403	819.49
0.000629432	823.125
0.00063446	825.696
0.000639488	827.195
0.000644517	827.27
0.000649545	826.363
0.000654574	824.459
0.000659602	821.136
0.000664631	816.743
0.000669659	811.276
0.000674688	804.819
0.000679716	797.371
0.000684744	789.032
0.000689773	779.801
0.000694801	769.735
0.00069983	758.834
0.000704858	747.101
0.000709887	734.538
0.000714915	721.114
0.000719943	706.828
0.000724972	691.652
0.00073	675.583
0.000735029	658.637
0.000740057	640.809
0.000745086	622.191
0.000750114	602.775
0.000755143	582.743
0.000760171	562.087
0.000765199	541.063
0.000770228	519.668
0.000775256	498.199
0.000780285	476.661
0.000785313	455.354
0.000790342	434.287
0.00079537	413.726
0.000800398	393.686
0.000805427	374.366
0.000810455	355.783
0.000815484	338.055
0.000820512	321.199
0.000825541	305.243
0.000830569	290.201
0.000835598	276.021
0.000840626	262.71
0.000845654	250.151
0.000850683	238.343
0.000855711	227.129
0.00086074	216.5
0.000865768	206.288
0.000870797	196.479
0.000875825	186.925
0.000880853	177.605
0.000885882	168.42
0.00089091	159.349
0.000895939	150.351
0.000900967	141.409
0.000905996	132.543
0.000911024	123.743
0.000916052	115.074
0.000921081	106.535
0.000926109	98.2144
0.000931138	90.1219
0.000936166	82.3427
0.000941195	74.8938
0.000946223	67.8401
0.000951252	61.2005
0.00095628	55.0094
0.000961308	49.2828
0.000966337	44.0225
0.000971365	39.2383
0.000976394	34.9043
0.000981422	31.0222
0.000986451	27.547
0.000991479	24.4726
0.000996507	21.7444
0.00100154	19.35
0.00100656	17.2342
0.00101159	15.3805
0.00101662	13.7401
0.00102165	12.2948
0.00102668	11.0062
0.00103171	9.85731
0.00103673	8.8212
0.00104176	7.88375
0.00104679	7.02871
0.00105182	6.2458
0.00105685	5.52677
0.00106188	4.86521
0.00106691	4.25766
0.00107193	3.70082
0.00107696	3.19312
0.00108199	2.73318
0.00108702	2.31932
0.00109205	1.95083
0.00109708	1.62506
0.0011021	1.34102
0.00110713	1.09508
0.00111216	0.885514
0.00111719	0.708182
0.00112222	0.56063
0.00112725	0.438821
0.00113228	0.339847
0.0011373	0.260249
0.00114233	0.197055
0.00114736	0.147607
0.00115239	0.109213
0.00115742	0.0800215
0.00116245	0.0570987
0.00116747	0.0414495
