0.000166815	5.35704e-38
0.00017352	2.52573e-36
0.000180225	9.94222e-36
0.000186929	3.99529e-34
0.000193634	1.57369e-33
0.000200339	5.36522e-32
0.000207043	2.12439e-31
0.000213748	6.15004e-30
0.000220453	2.44589e-29
0.000227157	6.01875e-28
0.000233862	2.40179e-27
0.000240566	5.0301e-26
0.000247271	2.01159e-25
0.000253976	3.59094e-24
0.00026068	1.43701e-23
0.000267385	2.19049e-22
0.00027409	8.75615e-22
0.000280794	1.1422e-20
0.000287499	4.55114e-20
0.000294204	5.0932e-19
0.000300908	2.01792e-18
0.000307613	1.94312e-17
0.000314317	7.63302e-17
0.000321022	6.34607e-16
0.000327727	2.4634e-15
0.000334431	1.77526e-14
0.000341136	6.7837e-14
0.000347841	4.25648e-13
0.000354545	1.59423e-12
0.00036125	8.75314e-12
0.000367955	3.19787e-11
0.000374659	1.54492e-10
0.000381364	5.47629e-10
0.000388068	2.34198e-09
0.000394773	8.00828e-09
0.000401478	3.05135e-08
0.000408182	1.00036e-07
0.000414887	3.41909e-07
0.000421592	1.06783e-06
0.000428296	3.29676e-06
0.000435001	9.74507e-06
0.000441706	2.73678e-05
0.00044841	7.60763e-05
0.000455115	0.000195679
0.000461819	0.000508386
0.000468524	0.00120543
0.000475229	0.00291056
0.000481933	0.00639949
0.000488638	0.0142898
0.000495343	0.029286
0.000502047	0.0602356
0.000508752	0.116364
0.000515457	0.219226
0.000522161	0.404642
0.000528866	0.696403
0.000535571	1.18545
0.000542275	1.89814
0.00054898	2.98355
0.000555684	4.45608
0.000562389	6.48272
0.000569094	9.04802
0.000575798	12.2324
0.000582503	15.991
0.000589208	20.212
0.000595912	24.852
0.000602617	29.629
0.000609322	34.5436
0.000616026	39.3552
0.000622731	44.1178
0.000629435	48.8937
0.00063614	53.7479
0.000642845	59.0891
0.000649549	64.935
0.000656254	71.75
0.000662959	79.4886
0.000669663	88.2644
0.000676368	98.0168
0.000683073	108.396
0.000689777	119.4
0.000696482	130.642
0.000703186	142.208
0.000709891	154.419
0.000716596	167.394
0.0007233	182.548
0.000730005	199.935
0.00073671	221.503
0.000743414	247.192
0.000750119	278.205
0.000756824	314.43
0.000763528	355.445
0.000770233	401.186
0.000776937	450.036
0.000783642	502.012
0.000790347	555.716
0.000797051	611.203
0.000803756	668.461
0.000810461	727.524
0.000817165	789.831
0.00082387	855.379
0.000830575	926.12
0.000837279	1002.04
0.000843984	1084.31
0.000850689	1172.94
0.000857393	1267.42
0.000864098	1367.77
0.000870802	1471.82
0.000877507	1579.59
0.000884212	1688.5
0.000890916	1798.51
0.000897621	1908.73
0.000904326	2019
0.00091103	2131.44
0.000917735	2245.96
0.00092444	2366.42
0.000931144	2492.99
0.000937849	2627.11
0.000944553	2769.31
0.000951258	2914.42
0.000957963	3062.98
0.000964667	3203.21
0.000971372	3335.1
0.000978077	3445.87
0.000984781	3534.71
0.000991486	3595.26
0.000998191	3626.82
0.0010049	3630.31
0.0010116	3608.62
0.0010183	3570.36
0.00102501	3515.35
0.00103171	3453.79
0.00103842	3386.8
0.00104512	3318.16
0.00105183	3249.02
0.00105853	3176.61
0.00106524	3101.26
0.00107194	3017.91
0.00107865	2925.91
0.00108535	2823.09
0.00109206	2708.44
0.00109876	2584.77
0.00110546	2451.6
0.00111217	2314.89
0.00111887	2175.05
0.00112558	2037.79
0.00113228	1904.08
0.00113899	1777.21
0.00114569	1658.09
0.0011524	1547.34
0.0011591	1445.51
0.00116581	1351.35
0.00117251	1264.98
0.00117922	1184.21
0.00118592	1108.81
0.00119263	1036.53
0.00119933	966.854
0.00120603	898.454
0.00121274	830.739
0.00121944	763.782
0.00122615	697.239
0.00123285	632.303
0.00123956	569.037
0.00124626	508.944
0.00125297	452.412
0.00125967	400.502
0.00126638	353.707
0.00127308	312.217
0.00127979	276.404
0.00128649	245.524
0.00129319	219.634
0.0012999	197.414
0.0013066	178.531
0.00131331	161.772
0.00132001	146.568
0.00132672	132.397
0.00133342	118.785
0.00134013	105.951
0.00134683	93.7703
0.00135354	82.7463
0.00136024	73.0791
0.00136695	65.0184
0.00137365	58.8368
0.00138035	54.2986
0.00138706	51.4139
0.00139376	49.8588
0.00140047	49.2003
0.00140717	48.7462
0.00141388	48.2769
0.00142058	47.4109
0.00142729	45.6987
0.00143399	43.1452
0.0014407	39.6004
0.0014474	35.383
0.00145411	30.5836
0.00146081	25.5937
0.00146752	20.7033
0.00147422	16.1307
0.00148092	12.1625
0.00148763	8.79502
0.00149433	6.1293
0.00150104	4.13073
