3.33898e-05	0.00199897
3.55687e-05	0.00331103
3.77476e-05	0.0072472
3.99264e-05	0.0128595
4.21053e-05	0.0240427
4.42842e-05	0.0415907
4.64631e-05	0.0730611
4.8642e-05	0.121978
5.08209e-05	0.203255
5.29998e-05	0.326517
5.51787e-05	0.517598
5.73576e-05	0.798233
5.95365e-05	1.20642
6.17154e-05	1.78311
6.38943e-05	2.57352
6.60732e-05	3.64116
6.82521e-05	5.02411
7.0431e-05	6.79962
7.26099e-05	8.97627
7.47888e-05	11.6165
7.69677e-05	14.6782
7.91465e-05	18.1629
8.13254e-05	21.9733
8.35043e-05	26.0052
8.56832e-05	30.13
8.78621e-05	34.128
9.0041e-05	37.8889
9.22199e-05	41.1294
9.43988e-05	43.8109
9.65777e-05	45.8375
9.87566e-05	46.9348
0.000100935	46.9316
0.000103114	46.8328
0.000105293	46.2126
0.000107472	45.0167
0.000109651	43.9787
0.00011183	43.2158
0.000114009	43.376
0.000116188	44.1046
0.000118367	45.8848
0.000120546	49.4974
0.000122724	54.6297
0.000124903	61.4718
0.000127082	70.2906
0.000129261	81.1415
0.00013144	94.2752
0.000133619	109.791
0.000135798	128.053
0.000137977	149.194
0.000140156	173.757
0.000142334	201.875
0.000144513	234.247
0.000146692	270.97
0.000148871	312.793
0.00015105	359.757
0.000153229	412.51
0.000155408	471.019
0.000157587	535.67
0.000159766	606.35
0.000161945	682.999
0.000164123	765.426
0.000166302	852.954
0.000168481	945.342
0.00017066	1041.2
0.000172839	1140.31
0.000175018	1240.71
0.000177197	1342.26
0.000179376	1442.88
0.000181555	1542.61
0.000183733	1639.92
0.000185912	1735.03
0.000188091	1827.68
0.00019027	1918.19
0.000192449	2007.95
0.000194628	2097.3
0.000196807	2189.21
0.000198986	2283.93
0.000201165	2385.49
0.000203344	2494
0.000205522	2613.65
0.000207701	2744.4
0.00020988	2889.53
0.000212059	3048.85
0.000214238	3223.64
0.000216417	3413.63
0.000218596	3617.35
0.000220775	3834.54
0.000222954	4060.92
0.000225132	4296.36
0.000227311	4534.65
0.00022949	4775.79
0.000231669	5013.14
0.000233848	5246.76
0.000236027	5470.95
0.000238206	5685.8
0.000240385	5887.26
0.000242564	6075.38
0.000244743	6247.72
0.000246921	6404.31
0.0002491	6543.93
0.000251279	6666.59
0.000253458	6772.05
0.000255637	6860.32
0.000257816	6932.17
0.000259995	6987.6
0.000262174	7029.28
0.000264353	7057.5
0.000266531	7065.65
0.00026871	7068
0.000270889	7065.91
0.000273068	7048.24
0.000275247	7023.55
0.000277426	6992.33
0.000279605	6954.76
0.000281784	6910.9
0.000283963	6861.06
0.000286142	6805.25
0.00028832	6743.75
0.000290499	6676.53
0.000292678	6604.3
0.000294857	6527.05
0.000297036	6445.79
0.000299215	6360.59
0.000301394	6271.99
0.000303573	6180.17
0.000305752	6084.3
0.00030793	5984.59
0.000310109	5878.5
0.000312288	5766.1
0.000314467	5643.83
0.000316646	5511.49
0.000318825	5366.05
0.000321004	5207.04
0.000323183	5033.63
0.000325362	4845.26
0.00032754	4644.28
0.000329719	4430.29
0.000331898	4208.5
0.000334077	3978.93
0.000336256	3748.26
0.000338435	3517
0.000340614	3291.42
0.000342793	3072.39
0.000344972	2864.15
0.000347151	2667.69
0.000349329	2484.48
0.000351508	2315.29
0.000353687	2159.08
0.000355866	2016.17
0.000358045	1884.01
0.000360224	1762.44
0.000362403	1648.6
0.000364582	1542.01
0.000366761	1440.47
0.000368939	1343.4
0.000371118	1249.69
0.000373297	1158.89
0.000375476	1070.86
0.000377655	985.395
0.000379834	902.919
0.000382013	823.435
0.000384192	747.517
0.000386371	675.297
0.00038855	607.219
0.000390728	543.447
0.000392907	484.211
0.000395086	429.645
0.000397265	379.764
0.000399444	334.651
0.000401623	294.121
0.000403802	258.196
0.000405981	226.493
0.00040816	198.962
0.000410338	175.048
0.000412517	154.609
0.000414696	137.003
0.000416875	121.994
0.000419054	108.977
0.000421233	97.6585
0.000423412	87.5863
0.000425591	78.474
0.00042777	70.084
0.000429949	62.2015
0.000432127	54.7819
0.000434306	47.7191
0.000436485	41.0779
0.000438664	34.8522
0.000440843	29.1204
0.000443022	23.9303
0.000445201	19.3111
0.00044738	15.3096
0.000449559	11.8927
0.000451737	9.0702
0.000453916	6.76888
0.000456095	4.95542
0.000458274	3.54923
0.000460453	2.48938
0.000462632	1.71092
0.000464811	1.12318
0.00046699	0.757216
