0.000500379	5.85796e-166
0.000509598	3.64167e-160
0.000518817	1.45667e-159
0.000528036	6.71471e-154
0.000537255	2.71336e-153
0.000546474	9.27294e-148
0.000555693	3.78604e-147
0.000564912	9.59112e-142
0.000574131	3.95726e-141
0.00058335	7.42988e-136
0.000592569	3.09838e-135
0.000601788	4.31074e-130
0.000611007	1.81722e-129
0.000620226	1.87317e-124
0.000629445	7.9838e-124
0.000638664	6.09619e-119
0.000647883	2.6275e-118
0.000657101	1.4859e-113
0.00066632	6.47748e-113
0.000675539	2.71252e-108
0.000684758	1.19619e-107
0.000693977	3.70855e-103
0.000703196	1.65471e-102
0.000712415	3.79735e-98
0.000721634	1.71465e-97
0.000730853	2.91207e-93
0.000740072	1.33094e-92
0.000749291	1.6725e-88
0.00075851	7.73873e-88
0.000767729	7.19399e-84
0.000776948	3.37062e-83
0.000786167	2.31747e-79
0.000795386	1.09971e-78
0.000804605	5.59111e-75
0.000813823	2.68767e-74
0.000823042	1.01023e-70
0.000832261	4.92042e-70
0.00084148	1.36705e-66
0.000850699	6.7477e-66
0.000859918	1.38545e-62
0.000869137	6.93167e-62
0.000878356	1.05159e-58
0.000887575	5.33394e-58
0.000896794	5.97804e-55
0.000906013	3.07459e-54
0.000915232	2.54529e-51
0.000924451	1.32756e-50
0.00093367	8.11713e-48
0.000942889	4.29391e-47
0.000952108	1.939e-44
0.000961327	1.04035e-43
0.000970545	3.46976e-41
0.000979764	1.88818e-40
0.000988983	4.65178e-38
0.000998202	2.56707e-37
0.00100742	4.67313e-35
0.00101664	2.6144e-34
0.00102586	3.51855e-32
0.00103508	1.99458e-31
0.0010443	1.98621e-29
0.00105352	1.13993e-28
0.00106273	8.40967e-27
0.00107195	4.88054e-26
0.00108117	2.67226e-24
0.00109039	1.56542e-23
0.00109961	6.37776e-22
0.00110883	3.76175e-21
0.00111805	1.14447e-19
0.00112727	6.77281e-19
0.00113649	1.54627e-17
0.00114571	9.13706e-17
0.00115492	1.57571e-15
0.00116414	9.23749e-15
0.00117336	1.21376e-13
0.00118258	6.99976e-13
0.0011918	7.086e-12
0.00120102	3.9764e-11
0.00121024	3.14471e-10
0.00121946	1.69398e-09
0.00122868	1.06425e-08
0.00123789	5.414e-08
0.00124711	2.75487e-07
0.00125633	1.29886e-06
0.00126555	5.46776e-06
0.00127477	2.34078e-05
0.00128399	8.33276e-05
0.00129321	0.000317204
0.00130243	0.000975178
0.00131165	0.00323628
0.00132087	0.00875235
0.00133008	0.0248989
0.0013393	0.0600907
0.00134852	0.14475
0.00135774	0.316781
0.00136696	0.643425
0.00137618	1.29234
0.0013854	2.26383
0.00139462	3.79133
0.00140384	5.86994
0.00141305	8.44764
0.00142227	11.5243
0.00143149	14.7016
0.00144071	17.9772
0.00144993	21.4522
0.00145915	25.0965
0.00146837	30.5622
0.00147759	37.8152
0.00148681	49.4003
0.00149603	65.3645
0.00150524	86.7344
0.00151446	113.649
0.00152368	144.181
0.0015329	178.423
0.00154212	212.963
0.00155134	247.696
0.00156056	280.8
0.00156978	312.012
0.001579	342.858
0.00158821	373.137
0.00159743	406.646
0.00160665	443.359
0.00161587	487.501
0.00162509	539.12
0.00163431	602.584
0.00164353	678.125
0.00165275	768.879
0.00166197	875.438
0.00167118	996.57
0.0016804	1132.67
0.00168962	1279.44
0.00169884	1436.57
0.00170806	1601.62
0.00171728	1774.39
0.0017265	1953.24
0.00173572	2138.7
0.00174494	2324.69
0.00175416	2511.44
0.00176337	2689.61
0.00177259	2858.57
0.00178181	3009.91
0.00179103	3143.1
0.00180025	3250.22
0.00180947	3336.31
0.00181869	3360.5
0.00182791	3355.07
0.00183713	3338.91
0.00184634	3260.72
0.00185556	3158.41
0.00186478	3042.14
0.001874	2931.05
0.00188322	2831.89
0.00189244	2748.86
0.00190166	2687.82
0.00191088	2631.98
0.0019201	2579.86
0.00192932	2516
0.00193853	2434.57
0.00194775	2335.87
0.00195697	2217.07
0.00196619	2086.65
0.00197541	1946.04
0.00198463	1801.25
0.00199385	1654.22
0.00200307	1508.41
0.00201229	1364.86
0.0020215	1227.02
0.00203072	1096.17
0.00203994	974.38
0.00204916	863.046
0.00205838	761.642
0.0020676	670.69
0.00207682	588.315
0.00208604	514.022
0.00209526	446.422
0.00210448	384.587
0.00211369	328.742
0.00212291	278.544
0.00213213	234.936
0.00214135	198.634
0.00215057	168.792
0.00215979	145.84
0.00216901	127.043
0.00217823	111.219
0.00218745	96.6837
0.00219666	81.7805
0.00220588	67.1848
0.0022151	52.5645
0.00222432	39.1322
0.00223354	27.6569
0.00224276	18.2723
0.00225198	11.5029
0.0022612	6.70841
0.00227042	3.68073
0.00227964	1.92167
0.00228885	0.891784
0.00229807	0.428044
0.00230729	0.178
0.00231651	0.0734157
0.00232573	0.0255889
0.00233495	0.00964668
