3.33898e-05	1.51199e-08
3.55687e-05	6.34544e-08
3.77476e-05	2.08458e-07
3.99264e-05	8.02868e-07
4.21053e-05	2.40428e-06
4.42842e-05	8.10455e-06
4.64631e-05	2.32001e-05
4.8642e-05	6.8986e-05
5.08209e-05	0.00018732
5.29998e-05	0.000495396
5.51787e-05	0.00126571
5.73576e-05	0.00300215
5.95365e-05	0.00715866
6.17154e-05	0.0153546
6.38943e-05	0.0338988
6.60732e-05	0.0662672
6.82521e-05	0.134445
7.0431e-05	0.249635
7.26099e-05	0.449854
7.47888e-05	0.774026
7.69677e-05	1.26265
7.91465e-05	1.99004
8.13254e-05	2.96963
8.35043e-05	4.27656
8.56832e-05	5.86183
8.78621e-05	7.72023
9.0041e-05	9.74873
9.22199e-05	11.7962
9.43988e-05	13.7845
9.65777e-05	15.4802
9.87566e-05	16.9208
0.000100935	17.9946
0.000103114	18.8558
0.000105293	19.6822
0.000107472	20.6455
0.000109651	22.1586
0.00011183	24.3162
0.000114009	27.5438
0.000116188	31.8543
0.000118367	37.5187
0.000120546	44.5247
0.000122724	52.9888
0.000124903	62.928
0.000127082	74.4178
0.000129261	87.5347
0.00013144	102.474
0.000133619	119.346
0.000135798	138.56
0.000137977	160.144
0.000140156	184.509
0.000142334	211.496
0.000144513	240.999
0.000146692	272.774
0.000148871	305.977
0.00015105	340.581
0.000153229	375.738
0.000155408	411.822
0.000157587	449.303
0.000159766	488.777
0.000161945	532.64
0.000164123	581.283
0.000166302	638.06
0.000168481	702.83
0.00017066	777.772
0.000172839	862.223
0.000175018	955.193
0.000177197	1055.91
0.000179376	1159.95
0.000181555	1267.09
0.000183733	1372.26
0.000185912	1476.18
0.000188091	1578.13
0.00019027	1679.36
0.000192449	1786.44
0.000194628	1900.12
0.000196807	2030.93
0.000198986	2178.41
0.000201165	2348.81
0.000203344	2540.91
0.000205522	2750.99
0.000207701	2978.22
0.00020988	3211.93
0.000212059	3452.28
0.000214238	3690.97
0.000216417	3928.72
0.000218596	4165.94
0.000220775	4403.04
0.000222954	4645.91
0.000225132	4894.24
0.000227311	5149.52
0.00022949	5411.11
0.000231669	5669.62
0.000233848	5924.77
0.000236027	6160.38
0.000238206	6376.74
0.000240385	6562.86
0.000242564	6719.15
0.000244743	6848.92
0.000246921	6952.3
0.0002491	7044.73
0.000251279	7126.1
0.000253458	7212.83
0.000255637	7304.88
0.000257816	7409.37
0.000259995	7526.5
0.000262174	7651.68
0.000264353	7785.15
0.000266531	7915.24
0.00026871	8042
0.000270889	8154.02
0.000273068	8251.03
0.000275247	8327.96
0.000277426	8384.37
0.000279605	8422.54
0.000281784	8442.58
0.000283963	8444.56
0.000286142	8432.97
0.00028832	8408.09
0.000290499	8361.67
0.000292678	8288.02
0.000294857	8187.67
0.000297036	8050.13
0.000299215	7874.24
0.000301394	7660.23
0.000303573	7406.6
0.000305752	7126.54
0.00030793	6819.39
0.000310109	6505.17
0.000312288	6184.75
0.000314467	5874.9
0.000316646	5577.56
0.000318825	5299.41
0.000321004	5042.35
0.000323183	4802.73
0.000325362	4581.39
0.00032754	4369.25
0.000329719	4165.79
0.000331898	3962.86
0.000334077	3758.99
0.000336256	3551.88
0.000338435	3340.02
0.000340614	3128.16
0.000342793	2915.83
0.000344972	2711.3
0.000347151	2515.67
0.000349329	2334.44
0.000351508	2169.53
0.000353687	2019.75
0.000355866	1886.18
0.000358045	1762.86
0.000360224	1649.17
0.000362403	1539.86
0.000364582	1433.32
0.000366761	1328.54
0.000368939	1224.41
0.000371118	1123.28
0.000373297	1025.22
0.000375476	932.934
0.000377655	847.234
0.000379834	769.076
0.000382013	699.231
0.000384192	636.643
0.000386371	581.519
0.00038855	531.746
0.000390728	486.895
0.000392907	445.11
0.000395086	405.631
0.000397265	367.765
0.000399444	330.907
0.000401623	295.509
0.000403802	261.449
0.000405981	229.561
0.00040816	200.133
0.000410338	173.608
0.000412517	150.338
0.000414696	130.15
0.000416875	113.179
0.000419054	98.8741
0.000421233	87.1146
0.000423412	77.276
0.000425591	69.0883
0.00042777	62.0304
0.000429949	55.7856
0.000432127	50.0401
0.000434306	44.5124
0.000436485	39.1502
0.000438664	33.7952
0.000440843	28.5967
0.000443022	23.5658
0.000445201	18.8848
0.00044738	14.6776
0.000449559	11.0123
0.000451737	8.0018
0.000453916	5.57969
0.000456095	3.76319
0.000458274	2.43025
0.000460453	1.51004
0.000462632	0.90349
0.000464811	0.480406
0.00046699	0.285375
