0.000500379	5.46607e-104
0.00050876	7.17123e-100
0.000517141	2.86833e-99
0.000525522	2.89655e-95
0.000533903	1.17035e-94
0.000542284	9.09556e-91
0.000550665	3.71313e-90
0.000559045	2.22048e-86
0.000567426	9.16006e-86
0.000575807	4.21439e-82
0.000584188	1.75708e-81
0.000592569	6.21856e-78
0.00060095	2.6207e-77
0.00060933	7.1337e-74
0.000617711	3.03932e-73
0.000626092	6.36225e-70
0.000634473	2.74076e-69
0.000642854	4.41143e-66
0.000651235	1.92176e-65
0.000659615	2.37807e-62
0.000667996	1.04776e-61
0.000676377	9.9667e-59
0.000684758	4.44177e-58
0.000693139	3.24765e-55
0.00070152	1.46415e-54
0.0007099	8.22788e-52
0.000718281	3.75275e-51
0.000726662	1.62078e-48
0.000735043	7.47908e-48
0.000743424	2.48256e-45
0.000751805	1.159e-44
0.000760186	2.95694e-42
0.000768566	1.39654e-41
0.000776947	2.73901e-39
0.000785328	1.30847e-38
0.000793709	1.97335e-36
0.00080209	9.53263e-36
0.000810471	1.10597e-33
0.000818851	5.40016e-33
0.000827232	4.82291e-31
0.000835613	2.37875e-30
0.000843994	1.63689e-28
0.000852375	8.14789e-28
0.000860756	4.32548e-26
0.000869136	2.17022e-25
0.000877517	8.9036e-24
0.000885898	4.49507e-23
0.000894279	1.4285e-21
0.00090266	7.24032e-21
0.000911041	1.78783e-19
0.000919421	9.06959e-19
0.000927802	1.74715e-17
0.000936183	8.83595e-17
0.000944564	1.33484e-15
0.000952945	6.69561e-15
0.000961326	7.98495e-14
0.000969707	3.94682e-13
0.000978087	3.74637e-12
0.000986468	1.81003e-11
0.000994849	1.38133e-10
0.00100323	6.45943e-10
0.00101161	4.01085e-09
0.00101999	1.79424e-08
0.00102837	9.19026e-08
0.00103675	3.88051e-07
0.00104513	1.66485e-06
0.00105351	6.53747e-06
0.0010619	2.38772e-05
0.00107028	8.58389e-05
0.00107866	0.000271313
0.00108704	0.00087906
0.00109542	0.00244227
0.0011038	0.00702743
0.00111218	0.0173995
0.00112056	0.0439021
0.00112894	0.0979343
0.00113732	0.214606
0.0011457	0.444671
0.00115409	0.841928
0.00116247	1.56255
0.00117085	2.60999
0.00117923	4.17572
0.00118761	6.23141
0.00119599	8.70258
0.00120437	11.5486
0.00121275	14.2409
0.00122113	16.7763
0.00122951	18.5856
0.00123789	19.6994
0.00124627	20.0809
0.00125466	20.1959
0.00126304	20.6367
0.00127142	22.0796
0.0012798	25.1552
0.00128818	30.592
0.00129656	38.5876
0.00130494	49.1306
0.00131332	61.8376
0.0013217	76.7079
0.00133008	93.0481
0.00133846	110.864
0.00134684	129.97
0.00135523	150.363
0.00136361	172.387
0.00137199	196.037
0.00138037	221.855
0.00138875	249.831
0.00139713	280.661
0.00140551	314.337
0.00141389	351.657
0.00142227	392.628
0.00143065	437.792
0.00143903	487.155
0.00144741	541.146
0.0014558	599.713
0.00146418	664.089
0.00147256	734.204
0.00148094	812.276
0.00148932	898.343
0.0014977	994.297
0.00150608	1100.31
0.00151446	1216.65
0.00152284	1343.53
0.00153122	1479.23
0.0015396	1623.96
0.00154798	1774.12
0.00155637	1929.78
0.00156475	2086.31
0.00157313	2243.58
0.00158151	2397.28
0.00158989	2547.27
0.00159827	2689.18
0.00160665	2823.09
0.00161503	2942.86
0.00162341	3048.29
0.00163179	3133.34
0.00164017	3198.83
0.00164855	3231.43
0.00165694	3244.97
0.00166532	3246.09
0.0016737	3224.85
0.00168208	3197.36
0.00169046	3166.84
0.00169884	3138.18
0.00170722	3114.09
0.0017156	3089.31
0.00172398	3064.82
0.00173236	3029.7
0.00174074	2982.39
0.00174912	2915.11
0.00175751	2824.97
0.00176589	2713.12
0.00177427	2577.46
0.00178265	2427.76
0.00179103	2264.5
0.00179941	2099.47
0.00180779	1935.65
0.00181617	1779.32
0.00182455	1633.7
0.00183293	1497.42
0.00184131	1371.68
0.00184969	1251.37
0.00185808	1135.32
0.00186646	1020.44
0.00187484	904.654
0.00188322	790.065
0.0018916	675.85
0.00189998	567.506
0.00190836	466.514
0.00191674	376.721
0.00192512	300.589
0.0019335	237.245
0.00194188	187.726
0.00195026	148.433
0.00195865	118.373
0.00196703	94.8245
0.00197541	76.2987
0.00198379	61.7227
0.00199217	50.2903
0.00200055	41.319
0.00200893	34.3858
0.00201731	28.7829
0.00202569	24.0181
0.00203407	19.8281
0.00204245	15.8556
0.00205083	12.2669
0.00205922	9.04584
0.0020676	6.31851
0.00207598	4.20248
0.00208436	2.60566
0.00209274	1.53838
0.00210112	0.846157
0.0021095	0.426808
0.00211788	0.21594
0.00212626	0.0954437
0.00213464	0.0430568
0.00214302	0.0172384
0.0021514	0.00668691
0.00215979	0.00227796
0.00216817	0.000808311
