0.000166815	3.1085e-17
0.000172682	3.58993e-16
0.000178548	1.34272e-15
0.000184415	1.32744e-14
0.000190282	4.81593e-14
0.000196148	4.00616e-13
0.000202015	1.43434e-12
0.000207881	1.00857e-11
0.000213748	3.54746e-11
0.000219614	2.11981e-10
0.000225481	7.2862e-10
0.000231347	3.72273e-09
0.000237214	1.24289e-08
0.00024308	5.46727e-08
0.000248947	1.76097e-07
0.000254813	6.72021e-07
0.00026068	2.07257e-06
0.000266547	6.91871e-06
0.000272413	2.02658e-05
0.00027828	5.96987e-05
0.000284146	0.000164663
0.000290013	0.0004319
0.000295879	0.00111199
0.000301746	0.00262033
0.000307612	0.00624303
0.000313479	0.01333
0.000319345	0.0291494
0.000325212	0.0568358
0.000331078	0.113235
0.000336945	0.211219
0.000342812	0.37125
0.000348678	0.63188
0.000354545	1.00991
0.000360411	1.56198
0.000366278	2.28124
0.000372144	3.2032
0.000378011	4.28263
0.000383877	5.46786
0.000389744	6.69515
0.00039561	7.80234
0.000401477	8.76017
0.000407343	9.4121
0.00041321	9.74658
0.000419077	9.69404
0.000424943	9.48701
0.00043081	9.13773
0.000436676	8.78375
0.000442543	8.77436
0.000448409	8.81492
0.000454276	9.10372
0.000460142	9.96069
0.000466009	11.1029
0.000471875	12.6344
0.000477742	14.6561
0.000483608	17.2672
0.000489475	20.8362
0.000495342	25.4299
0.000501208	31.571
0.000507075	39.2034
0.000512941	48.5576
0.000518808	59.4773
0.000524674	71.5559
0.000530541	84.6696
0.000536407	97.9769
0.000542274	111.502
0.00054814	124.649
0.000554007	137.58
0.000559873	150.534
0.00056574	163.702
0.000571606	178.192
0.000577473	194.12
0.00058334	212.994
0.000589206	234.815
0.000595073	260.866
0.000600939	291.053
0.000606806	325.904
0.000612672	365.285
0.000618539	408.725
0.000624405	456.134
0.000630272	506.372
0.000636138	559.467
0.000642005	614.582
0.000647871	671.842
0.000653738	731.664
0.000659605	794.144
0.000665471	860.766
0.000671338	931.51
0.000677204	1007.57
0.000683071	1088.87
0.000688937	1175.39
0.000694804	1267.09
0.00070067	1363.44
0.000706537	1464.47
0.000712403	1570.23
0.00071827	1680.74
0.000724136	1796.16
0.000730003	1916.45
0.00073587	2040
0.000741736	2166.81
0.000747603	2292.76
0.000753469	2417.88
0.000759336	2537.25
0.000765202	2650.88
0.000771069	2755.76
0.000776935	2851.86
0.000782802	2939.44
0.000788668	3018.43
0.000794535	3091.33
0.000800401	3158.13
0.000806268	3220.94
0.000812135	3279.87
0.000818001	3334.47
0.000823868	3384.9
0.000829734	3428.04
0.000835601	3463.93
0.000841467	3488.82
0.000847334	3502.5
0.0008532	3503.58
0.000859067	3490.81
0.000864933	3464.79
0.0008708	3425.45
0.000876666	3374.09
0.000882533	3310.6
0.0008884	3237.35
0.000894266	3154.2
0.000900133	3064.91
0.000905999	2969.46
0.000911866	2872.56
0.000917732	2774.41
0.000923599	2679.08
0.000929465	2586.95
0.000935332	2500.34
0.000941198	2419.64
0.000947065	2345.34
0.000952931	2277.83
0.000958798	2215.39
0.000964665	2158.43
0.000970531	2102.38
0.000976398	2047.27
0.000982264	1986.88
0.000988131	1920.44
0.000993997	1843.88
0.000999864	1755.82
0.00100573	1657.69
0.0010116	1548.51
0.00101746	1434.54
0.00102333	1316.05
0.0010292	1200.06
0.00103506	1087.9
0.00104093	983.553
0.0010468	888.465
0.00105266	802.695
0.00105853	726.972
0.0010644	658.997
0.00107026	598.62
0.00107613	543.428
0.001082	492.788
0.00108786	445.512
0.00109373	401.051
0.00109959	359.349
0.00110546	320.24
0.00111133	283.915
0.00111719	250.458
0.00112306	219.708
0.00112893	191.7
0.00113479	166.065
0.00114066	142.673
0.00114653	121.39
0.00115239	102.071
0.00115826	84.9307
0.00116413	69.989
0.00116999	57.4609
0.00117586	47.517
0.00118173	39.9534
0.00118759	34.8131
0.00119346	31.6653
0.00119933	30.0834
0.00120519	29.3168
0.00121106	29.0198
0.00121693	28.6176
0.00122279	27.7108
0.00122866	26.2227
0.00123453	23.9559
0.00124039	21.2096
0.00124626	18.034
0.00125212	14.7721
0.00125799	11.6338
0.00126386	8.77653
0.00126972	6.38597
0.00127559	4.42932
0.00128146	2.96857
0.00128732	1.89379
0.00129319	1.16311
0.00129906	0.684491
0.00130492	0.381189
0.00131079	0.208799
0.00131666	0.10319
0.00132252	0.0536966
0.00132839	0.0221155
0.00133426	0.0115885
