0.000500379	7.70587e-78
0.000507922	8.0975e-75
0.000515465	3.23669e-74
0.000523008	2.76331e-71
0.00053055	1.1153e-70
0.000538093	7.73348e-68
0.000545636	3.1528e-67
0.000553179	1.7754e-64
0.000560721	7.31162e-64
0.000568264	3.34347e-61
0.000575807	1.39105e-60
0.00058335	5.16524e-58
0.000590892	2.17113e-57
0.000598435	6.54613e-55
0.000605978	2.77998e-54
0.000613521	6.80605e-52
0.000621063	2.92019e-51
0.000628606	5.8055e-49
0.000636149	2.51648e-48
0.000643692	4.06296e-46
0.000651234	1.77907e-45
0.000658777	2.3331e-43
0.00066632	1.03183e-42
0.000673862	1.09938e-40
0.000681405	4.90951e-40
0.000688948	4.25146e-38
0.000696491	1.91641e-37
0.000704033	1.34946e-35
0.000711576	6.13709e-35
0.000719119	3.51634e-33
0.000726662	1.61236e-32
0.000734204	7.52353e-31
0.000741747	3.47529e-30
0.00074929	1.32211e-28
0.000756833	6.1455e-28
0.000764375	1.90883e-26
0.000771918	8.91594e-26
0.000779461	2.26514e-24
0.000787004	1.06128e-23
0.000794546	2.21034e-22
0.000802089	1.03647e-21
0.000809632	1.77461e-20
0.000817175	8.30554e-20
0.000824717	1.17308e-18
0.00083226	5.46109e-18
0.000839803	6.38949e-17
0.000847345	2.94657e-16
0.000854888	2.8702e-15
0.000862431	1.30471e-14
0.000869974	1.06437e-13
0.000877516	4.74143e-13
0.000885059	3.26192e-12
0.000892602	1.41434e-11
0.000900145	8.27049e-11
0.000907687	3.46348e-10
0.00091523	1.73675e-09
0.000922773	6.96408e-09
0.000930316	3.0236e-08
0.000937858	1.15002e-07
0.000945401	4.36764e-07
0.000952944	1.56013e-06
0.000960487	5.23787e-06
0.000968029	1.73934e-05
0.000975572	5.2163e-05
0.000983115	0.000159426
0.000990658	0.000431354
0.0009982	0.00120204
0.00100574	0.00296063
0.00101329	0.00746028
0.00102083	0.0168541
0.00102837	0.0381457
0.00103591	0.0795094
0.00104346	0.160877
0.001051	0.318094
0.00105854	0.574108
0.00106608	1.02892
0.00107363	1.69179
0.00108117	2.71657
0.00108871	4.09925
0.00109626	5.95191
0.0011038	8.25836
0.00111134	10.9779
0.00111888	14.1021
0.00112643	17.4883
0.00113397	21.1572
0.00114151	25.1702
0.00114906	29.5692
0.0011566	34.9226
0.00116414	41.2609
0.00117168	49.5932
0.00117923	59.923
0.00118677	73.3388
0.00119431	89.83
0.00120185	110.326
0.0012094	134.816
0.00121694	164.064
0.00122448	198.063
0.00123203	237.424
0.00123957	282.142
0.00124711	332.665
0.00125465	388.987
0.0012622	451.259
0.00126974	519.488
0.00127728	592.894
0.00128482	671.517
0.00129237	752.78
0.00129991	836.745
0.00130745	919.211
0.001315	1000.18
0.00132254	1075.78
0.00133008	1145.85
0.00133762	1209.54
0.00134517	1266.59
0.00135271	1320.76
0.00136025	1371.8
0.00136779	1427.23
0.00137534	1487.04
0.00138288	1559.03
0.00139042	1643.61
0.00139797	1744.73
0.00140551	1863.05
0.00141305	1996.15
0.00142059	2144.64
0.00142814	2300.42
0.00143568	2463.63
0.00144322	2624.11
0.00145076	2781.46
0.00145831	2927.03
0.00146585	3060.24
0.00147339	3175.02
0.00148094	3270.82
0.00148848	3344.76
0.00149602	3399.39
0.00150356	3412.54
0.00151111	3410.14
0.00151865	3402
0.00152619	3359.75
0.00153373	3304.12
0.00154128	3239.73
0.00154882	3171.55
0.00155636	3101.11
0.00156391	3030.27
0.00157145	2960.26
0.00157899	2887.84
0.00158653	2813.1
0.00159408	2731.74
0.00160162	2642.94
0.00160916	2544.72
0.0016167	2436.13
0.00162425	2318.42
0.00163179	2191.12
0.00163933	2057.73
0.00164688	1918.47
0.00165442	1777.42
0.00166196	1635.3
0.0016695	1495.41
0.00167705	1358.61
0.00168459	1226.99
0.00169213	1101.22
0.00169968	982.398
0.00170722	870.942
0.00171476	767.463
0.0017223	672.188
0.00172985	585.588
0.00173739	507.875
0.00174493	439.209
0.00175247	379.856
0.00176002	329.209
0.00176756	287.41
0.0017751	252.981
0.00178265	225.7
0.00179019	203.704
0.00179773	186.392
0.00180527	172.175
0.00181282	160.313
0.00182036	149.834
0.0018279	140.126
0.00183544	130.768
0.00184299	121.379
0.00185053	111.9
0.00185807	102.147
0.00186562	92.3092
0.00187316	82.3768
0.0018807	72.6357
0.00188824	63.2243
0.00189579	54.3239
0.00190333	46.0963
0.00191087	38.5572
0.00191841	31.7735
0.00192596	25.7111
0.0019335	20.3648
0.00194104	15.7271
0.00194859	11.8002
0.00195613	8.55331
0.00196367	5.99164
0.00197121	4.02059
0.00197876	2.59562
0.0019863	1.6007
0.00199384	0.897376
0.00200138	0.533064
