0.000166815	0.000763901
0.000171844	0.00130404
0.000176872	0.00292444
0.000181901	0.00528031
0.000186929	0.0101407
0.000191958	0.0178228
0.000196986	0.0319004
0.000202014	0.0539741
0.000207043	0.0909997
0.000212071	0.147547
0.0002171	0.235397
0.000222128	0.364792
0.000227157	0.552355
0.000232185	0.816772
0.000237214	1.17652
0.000242242	1.65889
0.00024727	2.27793
0.000252299	3.06379
0.000257327	4.01956
0.000262356	5.16599
0.000267384	6.49521
0.000272413	8.00675
0.000277441	9.69475
0.000282469	11.541
0.000287498	13.5671
0.000292526	15.7703
0.000297555	18.2258
0.000302583	21.008
0.000307612	24.2537
0.00031264	28.1778
0.000317669	32.9537
0.000322697	38.9573
0.000327725	46.3417
0.000332754	55.5808
0.000337782	66.7397
0.000342811	80.2376
0.000347839	96.002
0.000352868	114.195
0.000357896	134.607
0.000362924	156.974
0.000367953	181.007
0.000372981	205.981
0.00037801	231.627
0.000383038	256.917
0.000388067	281.705
0.000393095	304.982
0.000398123	326.778
0.000403152	346.475
0.00040818	364.262
0.000413209	380.169
0.000418237	394.474
0.000423266	407.9
0.000428294	420.734
0.000433323	434.246
0.000438351	448.673
0.000443379	465.584
0.000448408	485.138
0.000453436	508.939
0.000458465	537.055
0.000463493	570.871
0.000468522	610.345
0.00047355	656.371
0.000478578	708.79
0.000483607	767.71
0.000488635	832.887
0.000493664	903.439
0.000498692	979.11
0.000503721	1058.09
0.000508749	1140.22
0.000513778	1223.23
0.000518806	1307.11
0.000523834	1389.93
0.000528863	1471.84
0.000533891	1552.01
0.00053892	1630.63
0.000543948	1708.27
0.000548977	1785.09
0.000554005	1862.62
0.000559033	1940.88
0.000564062	2021.42
0.00056909	2104.12
0.000574119	2189.47
0.000579147	2277.27
0.000584176	2366.3
0.000589204	2456.42
0.000594233	2544.86
0.000599261	2631.55
0.000604289	2713.08
0.000609318	2789.49
0.000614346	2857.97
0.000619375	2918.63
0.000624403	2970.35
0.000629432	3013.23
0.00063446	3048.22
0.000639488	3075.38
0.000644517	3097.2
0.000649545	3113.69
0.000654574	3127.74
0.000659602	3139.33
0.000664631	3150.51
0.000669659	3161.26
0.000674688	3172.1
0.000679716	3183.05
0.000684744	3193.18
0.000689773	3202.52
0.000694801	3209.21
0.00069983	3213.26
0.000704858	3213.33
0.000709887	3208.15
0.000714915	3197.44
0.000719943	3179.84
0.000724972	3154.7
0.00073	3122.03
0.000735029	3081.19
0.000740057	3032.13
0.000745086	2975.26
0.000750114	2910.5
0.000755143	2839.2
0.000760171	2761.3
0.000765199	2678.64
0.000770228	2591.23
0.000775256	2500.94
0.000780285	2407.82
0.000785313	2313.55
0.000790342	2218.19
0.00079537	2123.32
0.000800398	2028.99
0.000805427	1936.82
0.000810455	1846.86
0.000815484	1760.54
0.000820512	1677.98
0.000825541	1599.9
0.000830569	1526.48
0.000835598	1457.34
0.000840626	1392.62
0.000845654	1330.97
0.000850683	1272.38
0.000855711	1215.13
0.00086074	1159.05
0.000865768	1102.88
0.000870797	1046.34
0.000875825	989.106
0.000880853	930.957
0.000885882	872.452
0.00089091	813.527
0.000895939	755.19
0.000900967	697.534
0.000905996	641.507
0.000911024	587.287
0.000916052	535.462
0.000921081	486.198
0.000926109	439.716
0.000931138	396.114
0.000936166	355.393
0.000941195	317.585
0.000946223	282.62
0.000951252	250.5
0.00095628	221.135
0.000961308	194.524
0.000966337	170.531
0.000971365	149.156
0.000976394	130.175
0.000981422	113.569
0.000986451	99.0329
0.000991479	86.5095
0.000996507	75.6666
0.00100154	66.4134
0.00100656	58.4574
0.00101159	51.6959
0.00101662	45.909
0.00102165	41.0071
0.00102668	36.8275
0.00103171	33.3028
0.00103673	30.2928
0.00104176	27.7415
0.00104679	25.5159
0.00105182	23.5568
0.00105685	21.7556
0.00106188	20.0489
0.00106691	18.3812
0.00107193	16.7001
0.00107696	15.0125
0.00108199	13.2955
0.00108702	11.5964
0.00109205	9.92629
0.00109708	8.33638
0.0011021	6.85788
0.00110713	5.51804
0.00111216	4.34677
0.00111719	3.34101
0.00112222	2.51403
0.00112725	1.8431
0.00113228	1.32229
0.0011373	0.924289
0.00114233	0.631068
0.00114736	0.420824
0.00115239	0.272861
0.00115742	0.173831
0.00116245	0.102119
0.00116747	0.065126
