3.33898e-05	22.9144
3.55687e-05	28.3446
3.77476e-05	34.9388
3.99264e-05	42.6344
4.21053e-05	51.6136
4.42842e-05	62.0185
4.64631e-05	73.9371
4.8642e-05	87.509
5.08209e-05	102.767
5.29998e-05	119.818
5.51787e-05	138.616
5.73576e-05	159.198
5.95365e-05	181.424
6.17154e-05	205.214
6.38943e-05	230.338
6.60732e-05	256.565
6.82521e-05	283.598
7.0431e-05	311.044
7.26099e-05	338.591
7.47888e-05	365.711
7.69677e-05	392.14
7.91465e-05	417.296
8.13254e-05	441.022
8.35043e-05	462.802
8.56832e-05	482.629
8.78621e-05	500.187
9.0041e-05	515.631
9.22199e-05	528.96
9.43988e-05	540.464
9.65777e-05	550.518
9.87566e-05	559.484
0.000100935	568.093
0.000103114	576.708
0.000105293	586.308
0.000107472	597.191
0.000109651	610.417
0.00011183	626.173
0.000114009	645.419
0.000116188	668.224
0.000118367	695.29
0.000120546	726.591
0.000122724	762.499
0.000124903	802.926
0.000127082	847.919
0.000129261	897.375
0.00013144	951.091
0.000133619	1008.97
0.000135798	1070.67
0.000137977	1136.1
0.000140156	1204.85
0.000142334	1276.84
0.000144513	1351.61
0.000146692	1429.07
0.000148871	1508.7
0.00015105	1590.4
0.000153229	1673.52
0.000155408	1757.96
0.000157587	1842.96
0.000159766	1928.43
0.000161945	2013.55
0.000164123	2098.27
0.000166302	2181.83
0.000168481	2264.25
0.00017066	2345
0.000172839	2424.15
0.000175018	2501.53
0.000177197	2577.24
0.000179376	2651.52
0.000181555	2724.46
0.000183733	2796.64
0.000185912	2868.12
0.000188091	2939.65
0.00019027	3011.23
0.000192449	3083.56
0.000194628	3156.59
0.000196807	3230.72
0.000198986	3305.88
0.000201165	3382.03
0.000203344	3459.09
0.000205522	3536.49
0.000207701	3614.16
0.00020988	3691.03
0.000212059	3767.07
0.000214238	3840.83
0.000216417	3912.3
0.000218596	3979.87
0.000220775	4043.56
0.000222954	4101.89
0.000225132	4154.89
0.000227311	4201.51
0.00022949	4241.78
0.000231669	4275.36
0.000233848	4302.28
0.000236027	4323.02
0.000238206	4337.62
0.000240385	4347.54
0.000242564	4352.75
0.000244743	4353.25
0.000246921	4352.18
0.0002491	4349.81
0.000251279	4345.63
0.000253458	4341.42
0.000255637	4337.18
0.000257816	4333.26
0.000259995	4329.66
0.000262174	4325.69
0.000264353	4321.38
0.000266531	4315.03
0.00026871	4306.68
0.000270889	4294.04
0.000273068	4277.11
0.000275247	4253.54
0.000277426	4223.29
0.000279605	4184.49
0.000281784	4137.08
0.000283963	4080.09
0.000286142	4013.45
0.00028832	3937.35
0.000290499	3851.7
0.000292678	3757.87
0.000294857	3655.77
0.000297036	3547.63
0.000299215	3433.43
0.000301394	3315.81
0.000303573	3194.82
0.000305752	3072.97
0.00030793	2950.39
0.000310109	2829.02
0.000312288	2709.04
0.000314467	2591.58
0.000316646	2476.82
0.000318825	2365.14
0.000321004	2256.64
0.000323183	2151.17
0.000325362	2048.78
0.00032754	1949.11
0.000329719	1852.14
0.000331898	1757.59
0.000334077	1665.4
0.000336256	1575.53
0.000338435	1487.93
0.000340614	1402.75
0.000342793	1319.99
0.000344972	1239.9
0.000347151	1162.51
0.000349329	1088.04
0.000351508	1016.54
0.000353687	948.094
0.000355866	882.758
0.000358045	820.482
0.000360224	761.287
0.000362403	705.033
0.000364582	651.714
0.000366761	601.165
0.000368939	553.357
0.000371118	508.156
0.000373297	465.528
0.000375476	425.386
0.000377655	387.704
0.000379834	352.429
0.000382013	319.546
0.000384192	289.002
0.000386371	260.792
0.00038855	234.826
0.000390728	211.101
0.000392907	189.474
0.000395086	169.926
0.000397265	152.264
0.000399444	136.45
0.000401623	122.257
0.000403802	109.622
0.000405981	98.3139
0.00040816	88.2525
0.000410338	79.2273
0.000412517	71.1507
0.000414696	63.8553
0.000416875	57.2567
0.000419054	51.2398
0.000421233	45.7343
0.000423412	40.674
0.000425591	36.0086
0.00042777	31.7083
0.000429949	27.7436
0.000432127	24.1041
0.000434306	20.7769
0.000436485	17.7558
0.000438664	15.0366
0.000440843	12.6083
0.000443022	10.4674
0.000445201	8.5951
0.00044738	6.98345
0.000449559	5.60741
0.000451737	4.45283
0.000453916	3.49276
0.000456095	2.70791
0.000458274	2.07357
0.000460453	1.56816
0.000462632	1.17182
0.000464811	0.855751
0.00046699	0.629806
