0.000500379	1.37018e-120
0.00050876	2.41201e-116
0.000517141	9.64762e-116
0.000525522	1.33805e-111
0.000533903	5.40656e-111
0.000542284	5.90679e-107
0.000550665	2.41146e-106
0.000559045	2.07502e-102
0.000567426	8.56043e-102
0.000575807	5.80071e-98
0.000584188	2.41863e-97
0.000592569	1.29041e-93
0.00060095	5.43877e-93
0.00060933	2.28437e-89
0.000617711	9.73394e-89
0.000626092	3.21802e-85
0.000634473	1.38655e-84
0.000642854	3.60745e-81
0.000651235	1.57194e-80
0.000659615	3.21811e-77
0.000667996	1.41839e-76
0.000676377	2.2845e-73
0.000684758	1.01862e-72
0.000693139	1.29054e-69
0.00070152	5.82218e-69
0.0007099	5.80164e-66
0.000718281	2.6486e-65
0.000726662	2.07554e-62
0.000735043	9.58968e-62
0.000743424	5.90909e-59
0.000751805	2.76344e-58
0.000760186	1.33885e-55
0.000768566	6.33803e-55
0.000776947	2.41424e-52
0.000785328	1.15696e-51
0.000793709	3.46485e-49
0.00080209	1.68091e-48
0.000810471	3.95797e-46
0.000818851	1.94372e-45
0.000827232	3.59899e-43
0.000835613	1.78891e-42
0.000843994	2.60529e-40
0.000852375	1.31043e-39
0.000860756	1.50161e-37
0.000869136	7.64044e-37
0.000877517	6.89239e-35
0.000885898	3.54573e-34
0.000894279	2.51996e-32
0.00090266	1.30975e-31
0.000911041	7.34117e-30
0.000919421	3.85103e-29
0.000927802	1.70472e-27
0.000936183	9.01353e-27
0.000944564	3.15703e-25
0.000952945	1.67944e-24
0.000961326	4.66569e-23
0.000969707	2.49128e-22
0.000978087	5.50692e-21
0.000986468	2.94249e-20
0.000994849	5.19616e-19
0.00100323	2.76759e-18
0.00101161	3.9242e-17
0.00101999	2.07333e-16
0.00102837	2.37536e-15
0.00103675	1.23745e-14
0.00104513	1.15432e-13
0.00105351	5.88618e-13
0.0010619	4.51172e-12
0.00107028	2.23249e-11
0.00107866	1.42117e-10
0.00108704	6.75568e-10
0.00109542	3.61522e-09
0.0011038	1.63246e-08
0.00111218	7.44219e-08
0.00112056	3.15355e-07
0.00112894	1.24217e-06
0.00113732	4.8774e-06
0.0011457	1.68392e-05
0.00115409	6.05142e-05
0.00116247	0.000185687
0.00117085	0.000603807
0.00117923	0.00166788
0.00118761	0.00486057
0.00119599	0.01222
0.00120437	0.0316888
0.00121275	0.0731487
0.00122113	0.168087
0.00122951	0.358448
0.00123789	0.729094
0.00124627	1.46889
0.00125466	2.66746
0.00126304	4.85892
0.00127142	8.05373
0.0012798	13.0773
0.00128818	19.9153
0.00129656	29.1427
0.00130494	40.7324
0.00131332	54.2474
0.0013217	69.6776
0.00133008	85.4776
0.00133846	101.659
0.00134684	116.92
0.00135523	131.252
0.00136361	145.423
0.00137199	159.384
0.00138037	176.17
0.00138875	195.741
0.00139713	221.803
0.00140551	254.36
0.00141389	296.434
0.00142227	348.067
0.00143065	411.293
0.00143903	486.206
0.00144741	573.36
0.0014558	672.947
0.00146418	782.816
0.00147256	903.253
0.00148094	1028.39
0.00148932	1158.47
0.0014977	1284.53
0.00150608	1406.39
0.00151446	1516.11
0.00152284	1612.76
0.00153122	1696.18
0.0015396	1765.15
0.00154798	1830.24
0.00155637	1891.21
0.00156475	1962.12
0.00157313	2044.45
0.00158151	2143.32
0.00158989	2260.83
0.00159827	2388.5
0.00160665	2527.05
0.00161503	2662.15
0.00162341	2792.6
0.00163179	2908.61
0.00164017	3008.47
0.00164855	3089.61
0.00165694	3151.09
0.00166532	3194.13
0.0016737	3219.27
0.00168208	3224.31
0.00169046	3215.06
0.00169884	3193.95
0.00170722	3158.77
0.0017156	3112.74
0.00172398	3057.06
0.00173236	2990.1
0.00174074	2911.76
0.00174912	2820.89
0.00175751	2716.22
0.00176589	2602.25
0.00177427	2478.7
0.00178265	2353.26
0.00179103	2227.95
0.00179941	2105.46
0.00180779	1988.1
0.00181617	1871.32
0.00182455	1754.94
0.00183293	1633.96
0.00184131	1506.05
0.00184969	1372.57
0.00185808	1231.95
0.00186646	1091.4
0.00187484	952.069
0.00188322	820.861
0.0018916	700.712
0.00189998	593.414
0.00190836	501.136
0.00191674	421.102
0.00192512	353.271
0.0019335	294.246
0.00194188	242.574
0.00195026	197.011
0.00195865	156.423
0.00196703	121.28
0.00197541	91.5159
0.00198379	67.3838
0.00199217	49.2778
0.00200055	36.2681
0.00200893	27.919
0.00201731	24.0558
0.00202569	22.5281
0.00203407	22.0744
0.00204245	22.1937
0.00205083	22.2855
0.00205922	21.4794
0.0020676	19.7459
0.00207598	17.2249
0.00208436	14.3039
0.00209274	11.2307
0.00210112	8.30553
0.0021095	5.85319
0.00211788	3.8502
0.00212626	2.42394
0.00213464	1.42413
0.00214302	0.78945
0.0021514	0.420589
0.00215979	0.179542
0.00216817	0.0991933
