3.33898e-05	0.0118938
3.52334e-05	0.0186956
3.70771e-05	0.0357979
3.89207e-05	0.0595572
4.07644e-05	0.100612
4.2608e-05	0.162755
4.44517e-05	0.264166
4.62953e-05	0.414891
4.8139e-05	0.648328
4.99827e-05	0.987618
5.18263e-05	1.48849
5.367e-05	2.19801
5.55136e-05	3.20027
5.73573e-05	4.58031
5.92009e-05	6.45219
6.10446e-05	8.9528
6.28882e-05	12.2201
6.47319e-05	16.4503
6.65755e-05	21.7907
6.84192e-05	28.4905
7.02628e-05	36.6873
7.21065e-05	46.6605
7.39502e-05	58.52
7.57938e-05	72.5412
7.76375e-05	88.7977
7.94811e-05	107.526
8.13248e-05	128.767
8.31684e-05	152.699
8.50121e-05	179.336
8.68557e-05	208.796
8.86994e-05	241.079
9.0543e-05	276.251
9.23867e-05	314.298
9.42303e-05	355.243
9.6074e-05	399.064
9.79177e-05	445.741
9.97613e-05	495.258
0.000101605	547.563
0.000103449	602.669
0.000105292	660.542
0.000107136	721.25
0.00010898	784.871
0.000110823	851.546
0.000112667	921.581
0.000114511	995.186
0.000116354	1072.98
0.000118198	1155.21
0.000120042	1242.8
0.000121885	1335.95
0.000123729	1435.78
0.000125572	1542.36
0.000127416	1656.69
0.00012926	1778.72
0.000131103	1908.96
0.000132947	2047.22
0.000134791	2193.29
0.000136634	2346.87
0.000138478	2506.95
0.000140322	2673.3
0.000142165	2844.34
0.000144009	3019.94
0.000145853	3198.5
0.000147696	3380.02
0.00014954	3563.35
0.000151384	3748.6
0.000153227	3935.32
0.000155071	4123.6
0.000156915	4313.57
0.000158758	4505.23
0.000160602	4698.75
0.000162446	4894.04
0.000164289	5090.79
0.000166133	5288.84
0.000167977	5487.11
0.00016982	5685.43
0.000171664	5881.98
0.000173507	6076.65
0.000175351	6267.22
0.000177195	6453.63
0.000179038	6633.58
0.000180882	6807.07
0.000182726	6971.96
0.000184569	7128.26
0.000186413	7274.04
0.000188257	7409.33
0.0001901	7532.46
0.000191944	7643.45
0.000193788	7740.99
0.000195631	7825.15
0.000197475	7895.16
0.000199319	7951.1
0.000201162	7994.12
0.000203006	8023.78
0.00020485	8031.75
0.000206693	8034.17
0.000208537	8030.57
0.000210381	8008.18
0.000212224	7978.02
0.000214068	7939.9
0.000215912	7895.9
0.000217755	7845.99
0.000219599	7792.83
0.000221442	7736.4
0.000223286	7678.36
0.00022513	7618.73
0.000226973	7557.48
0.000228817	7494.66
0.000230661	7428.17
0.000232504	7358.1
0.000234348	7280.67
0.000236192	7195.94
0.000238035	7099.69
0.000239879	6991.84
0.000241723	6869.34
0.000243566	6732
0.00024541	6579.31
0.000247254	6411.02
0.000249097	6229.7
0.000250941	6035.14
0.000252785	5832.48
0.000254628	5621.66
0.000256472	5408.96
0.000258316	5194.53
0.000260159	4984.12
0.000262003	4778.07
0.000263847	4580.25
0.00026569	4391.06
0.000267534	4211.94
0.000269377	4043.22
0.000271221	3884.07
0.000273065	3734.69
0.000274908	3592.75
0.000276752	3458.26
0.000278596	3328.41
0.000280439	3203.01
0.000282283	3079.63
0.000284127	2957.99
0.00028597	2836.53
0.000287814	2714.98
0.000289658	2592.78
0.000291501	2469.71
0.000293345	2346.06
0.000295189	2221.72
0.000297032	2097.49
0.000298876	1973.38
0.00030072	1850.43
0.000302563	1728.73
0.000304407	1609.38
0.000306251	1492.51
0.000308094	1379.22
0.000309938	1269.65
0.000311782	1164.77
0.000313625	1064.75
0.000315469	970.322
0.000317312	881.677
0.000319156	799.184
0.000321	723.014
0.000322843	653.143
0.000324687	589.676
0.000326531	532.248
0.000328374	480.865
0.000330218	434.961
0.000332062	394.447
0.000333905	358.699
0.000335749	327.571
0.000337593	300.476
0.000339436	277.25
0.00034128	257.352
0.000343124	240.628
0.000344967	226.535
0.000346811	214.921
0.000348655	205.201
0.000350498	197.2
0.000352342	190.304
0.000354186	184.29
0.000356029	178.601
0.000357873	172.974
0.000359717	167.018
0.00036156	160.478
0.000363404	153.208
0.000365247	145.025
0.000367091	136.034
0.000368935	126.175
0.000370778	115.733
0.000372622	104.781
0.000374466	93.6646
0.000376309	82.559
0.000378153	71.7545
0.000379997	61.4639
0.00038184	51.8564
0.000383684	43.1127
0.000385528	35.2705
0.000387371	28.4331
0.000389215	22.5392
0.000391059	17.6037
0.000392902	13.5157
0.000394746	10.2191
0.00039659	7.5976
0.000398433	5.50842
0.000400277	4.00044
