3.33898e-05	3.08135e-17
3.55687e-05	1.6287e-16
3.77476e-05	5.59039e-16
3.99264e-05	2.82554e-15
4.21053e-05	9.15461e-15
4.42842e-05	4.2433e-14
4.64631e-05	1.35325e-13
4.8642e-05	5.76717e-13
5.08209e-05	1.80596e-12
5.29998e-05	7.09588e-12
5.51787e-05	2.17619e-11
5.73576e-05	7.90611e-11
5.95365e-05	2.36819e-10
6.17154e-05	7.97933e-10
6.38943e-05	2.32786e-09
6.60732e-05	7.29715e-09
6.82521e-05	2.06737e-08
7.0431e-05	6.0487e-08
7.26099e-05	1.65929e-07
7.47888e-05	4.54606e-07
7.69677e-05	1.20396e-06
7.91465e-05	3.099e-06
8.13254e-05	7.90043e-06
8.35043e-05	1.91678e-05
8.56832e-05	4.69069e-05
8.78621e-05	0.00010761
9.0041e-05	0.000252113
9.22199e-05	0.000548569
9.43988e-05	0.00122741
9.65777e-05	0.00254041
9.87566e-05	0.00541653
0.000100935	0.0106926
0.000103114	0.0216841
0.000105293	0.0409265
0.000107472	0.0788225
0.000109651	0.143804
0.00011183	0.261381
0.000114009	0.461854
0.000116188	0.792183
0.000118367	1.33803
0.000120546	2.18512
0.000122724	3.52499
0.000124903	5.49469
0.000127082	8.4641
0.000129261	12.6185
0.00013144	18.5703
0.000133619	26.5235
0.000135798	37.335
0.000137977	51.1722
0.000140156	69.0194
0.000142334	90.9491
0.000144513	117.831
0.000146692	149.621
0.000148871	186.802
0.00015105	229.249
0.000153229	276.925
0.000155408	329.707
0.000157587	387.161
0.000159766	449.229
0.000161945	515.397
0.000164123	585.671
0.000166302	659.714
0.000168481	737.531
0.00017066	818.94
0.000172839	903.883
0.000175018	992.041
0.000177197	1083.3
0.000179376	1176.91
0.000181555	1272.76
0.000183733	1369.67
0.000185912	1467.6
0.000188091	1565.26
0.00019027	1662.72
0.000192449	1759.14
0.000194628	1854.73
0.000196807	1949.83
0.000198986	2044.77
0.000201165	2141.86
0.000203344	2241.49
0.000205522	2348.41
0.000207701	2462.92
0.00020988	2591.75
0.000212059	2734.95
0.000214238	2899.44
0.000216417	3084.98
0.000218596	3295.9
0.000220775	3531.78
0.000222954	3791.84
0.000225132	4075.63
0.000227311	4376.3
0.00022949	4693.55
0.000231669	5015.64
0.000233848	5342.52
0.000236027	5660.59
0.000238206	5969.98
0.000240385	6258.88
0.000242564	6527.5
0.000244743	6768.68
0.000246921	6982.56
0.0002491	7167.77
0.000251279	7324.34
0.000253458	7455.93
0.000255637	7562.51
0.000257816	7650.88
0.000259995	7720.99
0.000262174	7780.52
0.000264353	7829.46
0.000266531	7874.37
0.00026871	7915.33
0.000270889	7956.19
0.000273068	7997.14
0.000275247	8038.5
0.000277426	8080.49
0.000279605	8119.91
0.000281784	8156.94
0.000283963	8185.8
0.000286142	8206.74
0.00028832	8209.79
0.000290499	8197.14
0.000292678	8168.87
0.000294857	8110.72
0.000297036	8024
0.000299215	7909.39
0.000301394	7763.98
0.000303573	7587.13
0.000305752	7382.18
0.00030793	7148.56
0.000310109	6894.69
0.000312288	6620.35
0.000314467	6337.1
0.000316646	6045.32
0.000318825	5756.24
0.000321004	5470.86
0.000323183	5196.72
0.000325362	4935.06
0.00032754	4688.06
0.000329719	4456.72
0.000331898	4238.55
0.000334077	4033.89
0.000336256	3838.09
0.000338435	3650.78
0.000340614	3467.97
0.000342793	3288.88
0.000344972	3112.06
0.000347151	2936.77
0.000349329	2764.29
0.000351508	2594.34
0.000353687	2429.74
0.000355866	2270.78
0.000358045	2120.11
0.000360224	1978.39
0.000362403	1846.7
0.000364582	1725.69
0.000366761	1614.48
0.000368939	1513.37
0.000371118	1420.1
0.000373297	1334.46
0.000375476	1253.93
0.000377655	1177.95
0.000379834	1104.69
0.000382013	1033.5
0.000384192	963.642
0.000386371	894.66
0.00038855	826.699
0.000390728	759.594
0.000392907	693.911
0.000395086	629.726
0.000397265	567.631
0.000399444	507.81
0.000401623	450.722
0.000403802	396.547
0.000405981	345.623
0.00040816	298.1
0.000410338	254.221
0.000412517	214.121
0.000414696	177.913
0.000416875	145.718
0.000419054	117.442
0.000421233	93.1512
0.000423412	72.515
0.000425591	55.4879
0.00042777	41.5708
0.000429949	30.5843
0.000432127	21.9891
0.000434306	15.5075
0.000436485	10.6791
0.000438664	7.19853
0.000440843	4.74351
0.000443022	3.04721
0.000445201	1.92153
0.00044738	1.1725
0.000449559	0.70834
0.000451737	0.408958
0.000453916	0.237243
0.000456095	0.128381
0.000458274	0.07216
0.000460453	0.0367705
0.000462632	0.0198976
0.000464811	0.00869912
0.00046699	0.00496629
