0.000500379	5.36722e-177
0.000509598	7.1291e-171
0.000518817	2.85164e-170
0.000528036	2.77943e-164
0.000537255	1.12314e-163
0.000546474	8.03164e-158
0.000555693	3.27923e-157
0.000564912	1.7202e-151
0.000574131	7.09749e-151
0.00058335	2.73072e-145
0.000592569	1.13876e-144
0.000601788	3.21291e-139
0.000611007	1.35443e-138
0.000620226	2.80182e-133
0.000629445	1.19419e-132
0.000638664	1.81092e-127
0.000647883	7.80524e-127
0.000657101	8.67507e-122
0.00066632	3.78175e-121
0.000675539	3.08008e-116
0.000684758	1.35829e-115
0.000693977	8.10516e-111
0.000703196	3.6165e-110
0.000712415	1.58078e-105
0.000721634	7.13801e-105
0.000730853	2.28501e-100
0.000740072	1.04438e-99
0.000749291	2.44799e-95
0.00075851	1.13275e-94
0.000767729	1.94373e-90
0.000776948	9.10756e-90
0.000786167	1.14383e-85
0.000795386	5.42829e-85
0.000804605	4.98872e-81
0.000813823	2.39837e-80
0.000823042	1.61256e-76
0.000832261	7.85527e-76
0.00084148	3.86312e-72
0.000850699	1.90721e-71
0.000859918	6.85901e-68
0.000869137	3.43263e-67
0.000878356	9.02578e-64
0.000887575	4.57982e-63
0.000896794	8.80263e-60
0.000906013	4.52962e-59
0.000915232	6.36284e-56
0.000924451	3.32098e-55
0.00093367	3.40886e-52
0.000942889	1.80495e-51
0.000952108	1.35364e-48
0.000961327	7.27201e-48
0.000970545	3.98435e-45
0.000979764	2.1719e-44
0.000988983	8.69364e-42
0.000998202	4.8086e-41
0.00100742	1.40632e-38
0.00101664	7.89218e-38
0.00102586	1.68683e-35
0.00103508	9.60231e-35
0.0010443	1.50057e-32
0.00105352	8.66085e-32
0.00106273	9.90316e-30
0.00107195	5.79106e-29
0.00108117	4.85068e-27
0.00109039	2.87064e-26
0.00109961	1.7644e-24
0.00110883	1.05496e-23
0.00111805	4.76977e-22
0.00112727	2.87439e-21
0.00113649	9.59335e-20
0.00114571	5.80684e-19
0.00115492	1.43757e-17
0.00116414	8.6987e-17
0.00117336	1.60797e-15
0.00118258	9.66367e-15
0.0011918	1.34563e-13
0.00120102	7.96299e-13
0.00121024	8.44896e-12
0.00121946	4.86809e-11
0.00122868	3.99328e-10
0.00123789	2.20866e-09
0.00124711	1.42568e-08
0.00125633	7.44017e-08
0.00126555	3.85777e-07
0.00127477	1.862e-06
0.00128399	7.93344e-06
0.00129321	3.46481e-05
0.00130243	0.000124193
0.00131165	0.000479908
0.00132087	0.0014801
0.00133008	0.00495515
0.0013393	0.0134099
0.00134852	0.0382141
0.00135774	0.0921161
0.00136696	0.220702
0.00137618	0.483626
0.0013854	0.97308
0.00139462	1.92733
0.00140384	3.34545
0.00141305	5.52372
0.00142227	8.45954
0.00143149	12.0582
0.00144071	16.3228
0.00144993	20.8167
0.00145915	25.5305
0.00146837	30.657
0.00147759	36.1597
0.00148681	43.4965
0.00149603	52.653
0.00150524	65.2778
0.00151446	81.4272
0.00152368	101.421
0.0015329	125.322
0.00154212	152.316
0.00155134	182.338
0.00156056	215.595
0.00156978	251.889
0.001579	294.132
0.00158821	342.299
0.00159743	399.749
0.00160665	466.788
0.00161587	543.623
0.00162509	630.345
0.00163431	726.437
0.00164353	831.536
0.00165275	948.806
0.00166197	1078.56
0.00167118	1221.92
0.0016804	1380.36
0.00168962	1543.39
0.00169884	1711.4
0.00170806	1868.98
0.00171728	2013.54
0.0017265	2144.58
0.00173572	2259.24
0.00174494	2374.93
0.00175416	2493.12
0.00176337	2625.23
0.00177259	2776.08
0.00178181	2931.8
0.00179103	3094.36
0.00180025	3236.82
0.00180947	3359.54
0.00181869	3423.89
0.00182791	3449.43
0.00183713	3451.58
0.00184634	3396.39
0.00185556	3312.81
0.00186478	3208.51
0.001874	3095.86
0.00188322	2978.43
0.00189244	2863.75
0.00190166	2754.89
0.00191088	2651.6
0.0019201	2555.69
0.00192932	2460.71
0.00193853	2366.53
0.00194775	2264.54
0.00195697	2152.18
0.00196619	2026.17
0.00197541	1883.22
0.00198463	1729.9
0.00199385	1565.62
0.00200307	1401.89
0.00201229	1241.96
0.0020215	1092.66
0.00203072	958.004
0.00203994	836.925
0.00204916	730.757
0.00205838	635.495
0.0020676	549.951
0.00207682	472.104
0.00208604	400.557
0.00209526	335.623
0.00210448	276.99
0.00211369	225.275
0.00212291	180.924
0.00213213	143.324
0.00214135	112.632
0.00215057	87.3642
0.00215979	66.9312
0.00216901	50.2987
0.00217823	36.7423
0.00218745	25.9225
0.00219666	17.5123
0.00220588	11.195
0.0022151	6.80323
0.00222432	3.85242
0.00223354	2.02388
0.00224276	1.02979
0.00225198	0.460757
0.0022612	0.210688
0.00227042	0.0840148
0.00227964	0.0325274
0.00228885	0.0117632
0.00229807	0.00376812
0.00230729	0.00125866
0.00231651	0.000326384
0.00232573	9.74124e-05
0.00233495	2.10884e-05
