0.000500379	3.31367e-153
0.000509598	1.13445e-147
0.000518817	4.5378e-147
0.000528036	1.15276e-141
0.000537255	4.6582e-141
0.000546474	8.77935e-136
0.000555693	3.5845e-135
0.000564912	5.01133e-130
0.000574131	2.06765e-129
0.00058335	2.14392e-124
0.000592569	8.94047e-124
0.000601788	6.8743e-119
0.000611007	2.89789e-118
0.000620226	1.652e-113
0.000629445	7.04106e-113
0.000638664	2.97544e-108
0.000647883	1.28242e-107
0.000657101	4.01654e-103
0.00066632	1.7509e-102
0.000675539	4.06357e-98
0.000684758	1.79195e-97
0.000693977	3.08119e-93
0.000703196	1.37475e-92
0.000712415	1.75099e-88
0.000721634	7.90607e-88
0.000730853	7.45758e-84
0.000740072	3.40824e-83
0.000749291	2.38048e-79
0.00075851	1.10138e-78
0.000767729	5.69482e-75
0.000776948	2.66793e-74
0.000786167	1.02105e-70
0.000795386	4.84449e-70
0.000804605	1.37203e-66
0.000813823	6.59411e-66
0.000823042	1.38177e-62
0.000832261	6.7282e-62
0.00084148	1.04296e-58
0.000850699	5.14606e-58
0.000859918	5.90014e-55
0.000869137	2.95044e-54
0.000878356	2.5017e-51
0.000887575	1.26804e-50
0.000896794	7.95064e-48
0.000906013	4.0852e-47
0.000915232	1.89402e-44
0.000924451	9.86578e-44
0.00093367	3.38236e-41
0.000942889	1.78602e-40
0.000952108	4.52849e-38
0.000961327	2.42373e-37
0.000970545	4.54624e-35
0.000979764	2.4656e-34
0.000988983	3.42301e-32
0.000998202	1.88023e-31
0.00100742	1.93353e-29
0.00101664	1.07486e-28
0.00102586	8.19691e-27
0.00103508	4.60638e-26
0.0010443	2.60944e-24
0.00105352	1.47994e-23
0.00106273	6.24252e-22
0.00107195	3.56468e-21
0.00108117	1.12335e-19
0.00109039	6.4375e-19
0.00109961	1.52255e-17
0.00110883	8.71703e-17
0.00111805	1.55685e-15
0.00112727	8.85159e-15
0.00113649	1.20349e-13
0.00114571	6.74126e-13
0.00115492	7.05102e-12
0.00116414	3.85139e-11
0.00117336	3.13994e-10
0.00118258	1.6511e-09
0.0011918	1.0661e-08
0.00120102	5.31345e-08
0.00121024	2.76821e-07
0.00121946	1.28425e-06
0.00122868	5.51105e-06
0.00123789	2.33289e-05
0.00124711	8.42613e-05
0.00125633	0.00031879
0.00126555	0.000989818
0.00127477	0.00328087
0.00128399	0.00892441
0.00129321	0.0254678
0.00130243	0.0616157
0.00131165	0.14938
0.00132087	0.326511
0.00133008	0.66797
0.0013393	1.3482
0.00134852	2.36907
0.00135774	3.98052
0.00136696	6.16889
0.00137618	8.83312
0.0013854	11.9599
0.00139462	14.8721
0.00140384	17.566
0.00141305	18.6887
0.00142227	19.1195
0.00143149	18.8625
0.00144071	17.2754
0.00144993	16.266
0.00145915	15.8412
0.00146837	16.2287
0.00147759	19.8879
0.00148681	26.7879
0.00149603	36.8787
0.00150524	51.2154
0.00151446	69.8238
0.00152368	93.0627
0.0015329	121.006
0.00154212	152.728
0.00155134	188.283
0.00156056	225.838
0.00156978	265.198
0.001579	306.972
0.00158821	350.72
0.00159743	402.353
0.00160665	461.786
0.00161587	536.37
0.00162509	626.879
0.00163431	733.828
0.00164353	858.125
0.00165275	992.345
0.00166197	1136.26
0.00167118	1283.74
0.0016804	1433.8
0.00168962	1586.96
0.00169884	1743.23
0.00170806	1902.35
0.00171728	2065.19
0.0017265	2224.85
0.00173572	2381.12
0.00174494	2526.96
0.00175416	2661.31
0.00176337	2781.81
0.00177259	2888.23
0.00178181	2977.9
0.00179103	3050.68
0.00180025	3103.49
0.00180947	3136.63
0.00181869	3144.31
0.00182791	3138.24
0.00183713	3124.27
0.00184634	3101.45
0.00185556	3074.69
0.00186478	3046.42
0.001874	3010.41
0.00188322	2966.1
0.00189244	2908.68
0.00190166	2836.41
0.00191088	2749.92
0.0019201	2648.91
0.00192932	2534.27
0.00193853	2405.66
0.00194775	2265.82
0.00195697	2113.88
0.00196619	1958.16
0.00197541	1800.09
0.00198463	1647
0.00199385	1502.34
0.00200307	1365.47
0.00201229	1237.72
0.0020215	1115.22
0.00203072	996.286
0.00203994	881.759
0.00204916	770.52
0.00205838	667.261
0.0020676	573.542
0.00207682	491.465
0.00208604	423.203
0.00209526	365.97
0.00210448	319.869
0.00211369	280.704
0.00212291	246.638
0.00213213	215.74
0.00214135	186.287
0.00215057	158.741
0.00215979	132.719
0.00216901	109.082
0.00217823	88.3027
0.00218745	70.3513
0.00219666	55.5149
0.00220588	43.1734
0.0022151	33.0913
0.00222432	24.8436
0.00223354	18.0884
0.00224276	12.6973
0.00225198	8.52172
0.0022612	5.40552
0.00227042	3.25224
0.00227964	1.82819
0.00228885	0.944128
0.00229807	0.479182
0.00230729	0.212158
0.00231651	0.0958266
0.00232573	0.0348171
0.00233495	0.0144807
