0.000166815	3.78322e-42
0.00017352	2.74095e-40
0.000180225	1.08503e-39
0.000186929	6.61649e-38
0.000193634	2.62915e-37
0.000200339	1.34539e-35
0.000207043	5.38246e-35
0.000213748	2.31269e-33
0.000220453	9.30983e-33
0.000227157	3.36125e-31
0.000233862	1.36051e-30
0.000240566	4.13125e-29
0.000247271	1.67982e-28
0.000253976	4.29489e-27
0.00026068	1.75238e-26
0.000267385	3.7777e-25
0.00027409	1.54456e-24
0.000280794	2.81216e-23
0.000287499	1.15027e-22
0.000294204	1.77234e-21
0.000300908	7.23809e-21
0.000307613	9.4607e-20
0.000314317	3.84842e-19
0.000321022	4.27935e-18
0.000327727	1.72899e-17
0.000334431	1.64112e-16
0.000341136	6.56402e-16
0.000347841	5.33911e-15
0.000354545	2.10588e-14
0.00036125	1.47448e-13
0.000367955	5.70967e-13
0.000374659	3.45897e-12
0.000381364	1.30837e-11
0.000388068	6.8975e-11
0.000394773	2.53416e-10
0.000401478	1.16996e-09
0.000408182	4.14921e-09
0.000414887	1.68915e-08
0.000421592	5.74356e-08
0.000428296	2.07693e-07
0.000435001	6.72281e-07
0.000441706	2.17584e-06
0.00044841	6.65514e-06
0.000455115	1.9427e-05
0.000461819	5.57314e-05
0.000468524	0.000147844
0.000475229	0.000394909
0.000481933	0.000958899
0.000488638	0.00236861
0.000495343	0.00529883
0.000502047	0.0120298
0.000508752	0.0249351
0.000515457	0.0517616
0.000522161	0.100915
0.000528866	0.190058
0.000535571	0.350843
0.000542275	0.599698
0.00054898	1.01044
0.000555684	1.59585
0.000562389	2.45797
0.000569094	3.5933
0.000575798	5.07462
0.000582503	6.87557
0.000589208	8.95289
0.000595912	11.2742
0.000602617	13.6605
0.000609322	16.1068
0.000616026	18.4324
0.000622731	20.673
0.000629435	22.8514
0.00063614	25.0146
0.000642845	27.4359
0.000649549	30.1342
0.000656254	33.4427
0.000662959	37.3557
0.000669663	42.0934
0.000676368	47.6665
0.000683073	54.3054
0.000689777	62.0521
0.000696482	71.416
0.000703186	82.4337
0.000709891	95.8778
0.000716596	111.746
0.0007233	130.72
0.000730005	152.779
0.00073671	178.312
0.000743414	207.324
0.000750119	240.228
0.000756824	277.058
0.000763528	318.732
0.000770233	365.275
0.000776937	418.097
0.000783642	477.181
0.000790347	543.739
0.000797051	617.722
0.000803756	699.191
0.000810461	788.103
0.000817165	882.711
0.00082387	983.008
0.000830575	1085.55
0.000837279	1190.35
0.000843984	1293.45
0.000850689	1394.86
0.000857393	1491.99
0.000864098	1584.83
0.000870802	1673.5
0.000877507	1757.96
0.000884212	1840.69
0.000890916	1921.66
0.000897621	2004.07
0.000904326	2087.95
0.00091103	2175.73
0.000917735	2267.5
0.00092444	2364.27
0.000931144	2466.18
0.000937849	2572.44
0.000944553	2683.21
0.000951258	2795.48
0.000957963	2909.41
0.000964667	3019.88
0.000971372	3126.94
0.000978077	3224.42
0.000984781	3312.17
0.000991486	3384.86
0.000998191	3442.57
0.0010049	3478.11
0.0010116	3495.73
0.0010183	3496.91
0.00102501	3474.54
0.00103171	3434.72
0.00103842	3377.93
0.00104512	3309.18
0.00105183	3228.6
0.00105853	3142.32
0.00106524	3050.97
0.00107194	2958.33
0.00107865	2865.3
0.00108535	2771.54
0.00109206	2677.59
0.00109876	2580.2
0.00110546	2479.11
0.00111217	2371.83
0.00111887	2257.48
0.00112558	2137.34
0.00113228	2010.74
0.00113899	1882.44
0.00114569	1752.68
0.0011524	1626.6
0.0011591	1505.25
0.00116581	1391.16
0.00117251	1285.4
0.00117922	1187.4
0.00118592	1097.52
0.00119263	1013.97
0.00119933	936.405
0.00120603	863.852
0.00121274	795.856
0.00121944	732.642
0.00122615	674.126
0.00123285	620.709
0.00123956	572.615
0.00124626	529.494
0.00125297	491.509
0.00125967	457.529
0.00126638	427.437
0.00127308	399.815
0.00127979	374.296
0.00128649	349.656
0.00129319	325.402
0.0012999	300.868
0.0013066	275.583
0.00131331	249.675
0.00132001	222.892
0.00132672	196.046
0.00133342	169.256
0.00134013	143.514
0.00134683	119.244
0.00135354	97.0663
0.00136024	77.4402
0.00136695	60.413
0.00137365	46.2279
0.00138035	34.535
0.00138706	25.3033
0.00139376	18.0707
0.00140047	12.6317
0.00140717	8.59114
0.00141388	5.69516
0.00142058	3.66907
0.00142729	2.28806
0.00143399	1.38931
0.0014407	0.806951
0.0014474	0.460702
0.00145411	0.244202
0.00146081	0.132682
0.00146752	0.0644876
0.00147422	0.0328929
0.00148092	0.0148931
0.00148763	0.00697087
0.00149433	0.00268619
0.00150104	0.00125796
