0.000500379	1.32199e-205
0.000510437	8.06129e-199
0.000520494	3.22452e-198
0.000530551	1.42639e-191
0.000540608	5.76394e-191
0.000550665	1.84936e-184
0.000560722	7.55077e-184
0.000570779	1.75692e-177
0.000580836	7.24902e-177
0.000590893	1.22301e-170
0.00060095	5.10017e-170
0.000611007	6.23803e-164
0.000621064	2.6297e-163
0.000631121	2.33135e-157
0.000641178	9.93673e-157
0.000651235	6.3842e-151
0.000661292	2.75167e-150
0.000671349	1.28098e-144
0.000681406	5.58426e-144
0.000691463	1.88327e-138
0.00070152	8.30519e-138
0.000711577	2.02869e-132
0.000721634	9.05209e-132
0.000731691	1.60121e-126
0.000741748	7.23041e-126
0.000751806	9.25993e-121
0.000761863	4.23244e-120
0.00077192	3.92368e-115
0.000781977	1.81566e-114
0.000792034	1.21815e-109
0.000802091	5.70809e-109
0.000812148	2.77095e-104
0.000822205	1.31511e-103
0.000832262	4.61822e-99
0.000842319	2.22047e-98
0.000852376	5.63943e-94
0.000862433	2.74753e-93
0.00087249	5.04556e-89
0.000882547	2.49146e-88
0.000892604	3.30745e-84
0.000902661	1.65568e-83
0.000912718	1.5885e-79
0.000922775	8.06328e-79
0.000932832	5.58969e-75
0.000942889	2.87779e-74
0.000952946	1.44111e-70
0.000963003	7.52696e-70
0.00097306	2.72215e-66
0.000983117	1.44275e-65
0.000993175	3.76736e-62
0.00100323	2.02664e-61
0.00101329	3.82011e-58
0.00102335	2.08628e-57
0.0010334	2.83816e-54
0.00104346	1.57391e-53
0.00105352	1.54502e-50
0.00106357	8.70165e-50
0.00107363	6.16285e-47
0.00108369	3.52563e-46
0.00109374	1.80141e-43
0.0011038	1.04685e-42
0.00111386	3.85893e-40
0.00112392	2.278e-39
0.00113397	6.05906e-37
0.00114403	3.63279e-36
0.00115409	6.97454e-34
0.00116414	4.24573e-33
0.0011742	5.88737e-31
0.00118426	3.6366e-30
0.00119432	3.64584e-28
0.00120437	2.28285e-27
0.00121443	1.65725e-25
0.00122449	1.0503e-24
0.00123454	5.53394e-23
0.0012446	3.5418e-22
0.00125466	1.35895e-20
0.00126471	8.75452e-20
0.00127477	2.45768e-18
0.00128483	1.58627e-17
0.00129489	3.27971e-16
0.00130494	2.10724e-15
0.001315	3.2375e-14
0.00132506	2.05265e-13
0.00133511	2.37125e-12
0.00134517	1.46652e-11
0.00135523	1.2933e-10
0.00136529	7.68733e-10
0.00137534	5.27321e-09
0.0013854	2.95791e-08
0.00139546	1.61346e-07
0.00140551	8.35979e-07
0.00141557	3.71634e-06
0.00142563	1.73696e-05
0.00143568	6.45585e-05
0.00144574	0.000265637
0.0014558	0.000845927
0.00146586	0.00299496
0.00147591	0.00834718
0.00148597	0.0249479
0.00149603	0.0618369
0.00150608	0.153993
0.00151614	0.343978
0.0015262	0.711416
0.00153625	1.46048
0.00154631	2.58841
0.00155637	4.37673
0.00156643	6.83142
0.00157648	9.94988
0.00158654	13.7369
0.0015966	18.0249
0.00160665	22.7793
0.00161671	28.5664
0.00162677	35.3291
0.00163683	44.6372
0.00164688	56.509
0.00165694	72.1953
0.001667	91.7641
0.00167705	115.547
0.00168711	143.494
0.00169717	176.643
0.00170722	214.886
0.00171728	260.672
0.00172734	314.199
0.0017374	376.304
0.00174745	447.533
0.00175751	523.82
0.00176757	605.278
0.00177762	686.258
0.00178768	765.751
0.00179774	845.139
0.00180779	923.253
0.00181785	1010.21
0.00182791	1106.52
0.00183797	1220.69
0.00184802	1354.88
0.00185808	1505.75
0.00186814	1674.83
0.00187819	1849.31
0.00188825	2028.48
0.00189831	2200.53
0.00190837	2363.53
0.00191842	2512.01
0.00192848	2644.46
0.00193854	2760.36
0.00194859	2858.92
0.00195865	2942.64
0.00196871	3011.81
0.00197876	3068.43
0.00198882	3115.87
0.00199888	3139.61
0.00200894	3148.49
0.00201899	3148.86
0.00202905	3112.93
0.00203911	3046.38
0.00204916	2952.49
0.00205922	2838.51
0.00206928	2704.24
0.00207933	2565.61
0.00208939	2427.23
0.00209945	2295.18
0.00210951	2174.75
0.00211956	2057.04
0.00212962	1941.51
0.00213968	1818.97
0.00214973	1684.31
0.00215979	1541.65
0.00216985	1389
0.00217991	1237.87
0.00218996	1091.77
0.00220002	956.884
0.00221008	837.495
0.00222013	731.838
0.00223019	640.981
0.00224025	560.978
0.0022503	490.408
0.00226036	427.471
0.00227042	370.863
0.00228048	320.392
0.00229053	275.743
0.00230059	236.508
0.00231065	202.586
0.0023207	173.159
0.00233076	147.855
0.00234082	126.039
0.00235088	107.324
0.00236093	91.2379
0.00237099	77.5062
0.00238105	65.5771
0.0023911	55.0651
0.00240116	45.6401
0.00241122	36.8871
0.00242127	28.9596
0.00243133	21.7841
0.00244139	15.5997
0.00245145	10.6186
0.0024615	6.74502
0.00247156	4.05789
0.00248162	2.25978
0.00249167	1.06639
0.00250173	0.575079
