0.000500379	5.34375e-57
0.000507922	1.33231e-54
0.000515465	5.31322e-54
0.000523008	1.09189e-51
0.00053055	4.39042e-51
0.000538093	7.42985e-49
0.000545636	3.01504e-48
0.000553179	4.20211e-46
0.000560721	1.72076e-45
0.000568264	1.97546e-43
0.000575807	8.16179e-43
0.00058335	7.71991e-41
0.000590892	3.2173e-40
0.000598435	2.50809e-38
0.000605978	1.054e-37
0.000613521	6.775e-36
0.000621063	2.86968e-35
0.000628606	1.52186e-33
0.000636149	6.49341e-33
0.000643692	2.84322e-31
0.000651234	1.22113e-30
0.000658777	4.41889e-29
0.00066632	1.90856e-28
0.000673862	5.7147e-27
0.000681405	2.47919e-26
0.000688948	6.15158e-25
0.000696491	2.67658e-24
0.000704033	5.51385e-23
0.000711576	2.40174e-22
0.000719119	4.11709e-21
0.000726662	1.79126e-20
0.000734204	2.56224e-19
0.000741747	1.11043e-18
0.00074929	1.32985e-17
0.000756833	5.72193e-17
0.000764375	5.76023e-16
0.000771918	2.45095e-15
0.000779461	2.08383e-14
0.000787004	8.72762e-14
0.000794546	6.3014e-13
0.000802089	2.58381e-12
0.000809632	1.59421e-11
0.000817175	6.36022e-11
0.000824717	3.37739e-10
0.00083226	1.30192e-09
0.000839803	5.99686e-09
0.000847345	2.21648e-08
0.000854888	8.93135e-08
0.000862431	3.13899e-07
0.000869974	1.11646e-06
0.000877516	3.69883e-06
0.000885059	1.17193e-05
0.000892602	3.62749e-05
0.000900145	0.000103318
0.000907687	0.000296182
0.00091523	0.000764949
0.000922773	0.00201415
0.000930316	0.00475454
0.000937858	0.0114132
0.000945401	0.0247921
0.000952944	0.0539175
0.000960487	0.108354
0.000968029	0.212482
0.000975572	0.409083
0.000983115	0.717562
0.000990658	1.24539
0.0009982	2.00411
0.00100574	3.13949
0.00101329	4.63904
0.00102083	6.57812
0.00102837	8.91172
0.00103591	11.4784
0.00104346	14.2243
0.001051	16.704
0.00105854	18.8952
0.00106608	20.2459
0.00107363	20.8641
0.00108117	20.6478
0.00108871	19.4258
0.00109626	17.7102
0.0011038	15.5343
0.00111134	13.5741
0.00111888	11.8969
0.00112643	11.8083
0.00113397	12.6178
0.00114151	14.6475
0.00114906	19.9352
0.0011566	28.3956
0.00116414	40.1385
0.00117168	56.6789
0.00117923	77.9756
0.00118677	104.873
0.00119431	137.279
0.00120185	174.157
0.0012094	215.428
0.00121694	257.544
0.00122448	300.51
0.00123203	339.852
0.00123957	375.636
0.00124711	405.995
0.00125465	430.951
0.0012622	453.945
0.00126974	474.912
0.00127728	501.72
0.00128482	534.311
0.00129237	580.876
0.00129991	641.482
0.00130745	720.338
0.001315	817.651
0.00132254	931.891
0.00133008	1063.28
0.00133762	1205.95
0.00134517	1359.99
0.00135271	1518.13
0.00136025	1680.34
0.00136779	1839.85
0.00137534	1996.59
0.00138288	2144.13
0.00139042	2282.34
0.00139797	2405.37
0.00140551	2512.79
0.00141305	2602.51
0.00142059	2673.76
0.00142814	2731.41
0.00143568	2775.04
0.00144322	2813.88
0.00145076	2848.55
0.00145831	2884.55
0.00146585	2923.15
0.00147339	2961.19
0.00148094	2999.24
0.00148848	3030.54
0.00149602	3055.76
0.00150356	3062.19
0.00151111	3061.14
0.00151865	3057.64
0.00152619	3039.89
0.00153373	3016.28
0.00154128	2989.54
0.00154882	2956.32
0.00155636	2917.14
0.00156391	2866.39
0.00157145	2803.13
0.00157899	2725.13
0.00158653	2630.85
0.00159408	2524.82
0.00160162	2406.57
0.00160916	2284.22
0.0016167	2158.93
0.00162425	2036.64
0.00163179	1919.14
0.00163933	1807.46
0.00164688	1702.66
0.00165442	1602.53
0.00166196	1507.02
0.0016695	1413.67
0.00167705	1321.86
0.00168459	1230.3
0.00169213	1138.4
0.00169968	1046.07
0.00170722	952.886
0.00171476	859.962
0.0017223	767.168
0.00172985	676.658
0.00173739	588.805
0.00174493	505.856
0.00175247	428.618
0.00176002	358.274
0.00176756	295.59
0.0017751	240.433
0.00178265	193.111
0.00179019	152.809
0.00179773	119.404
0.00180527	92.0129
0.00181282	70.3569
0.00182036	53.5862
0.0018279	41.4181
0.00183544	32.8786
0.00184299	27.4428
0.00185053	24.664
0.00185807	23.4387
0.00186562	22.7881
0.00187316	22.4946
0.0018807	22.1171
0.00188824	21.0857
0.00189579	19.4862
0.00190333	17.2531
0.00191087	14.7013
0.00191841	11.9694
0.00192596	9.30994
0.0019335	6.94678
0.00194104	4.91984
0.00194859	3.35589
0.00195613	2.16604
0.00196367	1.34449
0.00197121	0.794306
0.00197876	0.444149
0.0019863	0.242712
0.00199384	0.107039
0.00200138	0.0618152
