0.000100103	1.36968e-06
0.00010312	2.73267e-06
0.000106137	6.82162e-06
0.000109154	1.43575e-05
0.000112171	3.14606e-05
0.000115188	6.34688e-05
0.000118205	0.000134384
0.000121222	0.000260353
0.000124239	0.000531788
0.000127256	0.000991189
0.000130273	0.00195014
0.00013329	0.00350281
0.000136307	0.0066293
0.000139324	0.0116396
0.000142341	0.0209391
0.000145358	0.0357872
0.000148375	0.0614147
0.000151392	0.101687
0.000154408	0.167205
0.000157425	0.267752
0.000160442	0.422736
0.000163459	0.653923
0.000166476	0.993044
0.000169493	1.4828
0.00017251	2.169
0.000175527	3.1254
0.000178544	4.40939
0.000181561	6.13228
0.000184578	8.3548
0.000187595	11.2217
0.000190612	14.7847
0.000193629	19.2025
0.000196646	24.5078
0.000199663	30.8419
0.00020268	38.2208
0.000205697	46.7447
0.000208714	56.4333
0.000211731	67.3584
0.000214748	79.5788
0.000217765	93.2105
0.000220782	108.382
0.000223799	125.377
0.000226816	144.395
0.000229833	166
0.00023285	190.421
0.000235867	218.514
0.000238884	250.454
0.000241901	287.231
0.000244918	328.882
0.000247935	376.201
0.000250952	429.049
0.000253969	487.645
0.000256986	551.712
0.000260003	620.654
0.00026302	694.154
0.000266037	770.862
0.000269054	850.541
0.000272071	931.472
0.000275088	1013.58
0.000278105	1095.33
0.000281122	1176.82
0.000284139	1257.19
0.000287156	1336.63
0.000290173	1415.15
0.00029319	1492.9
0.000296207	1570.59
0.000299224	1648.3
0.000302241	1726.94
0.000305258	1806.54
0.000308275	1887.83
0.000311292	1970.79
0.000314309	2055.81
0.000317326	2142.88
0.000320343	2232.15
0.00032336	2323.64
0.000326377	2417.48
0.000329394	2513.7
0.000332411	2612.55
0.000335428	2714.02
0.000338445	2818.37
0.000341462	2925.55
0.000344479	3035.54
0.000347496	3148.28
0.000350513	3263.23
0.00035353	3380.34
0.000356547	3498.58
0.000359564	3617.92
0.000362581	3737.02
0.000365598	3855.9
0.000368615	3973.15
0.000371632	4088.79
0.000374649	4201.49
0.000377666	4311.24
0.000380683	4416.68
0.0003837	4517.81
0.000386717	4613.18
0.000389734	4702.79
0.000392751	4785.13
0.000395768	4860.22
0.000398785	4926.73
0.000401802	4984.67
0.000404819	5033.05
0.000407836	5071.87
0.000410853	5101.21
0.00041387	5121.21
0.000416887	5124.18
0.000419904	5121.29
0.000422921	5113.09
0.000425938	5087.56
0.000428955	5051.69
0.000431972	5005.83
0.000434989	4949.62
0.000438006	4883.02
0.000441023	4807.21
0.00044404	4722.15
0.000447057	4629.73
0.000450074	4529.92
0.000453091	4425.09
0.000456108	4315.26
0.000459125	4202.93
0.000462142	4088.15
0.000465159	3973.24
0.000468176	3858.28
0.000471193	3745.09
0.00047421	3633.81
0.000477227	3525.5
0.000480244	3420.32
0.000483261	3318.42
0.000486278	3219.96
0.000489295	3124.14
0.000492312	3031.04
0.000495329	2939.12
0.000498346	2848.37
0.000501363	2756.94
0.00050438	2664.7
0.000507397	2570.11
0.000510414	2472.95
0.000513431	2372.54
0.000516448	2268.64
0.000519465	2161.71
0.000522482	2051.59
0.000525499	1939.83
0.000528516	1826.4
0.000531533	1713.48
0.00053455	1601.27
0.000537567	1491.97
0.000540584	1385.91
0.000543601	1284.79
0.000546618	1189
0.000549635	1099.33
0.000552652	1016.13
0.000555669	939.294
0.000558686	868.996
0.000561703	804.455
0.00056472	745.668
0.000567737	691.543
0.000570754	641.917
0.000573771	595.746
0.000576788	552.778
0.000579805	512.242
0.000582822	473.883
0.000585839	437.274
0.000588856	402.221
0.000591873	368.594
0.00059489	336.285
0.000597907	305.355
0.000600924	275.776
0.000603941	247.68
0.000606958	221.096
0.000609975	196.134
0.000612992	172.845
0.000616009	151.272
0.000619026	131.456
0.000622043	113.366
0.00062506	97.0166
0.000628077	82.3183
0.000631094	69.2579
0.000634111	57.7091
0.000637128	47.6341
0.000640145	38.8883
0.000643162	31.4154
0.000646179	25.0645
0.000649196	19.7657
0.000652213	15.3714
0.00065523	11.8025
0.000658247	8.92511
0.000661264	6.65597
0.000664281	4.88418
0.000667298	3.52958
0.000670315	2.50935
0.000673332	1.7534
0.000676349	1.2065
0.000679366	0.813435
0.000682383	0.541475
0.0006854	0.351499
0.000688417	0.226385
0.000691434	0.141176
0.000694451	0.0880383
0.000697468	0.0495998
0.000700485	0.03181
