0.000100103	0.00773076
0.00010312	0.0124164
0.000106137	0.0262927
0.000109154	0.0458358
0.000112171	0.0813351
0.000115188	0.136552
0.000118205	0.2288
0.000121222	0.368612
0.000124239	0.585204
0.000127256	0.902303
0.000130273	1.36076
0.00013329	2.0041
0.000136307	2.87629
0.000139324	4.04109
0.000142341	5.52643
0.000145358	7.40107
0.000148375	9.65201
0.000151392	12.3169
0.000154408	15.3253
0.000157425	18.6358
0.000160442	22.1302
0.000163459	25.6566
0.000166476	29.0922
0.000169493	32.1959
0.00017251	34.9022
0.000175527	37.0145
0.000178544	38.4675
0.000181561	39.1762
0.000184578	39.451
0.000187595	39.2424
0.000190612	38.9201
0.000193629	39.001
0.000196646	39.3371
0.000199663	40.5017
0.00020268	43.5245
0.000205697	48.2927
0.000208714	55.066
0.000211731	64.3768
0.000214748	76.16
0.000217765	90.6255
0.000220782	107.619
0.000223799	126.968
0.000226816	148.502
0.000229833	171.74
0.00023285	196.581
0.000235867	222.461
0.000238884	249.42
0.000241901	277.13
0.000244918	305.775
0.000247935	335.554
0.000250952	366.74
0.000253969	400.16
0.000256986	436.086
0.000260003	475.83
0.00026302	519.577
0.000266037	568.791
0.000269054	623.534
0.000272071	685.041
0.000275088	753.268
0.000278105	828.963
0.000281122	912.016
0.000284139	1002.6
0.000287156	1100.58
0.000290173	1205.59
0.00029319	1317.49
0.000296207	1435.47
0.000299224	1559.4
0.000302241	1688.1
0.000305258	1821.49
0.000308275	1958.2
0.000311292	2098.21
0.000314309	2240.25
0.000317326	2384.36
0.000320343	2529.67
0.00032336	2676.26
0.000326377	2823.8
0.000329394	2972.34
0.000332411	3121.94
0.000335428	3272.58
0.000338445	3424.22
0.000341462	3576.78
0.000344479	3729.7
0.000347496	3882.92
0.000350513	4035.29
0.00035353	4186.82
0.000356547	4336.33
0.000359564	4483.88
0.000362581	4629
0.000365598	4771.78
0.000368615	4912.79
0.000371632	5052.05
0.000374649	5190.68
0.000377666	5328.63
0.000380683	5466.24
0.0003837	5603.42
0.000386717	5738.38
0.000389734	5871.07
0.000392751	5996.88
0.000395768	6115.82
0.000398785	6221
0.000401802	6312.49
0.000404819	6384.61
0.000407836	6437.6
0.000410853	6445.72
0.00041387	6439.29
0.000416887	6419.04
0.000419904	6349.85
0.000422921	6254.45
0.000425938	6133.5
0.000428955	5990.9
0.000431972	5826.5
0.000434989	5648.89
0.000438006	5458.06
0.000441023	5262.31
0.00044404	5061.8
0.000447057	4862.45
0.000450074	4664.52
0.000453091	4470.77
0.000456108	4281.43
0.000459125	4096.72
0.000462142	3916.76
0.000465159	3740.66
0.000468176	3568.37
0.000471193	3399.37
0.00047421	3233.51
0.000477227	3071.4
0.000480244	2912.92
0.000483261	2759.69
0.000486278	2611.72
0.000489295	2470.84
0.000492312	2337.21
0.000495329	2211.93
0.000498346	2095.24
0.000501363	1986.86
0.00050438	1887.01
0.000507397	1794.1
0.000510414	1708.18
0.000513431	1627
0.000516448	1550.38
0.000519465	1476.26
0.000522482	1404.33
0.000525499	1333.36
0.000528516	1263.03
0.000531533	1193.25
0.00053455	1123.8
0.000537567	1055.54
0.000540584	988.456
0.000543601	923.792
0.000546618	861.73
0.000549635	803.234
0.000552652	748.602
0.000555669	697.979
0.000558686	651.622
0.000561703	608.752
0.00056472	569.427
0.000567737	532.319
0.000570754	497.226
0.000573771	462.932
0.000576788	429.061
0.000579805	395.072
0.000582822	360.609
0.000585839	325.974
0.000588856	291.019
0.000591873	256.618
0.00059489	222.892
0.000597907	190.794
0.000600924	160.632
0.000603941	133.022
0.000606958	108.293
0.000609975	86.5614
0.000612992	68.0338
0.000616009	52.4147
0.000619026	39.7274
0.000622043	29.4731
0.00062506	21.5216
0.000628077	15.3666
0.000631094	10.7989
0.000634111	7.41855
0.000637128	5.01085
0.000640145	3.31177
0.000643162	2.14645
0.000646179	1.36511
0.000649196	0.847171
0.000652213	0.518774
0.00065523	0.307429
0.000658247	0.181471
0.000661264	0.102341
0.000664281	0.0583405
0.000667298	0.0309323
0.000670315	0.0172575
0.000673332	0.00874878
0.000676349	0.00467593
0.000679366	0.00226958
0.000682383	0.00115885
0.0006854	0.000539398
0.000688417	0.000262375
0.000691434	0.000117334
0.000694451	5.42113e-05
0.000697468	2.12125e-05
0.000700485	1.02129e-05
