3.33898e-05	0.590938
3.48982e-05	0.630754
3.64066e-05	0.674265
3.7915e-05	0.721474
3.94234e-05	0.772374
4.09318e-05	0.826987
4.24402e-05	0.885241
4.39487e-05	0.947111
4.54571e-05	1.01247
4.69655e-05	1.08122
4.84739e-05	1.15319
4.99823e-05	1.2282
5.14907e-05	1.30603
5.29991e-05	1.38641
5.45076e-05	1.46912
5.6016e-05	1.55382
5.75244e-05	1.64029
5.90328e-05	1.72816
6.05412e-05	1.81725
6.20496e-05	1.90721
6.3558e-05	1.99792
6.50665e-05	2.08909
6.65749e-05	2.18069
6.80833e-05	2.27253
6.95917e-05	2.36469
7.11001e-05	2.45712
7.26085e-05	2.54997
7.41169e-05	2.64339
7.56253e-05	2.73755
7.71338e-05	2.83278
7.86422e-05	2.92927
8.01506e-05	3.0275
8.1659e-05	3.12765
8.31674e-05	3.23028
8.46758e-05	3.33554
8.61842e-05	3.44402
8.76927e-05	3.55582
8.92011e-05	3.6715
9.07095e-05	3.79111
9.22179e-05	3.91511
9.37263e-05	4.04351
9.52347e-05	4.17664
9.67431e-05	4.31447
9.82516e-05	4.45718
9.976e-05	4.60472
0.000101268	4.7571
0.000102777	4.91426
0.000104285	5.07606
0.000105794	5.24243
0.000107302	5.41309
0.00010881	5.58797
0.000110319	5.76669
0.000111827	5.94916
0.000113336	6.13493
0.000114844	6.32392
0.000116353	6.5156
0.000117861	6.7099
0.000119369	6.90627
0.000120878	7.10464
0.000122386	7.30444
0.000123895	7.50561
0.000125403	7.70757
0.000126911	7.91028
0.00012842	8.11318
0.000129928	8.31624
0.000131437	8.51893
0.000132945	8.72125
0.000134453	8.92276
0.000135962	9.12348
0.00013747	9.32309
0.000138979	9.52163
0.000140487	9.719
0.000141996	9.91526
0.000143504	10.1105
0.000145012	10.3049
0.000146521	10.4987
0.000148029	10.6921
0.000149538	10.8856
0.000151046	11.0792
0.000152554	11.2737
0.000154063	11.469
0.000155571	11.6658
0.00015708	11.8639
0.000158588	12.0639
0.000160097	12.2655
0.000161605	12.4688
0.000163113	12.6737
0.000164622	12.8797
0.00016613	13.0867
0.000167639	13.2937
0.000169147	13.5007
0.000170655	13.7063
0.000172164	13.9105
0.000173672	14.1117
0.000175181	14.31
0.000176689	14.5036
0.000178197	14.6927
0.000179706	14.8755
0.000181214	15.0521
0.000182723	15.2211
0.000184231	15.3823
0.00018574	15.5344
0.000187248	15.6774
0.000188756	15.8097
0.000190265	15.9314
0.000191773	16.0409
0.000193282	16.1383
0.00019479	16.2218
0.000196298	16.2916
0.000197807	16.3469
0.000199315	16.3887
0.000200824	16.4016
0.000202332	16.4052
0.000203841	16.4015
0.000205349	16.3673
0.000206857	16.3143
0.000208366	16.2438
0.000209874	16.1538
0.000211383	16.0444
0.000212891	15.9158
0.000214399	15.7681
0.000215908	15.6023
0.000217416	15.4185
0.000218925	15.2183
0.000220433	15.0016
0.000221941	14.7706
0.00022345	14.5252
0.000224958	14.268
0.000226467	13.9988
0.000227975	13.7203
0.000229484	13.4325
0.000230992	13.138
0.0002325	12.837
0.000234009	12.5321
0.000235517	12.2233
0.000237026	11.9132
0.000238534	11.6019
0.000240042	11.2917
0.000241551	10.9828
0.000243059	10.6771
0.000244568	10.3749
0.000246076	10.0776
0.000247585	9.78554
0.000249093	9.49961
0.000250601	9.22007
0.00025211	8.94737
0.000253618	8.68167
0.000255127	8.42293
0.000256635	8.17126
0.000258143	7.92622
0.000259652	7.68783
0.00026116	7.45539
0.000262669	7.22883
0.000264177	7.00733
0.000265685	6.79077
0.000267194	6.57829
0.000268702	6.36974
0.000270211	6.16432
0.000271719	5.96188
0.000273228	5.76174
0.000274736	5.56373
0.000276244	5.36734
0.000277753	5.17241
0.000279261	4.97862
0.00028077	4.78582
0.000282278	4.59388
0.000283786	4.40271
0.000285295	4.21239
0.000286803	4.02287
0.000288312	3.83446
0.00028982	3.64717
0.000291329	3.46151
0.000292837	3.27759
0.000294345	3.09607
0.000295854	2.91713
0.000297362	2.74152
0.000298871	2.56952
0.000300379	2.40187
0.000301887	2.23889
0.000303396	2.08123
0.000304904	1.92924
0.000306413	1.7834
0.000307921	1.64403
0.000309429	1.51141
0.000310938	1.38578
0.000312446	1.2672
0.000313955	1.15582
0.000315463	1.0515
0.000316972	0.954278
0.00031848	0.863868
0.000319988	0.780178
0.000321497	0.702851
0.000323005	0.63169
0.000324514	0.566309
0.000326022	0.50644
0.00032753	0.451707
0.000329039	0.401805
0.000330547	0.356397
0.000332056	0.315018
0.000333564	0.277826
