0.000500379	2.62503e-39
0.000507084	1.21968e-37
0.000513789	4.79998e-37
0.000520493	1.91344e-35
0.000527198	7.53521e-35
0.000533903	2.56494e-33
0.000540607	1.01555e-32
0.000547312	2.95412e-31
0.000554017	1.17507e-30
0.000560721	2.92376e-29
0.000567426	1.16731e-28
0.000574131	2.48717e-27
0.000580835	9.9556e-27
0.00058754	1.81894e-25
0.000594244	7.28981e-25
0.000600949	1.14393e-23
0.000607654	4.58288e-23
0.000614358	6.18848e-22
0.000621063	2.47367e-21
0.000627768	2.88085e-20
0.000634472	1.1464e-19
0.000641177	1.15447e-18
0.000647882	4.56178e-18
0.000654586	3.98432e-17
0.000661291	1.55865e-16
0.000667995	1.1848e-15
0.0006747	4.57294e-15
0.000681405	3.03717e-14
0.000688109	1.15212e-13
0.000694814	6.71526e-13
0.000701519	2.49277e-12
0.000708223	1.28131e-11
0.000714928	4.6321e-11
0.000721633	2.11095e-10
0.000728337	7.39304e-10
0.000735042	3.00431e-09
0.000741746	1.01359e-08
0.000748451	3.69529e-08
0.000755156	1.19384e-07
0.00076186	3.92956e-07
0.000768565	1.20821e-06
0.00077527	3.6136e-06
0.000781974	1.0508e-05
0.000788679	2.87405e-05
0.000795384	7.85552e-05
0.000802088	0.000197695
0.000808793	0.000504901
0.000815497	0.00117592
0.000822202	0.00279087
0.000828907	0.00604655
0.000835611	0.0132716
0.000842316	0.0268661
0.000849021	0.054317
0.000855725	0.104414
0.00086243	0.192996
0.000869135	0.351345
0.000875839	0.596164
0.000882544	1.00012
0.000889249	1.57939
0.000895953	2.44391
0.000902658	3.59795
0.000909362	5.14669
0.000916067	7.07243
0.000922772	9.3925
0.000929476	12.0754
0.000936181	14.9964
0.000942886	18.1409
0.00094959	21.3225
0.000956295	24.5725
0.000963	27.8679
0.000969704	31.2803
0.000976409	35.1519
0.000983113	39.5518
0.000989818	45.1577
0.000996523	51.9957
0.00100323	60.8067
0.00100993	71.5679
0.00101664	84.7707
0.00102334	100.363
0.00103005	118.401
0.00103675	138.826
0.00104346	161.222
0.00105016	185.557
0.00105686	211.127
0.00106357	237.956
0.00107027	265.597
0.00107698	294.135
0.00108368	324.126
0.00109039	355.666
0.00109709	390.666
0.0011038	429.163
0.0011105	473.822
0.00111721	524.603
0.00112391	583.519
0.00113062	650.492
0.00113732	725.524
0.00114402	808.561
0.00115073	897.28
0.00115743	991.684
0.00116414	1088.37
0.00117084	1187.36
0.00117755	1286.41
0.00118425	1385.49
0.00119096	1485
0.00119766	1584.89
0.00120437	1687.31
0.00121107	1792.28
0.00121778	1901.02
0.00122448	2013.62
0.00123119	2128.38
0.00123789	2245.39
0.00124459	2360.88
0.0012513	2474.82
0.001258	2584.08
0.00126471	2688.51
0.00127141	2787.19
0.00127812	2880.02
0.00128482	2967.29
0.00129153	3049.04
0.00129823	3124.78
0.00130494	3194.63
0.00131164	3256.73
0.00131835	3311.12
0.00132505	3355.71
0.00133175	3390.74
0.00133846	3411.6
0.00134516	3421.78
0.00135187	3422.3
0.00135857	3407.13
0.00136528	3378.82
0.00137198	3337.89
0.00137869	3284.62
0.00138539	3218.88
0.0013921	3142.52
0.0013988	3055.56
0.00140551	2960.21
0.00141221	2856.67
0.00141891	2746.69
0.00142562	2630.45
0.00143232	2509.46
0.00143903	2383.72
0.00144573	2255.5
0.00145244	2124.77
0.00145914	1994.92
0.00146585	1866.2
0.00147255	1742.1
0.00147926	1623.27
0.00148596	1511.77
0.00149267	1408.35
0.00149937	1312.77
0.00150608	1225.52
0.00151278	1144.43
0.00151948	1069.43
0.00152619	997.853
0.00153289	929.124
0.0015396	861.699
0.0015463	794.863
0.00155301	728.896
0.00155971	663.436
0.00156642	600.012
0.00157312	538.814
0.00157983	481.36
0.00158653	428.191
0.00159324	379.838
0.00159994	336.781
0.00160664	298.442
0.00161335	264.927
0.00162005	235.13
0.00162676	208.771
0.00163346	184.957
0.00164017	163.262
0.00164687	143.375
0.00165358	125.013
0.00166028	108.277
0.00166699	93.136
0.00167369	79.6677
0.0016804	67.9638
0.0016871	57.8274
0.00169381	49.2649
0.00170051	41.9127
0.00170721	35.6236
0.00171392	30.1248
0.00172062	25.2218
0.00172733	20.844
0.00173403	16.8807
0.00174074	13.3713
0.00174744	10.31
0.00175415	7.71026
0.00176085	5.598
0.00176756	3.91683
0.00177426	2.65755
0.00178097	1.73298
0.00178767	1.09183
0.00179437	0.663775
0.00180108	0.385583
0.00180778	0.219442
0.00181449	0.115394
0.00182119	0.0625757
0.0018279	0.027161
0.0018346	0.015356
