0.000500379	6.838e-18
0.000506246	3.98409e-17
0.000512113	1.38849e-16
0.000517979	7.63747e-16
0.000523846	2.52326e-15
0.000529712	1.26161e-14
0.000535579	4.10398e-14
0.000541445	1.87036e-13
0.000547312	5.97454e-13
0.000553178	2.48925e-12
0.000559045	7.78569e-12
0.000564911	2.97492e-11
0.000570778	9.08294e-11
0.000576644	3.19351e-10
0.000582511	9.48739e-10
0.000588378	3.08009e-09
0.000594244	8.87405e-09
0.000600111	2.6698e-08
0.000605977	7.43415e-08
0.000611844	2.08029e-07
0.00061771	5.57917e-07
0.000623577	1.4575e-06
0.000629443	3.75193e-06
0.00063531	9.1842e-06
0.000641176	2.26166e-05
0.000647043	5.20628e-05
0.000652909	0.000122254
0.000658776	0.000265574
0.000664643	0.000592899
0.000670509	0.00121941
0.000676376	0.00258137
0.000682242	0.00504177
0.000688109	0.0100974
0.000693975	0.0187803
0.000699842	0.0355216
0.000705708	0.0643261
0.000711575	0.113469
0.000717441	0.195939
0.000723308	0.326675
0.000729174	0.53628
0.000735041	0.848793
0.000740908	1.32445
0.000746774	1.99572
0.000752641	2.9628
0.000758507	4.26136
0.000764374	6.03093
0.00077024	8.30166
0.000776107	11.2337
0.000781973	14.8443
0.00078784	19.2809
0.000793706	24.5475
0.000799573	30.7497
0.000805439	37.8863
0.000811306	46.0185
0.000817173	55.1528
0.000823039	65.3396
0.000828906	76.6025
0.000834772	89.0384
0.000840639	102.688
0.000846505	117.749
0.000852372	134.271
0.000858238	152.572
0.000864105	172.697
0.000869971	195.055
0.000875838	219.667
0.000881704	246.943
0.000887571	276.865
0.000893438	309.692
0.000899304	345.359
0.000905171	383.793
0.000911037	424.891
0.000916904	468.093
0.00092277	513.292
0.000928637	559.426
0.000934503	606.427
0.00094037	652.956
0.000946236	699.024
0.000952103	743.497
0.000957969	786.466
0.000963836	827.574
0.000969703	866.956
0.000975569	905.38
0.000981436	942.962
0.000987302	981.471
0.000993169	1020.95
0.000999035	1063.55
0.0010049	1109.25
0.00101077	1159.74
0.00101663	1214.95
0.0010225	1275.51
0.00102837	1341.35
0.00103423	1411.91
0.0010401	1487.18
0.00104597	1565.87
0.00105183	1648.01
0.0010577	1732.45
0.00106357	1819.21
0.00106943	1907.98
0.0010753	1998.76
0.00108117	2092.11
0.00108703	2188.02
0.0010929	2287.01
0.00109877	2389.1
0.00110463	2493.36
0.0011105	2599.83
0.00111637	2705.18
0.00112223	2809.48
0.0011281	2907.54
0.00113397	2999.38
0.00113983	3080.17
0.0011457	3149.78
0.00115157	3206.19
0.00115743	3249.17
0.0011633	3280.71
0.00116916	3301.01
0.00117503	3309.45
0.0011809	3312.97
0.00118676	3312.83
0.00119263	3306.66
0.0011985	3296.8
0.00120436	3283.67
0.00121023	3265.21
0.0012161	3241.51
0.00122196	3209.77
0.00122783	3169.8
0.0012337	3119.94
0.00123956	3059.87
0.00124543	2990.1
0.0012513	2910.38
0.00125716	2823.15
0.00126303	2728.37
0.0012689	2629.27
0.00127476	2526.04
0.00128063	2421.42
0.0012865	2315.73
0.00129236	2210.47
0.00129823	2105.93
0.0013041	2002.5
0.00130996	1900.29
0.00131583	1799.22
0.00132169	1699.26
0.00132756	1600.47
0.00133343	1502.78
0.00133929	1406.63
0.00134516	1311.99
0.00135103	1219.46
0.00135689	1129.11
0.00136276	1041.48
0.00136863	956.629
0.00137449	875.077
0.00138036	796.868
0.00138623	722.601
0.00139209	652.342
0.00139796	586.763
0.00140383	526.004
0.00140969	470.553
0.00141556	420.613
0.00142143	376.168
0.00142729	337.391
0.00143316	303.639
0.00143903	274.941
0.00144489	250.204
0.00145076	229.26
0.00145663	210.926
0.00146249	194.881
0.00146836	180.199
0.00147422	166.514
0.00148009	153.34
0.00148596	140.384
0.00149182	127.581
0.00149769	114.784
0.00150356	102.195
0.00150942	89.8121
0.00151529	77.9159
0.00152116	66.6012
0.00152702	56.0798
0.00153289	46.4729
0.00153876	37.8602
0.00154462	30.3317
0.00155049	23.84
0.00155636	18.4147
0.00156222	13.926
0.00156809	10.3425
0.00157396	7.50655
0.00157982	5.34467
0.00158569	3.715
0.00159156	2.52805
0.00159742	1.68029
0.00160329	1.08918
0.00160916	0.691795
0.00161502	0.425542
0.00162089	0.258405
0.00162675	0.150165
0.00163262	0.0873369
0.00163849	0.0474906
0.00164435	0.0266703
0.00165022	0.0135829
0.00165609	0.00734216
0.00166195	0.00319896
0.00166782	0.0018179
