0.000166815	8.10888e-06
0.000171844	1.57104e-05
0.000176872	3.85149e-05
0.000181901	7.85029e-05
0.000186929	0.000167685
0.000191958	0.000326168
0.000196986	0.000669232
0.000202014	0.00124494
0.000207043	0.00244863
0.000212071	0.00437425
0.0002171	0.0082164
0.000222128	0.0143505
0.000227157	0.0253437
0.000232185	0.0427342
0.000237214	0.0717201
0.000242242	0.116431
0.00024727	0.18622
0.000252299	0.290468
0.000257327	0.443713
0.000262356	0.664086
0.000267384	0.970582
0.000272413	1.39277
0.000277441	1.95036
0.000282469	2.68306
0.000287498	3.60472
0.000292526	4.75666
0.000297555	6.14027
0.000302583	7.783
0.000307612	9.67248
0.00031264	11.807
0.000317669	14.1688
0.000322697	16.7254
0.000327725	19.4706
0.000332754	22.3653
0.000337782	25.4328
0.000342811	28.6745
0.000347839	32.1515
0.000352868	35.9573
0.000357896	40.1845
0.000362924	45.0482
0.000367953	50.6577
0.000372981	57.3457
0.00037801	65.2266
0.000383038	74.7278
0.000388067	85.9643
0.000393095	99.4416
0.000398123	115.269
0.000403152	134.019
0.00040818	155.776
0.000413209	181.128
0.000418237	210.097
0.000423266	243.161
0.000428294	280.24
0.000433323	321.486
0.000438351	366.722
0.000443379	415.567
0.000448408	467.795
0.000453436	522.439
0.000458465	579.304
0.000463493	637.023
0.000468522	695.499
0.00047355	753.356
0.000478578	810.614
0.000483607	866.313
0.000488635	920.564
0.000493664	973.093
0.000498692	1024.05
0.000503721	1073.85
0.000508749	1122.64
0.000513778	1171.35
0.000518806	1220.05
0.000523834	1269.87
0.000528863	1320.85
0.000533891	1373.99
0.00053892	1429.29
0.000543948	1487.46
0.000548977	1548.44
0.000554005	1612.56
0.000559033	1679.76
0.000564062	1749.99
0.00056909	1823.22
0.000574119	1899.17
0.000579147	1977.8
0.000584176	2058.7
0.000589204	2141.86
0.000594233	2226.7
0.000599261	2313.19
0.000604289	2400.39
0.000609318	2488.27
0.000614346	2575.28
0.000619375	2661.41
0.000624403	2744.48
0.000629432	2824.49
0.00063446	2899.01
0.000639488	2968.06
0.000644517	3029.62
0.000649545	3083.71
0.000654574	3129.41
0.000659602	3166.73
0.000664631	3196.15
0.000669659	3217.66
0.000674688	3233.22
0.000679716	3242.86
0.000684744	3244.89
0.000689773	3245.27
0.000694801	3244.45
0.00069983	3238.59
0.000704858	3230.72
0.000709887	3220.99
0.000714915	3208.81
0.000719943	3194.21
0.000724972	3176.4
0.00073	3155.38
0.000735029	3130.38
0.000740057	3101.39
0.000745086	3067.99
0.000750114	3030.17
0.000755143	2987.85
0.000760171	2941.03
0.000765199	2889.76
0.000770228	2834.05
0.000775256	2773.87
0.000780285	2709.23
0.000785313	2640.03
0.000790342	2566.25
0.00079537	2487.95
0.000800398	2405.06
0.000805427	2318.07
0.000810455	2226.91
0.000815484	2132.64
0.000820512	2035.21
0.000825541	1936.23
0.000830569	1835.72
0.000835598	1735.59
0.000840626	1635.94
0.000845654	1538.65
0.000850683	1443.87
0.000855711	1353.03
0.00086074	1266.34
0.000865768	1184.46
0.000870797	1107.58
0.000875825	1035.56
0.000880853	968.505
0.000885882	905.702
0.00089091	847.135
0.000895939	791.932
0.000900967	739.973
0.000905996	690.587
0.000911024	643.625
0.000916052	598.752
0.000921081	555.862
0.000926109	514.864
0.000931138	475.718
0.000936166	438.392
0.000941195	402.887
0.000946223	369.102
0.000951252	337.033
0.00095628	306.522
0.000961308	277.535
0.000966337	249.948
0.000971365	223.708
0.000976394	198.808
0.000981422	175.21
0.000986451	153.021
0.000991479	132.245
0.000996507	113.029
0.00100154	95.4185
0.00100656	79.5003
0.00101159	65.3344
0.00101662	52.8843
0.00102165	42.1866
0.00102668	33.0804
0.00103171	25.553
0.00103673	19.3665
0.00104176	14.456
0.00104679	10.5705
0.00105182	7.61056
0.00105685	5.36229
0.00106188	3.71737
0.00106691	2.52187
0.00107193	1.68033
0.00107696	1.09733
0.00108199	0.701363
0.00108702	0.441051
0.00109205	0.269807
0.00109708	0.163542
0.0011021	0.0954965
0.00110713	0.0558886
0.00111216	0.0309871
0.00111719	0.0176004
0.00112222	0.00922742
0.00112725	0.00510826
0.00113228	0.00256703
0.0011373	0.00136297
0.00114233	0.000657574
0.00114736	0.000334144
0.00115239	0.000155055
0.00115742	7.52355e-05
0.00116245	3.04735e-05
0.00116747	1.55528e-05
