0.000500379	1.16625e-138
0.00050876	9.92316e-134
0.000517141	3.96923e-133
0.000525522	2.58044e-128
0.000533903	1.04272e-127
0.000542284	5.17866e-123
0.000550665	2.11435e-122
0.000559045	8.0209e-118
0.000567426	3.30931e-117
0.000575807	9.58763e-113
0.000584188	3.99808e-112
0.000592569	8.84472e-108
0.00060095	3.72839e-107
0.00060933	6.29713e-103
0.000617711	2.6838e-102
0.000626092	3.46011e-98
0.000634473	1.49123e-97
0.000642854	1.46733e-93
0.000651235	6.39591e-93
0.000659615	4.80244e-89
0.000667996	2.11755e-88
0.000676377	1.2131e-84
0.000684758	5.41182e-84
0.000693139	2.36502e-80
0.00070152	1.06767e-79
0.0007099	3.55867e-76
0.000718281	1.626e-75
0.000726662	4.13298e-72
0.000735043	1.91162e-71
0.000743424	3.70487e-68
0.000751805	1.73498e-67
0.000760186	2.56348e-64
0.000768566	1.21564e-63
0.000776947	1.36916e-60
0.000785328	6.57583e-60
0.000793709	5.64499e-57
0.00080209	2.74626e-56
0.000810471	1.79675e-53
0.000818851	8.85514e-53
0.000827232	4.41531e-50
0.000835613	2.20461e-49
0.000843994	8.37772e-47
0.000852375	4.23811e-46
0.000860756	1.22754e-43
0.000869136	6.29134e-43
0.000877517	1.38918e-40
0.000885898	7.21229e-40
0.000894279	1.21446e-37
0.00090266	6.38553e-37
0.000911041	8.20384e-35
0.000919421	4.3667e-34
0.000927802	4.28354e-32
0.000936183	2.3067e-31
0.000944564	1.72949e-29
0.000952945	9.41371e-29
0.000961326	5.40245e-27
0.000969707	2.96845e-26
0.000978087	1.30651e-24
0.000986468	7.23386e-24
0.000994849	2.44819e-22
0.00100323	1.36261e-21
0.00101161	3.55838e-20
0.00101999	1.98444e-19
0.00102837	4.01699e-18
0.00103675	2.23509e-17
0.00104513	3.52766e-16
0.00105351	1.94754e-15
0.0010619	2.41459e-14
0.00107028	1.31339e-13
0.00107866	1.29102e-12
0.00108704	6.8585e-12
0.00109542	5.40546e-11
0.0011038	2.77491e-10
0.00111218	1.77701e-09
0.00112056	8.70499e-09
0.00112894	4.59871e-08
0.00113732	2.1192e-07
0.0011457	9.39097e-07
0.00115409	4.00807e-06
0.00116247	1.51617e-05
0.00117085	5.89732e-05
0.00117923	0.00019378
0.00118761	0.000676213
0.00119599	0.00196188
0.00120437	0.00605609
0.00121275	0.0157358
0.00122113	0.0424865
0.00122951	0.0999878
0.00123789	0.234404
0.00124627	0.503548
0.00125466	1.02253
0.00126304	2.06784
0.00127142	3.69207
0.0012798	6.51349
0.00128818	10.5308
0.00129656	16.4274
0.00130494	24.1896
0.00131332	34.0869
0.0013217	46.1112
0.00133008	60.003
0.00133846	75.7639
0.00134684	93.1176
0.00135523	112.061
0.00136361	132.84
0.00137199	155.44
0.00138037	180.663
0.00138875	208.493
0.00139713	240.102
0.00140551	275.481
0.00141389	315.902
0.00142227	361.386
0.00143065	412.68
0.00143903	469.843
0.00144741	532.542
0.0014558	600.803
0.00146418	673.884
0.00147256	751.679
0.00148094	834.847
0.00148932	923.244
0.0014977	1019.3
0.00150608	1123.15
0.00151446	1235.99
0.00152284	1358.26
0.00153122	1486.98
0.0015396	1622.36
0.00154798	1759.31
0.00155637	1897.44
0.00156475	2034.32
0.00157313	2169.54
0.00158151	2303.38
0.00158989	2436.15
0.00159827	2565.65
0.00160665	2692.52
0.00161503	2809.55
0.00162341	2916.45
0.00163179	3006.21
0.00164017	3077.43
0.00164855	3130.16
0.00165694	3165.72
0.00166532	3175.08
0.0016737	3175.7
0.00168208	3174.69
0.00169046	3157.69
0.00169884	3130.97
0.00170722	3098.03
0.0017156	3052.8
0.00172398	2994.91
0.00173236	2920.34
0.00174074	2827.37
0.00174912	2718.49
0.00175751	2592.35
0.00176589	2458.22
0.00177427	2316.72
0.00178265	2178.44
0.00179103	2045.93
0.00179941	1924.8
0.00180779	1818.08
0.00181617	1723.2
0.00182455	1641.67
0.00183293	1564.75
0.00184131	1491.1
0.00184969	1412.66
0.00185808	1326
0.00186646	1230.47
0.00187484	1123.39
0.00188322	1011.85
0.0018916	896.506
0.00189998	785.601
0.00190836	682.496
0.00191674	590.004
0.00192512	510.915
0.0019335	442.639
0.00194188	385.269
0.00195026	335.667
0.00195865	292.399
0.00196703	254.518
0.00197541	221.17
0.00198379	192.281
0.00199217	167.831
0.00200055	146.992
0.00200893	129.599
0.00201731	114.412
0.00202569	100.762
0.00203407	88.0296
0.00204245	75.5469
0.00205083	63.5443
0.00205922	51.8471
0.0020676	40.9803
0.00207598	31.2166
0.00208436	22.7816
0.00209274	15.9891
0.00210112	10.6469
0.0021095	6.80319
0.00211788	4.10592
0.00212626	2.35405
0.00213464	1.28751
0.00214302	0.635731
0.0021514	0.324934
0.00215979	0.130084
0.00216817	0.0651342
