0.000500379	1.60082e-175
0.00050876	3.09066e-168
0.000517141	1.23626e-167
0.000525522	1.55579e-160
0.000533903	6.28682e-160
0.000542284	5.15625e-153
0.000550665	2.10524e-152
0.000559045	1.12512e-145
0.000567426	4.64221e-145
0.000575807	1.61637e-138
0.000584188	6.74058e-138
0.000592569	1.52884e-131
0.00060095	6.44497e-131
0.00060933	9.52047e-125
0.000617711	4.05784e-124
0.000626092	3.90327e-118
0.000634473	1.68236e-117
0.000642854	1.05358e-111
0.000651235	4.59296e-111
0.000659615	1.87232e-105
0.000667996	8.25689e-105
0.000676377	2.19056e-99
0.000684758	9.77439e-99
0.000693139	1.68732e-93
0.00070152	7.61924e-93
0.0007099	8.55658e-88
0.000718281	3.91096e-87
0.000726662	2.85669e-82
0.000735043	1.32191e-81
0.000743424	6.27891e-77
0.000751805	2.94219e-76
0.000760186	9.08575e-72
0.000768566	4.31208e-71
0.000776947	8.65549e-67
0.000785328	4.16151e-66
0.000793709	5.42845e-62
0.00080209	2.64462e-61
0.000810471	2.24137e-57
0.000818851	1.10668e-56
0.000827232	6.09267e-53
0.000835613	3.0495e-52
0.000843994	1.09034e-48
0.000852375	5.53329e-48
0.000860756	1.28465e-44
0.000869136	6.61128e-44
0.000877517	9.96531e-41
0.000885898	5.20159e-40
0.000894279	5.08992e-37
0.00090266	2.69486e-36
0.000911041	1.71193e-33
0.000919421	9.19364e-33
0.000927802	3.79218e-30
0.000936183	2.06535e-29
0.000944564	5.5339e-27
0.000952945	3.05534e-26
0.000961326	5.3222e-24
0.000969707	2.97642e-23
0.000978087	3.37556e-21
0.000986468	1.90947e-20
0.000994849	1.41328e-18
0.00100323	8.06743e-18
0.00101161	3.91196e-16
0.00101999	2.24491e-15
0.00102837	7.17536e-14
0.00103675	4.11489e-13
0.00104513	8.75059e-12
0.00105351	4.96938e-11
0.0010619	7.1293e-10
0.00107028	3.95521e-09
0.00107866	3.90521e-08
0.00108704	2.07575e-07
0.00109542	1.44953e-06
0.0011038	7.18881e-06
0.00111218	3.67654e-05
0.00112056	0.000164486
0.00112894	0.000641805
0.00113732	0.00249096
0.0011457	0.00774035
0.00115409	0.0250338
0.00116247	0.0644136
0.00117085	0.1676
0.00117923	0.381955
0.00118761	0.781772
0.00119599	1.48268
0.00120437	2.46829
0.00121275	3.67246
0.00122113	5.07251
0.00122951	6.25873
0.00123789	7.26284
0.00124627	8.11527
0.00125466	8.86614
0.00126304	10.5217
0.00127142	13.0621
0.0012798	17.1475
0.00128818	22.7318
0.00129656	29.0892
0.00130494	36.2293
0.00131332	43.6877
0.0013217	51.4818
0.00133008	60.4477
0.00133846	70.5797
0.00134684	82.5674
0.00135523	96.4075
0.00136361	112.506
0.00137199	130.851
0.00138037	152.365
0.00138875	177.038
0.00139713	205.981
0.00140551	239.195
0.00141389	277.637
0.00142227	321.299
0.00143065	371.181
0.00143903	427.219
0.00144741	491.641
0.0014558	564.493
0.00146418	647.497
0.00147256	741.014
0.00148094	841.715
0.00148932	949.519
0.0014977	1061.81
0.00150608	1177.66
0.00151446	1304.65
0.00152284	1442.79
0.00153122	1600.06
0.0015396	1778.13
0.00154798	1970.57
0.00155637	2178.71
0.00156475	2384.56
0.00157313	2587.77
0.00158151	2770.19
0.00158989	2929.69
0.00159827	3059.62
0.00160665	3157.85
0.00161503	3230.77
0.00162341	3281.86
0.00163179	3293.93
0.00164017	3292.16
0.00164855	3285.35
0.00165694	3243.21
0.00166532	3188.49
0.0016737	3125.79
0.00168208	3065.64
0.00169046	3010.53
0.00169884	2965.2
0.00170722	2932.63
0.0017156	2905.1
0.00172398	2884.09
0.00173236	2852.33
0.00174074	2806.55
0.00174912	2738.7
0.00175751	2643.27
0.00176589	2533.23
0.00177427	2409.43
0.00178265	2283.87
0.00179103	2161.89
0.00179941	2037.93
0.00180779	1912.15
0.00181617	1778.89
0.00182455	1634.93
0.00183293	1485.41
0.00184131	1329.92
0.00184969	1176.5
0.00185808	1026.97
0.00186646	887.379
0.00187484	760.377
0.00188322	647.372
0.0018916	550.078
0.00189998	466.321
0.00190836	395.807
0.00191674	337.054
0.00192512	289.83
0.0019335	251.939
0.00194188	223.241
0.00195026	199.711
0.00195865	179.691
0.00196703	161.056
0.00197541	141.9
0.00198379	123.351
0.00199217	105.345
0.00200055	88.8811
0.00200893	74.7615
0.00201731	62.2978
0.00202569	51.3168
0.00203407	41.5746
0.00204245	32.7538
0.00205083	25.2145
0.00205922	19.221
0.0020676	14.4631
0.00207598	10.9097
0.00208436	8.14901
0.00209274	5.84896
0.00210112	4.01751
0.0021095	2.56301
0.00211788	1.48616
0.00212626	0.786429
0.00213464	0.380954
0.00214302	0.159087
0.0021514	0.0657192
0.00215979	0.0220648
0.00216817	0.00751332
