3.33898e-05	1.73819e-10
3.55687e-05	6.44177e-10
3.77476e-05	2.05525e-09
3.99264e-05	7.35806e-09
4.21053e-05	2.14775e-08
4.42842e-05	7.0177e-08
4.64631e-05	1.98398e-07
4.8642e-05	5.94172e-07
5.08209e-05	1.62045e-06
5.29998e-05	4.46771e-06
5.51787e-05	1.1706e-05
5.73576e-05	2.98454e-05
5.95365e-05	7.48199e-05
6.17154e-05	0.000177196
6.38943e-05	0.000423306
6.60732e-05	0.000935359
6.82521e-05	0.0021211
7.0431e-05	0.00439163
7.26099e-05	0.00941959
7.47888e-05	0.0183481
7.69677e-05	0.0371055
7.91465e-05	0.0684652
8.13254e-05	0.129888
8.35043e-05	0.232241
8.56832e-05	0.406773
8.78621e-05	0.689665
9.0041e-05	1.13374
9.22199e-05	1.81867
9.43988e-05	2.81847
9.65777e-05	4.27508
9.87566e-05	6.26787
0.000100935	8.99761
0.000103114	12.519
0.000105293	17.0458
0.000107472	22.5781
0.000109651	29.2578
0.00011183	37.0211
0.000114009	45.8544
0.000116188	55.6471
0.000118367	66.1958
0.000120546	77.3725
0.000122724	88.8084
0.000124903	100.385
0.000127082	111.624
0.000129261	122.454
0.00013144	132.381
0.000133619	141.453
0.000135798	149.381
0.000137977	156.419
0.000140156	162.893
0.000142334	169.272
0.000144513	176.93
0.000146692	186.412
0.000148871	200.184
0.00015105	218.611
0.000153229	244.576
0.000155408	278.053
0.000157587	321.101
0.000159766	373.319
0.000161945	434.87
0.000164123	505.241
0.000166302	582.633
0.000168481	666.762
0.00017066	755.051
0.000172839	847.62
0.000175018	942.886
0.000177197	1041.27
0.000179376	1143.39
0.000181555	1249.67
0.000183733	1362.74
0.000185912	1482.78
0.000188091	1613
0.00019027	1753.26
0.000192449	1905.58
0.000194628	2069.66
0.000196807	2245.39
0.000198986	2432.5
0.000201165	2629
0.000203344	2834.71
0.000205522	3046.68
0.000207701	3264.81
0.00020988	3485.85
0.000212059	3709.77
0.000214238	3933.26
0.000216417	4156.32
0.000218596	4375.83
0.000220775	4591.84
0.000222954	4802.03
0.000225132	5006.53
0.000227311	5204.71
0.00022949	5396.68
0.000231669	5583.81
0.000233848	5766.14
0.000236027	5946.19
0.000238206	6123.92
0.000240385	6301.26
0.000242564	6478.12
0.000244743	6654.2
0.000246921	6829.45
0.0002491	7000.7
0.000251279	7167.98
0.000253458	7326.19
0.000255637	7475.36
0.000257816	7610.47
0.000259995	7731.53
0.000262174	7835.74
0.000264353	7923.02
0.000266531	7993.75
0.00026871	8047.82
0.000270889	8088.62
0.000273068	8116.81
0.000275247	8121.96
0.000277426	8122.02
0.000279605	8118.81
0.000281784	8092.23
0.000283963	8050.49
0.000286142	7994.69
0.00028832	7920.5
0.000290499	7827.67
0.000292678	7716.1
0.000294857	7585.43
0.000297036	7439.22
0.000299215	7277.28
0.000301394	7105.33
0.000303573	6923.55
0.000305752	6736.92
0.00030793	6545.95
0.000310109	6352.49
0.000312288	6157.06
0.000314467	5958.1
0.000316646	5755.79
0.000318825	5547.22
0.000321004	5332.07
0.000323183	5109.07
0.000325362	4877.64
0.00032754	4639.87
0.000329719	4395.35
0.000331898	4149.09
0.000334077	3901.16
0.000336256	3657.5
0.000338435	3418.66
0.000340614	3189.65
0.000342793	2971.24
0.000344972	2766.59
0.000347151	2576.47
0.000349329	2401.92
0.000351508	2243.58
0.000353687	2100.34
0.000355866	1972.58
0.000358045	1857.22
0.000360224	1754.21
0.000362403	1659.23
0.000364582	1571.73
0.000366761	1487.46
0.000368939	1405.47
0.000371118	1322.99
0.000373297	1238.98
0.000375476	1152.87
0.000377655	1063.94
0.000379834	973.53
0.000382013	881.491
0.000384192	790.176
0.000386371	699.972
0.00038855	613.259
0.000390728	530.731
0.000392907	454.117
0.000395086	384.158
0.000397265	321.619
0.000399444	267.072
0.000401623	220.312
0.000403802	181.601
0.000405981	149.999
0.00040816	125.412
0.000410338	106.559
0.000412517	93.0583
0.000414696	83.6502
0.000416875	77.4748
0.000419054	74.7124
0.000421233	73.6847
0.000423412	73.3976
0.000425591	74.2542
0.00042777	75.4493
0.000429949	76.6267
0.000432127	77.2203
0.000434306	77.0614
0.000436485	76.6243
0.000438664	75.0869
0.000440843	72.439
0.000443022	69.0056
0.000445201	64.8052
0.00044738	59.8781
0.000449559	54.439
0.000451737	48.6021
0.000453916	42.5953
0.000456095	36.587
0.000458274	30.7625
0.000460453	25.309
0.000462632	20.3194
0.000464811	15.9601
0.00046699	12.1741
