3.33898e-05	0.000641167
3.52334e-05	0.00107484
3.70771e-05	0.00237587
3.89207e-05	0.00427475
4.07644e-05	0.00819957
4.2608e-05	0.0143509
4.44517e-05	0.0263722
4.62953e-05	0.0451931
4.8139e-05	0.0791162
4.99827e-05	0.13187
5.18263e-05	0.221307
5.367e-05	0.358084
5.55136e-05	0.577347
5.73573e-05	0.905509
5.92009e-05	1.40522
6.10446e-05	2.13407
6.28882e-05	3.19252
6.47319e-05	4.69173
6.65755e-05	6.77519
6.84192e-05	9.63279
7.02628e-05	13.4447
7.21065e-05	18.4964
7.39502e-05	24.9823
7.57938e-05	33.2766
7.76375e-05	43.5523
7.94811e-05	56.2289
8.13248e-05	71.4222
8.31684e-05	89.5205
8.50121e-05	110.566
8.68557e-05	134.835
8.86994e-05	162.312
9.0543e-05	193.12
9.23867e-05	227.232
9.42303e-05	264.655
9.6074e-05	305.399
9.79177e-05	349.46
9.97613e-05	396.906
0.000101605	447.841
0.000103449	502.372
0.000105292	560.757
0.000107136	623.092
0.00010898	689.731
0.000110823	760.711
0.000112667	836.345
0.000114511	916.613
0.000116354	1001.67
0.000118198	1091.47
0.000120042	1186.04
0.000121885	1285.38
0.000123729	1389.5
0.000125572	1498.54
0.000127416	1612.77
0.00012926	1732.4
0.000131103	1858.18
0.000132947	1990.36
0.000134791	2130.16
0.000136634	2277.77
0.000138478	2434.67
0.000140322	2600.85
0.000142165	2777.52
0.000144009	2964.47
0.000145853	3161.94
0.000147696	3369.54
0.00014954	3585.98
0.000151384	3810.75
0.000153227	4040.79
0.000155071	4275.6
0.000156915	4510.63
0.000158758	4745.54
0.000160602	4975.11
0.000162446	5199.23
0.000164289	5413.24
0.000166133	5617.32
0.000167977	5808.56
0.00016982	5987.33
0.000171664	6153.35
0.000173507	6307
0.000175351	6450.64
0.000177195	6584.55
0.000179038	6712.85
0.000180882	6835.62
0.000182726	6957.22
0.000184569	7077.53
0.000186413	7199.47
0.000188257	7322.81
0.0001901	7447.85
0.000191944	7574.36
0.000193788	7699.74
0.000195631	7823.85
0.000197475	7941.91
0.000199319	8053.88
0.000201162	8154.14
0.000203006	8242.72
0.00020485	8315.05
0.000206693	8371.03
0.000208537	8403.12
0.000210381	8418.22
0.000212224	8415.85
0.000214068	8387.8
0.000215912	8340.56
0.000217755	8274.06
0.000219599	8191.41
0.000221442	8092.55
0.000223286	7982.87
0.00022513	7862.3
0.000226973	7736.9
0.000228817	7606.65
0.000230661	7476.74
0.000232504	7347.25
0.000234348	7220.93
0.000236192	7097.95
0.000238035	6977.73
0.000239879	6860.47
0.000241723	6742.61
0.000243566	6624.26
0.00024541	6500.4
0.000247254	6370.99
0.000249097	6231.67
0.000250941	6082.2
0.000252785	5920.61
0.000254628	5746.58
0.000256472	5561.15
0.000258316	5364.07
0.000260159	5158.81
0.000262003	4945.29
0.000263847	4728.17
0.00026569	4507.54
0.000267534	4287.96
0.000269377	4069.67
0.000271221	3856.27
0.000273065	3648.07
0.000274908	3447.47
0.000276752	3254.76
0.000278596	3071.25
0.000280439	2897.17
0.000282283	2732.93
0.000284127	2578.68
0.00028597	2434.1
0.000287814	2299.27
0.000289658	2173.29
0.000291501	2056.16
0.000293345	1946.64
0.000295189	1844.64
0.000297032	1748.85
0.000298876	1659.11
0.00030072	1574.27
0.000302563	1494.13
0.000304407	1417.81
0.000306251	1345.13
0.000308094	1275.43
0.000309938	1208.59
0.000311782	1144.09
0.000313625	1081.82
0.000315469	1021.38
0.000317312	962.67
0.000319156	905.352
0.000321	849.339
0.000322843	794.42
0.000324687	740.51
0.000326531	687.569
0.000328374	635.532
0.000330218	584.547
0.000332062	534.589
0.000333905	485.963
0.000335749	438.701
0.000337593	393.199
0.000339436	349.546
0.00034128	308.138
0.000343124	269.108
0.000344967	232.76
0.000346811	199.238
0.000348655	168.682
0.000350498	141.211
0.000352342	116.767
0.000354186	95.4079
0.000356029	76.8987
0.000357873	61.2153
0.000359717	48.009
0.00036156	37.1737
0.000363404	28.3267
0.000365247	21.3032
0.000367091	15.7548
0.000368935	11.4924
0.000370778	8.24197
0.000372622	5.82382
0.000374466	4.04836
0.000376309	2.76735
0.000378153	1.86436
0.000379997	1.23116
0.00038184	0.804026
0.000383684	0.512132
0.000385528	0.32441
0.000387371	0.19896
0.000389215	0.122369
0.000391059	0.0721136
0.000392902	0.0431266
0.000394746	0.0243623
0.00039659	0.0141938
0.000398433	0.00687022
0.000400277	0.00436102
