0.000500379	6.92122e-114
0.00050876	1.16665e-109
0.000517141	4.66638e-109
0.000525522	6.12422e-105
0.000533903	2.47456e-104
0.000542284	2.52819e-100
0.000550665	1.03213e-99
0.000559045	8.20774e-96
0.000567426	3.38605e-95
0.000575807	2.09551e-91
0.000584188	8.73717e-91
0.000592569	4.20733e-87
0.00060095	1.77324e-86
0.00060933	6.64317e-83
0.000617711	2.83064e-82
0.000626092	8.2489e-79
0.000634473	3.55403e-78
0.000642854	8.05506e-75
0.000651235	3.50976e-74
0.000659615	6.18579e-71
0.000667996	2.72616e-70
0.000676377	3.73575e-67
0.000684758	1.6655e-66
0.000693139	1.77428e-63
0.00070152	8.0031e-63
0.0007099	6.62721e-60
0.000718281	3.02476e-59
0.000726662	1.94677e-56
0.000735043	8.99169e-56
0.000743424	4.49765e-53
0.000751805	2.10239e-52
0.000760186	8.17257e-50
0.000768566	3.86637e-49
0.000776947	1.16804e-46
0.000785328	5.59263e-46
0.000793709	1.31313e-43
0.00080209	6.36283e-43
0.000810471	1.16132e-40
0.000818851	5.69389e-40
0.000827232	8.08053e-38
0.000835613	4.00769e-37
0.000843994	4.42426e-35
0.000852375	2.21875e-34
0.000860756	1.90653e-32
0.000869136	9.66179e-32
0.000877517	6.46791e-30
0.000885898	3.30938e-29
0.000894279	1.72804e-27
0.00090266	8.91627e-27
0.000911041	3.63753e-25
0.000919421	1.88964e-24
0.000927802	6.03628e-23
0.000936183	3.15026e-22
0.000944564	7.90235e-21
0.000952945	4.13148e-20
0.000961326	8.16878e-19
0.000969707	4.26267e-18
0.000978087	6.67499e-17
0.000986468	3.46024e-16
0.000994849	4.31728e-15
0.00100323	2.21016e-14
0.00101161	2.21364e-13
0.00101999	1.11094e-12
0.00102837	9.01342e-12
0.00103675	4.39517e-11
0.00104513	2.9199e-10
0.00105351	1.36893e-09
0.0010619	7.53966e-09
0.00107028	3.3576e-08
0.00107866	1.55449e-07
0.00108704	6.48751e-07
0.00109542	2.56259e-06
0.0011038	9.87943e-06
0.00111218	3.38061e-05
0.00112056	0.000118644
0.00112894	0.000356961
0.00113732	0.00112446
0.0011457	0.00301524
0.00115409	0.00841812
0.00116247	0.0203499
0.00117085	0.0498354
0.00117923	0.109536
0.00118761	0.233608
0.00119599	0.48043
0.00120437	0.892975
0.00121275	1.63675
0.00122113	2.71352
0.00122951	4.32137
0.00123789	6.44309
0.00124627	9.03738
0.00125466	12.0823
0.00126304	15.1315
0.00127142	18.1849
0.0012798	20.7227
0.00128818	22.7682
0.00129656	24.4013
0.00130494	25.6399
0.00131332	27.3693
0.0013217	29.5876
0.00133008	33.4777
0.00133846	39.031
0.00134684	47.2557
0.00135523	58.146
0.00136361	72.5243
0.00137199	90.3846
0.00138037	112.522
0.00138875	138.916
0.00139713	170.803
0.00140551	208.128
0.00141389	253.384
0.00142227	306.523
0.00143065	370.956
0.00143903	446.77
0.00144741	535.815
0.0014558	638.349
0.00146418	752.4
0.00147256	878.191
0.00148094	1010.85
0.00148932	1150.34
0.0014977	1292.05
0.00150608	1435.74
0.00151446	1578.89
0.00152284	1721.34
0.00153122	1861.66
0.0015396	1999.88
0.00154798	2133.74
0.00155637	2263.32
0.00156475	2385.11
0.00157313	2499
0.00158151	2601.79
0.00158989	2693.08
0.00159827	2771.97
0.00160665	2837.98
0.00161503	2893.14
0.00162341	2937.32
0.00163179	2973.65
0.00164017	3002.55
0.00164855	3025.59
0.00165694	3044.58
0.00166532	3050.51
0.0016737	3051.18
0.00168208	3050.14
0.00169046	3031.87
0.00169884	3000.64
0.00170722	2958.4
0.0017156	2906
0.00172398	2843.11
0.00173236	2774.61
0.00174074	2701.5
0.00174912	2625.77
0.00175751	2548.96
0.00176589	2467.18
0.00177427	2380.38
0.00178265	2283.83
0.00179103	2175.59
0.00179941	2057.1
0.00180779	1927.09
0.00181617	1792.28
0.00182455	1653.79
0.00183293	1516.84
0.00184131	1383.47
0.00184969	1254.68
0.00185808	1131.28
0.00186646	1013.18
0.00187484	900.205
0.00188322	793.601
0.0018916	693.548
0.00189998	601.49
0.00190836	518.119
0.00191674	443.568
0.00192512	378.335
0.0019335	321.328
0.00194188	272.505
0.00195026	230.282
0.00195865	194.127
0.00196703	162.779
0.00197541	135.508
0.00198379	111.902
0.00199217	91.543
0.00200055	74.4191
0.00200893	60.5541
0.00201731	49.4764
0.00202569	41.1496
0.00203407	34.6634
0.00204245	29.5631
0.00205083	25.2596
0.00205922	21.1988
0.0020676	17.4212
0.00207598	13.726
0.00208436	10.363
0.00209274	7.45328
0.00210112	5.04684
0.0021095	3.26239
0.00211788	1.967
0.00212626	1.12661
0.00213464	0.608185
0.00214302	0.295476
0.0021514	0.149027
0.00215979	0.0588471
0.00216817	0.0287873
