0.000500379	1.55002e-138
0.000509598	1.99067e-133
0.000518817	7.96263e-133
0.000528036	7.68079e-128
0.000537255	3.10371e-127
0.000546474	2.24828e-122
0.000555693	9.17937e-122
0.000564912	4.99266e-117
0.000574131	2.05992e-116
0.00058335	8.41103e-112
0.000592569	3.50747e-111
0.000601788	1.07498e-106
0.000611007	4.53152e-106
0.000620226	1.04228e-101
0.000629445	4.44221e-101
0.000638664	7.66651e-97
0.000647883	3.30416e-96
0.000657101	4.27801e-92
0.00066632	1.86478e-91
0.000675539	1.81099e-87
0.000684758	7.98551e-87
0.000693977	5.81589e-83
0.000703196	2.59467e-82
0.000712415	1.41692e-78
0.000721634	6.39691e-78
0.000730853	2.61882e-74
0.000740072	1.19664e-73
0.000749291	3.67193e-70
0.00075851	1.69851e-69
0.000767729	3.90587e-66
0.000776948	1.82929e-65
0.000786167	3.15195e-62
0.000795386	1.49488e-61
0.000804605	1.92968e-58
0.000813823	9.26928e-58
0.000823042	8.96294e-55
0.000832261	4.36115e-54
0.00084148	3.15854e-51
0.000850699	1.55696e-50
0.000859918	8.44529e-48
0.000869137	4.21773e-47
0.000878356	1.71343e-44
0.000887575	8.66985e-44
0.000896794	2.63803e-41
0.000906013	1.35234e-40
0.000915232	3.08256e-38
0.000924451	1.60071e-37
0.00093367	2.73425e-35
0.000942889	1.43782e-34
0.000952108	1.84145e-32
0.000961327	9.80124e-32
0.000970545	9.41921e-30
0.000979764	5.0707e-29
0.000988983	3.66088e-27
0.000998202	1.99111e-26
0.00100742	1.08173e-24
0.00101664	5.93479e-24
0.00102586	2.43183e-22
0.00103508	1.34292e-21
0.0010443	4.16345e-20
0.00105352	2.30728e-19
0.00106273	5.43533e-18
0.00107195	3.01053e-17
0.00108117	5.41928e-16
0.00109039	2.98396e-15
0.00109961	4.13485e-14
0.00110883	2.24751e-13
0.00111805	2.41999e-12
0.00112727	1.28693e-11
0.00113649	1.08943e-10
0.00114571	5.60534e-10
0.00115492	3.78383e-09
0.00116414	1.85846e-08
0.00117336	1.01705e-07
0.00118258	4.69463e-07
0.0011918	2.12168e-06
0.00120102	9.0458e-06
0.00121024	3.44304e-05
0.00121946	0.000133139
0.00122868	0.000435272
0.00123789	0.00149945
0.00124711	0.00428873
0.00125633	0.0129489
0.00126555	0.0329155
0.00127477	0.0859539
0.00128399	0.196506
0.00129321	0.439783
0.00130243	0.929358
0.00131165	1.78346
0.00132087	3.36285
0.00133008	5.66761
0.0013393	9.1102
0.00134852	13.6577
0.00135774	19.0512
0.00136696	25.2586
0.00137618	31.0007
0.0013854	36.2835
0.00139462	39.7141
0.00140384	41.3649
0.00141305	41.2414
0.00142227	39.3344
0.00143149	36.9608
0.00144071	34.1139
0.00144993	31.7276
0.00145915	29.7943
0.00146837	29.2473
0.00147759	29.1139
0.00148681	29.4296
0.00149603	32.4154
0.00150524	38.4512
0.00151446	48.018
0.00152368	62.9331
0.0015329	83.1986
0.00154212	110.204
0.00155134	143.886
0.00156056	186.598
0.00156978	238.233
0.001579	302.807
0.00158821	380.495
0.00159743	473.562
0.00160665	582.547
0.00161587	704.212
0.00162509	838.963
0.00163431	979.451
0.00164353	1125.52
0.00165275	1270.42
0.00166197	1413.58
0.00167118	1551.79
0.0016804	1684.51
0.00168962	1811.46
0.00169884	1932.46
0.00170806	2047.91
0.00171728	2157.67
0.0017265	2262.95
0.00173572	2363.42
0.00174494	2462.95
0.00175416	2561.86
0.00176337	2663.05
0.00177259	2768.06
0.00178181	2871.27
0.00179103	2973.6
0.00180025	3062.75
0.00180947	3137.43
0.00181869	3188.27
0.00182791	3214.85
0.00183713	3219.52
0.00184634	3200.42
0.00185556	3164.85
0.00186478	3114.11
0.001874	3051.54
0.00188322	2978.65
0.00189244	2894.01
0.00190166	2798.03
0.00191088	2687.63
0.0019201	2561.72
0.00192932	2420.89
0.00193853	2263.4
0.00194775	2097.33
0.00195697	1922.75
0.00196619	1751.7
0.00197541	1587.47
0.00198463	1436.6
0.00199385	1303.19
0.00200307	1184.02
0.00201229	1080.13
0.0020215	984.667
0.00203072	895.438
0.00203994	809.545
0.00204916	724.798
0.00205838	642.599
0.0020676	562.602
0.00207682	487.019
0.00208604	416.551
0.00209526	352.623
0.00210448	296.128
0.00211369	247.25
0.00212291	206.748
0.00213213	173.016
0.00214135	145.941
0.00215057	123.156
0.00215979	103.451
0.00216901	85.802
0.00217823	69.0652
0.00218745	53.8267
0.00219666	40.0116
0.00220588	28.2071
0.0022151	18.9028
0.00222432	11.7945
0.00223354	6.99844
0.00224276	3.84346
0.00225198	1.93737
0.0022612	0.970611
0.00227042	0.424171
0.00227964	0.188264
0.00228885	0.0739977
0.00229807	0.027882
0.00230729	0.0100267
0.00231651	0.00314658
0.00232573	0.00098935
0.00233495	0.000270274
