3.33898e-05	1.3084e-05
3.55687e-05	2.87681e-05
3.77476e-05	7.58202e-05
3.99264e-05	0.000170903
4.21053e-05	0.000393155
4.42842e-05	0.000831287
4.64631e-05	0.00182434
4.8642e-05	0.00363095
5.08209e-05	0.00757645
5.29998e-05	0.0142405
5.51787e-05	0.0281643
5.73576e-05	0.0507776
5.95365e-05	0.0938831
6.17154e-05	0.163226
6.38943e-05	0.280848
6.60732e-05	0.465171
6.82521e-05	0.752553
7.0431e-05	1.1836
7.26099e-05	1.8066
7.47888e-05	2.69264
7.69677e-05	3.88725
7.91465e-05	5.48545
8.13254e-05	7.50424
8.35043e-05	10.0279
8.56832e-05	13.0227
8.78621e-05	16.5036
9.0041e-05	20.3911
9.22199e-05	24.5858
9.43988e-05	29.0077
9.65777e-05	33.4677
9.87566e-05	37.9498
0.000100935	42.2935
0.000103114	46.5783
0.000105293	50.8224
0.000107472	55.1599
0.000109651	59.8414
0.00011183	64.9596
0.000114009	70.8659
0.000116188	77.533
0.000118367	85.1555
0.000120546	93.5952
0.000122724	102.699
0.000124903	112.315
0.000127082	121.996
0.000129261	131.694
0.00013144	140.968
0.000133619	149.925
0.000135798	158.491
0.000137977	166.891
0.000140156	175.613
0.000142334	184.908
0.000144513	195.754
0.000146692	208.346
0.000148871	223.893
0.00015105	242.51
0.000153229	265.365
0.000155408	292.513
0.000157587	324.932
0.000159766	362.654
0.000161945	406.46
0.000164123	456.377
0.000166302	513.05
0.000168481	576.505
0.00017066	647.307
0.000172839	725.487
0.000175018	811.58
0.000177197	905.62
0.000179376	1008.17
0.000181555	1119.24
0.000183733	1239.38
0.000185912	1368.57
0.000188091	1507.13
0.00019027	1654.95
0.000192449	1811.8
0.000194628	1977.55
0.000196807	2151.29
0.000198986	2332.97
0.000201165	2521.46
0.000203344	2716.8
0.000205522	2918.47
0.000207701	3126.55
0.00020988	3341.46
0.000212059	3563.2
0.000214238	3792.28
0.000216417	4028.54
0.000218596	4270.87
0.000220775	4519.03
0.000222954	4769.15
0.000225132	5021.08
0.000227311	5269.07
0.00022949	5513.19
0.000231669	5748.6
0.000233848	5975.48
0.000236027	6192.47
0.000238206	6399.69
0.000240385	6599.16
0.000242564	6790.89
0.000244743	6977.17
0.000246921	7157.94
0.0002491	7331.96
0.000251279	7499.22
0.000253458	7653.57
0.000255637	7795.08
0.000257816	7915.09
0.000259995	8013.62
0.000262174	8085.15
0.000264353	8129.95
0.000266531	8135.45
0.00026871	8119.53
0.000270889	8084.24
0.000273068	8017.1
0.000275247	7933.53
0.000277426	7834.01
0.000279605	7725.64
0.000281784	7608.58
0.000283963	7488.52
0.000286142	7365.7
0.00028832	7242.78
0.000290499	7120.03
0.000292678	6997.47
0.000294857	6875.27
0.000297036	6751.76
0.000299215	6627
0.000301394	6498.68
0.000303573	6366.72
0.000305752	6229.18
0.00030793	6085.9
0.000310109	5935.83
0.000312288	5778.79
0.000314467	5614.72
0.000316646	5443.48
0.000318825	5265.96
0.000321004	5082.03
0.000323183	4893.55
0.000325362	4700.47
0.00032754	4505.46
0.000329719	4308.63
0.000331898	4112.82
0.000334077	3918.35
0.000336256	3727.15
0.000338435	3539.64
0.000340614	3356.21
0.000342793	3177.15
0.000344972	3001.76
0.000347151	2830.01
0.000349329	2661.29
0.000351508	2495.37
0.000353687	2332.55
0.000355866	2172.68
0.000358045	2016.83
0.000360224	1865.08
0.000362403	1718.54
0.000364582	1577.44
0.000366761	1442.5
0.000368939	1313.87
0.000371118	1192.1
0.000373297	1077.24
0.000375476	969.982
0.000377655	870.428
0.000379834	779.362
0.000382013	697.043
0.000384192	623.793
0.000386371	559.957
0.00038855	504.854
0.000390728	458.671
0.000392907	419.685
0.000395086	387.703
0.000397265	360.494
0.000399444	337.454
0.000401623	316.601
0.000403802	297.116
0.000405981	277.837
0.00040816	258.024
0.000410338	237.493
0.000412517	215.825
0.000414696	193.576
0.000416875	170.733
0.000419054	148.136
0.000421233	126.088
0.000423412	105.283
0.000425591	86.1403
0.00042777	68.9611
0.000429949	54.076
0.000432127	41.393
0.000434306	31.0336
0.000436485	22.6696
0.000438664	16.214
0.000440843	11.2899
0.000443022	7.68549
0.000445201	5.09934
0.00044738	3.29523
0.000449559	2.08459
0.000451737	1.27462
0.000453916	0.770049
0.000456095	0.443703
0.000458274	0.256731
0.000460453	0.137919
0.000462632	0.0772096
0.000464811	0.0349841
0.00046699	0.020909
