0.000100103	0.0136432
0.000103622	0.0202891
0.000107142	0.0322248
0.000110662	0.0482659
0.000114182	0.0718706
0.000117702	0.104832
0.000121222	0.151446
0.000124742	0.215061
0.000128261	0.301739
0.000131781	0.417114
0.000135301	0.568918
0.000138821	0.765678
0.000142341	1.01616
0.000145861	1.33192
0.000149381	1.72154
0.0001529	2.1988
0.00015642	2.77047
0.00015994	3.45067
0.00016346	4.24279
0.00016698	5.15832
0.0001705	6.19634
0.00017402	7.36255
0.000177539	8.65183
0.000181059	10.0617
0.000184579	11.5843
0.000188099	13.2084
0.000191619	14.9253
0.000195139	16.7173
0.000198659	18.5769
0.000202178	20.4835
0.000205698	22.4324
0.000209218	24.4046
0.000212738	26.3986
0.000216258	28.4006
0.000219778	30.4117
0.000223298	32.4256
0.000226817	34.4457
0.000230337	36.4737
0.000233857	38.5157
0.000237377	40.5821
0.000240897	42.6824
0.000244417	44.8388
0.000247937	47.0646
0.000251456	49.3981
0.000254976	51.8565
0.000258496	54.4988
0.000262016	57.3449
0.000265536	60.476
0.000269056	63.9119
0.000272576	67.7527
0.000276095	72.0147
0.000279615	76.8068
0.000283135	82.139
0.000286655	88.1133
0.000290175	94.7313
0.000293695	102.07
0.000297214	110.123
0.000300734	118.923
0.000304254	128.456
0.000307774	138.697
0.000311294	149.625
0.000314814	161.149
0.000318334	173.244
0.000321853	185.753
0.000325373	198.652
0.000328893	211.734
0.000332413	224.981
0.000335933	238.167
0.000339453	251.286
0.000342973	264.135
0.000346492	276.724
0.000350012	288.923
0.000353532	300.75
0.000357052	312.186
0.000360572	323.25
0.000364092	334.039
0.000367612	344.57
0.000371131	355.029
0.000374651	365.425
0.000378171	375.985
0.000381691	386.709
0.000385211	397.809
0.000388731	409.278
0.000392251	421.264
0.00039577	433.759
0.00039929	446.817
0.00040281	460.429
0.00040633	474.546
0.00040985	489.159
0.00041337	504.117
0.00041689	519.413
0.000420409	534.808
0.000423929	550.299
0.000427449	565.587
0.000430969	580.672
0.000434489	595.244
0.000438009	609.303
0.000441529	622.586
0.000445048	635.095
0.000448568	646.668
0.000452088	657.306
0.000455608	666.988
0.000459128	675.714
0.000462648	683.61
0.000466168	690.674
0.000469687	697.153
0.000473207	703.044
0.000476727	708.658
0.000480247	713.995
0.000483767	719.359
0.000487287	724.755
0.000490807	730.406
0.000494326	736.32
0.000497846	742.569
0.000501366	749.167
0.000504886	755.982
0.000508406	763.032
0.000511926	769.966
0.000515446	776.8
0.000518965	783.001
0.000522485	788.574
0.000526005	792.948
0.000529525	796.207
0.000533045	796.848
0.000536565	795.948
0.000540085	793.78
0.000543604	788.271
0.000547124	780.196
0.000550644	769.728
0.000554164	756.803
0.000557684	741.386
0.000561204	723.845
0.000564724	704.169
0.000568243	682.882
0.000571763	660
0.000575283	636.09
0.000578803	611.192
0.000582323	585.82
0.000585843	560.028
0.000589362	534.218
0.000592882	508.443
0.000596402	482.98
0.000599922	457.874
0.000603442	433.292
0.000606962	409.267
0.000610482	385.893
0.000614001	363.19
0.000617521	341.211
0.000621041	319.968
0.000624561	299.493
0.000628081	279.794
0.000631601	260.893
0.000635121	242.795
0.00063864	225.513
0.00064216	209.05
0.00064568	193.409
0.0006492	178.592
0.00065272	164.588
0.00065624	151.4
0.00065976	139.007
0.000663279	127.408
0.000666799	116.579
0.000670319	106.516
0.000673839	97.1893
0.000677359	88.595
0.000680879	80.7003
0.000684399	73.4992
0.000687918	66.9525
0.000691438	61.0527
0.000694958	55.7504
0.000698478	51.0351
0.000701998	46.8459
0.000705518	43.167
0.000709038	39.9283
0.000712557	37.1076
0.000716077	34.6321
0.000719597	32.4734
0.000723117	30.5645
0.000726637	28.8737
0.000730157	27.3466
0.000733677	25.9523
0.000737196	24.6523
0.000740716	23.4205
0.000744236	22.2339
0.000747756	21.0733
0.000751276	19.9281
0.000754796	18.7863
0.000758316	17.6462
0.000761835	16.502
0.000765355	15.3577
0.000768875	14.2124
0.000772395	13.0739
0.000775915	11.9451
0.000779435	10.8358
0.000782955	9.75197
0.000786474	8.7035
0.000789994	7.69843
0.000793514	6.74477
0.000797034	5.8539
0.000800554	5.02191
