3.33898e-05	1.82404e-08
3.55687e-05	5.08464e-08
3.77476e-05	1.48664e-07
3.99264e-05	4.15593e-07
4.21053e-05	1.08824e-06
4.42842e-05	2.83366e-06
4.64631e-05	7.15494e-06
4.8642e-05	1.74131e-05
5.08209e-05	4.22552e-05
5.29998e-05	9.64444e-05
5.51787e-05	0.000224172
5.73576e-05	0.000481447
5.95365e-05	0.00106843
6.17154e-05	0.00216608
6.38943e-05	0.00457528
6.60732e-05	0.00878235
6.82521e-05	0.0176053
7.0431e-05	0.0321478
7.26099e-05	0.0609036
7.47888e-05	0.108215
7.69677e-05	0.190316
7.91465e-05	0.322714
8.13254e-05	0.534443
8.35043e-05	0.862012
8.56832e-05	1.34869
8.78621e-05	2.06447
9.0041e-05	3.05833
9.22199e-05	4.43669
9.43988e-05	6.23177
9.65777e-05	8.56169
9.87566e-05	11.411
0.000100935	14.8449
0.000103114	18.7806
0.000105293	23.1433
0.000107472	27.7986
0.000109651	32.4795
0.00011183	37.0615
0.000114009	41.14
0.000116188	44.6842
0.000118367	47.343
0.000120546	49.2392
0.000122724	50.3427
0.000124903	50.9272
0.000127082	51.5981
0.000129261	52.5052
0.00013144	54.5968
0.000133619	58.8191
0.000135798	66.119
0.000137977	76.7795
0.000140156	92.2405
0.000142334	112.437
0.000144513	138.224
0.000146692	169.308
0.000148871	205.503
0.00015105	246.403
0.000153229	290.661
0.000155408	337.956
0.000157587	386.239
0.000159766	435.467
0.000161945	483.894
0.000164123	531.834
0.000166302	579.011
0.000168481	625.986
0.00017066	674.656
0.000172839	725.591
0.000175018	782.602
0.000177197	846.018
0.000179376	920.322
0.000181555	1005.48
0.000183733	1104.97
0.000185912	1218.47
0.000188091	1347.12
0.00019027	1490.5
0.000192449	1647.11
0.000194628	1816.6
0.000196807	1995.51
0.000198986	2183.65
0.000201165	2376.81
0.000203344	2574.99
0.000205522	2774.51
0.000207701	2975.52
0.00020988	3175.86
0.000212059	3375.75
0.000214238	3575.24
0.000216417	3774.54
0.000218596	3975.87
0.000220775	4179.36
0.000222954	4388.53
0.000225132	4603.34
0.000227311	4826.79
0.00022949	5058.72
0.000231669	5299.45
0.000233848	5548.81
0.000236027	5803.14
0.000238206	6062.35
0.000240385	6319.31
0.000242564	6574.03
0.000244743	6818.22
0.000246921	7051.95
0.0002491	7268.67
0.000251279	7468.43
0.000253458	7648.2
0.000255637	7807.98
0.000257816	7947.9
0.000259995	8067.95
0.000262174	8169.49
0.000264353	8252.54
0.000266531	8318.45
0.00026871	8367.58
0.000270889	8391.78
0.000273068	8402.53
0.000275247	8400.78
0.000277426	8373.79
0.000279605	8329.87
0.000281784	8269.52
0.000283963	8194.77
0.000286142	8105.6
0.00028832	8005.43
0.000290499	7894.38
0.000292678	7774.55
0.000294857	7646.18
0.000297036	7509.33
0.000299215	7364.15
0.000301394	7209.62
0.000303573	7045.65
0.000305752	6871.93
0.00030793	6688.22
0.000310109	6495.99
0.000312288	6295.09
0.000314467	6088.47
0.000316646	5876.2
0.000318825	5661.28
0.000321004	5444.02
0.000323183	5226.2
0.000325362	5008.14
0.00032754	4790.24
0.000329719	4572.64
0.000331898	4355.1
0.000334077	4137.56
0.000336256	3920.13
0.000338435	3702.67
0.000340614	3486.12
0.000342793	3270.39
0.000344972	3057.19
0.000347151	2846.55
0.000349329	2640.62
0.000351508	2439.57
0.000353687	2245.65
0.000355866	2059.16
0.000358045	1882.14
0.000360224	1714.99
0.000362403	1559.09
0.000364582	1414.88
0.000366761	1282.69
0.000368939	1162.88
0.000371118	1054.6
0.000373297	957.98
0.000375476	871.339
0.000377655	794.501
0.000379834	725.496
0.000382013	663.903
0.000384192	608.017
0.000386371	557.314
0.00038855	510.664
0.000390728	467.598
0.000392907	427.602
0.000395086	390.366
0.000397265	355.815
0.000399444	323.827
0.000401623	294.48
0.000403802	267.794
0.000405981	243.743
0.00040816	222.384
0.000410338	203.466
0.000412517	186.982
0.000414696	172.493
0.000416875	159.882
0.000419054	148.654
0.000421233	138.602
0.000423412	129.308
0.000425591	120.535
0.00042777	112.023
0.000429949	103.565
0.000432127	95.0898
0.000434306	86.4664
0.000436485	77.7923
0.000438664	69.0414
0.000440843	60.4123
0.000443022	51.9835
0.000445201	43.9555
0.00044738	36.4704
0.000449559	29.644
0.000451737	23.6128
0.000453916	18.3758
0.000456095	14.0025
0.000458274	10.4038
0.000460453	7.5613
0.000462632	5.35509
0.000464811	3.65207
0.00046699	2.49782
