0.000500379	5.20291e-206
0.000510437	3.36454e-199
0.000520494	1.34581e-198
0.000530551	6.29193e-192
0.000540608	2.54252e-191
0.000550665	8.59239e-185
0.000560722	3.50819e-184
0.000570779	8.56868e-178
0.000580836	3.53541e-177
0.000590893	6.23995e-171
0.00060095	2.60218e-170
0.000611007	3.31829e-164
0.000621064	1.39885e-163
0.000631121	1.28858e-157
0.000641178	5.4922e-157
0.000651235	3.654e-151
0.000661292	1.57492e-150
0.000671349	7.56633e-145
0.000681406	3.29844e-144
0.000691463	1.14409e-138
0.00070152	5.04542e-138
0.000711577	1.26325e-132
0.000721634	5.63667e-132
0.000731691	1.01852e-126
0.000741748	4.59923e-126
0.000751806	5.99656e-121
0.000761863	2.74085e-120
0.00077192	2.57799e-115
0.000781977	1.19295e-114
0.000792034	8.09292e-110
0.000802091	3.79223e-109
0.000812148	1.85512e-104
0.000822205	8.80449e-104
0.000832262	3.10512e-99
0.000842319	1.49296e-98
0.000852376	3.7951e-94
0.000862433	1.84897e-93
0.00087249	3.3869e-89
0.000882547	1.67243e-88
0.000892604	2.20707e-84
0.000902661	1.10484e-83
0.000912718	1.05017e-79
0.000922775	5.33071e-79
0.000932832	3.64868e-75
0.000942889	1.87848e-74
0.000952946	9.25637e-71
0.000963003	4.83462e-70
0.00097306	1.71465e-66
0.000983117	9.08768e-66
0.000993175	2.31923e-62
0.00100323	1.24761e-61
0.00101329	2.29061e-58
0.00102335	1.25094e-57
0.0010334	1.65197e-54
0.00104346	9.16076e-54
0.00105352	8.69992e-51
0.00106357	4.89961e-50
0.00107363	3.34586e-47
0.00108369	1.91394e-46
0.00109374	9.39747e-44
0.0011038	5.46049e-43
0.00111386	1.92784e-40
0.00112392	1.13783e-39
0.00113397	2.88902e-37
0.00114403	1.73166e-36
0.00115409	3.16336e-34
0.00116414	1.92486e-33
0.0011742	2.5316e-31
0.00118426	1.56275e-30
0.00119432	1.48143e-28
0.00120437	9.26714e-28
0.00121443	6.34269e-26
0.00122449	4.01404e-25
0.00123454	1.98858e-23
0.0012446	1.27004e-22
0.00125466	4.57083e-21
0.00126471	2.93551e-20
0.00127477	7.71469e-19
0.00128483	4.95702e-18
0.00129489	9.58117e-17
0.00130494	6.11629e-16
0.001315	8.77923e-15
0.00132506	5.5153e-14
0.00133511	5.95466e-13
0.00134517	3.63564e-12
0.00135523	3.00102e-11
0.00136529	1.75261e-10
0.00137534	1.12836e-09
0.0013854	6.18178e-09
0.00139546	3.17723e-08
0.00140551	1.59654e-07
0.00141557	6.71978e-07
0.00142563	3.02217e-06
0.00143568	1.06909e-05
0.00144574	4.19884e-05
0.0014558	0.000127904
0.00146586	0.000428976
0.00147591	0.00114833
0.00148597	0.00323122
0.00149603	0.0077122
0.00150608	0.0180127
0.00151614	0.0393506
0.0015262	0.0770145
0.00153625	0.147104
0.00154631	0.249501
0.00155637	0.400177
0.00156643	0.599325
0.00157648	0.849279
0.00158654	1.14864
0.0015966	1.53149
0.00160665	1.99262
0.00161671	2.67356
0.00162677	3.57116
0.00163683	4.8829
0.00164688	6.61914
0.00165694	8.82386
0.001667	11.5171
0.00167705	14.4809
0.00168711	17.7222
0.00169717	20.9345
0.00170722	24.0981
0.00171728	27.0919
0.00172734	29.8817
0.0017374	32.6535
0.00174745	35.3803
0.00175751	38.499
0.00176757	42.0105
0.00177762	46.413
0.00178768	51.7566
0.00179774	58.2502
0.00180779	65.9729
0.00181785	74.6188
0.00182791	84.2216
0.00183797	94.2167
0.00184802	104.589
0.00185808	114.742
0.00186814	124.66
0.00187819	133.62
0.00188825	141.534
0.00189831	147.945
0.00190837	152.675
0.00191842	156.111
0.00192848	158.197
0.00193854	159.68
0.00194859	160.714
0.00195865	161.458
0.00196871	162.019
0.00197876	162.144
0.00198882	161.506
0.00199888	160.011
0.00200894	157.321
0.00201899	153.61
0.00202905	148.891
0.00203911	143.496
0.00204916	137.542
0.00205922	131.018
0.00206928	124.024
0.00207933	116.175
0.00208939	107.345
0.00209945	97.5215
0.00210951	86.493
0.00211956	75.0533
0.00212962	63.2446
0.00213968	52.1215
0.00214973	42.0375
0.00215979	33.4643
0.00216985	26.7584
0.00217991	21.6359
0.00218996	18.1872
0.00220002	15.8141
0.00221008	14.3612
0.00222013	13.3509
0.00223019	12.5487
0.00224025	11.7678
0.0022503	10.8353
0.00226036	9.81659
0.00227042	8.66722
0.00228048	7.53749
0.00229053	6.48795
0.00230059	5.58429
0.00231065	4.89918
0.0023207	4.37395
0.00233076	4.01796
0.00234082	3.73132
0.00235088	3.46101
0.00236093	3.16469
0.00237099	2.78615
0.00238105	2.36427
0.0023911	1.89458
0.00240116	1.43487
0.00241122	1.02428
0.00242127	0.677285
0.00243133	0.424329
0.00244139	0.24305
0.00245145	0.129533
0.0024615	0.0656277
0.00247156	0.0291748
0.00248162	0.0132392
0.00249167	0.00479389
0.00250173	0.00197878
