0.000500379	1.29848e-56
0.000507922	3.55485e-54
0.000515465	1.41804e-53
0.000523008	3.17755e-51
0.00053055	1.2782e-50
0.000538093	2.34232e-48
0.000545636	9.50964e-48
0.000553179	1.42529e-45
0.000560721	5.83962e-45
0.000568264	7.15957e-43
0.000575807	2.95981e-42
0.00058335	2.96918e-40
0.000590892	1.23823e-39
0.000598435	1.0167e-37
0.000605978	4.27565e-37
0.000613521	2.87482e-35
0.000621063	1.21862e-34
0.000628606	6.71361e-33
0.000636149	2.86687e-32
0.000643692	1.29513e-30
0.000651234	5.56702e-30
0.000658777	2.06436e-28
0.00066632	8.92326e-28
0.000673862	2.71954e-26
0.000681405	1.18065e-25
0.000688948	2.96208e-24
0.000696491	1.28952e-23
0.000704033	2.66854e-22
0.000711576	1.1627e-21
0.000719119	1.98952e-20
0.000726662	8.65475e-20
0.000734204	1.22824e-18
0.000741747	5.31895e-18
0.00074929	6.28322e-17
0.000756833	2.69911e-16
0.000764375	2.66564e-15
0.000771918	1.13106e-14
0.000779461	9.38728e-14
0.000787004	3.91462e-13
0.000794546	2.74687e-12
0.000802089	1.11922e-11
0.000809632	6.68605e-11
0.000817175	2.64405e-10
0.000824717	1.35527e-09
0.00083226	5.16284e-09
0.000839803	2.29034e-08
0.000847345	8.33581e-08
0.000854888	3.23038e-07
0.000862431	1.11345e-06
0.000869974	3.80635e-06
0.000877516	1.23122e-05
0.000885059	3.74987e-05
0.000892602	0.000112797
0.000900145	0.000309065
0.000907687	0.000857036
0.00091523	0.00213212
0.000922773	0.00540749
0.000930316	0.0123153
0.000937858	0.0283775
0.000945401	0.0595776
0.000952944	0.124104
0.000960487	0.244905
0.000968029	0.458221
0.000975572	0.845754
0.000983115	1.43332
0.000990658	2.39204
0.0009982	3.73448
0.00100574	5.66365
0.00101329	8.15971
0.00102083	11.3089
0.00102837	15.0566
0.00103591	19.1981
0.00104346	23.6758
0.001051	27.9848
0.00105854	32.1085
0.00106608	35.4981
0.00107363	38.1924
0.00108117	40.0348
0.00108871	41.0192
0.00109626	41.1125
0.0011038	41.1106
0.00111134	41.1691
0.00111888	41.532
0.00112643	42.4306
0.00113397	44.6378
0.00114151	48.0353
0.00114906	52.6378
0.0011566	58.4528
0.00116414	65.484
0.00117168	73.7377
0.00117923	83.2406
0.00118677	94.48
0.00119431	107.471
0.00120185	123.073
0.0012094	141.283
0.00121694	162.91
0.00122448	187.953
0.00123203	217.265
0.00123957	250.851
0.00124711	290.265
0.00125465	335.497
0.0012622	388.784
0.00126974	450.12
0.00127728	520.782
0.00128482	600.82
0.00129237	688.477
0.00129991	783.851
0.00130745	882.215
0.001315	983.593
0.00132254	1083.3
0.00133008	1181.2
0.00133762	1275.83
0.00134517	1367.01
0.00135271	1456.26
0.00136025	1543.57
0.00136779	1630.25
0.00137534	1716.44
0.00138288	1801.56
0.00139042	1885.58
0.00139797	1968.35
0.00140551	2049.58
0.00141305	2132.18
0.00142059	2216.03
0.00142814	2305.41
0.00143568	2400.77
0.00144322	2502.95
0.00145076	2612.69
0.00145831	2724.95
0.00146585	2840.08
0.00147339	2949.63
0.00148094	3053.2
0.00148848	3143.56
0.00149602	3219.82
0.00150356	3279.53
0.00151111	3323.98
0.00151865	3340.55
0.00152619	3345.23
0.00153373	3344.37
0.00154128	3319.82
0.00154882	3279.7
0.00155636	3227.21
0.00156391	3159.13
0.00157145	3075.29
0.00157899	2974.91
0.00158653	2857.16
0.00159408	2725.4
0.00160162	2578.91
0.00160916	2425.8
0.0016167	2266.57
0.00162425	2110.51
0.00163179	1959.49
0.00163933	1818.92
0.00164688	1691.01
0.00165442	1575
0.00166196	1472.04
0.0016695	1377.23
0.00167705	1290.1
0.00168459	1205.67
0.00169213	1122.45
0.00169968	1038.34
0.00170722	951.946
0.00171476	864.546
0.0017223	775.69
0.00172985	688.443
0.00173739	603.406
0.00174493	523.239
0.00175247	448.991
0.00176002	381.815
0.00176756	322.497
0.0017751	270.971
0.00178265	227.553
0.00179019	191.552
0.00179773	162.983
0.00180527	140.688
0.00181282	124.446
0.00182036	112.744
0.0018279	105.052
0.00183544	99.9736
0.00184299	96.7814
0.00185053	94.6492
0.00185807	92.974
0.00186562	91.4353
0.00187316	89.7325
0.0018807	87.653
0.00188824	85.0494
0.00189579	81.6641
0.00190333	77.2863
0.00191087	71.8743
0.00191841	65.2158
0.00192596	57.7087
0.0019335	49.4076
0.00194104	40.9328
0.00194859	32.6781
0.00195613	25.0432
0.00196367	18.4906
0.00197121	13.0122
0.00197876	8.82642
0.0019863	5.68825
0.00199384	3.4194
0.00200138	2.08092
