3.33898e-05	5.50372e-48
3.59039e-05	1.00326e-45
3.8418e-05	3.99655e-45
4.09322e-05	5.91865e-43
4.34463e-05	2.37527e-42
4.59604e-05	2.8544e-40
4.84746e-05	1.15542e-39
5.09887e-05	1.12701e-37
5.35028e-05	4.60014e-37
5.6017e-05	3.64344e-35
5.85311e-05	1.49901e-34
6.10452e-05	9.6454e-33
6.35594e-05	3.998e-32
6.60735e-05	2.09137e-30
6.85877e-05	8.7275e-30
7.11018e-05	3.71477e-28
7.36159e-05	1.55937e-27
7.61301e-05	5.40681e-26
7.86442e-05	2.2805e-25
8.11583e-05	6.45053e-24
8.36725e-05	2.72984e-23
8.61866e-05	6.31056e-22
8.87007e-05	2.67474e-21
9.12149e-05	5.06484e-20
9.3729e-05	2.14525e-19
9.62431e-05	3.33687e-18
9.87573e-05	1.40847e-17
0.000101271	1.80586e-16
0.000103786	7.57029e-16
0.0001063	8.03437e-15
0.000108814	3.33129e-14
0.000111328	2.94131e-13
0.000113842	1.20031e-12
0.000116356	8.86961e-12
0.00011887	3.54181e-11
0.000121384	2.20567e-10
0.000123899	8.5605e-10
0.000126413	4.52876e-09
0.000128927	1.69529e-08
0.000131441	7.68729e-08
0.000133955	2.75194e-07
0.000136469	1.08012e-06
0.000138983	3.66386e-06
0.000141498	1.25782e-05
0.000144012	4.00404e-05
0.000146526	0.00012154
0.00014904	0.000359603
0.000151554	0.000975629
0.000154068	0.00265844
0.000156582	0.00651411
0.000159096	0.0162149
0.000161611	0.0362316
0.000164125	0.0818638
0.000166639	0.168225
0.000169153	0.343638
0.000171667	0.667138
0.000174181	1.22288
0.000176695	2.20227
0.00017921	3.68129
0.000181724	6.04782
0.000184238	9.36388
0.000186752	14.1458
0.000189266	20.4087
0.00019178	28.611
0.000194294	38.7137
0.000196809	50.8968
0.000199323	65.1178
0.000201837	81.2775
0.000204351	99.412
0.000206865	119.545
0.000209379	141.819
0.000211893	166.957
0.000214407	195.122
0.000216922	227.851
0.000219436	265.199
0.00022195	308.841
0.000224464	358.692
0.000226978	415.645
0.000229492	479.557
0.000232006	550.14
0.000234521	627.273
0.000237035	709.663
0.000239549	797.267
0.000242063	888.415
0.000244577	983.206
0.000247091	1080.98
0.000249605	1181.95
0.000252119	1288.09
0.000254634	1399.58
0.000257148	1521.19
0.000259662	1652.96
0.000262176	1800.62
0.00026469	1964.1
0.000267204	2147.95
0.000269718	2352.06
0.000272233	2578.07
0.000274747	2825.86
0.000277261	3092.6
0.000279775	3378.24
0.000282289	3675.57
0.000284803	3984.63
0.000287317	4297.46
0.000289831	4614.09
0.000292346	4929.82
0.00029486	5244.62
0.000297374	5556.76
0.000299888	5866.25
0.000302402	6171.28
0.000304916	6471.92
0.00030743	6764.95
0.000309945	7050.5
0.000312459	7323.02
0.000314973	7582.83
0.000317487	7819.21
0.000320001	8032.46
0.000322515	8208.51
0.000325029	8348.35
0.000327544	8424.61
0.000330058	8459.73
0.000332572	8458.62
0.000335086	8399.02
0.0003376	8312.4
0.000340114	8200.15
0.000342628	8084.84
0.000345142	7968.02
0.000347657	7863.52
0.000350171	7773.72
0.000352685	7696.03
0.000355199	7632.06
0.000357713	7567.45
0.000360227	7502.02
0.000362741	7420.47
0.000365256	7321.1
0.00036777	7196.59
0.000370284	7045.16
0.000372798	6868.2
0.000375312	6665
0.000377826	6440.48
0.00038034	6194.69
0.000382854	5933.34
0.000385369	5656.4
0.000387883	5371.9
0.000390397	5080.22
0.000392911	4790.63
0.000395425	4504.78
0.000397939	4227.36
0.000400453	3960.34
0.000402968	3701.32
0.000405482	3450.62
0.000407996	3204.46
0.00041051	2961.32
0.000413024	2723.25
0.000415538	2489.09
0.000418052	2266.61
0.000420566	2056.89
0.000423081	1866.61
0.000425595	1698.46
0.000428109	1552.07
0.000430623	1429.33
0.000433137	1323.32
0.000435651	1233.42
0.000438165	1151.82
0.00044068	1075.99
0.000443194	1002.27
0.000445708	928.388
0.000448222	855.035
0.000450736	781.631
0.00045325	709.951
0.000455764	640.582
0.000458279	574.052
0.000460793	510.787
0.000463307	450.639
0.000465821	393.51
0.000468335	339.839
0.000470849	289.638
0.000473363	243.677
0.000475877	202.371
0.000478392	165.824
0.000480906	134.379
0.00048342	107.4
0.000485934	84.7778
0.000488448	65.805
0.000490962	50.1226
0.000493476	37.2845
0.000495991	26.9962
0.000498505	18.9105
0.000501019	12.817
0.000503533	8.33091
0.000506047	5.21327
0.000508561	3.11927
0.000511075	1.77779
0.000513589	0.979246
0.000516104	0.491642
0.000518618	0.256724
0.000521132	0.117565
0.000523646	0.0557033
0.00052616	0.0235298
0.000528674	0.00996919
0.000531188	0.00359395
0.000533703	0.00146887
