3.33898e-05	2.80339
3.52334e-05	3.8687
3.70771e-05	5.08469
3.89207e-05	6.48523
4.07644e-05	7.97139
4.2608e-05	9.46884
4.44517e-05	10.921
4.62953e-05	12.2173
4.8139e-05	13.4136
4.99827e-05	14.4676
5.18263e-05	15.564
5.367e-05	16.8289
5.55136e-05	18.4946
5.73573e-05	20.8471
5.92009e-05	24.0576
6.10446e-05	28.4442
6.28882e-05	34.0871
6.47319e-05	41.2125
6.65755e-05	49.8769
6.84192e-05	60.2261
7.02628e-05	72.3531
7.21065e-05	86.439
7.39502e-05	102.552
7.57938e-05	120.93
7.76375e-05	141.464
7.94811e-05	164.227
8.13248e-05	188.875
8.31684e-05	215.007
8.50121e-05	242.208
8.68557e-05	269.587
8.86994e-05	296.983
9.0543e-05	323.504
9.23867e-05	349.463
9.42303e-05	374.72
9.6074e-05	399.995
9.79177e-05	426.365
9.97613e-05	454.654
0.000101605	486.991
0.000103449	523.973
0.000105292	568.081
0.000107136	619.478
0.00010898	680.106
0.000110823	749.649
0.000112667	828.733
0.000114511	916.725
0.000116354	1012.61
0.000118198	1115.8
0.000120042	1224.13
0.000121885	1337.41
0.000123729	1453.6
0.000125572	1572.98
0.000127416	1694.85
0.00012926	1819.78
0.000131103	1948.83
0.000132947	2082.54
0.000134791	2223.24
0.000136634	2371.25
0.000138478	2529.28
0.000140322	2697.32
0.000142165	2877.46
0.000144009	3069.31
0.000145853	3273.21
0.000147696	3488.44
0.00014954	3712.64
0.000151384	3945.03
0.000153227	4180.61
0.000155071	4418.91
0.000156915	4653.91
0.000158758	4885.67
0.000160602	5109.61
0.000162446	5326.17
0.000164289	5533.93
0.000166133	5733.37
0.000167977	5926.17
0.00016982	6112.59
0.000171664	6295.74
0.000173507	6475.54
0.000175351	6654.22
0.000177195	6831.47
0.000179038	7006.88
0.000180882	7180.12
0.000182726	7348.08
0.000184569	7510.6
0.000186413	7663.47
0.000188257	7806.74
0.0001901	7937.17
0.000191944	8054.9
0.000193788	8158.47
0.000195631	8247.94
0.000197475	8322.78
0.000199319	8382.98
0.000201162	8429.21
0.000203006	8460.82
0.00020485	8464.82
0.000206693	8461.99
0.000208537	8451.24
0.000210381	8413.59
0.000212224	8364.66
0.000214068	8304.17
0.000215912	8236.05
0.000217755	8160.26
0.000219599	8080.61
0.000221442	7997.13
0.000223286	7909.6
0.00022513	7818.08
0.000226973	7719.52
0.000228817	7613.87
0.000230661	7499.88
0.000232504	7377.36
0.000234348	7249.68
0.000236192	7116.75
0.000238035	6983.51
0.000239879	6850.22
0.000241723	6717.32
0.000243566	6585.26
0.00024541	6447.66
0.000247254	6304.7
0.000249097	6147.58
0.000250941	5975.84
0.000252785	5785.37
0.000254628	5575.3
0.000256472	5349.86
0.000258316	5108.39
0.000260159	4861.43
0.000262003	4609.01
0.000263847	4362.64
0.00026569	4123.03
0.000267534	3897.75
0.000269377	3687.79
0.000271221	3494.81
0.000273065	3319.58
0.000274908	3158.96
0.000276752	3013.22
0.000278596	2877.05
0.000280439	2750.21
0.000282283	2627.63
0.000284127	2508.75
0.00028597	2390.26
0.000287814	2271.5
0.000289658	2151.61
0.000291501	2030.04
0.000293345	1908.3
0.000295189	1786.2
0.000297032	1666.58
0.000298876	1549.69
0.00030072	1438.13
0.000302563	1332.49
0.000304407	1233.71
0.000306251	1142.38
0.000308094	1057.43
0.000309938	979.043
0.000311782	905.042
0.000313625	835.09
0.000315469	767.509
0.000317312	701.681
0.000319156	637.546
0.000321	574.686
0.000322843	514.431
0.000324687	456.867
0.000326531	403.525
0.000328374	354.876
0.000330218	311.587
0.000332062	274.14
0.000333905	242.042
0.000335749	215.483
0.000337593	193.179
0.000339436	174.935
0.00034128	159.323
0.000343124	145.868
0.000344967	133.593
0.000346811	121.974
0.000348655	110.757
0.000350498	99.6176
0.000352342	88.8444
0.000354186	78.4194
0.000356029	68.7178
0.000357873	59.9209
0.000359717	52.1326
0.00036156	45.5156
0.000363404	39.8652
0.000365247	35.1815
0.000367091	31.1585
0.000368935	27.6527
0.000370778	24.4716
0.000372622	21.4513
0.000374466	18.5759
0.000376309	15.7651
0.000378153	13.102
0.000379997	10.6044
0.00038184	8.34303
0.000383684	6.37679
0.000385528	4.70941
0.000387371	3.37667
0.000389215	2.33023
0.000391059	1.55878
0.000392902	1.00369
0.000394746	0.622735
0.00039659	0.374678
0.000398433	0.200677
0.000400277	0.120884
