0.000100103	4.60807e-14
0.000103622	2.14186e-13
0.000107142	7.18503e-13
0.000110662	3.18862e-12
0.000114182	9.98311e-12
0.000117702	4.03732e-11
0.000121222	1.23607e-10
0.000124742	4.57057e-10
0.000128261	1.36388e-09
0.000131781	4.62734e-09
0.000135301	1.34119e-08
0.000138821	4.1905e-08
0.000142341	1.17546e-07
0.000145861	3.39507e-07
0.000149381	9.18249e-07
0.0001529	2.46115e-06
0.00015642	6.3941e-06
0.00015994	1.59652e-05
0.00016346	3.96922e-05
0.00016698	9.26776e-05
0.0001705	0.000219677
0.00017402	0.000481433
0.000177539	0.00108412
0.000181059	0.00223784
0.000184579	0.0047714
0.000188099	0.00930699
0.000191619	0.0187317
0.000195139	0.0346867
0.000198659	0.0656452
0.000202178	0.118127
0.000205698	0.206938
0.000209218	0.353131
0.000212738	0.581705
0.000216258	0.93886
0.000219778	1.45893
0.000223298	2.2237
0.000226817	3.26681
0.000230337	4.70037
0.000233857	6.53832
0.000237377	8.88598
0.000240897	11.7192
0.000244417	15.0687
0.000247937	18.8716
0.000251456	23.022
0.000254976	27.4459
0.000258496	31.9045
0.000262016	36.3567
0.000265536	40.5325
0.000269056	44.4533
0.000272576	47.9754
0.000276095	51.1759
0.000279615	54.1517
0.000283135	57.0007
0.000286655	60.0613
0.000290175	63.4127
0.000293695	67.5317
0.000297214	72.4497
0.000300734	78.6197
0.000304254	86.0089
0.000307774	94.8535
0.000311294	105.065
0.000314814	116.5
0.000318334	129.072
0.000321853	142.296
0.000325373	156.189
0.000328893	170.362
0.000332413	185.009
0.000335933	200.597
0.000339453	217.456
0.000342973	237.501
0.000346492	261.034
0.000350012	291.202
0.000353532	328.087
0.000357052	374.849
0.000360572	431.28
0.000364092	498.863
0.000367612	577.207
0.000371131	665.002
0.000374651	761.89
0.000378171	864.032
0.000381691	971.29
0.000385211	1078.99
0.000388731	1187.25
0.000392251	1292.82
0.00039577	1395.94
0.00039929	1496.31
0.00040281	1594.16
0.00040633	1692.07
0.00040985	1790.16
0.00041337	1892.54
0.00041689	1999.2
0.000420409	2114.14
0.000423929	2237.29
0.000427449	2371.54
0.000430969	2516.83
0.000434489	2674.62
0.000438009	2844.86
0.000441529	3027.4
0.000445048	3222.21
0.000448568	3426.9
0.000452088	3641.5
0.000455608	3860.79
0.000459128	4084.83
0.000462648	4305.79
0.000466168	4523.73
0.000469687	4729.68
0.000473207	4923.64
0.000476727	5098.02
0.000480247	5252.7
0.000483767	5383.8
0.000487287	5491.11
0.000490807	5575.35
0.000494326	5636.32
0.000497846	5678.67
0.000501366	5702.9
0.000504886	5706.33
0.000508406	5700.15
0.000511926	5686.12
0.000515446	5656.94
0.000518965	5617.43
0.000522485	5568.24
0.000526005	5508.19
0.000529525	5437.21
0.000533045	5355.23
0.000536565	5262.1
0.000540085	5159.09
0.000543604	5046.15
0.000547124	4925.15
0.000550644	4796.23
0.000554164	4660.5
0.000557684	4518.14
0.000561204	4369.22
0.000564724	4213.7
0.000568243	4052.01
0.000571763	3883.85
0.000575283	3711.79
0.000578803	3535.54
0.000582323	3360.15
0.000585843	3185.77
0.000589362	3018
0.000592882	2857.61
0.000596402	2707.99
0.000599922	2570.15
0.000603442	2443.8
0.000606962	2329.6
0.000610482	2224.42
0.000614001	2128.17
0.000617521	2037.1
0.000621041	1950.6
0.000624561	1866.11
0.000628081	1782.93
0.000631601	1700.09
0.000635121	1617.18
0.00063864	1534.06
0.00064216	1450.61
0.00064568	1366.74
0.0006492	1282.42
0.00065272	1197.52
0.00065624	1111.94
0.00065976	1025.87
0.000663279	939.171
0.000666799	852.702
0.000670319	766.449
0.000673839	681.859
0.000677359	599.163
0.000680879	519.996
0.000684399	444.823
0.000687918	374.972
0.000691438	311.01
0.000694958	253.574
0.000698478	203.151
0.000701998	159.561
0.000705518	123.04
0.000709038	92.7581
0.000712557	68.6232
0.000716077	49.5042
0.000719597	35.0315
0.000723117	24.1259
0.000726637	16.283
0.000730157	10.6904
0.000733677	6.86042
0.000737196	4.29222
0.000740716	2.61002
0.000744236	1.5574
0.000747756	0.893606
0.000751276	0.50964
0.000754796	0.272484
0.000758316	0.150618
0.000761835	0.0758211
0.000765355	0.0400639
0.000768875	0.0191428
0.000772395	0.00957067
0.000775915	0.00435165
0.000779435	0.00205135
0.000782955	0.000890174
0.000786474	0.000394194
0.000789994	0.00016377
0.000793514	6.78682e-05
0.000797034	2.48146e-05
0.000800554	1.04634e-05
