3.33898e-05	4.97275e-39
3.59039e-05	1.51702e-37
3.8418e-05	5.91891e-37
4.09322e-05	1.59518e-35
4.34463e-05	6.20345e-35
4.59604e-05	1.46606e-33
4.84746e-05	5.72514e-33
5.09887e-05	1.18748e-31
5.35028e-05	4.65288e-31
5.6017e-05	8.47837e-30
5.85311e-05	3.33014e-29
6.10452e-05	5.3371e-28
6.35594e-05	2.09909e-27
6.60735e-05	2.96284e-26
6.85877e-05	1.16535e-25
7.11018e-05	1.4509e-24
7.36159e-05	5.69867e-24
7.61301e-05	6.26935e-23
7.86442e-05	2.4548e-22
8.11583e-05	2.39114e-21
8.36725e-05	9.31593e-21
8.61866e-05	8.05274e-20
8.87007e-05	3.11497e-19
9.12149e-05	2.39556e-18
9.3729e-05	9.17808e-18
9.62431e-05	6.29765e-17
9.87573e-05	2.38334e-16
0.000101271	1.46371e-15
0.000103786	5.4554e-15
0.0001063	3.00913e-14
0.000108814	1.10093e-13
0.000111328	5.47461e-13
0.000113842	1.95923e-12
0.000116356	8.8188e-12
0.00011887	3.07547e-11
0.000121384	1.25845e-10
0.000123899	4.25962e-10
0.000126413	1.59166e-09
0.000128927	5.20733e-09
0.000131441	1.78518e-08
0.000133955	5.62109e-08
0.000136469	1.77639e-07
0.000138983	5.3603e-07
0.000141498	1.56905e-06
0.000144012	4.51813e-06
0.000146526	1.23078e-05
0.00014904	3.36823e-05
0.000151554	8.5778e-05
0.000154068	0.000222247
0.000156582	0.000531414
0.000159096	0.00129905
0.000161611	0.00292803
0.000164125	0.00673282
0.000166639	0.0143565
0.000169153	0.0309769
0.000171667	0.0626807
0.000174181	0.126681
0.000176695	0.24388
0.00017921	0.461191
0.000181724	0.860499
0.000184238	1.51635
0.000186752	2.67744
0.000189266	4.45305
0.00019178	7.40058
0.000194294	11.6749
0.000196809	18.2914
0.000199323	27.4234
0.000201837	40.6001
0.000204351	57.9567
0.000206865	81.3482
0.000209379	110.817
0.000211893	148.091
0.000214407	193.119
0.000216922	247.015
0.000219436	309.7
0.00022195	381.573
0.000224464	462.61
0.000226978	552.952
0.000229492	652.652
0.000232006	762.229
0.000234521	881.733
0.000237035	1012.12
0.000239549	1153.35
0.000242063	1306
0.000244577	1469.92
0.000247091	1644.24
0.000249605	1828.84
0.000252119	2021.24
0.000254634	2221.41
0.000257148	2426.28
0.000259662	2635.88
0.000262176	2847.6
0.00026469	3061.48
0.000267204	3275.28
0.000269718	3489.01
0.000272233	3699.89
0.000274747	3907.93
0.000277261	4109.81
0.000279775	4305.59
0.000282289	4493.58
0.000284803	4673.8
0.000287317	4848.95
0.000289831	5018.96
0.000292346	5190.77
0.00029486	5364.36
0.000297374	5546.36
0.000299888	5736.93
0.000302402	5936.34
0.000304916	6144.92
0.00030743	6354.21
0.000309945	6564.48
0.000312459	6762.51
0.000314973	6948.17
0.000317487	7110.84
0.000320001	7249.98
0.000322515	7362.8
0.000325029	7448.67
0.000327544	7512.52
0.000330058	7554.06
0.000332572	7582.07
0.000335086	7597.44
0.0003376	7600.49
0.000340114	7600.86
0.000342628	7600.2
0.000345142	7592.18
0.000347657	7577.28
0.000350171	7556.47
0.000352685	7523.02
0.000355199	7476.79
0.000357713	7411.75
0.000360227	7327.31
0.000362741	7220.31
0.000365256	7090.02
0.00036777	6937.25
0.000370284	6761.48
0.000372798	6566.89
0.000375312	6353.39
0.000377826	6126.83
0.00038034	5887.62
0.000382854	5641.17
0.000385369	5388.22
0.000387883	5132.2
0.000390397	4873.82
0.000392911	4614.26
0.000395425	4353.85
0.000397939	4093.04
0.000400453	3831.65
0.000402968	3571.57
0.000405482	3312.51
0.000407996	3058.79
0.00041051	2810.62
0.000413024	2573.43
0.000415538	2348.25
0.000418052	2138.91
0.000420566	1946.85
0.000423081	1772.42
0.000425595	1616.63
0.000428109	1476.7
0.000430623	1352.64
0.000433137	1240.59
0.000435651	1139.71
0.000438165	1047.04
0.00044068	961.539
0.000443194	881.779
0.000445708	807.051
0.000448222	736.888
0.000450736	671.002
0.00045325	609.114
0.000455764	551.111
0.000458279	496.675
0.000460793	445.663
0.000463307	397.92
0.000465821	353.3
0.000468335	311.931
0.000470849	273.798
0.000473363	239.09
0.000475877	207.94
0.000478392	180.251
0.000480906	156.136
0.00048342	135.107
0.000485934	117.072
0.000488448	101.378
0.000490962	87.7168
0.000493476	75.6088
0.000495991	64.6933
0.000498505	54.8149
0.000501019	45.7485
0.000503533	37.5511
0.000506047	30.1833
0.000508561	23.7089
0.000511075	18.1801
0.000513589	13.5529
0.000516104	9.84923
0.000518618	6.93601
0.000521132	4.75376
0.000523646	3.15696
0.00052616	2.03161
0.000528674	1.2732
0.000531188	0.730044
0.000533703	0.454088
