3.33898e-05	1.40829e-12
3.55687e-05	6.40559e-12
3.77476e-05	2.13975e-11
3.99264e-05	9.24119e-11
4.21053e-05	2.87049e-10
4.42842e-05	1.12297e-09
4.64631e-05	3.40024e-09
4.8642e-05	1.20969e-08
5.08209e-05	3.55693e-08
5.29998e-05	1.15554e-07
5.51787e-05	3.28633e-07
5.73576e-05	9.79098e-07
5.95365e-05	2.68213e-06
6.17154e-05	7.36063e-06
6.38943e-05	1.93399e-05
6.60732e-05	4.91069e-05
6.82521e-05	0.00012323
7.0431e-05	0.000290791
7.26099e-05	0.000694019
7.47888e-05	0.00152855
7.69677e-05	0.0034557
7.91465e-05	0.00713303
8.13254e-05	0.015218
8.35043e-05	0.029552
8.56832e-05	0.0592964
8.78621e-05	0.109579
9.0041e-05	0.205012
9.22199e-05	0.365206
9.43988e-05	0.631586
9.65777e-05	1.06283
9.87566e-05	1.72346
0.000100935	2.73344
0.000103114	4.17151
0.000105293	6.23077
0.000107472	8.97373
0.000109651	12.6316
0.00011183	17.2097
0.000114009	22.8773
0.000116188	29.5614
0.000118367	37.2432
0.000120546	45.8007
0.000122724	54.9739
0.000124903	64.6661
0.000127082	74.4821
0.000129261	84.4221
0.00013144	94.1962
0.000133619	103.922
0.000135798	113.653
0.000137977	123.588
0.000140156	134.231
0.000142334	145.794
0.000144513	159.167
0.000146692	174.515
0.000148871	192.906
0.00015105	214.407
0.000153229	239.971
0.000155408	269.566
0.000157587	303.757
0.000159766	342.481
0.000161945	385.885
0.000164123	433.966
0.000166302	486.764
0.000168481	544.374
0.00017066	607.155
0.000172839	675.25
0.000175018	749.512
0.000177197	830.057
0.000179376	918.046
0.000181555	1013.55
0.000183733	1117.81
0.000185912	1230.86
0.000188091	1353.98
0.00019027	1487.2
0.000192449	1631.79
0.000194628	1787.69
0.000196807	1955.78
0.000198986	2135.88
0.000201165	2327.73
0.000203344	2531.09
0.000205522	2744.11
0.000207701	2966.64
0.00020988	3195.75
0.000212059	3431.43
0.000214238	3670.88
0.000216417	3914.19
0.000218596	4159.69
0.000220775	4407.44
0.000222954	4656.87
0.000225132	4907.95
0.000227311	5160.18
0.00022949	5413.45
0.000231669	5665.87
0.000233848	5917.34
0.000236027	6163.51
0.000238206	6404.33
0.000240385	6633.07
0.000242564	6849.75
0.000244743	7046.79
0.000246921	7224.28
0.0002491	7376.75
0.000251279	7504.24
0.000253458	7606.33
0.000255637	7682.97
0.000257816	7739.75
0.000259995	7776.57
0.000262174	7802.62
0.000264353	7817.86
0.000266531	7830.17
0.00026871	7839.73
0.000270889	7849.04
0.000273068	7858.59
0.000275247	7860.47
0.000277426	7859.22
0.000279605	7854.4
0.000281784	7830.37
0.000283963	7788.99
0.000286142	7730.81
0.00028832	7652.54
0.000290499	7553.75
0.000292678	7437.02
0.000294857	7302.01
0.000297036	7154.67
0.000299215	6994.94
0.000301394	6829.89
0.000303573	6659.82
0.000305752	6490.32
0.00030793	6321.95
0.000310109	6156.74
0.000312288	5995.28
0.000314467	5835.69
0.000316646	5678.24
0.000318825	5519.04
0.000321004	5357.86
0.000323183	5191.62
0.000325362	5019.78
0.00032754	4841.96
0.000329719	4657.7
0.000331898	4469.16
0.000334077	4276.24
0.000336256	4082.15
0.000338435	3887.16
0.000340614	3694.02
0.000342793	3503.19
0.000344972	3316.25
0.000347151	3133.62
0.000349329	2955.65
0.000351508	2782.6
0.000353687	2613.82
0.000355866	2449.35
0.000358045	2288.35
0.000360224	2130.55
0.000362403	1976.02
0.000364582	1824.41
0.000366761	1677.23
0.000368939	1534.44
0.000371118	1398.45
0.000373297	1269.69
0.000375476	1150.12
0.000377655	1040.48
0.000379834	941.159
0.000382013	852.737
0.000384192	773.975
0.000386371	704.96
0.00038855	643.599
0.000390728	589.483
0.000392907	540.604
0.000395086	496.3
0.000397265	455.206
0.000399444	416.687
0.000401623	380.13
0.000403802	345.098
0.000405981	311.564
0.00040816	279.342
0.000410338	248.711
0.000412517	219.701
0.000414696	192.598
0.000416875	167.548
0.000419054	144.641
0.000421233	124.005
0.000423412	105.507
0.000425591	89.166
0.00042777	74.7385
0.000429949	62.1356
0.000432127	51.1347
0.000434306	41.606
0.000436485	33.3972
0.000438664	26.3991
0.000440843	20.4983
0.000443022	15.6165
0.000445201	11.6355
0.00044738	8.48161
0.000449559	6.02507
0.000451737	4.17612
0.000453916	2.81666
0.000456095	1.84611
0.000458274	1.18013
0.000460453	0.727439
0.000462632	0.440994
0.000464811	0.237891
0.00046699	0.146523
