0.000166815	1.20429e-50
0.00017352	1.68966e-48
0.000180225	6.7225e-48
0.000186929	7.86165e-46
0.000193634	3.14923e-45
0.000200339	3.06486e-43
0.000207043	1.23809e-42
0.000213748	1.00299e-40
0.000220453	4.08487e-40
0.000227157	2.7556e-38
0.000233862	1.13105e-37
0.000240566	6.35643e-36
0.000247271	2.62823e-35
0.000253976	1.23126e-33
0.00026068	5.12543e-33
0.000267385	2.0031e-31
0.00027409	8.38853e-31
0.000280794	2.73751e-29
0.000287499	1.15222e-28
0.000294204	3.14352e-27
0.000300908	1.32828e-26
0.000307613	3.03398e-25
0.000314317	1.28515e-24
0.000321022	2.46205e-23
0.000327727	1.04362e-22
0.000334431	1.68053e-21
0.000341136	7.11336e-21
0.000347841	9.65312e-20
0.000354545	4.06976e-19
0.00036125	4.66879e-18
0.000367955	1.95457e-17
0.000374659	1.90251e-16
0.000381364	7.88055e-16
0.000388068	6.53651e-15
0.000394773	2.66765e-14
0.000401478	1.89493e-13
0.000408182	7.58271e-13
0.000414887	4.63911e-12
0.000421592	1.81015e-11
0.000428296	9.59938e-11
0.000435001	3.62985e-10
0.000441706	1.68035e-09
0.00044841	6.11597e-09
0.000455115	2.49045e-08
0.000461819	8.66146e-08
0.000468524	3.12764e-07
0.000475229	1.03147e-06
0.000481933	3.33063e-06
0.000488638	1.03346e-05
0.000495343	3.00928e-05
0.000502047	8.71802e-05
0.000508752	0.0002308
0.000515457	0.00061974
0.000522161	0.00150322
0.000528866	0.00371675
0.000535571	0.00831724
0.000542275	0.0188327
0.00054898	0.0391118
0.000555684	0.0807733
0.000562389	0.157988
0.000569094	0.296079
0.000575798	0.547855
0.000582503	0.935824
0.000589208	1.58255
0.000595912	2.50898
0.000602617	3.89665
0.000609322	5.75366
0.000616026	8.26122
0.000622731	11.4105
0.000629435	15.2958
0.00063614	19.9112
0.000642845	25.2733
0.000649549	31.4135
0.000656254	38.4828
0.000662959	46.5581
0.000669663	56.2253
0.000676368	67.5561
0.000683073	81.5785
0.000689777	98.2781
0.000696482	118.523
0.000703186	142.186
0.000709891	169.024
0.000716596	198.883
0.0007233	230.04
0.000730005	262.454
0.00073671	293.952
0.000743414	324.659
0.000750119	353.95
0.000756824	382.019
0.000763528	411.04
0.000770233	441.12
0.000776937	476.4
0.000783642	516.849
0.000790347	566.258
0.000797051	624.535
0.000803756	693.293
0.000810461	772.465
0.000817165	861.343
0.00082387	959.915
0.000830575	1066.28
0.000837279	1180.44
0.000843984	1300.5
0.000850689	1426.48
0.000857393	1556.68
0.000864098	1691.14
0.000870802	1827.17
0.000877507	1964.86
0.000884212	2099.06
0.000890916	2229.86
0.000897621	2350.28
0.000904326	2460.24
0.00091103	2554.93
0.000917735	2633.96
0.00092444	2699.26
0.000931144	2750.35
0.000937849	2795.91
0.000944553	2835.91
0.000951258	2879.54
0.000957963	2927.46
0.000964667	2981.57
0.000971372	3042.79
0.000978077	3103.75
0.000984781	3164.74
0.000991486	3216.02
0.000998191	3258.74
0.0010049	3271.2
0.0010116	3273
0.0010183	3270.22
0.00102501	3239.26
0.00103171	3197.83
0.00103842	3148.69
0.00104512	3096.36
0.00105183	3041.58
0.00105853	2987.5
0.00106524	2934.86
0.00107194	2883.29
0.00107865	2833.19
0.00108535	2781.94
0.00109206	2729.54
0.00109876	2672.75
0.00110546	2611.22
0.00111217	2542.53
0.00111887	2466.15
0.00112558	2381.38
0.00113228	2287.76
0.00113899	2186.38
0.00114569	2077.03
0.0011524	1962.03
0.0011591	1841.44
0.00116581	1718.19
0.00117251	1592.57
0.00117922	1467.75
0.00118592	1344.22
0.00119263	1224.9
0.00119933	1110.49
0.00120603	1002.85
0.00121274	902.724
0.00121944	810.483
0.00122615	726.577
0.00123285	650.238
0.00123956	581.503
0.00124626	519.248
0.00125297	463.235
0.00125967	412.521
0.00126638	366.825
0.00127308	325.418
0.00127979	288.073
0.00128649	254.135
0.00129319	223.382
0.0012999	195.269
0.0013066	169.545
0.00131331	145.934
0.00132001	124.234
0.00132672	104.447
0.00133342	86.5069
0.00134013	70.4889
0.00134683	56.4346
0.00135354	44.2912
0.00136024	34.0968
0.00136695	25.6391
0.00137365	18.8774
0.00138035	13.5242
0.00138706	9.46195
0.00139376	6.41634
0.00140047	4.23251
0.00140717	2.69889
0.00141388	1.66342
0.00142058	0.992673
0.00142729	0.565591
0.00143399	0.315581
0.0014407	0.161863
0.0014474	0.0862881
0.00145411	0.0407813
0.00146081	0.0200869
0.00146752	0.00882191
0.00147422	0.00396064
0.00148092	0.00162592
0.00148763	0.000659386
0.00149433	0.000234221
0.00150104	9.24993e-05
