0.000500379	9.48909e-85
0.000507922	1.69638e-81
0.000515465	6.78266e-81
0.000523008	9.76668e-78
0.00053055	3.94385e-77
0.000538093	4.57305e-74
0.000545636	1.86547e-73
0.000553179	1.74165e-70
0.000560721	7.17796e-70
0.000568264	5.39533e-67
0.000575807	2.24677e-66
0.00058335	1.3595e-63
0.000590892	5.7209e-63
0.000598435	2.78648e-60
0.000605978	1.18499e-59
0.000613521	4.64572e-57
0.000621063	1.99669e-56
0.000628606	6.30065e-54
0.000636149	2.73687e-53
0.000643692	6.95133e-51
0.000651234	3.05172e-50
0.000658777	6.23909e-48
0.00066632	2.76811e-47
0.000673862	4.55589e-45
0.000681405	2.04254e-44
0.000688948	2.7068e-42
0.000696491	1.22605e-41
0.000704033	1.30862e-39
0.000711576	5.98683e-39
0.000719119	5.14877e-37
0.000726662	2.37816e-36
0.000734204	1.64889e-34
0.000741747	7.68499e-34
0.00074929	4.29901e-32
0.000756833	2.02027e-31
0.000764375	9.12731e-30
0.000771918	4.32059e-29
0.000779461	1.57852e-27
0.000787004	7.51716e-27
0.000794546	2.22465e-25
0.000802089	1.06402e-24
0.000809632	2.55614e-23
0.000817175	1.22532e-22
0.000824717	2.3959e-21
0.00083226	1.14807e-20
0.000839803	1.83324e-19
0.000847345	8.75243e-19
0.000854888	1.14603e-17
0.000862431	5.42953e-17
0.000869974	5.85884e-16
0.000877516	2.741e-15
0.000885059	2.45211e-14
0.000892602	1.12622e-13
0.000900145	8.41211e-13
0.000907687	3.76679e-12
0.00091523	2.36843e-11
0.000922773	1.02577e-10
0.000930316	5.47993e-10
0.000937858	2.27502e-09
0.000945401	1.04328e-08
0.000952944	4.11092e-08
0.000960487	1.63619e-07
0.000968029	6.05529e-07
0.000975572	2.11589e-06
0.000983115	7.27571e-06
0.000990658	2.25787e-05
0.0009982	7.1379e-05
0.00100574	0.00019892
0.00101329	0.000572513
0.00102083	0.00144743
0.00102837	0.003761
0.00103591	0.00870273
0.00104346	0.0202871
0.001051	0.0432729
0.00105854	0.0901733
0.00106608	0.180657
0.00107363	0.336445
0.00108117	0.625369
0.00108871	1.0578
0.00109626	1.7693
0.0011038	2.7654
0.00111134	4.21534
0.00111888	6.11667
0.00112643	8.60444
0.00113397	11.6701
0.00114151	15.3503
0.00114906	19.6372
0.0011566	24.4664
0.00116414	29.8359
0.00117168	35.6489
0.00117923	41.9096
0.00118677	48.5915
0.00119431	55.7007
0.00120185	63.3407
0.0012094	71.5141
0.00121694	80.4018
0.00122448	90.0044
0.00123203	100.549
0.00123957	112.038
0.00124711	124.981
0.00125465	139.374
0.0012622	156.265
0.00126974	175.644
0.00127728	198.679
0.00128482	225.377
0.00129237	256.049
0.00129991	290.722
0.00130745	328.644
0.001315	369.815
0.00132254	413.599
0.00133008	459.948
0.00133762	509.365
0.00134517	561.83
0.00135271	618.202
0.00136025	678.575
0.00136779	742.41
0.00137534	809.861
0.00138288	878.407
0.00139042	948.11
0.00139797	1015.63
0.00140551	1080.83
0.00141305	1141.4
0.00142059	1197.06
0.00142814	1247.75
0.00143568	1293.23
0.00144322	1335.33
0.00145076	1374.06
0.00145831	1411.49
0.00146585	1447.84
0.00147339	1483.84
0.00148094	1519.81
0.00148848	1554.39
0.00149602	1587.84
0.00150356	1616.93
0.00151111	1642.29
0.00151865	1655.43
0.00152619	1660.79
0.00153373	1660.71
0.00154128	1645.21
0.00154882	1620.63
0.00155636	1588.33
0.00156391	1551.36
0.00157145	1510.38
0.00157899	1467.13
0.00158653	1422.24
0.00159408	1375.26
0.00160162	1326.22
0.00160916	1274.83
0.0016167	1220.88
0.00162425	1165.16
0.00163179	1107.76
0.00163933	1049.35
0.00164688	990.214
0.00165442	930.138
0.00166196	869.145
0.0016695	806.974
0.00167705	743.318
0.00168459	679.176
0.00169213	614.363
0.00169968	551.163
0.00170722	489.954
0.00171476	432.882
0.0017223	380.765
0.00172985	334.215
0.00173739	293.891
0.00174493	258.831
0.00175247	229.093
0.00176002	203.209
0.00176756	180.743
0.0017751	160.697
0.00178265	142.57
0.00179019	126.021
0.00179773	110.782
0.00180527	96.7855
0.00181282	83.9623
0.00182036	72.2007
0.0018279	61.4495
0.00183544	51.6035
0.00184299	42.5767
0.00185053	34.4087
0.00185807	27.0752
0.00186562	20.6734
0.00187316	15.2695
0.0018807	10.8328
0.00188824	7.41398
0.00189579	4.83083
0.00190333	3.03009
0.00191087	1.80418
0.00191841	1.02482
0.00192596	0.558811
0.0019335	0.277497
0.00194104	0.143529
0.00194859	0.0649534
0.00195613	0.0302799
0.00196367	0.0126083
0.00197121	0.00523256
0.00197876	0.00202387
0.0019863	0.00073938
0.00199384	0.000248844
0.00200138	8.53319e-05
