0.000500379	4.10631e-23
0.000506246	4.38272e-22
0.000512113	1.6299e-21
0.000517979	1.57129e-20
0.000523846	5.68441e-20
0.000529712	4.84838e-19
0.000535579	1.74195e-18
0.000541445	1.3176e-17
0.000547312	4.69063e-17
0.000553178	3.1547e-16
0.000559045	1.10991e-15
0.000564911	6.6569e-15
0.000570778	2.30799e-14
0.000576644	1.23847e-13
0.000582511	4.21788e-13
0.000588378	2.0322e-12
0.000594244	6.77503e-12
0.000600111	2.94227e-11
0.000605977	9.566e-11
0.000611844	3.76018e-10
0.00061771	1.18744e-09
0.000623577	4.2434e-09
0.000629443	1.29608e-08
0.00063531	4.23024e-08
0.000641176	1.24419e-07
0.000647043	3.72669e-07
0.000652909	1.05075e-06
0.000658776	2.90234e-06
0.000664643	7.80955e-06
0.000670509	1.99893e-05
0.000676376	5.11067e-05
0.000682242	0.000121798
0.000688109	0.000294661
0.000693975	0.000656857
0.000699842	0.00149804
0.000705708	0.00313717
0.000711575	0.00672289
0.000717441	0.0132794
0.000723308	0.026673
0.000729174	0.0500296
0.000735041	0.0938755
0.000740908	0.170452
0.000746774	0.296393
0.000752641	0.507622
0.000758507	0.831968
0.000764374	1.34506
0.00077024	2.08723
0.000776107	3.19259
0.000781973	4.71007
0.00078784	6.84144
0.000793706	9.63573
0.000799573	13.3525
0.000805439	18.0294
0.000811306	23.9505
0.000817173	31.1271
0.000823039	39.8037
0.000828906	49.9466
0.000834772	61.6498
0.000840639	74.821
0.000846505	89.2483
0.000852372	104.796
0.000858238	120.83
0.000864105	137.233
0.000869971	153.044
0.000875838	168.254
0.000881704	182.015
0.000887571	194.482
0.000893438	205.605
0.000899304	215.672
0.000905171	225.978
0.000911037	236.82
0.000916904	250.787
0.00092277	268.03
0.000928637	291.589
0.000934503	321.382
0.00094037	359.538
0.000946236	405.789
0.000952103	460.199
0.000957969	522.469
0.000963836	590.418
0.000969703	663.882
0.000975569	739.509
0.000981436	817.336
0.000987302	894.593
0.000993169	971.442
0.000999035	1047
0.0010049	1121.42
0.00101077	1195.72
0.00101663	1269.96
0.0010225	1346
0.00102837	1423.84
0.00103423	1505.06
0.0010401	1589.63
0.00104597	1678.47
0.00105183	1771.54
0.0010577	1869.16
0.00106357	1971.29
0.00106943	2077.35
0.0010753	2187.34
0.00108117	2298.96
0.00108703	2412.24
0.0010929	2522.69
0.00109877	2630.35
0.00110463	2729.47
0.0011105	2820.06
0.00111637	2897.53
0.00112223	2961.81
0.0011281	3012.17
0.00113397	3048.42
0.00113983	3074.67
0.0011457	3090.76
0.00115157	3103.72
0.00115743	3113.6
0.0011633	3126.31
0.00116916	3142.18
0.00117503	3162.16
0.0011809	3186.72
0.00118676	3211.11
0.00119263	3235.95
0.0011985	3248.85
0.00120436	3254.16
0.00121023	3252.55
0.0012161	3228.03
0.00122196	3186.84
0.00122783	3129.75
0.0012337	3059.59
0.00123956	2976.17
0.00124543	2885.58
0.0012513	2788.2
0.00125716	2688.35
0.00126303	2586.65
0.0012689	2484.18
0.00127476	2381.34
0.00128063	2277.13
0.0012865	2171.54
0.00129236	2063.69
0.00129823	1953.33
0.0013041	1841.02
0.00130996	1726.56
0.00131583	1611.81
0.00132169	1496.8
0.00132756	1383.78
0.00133343	1272.96
0.00133929	1166.31
0.00134516	1064.1
0.00135103	967.824
0.00135689	877.766
0.00136276	794.909
0.00136863	719.535
0.00137449	651.913
0.00138036	592.302
0.00138623	540.044
0.00139209	495.268
0.00139796	456.511
0.00140383	423.67
0.00140969	394.969
0.00141556	370.085
0.00142143	347.491
0.00142729	326.767
0.00143316	306.952
0.00143903	287.672
0.00144489	268.546
0.00145076	249.333
0.00145663	230.083
0.00146249	210.702
0.00146836	191.479
0.00147422	172.443
0.00148009	153.933
0.00148596	136.054
0.00149182	119.061
0.00149769	103.069
0.00150356	88.2092
0.00150942	74.5662
0.00151529	62.1793
0.00152116	51.0946
0.00152702	41.2925
0.00153289	32.7944
0.00153876	25.5205
0.00154462	19.469
0.00155049	14.4949
0.00155636	10.5602
0.00156222	7.48055
0.00156809	5.17751
0.00157396	3.47605
0.00157982	2.27463
0.00158569	1.44454
0.00159156	0.889321
0.00159742	0.534323
0.00160329	0.307737
0.00160916	0.175351
0.00161502	0.0930659
0.00162089	0.0510628
0.00162675	0.0252669
0.00163262	0.0131503
0.00163849	0.00613692
0.00164435	0.00298845
0.00165022	0.00132024
0.00165609	0.000598774
0.00166195	0.000228978
0.00166782	0.000105713
