0.000500379	1.77503e-49
0.000507084	1.43031e-47
0.000513789	5.668e-47
0.000520493	3.91826e-45
0.000527198	1.56008e-44
0.000533903	9.22632e-43
0.000540607	3.70136e-42
0.000547312	1.87337e-40
0.000554017	7.56974e-40
0.000560721	3.2804e-38
0.000567426	1.33448e-37
0.000574131	4.95441e-36
0.000580835	2.02799e-35
0.00058754	6.45484e-34
0.000594244	2.65674e-33
0.000600949	7.2558e-32
0.000607654	3.0004e-31
0.000614358	7.03852e-30
0.000621063	2.92127e-29
0.000627768	5.89357e-28
0.000634472	2.45213e-27
0.000641177	4.26087e-26
0.000647882	1.77468e-25
0.000654586	2.66062e-24
0.000661291	1.10746e-23
0.000667995	1.43546e-22
0.0006747	5.95936e-22
0.000681405	6.69429e-21
0.000688109	2.76554e-20
0.000694814	2.6998e-19
0.000701519	1.10692e-18
0.000708223	9.421e-18
0.000714928	3.82179e-17
0.000721633	2.84612e-16
0.000728337	1.13843e-15
0.000735042	7.44856e-15
0.000741746	2.92636e-14
0.000748451	1.68984e-13
0.000755156	6.4928e-13
0.00076186	3.32565e-12
0.000768565	1.24381e-11
0.00077527	5.68179e-11
0.000781974	2.05804e-10
0.000788679	8.43317e-10
0.000795384	2.94256e-09
0.000802088	1.08822e-08
0.000808793	3.63751e-08
0.000815497	1.22176e-07
0.000822202	3.89026e-07
0.000828907	1.1943e-06
0.000835611	3.6024e-06
0.000842316	1.0172e-05
0.000849021	2.89107e-05
0.000855725	7.55426e-05
0.00086243	0.000201314
0.000869135	0.000489543
0.000875839	0.00121792
0.000882544	0.0027705
0.000889249	0.00641158
0.000895953	0.0137051
0.000902658	0.0294229
0.000909362	0.0593204
0.000916067	0.117935
0.000922772	0.226717
0.000929476	0.41644
0.000936181	0.764845
0.000942886	1.30445
0.00094959	2.22688
0.000956295	3.57319
0.000963	5.68366
0.000969704	8.59356
0.000976409	12.767
0.000983113	18.2086
0.000989818	25.3467
0.000996523	34.1409
0.00100323	44.7186
0.00100993	57.015
0.00101664	70.6899
0.00102334	85.7103
0.00103005	101.483
0.00103675	118.055
0.00104346	135.223
0.00105016	153.099
0.00105686	172.516
0.00106357	193.576
0.00107027	218.154
0.00107698	246.274
0.00108368	280.062
0.00109039	319.47
0.00109709	365.915
0.0011038	419.336
0.0011105	480.141
0.00111721	548.299
0.00112391	623.603
0.00113062	706.037
0.00113732	795.04
0.00114402	890.594
0.00115073	991.3
0.00115743	1097.15
0.00116414	1205.25
0.00117084	1315.61
0.00117755	1424.22
0.00118425	1531.09
0.00119096	1632.83
0.00119766	1729.4
0.00120437	1820.01
0.00121107	1904.59
0.00121778	1985.56
0.00122448	2062.82
0.00123119	2140.55
0.00123789	2218.78
0.00124459	2300.74
0.0012513	2386.6
0.001258	2476.45
0.00126471	2570.51
0.00127141	2665.44
0.00127812	2761.35
0.00128482	2853.33
0.00129153	2941.26
0.00129823	3021.32
0.00130494	3093.25
0.00131164	3155.72
0.00131835	3208.54
0.00132505	3251.9
0.00133175	3285.87
0.00133846	3309.71
0.00134516	3323.53
0.00135187	3325.27
0.00135857	3313.1
0.00136528	3286.47
0.00137198	3241.44
0.00137869	3178.35
0.00138539	3096.91
0.0013921	3000.76
0.0013988	2889.4
0.00140551	2770.78
0.00141221	2645.2
0.00141891	2520.9
0.00142562	2398.88
0.00143232	2284.39
0.00143903	2178.61
0.00144573	2082.55
0.00145244	1997.11
0.00145914	1919.59
0.00146585	1850.32
0.00147255	1784.36
0.00147926	1721.33
0.00148596	1656.18
0.00149267	1587.9
0.00149937	1513.79
0.00150608	1432.66
0.00151278	1345.53
0.00151948	1251.71
0.00152619	1155.19
0.00153289	1056.25
0.0015396	959.448
0.0015463	865.841
0.00155301	778.4
0.00155971	698.283
0.00156642	626.18
0.00157312	562.791
0.00157983	507.192
0.00158653	459.498
0.00159324	418.174
0.00159994	382.946
0.00160664	352.286
0.00161335	325.759
0.00162005	302.08
0.00162676	280.77
0.00163346	260.93
0.00164017	242.111
0.00164687	223.913
0.00165358	206.017
0.00166028	188.472
0.00166699	171.163
0.00167369	154.345
0.0016804	138.08
0.0016871	122.57
0.00169381	107.932
0.00170051	94.2265
0.00170721	81.523
0.00171392	69.8029
0.00172062	59.0749
0.00172733	49.3278
0.00173403	40.5551
0.00174074	32.7608
0.00174744	25.9551
0.00175415	20.1085
0.00176085	15.231
0.00176756	11.2283
0.00177426	8.07322
0.00178097	5.62871
0.00178767	3.81698
0.00179437	2.50708
0.00180108	1.59327
0.00180778	0.984552
0.00181449	0.582203
0.00182119	0.338993
0.0018279	0.169109
0.0018346	0.101938
