0.000500379	2.57071e-175
0.000509598	2.23191e-169
0.000518817	8.92765e-169
0.000528036	5.76477e-163
0.000537255	2.32949e-162
0.000546474	1.11856e-156
0.000555693	4.56695e-156
0.000564912	1.63044e-150
0.000574131	6.72714e-150
0.00058335	1.78534e-144
0.000592569	7.44518e-144
0.000601788	1.4686e-138
0.000611007	6.19098e-138
0.000620226	9.07506e-133
0.000629445	3.86797e-132
0.000638664	4.21268e-127
0.000647883	1.81571e-126
0.000657101	1.46902e-121
0.00066632	6.40394e-121
0.000675539	3.84819e-116
0.000684758	1.69702e-115
0.000693977	7.57254e-111
0.000703196	3.37883e-110
0.000712415	1.11939e-105
0.000721634	5.05455e-105
0.000730853	1.243e-100
0.000740072	5.68117e-100
0.000749291	1.03684e-95
0.00075851	4.79767e-95
0.000767729	6.49683e-91
0.000776948	3.04411e-90
0.000786167	3.058e-86
0.000795386	1.4512e-85
0.000804605	1.08123e-81
0.000813823	5.19794e-81
0.000823042	2.87173e-77
0.000832261	1.39885e-76
0.00084148	5.72946e-73
0.000850699	2.82846e-72
0.000859918	8.58672e-69
0.000869137	4.29699e-68
0.000878356	9.66693e-65
0.000887575	4.90472e-64
0.000896794	8.17523e-61
0.000906013	4.20631e-60
0.000915232	5.1936e-57
0.000924451	2.71035e-56
0.00093367	2.47859e-53
0.000942889	1.31216e-52
0.000952108	8.88635e-50
0.000961327	4.77293e-49
0.000970545	2.39357e-46
0.000979764	1.30443e-45
0.000988983	4.84402e-43
0.000998202	2.67855e-42
0.00100742	7.36626e-40
0.00101664	4.13256e-39
0.00102586	8.41844e-37
0.00103508	4.79054e-36
0.0010443	7.23182e-34
0.00105352	4.17253e-33
0.00106273	4.67105e-31
0.00107195	2.73068e-30
0.00108117	2.26934e-28
0.00109039	1.34279e-27
0.00109961	8.29707e-26
0.00110883	4.96162e-25
0.00111805	2.28452e-23
0.00112727	1.37764e-22
0.00113649	4.74152e-21
0.00114571	2.87452e-20
0.00115492	7.42718e-19
0.00116414	4.50766e-18
0.00117336	8.79437e-17
0.00118258	5.313e-16
0.0011918	7.88731e-15
0.00120102	4.70758e-14
0.00121024	5.37101e-13
0.00121946	3.1363e-12
0.00122868	2.78496e-11
0.00123789	1.57156e-10
0.00124711	1.10299e-09
0.00125633	5.92537e-09
0.00126555	3.34714e-08
0.00127477	1.68201e-07
0.00128399	7.80451e-07
0.00129321	3.59769e-06
0.00130243	1.40117e-05
0.00131165	5.80496e-05
0.00132087	0.000193891
0.00133008	0.000707703
0.0013393	0.00206781
0.00134852	0.00653375
0.00135774	0.0169796
0.00136696	0.0458269
0.00137618	0.107215
0.0013854	0.245302
0.00139462	0.527231
0.00140384	1.02861
0.00141305	1.98964
0.00142227	3.40882
0.00143149	5.62252
0.00144071	8.63025
0.00144993	12.5419
0.00145915	17.3601
0.00146837	22.9685
0.00147759	29.3494
0.00148681	36.9532
0.00149603	45.7097
0.00150524	57.8025
0.00151446	73.1465
0.00152368	95.5868
0.0015329	125.182
0.00154212	164.726
0.00155134	214.534
0.00156056	272.704
0.00156978	339.549
0.001579	408.992
0.00158821	480.849
0.00159743	550.965
0.00160665	618.691
0.00161587	686.444
0.00162509	753.861
0.00163431	826.853
0.00164353	905.774
0.00165275	993.817
0.00166197	1091.49
0.00167118	1198.44
0.0016804	1314.77
0.00168962	1439.73
0.00169884	1573.4
0.00170806	1714.5
0.00171728	1863.29
0.0017265	2016.35
0.00173572	2173.71
0.00174494	2330.98
0.00175416	2488.29
0.00176337	2639.18
0.00177259	2784.04
0.00178181	2911.55
0.00179103	3020.61
0.00180025	3102.9
0.00180947	3159.07
0.00181869	3173.38
0.00182791	3169.39
0.00183713	3159.34
0.00184634	3131.9
0.00185556	3102.94
0.00186478	3078.48
0.001874	3052.55
0.00188322	3027.4
0.00189244	2987.21
0.00190166	2929.29
0.00191088	2843.37
0.0019201	2723.81
0.00192932	2578.64
0.00193853	2405.56
0.00194775	2223.97
0.00195697	2037.86
0.00196619	1860.22
0.00197541	1696.85
0.00198463	1548.12
0.00199385	1416.47
0.00200307	1296.91
0.00201229	1188.6
0.0020215	1087.96
0.00203072	993.381
0.00203994	904.01
0.00204916	818.883
0.00205838	738.879
0.0020676	664.095
0.00207682	595.068
0.00208604	532.47
0.00209526	474.891
0.00210448	422.223
0.00211369	372.571
0.00212291	324.797
0.00213213	279.012
0.00214135	234.544
0.00215057	193.061
0.00215979	155.183
0.00216901	121.793
0.00217823	93.8003
0.00218745	70.5911
0.00219666	52.2948
0.00220588	37.8705
0.0022151	26.8203
0.00222432	18.4569
0.00223354	12.2579
0.00224276	7.80935
0.00225198	4.74026
0.0022612	2.72917
0.00227042	1.45861
0.00227964	0.760136
0.00228885	0.348699
0.00229807	0.164944
0.00230729	0.0677566
0.00231651	0.0274014
0.00232573	0.00944287
0.00233495	0.00345669
