3.33898e-05	5.92146e-07
3.55687e-05	1.28762e-06
3.77476e-05	3.37405e-06
3.99264e-05	7.64964e-06
4.21053e-05	1.76853e-05
4.42842e-05	3.81941e-05
4.64631e-05	8.52904e-05
4.8642e-05	0.000175857
5.08209e-05	0.000378556
5.29998e-05	0.000746798
5.51787e-05	0.00154676
5.73576e-05	0.00292552
5.95365e-05	0.0058199
6.17154e-05	0.0105739
6.38943e-05	0.0201723
6.60732e-05	0.03569
6.82521e-05	0.0645705
7.0431e-05	0.111048
7.26099e-05	0.190827
7.47888e-05	0.316918
7.69677e-05	0.520232
7.91465e-05	0.832795
8.13254e-05	1.30893
8.35043e-05	2.01724
8.56832e-05	3.04146
8.78621e-05	4.50949
9.0041e-05	6.53239
9.22199e-05	9.31642
9.43988e-05	12.9838
9.65777e-05	17.8179
9.87566e-05	23.9209
0.000100935	31.6132
0.000103114	40.9406
0.000105293	52.176
0.000107472	65.2851
0.000109651	80.3884
0.00011183	97.3771
0.000114009	116.143
0.000116188	136.541
0.000118367	158.238
0.000120546	181.102
0.000122724	204.669
0.000124903	228.856
0.000127082	253.204
0.000129261	277.68
0.00013144	301.931
0.000133619	325.95
0.000135798	349.508
0.000137977	372.605
0.000140156	395.093
0.000142334	416.984
0.000144513	438.194
0.000146692	458.777
0.000148871	478.787
0.00015105	498.355
0.000153229	517.85
0.000155408	537.49
0.000157587	558.162
0.000159766	580.152
0.000161945	604.997
0.000164123	632.992
0.000166302	666.286
0.000168481	705.119
0.00017066	752.002
0.000172839	807.063
0.000175018	872.741
0.000177197	949.023
0.000179376	1037.77
0.000181555	1138.83
0.000183733	1253.05
0.000185912	1380.21
0.000188091	1519.9
0.00019027	1671.89
0.000192449	1834.59
0.000194628	2007.82
0.000196807	2189.13
0.000198986	2378.4
0.000201165	2572.73
0.000203344	2772.08
0.000205522	2973.48
0.000207701	3176.95
0.00020988	3379.81
0.000212059	3582.1
0.000214238	3781.69
0.000216417	3978.67
0.000218596	4171.72
0.000220775	4360.93
0.000222954	4545.96
0.000225132	4726.86
0.000227311	4904.15
0.00022949	5077.84
0.000231669	5248.78
0.000233848	5416.94
0.000236027	5582.72
0.000238206	5746.06
0.000240385	5906.18
0.000242564	6063.05
0.000244743	6214.56
0.000246921	6360.72
0.0002491	6498.73
0.000251279	6628.62
0.000253458	6748.1
0.000255637	6857.18
0.000257816	6955.02
0.000259995	7041.61
0.000262174	7117.65
0.000264353	7183.11
0.000266531	7239.3
0.00026871	7286.22
0.000270889	7324.61
0.000273068	7354.51
0.000275247	7375.72
0.000277426	7388.39
0.000279605	7389.82
0.000281784	7382.73
0.000283963	7367.47
0.000286142	7340.88
0.00028832	7305.99
0.000290499	7262.95
0.000292678	7213.65
0.000294857	7158.18
0.000297036	7097.91
0.000299215	7033.07
0.000301394	6963.05
0.000303573	6888.08
0.000305752	6805.56
0.00030793	6715.55
0.000310109	6614.76
0.000312288	6503.01
0.000314467	6377.95
0.000316646	6239.23
0.000318825	6086.41
0.000321004	5919.18
0.000323183	5738.88
0.000325362	5545.4
0.00032754	5341.14
0.000329719	5126.15
0.000331898	4903.25
0.000334077	4672.56
0.000336256	4437.11
0.000338435	4197.04
0.000340614	3955.68
0.000342793	3713.23
0.000344972	3473.34
0.000347151	3236.34
0.000349329	3005.86
0.000351508	2782.38
0.000353687	2568.84
0.000355866	2365.85
0.000358045	2175.11
0.000360224	1997.17
0.000362403	1832.38
0.000364582	1681.08
0.000366761	1542.5
0.000368939	1416.74
0.000371118	1302.36
0.000373297	1199.22
0.000375476	1105.59
0.000377655	1021.19
0.000379834	944.256
0.000382013	874.407
0.000384192	810.046
0.000386371	750.731
0.00038855	695.219
0.000390728	643.064
0.000392907	593.502
0.000395086	546.165
0.000397265	500.762
0.000399444	457.066
0.000401623	415.118
0.000403802	374.845
0.000405981	336.424
0.00040816	299.887
0.000410338	265.404
0.000412517	233.047
0.000414696	202.919
0.000416875	175.087
0.000419054	149.583
0.000421233	126.453
0.000423412	105.659
0.000425591	87.2223
0.00042777	71.0282
0.000429949	57.0635
0.000432127	45.1329
0.000434306	35.1747
0.000436485	26.9384
0.000438664	20.3078
0.000440843	15.0228
0.000443022	10.9266
0.000445201	7.79416
0.00044738	5.4569
0.000449559	3.74973
0.000451737	2.52149
0.000453916	1.66872
0.000456095	1.07531
0.000458274	0.685729
0.000460453	0.422396
0.000462632	0.259878
0.000464811	0.143037
0.00046699	0.0907561
