0.000500379	6.26769e-106
0.000507922	2.31383e-101
0.000515465	9.25514e-101
0.000523008	2.51108e-96
0.00053055	1.01467e-95
0.000538093	2.02295e-91
0.000545636	8.25906e-91
0.000553179	1.20978e-86
0.000560721	4.99118e-86
0.000568264	5.37066e-82
0.000575807	2.23945e-81
0.00058335	1.76989e-77
0.000590892	7.46011e-77
0.000598435	4.32972e-73
0.000605978	1.84508e-72
0.000613521	7.86272e-69
0.000621063	3.38806e-68
0.000628606	1.05995e-64
0.000636149	4.61906e-64
0.000643692	1.06072e-60
0.000651234	4.67546e-60
0.000658777	7.88002e-57
0.00066632	3.51369e-56
0.000673862	4.34581e-53
0.000681405	1.96053e-52
0.000688948	1.77928e-49
0.000696491	8.1219e-49
0.000704033	5.40834e-46
0.000711576	2.49815e-45
0.000719119	1.22056e-42
0.000726662	5.70504e-42
0.000734204	2.04532e-39
0.000741747	9.67359e-39
0.00074929	2.54522e-36
0.000756833	1.2179e-35
0.000764375	2.35244e-33
0.000771918	1.13853e-32
0.000779461	1.61526e-30
0.000787004	7.90321e-30
0.000794546	8.24196e-28
0.000802089	4.07387e-27
0.000809632	3.12657e-25
0.000817175	1.5595e-24
0.000824717	8.82284e-23
0.00083226	4.43385e-22
0.000839803	1.85351e-20
0.000847345	9.36364e-20
0.000854888	2.90192e-18
0.000862431	1.4691e-17
0.000869974	3.39069e-16
0.000877516	1.71277e-15
0.000885059	2.96206e-14
0.000892602	1.4843e-13
0.000900145	1.93911e-12
0.000907687	9.56519e-12
0.00091523	9.53986e-11
0.000922773	4.58625e-10
0.000930316	3.53882e-09
0.000937858	1.63732e-08
0.000945401	9.93469e-08
0.000952944	4.35658e-07
0.000960487	2.11873e-06
0.000968029	8.65089e-06
0.000975572	3.44469e-05
0.000983115	0.000128418
0.000990658	0.000428163
0.0009982	0.00142831
0.00100574	0.00407619
0.00101329	0.011938
0.00102083	0.029747
0.00102837	0.0752719
0.00103591	0.166429
0.00104346	0.359844
0.001051	0.739752
0.00105854	1.35953
0.00106608	2.41826
0.00107363	3.90987
0.00108117	5.9853
0.00108871	8.60398
0.00109626	11.5868
0.0011038	14.9056
0.00111134	18.1251
0.00111888	21.2753
0.00112643	24.2123
0.00113397	26.9996
0.00114151	30.1824
0.00114906	33.8022
0.0011566	38.8868
0.00116414	45.4452
0.00117168	54.6219
0.00117923	66.4046
0.00118677	81.7933
0.00119431	100.753
0.00120185	123.626
0.0012094	150.378
0.00121694	180.389
0.00122448	213.655
0.00123203	249.22
0.00123957	287.091
0.00124711	326.413
0.00125465	367.191
0.0012622	408.461
0.00126974	450.216
0.00127728	492.92
0.00128482	536.495
0.00129237	585.498
0.00129991	639.836
0.00130745	706.514
0.001315	785.657
0.00132254	880.178
0.00133008	990.44
0.00133762	1111.55
0.00134517	1243.68
0.00135271	1379
0.00136025	1517.18
0.00136779	1655.6
0.00137534	1793.82
0.00138288	1935.09
0.00139042	2079.58
0.00139797	2228.11
0.00140551	2381.39
0.00141305	2532.52
0.00142059	2681.67
0.00142814	2819.75
0.00143568	2946.04
0.00144322	3057.01
0.00145076	3151.98
0.00145831	3232.23
0.00146585	3297.88
0.00147339	3349.87
0.00148094	3391.03
0.00148848	3401.14
0.00149602	3400.75
0.00150356	3396.9
0.00151111	3360.07
0.00151865	3307.3
0.00152619	3242.37
0.00153373	3169.7
0.00154128	3090.35
0.00154882	3007.21
0.00155636	2921.25
0.00156391	2831.33
0.00157145	2737.2
0.00157899	2639.49
0.00158653	2537.7
0.00159408	2435.44
0.00160162	2333.53
0.00160916	2232.5
0.0016167	2133.59
0.00162425	2031.51
0.00163179	1925.42
0.00163933	1812.2
0.00164688	1689.36
0.00165442	1563.64
0.00166196	1434.79
0.0016695	1313.02
0.00167705	1201.58
0.00168459	1102.06
0.00169213	1017.24
0.00169968	939.84
0.00170722	868.817
0.00171476	798.401
0.0017223	725.627
0.00172985	652.121
0.00173739	576.78
0.00174493	504.717
0.00175247	437.398
0.00176002	377.402
0.00176756	326.569
0.0017751	283.669
0.00178265	249.125
0.00179019	220.441
0.00179773	196.849
0.00180527	176.685
0.00181282	159.092
0.00182036	143.234
0.0018279	128.558
0.00183544	114.622
0.00184299	100.976
0.00185053	87.8083
0.00185807	74.9322
0.00186562	63.022
0.00187316	52.3684
0.0018807	43.3198
0.00188824	36.2874
0.00189579	30.9431
0.00190333	27.3625
0.00191087	24.8898
0.00191841	23.2173
0.00192596	21.8258
0.0019335	20.2475
0.00194104	18.4055
0.00194859	16.0012
0.00195613	13.3431
0.00196367	10.5095
0.00197121	7.79046
0.00197876	5.46417
0.0019863	3.54485
0.00199384	2.14913
0.00200138	1.23706
