0.000500379	1.02898e-23
0.000506246	9.77848e-23
0.000512113	3.6027e-22
0.000517979	3.13952e-21
0.000523846	1.12178e-20
0.000529712	8.75557e-20
0.000535579	3.10638e-19
0.000541445	2.17617e-18
0.000547312	7.65027e-18
0.000553178	4.8217e-17
0.000559045	1.67567e-16
0.000564911	9.52632e-16
0.000570778	3.26441e-15
0.000576644	1.67877e-14
0.000582511	5.65651e-14
0.000588378	2.6395e-13
0.000594244	8.71855e-13
0.000600111	3.7038e-12
0.000605977	1.19543e-11
0.000611844	4.63979e-11
0.00061771	1.45825e-10
0.000623577	5.19039e-10
0.000629443	1.58279e-09
0.00063531	5.18655e-09
0.000641176	1.52885e-08
0.000647043	4.63084e-08
0.000652909	1.31448e-07
0.000658776	3.69547e-07
0.000664643	1.00627e-06
0.000670509	2.63657e-06
0.000676376	6.86134e-06
0.000682242	1.68236e-05
0.000688109	4.16931e-05
0.000693975	9.60484e-05
0.000699842	0.000225933
0.000705708	0.000490888
0.000711575	0.00109286
0.000717441	0.00224757
0.000723308	0.00472459
0.000729174	0.00922831
0.000735041	0.018286
0.000740908	0.0340798
0.000746774	0.063551
0.000752641	0.115218
0.000758507	0.200706
0.000764374	0.345593
0.00077024	0.571128
0.000776107	0.934864
0.000781973	1.47151
0.00078784	2.29373
0.000793706	3.4505
0.000799573	5.13427
0.000805439	7.40307
0.000811306	10.5423
0.000817173	14.6046
0.000823039	19.947
0.000828906	26.5922
0.000834772	34.8832
0.000840639	44.7862
0.000846505	56.4651
0.000852372	69.819
0.000858238	84.6332
0.000864105	100.768
0.000869971	117.531
0.000875838	134.811
0.000881704	151.604
0.000887571	167.905
0.000893438	182.867
0.000899304	196.617
0.000905171	209.039
0.000911037	220.339
0.000916904	231.462
0.00092277	242.603
0.000928637	255.628
0.000934503	270.656
0.00094037	289.97
0.000946236	313.594
0.000952103	343.646
0.000957969	380.071
0.000963836	424.347
0.000969703	476.371
0.000975569	536.654
0.000981436	605.077
0.000987302	681.035
0.000993169	764.437
0.000999035	853.74
0.0010049	948.911
0.00101077	1048.06
0.00101663	1151.21
0.0010225	1256.89
0.00102837	1365.15
0.00103423	1475.33
0.0010401	1587.46
0.00104597	1701.43
0.00105183	1817.21
0.0010577	1934.37
0.00106357	2052.88
0.00106943	2171.22
0.0010753	2289.4
0.00108117	2404.81
0.00108703	2517.48
0.0010929	2624.52
0.00109877	2725.94
0.00110463	2819.62
0.0011105	2905.55
0.00111637	2983.11
0.00112223	3052.26
0.0011281	3113.69
0.00113397	3167.39
0.00113983	3214.4
0.0011457	3254.76
0.00115157	3288.67
0.00115743	3316.23
0.0011633	3336.52
0.00116916	3349.78
0.00117503	3351.63
0.0011809	3345.5
0.00118676	3331.85
0.00119263	3304.89
0.0011985	3267.98
0.00120436	3221.38
0.00121023	3166.58
0.0012161	3103.54
0.00122196	3034.86
0.00122783	2960.58
0.0012337	2883.21
0.00123956	2802.85
0.00124543	2721.66
0.0012513	2639.77
0.00125716	2558.98
0.00126303	2479.44
0.0012689	2402.4
0.00127476	2328.08
0.00128063	2256.76
0.0012865	2188.66
0.00129236	2122.92
0.00129823	2059.65
0.0013041	1997.17
0.00130996	1935.41
0.00131583	1872.63
0.00132169	1808.59
0.00132756	1742.15
0.00133343	1673.03
0.00133929	1601.04
0.00134516	1525.96
0.00135103	1448.47
0.00135689	1368.48
0.00136276	1287.17
0.00136863	1204.6
0.00137449	1122.13
0.00138036	1039.92
0.00138623	959.278
0.00139209	880.414
0.00139796	804.486
0.00140383	731.737
0.00140969	663.068
0.00141556	598.735
0.00142143	539.241
0.00142729	484.822
0.00143316	435.473
0.00143903	391.348
0.00144489	351.953
0.00145076	317.306
0.00145663	286.59
0.00146249	259.67
0.00146836	235.642
0.00147422	214.252
0.00148009	194.743
0.00148596	176.811
0.00149182	160.02
0.00149769	144.1
0.00150356	128.992
0.00150942	114.548
0.00151529	100.978
0.00152116	88.2956
0.00152702	76.7494
0.00153289	66.4668
0.00153876	57.5142
0.00154462	50.0156
0.00155049	43.7785
0.00155636	38.8126
0.00156222	34.771
0.00156809	31.5211
0.00157396	28.7508
0.00157982	26.2558
0.00158569	23.8908
0.00159156	21.4899
0.00159742	19.0779
0.00160329	16.5951
0.00160916	14.1452
0.00161502	11.7653
0.00162089	9.53939
0.00162675	7.54024
0.00163262	5.78821
0.00163849	4.33278
0.00164435	3.143
0.00165022	2.22254
0.00165609	1.5234
0.00166195	0.996395
0.00166782	0.658362
