0.000100103	3.29846e-08
0.000103622	9.40811e-08
0.000107142	2.77371e-07
0.000110662	7.86876e-07
0.000114182	2.07568e-06
0.000117702	5.44983e-06
0.000121222	1.38238e-05
0.000124742	3.37242e-05
0.000128261	8.19411e-05
0.000131781	0.000186469
0.000135301	0.000432334
0.000138821	0.000921256
0.000142341	0.0020306
0.000145861	0.00406661
0.000149381	0.00849116
0.0001529	0.0160365
0.00015642	0.031616
0.00015994	0.0573507
0.00016346	0.10515
0.00016698	0.183137
0.0001705	0.312252
0.00017402	0.515744
0.000177539	0.82566
0.000181059	1.28931
0.000184579	1.94391
0.000188099	2.86435
0.000191619	4.0748
0.000195139	5.65986
0.000198659	7.60479
0.000202178	9.95378
0.000205698	12.6364
0.000209218	15.588
0.000212738	18.6956
0.000216258	21.7456
0.000219778	24.6301
0.000223298	27.0813
0.000226817	28.9371
0.000230337	29.8038
0.000233857	30.1512
0.000237377	29.6743
0.000240897	28.1706
0.000244417	26.1073
0.000247937	23.5287
0.000251456	20.7729
0.000254976	17.9354
0.000258496	15.4035
0.000262016	13.3183
0.000265536	12.2698
0.000269056	11.8346
0.000272576	12.3989
0.000276095	14.7845
0.000279615	18.7359
0.000283135	24.4201
0.000286655	32.2205
0.000290175	42.1107
0.000293695	54.2856
0.000297214	68.6648
0.000300734	85.134
0.000304254	103.61
0.000307774	123.701
0.000311294	145.393
0.000314814	168.298
0.000318334	192.498
0.000321853	217.984
0.000325373	244.887
0.000328893	273.741
0.000332413	304.638
0.000335933	338.424
0.000339453	375.101
0.000342973	415.363
0.000346492	459.162
0.000350012	506.772
0.000353532	558.189
0.000357052	613.544
0.000360572	672.945
0.000364092	737.091
0.000367612	806.166
0.000371131	882
0.000374651	964.725
0.000378171	1057.01
0.000381691	1158.8
0.000385211	1272.28
0.000388731	1397.24
0.000392251	1533.71
0.00039577	1681.43
0.00039929	1837.59
0.00040281	2002.02
0.00040633	2169.92
0.00040985	2341.28
0.00041337	2511.29
0.00041689	2680.07
0.000420409	2844.66
0.000423929	3005.17
0.000427449	3161.18
0.000430969	3312.76
0.000434489	3461.4
0.000438009	3607.12
0.000441529	3752.01
0.000445048	3896.07
0.000448568	4040.55
0.000452088	4185.43
0.000455608	4329.93
0.000459128	4474.08
0.000462648	4614.52
0.000466168	4751.32
0.000469687	4879.11
0.000473207	4997.93
0.000476727	5101.97
0.000480247	5191.19
0.000483767	5262.26
0.000487287	5315.76
0.000490807	5336.82
0.000494326	5344.65
0.000497846	5341.62
0.000501366	5308.28
0.000504886	5259.35
0.000508406	5195.74
0.000511926	5121.98
0.000515446	5038.06
0.000518965	4950.69
0.000522485	4860.04
0.000526005	4771.76
0.000529525	4686.25
0.000533045	4606.1
0.000536565	4531.81
0.000540085	4462.07
0.000543604	4397.2
0.000547124	4333.11
0.000550644	4269.75
0.000554164	4202.76
0.000557684	4131.75
0.000561204	4054.18
0.000564724	3969.61
0.000568243	3877.68
0.000571763	3778.17
0.000575283	3671.85
0.000578803	3558.74
0.000582323	3439.71
0.000585843	3314.84
0.000589362	3184.86
0.000592882	3049.79
0.000596402	2910.51
0.000599922	2767.02
0.000603442	2620.55
0.000606962	2471.12
0.000610482	2320.3
0.000614001	2168.16
0.000617521	2016.63
0.000621041	1865.83
0.000624561	1718.16
0.000628081	1573.84
0.000631601	1435.54
0.000635121	1303.71
0.00063864	1180.52
0.00064216	1066.62
0.00064568	962.865
0.0006492	869.853
0.00065272	786.746
0.00065624	713.806
0.00065976	648.921
0.000663279	591.859
0.000666799	540.207
0.000670319	493.332
0.000673839	449.482
0.000677359	407.926
0.000680879	368.021
0.000684399	329.256
0.000687918	291.911
0.000691438	255.852
0.000694958	221.719
0.000698478	189.679
0.000701998	160.205
0.000705518	133.56
0.000709038	109.825
0.000712557	89.1704
0.000716077	71.3506
0.000719597	56.3738
0.000723117	43.846
0.000726637	33.6465
0.000730157	25.3755
0.000733677	18.8512
0.000737196	13.7349
0.000740716	9.83551
0.000744236	6.89328
0.000747756	4.73524
0.000751276	3.17969
0.000754796	2.08482
0.000758316	1.33745
0.000761835	0.832707
0.000765355	0.509712
0.000768875	0.299694
0.000772395	0.175155
0.000775915	0.0963724
0.000779435	0.0541147
0.000782955	0.0276914
0.000786474	0.0149983
0.000789994	0.00727148
0.000793514	0.00371583
0.000797034	0.00154531
0.000800554	0.000821799
