0.000100103	0.00112393
0.00010312	0.00209177
0.000106137	0.0049953
0.000109154	0.00964819
0.000112171	0.0196696
0.000115188	0.0358449
0.000118205	0.0686938
0.000121222	0.121142
0.000124239	0.213455
0.000127256	0.358202
0.000130273	0.58995
0.00013329	0.938643
0.000136307	1.45243
0.000139324	2.18691
0.000142341	3.19186
0.000145358	4.54651
0.000148375	6.27928
0.000151392	8.46976
0.000154408	11.1021
0.000157425	14.2127
0.000160442	17.7367
0.000163459	21.6263
0.000166476	25.7918
0.000169493	30.0967
0.00017251	34.4674
0.000175527	38.7266
0.000178544	42.8486
0.000181561	46.691
0.000184578	50.2823
0.000187595	53.5736
0.000190612	56.6394
0.000193629	59.5479
0.000196646	62.4151
0.000199663	65.4407
0.00020268	68.7814
0.000205697	72.7939
0.000208714	77.6549
0.000211731	83.8821
0.000214748	91.6186
0.000217765	101.457
0.000220782	113.451
0.000223799	128.084
0.000226816	145.315
0.000229833	165.356
0.00023285	188.135
0.000235867	213.596
0.000238884	241.72
0.000241901	272.393
0.000244918	305.681
0.000247935	341.654
0.000250952	380.427
0.000253969	422.342
0.000256986	467.496
0.000260003	516.392
0.00026302	569.083
0.000266037	626.061
0.000269054	687.368
0.000272071	753.449
0.000275088	824.367
0.000278105	900.638
0.000281122	982.328
0.000284139	1070.08
0.000287156	1163.89
0.000290173	1264.25
0.00029319	1371.02
0.000296207	1483.97
0.000299224	1602.81
0.000302241	1726.08
0.000305258	1853.49
0.000308275	1982.48
0.000311292	2112.97
0.000314309	2242.39
0.000317326	2370.95
0.000320343	2497.72
0.00032336	2623.13
0.000326377	2749.09
0.000329394	2875.98
0.000332411	3008.15
0.000335428	3145.62
0.000338445	3292.68
0.000341462	3448.93
0.000344479	3615
0.000347496	3790.23
0.000350513	3969.18
0.00035353	4151.36
0.000356547	4326.25
0.000359564	4493.8
0.000362581	4642.98
0.000365598	4774.14
0.000368615	4881.18
0.000371632	4964.57
0.000374649	5025.99
0.000377666	5065.69
0.000380683	5091.09
0.0003837	5103.1
0.000386717	5108.64
0.000389734	5110.87
0.000392751	5114.46
0.000395768	5119.34
0.000398785	5127.84
0.000401802	5139.94
0.000404819	5154.55
0.000407836	5171.68
0.000410853	5189.32
0.00041387	5207.48
0.000416887	5224.64
0.000419904	5240.8
0.000422921	5254.96
0.000425938	5267.32
0.000428955	5271.54
0.000431972	5272.8
0.000434989	5271.09
0.000438006	5254.54
0.000441023	5224.46
0.00044404	5181.32
0.000447057	5120.94
0.000450074	5043.02
0.000453091	4948.09
0.000456108	4835.84
0.000459125	4710.46
0.000462142	4571.84
0.000465159	4425.48
0.000468176	4271.57
0.000471193	4114.35
0.00047421	3954.15
0.000477227	3793.19
0.000480244	3631.68
0.000483261	3470.92
0.000486278	3310.93
0.000489295	3153.38
0.000492312	2998.29
0.000495329	2847.71
0.000498346	2701.82
0.000501363	2561.89
0.00050438	2428.25
0.000507397	2300.34
0.000510414	2178.39
0.000513431	2060.4
0.000516448	1946.23
0.000519465	1834.09
0.000522482	1723.57
0.000525499	1614.63
0.000528516	1506.89
0.000531533	1402.21
0.00053455	1300.61
0.000537567	1204.37
0.000540584	1113.94
0.000543601	1030.33
0.000546618	954.082
0.000549635	884.303
0.000552652	821.211
0.000555669	762.75
0.000558686	708.678
0.000561703	657.092
0.00056472	607.479
0.000567737	559.005
0.000570754	511.212
0.000573771	464.421
0.000576788	418.459
0.000579805	374.271
0.000582822	331.992
0.000585839	292.513
0.000588856	256.137
0.000591873	223.25
0.00059489	194.13
0.000597907	168.564
0.000600924	146.666
0.000603941	127.817
0.000606958	111.925
0.000609975	98.2802
0.000612992	86.6449
0.000616009	76.4837
0.000619026	67.5277
0.000622043	59.5387
0.00062506	52.3254
0.000628077	45.8892
0.000631094	40.1685
0.000634111	35.2267
0.000637128	31.0986
0.000640145	27.7418
0.000643162	25.1939
0.000646179	23.2611
0.000649196	21.9009
0.000652213	20.8583
0.00065523	20.0016
0.000658247	19.1518
0.000661264	18.1545
0.000664281	16.9816
0.000667298	15.5407
0.000670315	13.9241
0.000673332	12.1389
0.000676349	10.3066
0.000679366	8.50431
0.000682383	6.8071
0.0006854	5.29942
0.000688417	3.99037
0.000691434	2.92522
0.000694451	2.07149
0.000697468	1.41154
0.000700485	0.951429
