0.000500379	3.5362e-220
0.000510437	3.96046e-213
0.000520494	1.58419e-212
0.000530551	1.28539e-205
0.000540608	5.19415e-205
0.000550665	3.05276e-198
0.000560722	1.24641e-197
0.000570779	5.30544e-191
0.000580836	2.18901e-190
0.000590893	6.7471e-184
0.00060095	2.81367e-183
0.000611007	6.27882e-177
0.000621064	2.64689e-176
0.000631121	4.27565e-170
0.000641178	1.82238e-169
0.000651235	2.13053e-163
0.000661292	9.18285e-163
0.000671349	7.76839e-157
0.000681406	3.38653e-156
0.000691463	2.07268e-150
0.00070152	9.14048e-150
0.000711577	4.04656e-144
0.000721634	1.8056e-143
0.000731691	5.78087e-138
0.000741748	2.61041e-137
0.000751806	6.04296e-132
0.000761863	2.76207e-131
0.00077192	4.62224e-126
0.000781977	2.13893e-125
0.000792034	2.58702e-120
0.000802091	1.21225e-119
0.000812148	1.05947e-114
0.000822205	5.02837e-114
0.000832262	3.17481e-109
0.000842319	1.5265e-108
0.000852376	6.96119e-104
0.000862433	3.39157e-103
0.00087249	1.11682e-98
0.000882547	5.51493e-98
0.000892604	1.31103e-93
0.000902661	6.56317e-93
0.000912718	1.12608e-88
0.000922775	5.7164e-88
0.000932832	7.07711e-84
0.000942889	3.64389e-83
0.000952946	3.25436e-79
0.000963003	1.69997e-78
0.00097306	1.09496e-74
0.000983117	5.80434e-74
0.000993175	2.69559e-70
0.00100323	1.45043e-69
0.00101329	4.8555e-66
0.00102335	2.65262e-65
0.0010334	6.3994e-62
0.00104346	3.55047e-61
0.00105352	6.17129e-58
0.00106357	3.47802e-57
0.00107363	4.35465e-54
0.00108369	2.49351e-53
0.00109374	2.24846e-50
0.0011038	1.30835e-49
0.00111386	8.49559e-47
0.00112392	5.02428e-46
0.00113397	2.34916e-43
0.00114403	1.41209e-42
0.00115409	4.75431e-40
0.00116414	2.90461e-39
0.0011742	7.04354e-37
0.00118426	4.37278e-36
0.00119432	7.64051e-34
0.00120437	4.81811e-33
0.00121443	6.07049e-31
0.00122449	3.88554e-30
0.00123454	3.53425e-28
0.0012446	2.29348e-27
0.00125466	1.50878e-25
0.00126471	9.9088e-25
0.00127477	4.72716e-23
0.00128483	3.13368e-22
0.00129489	1.08832e-20
0.00130494	7.25485e-20
0.001315	1.84424e-18
0.00132506	1.22967e-17
0.00133511	2.30533e-16
0.00134517	1.52619e-15
0.00135523	2.13163e-14
0.00136529	1.38735e-13
0.00137534	1.46297e-12
0.0013854	9.23986e-12
0.00139546	7.48165e-11
0.00140551	4.51083e-10
0.00141557	2.86284e-09
0.00142563	1.61536e-08
0.00143568	8.22864e-08
0.00144574	4.24765e-07
0.0014558	1.78207e-06
0.00146586	8.21414e-06
0.00147591	2.91313e-05
0.00148597	0.00011708
0.00149603	0.000359573
0.00150608	0.00123414
0.00151614	0.00334903
0.0015262	0.00966839
0.00153625	0.0235234
0.00154631	0.0567107
0.00155637	0.125117
0.00156643	0.253043
0.00157648	0.51451
0.00158654	0.906932
0.0015966	1.55825
0.00160665	2.46875
0.00161671	3.7476
0.00162677	5.39687
0.00163683	7.48536
0.00164688	10.0133
0.00165694	13.0511
0.001667	16.5993
0.00167705	20.7274
0.00168711	25.4391
0.00169717	30.7595
0.00170722	36.6858
0.00171728	43.2738
0.00172734	50.5031
0.0017374	58.6281
0.00174745	67.6091
0.00175751	78.0902
0.00176757	90.0431
0.00177762	104.485
0.00178768	121.525
0.00179774	141.544
0.00180779	164.819
0.00181785	189.779
0.00182791	216.513
0.00183797	242.528
0.00184802	267.429
0.00185808	290.758
0.00186814	312.054
0.00187819	333.503
0.00188825	355.258
0.00189831	378.99
0.00190837	405.338
0.00191842	432.854
0.00192848	461.774
0.00193854	489.164
0.00194859	514.576
0.00195865	536.477
0.00196871	554.405
0.00197876	568.312
0.00198882	578.636
0.00199888	582.682
0.00200894	583.727
0.00201899	583.758
0.00202905	579.493
0.00203911	572.55
0.00204916	564.133
0.00205922	552.438
0.00206928	537.245
0.00207933	517.551
0.00208939	492.552
0.00209945	464.006
0.00210951	431.809
0.00211956	398.813
0.00212962	365.799
0.00213968	334.404
0.00214973	305.484
0.00215979	279.088
0.00216985	255.714
0.00217991	234.14
0.00218996	214.207
0.00220002	194.642
0.00221008	174.704
0.00222013	154.671
0.00223019	134.196
0.00224025	114.519
0.0022503	96.1217
0.00226036	79.4328
0.00227042	64.9027
0.00228048	52.1906
0.00229053	41.2365
0.00230059	31.9168
0.00231065	24.1438
0.0023207	17.904
0.00233076	13.2723
0.00234082	9.88388
0.00235088	7.6445
0.00236093	6.10023
0.00237099	4.94697
0.00238105	4.03776
0.0023911	3.15681
0.00240116	2.37559
0.00241122	1.67561
0.00242127	1.09641
0.00243133	0.67603
0.00244139	0.378851
0.00245145	0.195582
0.0024615	0.0969188
0.00247156	0.0418755
0.00248162	0.0182573
0.00249167	0.00645526
0.00250173	0.00252124
