0.000500379	1.37496e-29
0.000507084	2.74634e-28
0.000513789	1.05729e-27
0.000520493	1.85455e-26
0.000527198	7.0613e-26
0.000533903	1.07579e-24
0.000540607	4.0961e-24
0.000547312	5.42869e-23
0.000554017	2.06374e-22
0.000560721	2.38374e-21
0.000567426	9.03116e-21
0.000574131	9.11063e-20
0.000580835	3.43278e-19
0.00058754	3.03187e-18
0.000594244	1.13337e-17
0.000600949	8.78829e-17
0.000607654	3.25039e-16
0.000614358	2.21972e-15
0.000621063	8.09744e-15
0.000627768	4.88736e-14
0.000634472	1.75238e-13
0.000641177	9.38463e-13
0.000647882	3.29455e-12
0.000654586	1.57223e-11
0.000661291	5.3812e-11
0.000667995	2.29906e-10
0.0006747	7.6367e-10
0.000681405	2.93559e-09
0.000688109	9.41699e-09
0.000694814	3.27418e-08
0.000701519	1.00911e-07
0.000708223	3.19078e-07
0.000714928	9.39812e-07
0.000721633	2.71751e-06
0.000728337	7.60803e-06
0.000735042	2.02289e-05
0.000741746	5.35429e-05
0.000748451	0.000131614
0.000755156	0.00032765
0.00076186	0.00074837
0.000768565	0.00174376
0.00077527	0.00371805
0.000781974	0.00807301
0.000788679	0.0161343
0.000795384	0.0325219
0.000802088	0.061772
0.000808793	0.114672
0.000815497	0.207928
0.000822202	0.355189
0.000828907	0.598646
0.000835611	0.954428
0.000842316	1.4939
0.000849021	2.22709
0.000855725	3.23762
0.00086243	4.51636
0.000869135	6.10536
0.000875839	7.97104
0.000882544	10.0434
0.000889249	12.2796
0.000895953	14.4774
0.000902658	16.6175
0.000909362	18.4614
0.000916067	20.038
0.000922772	21.2613
0.000929476	22.1995
0.000936181	23.064
0.000942886	23.9213
0.00094959	25.2405
0.000956295	27.0466
0.000963	29.8419
0.000969704	33.6052
0.000976409	38.6293
0.000983113	44.8791
0.000989818	52.3778
0.000996523	61.119
0.00100323	71.0526
0.00100993	82.2195
0.00101664	94.8298
0.00102334	108.95
0.00103005	125.263
0.00103675	143.811
0.00104346	165.59
0.00105016	190.58
0.00105686	219.551
0.00106357	252.43
0.00107027	289.183
0.00107698	329.735
0.00108368	373.137
0.00109039	419.357
0.00109709	467.024
0.0011038	516.155
0.0011105	565.666
0.00111721	615.595
0.00112391	665.574
0.00113062	715.638
0.00113732	766.317
0.00114402	817.637
0.00115073	871.329
0.00115743	927.398
0.00116414	989.131
0.00117084	1056.5
0.00117755	1133.97
0.00118425	1221.51
0.00119096	1323
0.00119766	1438.48
0.00120437	1568.83
0.00121107	1714.18
0.00121778	1870.89
0.00122448	2039.13
0.00123119	2211.53
0.00123789	2388.16
0.00124459	2560.64
0.0012513	2728.88
0.001258	2886.46
0.00126471	3033.18
0.00127141	3165.82
0.00127812	3284.2
0.00128482	3387.06
0.00129153	3474.4
0.00129823	3545.22
0.00130494	3600.52
0.00131164	3628.39
0.00131835	3640.59
0.00132505	3639.52
0.00133175	3607.67
0.00133846	3554.94
0.00134516	3482.43
0.00135187	3395.21
0.00135857	3293.1
0.00136528	3185.29
0.00137198	3072.31
0.00137869	2961.52
0.00138539	2853.99
0.0013921	2751.75
0.0013988	2655.76
0.00140551	2562.74
0.00141221	2472.93
0.00141891	2381.11
0.00142562	2286.67
0.00143232	2186.54
0.00143903	2079.75
0.00144573	1967.45
0.00145244	1849.01
0.00145914	1728.87
0.00146585	1607.17
0.00147255	1489.07
0.00147926	1375.37
0.00148596	1269.55
0.00149267	1172.59
0.00149937	1085.25
0.00150608	1008.23
0.00151278	939.99
0.00151948	880.657
0.00152619	827.76
0.00153289	780.912
0.0015396	738.062
0.0015463	698.636
0.00155301	661.587
0.00155971	626.494
0.00156642	593.014
0.00157312	560.976
0.00157983	530.179
0.00158653	500.555
0.00159324	471.889
0.00159994	444.073
0.00160664	417.103
0.00161335	390.885
0.00162005	365.696
0.00162676	341.591
0.00163346	318.805
0.00164017	297.516
0.00164687	277.539
0.00165358	258.966
0.00166028	241.229
0.00166699	224.17
0.00167369	207.294
0.0016804	190.278
0.0016871	173.131
0.00169381	155.639
0.00170051	138.298
0.00170721	121.201
0.00171392	104.916
0.00172062	89.763
0.00172733	75.9887
0.00173403	63.8839
0.00174074	53.3129
0.00174744	44.3459
0.00175415	36.6915
0.00176085	30.2196
0.00176756	24.7116
0.00177426	19.988
0.00178097	15.959
0.00178767	12.5087
0.00179437	9.60554
0.00180108	7.20116
0.00180778	5.2528
0.00181449	3.72814
0.00182119	2.56345
0.0018279	1.67979
0.0018346	1.1042
