0.000500379	41.4301
0.000507922	42.4289
0.000515465	42.8496
0.000523008	42.7458
0.00053055	42.4299
0.000538093	41.7814
0.000545636	40.9307
0.000553179	40.0583
0.000560721	39.1877
0.000568264	38.427
0.000575807	37.7429
0.00058335	37.1628
0.000590892	36.6147
0.000598435	36.0381
0.000605978	35.3759
0.000613521	34.5267
0.000621063	33.4888
0.000628606	32.1944
0.000636149	30.7028
0.000643692	29.0368
0.000651234	27.2873
0.000658777	25.5735
0.00066632	23.9741
0.000673862	22.6225
0.000681405	21.6378
0.000688948	21.1966
0.000696491	21.0275
0.000704033	21.3358
0.000711576	22.2174
0.000719119	23.4393
0.000726662	24.9926
0.000734204	26.7572
0.000741747	28.6962
0.00074929	30.6744
0.000756833	32.688
0.000764375	34.6483
0.000771918	36.5765
0.000779461	38.4593
0.000787004	40.3223
0.000794546	42.2119
0.000802089	44.1391
0.000809632	46.1611
0.000817175	48.268
0.000824717	50.4784
0.00083226	52.7701
0.000839803	55.1043
0.000847345	57.4619
0.000854888	59.7683
0.000862431	62.0186
0.000869974	64.1462
0.000877516	66.1624
0.000885059	68.0478
0.000892602	69.8251
0.000900145	71.5406
0.000907687	73.2234
0.00091523	74.9871
0.000922773	76.8627
0.000930316	79.0239
0.000937858	81.4973
0.000945401	84.4965
0.000952944	88.0342
0.000960487	92.3176
0.000968029	97.3393
0.000975572	103.231
0.000983115	109.968
0.000990658	117.549
0.0009982	125.948
0.00100574	135.035
0.00101329	144.8
0.00102083	155.075
0.00102837	165.876
0.00103591	177.135
0.00104346	188.889
0.001051	201.282
0.00105854	214.354
0.00106608	228.471
0.00107363	243.656
0.00108117	260.387
0.00108871	278.664
0.00109626	298.907
0.0011038	321.095
0.00111134	345.441
0.00111888	371.919
0.00112643	400.471
0.00113397	431.077
0.00114151	463.447
0.00114906	497.569
0.0011566	533.022
0.00116414	569.806
0.00117168	607.493
0.00117923	646.092
0.00118677	685.308
0.00119431	725.155
0.00120185	765.615
0.0012094	806.704
0.00121694	848.825
0.00122448	891.99
0.00123203	937.12
0.00123957	984.214
0.00124711	1034.65
0.00125465	1088.42
0.0012622	1147.06
0.00126974	1210.56
0.00127728	1280.02
0.00128482	1355.47
0.00129237	1436.92
0.00129991	1524.41
0.00130745	1616.42
0.001315	1713.02
0.00132254	1811.23
0.00133008	1911.09
0.00133762	2008.95
0.00134517	2104.79
0.00135271	2195.29
0.00136025	2280.37
0.00136779	2357.94
0.00137534	2427.87
0.00138288	2489.42
0.00139042	2542.51
0.00139797	2587.22
0.00140551	2623.53
0.00141305	2651.99
0.00142059	2673.43
0.00142814	2680.21
0.00143568	2681.83
0.00144322	2680.51
0.00145076	2663.94
0.00145831	2637.7
0.00146585	2602.94
0.00147339	2559.17
0.00148094	2506.28
0.00148848	2445.79
0.00149602	2377.67
0.00150356	2304.03
0.00151111	2224.98
0.00151865	2142.67
0.00152619	2057.29
0.00153373	1970.57
0.00154128	1882.74
0.00154882	1794.93
0.00155636	1707.33
0.00156391	1620.57
0.00157145	1534.76
0.00157899	1450.28
0.00158653	1367.16
0.00159408	1285.73
0.00160162	1205.99
0.00160916	1128.33
0.0016167	1052.76
0.00162425	979.733
0.00163179	909.3
0.00163933	841.924
0.00164688	777.685
0.00165442	716.97
0.00166196	659.885
0.0016695	606.628
0.00167705	557.309
0.00168459	511.842
0.00169213	470.304
0.00169968	432.289
0.00170722	397.8
0.00171476	366.191
0.0017223	337.358
0.00172985	310.601
0.00173739	285.725
0.00174493	262.187
0.00175247	239.761
0.00176002	218.195
0.00176756	197.313
0.0017751	177.156
0.00178265	157.649
0.00179019	139.006
0.00179773	121.262
0.00180527	104.643
0.00181282	89.247
0.00182036	75.1991
0.0018279	62.5972
0.00183544	51.4262
0.00184299	41.7363
0.00185053	33.4013
0.00185807	26.4068
0.00186562	20.572
0.00187316	15.829
0.0018807	11.9945
0.00188824	8.97168
0.00189579	6.60598
0.00190333	4.79583
0.00191087	3.42722
0.00191841	2.41027
0.00192596	1.66959
0.0019335	1.13487
0.00194104	0.761152
0.00194859	0.498778
0.00195613	0.323654
0.00196367	0.203883
0.00197121	0.127972
0.00197876	0.0772501
0.0019863	0.0469258
0.00199384	0.0251283
0.00200138	0.0159229
