0.000500379	6.9423e-15
0.000506246	3.18724e-14
0.000512113	1.06663e-13
0.000517979	4.69964e-13
0.000523846	1.46841e-12
0.000529712	5.92176e-12
0.000535579	1.81141e-11
0.000541445	6.70663e-11
0.000547312	2.00234e-10
0.000553178	6.82828e-10
0.000559045	1.98349e-09
0.000564911	6.25103e-09
0.000570778	1.76082e-08
0.000576644	5.14627e-08
0.000582511	1.40094e-07
0.000588378	3.81056e-07
0.000594244	9.99012e-07
0.000600111	2.53791e-06
0.000605977	6.38562e-06
0.000611844	1.52046e-05
0.00061771	3.65894e-05
0.000623577	8.19378e-05
0.000629443	0.000187963
0.00063531	0.000397172
0.000641176	0.000865776
0.000647043	0.00173148
0.000652909	0.00357615
0.000658776	0.00678793
0.000664643	0.0132487
0.000670509	0.024219
0.000676376	0.0442126
0.000682242	0.0778137
0.000688109	0.132882
0.000693975	0.222058
0.000699842	0.358046
0.000705708	0.566935
0.000711575	0.865261
0.000717441	1.29673
0.000723308	1.8765
0.000729174	2.66133
0.000735041	3.65637
0.000740908	4.91151
0.000746774	6.41532
0.000752641	8.17914
0.000758507	10.1789
0.000764374	12.366
0.00077024	14.7226
0.000776107	17.1622
0.000781973	19.6985
0.00078784	22.2887
0.000793706	24.9916
0.000799573	27.9161
0.000805439	31.1515
0.000811306	35.0175
0.000817173	39.5932
0.000823039	45.3477
0.000828906	52.3059
0.000834772	60.8999
0.000840639	71.0826
0.000846505	83.0231
0.000852372	96.6257
0.000858238	111.669
0.000864105	128.066
0.000869971	145.292
0.000875838	163.335
0.000881704	181.696
0.000887571	200.469
0.000893438	219.633
0.000899304	239.36
0.000905171	260.431
0.000911037	283.017
0.000916904	308.637
0.00092277	337.369
0.000928637	370.935
0.000934503	409.283
0.00094037	453.562
0.000946236	503.629
0.000952103	559.512
0.000957969	621.071
0.000963836	687.263
0.000969703	758.029
0.000975569	831.912
0.000981436	908.943
0.000987302	988.065
0.000993169	1069.35
0.000999035	1152.57
0.0010049	1237.76
0.00101077	1325.32
0.00101663	1415.24
0.0010225	1507.86
0.00102837	1603.12
0.00103423	1700.65
0.0010401	1800.38
0.00104597	1900.86
0.00105183	2002.08
0.0010577	2101.6
0.00106357	2199.45
0.00106943	2292.78
0.0010753	2381.63
0.00108117	2463.6
0.00108703	2538.7
0.0010929	2605.86
0.00109877	2665.06
0.00110463	2717.07
0.0011105	2761.85
0.00111637	2801.7
0.00112223	2836.58
0.0011281	2869.22
0.00113397	2899.62
0.00113983	2929.41
0.0011457	2958.69
0.00115157	2987.02
0.00115743	3014.49
0.0011633	3038.7
0.00116916	3059.7
0.00117503	3074.07
0.0011809	3081.54
0.00118676	3081.68
0.00119263	3070.91
0.0011985	3050
0.00120436	3019
0.00121023	2978.83
0.0012161	2929.32
0.00122196	2873.29
0.00122783	2810.71
0.0012337	2745.17
0.00123956	2676.76
0.00124543	2608.84
0.0012513	2541.64
0.00125716	2477.35
0.00126303	2416.27
0.0012689	2358.86
0.00127476	2305.42
0.00128063	2254.72
0.0012865	2206.89
0.00129236	2159.59
0.00129823	2112.78
0.0013041	2063.71
0.00130996	2012.19
0.00131583	1955.82
0.00132169	1894.26
0.00132756	1826.11
0.00133343	1750.96
0.00133929	1668.9
0.00134516	1579.56
0.00135103	1484.76
0.00135689	1384.36
0.00136276	1281.58
0.00136863	1176.63
0.00137449	1073.2
0.00138036	971.87
0.00138623	875.604
0.00139209	785.166
0.00139796	702.023
0.00140383	626.83
0.00140969	559.476
0.00141556	500.29
0.00142143	448.102
0.00142729	402.872
0.00143316	363.071
0.00143903	328.399
0.00144489	297.505
0.00145076	269.99
0.00145663	244.931
0.00146249	221.962
0.00146836	200.609
0.00147422	180.613
0.00148009	161.852
0.00148596	144.194
0.00149182	127.728
0.00149769	112.435
0.00150356	98.4517
0.00150942	85.8336
0.00151529	74.614
0.00152116	64.861
0.00152702	56.4369
0.00153289	49.353
0.00153876	43.3411
0.00154462	38.3233
0.00155049	34.0177
0.00155636	30.2822
0.00156222	26.932
0.00156809	23.8255
0.00157396	20.9121
0.00157982	18.1082
0.00158569	15.454
0.00159156	12.9384
0.00159742	10.6177
0.00160329	8.52411
0.00160916	6.67922
0.00161502	5.11547
0.00162089	3.81229
0.00162675	2.77598
0.00163262	1.96424
0.00163849	1.35623
0.00164435	0.911051
0.00165022	0.59488
0.00165609	0.379834
0.00166195	0.224194
0.00166782	0.142247
