0.000166815	1.53102e-53
0.00017352	1.81648e-51
0.000180225	7.21999e-51
0.000186929	7.28704e-49
0.000193634	2.915e-48
0.000200339	2.49793e-46
0.000207043	1.00761e-45
0.000213748	7.33279e-44
0.000220453	2.98199e-43
0.000227157	1.84356e-41
0.000233862	7.55594e-41
0.000240566	3.97e-39
0.000247271	1.63926e-38
0.000253976	7.32361e-37
0.00026068	3.04509e-36
0.000267385	1.15752e-34
0.00027409	4.84344e-34
0.000280794	1.56773e-32
0.000287499	6.5967e-32
0.000294204	1.81992e-30
0.000300908	7.6937e-30
0.000307613	1.81122e-28
0.000314317	7.68422e-28
0.000321022	1.54579e-26
0.000327727	6.57269e-26
0.000334431	1.1317e-24
0.000341136	4.81496e-24
0.000347841	7.11006e-23
0.000354545	3.02119e-22
0.00036125	3.83495e-21
0.000367955	1.62381e-20
0.000374659	1.77663e-19
0.000381364	7.47659e-19
0.000388068	7.07308e-18
0.000394773	2.94938e-17
0.000401478	2.4213e-16
0.000408182	9.96943e-16
0.000414887	7.1315e-15
0.000421592	2.88792e-14
0.000428296	1.80839e-13
0.000435001	7.17042e-13
0.000441706	3.95067e-12
0.00044841	1.52628e-11
0.000455115	7.44064e-11
0.000461819	2.78577e-10
0.000468524	1.20891e-09
0.000475229	4.36104e-09
0.000481933	1.69545e-08
0.000488638	5.85728e-08
0.000495343	2.05361e-07
0.000502047	6.75164e-07
0.000508752	2.14923e-06
0.000515457	6.6819e-06
0.000522161	1.94415e-05
0.000528866	5.68024e-05
0.000535571	0.00015204
0.000542275	0.000414993
0.00054898	0.00102806
0.000555684	0.00260732
0.000562389	0.00601064
0.000569094	0.0140977
0.000575798	0.0303854
0.000582503	0.065659
0.000589208	0.132816
0.000595912	0.263698
0.000602617	0.509146
0.000609322	0.925437
0.000616026	1.68098
0.000622731	2.82684
0.000629435	4.72921
0.00063614	7.43615
0.000642845	11.4971
0.000649549	16.9275
0.000656254	24.2894
0.000662959	33.5424
0.000669663	44.9302
0.000676368	58.3775
0.000683073	73.5741
0.000689777	90.4729
0.000696482	108.412
0.000703186	127.419
0.000709891	147.102
0.000716596	167.537
0.0007233	189.082
0.000730005	211.785
0.00073671	236.521
0.000743414	263.272
0.000750119	292.676
0.000756824	324.694
0.000763528	359.34
0.000770233	396.612
0.000776937	436.435
0.000783642	478.844
0.000790347	524.548
0.000797051	573.571
0.000803756	627.462
0.000810461	686.203
0.000817165	751.037
0.00082387	821.936
0.000830575	898.511
0.000837279	980.76
0.000843984	1066.66
0.000850689	1156.21
0.000857393	1247.32
0.000864098	1339.98
0.000870802	1433.66
0.000877507	1528.33
0.000884212	1625.08
0.000890916	1723.9
0.000897621	1825.87
0.000904326	1931.04
0.00091103	2039.02
0.000917735	2149.88
0.00092444	2262.22
0.000931144	2376
0.000937849	2490.5
0.000944553	2605.61
0.000951258	2721.84
0.000957963	2839.24
0.000964667	2957.8
0.000971372	3077.81
0.000978077	3196.31
0.000984781	3313.67
0.000991486	3423.37
0.000998191	3525.54
0.0010049	3612.19
0.0010116	3683.86
0.0010183	3726.38
0.00102501	3746.7
0.00103171	3747.36
0.00103842	3711.08
0.00104512	3646.33
0.00105183	3554.31
0.00105853	3440.74
0.00106524	3305.29
0.00107194	3159.15
0.00107865	3002.94
0.00108535	2847.28
0.00109206	2693.59
0.00109876	2547.87
0.00110546	2411.58
0.00111217	2285.42
0.00111887	2170.17
0.00112558	2063.39
0.00113228	1965.15
0.00113899	1872.18
0.00114569	1784.19
0.0011524	1698.02
0.0011591	1613.21
0.00116581	1527.13
0.00117251	1439.08
0.00117922	1348.08
0.00118592	1253.32
0.00119263	1156.59
0.00119933	1057.5
0.00120603	960.149
0.00121274	865.066
0.00121944	776.207
0.00122615	694.85
0.00123285	622.384
0.00123956	559.97
0.00124626	505.974
0.00125297	460.658
0.00125967	420.971
0.00126638	386.215
0.00127308	353.989
0.00127979	323.237
0.00128649	293.242
0.00129319	263.276
0.0012999	234.005
0.0013066	205.332
0.00131331	178.312
0.00132001	153.324
0.00132672	130.933
0.00133342	111.591
0.00134013	95.0879
0.00134683	81.6024
0.00135354	70.4293
0.00136024	61.388
0.00136695	53.7755
0.00137365	47.2137
0.00138035	41.3359
0.00138706	35.8108
0.00139376	30.6248
0.00140047	25.6393
0.00140717	20.9977
0.00141388	16.735
0.00142058	12.9495
0.00142729	9.73083
0.00143399	7.05687
0.0014407	4.96722
0.0014474	3.36196
0.00145411	2.20436
0.00146081	1.39105
0.00146752	0.844398
0.00147422	0.497855
0.00148092	0.277071
0.00148763	0.153758
0.00149433	0.0691197
0.00150104	0.0409067
