0.000100103	1.21138e-19
0.000103622	9.9873e-19
0.000107142	3.63151e-18
0.000110662	2.73653e-17
0.000114182	9.57953e-17
0.000117702	6.42438e-16
0.000121222	2.22363e-15
0.000124742	1.33088e-14
0.000128261	4.54206e-14
0.000131781	2.43368e-13
0.000135301	8.16449e-13
0.000138821	3.92962e-12
0.000142341	1.29154e-11
0.000145861	5.60458e-11
0.000149381	1.79809e-10
0.0001529	7.06282e-10
0.00015642	2.20323e-09
0.00015994	7.86661e-09
0.00016346	2.37618e-08
0.00016698	7.74616e-08
0.0001705	2.25583e-07
0.00017402	6.74481e-07
0.000177539	1.88528e-06
0.000181059	5.1941e-06
0.000184579	1.38718e-05
0.000188099	3.53793e-05
0.000191619	8.98723e-05
0.000195139	0.000213155
0.000198659	0.000512765
0.000202178	0.00113586
0.000205698	0.00257678
0.000209218	0.00535272
0.000212738	0.0114073
0.000216258	0.0223022
0.000219778	0.0444968
0.000223298	0.0830123
0.000226817	0.153636
0.000230337	0.274913
0.000233857	0.470686
0.000237377	0.790869
0.000240897	1.26882
0.000244417	1.99811
0.000247937	3.01151
0.000251456	4.44149
0.000254976	6.29821
0.000258496	8.70339
0.000262016	11.6237
0.000265536	15.0757
0.000269056	18.9867
0.000272576	23.1884
0.000276095	27.612
0.000279615	31.9411
0.000283135	36.1708
0.000286655	40.037
0.000290175	43.6238
0.000293695	46.9769
0.000297214	50.2261
0.000300734	53.8225
0.000304254	57.8587
0.000307774	62.995
0.000311294	69.2392
0.000314814	77.1077
0.000318334	86.5593
0.000321853	97.7827
0.000325373	110.779
0.000328893	125.622
0.000332413	142.426
0.000335933	161.669
0.000339453	183.57
0.000342973	209.495
0.000346492	239.695
0.000350012	276.543
0.000353532	320.219
0.000357052	373.714
0.000360572	437.056
0.000364092	513.003
0.000367612	601.39
0.000371131	703.594
0.000374651	819.292
0.000378171	947.396
0.000381691	1087.54
0.000385211	1235.74
0.000388731	1391.75
0.000392251	1549.55
0.00039577	1709.15
0.00039929	1864.75
0.00040281	2016.59
0.00040633	2161.94
0.00040985	2301.13
0.00041337	2436.27
0.00041689	2567.6
0.000420409	2701.31
0.000423929	2837.41
0.000427449	2982.78
0.000430969	3137.26
0.000434489	3304.18
0.000438009	3483.4
0.000441529	3672.53
0.000445048	3871.51
0.000448568	4073.68
0.000452088	4279.07
0.000455608	4480.66
0.000459128	4678.47
0.000462648	4868.41
0.000466168	5050.44
0.000469687	5223.41
0.000473207	5387.34
0.000476727	5541.22
0.000480247	5685.16
0.000483767	5815.51
0.000487287	5932.41
0.000490807	6029.75
0.000494326	6107.84
0.000497846	6155.7
0.000501366	6179.14
0.000504886	6178.83
0.000508406	6143.31
0.000511926	6080.98
0.000515446	5992.21
0.000518965	5882.93
0.000522485	5753.08
0.000526005	5610.62
0.000529525	5455.81
0.000533045	5295.14
0.000536565	5129.01
0.000540085	4961.45
0.000543604	4792.86
0.000547124	4624.93
0.000550644	4457.97
0.000554164	4291.92
0.000557684	4126.94
0.000561204	3961.95
0.000564724	3796.89
0.000568243	3630.89
0.000571763	3463.71
0.000575283	3295.86
0.000578803	3127.11
0.000582323	2959.29
0.000585843	2792.49
0.000589362	2628.47
0.000592882	2467.57
0.000596402	2310.3
0.000599922	2156.89
0.000603442	2007
0.000606962	1860.52
0.000610482	1717.79
0.000614001	1578.54
0.000617521	1444.65
0.000621041	1316.14
0.000624561	1195.54
0.000628081	1083.34
0.000631601	981.032
0.000635121	889.256
0.00063864	807.599
0.00064216	736.405
0.00064568	673.898
0.0006492	619.94
0.00065272	572.515
0.00065624	531.202
0.00065976	494.384
0.000663279	461.638
0.000666799	431.682
0.000670319	404.171
0.000673839	377.969
0.000677359	352.71
0.000680879	327.568
0.000684399	302.113
0.000687918	276.246
0.000691438	249.63
0.000694958	223.058
0.000698478	196.52
0.000701998	171.317
0.000705518	147.848
0.000709038	127.166
0.000712557	109.887
0.000716077	96.1887
0.000719597	86.367
0.000723117	80.2325
0.000726637	76.951
0.000730157	76.0092
0.000733677	76.4766
0.000737196	76.8307
0.000740716	76.6606
0.000744236	76.1923
0.000747756	73.8654
0.000751276	69.6525
0.000754796	64.0266
0.000758316	57.3383
0.000761835	49.7941
0.000765355	41.9978
0.000768875	34.3794
0.000772395	27.2557
0.000775915	21.0092
0.000779435	15.6475
0.000782955	11.3454
0.000786474	7.94205
0.000789994	5.40772
0.000793514	3.56317
0.000797034	2.20883
0.000800554	1.41303
