3.33898e-05	28.0375
3.48982e-05	31.265
3.64066e-05	34.3347
3.7915e-05	37.285
3.94234e-05	40.0038
4.09318e-05	42.3918
4.24402e-05	44.4276
4.39487e-05	46.0368
4.54571e-05	47.2585
4.69655e-05	48.0757
4.84739e-05	48.5849
4.99823e-05	48.85
5.14907e-05	49.0194
5.29991e-05	49.2626
5.45076e-05	49.6851
5.6016e-05	50.5357
5.75244e-05	52.0461
5.90328e-05	54.403
6.05412e-05	57.7581
6.20496e-05	62.3838
6.3558e-05	68.3622
6.50665e-05	75.9274
6.65749e-05	85.1154
6.80833e-05	96.0928
6.95917e-05	108.856
7.11001e-05	123.49
7.26085e-05	139.961
7.41169e-05	158.272
7.56253e-05	178.367
7.71338e-05	200.174
7.86422e-05	223.616
8.01506e-05	248.551
8.1659e-05	274.89
8.31674e-05	302.423
8.46758e-05	331.057
8.61842e-05	360.523
8.76927e-05	390.743
8.92011e-05	421.418
9.07095e-05	452.496
9.22179e-05	483.7
9.37263e-05	515.021
9.52347e-05	546.263
9.67431e-05	577.462
9.82516e-05	608.558
9.976e-05	639.619
0.000101268	670.746
0.000102777	702.012
0.000104285	733.656
0.000105794	765.737
0.000107302	798.56
0.00010881	832.153
0.000110319	866.802
0.000111827	902.5
0.000113336	939.429
0.000114844	977.554
0.000116353	1016.9
0.000117861	1057.43
0.000119369	1099
0.000120878	1141.56
0.000122386	1184.86
0.000123895	1228.86
0.000125403	1273.25
0.000126911	1318
0.00012842	1362.82
0.000129928	1407.73
0.000131437	1452.54
0.000132945	1497.25
0.000134453	1541.84
0.000135962	1586.31
0.00013747	1630.76
0.000138979	1675.2
0.000140487	1719.75
0.000141996	1764.41
0.000143504	1809.23
0.000145012	1854.19
0.000146521	1899.15
0.000148029	1944.1
0.000149538	1988.65
0.000151046	2032.79
0.000152554	2075.96
0.000154063	2118.15
0.000155571	2158.75
0.00015708	2197.76
0.000158588	2234.65
0.000160097	2269.45
0.000161605	2301.82
0.000163113	2331.78
0.000164622	2359.17
0.00016613	2384
0.000167639	2406.17
0.000169147	2425.67
0.000170655	2442.24
0.000172164	2455.88
0.000173672	2466.31
0.000175181	2473.44
0.000176689	2474.21
0.000178197	2472.28
0.000179706	2467.35
0.000181214	2454.58
0.000182723	2436.29
0.000184231	2412.47
0.00018574	2382.62
0.000187248	2346.74
0.000188756	2305.28
0.000190265	2258.23
0.000191773	2206.65
0.000193282	2150.54
0.00019479	2091.33
0.000196298	2029.01
0.000197807	1965.12
0.000199315	1899.66
0.000200824	1833.97
0.000202332	1768.06
0.000203841	1702.91
0.000205349	1638.56
0.000206857	1575.6
0.000208366	1514.05
0.000209874	1454.2
0.000211383	1396.07
0.000212891	1339.76
0.000214399	1285.27
0.000215908	1232.61
0.000217416	1181.79
0.000218925	1132.79
0.000220433	1085.61
0.000221941	1040.22
0.00022345	996.628
0.000224958	954.753
0.000226467	914.605
0.000227975	876.045
0.000229484	839.079
0.000230992	803.497
0.0002325	769.299
0.000234009	736.229
0.000235517	704.277
0.000237026	673.185
0.000238534	642.932
0.000240042	613.305
0.000241551	584.276
0.000243059	555.705
0.000244568	527.566
0.000246076	499.797
0.000247585	472.379
0.000249093	445.318
0.000250601	418.604
0.00025211	392.294
0.000253618	366.385
0.000255127	340.968
0.000256635	316.046
0.000258143	291.739
0.000259652	268.055
0.00026116	245.138
0.000262669	223.004
0.000264177	201.815
0.000265685	181.595
0.000267194	162.504
0.000268702	144.576
0.000270211	127.935
0.000271719	112.624
0.000273228	98.6935
0.000274736	86.1835
0.000276244	75.0532
0.000277753	65.3245
0.000279261	56.8646
0.00028077	49.668
0.000282278	43.5354
0.000283786	38.4299
0.000285295	34.1286
0.000286803	30.5686
0.000288312	27.5484
0.00028982	24.9922
0.000291329	22.752
0.000292837	20.7559
0.000294345	18.9207
0.000295854	17.1922
0.000297362	15.5437
0.000298871	13.9448
0.000300379	12.4047
0.000301887	10.9156
0.000303396	9.49932
0.000304904	8.16265
0.000306413	6.92345
0.000307921	5.79337
0.000309429	4.77821
0.000310938	3.88681
0.000312446	3.11304
0.000313955	2.45898
0.000315463	1.91113
0.000316972	1.46477
0.00031848	1.10437
0.000319988	0.820791
0.000321497	0.600341
0.000323005	0.432403
0.000324514	0.306891
0.000326022	0.214073
0.00032753	0.1475
0.000329039	0.0995675
0.000330547	0.0666476
0.000332056	0.0421421
0.000333564	0.0283108
