0.000500379	4.47279e-87
0.000507922	8.60124e-84
0.000515465	3.43915e-83
0.000523008	5.34287e-80
0.00053055	2.1576e-79
0.000538093	2.70723e-76
0.000545636	1.10443e-75
0.000553179	1.11911e-72
0.000560721	4.61264e-72
0.000568264	3.77413e-69
0.000575807	1.57184e-68
0.00058335	1.0384e-65
0.000590892	4.37033e-65
0.000598435	2.33089e-62
0.000605978	9.9144e-62
0.000613521	4.26871e-59
0.000621063	1.83512e-58
0.000628606	6.37819e-56
0.000636149	2.77147e-55
0.000643692	7.77571e-53
0.000651234	3.4151e-52
0.000658777	7.73466e-50
0.00066632	3.43356e-49
0.000673862	6.27804e-47
0.000681405	2.81666e-46
0.000688948	4.15832e-44
0.000696491	1.88527e-43
0.000704033	2.24781e-41
0.000711576	1.02959e-40
0.000719119	9.91738e-39
0.000726662	4.58784e-38
0.000734204	3.57182e-36
0.000741747	1.66805e-35
0.00074929	1.05029e-33
0.000756833	4.94847e-33
0.000764375	2.52207e-31
0.000771918	1.19783e-30
0.000779461	4.94704e-29
0.000787004	2.36588e-28
0.000794546	7.929e-27
0.000802089	3.81303e-26
0.000809632	1.03886e-24
0.000817175	5.01459e-24
0.000824717	1.11321e-22
0.00083226	5.38152e-22
0.000839803	9.76198e-21
0.000847345	4.71298e-20
0.000854888	7.0106e-19
0.000862431	3.36845e-18
0.000869974	4.1266e-17
0.000877516	1.96489e-16
0.000885059	1.99282e-15
0.000892602	9.35532e-15
0.000900145	7.90408e-14
0.000907687	3.63614e-13
0.00091523	2.57782e-12
0.000922773	1.15385e-11
0.000930316	6.92153e-11
0.000937858	2.98997e-10
0.000945401	1.5319e-09
0.000952944	6.32862e-09
0.000960487	2.79793e-08
0.000968029	1.09451e-07
0.000975572	4.22134e-07
0.000983115	1.54738e-06
0.000990658	5.26508e-06
0.0009982	1.7894e-05
0.00100574	5.43159e-05
0.00101329	0.000169398
0.00102083	0.000463597
0.00102837	0.00131434
0.00103591	0.00327424
0.00104346	0.00837164
0.001051	0.0191395
0.00105854	0.0438762
0.00106608	0.0926575
0.00107363	0.189862
0.00108117	0.37837
0.00108871	0.693912
0.00109626	1.27187
0.0011038	2.12854
0.00111134	3.51777
0.00111888	5.44775
0.00112643	8.22831
0.00113397	11.8569
0.00114151	16.5984
0.00114906	22.4443
0.0011566	29.5483
0.00116414	37.9021
0.00117168	47.551
0.00117923	58.4866
0.00118677	70.6224
0.00119431	83.9505
0.00120185	98.1927
0.0012094	113.351
0.00121694	129.122
0.00122448	145.523
0.00123203	162.928
0.00123957	181.356
0.00124711	202.933
0.00125465	227.646
0.0012622	259.81
0.00126974	299.387
0.00127728	351.586
0.00128482	416.403
0.00129237	497.351
0.00129991	594.517
0.00130745	707.762
0.001315	837.257
0.00132254	978.711
0.00133008	1132.35
0.00133762	1289.77
0.00134517	1451.18
0.00135271	1605.17
0.00136025	1751.65
0.00136779	1880.64
0.00137534	1991.46
0.00138288	2082.24
0.00139042	2151.98
0.00139797	2209.95
0.00140551	2255.61
0.00141305	2304.48
0.00142059	2357.16
0.00142814	2425.19
0.00143568	2510.12
0.00144322	2611.63
0.00145076	2731.18
0.00145831	2856.91
0.00146585	2989.13
0.00147339	3111.99
0.00148094	3224.46
0.00148848	3315.98
0.00149602	3387.76
0.00150356	3417.09
0.00151111	3426.53
0.00151865	3425.27
0.00152619	3386.4
0.00153373	3327.78
0.00154128	3253.63
0.00154882	3167.56
0.00155636	3070.27
0.00156391	2966.28
0.00157145	2856.13
0.00157899	2743.58
0.00158653	2629.16
0.00159408	2515.89
0.00160162	2404.58
0.00160916	2295.87
0.0016167	2190.52
0.00162425	2086.2
0.00163179	1982.79
0.00163933	1877.78
0.00164688	1770.12
0.00165442	1660.81
0.00166196	1549.13
0.0016695	1439.32
0.00167705	1332.14
0.00168459	1230.54
0.00169213	1136.1
0.00169968	1047.26
0.00170722	964.558
0.00171476	884.255
0.0017223	805.188
0.00172985	726.157
0.00173739	645.756
0.00174493	566.717
0.00175247	489.018
0.00176002	416.646
0.00176756	350.991
0.0017751	294.067
0.00178265	247.457
0.00179019	210.079
0.00179773	182.54
0.00180527	161.725
0.00181282	146.893
0.00182036	134.992
0.0018279	124.47
0.00183544	113.997
0.00184299	102.251
0.00185053	89.7893
0.00185807	76.2573
0.00186562	62.9639
0.00187316	50.4327
0.0018807	39.4843
0.00188824	30.8476
0.00189579	24.4097
0.00190333	20.1571
0.00191087	18.5156
0.00191841	18.3306
0.00192596	18.275
0.0019335	18.8189
0.00194104	19.295
0.00194859	18.9999
0.00195613	18.1585
0.00196367	16.4932
0.00197121	14.2893
0.00197876	11.7948
0.0019863	9.24745
0.00199384	6.98813
0.00200138	4.9001
