0.000500379	1.068e-107
0.000507922	3.70361e-103
0.000515465	1.48141e-102
0.000523008	3.80667e-98
0.00053055	1.53819e-97
0.000538093	2.92837e-93
0.000545636	1.19556e-92
0.000553179	1.68604e-88
0.000560721	6.95604e-88
0.000568264	7.26559e-84
0.000575807	3.02958e-83
0.00058335	2.34334e-79
0.000590892	9.87718e-79
0.000598435	5.65665e-75
0.000605978	2.41053e-74
0.000613521	1.02199e-70
0.000621063	4.40376e-70
0.000628606	1.38196e-66
0.000636149	6.02233e-66
0.000643692	1.39867e-62
0.000651234	6.16508e-62
0.000658777	1.05951e-58
0.00066632	4.7244e-58
0.000673862	6.00725e-55
0.000681405	2.71013e-54
0.000688948	2.54941e-51
0.000696491	1.16379e-50
0.000704033	8.09864e-48
0.000711576	3.74111e-47
0.000719119	1.92583e-44
0.000726662	9.00276e-44
0.000734204	3.42839e-41
0.000741747	1.62184e-40
0.00074929	4.56958e-38
0.000756833	2.18728e-37
0.000764375	4.56078e-35
0.000771918	2.20842e-34
0.000779461	3.40932e-32
0.000787004	1.66938e-31
0.000794546	1.90934e-29
0.000802089	9.44824e-29
0.000809632	8.01397e-27
0.000817175	4.00406e-26
0.000824717	2.52225e-24
0.00083226	1.27072e-23
0.000839803	5.95666e-22
0.000847345	3.02032e-21
0.000854888	1.05656e-19
0.000862431	5.37767e-19
0.000869974	1.40928e-17
0.000877516	7.17429e-17
0.000885059	1.4158e-15
0.000892602	7.17383e-15
0.000900145	1.07349e-13
0.000907687	5.37904e-13
0.00091523	6.1586e-12
0.000922773	3.02624e-11
0.000930316	2.68157e-10
0.000937858	1.2785e-09
0.000945401	8.89297e-09
0.000952944	4.06041e-08
0.000960487	2.25487e-07
0.000968029	9.70839e-07
0.000975572	4.3884e-06
0.000983115	1.75097e-05
0.000990658	6.57922e-05
0.0009982	0.000238827
0.00100574	0.000762198
0.00101329	0.00247187
0.00102083	0.00683966
0.00102837	0.0194979
0.00103591	0.0476313
0.00104346	0.117858
0.001051	0.257874
0.00105854	0.549662
0.00106608	1.12213
0.00107363	2.05842
0.00108117	3.68511
0.00108871	6.00434
0.00109626	9.35269
0.0011038	13.6783
0.00111134	18.8646
0.00111888	24.8482
0.00112643	30.8898
0.00113397	36.986
0.00114151	42.3563
0.00114906	47.0667
0.0011566	51.1661
0.00116414	54.7227
0.00117168	58.7672
0.00117923	63.3282
0.00118677	69.9243
0.00119431	78.5619
0.00120185	91.0089
0.0012094	107.256
0.00121694	129.105
0.00122448	156.529
0.00123203	190.628
0.00123957	231.385
0.00124711	279.059
0.00125465	333.65
0.0012622	395.282
0.00126974	463.962
0.00127728	539.282
0.00128482	621.278
0.00129237	707.831
0.00129991	798.98
0.00130745	891.694
0.001315	985.914
0.00132254	1080.5
0.00133008	1175.31
0.00133762	1272.56
0.00134517	1372.2
0.00135271	1477.4
0.00136025	1588.34
0.00136779	1705.48
0.00137534	1829.02
0.00138288	1957.04
0.00139042	2089.55
0.00139797	2224.78
0.00140551	2362.92
0.00141305	2500.21
0.00142059	2637.15
0.00142814	2764.27
0.00143568	2881.43
0.00144322	2979
0.00145076	3055.54
0.00145831	3112.03
0.00146585	3147.19
0.00147339	3171.8
0.00148094	3186.52
0.00148848	3198.96
0.00149602	3211.49
0.00150356	3216.54
0.00151111	3217.94
0.00151865	3216.63
0.00152619	3195.53
0.00153373	3159.29
0.00154128	3109.21
0.00154882	3048.76
0.00155636	2978.41
0.00156391	2901.43
0.00157145	2818.93
0.00157899	2729.24
0.00158653	2632.17
0.00159408	2527.16
0.00160162	2413.35
0.00160916	2294.52
0.0016167	2170.79
0.00162425	2046.51
0.00163179	1922.68
0.00163933	1800.94
0.00164688	1682.06
0.00165442	1565.58
0.00166196	1451.48
0.0016695	1339.64
0.00167705	1229.55
0.00168459	1123.3
0.00169213	1020.91
0.00169968	925.41
0.00170722	837.895
0.00171476	758.878
0.0017223	689.42
0.00172985	626.776
0.00173739	570.642
0.00174493	518.185
0.00175247	468.196
0.00176002	420.102
0.00176756	373.128
0.0017751	328.265
0.00178265	285.557
0.00179019	246.106
0.00179773	210.424
0.00180527	178.787
0.00181282	151.68
0.00182036	128.287
0.0018279	108.559
0.00183544	91.3857
0.00184299	76.2108
0.00185053	62.6093
0.00185807	50.1102
0.00186562	38.9536
0.00187316	29.116
0.0018807	20.8033
0.00188824	14.211
0.00189579	9.13271
0.00190333	5.59854
0.00191087	3.19675
0.00191841	1.70489
0.00192596	0.87706
0.0019335	0.399121
0.00194104	0.1865
0.00194859	0.0758206
0.00195613	0.030291
0.00196367	0.0111742
0.00197121	0.00373402
0.00197876	0.00127121
0.0019863	0.000347907
0.00199384	0.000105302
0.00200138	2.4434e-05
