0.000500379	5.76677e-62
0.000507084	2.71081e-59
0.000513789	1.08259e-58
0.000520493	4.1124e-56
0.000527198	1.65734e-55
0.000533903	5.08473e-53
0.000540607	2.06906e-52
0.000547312	5.12699e-50
0.000554017	2.10645e-49
0.000560721	4.21597e-47
0.000567426	1.74881e-46
0.000574131	2.82747e-44
0.000580835	1.184e-43
0.00058754	1.54665e-41
0.000594244	6.53695e-41
0.000600949	6.90114e-39
0.000607654	2.94319e-38
0.000614358	2.51206e-36
0.000621063	1.08064e-35
0.000627768	7.46077e-34
0.000634472	3.2357e-33
0.000641177	1.80824e-31
0.000647882	7.90097e-31
0.000654586	3.57722e-29
0.000661291	1.57334e-28
0.000667995	5.7779e-27
0.0006747	2.55507e-26
0.000681405	7.62213e-25
0.000688109	3.38396e-24
0.000694814	8.21573e-23
0.000701519	3.65513e-22
0.000708223	7.23932e-21
0.000714928	3.21992e-20
0.000721633	5.2179e-19
0.000728337	2.31352e-18
0.000735042	3.0786e-17
0.000741746	1.35583e-16
0.000748451	1.48811e-15
0.000755156	6.48147e-15
0.00076186	5.89874e-14
0.000768565	2.52764e-13
0.00077527	1.91952e-12
0.000781974	8.0423e-12
0.000788679	5.13382e-11
0.000795384	2.08803e-10
0.000802088	1.12986e-09
0.000808793	4.42462e-09
0.000815497	2.04868e-08
0.000822202	7.65454e-08
0.000828907	3.06389e-07
0.000835611	1.08151e-06
0.000842316	3.78314e-06
0.000849021	1.24866e-05
0.000855725	3.85975e-05
0.00086243	0.000117892
0.000869135	0.000325578
0.000875839	0.000911177
0.000882544	0.00227166
0.000889249	0.00577391
0.000895953	0.0131173
0.000902658	0.0300651
0.000909362	0.0627393
0.000916067	0.129076
0.000922772	0.253939
0.000929476	0.466509
0.000936181	0.845859
0.000942886	1.41287
0.00094959	2.31904
0.000956295	3.58025
0.000963	5.38804
0.000969704	7.7537
0.000976409	10.8755
0.000983113	14.7736
0.000989818	19.6987
0.000996523	25.6933
0.00100323	33.2126
0.00100993	42.3051
0.00101664	53.7057
0.00102334	67.4196
0.00103005	84.1744
0.00103675	103.903
0.00104346	126.719
0.00105016	152.537
0.00105686	180.604
0.00106357	210.923
0.00107027	242.723
0.00107698	276.116
0.00108368	311.73
0.00109039	349.664
0.00109709	392.078
0.0011038	438.941
0.0011105	492.006
0.00111721	551.157
0.00112391	615.694
0.00113062	685.549
0.00113732	757.886
0.00114402	832.729
0.00115073	907.522
0.00115743	982.31
0.00116414	1056.9
0.00117084	1131.29
0.00117755	1207.87
0.00118425	1286.62
0.00119096	1371.16
0.00119766	1461.48
0.00120437	1560.39
0.00121107	1667.95
0.00121778	1784.29
0.00122448	1909.54
0.00123119	2040.64
0.00123789	2177.7
0.00124459	2316.04
0.0012513	2455.61
0.001258	2592.59
0.00126471	2726.85
0.00127141	2856.57
0.00127812	2981.66
0.00128482	3101.23
0.00129153	3215.34
0.00129823	3322.24
0.00130494	3422.08
0.00131164	3511.46
0.00131835	3590.52
0.00132505	3655.38
0.00133175	3708.69
0.00133846	3721.23
0.00134516	3721.17
0.00135187	3715.99
0.00135857	3662.91
0.00136528	3583.18
0.00137198	3480.6
0.00137869	3360.74
0.00138539	3223.49
0.0013921	3080.78
0.0013988	2933.68
0.00140551	2790.19
0.00141221	2651.83
0.00141891	2520.06
0.00142562	2395.8
0.00143232	2276.46
0.00143903	2161.96
0.00144573	2049.88
0.00145244	1939.64
0.00145914	1831.14
0.00146585	1724.02
0.00147255	1619.65
0.00147926	1518.14
0.00148596	1420.59
0.00149267	1327.28
0.00149937	1238.48
0.00150608	1154.33
0.00151278	1074.78
0.00151948	999.835
0.00152619	929.521
0.00153289	863.872
0.0015396	802.767
0.0015463	746.296
0.00155301	693.878
0.00155971	645.527
0.00156642	600.269
0.00157312	557.922
0.00157983	517.604
0.00158653	479.005
0.00159324	441.737
0.00159994	405.566
0.00160664	370.504
0.00161335	336.477
0.00162005	303.613
0.00162676	271.884
0.00163346	241.581
0.00164017	212.688
0.00164687	185.805
0.00165358	161.081
0.00166028	139.124
0.00166699	120.299
0.00167369	104.614
0.0016804	92.3881
0.0016871	82.8011
0.00169381	75.7735
0.00170051	70.1208
0.00170721	65.3038
0.00171392	60.5554
0.00172062	55.2209
0.00172733	49.3598
0.00173403	42.6669
0.00174074	35.7281
0.00174744	28.7303
0.00175415	22.1618
0.00176085	16.4165
0.00176756	11.5644
0.00177426	7.84042
0.00178097	5.0289
0.00178767	3.09886
0.00179437	1.81366
0.00180108	1.00179
0.00180778	0.541382
0.00181449	0.262631
0.00182119	0.133635
0.0018279	0.0537837
0.0018346	0.0271666
