0.000166815	6.43052e-40
0.00017352	2.09137e-38
0.000180225	8.17258e-38
0.000186929	2.33875e-36
0.000193634	9.11575e-36
0.000200339	2.27946e-34
0.000207043	8.92373e-34
0.000213748	1.95141e-32
0.000220453	7.66699e-32
0.000227157	1.46758e-30
0.000233862	5.78138e-30
0.000240566	9.69756e-29
0.000247271	3.82621e-28
0.000253976	5.63141e-27
0.00026068	2.22251e-26
0.000267385	2.87448e-25
0.00027409	1.13308e-24
0.000280794	1.29001e-23
0.000287499	5.07022e-23
0.000294204	5.09136e-22
0.000300908	1.99137e-21
0.000307613	1.76771e-20
0.000314317	6.86506e-20
0.000321022	5.40084e-19
0.000327727	2.07739e-18
0.000334431	1.45255e-17
0.000341136	5.51807e-17
0.000347841	3.44013e-16
0.000354545	1.28668e-15
0.00036125	7.17716e-15
0.000367955	2.63383e-14
0.000374659	1.31955e-13
0.000381364	4.73333e-13
0.000388068	2.13871e-12
0.000394773	7.46859e-12
0.000401478	3.05691e-11
0.000408182	1.03477e-10
0.000414887	3.85443e-10
0.000421592	1.259e-09
0.000428296	4.28852e-09
0.000435001	1.34539e-08
0.000441706	4.21145e-08
0.00044841	1.26295e-07
0.000455115	3.65104e-07
0.000461819	1.04168e-06
0.000468524	2.79467e-06
0.000475229	7.55132e-06
0.000481933	1.88898e-05
0.000488638	4.81306e-05
0.000495343	0.000112762
0.000502047	0.000269874
0.000508752	0.000594594
0.000515457	0.00133219
0.000522161	0.00277035
0.000528866	0.00579561
0.000535571	0.0114121
0.000542275	0.0222546
0.00054898	0.0420569
0.000555684	0.0761797
0.000562389	0.137395
0.000569094	0.23281
0.000575798	0.393939
0.000582503	0.631572
0.000589208	1.00624
0.000595912	1.53245
0.000602617	2.31047
0.000609322	3.35782
0.000616026	4.82271
0.000622731	6.72533
0.000629435	9.2709
0.00063614	12.4815
0.000642845	16.6303
0.000649549	21.7363
0.000656254	28.132
0.000662959	35.8209
0.000669663	45.1188
0.000676368	56.0005
0.000683073	68.591
0.000689777	82.8366
0.000696482	98.465
0.000703186	115.417
0.000709891	132.952
0.000716596	151.043
0.0007233	168.711
0.000730005	185.98
0.00073671	202.15
0.000743414	217.287
0.000750119	231.493
0.000756824	244.837
0.000763528	258.38
0.000770233	272.15
0.000776937	287.747
0.000783642	305.152
0.000790347	325.737
0.000797051	349.469
0.000803756	376.941
0.000810461	408.135
0.000817165	442.933
0.00082387	481.335
0.000830575	523.028
0.000837279	568.013
0.000843984	616.172
0.000850689	667.506
0.000857393	721.981
0.000864098	779.604
0.000870802	839.999
0.000877507	903.184
0.000884212	968.241
0.000890916	1035.18
0.000897621	1102.87
0.000904326	1171.28
0.00091103	1239.63
0.000917735	1307.89
0.00092444	1375.76
0.000931144	1443.26
0.000937849	1510.01
0.000944553	1576.07
0.000951258	1640.07
0.000957963	1702.09
0.000964667	1759.55
0.000971372	1812.42
0.000978077	1858.02
0.000984781	1896.16
0.000991486	1925.92
0.000998191	1947.38
0.0010049	1958.62
0.0010116	1963.81
0.0010183	1964.17
0.00102501	1957.73
0.00103171	1946.59
0.00103842	1931.26
0.00104512	1910.63
0.00105183	1884.81
0.00105853	1852.11
0.00106524	1812.27
0.00107194	1765.02
0.00107865	1709.92
0.00108535	1649.25
0.00109206	1582.82
0.00109876	1514.7
0.00110546	1445.19
0.00111217	1378.16
0.00111887	1314.3
0.00112558	1255.48
0.00113228	1202.43
0.00113899	1154.44
0.00114569	1111.9
0.0011524	1072.31
0.0011591	1035.53
0.00116581	998.776
0.00117251	961.492
0.00117922	921.992
0.00118592	879.626
0.00119263	834.442
0.00119933	786.04
0.00120603	735.858
0.00121274	683.938
0.00121944	632.139
0.00122615	580.873
0.00123285	531.467
0.00123956	484.433
0.00124626	440.161
0.00125297	398.987
0.00125967	360.585
0.00126638	324.999
0.00127308	291.74
0.00127979	260.647
0.00128649	231.505
0.00129319	204.145
0.0012999	178.698
0.0013066	155.127
0.00131331	133.692
0.00132001	114.488
0.00132672	97.6284
0.00133342	83.2371
0.00134013	71.1667
0.00134683	61.4583
0.00135354	53.7627
0.00136024	48.0019
0.00136695	43.7475
0.00137365	40.8324
0.00138035	38.8401
0.00138706	37.559
0.00139376	36.6381
0.00140047	35.852
0.00140717	34.9683
0.00141388	33.7797
0.00142058	32.2232
0.00142729	30.1617
0.00143399	27.7009
0.0014407	24.8226
0.0014474	21.7218
0.00145411	18.4975
0.00146081	15.3203
0.00146752	12.3417
0.00147422	9.63497
0.00148092	7.31974
0.00148763	5.37457
0.00149433	3.82063
0.00150104	2.65068
