0.000166815	90.5551
0.000171844	92.6893
0.000176872	95.1295
0.000181901	97.8663
0.000186929	100.927
0.000191958	104.325
0.000196986	108.096
0.000202014	112.268
0.000207043	116.896
0.000212071	122.031
0.0002171	127.747
0.000222128	134.126
0.000227157	141.252
0.000232185	149.236
0.000237214	158.154
0.000242242	168.139
0.00024727	179.242
0.000252299	191.59
0.000257327	205.196
0.000262356	220.148
0.000267384	236.41
0.000272413	254
0.000277441	272.835
0.000282469	292.836
0.000287498	313.89
0.000292526	335.819
0.000297555	358.504
0.000302583	381.692
0.000307612	405.285
0.00031264	429.006
0.000317669	452.798
0.000322697	476.418
0.000327725	499.859
0.000332754	522.968
0.000337782	545.781
0.000342811	568.264
0.000347839	590.48
0.000352868	612.514
0.000357896	634.436
0.000362924	656.421
0.000367953	678.528
0.000372981	700.976
0.00037801	723.805
0.000383038	747.233
0.000388067	771.277
0.000393095	796.116
0.000398123	821.751
0.000403152	848.299
0.00040818	875.746
0.000413209	904.135
0.000418237	933.441
0.000423266	963.63
0.000428294	994.667
0.000433323	1026.44
0.000438351	1058.91
0.000443379	1091.88
0.000448408	1125.34
0.000453436	1159.03
0.000458465	1192.94
0.000463493	1226.84
0.000468522	1260.72
0.00047355	1294.41
0.000478578	1327.93
0.000483607	1361.24
0.000488635	1394.38
0.000493664	1427.47
0.000498692	1460.56
0.000503721	1493.95
0.000508749	1527.67
0.000513778	1562.13
0.000518806	1597.33
0.000523834	1633.67
0.000528863	1671.14
0.000533891	1709.99
0.00053892	1750.18
0.000543948	1791.7
0.000548977	1834.49
0.000554005	1878.2
0.000559033	1922.77
0.000564062	1967.51
0.00056909	2012.37
0.000574119	2056.41
0.000579147	2099.61
0.000584176	2140.91
0.000589204	2180.31
0.000594233	2216.85
0.000599261	2250.54
0.000604289	2280.66
0.000609318	2307.24
0.000614346	2329.93
0.000619375	2348.73
0.000624403	2363.7
0.000629432	2374.84
0.00063446	2382.66
0.000639488	2387.12
0.000644517	2387.49
0.000649545	2386
0.000654574	2382.67
0.000659602	2376.18
0.000664631	2367.9
0.000669659	2357.81
0.000674688	2346.06
0.000679716	2332.66
0.000684744	2317.58
0.000689773	2300.82
0.000694801	2282.13
0.00069983	2261.52
0.000704858	2238.59
0.000709887	2213.35
0.000714915	2185.38
0.000719943	2154.68
0.000724972	2120.93
0.00073	2084.12
0.000735029	2044.14
0.000740057	2000.95
0.000745086	1954.7
0.000750114	1905.37
0.000755143	1853.36
0.000760171	1798.67
0.000765199	1741.93
0.000770228	1683.15
0.000775256	1623.12
0.000780285	1561.86
0.000785313	1500.22
0.000790342	1438.23
0.00079537	1376.68
0.000800398	1315.59
0.000805427	1255.59
0.000810455	1196.72
0.000815484	1139.36
0.000820512	1083.55
0.000825541	1029.44
0.000830569	977.063
0.000835598	926.377
0.000840626	877.401
0.000845654	830.02
0.000850683	784.227
0.000855711	739.931
0.00086074	697.11
0.000865768	655.763
0.000870797	615.87
0.000875825	577.538
0.000880853	540.758
0.000885882	505.705
0.00089091	472.395
0.000895939	440.997
0.000900967	411.544
0.000905996	384.123
0.000911024	358.776
0.000916052	335.45
0.000921081	314.177
0.000926109	294.752
0.000931138	277.183
0.000936166	261.144
0.000941195	246.606
0.000946223	233.19
0.000951252	220.831
0.00095628	209.172
0.000961308	198.124
0.000966337	187.417
0.000971365	176.958
0.000976394	166.604
0.000981422	156.278
0.000986451	145.969
0.000991479	135.632
0.000996507	125.361
0.00100154	115.152
0.00100656	105.157
0.00101159	95.4071
0.00101662	86.0621
0.00102165	77.1766
0.00102668	68.8717
0.00103171	61.208
0.00103673	54.2423
0.00104176	48.0233
0.00104679	42.5373
0.00105182	37.808
0.00105685	33.7633
0.00106188	30.3963
0.00106691	27.5996
0.00107193	25.3377
0.00107696	23.4941
0.00108199	22.0139
0.00108702	20.7937
0.00109205	19.7713
0.00109708	18.8715
0.0011021	18.0367
0.00110713	17.2251
0.00111216	16.3932
0.00111719	15.5295
0.00112222	14.6095
0.00112725	13.6434
0.00113228	12.6253
0.0011373	11.5764
0.00114233	10.5054
0.00114736	9.43467
0.00115239	8.38112
0.00115742	7.36172
0.00116245	6.40056
0.00116747	5.48938
