0.000500379	7.03937e-21
0.000506246	6.23034e-20
0.000512113	2.28096e-19
0.000517979	1.842e-18
0.000523846	6.51407e-18
0.000529712	4.68167e-17
0.000535579	1.63969e-16
0.000541445	1.05154e-15
0.000547312	3.63807e-15
0.000553178	2.08791e-14
0.000559045	7.11567e-14
0.000564911	3.66629e-13
0.000570778	1.22698e-12
0.000576644	5.69553e-12
0.000582511	1.86544e-11
0.000588378	7.8308e-11
0.000594244	2.50096e-10
0.000600111	9.53266e-10
0.000605977	2.95722e-09
0.000611844	1.02784e-08
0.00061771	3.08458e-08
0.000623577	9.81989e-08
0.000629443	2.83886e-07
0.00063531	8.31592e-07
0.000641176	2.30596e-06
0.000647043	6.24429e-06
0.000652909	1.65373e-05
0.000658776	4.15877e-05
0.000664643	0.000104753
0.000670509	0.000245746
0.000676376	0.000586371
0.000682242	0.0012888
0.000688109	0.0029024
0.000693975	0.00600076
0.000699842	0.0127132
0.000705708	0.0248155
0.000711575	0.0493269
0.000717441	0.0919238
0.000723308	0.170313
0.000729174	0.305704
0.000735041	0.526054
0.000740908	0.890418
0.000746774	1.44255
0.000752641	2.30112
0.000758507	3.5215
0.000764374	5.29698
0.00077024	7.67739
0.000776107	10.9091
0.000781973	15.012
0.00078784	20.2097
0.000793706	26.4763
0.000799573	33.9046
0.000805439	42.4335
0.000811306	51.955
0.000817173	62.4112
0.000823039	73.5382
0.000828906	85.3251
0.000834772	97.5258
0.000840639	110.196
0.000846505	123.324
0.000852372	137.008
0.000858238	151.59
0.000864105	167.152
0.000869971	184.287
0.000875838	203.011
0.000881704	223.858
0.000887571	246.767
0.000893438	271.887
0.000899304	299.14
0.000905171	328.233
0.000911037	359.152
0.000916904	391.537
0.00092277	425.482
0.000928637	461.166
0.000934503	498.743
0.00094037	539.302
0.000946236	582.955
0.000952103	631.431
0.000957969	684.725
0.000963836	744.356
0.000969703	810.199
0.000975569	882.628
0.000981436	961.474
0.000987302	1045.53
0.000993169	1134.67
0.000999035	1226.49
0.0010049	1320.97
0.00101077	1415.49
0.00101663	1510.09
0.0010225	1602.97
0.00102837	1694.19
0.00103423	1783.18
0.0010401	1869.98
0.00104597	1954.93
0.00105183	2038.05
0.0010577	2119.99
0.00106357	2200.73
0.00106943	2280.73
0.0010753	2359.98
0.00108117	2438.58
0.00108703	2516.54
0.0010929	2593.54
0.00109877	2669.62
0.00110463	2744
0.0011105	2816.71
0.00111637	2886.42
0.00112223	2953.16
0.0011281	3015.14
0.00113397	3072.36
0.00113983	3122.94
0.0011457	3166.87
0.00115157	3202.85
0.00115743	3230.82
0.0011633	3251.03
0.00116916	3263.71
0.00117503	3265.74
0.0011809	3263.33
0.00118676	3257.56
0.00119263	3243.59
0.0011985	3224.36
0.00120436	3200.4
0.00121023	3169.77
0.0012161	3132.57
0.00122196	3086.22
0.00122783	3030.6
0.0012337	2963.84
0.00123956	2885.64
0.00124543	2796.24
0.0012513	2695.32
0.00125716	2585.55
0.00126303	2466.75
0.0012689	2343.31
0.00127476	2215.31
0.00128063	2087.76
0.0012865	1960.98
0.00129236	1839.38
0.00129823	1723.47
0.0013041	1616.01
0.00130996	1517.58
0.00131583	1428.72
0.00132169	1349.87
0.00132756	1279.6
0.00133343	1218.05
0.00133929	1162.69
0.00134516	1113.34
0.00135103	1067.33
0.00135689	1024.28
0.00136276	982.091
0.00136863	940.322
0.00137449	897.765
0.00138036	854.035
0.00138623	808.828
0.00139209	761.893
0.00139796	713.652
0.00140383	664.021
0.00140969	613.877
0.00141556	563.299
0.00142143	513.313
0.00142729	464.125
0.00143316	416.609
0.00143903	371.031
0.00144489	327.911
0.00145076	287.48
0.00145663	249.894
0.00146249	215.279
0.00146836	183.582
0.00147422	154.829
0.00148009	128.924
0.00148596	105.855
0.00149182	85.5248
0.00149769	67.9279
0.00150356	52.8976
0.00150942	40.422
0.00151529	30.2114
0.00152116	22.2038
0.00152702	16.032
0.00153289	11.5669
0.00153876	8.45932
0.00154462	6.35554
0.00155049	5.66146
0.00155636	5.69826
0.00156222	5.80256
0.00156809	6.65179
0.00157396	7.9782
0.00157982	9.43116
0.00158569	10.9324
0.00159156	12.3762
0.00159742	13.6152
0.00160329	14.6042
0.00160916	15.0383
0.00161502	14.9527
0.00162089	14.7111
0.00162675	13.914
0.00163262	12.6685
0.00163849	11.2181
0.00164435	9.63105
0.00165022	8.01897
0.00165609	6.45925
0.00166195	5.07418
0.00166782	3.82189
