0.000500379	9.85481e-41
0.000507084	4.65363e-39
0.000513789	1.83189e-38
0.000520493	7.45126e-37
0.000527198	2.93586e-36
0.000533903	1.0238e-34
0.000540607	4.0566e-34
0.000547312	1.21365e-32
0.000554017	4.83257e-32
0.000560721	1.24148e-30
0.000567426	4.96351e-30
0.000574131	1.09604e-28
0.000580835	4.39539e-28
0.00058754	8.35316e-27
0.000594244	3.3559e-26
0.000600949	5.49686e-25
0.000607654	2.20916e-24
0.000614358	3.1242e-23
0.000621063	1.2539e-22
0.000627768	1.53413e-21
0.000634472	6.13648e-21
0.000641177	6.51082e-20
0.000647882	2.58947e-19
0.000654586	2.38908e-18
0.000661291	9.42215e-18
0.000667995	7.5829e-17
0.0006747	2.95632e-16
0.000681405	2.0828e-15
0.000688109	7.99894e-15
0.000694814	4.95315e-14
0.000701519	1.86646e-13
0.000708223	1.02036e-12
0.000714928	3.75607e-12
0.000721633	1.82171e-11
0.000728337	6.51948e-11
0.000735042	2.82013e-10
0.000741746	9.76101e-10
0.000748451	3.78718e-09
0.000755156	1.26074e-08
0.00076186	4.41354e-08
0.000768565	1.40496e-07
0.00077527	4.46488e-07
0.000781974	1.35106e-06
0.000788679	3.92167e-06
0.000795384	1.12136e-05
0.000802088	2.99095e-05
0.000808793	8.03471e-05
0.000815497	0.000198066
0.000822202	0.000497143
0.000828907	0.00113871
0.000835611	0.00265729
0.000842316	0.00568248
0.000849021	0.0122761
0.000855725	0.0246086
0.00086243	0.0490525
0.000869135	0.0937995
0.000875839	0.171356
0.000882544	0.309621
0.000889249	0.522408
0.000895953	0.87321
0.000902658	1.37728
0.000909362	2.13518
0.000916067	3.15755
0.000922772	4.5615
0.000929476	6.34883
0.000936181	8.61352
0.000942886	11.3552
0.00094959	14.634
0.000956295	18.4621
0.000963	22.9321
0.000969704	28.0719
0.000976409	34.1011
0.000983113	41.0402
0.000989818	49.2043
0.000996523	58.5762
0.00100323	69.3338
0.00100993	81.4261
0.00101664	94.6563
0.00102334	108.987
0.00103005	123.932
0.00103675	139.511
0.00104346	155.411
0.00105016	171.704
0.00105686	188.735
0.00106357	206.581
0.00107027	226.36
0.00107698	248.114
0.00108368	273.443
0.00109039	302.347
0.00109709	336.433
0.0011038	375.668
0.0011105	421.156
0.00111721	472.844
0.00112391	530.819
0.00113062	595.037
0.00113732	664.29
0.00114402	738.567
0.00115073	815.808
0.00115743	896.034
0.00116414	977.662
0.00117084	1060.7
0.00117755	1145.56
0.00118425	1232.2
0.00119096	1323.31
0.00119766	1418.86
0.00120437	1522.11
0.00121107	1633.1
0.00121778	1752.58
0.00122448	1880.73
0.00123119	2013.51
0.00123789	2151.12
0.00124459	2285.26
0.0012513	2415.97
0.001258	2534.44
0.00126471	2640.39
0.00127141	2729.35
0.00127812	2800.77
0.00128482	2856.95
0.00129153	2897.48
0.00129823	2929.36
0.00130494	2952.67
0.00131164	2974.02
0.00131835	2993.97
0.00132505	3014.49
0.00133175	3036.2
0.00133846	3056.24
0.00134516	3075.38
0.00135187	3083.9
0.00135857	3086.81
0.00136528	3085.83
0.00137198	3068.81
0.00137869	3041.56
0.00138539	3005.19
0.0013921	2961.64
0.0013988	2911.04
0.00140551	2856.23
0.00141221	2797.65
0.00141891	2736.34
0.00142562	2672.7
0.00143232	2606.01
0.00143903	2536.4
0.00144573	2462.4
0.00145244	2383.84
0.00145914	2299.82
0.00146585	2209.94
0.00147255	2114.97
0.00147926	2014.56
0.00148596	1911.45
0.00149267	1805.68
0.00149937	1700.83
0.00150608	1597.56
0.00151278	1498.23
0.00151948	1403.75
0.00152619	1313.93
0.00153289	1229.28
0.0015396	1147.74
0.0015463	1069.03
0.00155301	991.319
0.00155971	913.875
0.00156642	836.684
0.00157312	759.244
0.00157983	683.146
0.00158653	608.52
0.00159324	537.205
0.00159994	469.775
0.00160664	407.27
0.00161335	350.252
0.00162005	298.831
0.00162676	253.282
0.00163346	213.189
0.00164017	178.548
0.00164687	148.799
0.00165358	123.793
0.00166028	102.992
0.00166699	86.2148
0.00167369	72.9273
0.0016804	62.9579
0.0016871	55.6687
0.00169381	50.856
0.00170051	47.7433
0.00170721	46.0121
0.00171392	44.9078
0.00172062	43.9887
0.00172733	42.8048
0.00173403	40.9303
0.00174074	38.3765
0.00174744	34.9327
0.00175415	30.9428
0.00176085	26.4887
0.00176756	21.946
0.00177426	17.5728
0.00178097	13.5536
0.00178767	10.123
0.00179437	7.25609
0.00180108	5.0429
0.00180778	3.3609
0.00181449	2.16643
0.00182119	1.34584
0.0018279	0.7635
0.0018346	0.465865
