0.000500379	4.86471e-42
0.000507084	2.18047e-40
0.000513789	8.57595e-40
0.000520493	3.33763e-38
0.000527198	1.31354e-37
0.000533903	4.4166e-36
0.000540607	1.74802e-35
0.000547312	5.08126e-34
0.000554017	2.02115e-33
0.000560721	5.08342e-32
0.000567426	2.03052e-31
0.000574131	4.42301e-30
0.000580835	1.77249e-29
0.00058754	3.34772e-28
0.000594244	1.34445e-27
0.000600949	2.20471e-26
0.000607654	8.86137e-26
0.000614358	1.2637e-24
0.000621063	5.07548e-24
0.000627768	6.30611e-23
0.000634472	2.52637e-22
0.000641177	2.74068e-21
0.000647882	1.09292e-20
0.000654586	1.03778e-19
0.000661291	4.10953e-19
0.000667995	3.42525e-18
0.0006747	1.34324e-17
0.000681405	9.85889e-17
0.000688109	3.81701e-16
0.000694814	2.47593e-15
0.000701519	9.43134e-15
0.000708223	5.42834e-14
0.000714928	2.02668e-13
0.000721633	1.0396e-12
0.000728337	3.78843e-12
0.000735042	1.74023e-11
0.000741746	6.16195e-11
0.000748451	2.54771e-10
0.000755156	8.72388e-10
0.00076186	3.26419e-09
0.000768565	1.07551e-08
0.00077527	3.66228e-08
0.000781974	1.15518e-07
0.000788679	3.60034e-07
0.000795384	1.08163e-06
0.000802088	3.10323e-06
0.000808793	8.83517e-06
0.000815497	2.34653e-05
0.000822202	6.30135e-05
0.000828907	0.000155757
0.000835611	0.000392808
0.000842316	0.000908149
0.000849021	0.00214278
0.000855725	0.00465444
0.00086243	0.0102433
0.000869135	0.0209862
0.000875839	0.0429811
0.000882544	0.0833242
0.000889249	0.158599
0.000895953	0.297345
0.000902658	0.523447
0.000909362	0.921232
0.000916067	1.52314
0.000922772	2.50628
0.000929476	3.91005
0.000936181	6.02681
0.000942886	8.88805
0.00094959	12.8667
0.000956295	17.9656
0.000963	24.5097
0.000969704	32.4631
0.000976409	41.9156
0.000983113	52.8075
0.000989818	64.8761
0.000996523	78.0752
0.00100323	91.8831
0.00100993	106.3
0.00101664	120.859
0.00102334	135.608
0.00103005	150.485
0.00103675	165.557
0.00104346	181.32
0.00105016	197.827
0.00105686	216.011
0.00106357	235.892
0.00107027	258.554
0.00107698	283.991
0.00108368	313.156
0.00109039	346.027
0.00109709	383.23
0.0011038	424.739
0.0011105	470.766
0.00111721	521.291
0.00112391	576.145
0.00113062	635.321
0.00113732	698.428
0.00114402	765.469
0.00115073	836.091
0.00115743	910.303
0.00116414	988.104
0.00117084	1069.49
0.00117755	1155.03
0.00118425	1244.7
0.00119096	1339.37
0.00119766	1439.07
0.00120437	1544.03
0.00121107	1654.31
0.00121778	1768.23
0.00122448	1885.89
0.00123119	2003.16
0.00123789	2120.11
0.00124459	2231.52
0.0012513	2337.28
0.001258	2433.93
0.00126471	2521.18
0.00127141	2599.48
0.00127812	2668.55
0.00128482	2732.32
0.00129153	2790.75
0.00129823	2848.41
0.00130494	2905.57
0.00131164	2964.3
0.00131835	3025.04
0.00132505	3085.93
0.00133175	3147.33
0.00133846	3204.23
0.00134516	3256.69
0.00135187	3299.3
0.00135857	3333.41
0.00136528	3341.52
0.00137198	3338.34
0.00137869	3328.98
0.00138539	3290.01
0.0013921	3232.8
0.0013988	3159.99
0.00140551	3073.21
0.00141221	2972.48
0.00141891	2862.43
0.00142562	2743.4
0.00143232	2619.48
0.00143903	2491.15
0.00144573	2361.35
0.00145244	2230.5
0.00145914	2100.74
0.00146585	1972.3
0.00147255	1847.24
0.00147926	1725.75
0.00148596	1610.11
0.00149267	1500.64
0.00149937	1399.17
0.00150608	1306.26
0.00151278	1222.07
0.00151948	1147.17
0.00152619	1079.58
0.00153289	1019.39
0.0015396	963.452
0.0015463	911.197
0.00155301	860.001
0.00155971	808.964
0.00156642	757.225
0.00157312	704.086
0.00157983	650.374
0.00158653	595.939
0.00159324	542.307
0.00159994	489.801
0.00160664	439.703
0.00161335	392.504
0.00162005	348.855
0.00162676	309.16
0.00163346	273.467
0.00164017	241.992
0.00164687	214.329
0.00165358	190.489
0.00166028	169.819
0.00166699	152.141
0.00167369	136.806
0.0016804	123.53
0.0016871	111.849
0.00169381	101.492
0.00170051	92.1865
0.00170721	83.7458
0.00171392	75.9913
0.00172062	68.7988
0.00172733	62.0331
0.00173403	55.5867
0.00174074	49.4018
0.00174744	43.3928
0.00175415	37.6105
0.00176085	32.0338
0.00176756	26.7776
0.00177426	21.8982
0.00178097	17.4831
0.00178767	13.6194
0.00179437	10.3091
0.00180108	7.60338
0.00180778	5.43028
0.00181449	3.77266
0.00182119	2.53601
0.0018279	1.61463
0.0018346	1.0447
