0.000166815	3.39369e-18
0.000172682	2.30457e-17
0.000178548	8.20017e-17
0.000184415	5.17791e-16
0.000190282	1.75918e-15
0.000196148	9.99918e-15
0.000202015	3.35089e-14
0.000207881	1.71938e-13
0.000213748	5.66768e-13
0.000219614	2.6334e-12
0.000225481	8.51303e-12
0.000231347	3.59367e-11
0.000237214	1.13563e-10
0.00024308	4.37097e-10
0.000248947	1.34558e-09
0.000254813	4.73989e-09
0.00026068	1.4163e-08
0.000266547	4.58386e-08
0.000272413	1.32443e-07
0.00027828	3.95439e-07
0.000284146	1.10053e-06
0.000290013	3.04372e-06
0.000295879	8.12719e-06
0.000301746	2.09067e-05
0.000307612	5.33495e-05
0.000313479	0.000128165
0.000319345	0.000311358
0.000325212	0.000701271
0.000331078	0.00161596
0.000336945	0.00342483
0.000342812	0.00746019
0.000348678	0.0149281
0.000354545	0.0306436
0.000360411	0.0580681
0.000366278	0.11203
0.000372144	0.205328
0.000378011	0.367485
0.000383877	0.641459
0.000389744	1.07496
0.00039561	1.77086
0.000401477	2.79649
0.000407343	4.34092
0.00041321	6.47245
0.000419077	9.46051
0.000424943	13.3328
0.00043081	18.3514
0.000436676	24.4568
0.000442543	31.7202
0.000448409	39.9819
0.000454276	48.9208
0.000460142	58.3323
0.000466009	67.4538
0.000471875	76.1444
0.000477742	83.4451
0.000483608	89.3724
0.000489475	93.3822
0.000495342	95.4313
0.000501208	95.2655
0.000507075	94.1197
0.000512941	92.1304
0.000518808	89.6273
0.000524674	88.1818
0.000530541	87.5431
0.000536407	88.351
0.000542274	92.2208
0.00054814	98.6379
0.000554007	107.705
0.000559873	119.534
0.00056574	134.066
0.000571606	151.018
0.000577473	170.428
0.00058334	192.216
0.000589206	216.509
0.000595073	243.925
0.000600939	274.61
0.000606806	309.982
0.000612672	350.113
0.000618539	396.745
0.000624405	449.833
0.000630272	510.607
0.000636138	578.933
0.000642005	654.831
0.000647871	738.153
0.000653738	827.555
0.000659605	922.939
0.000665471	1022.02
0.000671338	1124.77
0.000677204	1228.7
0.000683071	1333.86
0.000688937	1438.33
0.000694804	1542.18
0.00070067	1644.59
0.000706537	1745.61
0.000712403	1845.43
0.00071827	1944.07
0.000724136	2041.94
0.000730003	2139
0.00073587	2234.78
0.000741736	2329.26
0.000747603	2420.52
0.000753469	2508.57
0.000759336	2590.75
0.000765202	2667.06
0.000771069	2735.63
0.000776935	2796.42
0.000782802	2849.66
0.000788668	2895.29
0.000794535	2935.76
0.000800401	2971.02
0.000806268	3004.5
0.000812135	3036.24
0.000818001	3068.77
0.000823868	3102.22
0.000829734	3136.73
0.000835601	3172.48
0.000841467	3206.95
0.000847334	3240.25
0.0008532	3268.73
0.000859067	3293.03
0.000864933	3301.78
0.0008708	3304.32
0.000876666	3302.5
0.000882533	3281.1
0.0008884	3247.24
0.000894266	3202.03
0.000900133	3145.71
0.000905999	3078.19
0.000911866	3002.03
0.000917732	2917.24
0.000923599	2826.8
0.000929465	2730.83
0.000935332	2632.24
0.000941198	2531.25
0.000947065	2430.24
0.000952931	2329.48
0.000958798	2230.35
0.000964665	2133.14
0.000970531	2037.99
0.000976398	1945.08
0.000982264	1853.69
0.000988131	1763.8
0.000993997	1674.62
0.000999864	1585.98
0.00100573	1497.72
0.0010116	1409.69
0.00101746	1322.48
0.00102333	1236.09
0.0010292	1151.36
0.00103506	1068.44
0.00104093	987.903
0.0010468	909.898
0.00105266	834.61
0.00105853	762.103
0.0010644	692.478
0.00107026	625.718
0.00107613	562.13
0.001082	501.725
0.00108786	444.955
0.00109373	391.93
0.00109959	342.945
0.00110546	298.156
0.00111133	257.481
0.00111719	221.012
0.00112306	188.346
0.00112893	159.444
0.00113479	133.819
0.00114066	111.337
0.00114653	91.6046
0.00115239	74.4783
0.00115826	59.678
0.00116413	47.0973
0.00116999	36.4878
0.00117586	27.7702
0.00118173	20.6651
0.00118759	15.0831
0.00119346	10.7248
0.00119933	7.47211
0.00120519	5.05842
0.00121106	3.35055
0.00121693	2.15526
0.00122279	1.35189
0.00122866	0.826009
0.00123453	0.488525
0.00124039	0.283894
0.00124626	0.157027
0.00125212	0.0874302
0.00125799	0.044895
0.00126386	0.0241358
0.00126972	0.0117115
0.00127559	0.00594466
0.00128146	0.00273332
0.00128732	0.001305
0.00129319	0.000570384
0.00129906	0.000255136
0.00130492	0.000106374
0.00131079	4.43956e-05
0.00131666	1.77218e-05
0.00132252	6.87232e-06
0.00132839	2.42759e-06
0.00133426	9.4602e-07
