0.000500379	2.07504e-118
0.00050876	2.15781e-114
0.000517141	8.63063e-114
0.000525522	7.19765e-110
0.000533903	2.90816e-109
0.000542284	1.9447e-105
0.000550665	7.93879e-105
0.000559045	4.25608e-101
0.000567426	1.75571e-100
0.000575807	7.54506e-97
0.000584188	3.14566e-96
0.000592569	1.08346e-92
0.00060095	4.56598e-92
0.00060933	1.26025e-88
0.000617711	5.36935e-88
0.000626092	1.18742e-84
0.000634473	5.11535e-84
0.000642854	9.06254e-81
0.000651235	3.94819e-80
0.000659615	5.60275e-77
0.000667996	2.46882e-76
0.000676377	2.80584e-73
0.000684758	1.2507e-72
0.000693139	1.13825e-69
0.00070152	5.13326e-69
0.0007099	3.74057e-66
0.000718281	1.70691e-65
0.000726662	9.95793e-63
0.000735043	4.59845e-62
0.000743424	2.14757e-59
0.000751805	1.00369e-58
0.000760186	3.7522e-56
0.000768566	1.77491e-55
0.000776947	5.3114e-53
0.000785328	2.54303e-52
0.000793709	6.09172e-50
0.00080209	2.9521e-49
0.000810471	5.66127e-47
0.000818851	2.77666e-46
0.000827232	4.26356e-44
0.000835613	2.1161e-43
0.000843994	2.60237e-41
0.000852375	1.30672e-40
0.000860756	1.28757e-38
0.000869136	6.5385e-38
0.000877517	5.16486e-36
0.000885898	2.65115e-35
0.000894279	1.68012e-33
0.00090266	8.71109e-33
0.000911041	4.43351e-31
0.000919421	2.31961e-30
0.000927802	9.49382e-29
0.000936183	5.006e-28
0.000944564	1.65053e-26
0.000952945	8.75654e-26
0.000961326	2.33098e-24
0.000969707	1.2416e-23
0.000978087	2.67602e-22
0.000986468	1.42722e-21
0.000994849	2.4994e-20
0.00100323	1.3302e-19
0.00101161	1.90111e-18
0.00101999	1.00541e-17
0.00102837	1.17897e-16
0.00103675	6.16406e-16
0.00104513	5.96885e-15
0.00105351	3.06623e-14
0.0010619	2.47062e-13
0.00107028	1.23797e-12
0.00107866	8.37389e-12
0.00108704	4.05858e-11
0.00109542	2.32786e-10
0.0011038	1.08103e-09
0.00111218	5.31603e-09
0.00112056	2.34105e-08
0.00112894	9.98764e-08
0.00113732	4.12548e-07
0.0011457	1.54579e-06
0.00115409	5.92271e-06
0.00116247	1.97297e-05
0.00117085	6.93695e-05
0.00117923	0.000207848
0.00118761	0.000664044
0.00119599	0.0018086
0.00120437	0.00520691
0.00121275	0.0130084
0.00122113	0.0335377
0.00122951	0.0774087
0.00123789	0.178056
0.00124627	0.381641
0.00125466	0.78252
0.00126304	1.58179
0.00127142	2.91115
0.0012798	5.42693
0.00128818	9.14612
0.00129656	15.3074
0.00130494	23.9078
0.00131332	36.411
0.0013217	52.8003
0.00133008	74.0437
0.00133846	100.132
0.00134684	130.904
0.00135523	166.369
0.00136361	205.37
0.00137199	247.921
0.00138037	292.587
0.00138875	339.372
0.00139713	387.036
0.00140551	435.563
0.00141389	484.205
0.00142227	532.886
0.00143065	582.43
0.00143903	632.672
0.00144741	687.227
0.0014558	745.981
0.00146418	814.285
0.00147256	892.297
0.00148094	983.487
0.00148932	1088.27
0.0014977	1205.51
0.00150608	1335.57
0.00151446	1473.52
0.00152284	1619.47
0.00153122	1767.15
0.0015396	1916.51
0.00154798	2061.06
0.00155637	2200.59
0.00156475	2329.15
0.00157313	2446.14
0.00158151	2548.89
0.00158989	2636.52
0.00159827	2712.11
0.00160665	2775.27
0.00161503	2832.02
0.00162341	2883.13
0.00163179	2930.87
0.00164017	2976.42
0.00164855	3015.93
0.00165694	3051.61
0.00166532	3065.21
0.0016737	3068.16
0.00168208	3066.81
0.00169046	3037.31
0.00169884	2990.15
0.00170722	2928.99
0.0017156	2856.06
0.00172398	2771.79
0.00173236	2680.4
0.00174074	2582.71
0.00174912	2481.24
0.00175751	2376.66
0.00176589	2270.03
0.00177427	2161.74
0.00178265	2052.11
0.00179103	1941.28
0.00179941	1829.28
0.00180779	1716.06
0.00181617	1602.07
0.00182455	1487.11
0.00183293	1372.79
0.00184131	1259.13
0.00184969	1148.68
0.00185808	1041.93
0.00186646	941.279
0.00187484	847.593
0.00188322	762.078
0.0018916	685.632
0.00189998	617.551
0.00190836	558.289
0.00191674	505.457
0.00192512	458.57
0.0019335	415.266
0.00194188	374.344
0.00195026	335.287
0.00195865	297.224
0.00196703	261.324
0.00197541	227.765
0.00198379	197.589
0.00199217	171.528
0.00200055	149.335
0.00200893	131.331
0.00201731	116.482
0.00202569	104.444
0.00203407	94.364
0.00204245	85.7033
0.00205083	78.0115
0.00205922	70.9024
0.0020676	64.1125
0.00207598	57.3537
0.00208436	50.5753
0.00209274	43.5737
0.00210112	36.61
0.0021095	29.7264
0.00211788	23.2699
0.00212626	17.5131
0.00213464	12.5659
0.00214302	8.66183
0.0021514	5.64793
0.00215979	3.44842
0.00216817	2.08925
