3.33898e-05	2.45417e-33
3.59039e-05	6.41524e-32
3.8418e-05	2.49247e-31
4.09322e-05	5.69747e-30
4.34463e-05	2.2002e-29
4.59604e-05	4.36098e-28
4.84746e-05	1.68815e-27
5.09887e-05	2.90489e-26
5.35028e-05	1.12588e-25
5.6017e-05	1.68432e-24
5.85311e-05	6.52707e-24
6.10452e-05	8.50336e-23
6.35594e-05	3.28937e-22
6.60735e-05	3.73908e-21
6.85877e-05	1.44112e-20
7.11018e-05	1.43252e-19
7.36159e-05	5.48923e-19
7.61301e-05	4.7838e-18
7.86442e-05	1.81795e-17
8.11583e-05	1.39307e-16
8.36725e-05	5.23554e-16
8.61866e-05	3.53923e-15
8.87007e-05	1.31131e-14
9.12149e-05	7.8489e-14
9.3729e-05	2.8568e-13
9.62431e-05	1.52024e-12
9.87573e-05	5.41471e-12
0.000101271	2.5732e-11
0.000103786	8.93089e-11
0.0001063	3.80852e-10
0.000108814	1.28223e-09
0.000111328	4.93205e-09
0.000113842	1.60305e-08
0.000116356	5.59186e-08
0.00011887	1.74593e-07
0.000121384	5.5541e-07
0.000123899	1.65744e-06
0.000126413	4.83578e-06
0.000128927	1.37234e-05
0.000131441	3.69303e-05
0.000133955	9.91827e-05
0.000136469	0.000247533
0.000138983	0.000626281
0.000141498	0.00145715
0.000144012	0.00345895
0.000146526	0.00753885
0.00014904	0.0167316
0.000151554	0.0343071
0.000154068	0.0709934
0.000156582	0.137452
0.000159096	0.264713
0.000161611	0.494537
0.000164125	0.87958
0.000166639	1.55033
0.000169153	2.58056
0.000171667	4.2582
0.000174181	6.6778
0.000176695	10.3295
0.00017921	15.2985
0.000181724	22.2336
0.000184238	31.1628
0.000186752	42.6907
0.000189266	56.758
0.00019178	73.6127
0.000194294	93.1373
0.000196809	115.024
0.000199323	139.186
0.000201837	164.945
0.000204351	192.34
0.000206865	220.934
0.000209379	250.913
0.000211893	282.804
0.000214407	316.863
0.000216922	354.918
0.000219436	397.18
0.00022195	446.471
0.000224464	502.873
0.000226978	569.394
0.000229492	645.96
0.000232006	734.727
0.000234521	835.49
0.000237035	948.56
0.000239549	1073.68
0.000242063	1208.75
0.000244577	1353.59
0.000247091	1504.18
0.000249605	1660.51
0.000252119	1818.46
0.000254634	1978.17
0.000257148	2137.74
0.000259662	2297.4
0.000262176	2458.79
0.00026469	2622.04
0.000267204	2791.58
0.000269718	2967.41
0.000272233	3154.18
0.000274747	3351.81
0.000277261	3562.51
0.000279775	3786.21
0.000282289	4021.36
0.000284803	4267.98
0.000287317	4521.28
0.000289831	4781.31
0.000292346	5041.62
0.00029486	5302.26
0.000297374	5556.68
0.000299888	5804.88
0.000302402	6041.39
0.000304916	6266.16
0.00030743	6475.75
0.000309945	6670.04
0.000312459	6848.28
0.000314973	7010.36
0.000317487	7157.61
0.000320001	7290.05
0.000322515	7409.09
0.000325029	7514.87
0.000327544	7606.86
0.000330058	7685.2
0.000332572	7748.15
0.000335086	7796.44
0.0003376	7820.35
0.000340114	7830.73
0.000342628	7830.18
0.000345142	7807.12
0.000347657	7770.44
0.000350171	7721.45
0.000352685	7661.01
0.000355199	7589.69
0.000357713	7505.41
0.000360227	7408.55
0.000362741	7294.07
0.000365256	7161.72
0.00036777	7007.23
0.000370284	6829.71
0.000372798	6629.42
0.000375312	6405.41
0.000377826	6163.6
0.00038034	5903.64
0.000382854	5635.02
0.000385369	5358.36
0.000387883	5082.73
0.000390397	4809.52
0.000392911	4544.03
0.000395425	4287.68
0.000397939	4041.32
0.000400453	3805.7
0.000402968	3579.1
0.000405482	3361.46
0.000407996	3151.07
0.00041051	2947.47
0.000413024	2750.26
0.000415538	2559.09
0.000418052	2374.58
0.000420566	2196.68
0.000423081	2026.25
0.000425595	1863.44
0.000428109	1709.06
0.000430623	1563.28
0.000433137	1426.9
0.000435651	1300.14
0.000438165	1183.49
0.00044068	1077.28
0.000443194	981.164
0.000445708	895.417
0.000448222	818.46
0.000450736	750.246
0.00045325	688.283
0.000455764	631.981
0.000458279	578.94
0.000460793	528.151
0.000463307	478.393
0.000465821	428.706
0.000468335	379.465
0.000470849	330.271
0.000473363	282.55
0.000475877	236.631
0.000478392	193.93
0.000480906	155.203
0.00048342	121.042
0.000485934	92.1046
0.000488448	68.036
0.000490962	49.0308
0.000493476	34.1994
0.000495991	23.2581
0.000498505	15.2945
0.000501019	9.77758
0.000503533	6.0617
0.000506047	3.62529
0.000508561	2.12263
0.000511075	1.17751
0.000513589	0.655523
0.000516104	0.333199
0.000518618	0.178449
0.000521132	0.0851911
0.000523646	0.0426215
0.00052616	0.01918
0.000528674	0.00891698
0.000531188	0.00345317
0.000533703	0.0016319
