0.000500379	9.32483e-43
0.000507084	4.32054e-41
0.000513789	1.70024e-40
0.000520493	6.84248e-39
0.000527198	2.69526e-38
0.000533903	9.37568e-37
0.000540607	3.71465e-36
0.000547312	1.11763e-34
0.000554017	4.45113e-34
0.000560721	1.15921e-32
0.000567426	4.63729e-32
0.000574131	1.04633e-30
0.000580835	4.20061e-30
0.00058754	8.22066e-29
0.000594244	3.30846e-28
0.000600949	5.62306e-27
0.000607654	2.26579e-26
0.000614358	3.34949e-25
0.000621063	1.34932e-24
0.000627768	1.73802e-23
0.000634472	6.98756e-23
0.000641177	7.85852e-22
0.000647882	3.14689e-21
0.000654586	3.09741e-20
0.000661291	1.23257e-19
0.000667995	1.06465e-18
0.0006747	4.19902e-18
0.000681405	3.19265e-17
0.000688109	1.24433e-16
0.000694814	8.35685e-16
0.000701519	3.20788e-15
0.000708223	1.91028e-14
0.000714928	7.19542e-14
0.000721633	3.81539e-13
0.000728337	1.40448e-12
0.000735042	6.66189e-12
0.000741746	2.386e-11
0.000748451	1.01741e-10
0.000755156	3.52871e-10
0.00076186	1.35974e-09
0.000768565	4.54419e-09
0.00077527	1.591e-08
0.000781974	5.09701e-08
0.000788679	1.6305e-07
0.000795384	4.98123e-07
0.000802088	1.46408e-06
0.000808793	4.24311e-06
0.000815497	1.15217e-05
0.000822202	3.15176e-05
0.000828907	7.94843e-05
0.000835611	0.000204252
0.000842316	0.000480756
0.000849021	0.00115556
0.000855725	0.00254981
0.00086243	0.00571137
0.000869135	0.0118602
0.000875839	0.0246831
0.000882544	0.0483918
0.000889249	0.09338
0.000895953	0.17637
0.000902658	0.313897
0.000909362	0.557427
0.000916067	0.927291
0.000922772	1.53394
0.000929476	2.4013
0.000936181	3.70913
0.000942886	5.47621
0.00094959	7.92753
0.000956295	11.0667
0.000963	15.0932
0.000969704	19.994
0.000976409	25.864
0.000983113	32.6847
0.000989818	40.4254
0.000996523	49.0762
0.00100323	58.543
0.00100993	68.8317
0.00101664	79.8862
0.00102334	91.7344
0.00103005	104.496
0.00103675	118.233
0.00104346	133.513
0.00105016	150.435
0.00105686	170.406
0.00106357	193.522
0.00107027	222.125
0.00107698	256.227
0.00108368	298.321
0.00109039	348.302
0.00109709	407.21
0.0011038	474.887
0.0011105	549.653
0.00111721	631.408
0.00112391	716.158
0.00113062	803.918
0.00113732	890.55
0.00114402	976.131
0.00115073	1058.76
0.00115743	1138.5
0.00116414	1216.46
0.00117084	1292.62
0.00117755	1369.81
0.00118425	1448
0.00119096	1529.62
0.00119766	1614.66
0.00120437	1703.92
0.00121107	1797.44
0.00121778	1894.5
0.00122448	1995.14
0.00123119	2097.85
0.00123789	2202.64
0.00124459	2307.49
0.0012513	2412.44
0.001258	2514.88
0.00126471	2614.85
0.00127141	2709.37
0.00127812	2798.41
0.00128482	2879.25
0.00129153	2951.8
0.00129823	3014.18
0.00130494	3066.24
0.00131164	3107.47
0.00131835	3138.16
0.00132505	3154.82
0.00133175	3162.63
0.00133846	3162.89
0.00134516	3151.24
0.00135187	3131.7
0.00135857	3104.76
0.00136528	3071.95
0.00137198	3033.39
0.00137869	2990.57
0.00138539	2943.68
0.0013921	2893.38
0.0013988	2839.89
0.00140551	2782.75
0.00141221	2722.12
0.00141891	2656.47
0.00142562	2585.74
0.00143232	2508.43
0.00143903	2424.19
0.00144573	2333.13
0.00145244	2234.84
0.00145914	2131.61
0.00146585	2023.39
0.00147255	1913.47
0.00147926	1802.27
0.00148596	1692.3
0.00149267	1584.13
0.00149937	1478.8
0.00150608	1376.67
0.00151278	1278.03
0.00151948	1182.95
0.00152619	1091.81
0.00153289	1004.67
0.0015396	921.986
0.0015463	843.908
0.00155301	770.518
0.00155971	701.938
0.00156642	637.88
0.00157312	578.28
0.00157983	523.017
0.00158653	471.946
0.00159324	425.412
0.00159994	383.442
0.00160664	346.429
0.00161335	314.634
0.00162005	287.748
0.00162676	266.009
0.00163346	248.101
0.00164017	233.887
0.00164687	221.551
0.00165358	210.481
0.00166028	199.298
0.00166699	187.194
0.00167369	173.851
0.0016804	158.722
0.0016871	142.453
0.00169381	125.019
0.00170051	107.423
0.00170721	90.0696
0.00171392	73.7031
0.00172062	58.8448
0.00172733	45.7236
0.00173403	34.6878
0.00174074	25.5504
0.00174744	18.3811
0.00175415	12.8208
0.00176085	8.7243
0.00176756	5.75907
0.00177426	3.69423
0.00178097	2.30828
0.00178767	1.3893
0.00179437	0.822784
0.00180108	0.461546
0.00180778	0.260015
0.00181449	0.13351
0.00182119	0.0726954
0.0018279	0.0315968
0.0018346	0.0178973
