3.33898e-05	337.746
3.48982e-05	380.152
3.64066e-05	427.746
3.7915e-05	480.706
3.94234e-05	538.513
4.09318e-05	600.802
4.24402e-05	667.208
4.39487e-05	737.302
4.54571e-05	810.75
4.69655e-05	887.107
4.84739e-05	966.07
4.99823e-05	1047.2
5.14907e-05	1130.2
5.29991e-05	1214.63
5.45076e-05	1300.19
5.6016e-05	1386.43
5.75244e-05	1473.05
5.90328e-05	1559.56
6.05412e-05	1645.73
6.20496e-05	1731.05
6.3558e-05	1815.44
6.50665e-05	1898.49
6.65749e-05	1980.29
6.80833e-05	2060.68
6.95917e-05	2139.99
7.11001e-05	2218.44
7.26085e-05	2296.52
7.41169e-05	2374.96
7.56253e-05	2454.3
7.71338e-05	2535.71
7.86422e-05	2619.68
8.01506e-05	2707.6
8.1659e-05	2799.8
8.31674e-05	2897.6
8.46758e-05	3001.08
8.61842e-05	3111.21
8.76927e-05	3227.85
8.92011e-05	3351.37
9.07095e-05	3481.53
9.22179e-05	3618.09
9.37263e-05	3760.83
9.52347e-05	3909.12
9.67431e-05	4062.84
9.82516e-05	4221.32
9.976e-05	4384.62
0.000101268	4552.4
0.000102777	4724.84
0.000104285	4902.14
0.000105794	5084.52
0.000107302	5272.67
0.00010881	5466.73
0.000110319	5667.56
0.000111827	5875.1
0.000113336	6089.87
0.000114844	6311.56
0.000116353	6539.74
0.000117861	6773.87
0.000119369	7012.11
0.000120878	7253.78
0.000122386	7495.42
0.000123895	7736.31
0.000125403	7971.52
0.000126911	8200.44
0.00012842	8417.17
0.000129928	8621.33
0.000131437	8806.89
0.000132945	8973.72
0.000134453	9116.63
0.000135962	9235.76
0.00013747	9329.76
0.000138979	9396.1
0.000140487	9423.06
0.000141996	9434.32
0.000143504	9424.84
0.000145012	9377.94
0.000146521	9310.52
0.000148029	9221.18
0.000149538	9113.67
0.000151046	8988.16
0.000152554	8849.68
0.000154063	8698.3
0.000155571	8538.87
0.00015708	8371.36
0.000158588	8200.02
0.000160097	8024.78
0.000161605	7849.06
0.000163113	7672.79
0.000164622	7498.54
0.00016613	7326.27
0.000167639	7157.77
0.000169147	6993.01
0.000170655	6833.11
0.000172164	6678.03
0.000173672	6528.33
0.000175181	6383.97
0.000176689	6245.02
0.000178197	6111.47
0.000179706	5983.05
0.000181214	5859.75
0.000182723	5741.06
0.000184231	5627
0.00018574	5516.87
0.000187248	5410.68
0.000188756	5307.55
0.000190265	5207.49
0.000191773	5109.3
0.000193282	5013
0.00019479	4917.03
0.000196298	4821.43
0.000197807	4724.32
0.000199315	4625.71
0.000200824	4523.65
0.000202332	4418.12
0.000203841	4307.43
0.000205349	4191.52
0.000206857	4069.37
0.000208366	3940.88
0.000209874	3805.99
0.000211383	3664.59
0.000212891	3517.72
0.000214399	3365.29
0.000215908	3209.32
0.000217416	3049.77
0.000218925	2889.37
0.000220433	2728.14
0.000221941	2569.07
0.00022345	2412.27
0.000224958	2260.51
0.000226467	2113.96
0.000227975	1974.76
0.000229484	1843.11
0.000230992	1720.26
0.0002325	1606.41
0.000234009	1501.76
0.000235517	1406.5
0.000237026	1319.92
0.000238534	1242.1
0.000240042	1171.69
0.000241551	1108.67
0.000243059	1051.36
0.000244568	999.649
0.000246076	951.87
0.000247585	907.84
0.000249093	866.173
0.000250601	826.656
0.00025211	788.315
0.000253618	750.951
0.000255127	714.021
0.000256635	677.371
0.000258143	640.819
0.000259652	604.268
0.00026116	567.792
0.000262669	531.351
0.000264177	495.167
0.000265685	459.249
0.000267194	423.888
0.000268702	389.125
0.000270211	355.269
0.000271719	322.382
0.000273228	290.752
0.000274736	260.453
0.000276244	231.722
0.000277753	204.633
0.000279261	179.346
0.00028077	155.929
0.000282278	134.441
0.000283786	114.933
0.000285295	97.36
0.000286803	81.7458
0.000288312	67.9565
0.00028982	55.9805
0.000291329	45.6234
0.000292837	36.8394
0.000294345	29.4084
0.000295854	23.2574
0.000297362	18.1725
0.000298871	14.0655
0.000300379	10.7512
0.000301887	8.13881
0.000303396	6.08315
0.000304904	4.50113
0.000306413	3.28875
0.000307921	2.37711
0.000309429	1.6976
0.000310938	1.19787
0.000312446	0.836123
0.000313955	0.575597
0.000315463	0.392738
0.000316972	0.263584
0.00031848	0.17585
0.000319988	0.114971
0.000321497	0.0750284
0.000323005	0.0477447
0.000324514	0.0304943
0.000326022	0.0188689
0.00032753	0.0118033
0.000329039	0.0070938
0.000330547	0.00434996
0.000332056	0.00235518
0.000333564	0.00152612
