0.000500379	9.33199e-28
0.000507084	2.91083e-26
0.000513789	1.13633e-25
0.000520493	2.95776e-24
0.000527198	1.14863e-23
0.000533903	2.47887e-22
0.000540607	9.63843e-22
0.000547312	1.72787e-20
0.000554017	6.71408e-20
0.000560721	1.00212e-18
0.000567426	3.88267e-18
0.000574131	4.83839e-17
0.000580835	1.86401e-16
0.00058754	1.94585e-15
0.000594244	7.42942e-15
0.000600949	6.52282e-14
0.000607654	2.45849e-13
0.000614358	1.82391e-12
0.000621063	6.75476e-12
0.000627768	4.25762e-11
0.000634472	1.54102e-10
0.000641177	8.30421e-10
0.000647882	2.91946e-09
0.000654586	1.3545e-08
0.000661291	4.59342e-08
0.000667995	1.84915e-07
0.0006747	6.00298e-07
0.000681405	2.11452e-06
0.000688109	6.51728e-06
0.000694814	2.02658e-05
0.000701519	5.87925e-05
0.000708223	0.000162859
0.000714928	0.000440801
0.000721633	0.00109756
0.000728337	0.00274765
0.000735042	0.0062023
0.000741746	0.0142443
0.000748451	0.0293766
0.000755156	0.0614428
0.00076186	0.118877
0.000768565	0.222613
0.00077527	0.402095
0.000781974	0.676517
0.000788679	1.10826
0.000795384	1.70416
0.000802088	2.53056
0.000808793	3.56437
0.000815497	4.80642
0.000822202	6.20578
0.000828907	7.63304
0.000835611	9.04885
0.000842316	10.2398
0.000849021	11.2255
0.000855725	11.8942
0.00086243	12.3199
0.000869135	12.654
0.000875839	12.9543
0.000882544	13.547
0.000889249	14.4055
0.000895953	15.7018
0.000902658	17.3424
0.000909362	19.0995
0.000916067	20.9111
0.000922772	22.3611
0.000929476	23.4287
0.000936181	23.773
0.000942886	23.9059
0.00094959	24.041
0.000956295	24.1863
0.000963	24.7928
0.000969704	26.6876
0.000976409	29.8468
0.000983113	34.2931
0.000989818	40.1102
0.000996523	47.2915
0.00100323	55.7802
0.00100993	65.6591
0.00101664	77.4344
0.00102334	91.1911
0.00103005	108.055
0.00103675	128.019
0.00104346	152.051
0.00105016	180.076
0.00105686	212.236
0.00106357	248.491
0.00107027	288.498
0.00107698	332.281
0.00108368	379.845
0.00109039	431.217
0.00109709	486.845
0.0011038	546.708
0.0011105	610.934
0.00111721	679.484
0.00112391	751.617
0.00113062	827.318
0.00113732	905.285
0.00114402	985.528
0.00115073	1066.84
0.00115743	1149.23
0.00116414	1232.03
0.00117084	1315.26
0.00117755	1398.97
0.00118425	1483.15
0.00119096	1568.57
0.00119766	1655.22
0.00120437	1743.99
0.00121107	1834.91
0.00121778	1927.96
0.00122448	2023.21
0.00123119	2118.89
0.00123789	2215.06
0.00124459	2308.76
0.0012513	2399.93
0.001258	2486.71
0.00126471	2568.91
0.00127141	2647.81
0.00127812	2723.27
0.00128482	2798.72
0.00129153	2874.36
0.00129823	2951.58
0.00130494	3030.95
0.00131164	3108.2
0.00131835	3183.77
0.00132505	3249.19
0.00133175	3305.19
0.00133846	3335.24
0.00134516	3348.43
0.00135187	3347.81
0.00135857	3315.5
0.00136528	3263.16
0.00137198	3192.35
0.00137869	3108.64
0.00138539	3012.28
0.0013921	2910.03
0.0013988	2802.44
0.00140551	2694.58
0.00141221	2587
0.00141891	2483.23
0.00142562	2383.82
0.00143232	2290.56
0.00143903	2204.07
0.00144573	2123.56
0.00145244	2049.54
0.00145914	1978.46
0.00146585	1910.3
0.00147255	1840.27
0.00147926	1767.59
0.00148596	1689.31
0.00149267	1604.19
0.00149937	1513.49
0.00150608	1416.45
0.00151278	1317.74
0.00151948	1217.81
0.00152619	1121.25
0.00153289	1029.37
0.0015396	943.672
0.0015463	865.259
0.00155301	792.607
0.00155971	725.837
0.00156642	662.717
0.00157312	602.611
0.00157983	544.552
0.00158653	487.888
0.00159324	433.167
0.00159994	380.216
0.00160664	330.2
0.00161335	283.392
0.00162005	240.698
0.00162676	202.539
0.00163346	169.182
0.00164017	140.957
0.00164687	117.452
0.00165358	98.778
0.00166028	83.9871
0.00166699	72.8943
0.00167369	64.3609
0.0016804	57.9323
0.0016871	52.7419
0.00169381	48.2542
0.00170051	44.1463
0.00170721	40.052
0.00171392	36.0847
0.00172062	32.1601
0.00172733	28.5005
0.00173403	25.2146
0.00174074	22.3715
0.00174744	20.0909
0.00175415	18.2362
0.00176085	16.8034
0.00176756	15.5831
0.00177426	14.4441
0.00178097	13.2812
0.00178767	11.9522
0.00179437	10.514
0.00180108	8.93149
0.00180778	7.3293
0.00181449	5.78405
0.00182119	4.36709
0.0018279	3.18157
0.0018346	2.19215
