3.33898e-05	204.266
3.48982e-05	231.419
3.64066e-05	263.324
3.7915e-05	299.959
3.94234e-05	341.387
4.09318e-05	387.72
4.24402e-05	438.797
4.39487e-05	494.57
4.54571e-05	554.779
4.69655e-05	619.208
4.84739e-05	687.549
4.99823e-05	759.445
5.14907e-05	834.609
5.29991e-05	912.596
5.45076e-05	993.218
5.6016e-05	1076.05
5.75244e-05	1161.06
5.90328e-05	1247.97
6.05412e-05	1336.94
6.20496e-05	1427.96
6.3558e-05	1521.36
6.50665e-05	1617.49
6.65749e-05	1716.78
6.80833e-05	1819.91
6.95917e-05	1927.32
7.11001e-05	2039.94
7.26085e-05	2158.11
7.41169e-05	2282.8
7.56253e-05	2414.16
7.71338e-05	2552.98
7.86422e-05	2699.18
8.01506e-05	2853.13
8.1659e-05	3014.49
8.31674e-05	3183.01
8.46758e-05	3358.16
8.61842e-05	3538.95
8.76927e-05	3724.74
8.92011e-05	3913.84
9.07095e-05	4105.63
9.22179e-05	4297.9
9.37263e-05	4490.18
9.52347e-05	4680.14
9.67431e-05	4867.55
9.82516e-05	5050.46
9.976e-05	5228.98
0.000101268	5402.04
0.000102777	5570.04
0.000104285	5733.2
0.000105794	5892.08
0.000107302	6048.22
0.00010881	6202.14
0.000110319	6356.29
0.000111827	6510.95
0.000113336	6668.63
0.000114844	6829.22
0.000116353	6994.3
0.000117861	7163.38
0.000119369	7336.21
0.000120878	7512.08
0.000122386	7688.58
0.000123895	7865.01
0.000125403	8037.14
0.000126911	8204.45
0.00012842	8361.82
0.000129928	8509
0.000131437	8641.09
0.000132945	8758.1
0.000134453	8856.27
0.000135962	8935.82
0.00013747	8997.56
0.000138979	9037.92
0.000140487	9042.39
0.000141996	9042.84
0.000143504	9032.42
0.000145012	8987.94
0.000146521	8931.04
0.000148029	8859.58
0.000149538	8776.35
0.000151046	8681.45
0.000152554	8579.14
0.000154063	8469.43
0.000155571	8356.29
0.00015708	8239.64
0.000158588	8122.45
0.000160097	8004.58
0.000161605	7887.46
0.000163113	7770.95
0.000164622	7654.8
0.00016613	7538.93
0.000167639	7421.79
0.000169147	7303.35
0.000170655	7181.52
0.000172164	7056.31
0.000173672	6925.97
0.000175181	6790.54
0.000176689	6649.29
0.000178197	6502.28
0.000179706	6350.15
0.000181214	6192.93
0.000182723	6032.54
0.000184231	5868.97
0.00018574	5704.92
0.000187248	5540.35
0.000188756	5378.02
0.000190265	5217.92
0.000191773	5062.17
0.000193282	4910.81
0.00019479	4764.94
0.000196298	4624.6
0.000197807	4489.82
0.000199315	4360.63
0.000200824	4236.19
0.000202332	4116.51
0.000203841	4000.27
0.000205349	3887.47
0.000206857	3776.67
0.000208366	3667.86
0.000209874	3559.79
0.000211383	3452.43
0.000212891	3344.87
0.000214399	3237.06
0.000215908	3128.48
0.000217416	3019.08
0.000218925	2908.72
0.000220433	2797.34
0.000221941	2685.16
0.00022345	2572.14
0.000224958	2458.85
0.000226467	2345.28
0.000227975	2232.3
0.000229484	2119.9
0.000230992	2009.19
0.0002325	1900.18
0.000234009	1794.03
0.000235517	1690.79
0.000237026	1591.48
0.000238534	1496.19
0.000240042	1405.66
0.000241551	1319.98
0.000243059	1239.5
0.000244568	1164.31
0.000246076	1094.31
0.000247585	1029.58
0.000249093	969.595
0.000250601	914.383
0.00025211	863.104
0.000253618	815.717
0.000255127	771.21
0.000256635	729.47
0.000258143	689.512
0.000259652	651.164
0.00026116	613.666
0.000262669	576.821
0.000264177	540.236
0.000265685	503.74
0.000267194	467.343
0.000268702	430.945
0.000270211	394.888
0.000271719	359.165
0.000273228	324.291
0.000274736	290.351
0.000276244	257.852
0.000277753	226.935
0.000279261	197.966
0.00028077	171.093
0.000282278	146.474
0.000283786	124.223
0.000285295	104.297
0.000286803	86.7477
0.000288312	71.3851
0.00028982	58.195
0.000291329	46.908
0.000292837	37.4562
0.000294345	29.5522
0.000295854	23.0948
0.000297362	17.8212
0.000298871	13.6172
0.000300379	10.268
0.000301887	7.66292
0.000303396	5.64118
0.000304904	4.10693
0.000306413	2.94919
0.000307921	2.09188
0.000309429	1.46425
0.000310938	1.01055
0.000312446	0.689122
0.000313955	0.462105
0.000315463	0.306912
0.000316972	0.199673
0.00031848	0.12916
0.000319988	0.0813971
0.000321497	0.0512972
0.000323005	0.0312609
0.000324514	0.0192069
0.000326022	0.011297
0.00032753	0.006774
0.000329039	0.00383722
0.000330547	0.00224883
0.000332056	0.00110015
0.000333564	0.000702377
