3.33898e-05	0.00156553
3.52334e-05	0.00262147
3.70771e-05	0.00578929
3.89207e-05	0.0103689
4.07644e-05	0.0197915
4.2608e-05	0.0345763
4.44517e-05	0.0626279
4.62953e-05	0.106521
4.8139e-05	0.183538
4.99827e-05	0.302471
5.18263e-05	0.498273
5.367e-05	0.794187
5.55136e-05	1.25409
5.73573e-05	1.93095
5.92009e-05	2.92933
6.10446e-05	4.35473
6.28882e-05	6.35963
6.47319e-05	9.12843
6.65755e-05	12.858
6.84192e-05	17.832
7.02628e-05	24.2738
7.21065e-05	32.5667
7.39502e-05	42.933
7.57938e-05	55.8281
7.76375e-05	71.4457
7.94811e-05	90.2644
8.13248e-05	112.433
8.31684e-05	138.404
8.50121e-05	168.276
8.68557e-05	202.44
8.86994e-05	240.939
9.0543e-05	284.073
9.23867e-05	331.802
9.42303e-05	384.274
9.6074e-05	441.314
9.79177e-05	502.782
9.97613e-05	568.337
0.000101605	637.364
0.000103449	709.396
0.000105292	783.221
0.000107136	858.387
0.00010898	933.223
0.000110823	1007.49
0.000112667	1079.54
0.000114511	1149.51
0.000116354	1216.52
0.000118198	1281.13
0.000120042	1343.91
0.000121885	1405.66
0.000123729	1468.7
0.000125572	1533.81
0.000127416	1604.61
0.00012926	1681.61
0.000131103	1768.78
0.000132947	1866.21
0.000134791	1976.99
0.000136634	2100.82
0.000138478	2239
0.000140322	2391.01
0.000142165	2556.06
0.000144009	2733.63
0.000145853	2921.29
0.000147696	3118.71
0.00014954	3322.81
0.000151384	3533.54
0.000153227	3748.25
0.000155071	3967.1
0.000156915	4188.66
0.000158758	4413.1
0.000160602	4640.27
0.000162446	4870.22
0.000164289	5103.36
0.000166133	5339.56
0.000167977	5578.67
0.00016982	5820.4
0.000171664	6062.98
0.000173507	6306.05
0.000175351	6545.7
0.000177195	6781.62
0.000179038	7008.11
0.000180882	7225.03
0.000182726	7426.07
0.000184569	7611.3
0.000186413	7775.54
0.000188257	7919.04
0.0001901	8039.41
0.000191944	8136.94
0.000193788	8212.89
0.000195631	8267.48
0.000197475	8306.32
0.000199319	8328.87
0.000201162	8332.89
0.000203006	8333.67
0.00020485	8331.47
0.000206693	8319.55
0.000208537	8306.22
0.000210381	8291.25
0.000212224	8274.61
0.000214068	8256.26
0.000215912	8234.09
0.000217755	8208.1
0.000219599	8174.86
0.000221442	8134.4
0.000223286	8083.19
0.00022513	8021.25
0.000226973	7945.9
0.000228817	7857.11
0.000230661	7753.57
0.000232504	7635.21
0.000234348	7502.33
0.000236192	7354.86
0.000238035	7194.8
0.000239879	7022.06
0.000241723	6840.19
0.000243566	6649.13
0.00024541	6453.29
0.000247254	6252.72
0.000249097	6051.6
0.000250941	5850.1
0.000252785	5651.03
0.000254628	5454.62
0.000256472	5261.63
0.000258316	5072.27
0.000260159	4885.47
0.000262003	4701.32
0.000263847	4518.02
0.00026569	4335.48
0.000267534	4152.57
0.000269377	3969.06
0.000271221	3785.34
0.000273065	3601.21
0.000274908	3418.54
0.000276752	3237.28
0.000278596	3059.93
0.000280439	2886.65
0.000282283	2719.51
0.000284127	2558.81
0.00028597	2405.58
0.000287814	2260.08
0.000289658	2122.3
0.000291501	1992.38
0.000293345	1869.7
0.000295189	1754.27
0.000297032	1645.38
0.000298876	1542.95
0.00030072	1446.46
0.000302563	1355.82
0.000304407	1270.67
0.000306251	1190.97
0.000308094	1116.32
0.000309938	1046.72
0.000311782	981.565
0.000313625	920.83
0.000315469	863.702
0.000317312	810.087
0.000319156	759.1
0.000321	710.567
0.000322843	663.762
0.000324687	618.462
0.000326531	574.295
0.000328374	531.06
0.000330218	488.811
0.000332062	447.438
0.000333905	407.334
0.000335749	368.523
0.000337593	331.529
0.000339436	296.494
0.00034128	263.834
0.000343124	233.744
0.000344967	206.362
0.000346811	181.843
0.000348655	160.009
0.000350498	140.907
0.000352342	124.134
0.000354186	109.605
0.000356029	96.8585
0.000357873	85.7134
0.000359717	75.7994
0.00036156	66.9102
0.000363404	58.8387
0.000365247	51.422
0.000367091	44.5998
0.000368935	38.2865
0.000370778	32.4994
0.000372622	27.2212
0.000374466	22.4748
0.000376309	18.2757
0.000378153	14.6121
0.000379997	11.4949
0.00038184	8.87464
0.000383684	6.73727
0.000385528	5.01426
0.000387371	3.66665
0.000389215	2.62866
0.000391059	1.84858
0.000392902	1.27648
0.000394746	0.861964
0.00039659	0.573593
0.000398433	0.359846
0.000400277	0.238366
