0.000166815	3.31727e-09
0.000172682	9.52604e-09
0.000178548	2.81523e-08
0.000184415	8.08188e-08
0.000190282	2.14494e-07
0.000196148	5.72798e-07
0.000202015	1.46724e-06
0.000207881	3.65739e-06
0.000213748	9.01166e-06
0.000219614	2.10402e-05
0.000225481	4.97003e-05
0.000231347	0.000109056
0.000237214	0.000246152
0.00024308	0.000509284
0.000248947	0.00109493
0.000254813	0.00214267
0.00026068	0.00437492
0.000266547	0.00812075
0.000272413	0.0157045
0.00027828	0.0282279
0.000284146	0.0508618
0.000290013	0.0877305
0.000295879	0.148253
0.000301746	0.243446
0.000307612	0.388383
0.000313479	0.605716
0.000319345	0.914789
0.000325212	1.35323
0.000331078	1.93861
0.000336945	2.71922
0.000342812	3.70105
0.000348678	4.92575
0.000354545	6.37984
0.000360411	8.07112
0.000366278	9.96888
0.000372144	12.027
0.000378011	14.2132
0.000383877	16.4375
0.000389744	18.6868
0.00039561	20.8741
0.000401477	23.015
0.000407343	25.0822
0.00041321	27.1081
0.000419077	29.1461
0.000424943	31.2227
0.00043081	33.4349
0.000436676	35.7924
0.000442543	38.3782
0.000448409	41.1971
0.000454276	44.3042
0.000460142	47.7204
0.000466009	51.5258
0.000471875	55.7579
0.000477742	60.5779
0.000483608	66.0114
0.000489475	72.2632
0.000495342	79.314
0.000501208	87.2652
0.000507075	96.0549
0.000512941	105.545
0.000518808	115.679
0.000524674	126.126
0.000530541	136.9
0.000536407	147.764
0.000542274	158.823
0.00054814	170.299
0.000554007	182.349
0.000559873	195.826
0.00056574	210.861
0.000571606	228.756
0.000577473	249.564
0.00058334	274.604
0.000589206	303.853
0.000595073	338.255
0.000600939	377.753
0.000606806	422.777
0.000612672	473.274
0.000618539	529.255
0.000624405	590.676
0.000630272	657.244
0.000636138	728.909
0.000642005	805.034
0.000647871	885.56
0.000653738	969.375
0.000659605	1056.43
0.000665471	1145.2
0.000671338	1235.68
0.000677204	1326.31
0.000683071	1417.16
0.000688937	1507.25
0.000694804	1596.64
0.00070067	1685.2
0.000706537	1772.93
0.000712403	1860.05
0.00071827	1946.54
0.000724136	2032.07
0.000730003	2116.62
0.00073587	2198.88
0.000741736	2278.86
0.000747603	2354.84
0.000753469	2426.83
0.000759336	2493.87
0.000765202	2555.98
0.000771069	2613.82
0.000776935	2667.37
0.000782802	2718.64
0.000788668	2767.62
0.000794535	2816.28
0.000800401	2864.67
0.000806268	2913.13
0.000812135	2961.77
0.000818001	3008.46
0.000823868	3053.33
0.000829734	3092.31
0.000835601	3125.41
0.000841467	3148.23
0.000847334	3160.47
0.0008532	3161.13
0.000859067	3147.59
0.000864933	3121.6
0.0008708	3083.04
0.000876666	3035.34
0.000882533	2978.36
0.0008884	2917.13
0.000894266	2851.78
0.000900133	2786.65
0.000905999	2722.1
0.000911866	2660.24
0.000917732	2601.49
0.000923599	2545.4
0.000929465	2492.26
0.000935332	2439.79
0.000941198	2388
0.000947065	2333.96
0.000952931	2277.45
0.000958798	2215.95
0.000964665	2149.12
0.000970531	2075.64
0.000976398	1995.13
0.000982264	1907.91
0.000988131	1813.69
0.000993997	1714.43
0.000999864	1610.02
0.00100573	1503.59
0.0010116	1395.32
0.00101746	1288.64
0.00102333	1184
0.0010292	1084.24
0.00103506	989.955
0.00104093	902.818
0.0010468	823.371
0.00105266	751.96
0.00105853	688.949
0.0010644	633.552
0.00107026	585.888
0.00107613	544.427
0.001082	509.032
0.00108786	477.898
0.00109373	450.677
0.00109959	425.764
0.00110546	402.697
0.00111133	380.449
0.00111719	358.584
0.00112306	336.771
0.00112893	314.737
0.00113479	292.657
0.00114066	270.473
0.00114653	248.525
0.00115239	226.901
0.00115826	205.848
0.00116413	185.481
0.00116999	165.908
0.00117586	147.195
0.00118173	129.409
0.00118759	112.575
0.00119346	96.7996
0.00119933	82.1178
0.00120519	68.6562
0.00121106	56.4823
0.00121693	45.6549
0.00122279	36.2462
0.00122866	28.1903
0.00123453	21.5131
0.00124039	16.0427
0.00124626	11.7314
0.00125212	8.36911
0.00125799	5.84894
0.00126386	3.98721
0.00126972	2.65647
0.00127559	1.73029
0.00128146	1.09602
0.00128732	0.682703
0.00129319	0.409822
0.00129906	0.244586
0.00130492	0.138584
0.00131079	0.0794835
0.00131666	0.0419766
0.00132252	0.0234231
0.00132839	0.01054
0.00133426	0.0062456
