0.000500379	1.1592e-226
0.000510437	4.33203e-219
0.000520494	1.73281e-218
0.000530551	4.53854e-211
0.000540608	1.83399e-210
0.000550665	3.36609e-203
0.000560722	1.37434e-202
0.000570779	1.76733e-195
0.000580836	7.29195e-195
0.000590893	6.56885e-188
0.00060095	2.73934e-187
0.000611007	1.72839e-180
0.000621064	7.28618e-180
0.000631121	3.21936e-173
0.000641178	1.37216e-172
0.000651235	4.24495e-166
0.000661292	1.82963e-165
0.000671349	3.9623e-159
0.000681406	1.72732e-158
0.000691463	2.61814e-152
0.00070152	1.1546e-151
0.000711577	1.22463e-145
0.000721634	5.46439e-145
0.000731691	4.05494e-139
0.000741748	1.83106e-138
0.000751806	9.50444e-133
0.000761863	4.34423e-132
0.00077192	1.57699e-126
0.000781977	7.2975e-126
0.000792034	1.8522e-120
0.000802091	8.67929e-120
0.000812148	1.53994e-114
0.000822205	7.30877e-114
0.000832262	9.06298e-109
0.000842319	4.35766e-108
0.000852376	3.77562e-103
0.000862433	1.83955e-102
0.00087249	1.1134e-97
0.000882547	5.49816e-97
0.000892604	2.32413e-92
0.000902661	1.16352e-91
0.000912718	3.43407e-87
0.000922775	1.74331e-86
0.000932832	3.59167e-82
0.000942889	1.84938e-81
0.000952946	2.65902e-77
0.000963003	1.38907e-76
0.00097306	1.39342e-72
0.000983117	7.38701e-72
0.000993175	5.16861e-68
0.00100323	2.78139e-67
0.00101329	1.35706e-63
0.00102335	7.41482e-63
0.0010334	2.5221e-59
0.00104346	1.39955e-58
0.00105352	3.31792e-55
0.00106357	1.87034e-54
0.00107363	3.0897e-51
0.00108369	1.7697e-50
0.00109374	2.03672e-47
0.0011038	1.18558e-46
0.00111386	9.50449e-44
0.00112392	5.6235e-43
0.00113397	3.14013e-40
0.00114403	1.88858e-39
0.00115409	7.34579e-37
0.00116414	4.49073e-36
0.0011742	1.21697e-33
0.00118426	7.56059e-33
0.00119432	1.42822e-30
0.00120437	9.01276e-30
0.00121443	1.18781e-27
0.00122449	7.60733e-27
0.00123454	7.0048e-25
0.0012446	4.54666e-24
0.00125466	2.93156e-22
0.00126471	1.92423e-21
0.00127477	8.71718e-20
0.00128483	5.76711e-19
0.00129489	1.84482e-17
0.00130494	1.22415e-16
0.001315	2.78506e-15
0.00132506	1.84057e-14
0.00133511	3.00851e-13
0.00134517	1.96064e-12
0.00135523	2.33459e-11
0.00136529	1.48014e-10
0.00137534	1.30757e-09
0.0013854	7.92235e-09
0.00139546	5.31335e-08
0.00140551	3.00832e-07
0.00141557	1.57431e-06
0.00142563	8.11134e-06
0.00143568	3.41441e-05
0.00144574	0.000155487
0.0014558	0.000543021
0.00146586	0.00212258
0.00147591	0.00632722
0.00148597	0.0206814
0.00149603	0.0538279
0.00150608	0.144246
0.00151614	0.332563
0.0015262	0.722749
0.00153625	1.53998
0.00154631	2.7973
0.00155637	4.76007
0.00156643	7.44386
0.00157648	10.5124
0.00158654	13.9896
0.0015966	16.9097
0.00160665	19.2395
0.00161671	20.7576
0.00162677	21.3619
0.00163683	22.6748
0.00164688	24.6847
0.00165694	29.1892
0.001667	37.0747
0.00167705	49.4918
0.00168711	66.4736
0.00169717	88.7619
0.00170722	116.416
0.00171728	149.616
0.00172734	188.369
0.0017374	232.852
0.00174745	282.994
0.00175751	339.697
0.00176757	402.908
0.00177762	474.126
0.00178768	553.433
0.00179774	642.012
0.00180779	740.154
0.00181785	847.271
0.00182791	963.871
0.00183797	1085.61
0.00184802	1212.23
0.00185808	1339.95
0.00186814	1466.93
0.00187819	1600.35
0.00188825	1739.78
0.00189831	1896.81
0.00190837	2075.47
0.00191842	2267.16
0.00192848	2475.16
0.00193854	2670.7
0.00194859	2849.72
0.00195865	2995.72
0.00196871	3102.02
0.00197876	3177.71
0.00198882	3224.26
0.00199888	3242.77
0.00200894	3249.6
0.00201899	3250.42
0.00202905	3234.48
0.00203911	3205.37
0.00204916	3165.87
0.00205922	3113.58
0.00206928	3049.43
0.00207933	2967.44
0.00208939	2866.56
0.00209945	2742.01
0.00210951	2589.92
0.00211956	2418.18
0.00212962	2225.81
0.00213968	2027.9
0.00214973	1828.91
0.00215979	1636.76
0.00216985	1455.72
0.00217991	1286.8
0.00218996	1131.38
0.00220002	989.566
0.00221008	862.263
0.00222013	747.265
0.00223019	644.154
0.00224025	550.873
0.0022503	465.373
0.00226036	390.764
0.00227042	327.788
0.00228048	278.498
0.00229053	245.966
0.00230059	224.24
0.00231065	212.56
0.0023207	203.255
0.00233076	191.363
0.00234082	176.094
0.00235088	154.397
0.00236093	130.357
0.00237099	105.333
0.00238105	81.7249
0.0023911	61.8442
0.00240116	45.2113
0.00241122	32.4029
0.00242127	22.4969
0.00243133	15.0545
0.00244139	9.63114
0.00245145	5.82039
0.0024615	3.29658
0.00247156	1.7016
0.00248162	0.853957
0.00249167	0.334953
0.00250173	0.161952
