0.000166815	0.000207635
0.000171844	0.0003601
0.000176872	0.000817495
0.000181901	0.00150975
0.000186929	0.00296459
0.000191958	0.00526302
0.000196986	0.00990521
0.000202014	0.0172197
0.000207043	0.0305475
0.000212071	0.0514334
0.0002171	0.0868895
0.000222128	0.14133
0.000227157	0.228017
0.000232185	0.357617
0.000237214	0.552307
0.000242242	0.834219
0.00024727	1.23571
0.000252299	1.79635
0.000257327	2.55648
0.000262356	3.57666
0.000267384	4.89831
0.000272413	6.59945
0.000277441	8.71242
0.000282469	11.319
0.000287498	14.434
0.000292526	18.1221
0.000297555	22.3812
0.000302583	27.2418
0.000307612	32.6971
0.00031264	38.747
0.000317669	45.3984
0.000322697	52.651
0.000327725	60.5366
0.000332754	69.0982
0.000337782	78.3842
0.000342811	88.5032
0.000347839	99.4909
0.000352868	111.489
0.000357896	124.489
0.000362924	138.576
0.000367953	153.683
0.000372981	169.744
0.00037801	186.662
0.000383038	204.182
0.000388067	222.233
0.000393095	240.466
0.000398123	258.883
0.000403152	277.234
0.00040818	295.606
0.000413209	314.036
0.000418237	332.656
0.000423266	351.845
0.000428294	371.708
0.000433323	392.819
0.000438351	415.199
0.000443379	439.331
0.000448408	465.15
0.000453436	492.797
0.000458465	522.178
0.000463493	553.053
0.000468522	585.371
0.00047355	618.742
0.000478578	653.21
0.000483607	688.616
0.000488635	725.092
0.000493664	763.029
0.000498692	802.585
0.000503721	844.76
0.000508749	889.669
0.000513778	938.657
0.000518806	991.747
0.000523834	1050.16
0.000528863	1113.83
0.000533891	1183.38
0.00053892	1258.7
0.000543948	1339.59
0.000548977	1425.92
0.000554005	1516.72
0.000559033	1611.91
0.000564062	1710.04
0.00056909	1811.07
0.000574119	1913.41
0.000579147	2017.06
0.000584176	2120.5
0.000589204	2223.75
0.000594233	2325.43
0.000599261	2425.54
0.000604289	2522.77
0.000609318	2617.13
0.000614346	2707.39
0.000619375	2793.54
0.000624403	2874.51
0.000629432	2950.31
0.00063446	3020.1
0.000639488	3083.9
0.000644517	3141.17
0.000649545	3191.92
0.000654574	3235.82
0.000659602	3272.87
0.000664631	3302.83
0.000669659	3325.71
0.000674688	3341.46
0.000679716	3350.09
0.000684744	3350.62
0.000689773	3344.89
0.000694801	3333.06
0.00069983	3314.2
0.000704858	3290.27
0.000709887	3261.24
0.000714915	3228.87
0.000719943	3193.14
0.000724972	3155.78
0.00073	3116.82
0.000735029	3077.2
0.000740057	3037
0.000745086	2995.98
0.000750114	2954.23
0.000755143	2910.39
0.000760171	2864.52
0.000765199	2814.76
0.000770228	2761.08
0.000775256	2701.98
0.000780285	2637.34
0.000785313	2566.72
0.000790342	2489.95
0.00079537	2407.81
0.000800398	2320.21
0.000805427	2228.82
0.000810455	2133.65
0.000815484	2036.69
0.000820512	1938.03
0.000825541	1839.48
0.000830569	1741.16
0.000835598	1644.46
0.000840626	1549.49
0.000845654	1457.23
0.000850683	1367.79
0.000855711	1281.83
0.00086074	1199.46
0.000865768	1121.11
0.000870797	1046.88
0.000875825	976.944
0.000880853	911.385
0.000885882	850.099
0.00089091	793.135
0.000895939	740.131
0.000900967	691.09
0.000905996	645.5
0.000911024	603.317
0.000916052	564.007
0.000921081	527.492
0.000926109	493.298
0.000931138	461.34
0.000936166	431.219
0.000941195	402.856
0.000946223	375.917
0.000951252	350.327
0.00095628	325.812
0.000961308	302.299
0.000966337	279.597
0.000971365	257.635
0.000976394	236.339
0.000981422	215.651
0.000986451	195.619
0.000991479	176.218
0.000996507	157.59
0.00100154	139.748
0.00100656	122.873
0.00101159	107.013
0.00101662	92.3249
0.00102165	78.8756
0.00102668	66.756
0.00103171	56.0275
0.00103673	46.6937
0.00104176	38.7936
0.00104679	32.2427
0.00105182	27.0457
0.00105685	23.0435
0.00106188	20.1757
0.00106691	18.3213
0.00107193	17.2608
0.00107696	16.9515
0.00108199	17.1549
0.00108702	17.5898
0.00109205	18.2667
0.00109708	18.9614
0.0011021	19.5998
0.00110713	19.9088
0.00111216	19.8674
0.00111719	19.7511
0.00112222	19.179
0.00112725	18.1765
0.00113228	16.929
0.0011373	15.4643
0.00114233	13.8345
0.00114736	12.1262
0.00115239	10.4149
0.00115742	8.75548
0.00116245	7.23323
0.00116747	5.81893
