0.000166815	0.0100616
0.000171844	0.0160341
0.000176872	0.031737
0.000181901	0.0537333
0.000186929	0.0920591
0.000191958	0.150577
0.000196986	0.245615
0.000202014	0.387215
0.000207043	0.602954
0.000212071	0.914678
0.0002171	1.36259
0.000222128	1.9869
0.000227157	2.83657
0.000232185	3.97375
0.000237214	5.44458
0.000242242	7.32742
0.00024727	9.64736
0.000252299	12.4784
0.000257327	15.8061
0.000262356	19.6658
0.000267384	23.9952
0.000272413	28.7542
0.000277441	33.843
0.000282469	39.1268
0.000287498	44.4955
0.000292526	49.7359
0.000297555	54.7616
0.000302583	59.3331
0.000307612	63.4144
0.00031264	66.8108
0.000317669	69.5484
0.000322697	71.5666
0.000327725	72.8933
0.000332754	73.6306
0.000337782	73.9293
0.000342811	73.9506
0.000347839	73.9601
0.000352868	74.1685
0.000357896	74.9395
0.000362924	76.4403
0.000367953	79.1445
0.000372981	83.2568
0.00037801	88.8683
0.000383038	96.3371
0.000388067	105.631
0.000393095	116.898
0.000398123	130.087
0.000403152	145.156
0.00040818	162.088
0.000413209	180.782
0.000418237	201.287
0.000423266	223.638
0.000428294	247.938
0.000433323	274.492
0.000438351	303.404
0.000443379	335.209
0.000448408	369.951
0.000453436	408.17
0.000458465	449.812
0.000463493	495.115
0.000468522	543.948
0.00047355	596.024
0.000478578	651.192
0.000483607	708.654
0.000488635	768.305
0.000493664	829.092
0.000498692	891.008
0.000503721	953.162
0.000508749	1015.65
0.000513778	1078.19
0.000518806	1140.95
0.000523834	1204.57
0.000528863	1269.21
0.000533891	1336.46
0.00053892	1406.43
0.000543948	1481.25
0.000548977	1560.92
0.000554005	1647.35
0.000559033	1740.38
0.000564062	1840.68
0.00056909	1948.01
0.000574119	2061
0.000579147	2179.37
0.000584176	2299.52
0.000589204	2421.29
0.000594233	2539.55
0.000599261	2654.3
0.000604289	2760.4
0.000609318	2857.97
0.000614346	2943.54
0.000619375	3017.28
0.000624403	3078.55
0.000629432	3127.49
0.00063446	3166.32
0.000639488	3195.09
0.000644517	3217.85
0.000649545	3234.56
0.000654574	3249.36
0.000659602	3262.19
0.000664631	3275.73
0.000669659	3289.96
0.000674688	3305.39
0.000679716	3322.03
0.000684744	3338.5
0.000689773	3354.83
0.000694801	3369.01
0.00069983	3381.22
0.000704858	3384.04
0.000709887	3384.38
0.000714915	3382.52
0.000719943	3367.62
0.000724972	3343.88
0.00073	3311.71
0.000735029	3269.12
0.000740057	3216.02
0.000745086	3152.15
0.000750114	3077.38
0.000755143	2992.78
0.000760171	2898.22
0.000765199	2796.27
0.000770228	2686.86
0.000775256	2573.76
0.000780285	2457
0.000785313	2340.77
0.000790342	2225.21
0.00079537	2113.93
0.000800398	2007.2
0.000805427	1907.21
0.000810455	1814.27
0.000815484	1728.8
0.000820512	1651.06
0.000825541	1579.85
0.000830569	1515.29
0.000835598	1455.13
0.000840626	1399.32
0.000845654	1345.38
0.000850683	1293.1
0.000855711	1240.56
0.00086074	1187.46
0.000865768	1132.94
0.000870797	1076.7
0.000875825	1019
0.000880853	959.67
0.000885882	899.715
0.00089091	839.147
0.000895939	779.239
0.000900967	720.139
0.000905996	662.946
0.000911024	607.871
0.000916052	555.6
0.000921081	506.327
0.000926109	460.304
0.000931138	417.662
0.000936166	378.319
0.000941195	342.33
0.000946223	309.417
0.000951252	279.57
0.00095628	252.416
0.000961308	227.903
0.000966337	205.634
0.000971365	185.528
0.000976394	167.223
0.000981422	150.62
0.000986451	135.439
0.000991479	121.579
0.000996507	108.872
0.00100154	97.2336
0.00100656	86.6018
0.00101159	76.9288
0.00101662	68.2161
0.00102165	60.4547
0.00102668	53.6435
0.00103171	47.7975
0.00103673	42.8511
0.00104176	38.8132
0.00104679	35.5307
0.00105182	32.9764
0.00105685	30.9387
0.00106188	29.3423
0.00106691	27.9835
0.00107193	26.7541
0.00107696	25.5231
0.00108199	24.1863
0.00108702	22.7138
0.00109205	21.0423
0.00109708	19.2253
0.0011021	17.2569
0.00110713	15.2263
0.00111216	13.1747
0.00111719	11.1784
0.00112222	9.29715
0.00112725	7.56843
0.00113228	6.04089
0.0011373	4.71296
0.00114233	3.60619
0.00114736	2.69547
0.00115239	1.97533
0.00115742	1.41489
0.00116245	0.979647
0.00116747	0.681421
