0.000166815	4.96918e-21
0.000172682	3.49354e-20
0.000178548	1.24834e-19
0.000184415	8.22721e-19
0.000190282	2.81714e-18
0.000196148	1.68604e-17
0.000202015	5.7115e-17
0.000207881	3.11144e-16
0.000213748	1.04042e-15
0.000219614	5.17206e-15
0.000225481	1.70309e-14
0.000231347	7.7466e-14
0.000237214	2.50551e-13
0.00024308	1.04579e-12
0.000248947	3.31321e-12
0.000254813	1.27292e-11
0.00026068	3.93886e-11
0.000266547	1.39739e-10
0.000272413	4.21055e-10
0.00027828	1.38397e-09
0.000284146	4.04803e-09
0.000290013	1.23697e-08
0.000295879	3.50089e-08
0.000301746	9.98002e-08
0.000307612	2.72428e-07
0.000313479	7.27029e-07
0.000319345	1.90799e-06
0.000325212	4.78321e-06
0.000331078	1.20304e-05
0.000336945	2.84263e-05
0.000342812	6.83134e-05
0.000348678	0.000152628
0.000354545	0.000349467
0.000360411	0.000740512
0.000366278	0.00161122
0.000372144	0.00324699
0.000378011	0.00669819
0.000383877	0.0128694
0.000389744	0.0251215
0.00039561	0.0463899
0.000401477	0.0852859
0.000407343	0.152711
0.00041321	0.263415
0.000419077	0.448704
0.000424943	0.73447
0.00043081	1.1891
0.000436676	1.85162
0.000442543	2.8487
0.000448409	4.2282
0.000454276	6.18647
0.000460142	8.76813
0.000466009	12.2218
0.000471875	16.5734
0.000477742	22.0681
0.000483608	28.7046
0.000489475	36.6508
0.000495342	45.8869
0.000501208	56.4627
0.000507075	68.3632
0.000512941	81.5596
0.000518808	96.0624
0.000524674	111.874
0.000530541	129.03
0.000536407	147.665
0.000542274	167.817
0.00054814	189.753
0.000554007	213.49
0.000559873	239.313
0.00056574	267.206
0.000571606	297.321
0.000577473	329.616
0.00058334	364.005
0.000589206	400.443
0.000595073	438.605
0.000600939	478.465
0.000606806	519.577
0.000612672	561.953
0.000618539	605.257
0.000624405	649.547
0.000630272	694.918
0.000636138	741.458
0.000642005	789.947
0.000647871	840.463
0.000653738	894.441
0.000659605	951.9
0.000665471	1014.44
0.000671338	1082
0.000677204	1155.48
0.000683071	1234.78
0.000688937	1319.29
0.000694804	1408.91
0.00070067	1501.27
0.000706537	1596.32
0.000712403	1690.55
0.00071827	1783.96
0.000724136	1873.18
0.000730003	1958.24
0.00073587	2037.24
0.000741736	2110.2
0.000747603	2177.34
0.000753469	2238.65
0.000759336	2296.08
0.000765202	2349.62
0.000771069	2401.73
0.000776935	2452.4
0.000782802	2503.28
0.000788668	2554.42
0.000794535	2605.95
0.000800401	2657.93
0.000806268	2709.22
0.000812135	2759.87
0.000818001	2808.33
0.000823868	2854.58
0.000829734	2897.45
0.000835601	2936.91
0.000841467	2972.39
0.000847334	3003.87
0.0008532	3031.06
0.000859067	3053.99
0.000864933	3072.45
0.0008708	3086.94
0.000876666	3091.58
0.000882533	3092.71
0.0008884	3091.65
0.000894266	3079.01
0.000900133	3058.45
0.000905999	3030.76
0.000911866	2995.09
0.000917732	2951.3
0.000923599	2900.33
0.000929465	2842.09
0.000935332	2778.19
0.000941198	2708.68
0.000947065	2635.31
0.000952931	2558.22
0.000958798	2478.7
0.000964665	2396.97
0.000970531	2313.44
0.000976398	2228.3
0.000982264	2141.18
0.000988131	2052.11
0.000993997	1960.42
0.000999864	1866
0.00100573	1768.59
0.0010116	1668
0.00101746	1564.98
0.00102333	1459.36
0.0010292	1353
0.00103506	1245.91
0.00104093	1140.59
0.0010468	1037.31
0.00105266	938.438
0.00105853	844.476
0.0010644	756.994
0.00107026	676.53
0.00107613	603.499
0.001082	538.297
0.00108786	480.229
0.00109373	429.417
0.00109959	384.469
0.00110546	345.199
0.00111133	310.105
0.00111719	278.788
0.00112306	250.132
0.00112893	223.698
0.00113479	198.972
0.00114066	175.634
0.00114653	153.67
0.00115239	132.953
0.00115826	113.69
0.00116413	95.9123
0.00116999	79.7846
0.00117586	65.4003
0.00118173	52.7554
0.00118759	41.9132
0.00119346	32.7099
0.00119933	25.135
0.00120519	18.9404
0.00121106	14.0468
0.00121693	10.2006
0.00122279	7.28379
0.00122866	5.08741
0.00123453	3.48794
0.00124039	2.33902
0.00124626	1.5349
0.00125212	0.986985
0.00125799	0.617697
0.00126386	0.380682
0.00126972	0.226283
0.00127559	0.133742
0.00128146	0.075116
0.00128732	0.0426773
0.00129319	0.0223374
0.00129906	0.0123628
0.00130492	0.00615396
0.00131079	0.00323669
0.00131666	0.00153518
0.00132252	0.000764632
0.00132839	0.000313256
0.00133426	0.000162797
