0.000500379	5.68467e-77
0.000507922	3.38609e-74
0.000515465	1.35273e-73
0.000523008	6.71065e-71
0.00053055	2.70616e-70
0.000538093	1.11752e-67
0.000545636	4.55131e-67
0.000553179	1.56445e-64
0.000560721	6.4352e-64
0.000568264	1.84117e-61
0.000575807	7.64953e-61
0.00058335	1.82168e-58
0.000590892	7.64468e-58
0.000598435	1.51534e-55
0.000605978	6.42305e-55
0.000613521	1.05981e-52
0.000621063	4.53719e-52
0.000628606	6.23246e-50
0.000636149	2.69467e-49
0.000643692	3.08199e-47
0.000651234	1.34556e-46
0.000658777	1.28169e-44
0.00066632	5.64929e-44
0.000673862	4.48297e-42
0.000681405	1.99429e-41
0.000688948	1.31897e-39
0.000696491	5.91976e-39
0.000704033	3.26484e-37
0.000711576	1.47759e-36
0.000719119	6.80033e-35
0.000726662	3.10145e-34
0.000734204	1.19217e-32
0.000741747	5.47464e-32
0.00074929	1.75959e-30
0.000756833	8.12751e-30
0.000764375	2.18721e-28
0.000771918	1.01486e-27
0.000779461	2.29057e-26
0.000787004	1.06595e-25
0.000794546	2.02193e-24
0.000802089	9.41883e-24
0.000809632	1.5052e-22
0.000817175	7.00237e-22
0.000824717	9.45559e-21
0.00083226	4.38069e-20
0.000839803	5.01594e-19
0.000847345	2.30657e-18
0.000854888	2.24865e-17
0.000862431	1.02236e-16
0.000869974	8.52648e-16
0.000877516	3.81553e-15
0.000885059	2.73713e-14
0.000892602	1.19934e-13
0.000900145	7.44596e-13
0.000907687	3.17618e-12
0.00091523	1.7182e-11
0.000922773	7.08926e-11
0.000930316	3.36645e-10
0.000937858	1.33418e-09
0.000945401	5.60552e-09
0.000952944	2.11813e-08
0.000960487	7.93877e-08
0.000968029	2.83828e-07
0.000975572	9.56917e-07
0.000983115	3.21209e-06
0.000990658	9.82185e-06
0.0009982	3.07218e-05
0.00100574	8.58699e-05
0.00101329	0.00024852
0.00102083	0.000639532
0.00102837	0.00170172
0.00103591	0.00405716
0.00104346	0.00987207
0.001051	0.0219187
0.00105854	0.0485663
0.00106608	0.100805
0.00107363	0.202818
0.00108117	0.400063
0.00108871	0.730613
0.00109626	1.34284
0.0011038	2.25628
0.00111134	3.7655
0.00111888	5.87896
0.00112643	8.95874
0.00113397	12.9909
0.00114151	18.1835
0.00114906	24.5064
0.0011566	31.7786
0.00116414	39.987
0.00117168	48.7068
0.00117923	57.9719
0.00118677	67.8723
0.00119431	78.4724
0.00120185	91.2618
0.0012094	106.279
0.00121694	126.396
0.00122448	151.595
0.00123203	184.799
0.00123957	225.966
0.00124711	276.398
0.00125465	336.08
0.0012622	404.086
0.00126974	480.438
0.00127728	562.669
0.00128482	650.808
0.00129237	741.813
0.00129991	835.703
0.00130745	929.458
0.001315	1023.06
0.00132254	1114.14
0.00133008	1202.6
0.00133762	1287.67
0.00134517	1369.21
0.00135271	1448.75
0.00136025	1526.17
0.00136779	1605.03
0.00137534	1685.31
0.00138288	1771.22
0.00139042	1862.91
0.00139797	1963.25
0.00140551	2072.58
0.00141305	2190.56
0.00142059	2317.66
0.00142814	2449.23
0.00143568	2585.67
0.00144322	2718.3
0.00145076	2847.16
0.00145831	2961.82
0.00146585	3061.67
0.00147339	3139.97
0.00148094	3198.94
0.00148848	3213.11
0.00149602	3211.96
0.00150356	3206.14
0.00151111	3165.1
0.00151865	3112.39
0.00152619	3052.78
0.00153373	2991.77
0.00154128	2930.84
0.00154882	2872.56
0.00155636	2818.14
0.00156391	2765.06
0.00157145	2713.63
0.00157899	2659.34
0.00158653	2601.67
0.00159408	2537.19
0.00160162	2465.04
0.00160916	2384.39
0.0016167	2294.51
0.00162425	2197.15
0.00163179	2092.06
0.00163933	1982.47
0.00164688	1868.76
0.00165442	1754.05
0.00166196	1639.13
0.0016695	1525.74
0.00167705	1414.58
0.00168459	1305.95
0.00169213	1200.08
0.00169968	1096.99
0.00170722	996.524
0.00171476	899.645
0.0017223	806.292
0.00172985	718.29
0.00173739	636.047
0.00174493	561.112
0.00175247	494.208
0.00176002	435.609
0.00176756	385.875
0.0017751	343.911
0.00178265	309.761
0.00179019	281.604
0.00179773	258.962
0.00180527	240.086
0.00181282	224.225
0.00182036	210.222
0.0018279	197.375
0.00183544	185.208
0.00184299	173.287
0.00185053	161.534
0.00185807	149.797
0.00186562	138.055
0.00187316	126.265
0.0018807	114.393
0.00188824	102.369
0.00189579	90.3126
0.00190333	78.1853
0.00191087	66.3307
0.00191841	54.8793
0.00192596	44.2036
0.0019335	34.5849
0.00194104	26.1698
0.00194859	19.2027
0.00195613	13.5512
0.00196367	9.26154
0.00197121	6.07256
0.00197876	3.83924
0.0019863	2.3386
0.00199384	1.28284
0.00200138	0.770527
