0.000500379	2.76492e-76
0.000507922	2.78863e-73
0.000515465	1.11462e-72
0.000523008	9.11449e-70
0.00053055	3.67852e-69
0.000538093	2.43795e-66
0.000545636	9.93842e-66
0.000553179	5.33805e-63
0.000560721	2.19817e-62
0.000568264	9.56781e-60
0.000575807	3.98022e-59
0.00058335	1.40386e-56
0.000590892	5.89999e-56
0.000598435	1.68627e-53
0.000605978	7.15973e-53
0.000613521	1.65821e-50
0.000621063	7.11283e-50
0.000628606	1.335e-47
0.000636149	5.78482e-47
0.000643692	8.79995e-45
0.000651234	3.85159e-44
0.000658777	4.7497e-42
0.00066632	2.09939e-41
0.000673862	2.09933e-39
0.000681405	9.36811e-39
0.000688948	7.59938e-37
0.000696491	3.4223e-36
0.000704033	2.25332e-34
0.000711576	1.02352e-33
0.000719119	5.47388e-32
0.000726662	2.50603e-31
0.000734204	1.08968e-29
0.000741747	5.0234e-29
0.00074929	1.77812e-27
0.000756833	8.24394e-27
0.000764375	2.37921e-25
0.000771918	1.10766e-24
0.000779461	2.61158e-23
0.000787004	1.21849e-22
0.000794546	2.35289e-21
0.000802089	1.09748e-20
0.000809632	1.74099e-19
0.000817175	8.09376e-19
0.000824717	1.05879e-17
0.00083226	4.88767e-17
0.000839803	5.29672e-16
0.000847345	2.41703e-15
0.000854888	2.18176e-14
0.000862431	9.78879e-14
0.000869974	7.40744e-13
0.000877516	3.24704e-12
0.000885059	2.07528e-11
0.000892602	8.8231e-11
0.000900145	4.80317e-10
0.000907687	1.96429e-09
0.00091523	9.1939e-09
0.000922773	3.58376e-08
0.000930316	1.45686e-07
0.000937858	5.3598e-07
0.000945401	1.91259e-06
0.000952944	6.57355e-06
0.000960487	2.08133e-05
0.000968029	6.6146e-05
0.000975572	0.000187788
0.000983115	0.000546435
0.000990658	0.00140465
0.0009982	0.00370914
0.00100574	0.00870781
0.00101329	0.0207111
0.00102083	0.0447206
0.00102837	0.0952823
0.00103591	0.192081
0.00104346	0.365193
0.001051	0.689749
0.00105854	1.18061
0.00106608	1.99397
0.00107363	3.13492
0.00108117	4.77965
0.00108871	6.91696
0.00109626	9.62188
0.0011038	12.8758
0.00111134	16.5785
0.00111888	20.7282
0.00112643	25.1932
0.00113397	30.0001
0.00114151	35.2952
0.00114906	41.1145
0.0011566	48.0393
0.00116414	56.0898
0.00117168	66.1219
0.00117923	78.1407
0.00118677	93.0907
0.00119431	110.974
0.00120185	132.877
0.0012094	158.79
0.00121694	189.8
0.00122448	225.88
0.00123203	267.272
0.00123957	313.955
0.00124711	364.608
0.00125465	419.239
0.0012622	475.961
0.00126974	534.773
0.00127728	595.475
0.00128482	658.027
0.00129237	724.56
0.00129991	795.06
0.00130745	871.691
0.001315	954.541
0.00132254	1043.18
0.00133008	1137.72
0.00133762	1235.36
0.00134517	1336.08
0.00135271	1437.28
0.00136025	1538.8
0.00136779	1640.39
0.00137534	1741.85
0.00138288	1845.48
0.00139042	1951.22
0.00139797	2062.29
0.00140551	2178.97
0.00141305	2302.06
0.00142059	2432.2
0.00142814	2564.22
0.00143568	2698.69
0.00144322	2824.8
0.00145076	2942.27
0.00145831	3040.94
0.00146585	3119.54
0.00147339	3176.53
0.00148094	3212.58
0.00148848	3220.19
0.00149602	3217.84
0.00150356	3211.61
0.00151111	3191.78
0.00151865	3167.27
0.00152619	3140.41
0.00153373	3109.1
0.00154128	3073.59
0.00154882	3031.52
0.00155636	2982.53
0.00156391	2925.79
0.00157145	2861
0.00157899	2788.43
0.00158653	2708
0.00159408	2620.33
0.00160162	2525.33
0.00160916	2424.36
0.0016167	2317.44
0.00162425	2206.44
0.00163179	2091.77
0.00163933	1974.29
0.00164688	1854.47
0.00165442	1731.75
0.00166196	1606.02
0.0016695	1477.34
0.00167705	1345.07
0.00168459	1212.19
0.00169213	1078.52
0.00169968	949.409
0.00170722	825.909
0.00171476	712.636
0.0017223	611.427
0.00172985	523.457
0.00173739	450.122
0.00174493	389.255
0.00175247	341.003
0.00176002	301.918
0.00176756	271.123
0.0017751	245.702
0.00178265	224.455
0.00179019	205.662
0.00179773	188.306
0.00180527	171.826
0.00181282	155.626
0.00182036	139.921
0.0018279	124.596
0.00183544	110.008
0.00184299	96.3293
0.00185053	83.6054
0.00185807	71.9512
0.00186562	61.2123
0.00187316	51.3229
0.0018807	42.2633
0.00188824	33.9632
0.00189579	26.5565
0.00190333	20.1052
0.00191087	14.6574
0.00191841	10.3105
0.00192596	6.92115
0.0019335	4.47449
0.00194104	2.75031
0.00194859	1.61647
0.00195613	0.911188
0.00196367	0.47464
0.00197121	0.250866
0.00197876	0.117308
0.0019863	0.0571194
0.00199384	0.0223201
0.00200138	0.0107203
