0.000500379	1.29007e-33
0.000506246	7.15897e-32
0.000512113	2.82489e-31
0.000517979	1.28896e-29
0.000523846	5.0927e-29
0.000529712	1.90385e-27
0.000535579	7.55901e-27
0.000541445	2.31794e-25
0.000547312	9.23775e-25
0.000553178	2.32698e-23
0.000559045	9.29546e-23
0.000564911	1.92701e-21
0.000570778	7.70198e-21
0.000576644	1.317e-19
0.000582511	5.25524e-19
0.000588378	7.43283e-18
0.000594244	2.95313e-17
0.000600111	3.46652e-16
0.000605977	1.36686e-15
0.000611844	1.33708e-14
0.00061771	5.2118e-14
0.000623577	4.26926e-13
0.000629443	1.63742e-12
0.00063531	1.12964e-11
0.000641176	4.23994e-11
0.000647043	2.4799e-10
0.000652909	9.05181e-10
0.000658776	4.52254e-09
0.000664643	1.59399e-08
0.000670509	6.8607e-08
0.000676376	2.3167e-07
0.000682242	8.6694e-07
0.000688109	2.78116e-06
0.000693975	9.13792e-06
0.000699842	2.76061e-05
0.000705708	8.04541e-05
0.000711575	0.000226886
0.000717441	0.000592532
0.000723308	0.00154681
0.000729174	0.00365614
0.000735041	0.00876986
0.000740908	0.0189373
0.000746774	0.0414947
0.000752641	0.082555
0.000758507	0.164652
0.000764374	0.311946
0.00077024	0.559474
0.000776107	0.980746
0.000781973	1.6181
0.00078784	2.61612
0.000793706	4.02415
0.000799573	6.0588
0.000805439	8.77238
0.000811306	12.4477
0.000817173	17.1363
0.000823039	23.1842
0.000828906	30.6241
0.000834772	39.8226
0.000840639	50.7554
0.000846505	63.6369
0.000852372	78.3697
0.000858238	94.7702
0.000864105	112.728
0.000869971	131.646
0.000875838	151.498
0.000881704	171.684
0.000887571	192.285
0.000893438	213.194
0.000899304	234.515
0.000905171	256.678
0.000911037	279.722
0.000916904	304.186
0.00092277	330.071
0.000928637	357.763
0.000934503	387.317
0.00094037	419.328
0.000946236	453.916
0.000952103	492.413
0.000957969	534.899
0.000963836	583.212
0.000969703	637.287
0.000975569	698.3
0.000981436	766.07
0.000987302	839.993
0.000993169	919.912
0.000999035	1003.54
0.0010049	1090.87
0.00101077	1179.5
0.00101663	1269.56
0.0010225	1360.53
0.00102837	1452.56
0.00103423	1547.68
0.0010401	1645.92
0.00104597	1750.04
0.00105183	1859.95
0.0010577	1975.91
0.00106357	2097.81
0.00106943	2221.64
0.0010753	2347.39
0.00108117	2468.36
0.00108703	2584.6
0.0010929	2690.39
0.00109877	2785.75
0.00110463	2868.94
0.0011105	2939.89
0.00111637	3001.08
0.00112223	3052.43
0.0011281	3098.08
0.00113397	3138.06
0.00113983	3174.82
0.0011457	3208.49
0.00115157	3238.44
0.00115743	3264.79
0.0011633	3285.29
0.00116916	3300.25
0.00117503	3302.74
0.0011809	3298.09
0.00118676	3286.98
0.00119263	3259.57
0.0011985	3219.92
0.00120436	3168.41
0.00121023	3106.66
0.0012161	3034.32
0.00122196	2957.6
0.00122783	2876.5
0.0012337	2798
0.00123956	2722.7
0.00124543	2653.71
0.0012513	2591.87
0.00125716	2534.53
0.00126303	2482.09
0.0012689	2428.85
0.00127476	2374.43
0.00128063	2314.63
0.0012865	2248.64
0.00129236	2176.16
0.00129823	2096.61
0.0013041	2012.57
0.00130996	1924.07
0.00131583	1834.12
0.00132169	1743.13
0.00132756	1653.01
0.00133343	1564.15
0.00133929	1477.35
0.00134516	1392.81
0.00135103	1310.74
0.00135689	1231.26
0.00136276	1154.16
0.00136863	1079.52
0.00137449	1006.68
0.00138036	935.578
0.00138623	865.53
0.00139209	796.268
0.00139796	727.984
0.00140383	660.391
0.00140969	594.934
0.00141556	531.658
0.00142143	472.522
0.00142729	418.02
0.00143316	369.297
0.00143903	327.008
0.00144489	290.673
0.00145076	260.627
0.00145663	235.141
0.00146249	213.96
0.00146836	195.288
0.00147422	178.474
0.00148009	162.634
0.00148596	147.186
0.00149182	132.239
0.00149769	117.6
0.00150356	103.743
0.00150942	90.8123
0.00151529	79.037
0.00152116	68.6162
0.00152702	59.3965
0.00153289	51.4217
0.00153876	44.3834
0.00154462	38.1655
0.00155049	32.5634
0.00155636	27.4261
0.00156222	22.7352
0.00156809	18.4186
0.00157396	14.5508
0.00157982	11.1545
0.00158569	8.26065
0.00159156	5.91626
0.00159742	4.05901
0.00160329	2.68856
0.00160916	1.69757
0.00161502	1.02977
0.00162089	0.597766
0.00162675	0.326527
0.00163262	0.176218
0.00163849	0.0854076
0.00164435	0.0433407
0.00165022	0.0193171
0.00165609	0.00884061
0.00166195	0.00332951
0.00166782	0.00149248
