0.000166815	2.66965e-05
0.000171844	4.88919e-05
0.000176872	0.000115478
0.000181901	0.000224314
0.000186929	0.000460618
0.000191958	0.000858229
0.000196986	0.00169528
0.000202014	0.00303618
0.000207043	0.0057615
0.000212071	0.010082
0.0002171	0.018127
0.000222128	0.03083
0.000227157	0.0528131
0.000232185	0.0869696
0.000237214	0.142604
0.000242242	0.227075
0.00024727	0.357368
0.000252299	0.549886
0.000257327	0.832552
0.000262356	1.23772
0.000267384	1.80645
0.000272413	2.59542
0.000277441	3.65787
0.000282469	5.08175
0.000287498	6.92622
0.000292526	9.31081
0.000297555	12.2876
0.000302583	15.9948
0.000307612	20.4591
0.00031264	25.8051
0.000317669	32.015
0.000322697	39.1492
0.000327725	47.1348
0.000332754	55.9089
0.000337782	65.3512
0.000342811	75.2357
0.000347839	85.4264
0.000352868	95.5472
0.000357896	105.498
0.000362924	114.847
0.000367953	123.583
0.000372981	131.387
0.00037801	138.364
0.000383038	144.503
0.000388067	150.011
0.000393095	155.312
0.000398123	160.657
0.000403152	166.897
0.00040818	174.248
0.000413209	183.811
0.000418237	195.712
0.000423266	211.023
0.000428294	229.762
0.000433323	252.709
0.000438351	279.804
0.000443379	311.401
0.000448408	347.413
0.000453436	387.804
0.000458465	432.508
0.000463493	481.264
0.000468522	534.042
0.00047355	590.543
0.000478578	650.758
0.000483607	714.446
0.000488635	781.588
0.000493664	851.956
0.000498692	925.497
0.000503721	1001.84
0.000508749	1080.89
0.000513778	1161.98
0.000518806	1245.01
0.000523834	1328.95
0.000528863	1413.75
0.000533891	1498.21
0.00053892	1582.32
0.000543948	1665.04
0.000548977	1746.43
0.000554005	1825.97
0.000559033	1903.74
0.000564062	1979.91
0.00056909	2054.54
0.000574119	2128.35
0.000579147	2201.36
0.000584176	2274.48
0.000589204	2347.68
0.000594233	2421.63
0.000599261	2496.28
0.000604289	2571.79
0.000609318	2648.11
0.000614346	2724.82
0.000619375	2801.86
0.000624403	2878.23
0.000629432	2953.89
0.00063446	3027.25
0.000639488	3098.27
0.000644517	3164.76
0.000649545	3226.71
0.000654574	3281.52
0.000659602	3329.2
0.000664631	3367.79
0.000669659	3397.29
0.000674688	3410.26
0.000679716	3415.65
0.000684744	3413.57
0.000689773	3394.28
0.000694801	3364.74
0.00069983	3325.07
0.000704858	3276.89
0.000709887	3220.16
0.000714915	3157.63
0.000719943	3089.29
0.000724972	3017.66
0.00073	2942.77
0.000735029	2866.57
0.000740057	2789.1
0.000745086	2711.74
0.000750114	2634.52
0.000755143	2558.4
0.000760171	2483.4
0.000765199	2410.19
0.000770228	2338.8
0.000775256	2269.55
0.000780285	2202.5
0.000785313	2137.6
0.000790342	2074.87
0.00079537	2013.93
0.000800398	1954.77
0.000805427	1896.83
0.000810455	1840.07
0.000815484	1783.97
0.000820512	1728.49
0.000825541	1673.31
0.000830569	1618.37
0.000835598	1563.55
0.000840626	1508.83
0.000845654	1454.13
0.000850683	1399.46
0.000855711	1344.71
0.00086074	1289.87
0.000865768	1234.8
0.000870797	1179.49
0.000875825	1123.85
0.000880853	1067.83
0.000885882	1011.57
0.00089091	954.998
0.000895939	898.499
0.000900967	842.05
0.000905996	786.246
0.000911024	731.12
0.000916052	677.384
0.000921081	625.129
0.000926109	575.035
0.000931138	527.238
0.000936166	482.233
0.000941195	440.172
0.000946223	401.246
0.000951252	365.582
0.00095628	333.032
0.000961308	303.656
0.000966337	277.029
0.000971365	253.122
0.000976394	231.381
0.000981422	211.694
0.000986451	193.548
0.000991479	176.782
0.000996507	161.049
0.00100154	146.193
0.00100656	132.069
0.00101159	118.569
0.00101662	105.706
0.00102165	93.4402
0.00102668	81.8616
0.00103171	70.9849
0.00103673	60.8995
0.00104176	51.6474
0.00104679	43.2672
0.00105182	35.7986
0.00105685	29.2145
0.00106188	23.5311
0.00106691	18.6676
0.00107193	14.6089
0.00107696	11.2453
0.00108199	8.53434
0.00108702	6.36404
0.00109205	4.6753
0.00109708	3.37289
0.0011021	2.39422
0.00110713	1.6694
0.00111216	1.14285
0.00111719	0.769743
0.00112222	0.507194
0.00112725	0.329956
0.00113228	0.2088
0.0011373	0.131264
0.00114233	0.0795762
0.00114736	0.0483951
0.00115239	0.0280251
0.00115742	0.0165172
0.00116245	0.00827468
0.00116747	0.00521419
