3.33898e-05	0.588167
3.52334e-05	0.878553
3.70771e-05	1.34193
3.89207e-05	1.95681
4.07644e-05	2.78594
4.2608e-05	3.87919
4.44517e-05	5.26462
4.62953e-05	6.99572
4.8139e-05	9.0622
4.99827e-05	11.4935
5.18263e-05	14.2302
5.367e-05	17.2439
5.55136e-05	20.4425
5.73573e-05	23.7245
5.92009e-05	27.0122
6.10446e-05	30.1607
6.28882e-05	33.1658
6.47319e-05	35.9193
6.65755e-05	38.5291
6.84192e-05	41.024
7.02628e-05	43.6188
7.21065e-05	46.547
7.39502e-05	50.0876
7.57938e-05	54.6782
7.76375e-05	60.6146
7.94811e-05	68.4826
8.13248e-05	78.57
8.31684e-05	91.5516
8.50121e-05	107.702
8.68557e-05	127.757
8.86994e-05	151.959
9.0543e-05	181.081
9.23867e-05	215.274
9.42303e-05	255.249
9.6074e-05	300.984
9.79177e-05	352.909
9.97613e-05	410.807
0.000101605	474.574
0.000103449	543.9
0.000105292	618.1
0.000107136	696.977
0.00010898	779.619
0.000110823	866.132
0.000112667	956.065
0.000114511	1049.83
0.000116354	1148.01
0.000118198	1251.08
0.000120042	1360.58
0.000121885	1476.65
0.000123729	1600.82
0.000125572	1732.72
0.000127416	1872.48
0.00012926	2019.35
0.000131103	2171.31
0.000132947	2327.65
0.000134791	2484.77
0.000136634	2642.46
0.000138478	2797.33
0.000140322	2949.79
0.000142165	3098.68
0.000144009	3244.78
0.000145853	3390.03
0.000147696	3535.13
0.00014954	3684.31
0.000151384	3837.82
0.000153227	4000.08
0.000155071	4170.78
0.000156915	4352.24
0.000158758	4543.84
0.000160602	4744.48
0.000162446	4953.51
0.000164289	5166.63
0.000166133	5383.38
0.000167977	5597.67
0.00016982	5809.37
0.000171664	6012.54
0.000173507	6207.39
0.000175351	6390.04
0.000177195	6560.89
0.000179038	6719.37
0.000180882	6865.88
0.000182726	7003.13
0.000184569	7131.37
0.000186413	7255.17
0.000188257	7374.5
0.0001901	7493.39
0.000191944	7611.62
0.000193788	7730.33
0.000195631	7849.27
0.000197475	7965.83
0.000199319	8079.86
0.000201162	8186.02
0.000203006	8284.32
0.00020485	8369.01
0.000206693	8440.19
0.000208537	8495.82
0.000210381	8535.53
0.000212224	8542.13
0.000214068	8542.52
0.000215912	8536.52
0.000217755	8499.16
0.000219599	8447.86
0.000221442	8382.65
0.000223286	8302.77
0.00022513	8208.22
0.000226973	8099.02
0.000228817	7975.16
0.000230661	7837.08
0.000232504	7684.7
0.000234348	7520.26
0.000236192	7343.66
0.000238035	7159.23
0.000239879	6966.9
0.000241723	6771.82
0.000243566	6574.08
0.00024541	6377.63
0.000247254	6182.67
0.000249097	5990.55
0.000250941	5801.5
0.000252785	5614.41
0.000254628	5429.38
0.000256472	5244.2
0.000258316	5058.8
0.000260159	4871.47
0.000262003	4682.01
0.000263847	4490.06
0.00026569	4295.42
0.000267534	4099.16
0.000269377	3901.16
0.000271221	3703.67
0.000273065	3506.66
0.000274908	3313.3
0.000276752	3123.67
0.000278596	2941.33
0.000280439	2766.57
0.000282283	2602.26
0.000284127	2448.88
0.00028597	2307.31
0.000287814	2178.1
0.000289658	2059.47
0.000291501	1951.71
0.000293345	1851.1
0.000295189	1757.43
0.000297032	1666.87
0.000298876	1578.77
0.00030072	1491.1
0.000302563	1403.1
0.000304407	1315.29
0.000306251	1227.27
0.000308094	1141.32
0.000309938	1057.62
0.000311782	978.528
0.000313625	904.652
0.000315469	836.961
0.000317312	776.071
0.000319156	721.125
0.000321	672.36
0.000322843	627.753
0.000324687	587.033
0.000326531	548.18
0.000328374	510.595
0.000330218	473.184
0.000332062	435.362
0.000333905	397.205
0.000335749	358.42
0.000337593	319.882
0.000339436	281.67
0.00034128	244.842
0.000343124	209.729
0.000344967	177.084
0.000346811	147.289
0.000348655	120.6
0.000350498	97.2826
0.000352342	77.1552
0.000354186	60.2969
0.000356029	46.2739
0.000357873	34.9952
0.000359717	25.96
0.00036156	18.9718
0.000363404	13.5886
0.000365247	9.58012
0.000367091	6.61824
0.000368935	4.49217
0.000370778	2.99056
0.000372622	1.9497
0.000374466	1.2502
0.000376309	0.780768
0.000378153	0.482261
0.000379997	0.287594
0.00038184	0.171259
0.000383684	0.0971574
0.000385528	0.0558756
0.000387371	0.0298275
0.000389215	0.0167437
0.000391059	0.00851904
0.000392902	0.00459377
0.000394746	0.00223811
0.00039659	0.00115203
0.000398433	0.000485857
0.000400277	0.000263799
