3.33898e-05	204.033
3.48982e-05	241.75
3.64066e-05	285.265
3.7915e-05	334.589
3.94234e-05	389.685
4.09318e-05	450.641
4.24402e-05	517.09
4.39487e-05	588.849
4.54571e-05	665.353
4.69655e-05	746.105
4.84739e-05	830.447
4.99823e-05	917.597
5.14907e-05	1006.94
5.29991e-05	1097.53
5.45076e-05	1188.93
5.6016e-05	1280.23
5.75244e-05	1371.27
5.90328e-05	1461.41
6.05412e-05	1550.79
6.20496e-05	1639.21
6.3558e-05	1727.06
6.50665e-05	1814.64
6.65749e-05	1902.46
6.80833e-05	1991.26
6.95917e-05	2081.47
7.11001e-05	2174.04
7.26085e-05	2269.2
7.41169e-05	2367.81
7.56253e-05	2469.86
7.71338e-05	2575.83
7.86422e-05	2685.54
8.01506e-05	2799.01
8.1659e-05	2916.04
8.31674e-05	3036.3
8.46758e-05	3159.71
8.61842e-05	3285.91
8.76927e-05	3415.01
8.92011e-05	3546.98
9.07095e-05	3682.09
9.22179e-05	3820.79
9.37263e-05	3963.37
9.52347e-05	4110.72
9.67431e-05	4262.94
9.82516e-05	4420.91
9.976e-05	4584.48
0.000101268	4753.95
0.000102777	4928.86
0.000104285	5108.47
0.000105794	5292.13
0.000107302	5477.86
0.00010881	5665.01
0.000110319	5850.63
0.000111827	6034.28
0.000113336	6212.68
0.000114844	6385.7
0.000116353	6550.6
0.000117861	6707.56
0.000119369	6855.12
0.000120878	6993.67
0.000122386	7123.44
0.000123895	7244.86
0.000125403	7359.74
0.000126911	7468.44
0.00012842	7573.78
0.000129928	7675.96
0.000131437	7778.01
0.000132945	7879.93
0.000134453	7984.09
0.000135962	8090.31
0.00013747	8199.61
0.000138979	8311.67
0.000140487	8425.74
0.000141996	8541.45
0.000143504	8656.21
0.000145012	8769.68
0.000146521	8877.76
0.000148029	8980.26
0.000149538	9072.28
0.000151046	9153.77
0.000152554	9220.37
0.000154063	9271.88
0.000155571	9302.77
0.00015708	9317.16
0.000158588	9313.98
0.000160097	9288.2
0.000161605	9244.21
0.000163113	9181.86
0.000164622	9103.44
0.00016613	9009
0.000167639	8901.93
0.000169147	8782.2
0.000170655	8653
0.000172164	8514.26
0.000173672	8368.19
0.000175181	8214.73
0.000176689	8054.88
0.000178197	7888.62
0.000179706	7716.1
0.000181214	7537.29
0.000182723	7352.11
0.000184231	7160.55
0.00018574	6962.87
0.000187248	6759.06
0.000188756	6549.98
0.000190265	6335.62
0.000191773	6117.4
0.000193282	5895.28
0.00019479	5670.92
0.000196298	5444.31
0.000197807	5217.03
0.000199315	4989.08
0.000200824	4761.87
0.000202332	4535.41
0.000203841	4310.99
0.000205349	4088.62
0.000206857	3869.63
0.000208366	3654.03
0.000209874	3443.26
0.000211383	3237.33
0.000212891	3037.75
0.000214399	2844.53
0.000215908	2659.02
0.000217416	2481.28
0.000218925	2312.23
0.000220433	2151.98
0.000221941	2000.91
0.00022345	1859.12
0.000224958	1726.42
0.000226467	1602.88
0.000227975	1487.87
0.000229484	1381.41
0.000230992	1282.56
0.0002325	1191.32
0.000234009	1106.6
0.000235517	1028.36
0.000237026	955.547
0.000238534	888.076
0.000240042	825.017
0.000241551	766.273
0.000243059	711.103
0.000244568	659.408
0.000246076	610.674
0.000247585	564.812
0.000249093	521.534
0.000250601	480.772
0.00025211	442.42
0.000253618	406.44
0.000255127	372.831
0.000256635	341.584
0.000258143	312.71
0.000259652	286.223
0.00026116	262.071
0.000262669	240.27
0.000264177	220.665
0.000265685	203.261
0.000267194	187.794
0.000268702	174.243
0.000270211	162.271
0.000271719	151.828
0.000273228	142.545
0.000274736	134.348
0.000276244	126.891
0.000277753	120.083
0.000279261	113.647
0.00028077	107.487
0.000282278	101.424
0.000283786	95.3749
0.000285295	89.2712
0.000286803	83.0547
0.000288312	76.7566
0.00028982	70.3541
0.000291329	63.9465
0.000292837	57.5475
0.000294345	51.2818
0.000295854	45.1914
0.000297362	39.3857
0.000298871	33.9187
0.000300379	28.8571
0.000301887	24.2496
0.000303396	20.1114
0.000304904	16.4721
0.000306413	13.3035
0.000307921	10.6106
0.000309429	8.33922
0.000310938	6.47221
0.000312446	4.94785
0.000313955	3.7344
0.000315463	2.77629
0.000316972	2.0365
0.00031848	1.47233
0.000319988	1.04898
0.000321497	0.737638
0.000323005	0.510097
0.000324514	0.349016
0.000326022	0.234078
0.00032753	0.155925
0.000329039	0.101332
0.000330547	0.0657651
0.000332056	0.0396196
0.000333564	0.026185
