0.000500379	2.18306e-20
0.000506246	1.732e-19
0.000512113	6.27309e-19
0.000517979	4.59208e-18
0.000523846	1.60031e-17
0.000529712	1.05107e-16
0.000535579	3.62447e-16
0.000541445	2.14127e-15
0.000547312	7.28823e-15
0.000553178	3.88372e-14
0.000559045	1.30123e-13
0.000564911	6.27323e-13
0.000570778	2.06284e-12
0.000576644	9.02669e-12
0.000582511	2.90387e-11
0.000588378	1.1574e-10
0.000594244	3.6301e-10
0.000600111	1.32276e-09
0.000605977	4.03018e-09
0.000611844	1.34779e-08
0.00061771	3.97405e-08
0.000623577	1.22465e-07
0.000629443	3.48088e-07
0.00063531	9.92495e-07
0.000641176	2.70861e-06
0.000647043	7.17519e-06
0.000652909	1.87269e-05
0.000658776	4.62775e-05
0.000664643	0.000115059
0.000670509	0.000266292
0.000676376	0.000628346
0.000682242	0.0013671
0.000688109	0.00305075
0.000693975	0.00626149
0.000699842	0.0131725
0.000705708	0.0255837
0.000711575	0.0505984
0.000717441	0.0940458
0.000723308	0.173621
0.000729174	0.310934
0.000735041	0.534109
0.000740908	0.902932
0.000746774	1.46096
0.000752641	2.328
0.000758507	3.55688
0.000764374	5.33952
0.00077024	7.71605
0.000776107	10.9169
0.000781973	14.9379
0.00078784	19.9441
0.000793706	25.8673
0.000799573	32.6599
0.000805439	40.2074
0.000811306	48.1589
0.000817173	56.414
0.000823039	64.4046
0.000828906	72.1162
0.000834772	79.0565
0.000840639	85.3299
0.000846505	90.8921
0.000852372	95.9325
0.000858238	101.08
0.000864105	106.525
0.000869971	113.481
0.000875838	122.058
0.000881704	133.655
0.000887571	148.26
0.000893438	166.936
0.000899304	189.577
0.000905171	216.518
0.000911037	247.624
0.000916904	282.462
0.00092277	320.937
0.000928637	362.151
0.000934503	406.081
0.00094037	451.829
0.000946236	499.438
0.000952103	548.405
0.000957969	598.817
0.000963836	650.831
0.000969703	704.555
0.000975569	760.975
0.000981436	820.185
0.000987302	883.968
0.000993169	952.357
0.000999035	1027.42
0.0010049	1109.09
0.00101077	1198.65
0.00101663	1295.95
0.0010225	1400.3
0.00102837	1511.54
0.00103423	1626.5
0.0010401	1745.13
0.00104597	1862.53
0.00105183	1978.73
0.0010577	2088.92
0.00106357	2193.17
0.00106943	2288.54
0.0010753	2375.09
0.00108117	2452.65
0.00108703	2521.24
0.0010929	2582.94
0.00109877	2637.71
0.00110463	2688.31
0.0011105	2734.73
0.00111637	2778.81
0.00112223	2820.56
0.0011281	2860.33
0.00113397	2898.14
0.00113983	2933.4
0.0011457	2966.11
0.00115157	2995.8
0.00115743	3022.44
0.0011633	3046.21
0.00116916	3067.11
0.00117503	3085.64
0.0011809	3101.83
0.00118676	3115.8
0.00119263	3127.62
0.0011985	3136.7
0.00120436	3143.25
0.00121023	3144.41
0.0012161	3141.93
0.00122196	3136.16
0.00122783	3122.55
0.0012337	3101.72
0.00123956	3074.07
0.00124543	3037.8
0.0012513	2992.84
0.00125716	2938.06
0.00126303	2873.32
0.0012689	2798.21
0.00127476	2712.5
0.00128063	2617.05
0.0012865	2511.64
0.00129236	2398.69
0.00129823	2278.1
0.0013041	2153.38
0.00130996	2024.71
0.00131583	1895.76
0.00132169	1766.93
0.00132756	1641.13
0.00133343	1518.84
0.00133929	1401.79
0.00134516	1290.39
0.00135103	1185.21
0.00135689	1086.52
0.00136276	994.094
0.00136863	908.026
0.00137449	827.787
0.00138036	753.304
0.00138623	684.195
0.00139209	620.324
0.00139796	561.689
0.00140383	508.227
0.00140969	460.135
0.00141556	417.506
0.00142143	380.202
0.00142729	348.396
0.00143316	321.168
0.00143903	298.555
0.00144489	278.95
0.00145076	262.076
0.00145663	246.305
0.00146249	231.093
0.00146836	215.53
0.00147422	199.074
0.00148009	181.805
0.00148596	163.461
0.00149182	144.786
0.00149769	125.885
0.00150356	107.58
0.00150942	90.1989
0.00151529	74.223
0.00152116	59.9748
0.00152702	47.5125
0.00153289	37.0056
0.00153876	28.2329
0.00154462	21.1913
0.00155049	15.5678
0.00155636	11.2474
0.00156222	7.94703
0.00156809	5.51323
0.00157396	3.73907
0.00157982	2.4821
0.00158569	1.61209
0.00159156	1.01951
0.00159742	0.633015
0.00160329	0.379419
0.00160916	0.225097
0.00161502	0.127098
0.00162089	0.0721428
0.00162675	0.0377395
0.00163262	0.0208038
0.00163849	0.0102888
0.00164435	0.00536818
0.00165022	0.00251826
0.00165609	0.00123652
0.00166195	0.000499507
0.00166782	0.000253836
