0.000166815	1.8653e-39
0.00017352	1.03509e-37
0.000180225	4.08439e-37
0.000186929	1.92216e-35
0.000193634	7.59975e-35
0.000200339	3.02134e-33
0.000207043	1.20162e-32
0.000213748	4.03854e-31
0.000220453	1.61447e-30
0.000227157	4.59137e-29
0.000233862	1.84328e-28
0.000240566	4.44063e-27
0.000247271	1.78838e-26
0.000253976	3.65458e-25
0.00026068	1.47447e-24
0.000267385	2.56004e-23
0.00027409	1.03306e-22
0.000280794	1.52693e-21
0.000287499	6.15096e-21
0.000294204	7.75745e-20
0.000300908	3.11237e-19
0.000307613	3.35845e-18
0.000314317	1.3384e-17
0.000321022	1.23963e-16
0.000327727	4.89151e-16
0.000334431	3.90312e-15
0.000341136	1.51943e-14
0.000347841	1.04894e-13
0.000354545	4.01161e-13
0.00036125	2.40759e-12
0.000367955	9.00303e-12
0.000374659	4.72256e-11
0.000381364	1.71761e-10
0.000388068	7.9215e-10
0.000394773	2.78592e-09
0.000401478	1.13692e-08
0.000408182	3.84212e-08
0.000414887	1.39692e-07
0.000421592	4.50603e-07
0.000428296	1.46998e-06
0.000435001	4.49479e-06
0.000441706	1.32519e-05
0.00044841	3.81423e-05
0.000455115	0.000102359
0.000461819	0.000275416
0.000468524	0.00067737
0.000475229	0.00169272
0.000481933	0.00383954
0.000488638	0.00885805
0.000495343	0.0186339
0.000502047	0.0394849
0.000508752	0.077386
0.000515457	0.149998
0.000522161	0.283102
0.000528866	0.495788
0.000535571	0.858173
0.000542275	1.38989
0.00054898	2.20564
0.000555684	3.31254
0.000562389	4.82825
0.000569094	6.73313
0.000575798	9.05196
0.000582503	11.7459
0.000589208	14.675
0.000595912	17.8199
0.000602617	20.9649
0.000609322	24.148
0.000616026	27.3469
0.000622731	30.6401
0.000629435	34.4008
0.00063614	38.6717
0.000642845	44.0245
0.000649549	50.4055
0.000656254	58.0171
0.000662959	66.7439
0.000669663	76.0247
0.000676368	85.7901
0.000683073	95.0333
0.000689777	103.799
0.000696482	111.501
0.000703186	118.257
0.000709891	124.512
0.000716596	130.363
0.0007233	137.117
0.000730005	144.802
0.00073671	154.94
0.000743414	167.517
0.000750119	183.814
0.000756824	203.816
0.000763528	228.539
0.000770233	257.985
0.000776937	293.172
0.000783642	334.116
0.000790347	382.231
0.000797051	437.533
0.000803756	502.078
0.000810461	575.856
0.000817165	661.08
0.00082387	757.717
0.000830575	866.615
0.000837279	987.763
0.000843984	1118.93
0.000850689	1260.16
0.000857393	1405.91
0.000864098	1556.23
0.000870802	1704.34
0.000877507	1850.23
0.000884212	1989.04
0.000890916	2120.65
0.000897621	2243.84
0.000904326	2358.5
0.00091103	2466.09
0.000917735	2566.57
0.00092444	2661.91
0.000931144	2752.14
0.000937849	2838.49
0.000944553	2921
0.000951258	3000.49
0.000957963	3077
0.000964667	3151.27
0.000971372	3223.43
0.000978077	3293.06
0.000984781	3360.47
0.000991486	3422.3
0.000998191	3478.88
0.0010049	3524.35
0.0010116	3560.02
0.0010183	3567.87
0.00102501	3560.27
0.00103171	3541.2
0.00103842	3486.84
0.00104512	3408.7
0.00105183	3308.88
0.00105853	3191.68
0.00106524	3056.91
0.00107194	2913.63
0.00107865	2762.37
0.00108535	2611.56
0.00109206	2462.23
0.00109876	2319.83
0.00110546	2185.45
0.00111217	2060.92
0.00111887	1947.01
0.00112558	1842.78
0.00113228	1748.51
0.00113899	1661.91
0.00114569	1582.88
0.0011524	1508.72
0.0011591	1439.12
0.00116581	1371.4
0.00117251	1305.11
0.00117922	1238.07
0.00118592	1169.68
0.00119263	1099.09
0.00119933	1025.71
0.00120603	950.401
0.00121274	872.901
0.00121944	795.355
0.00122615	717.989
0.00123285	643.203
0.00123956	571.61
0.00124626	504.865
0.00125297	443.672
0.00125967	388.458
0.00126638	339.701
0.00127308	296.775
0.00127979	259.764
0.00128649	227.568
0.00129319	199.942
0.0012999	175.851
0.0013066	154.92
0.00131331	136.389
0.00132001	119.905
0.00132672	104.981
0.00133342	91.329
0.00134013	78.7289
0.00134683	66.9784
0.00135354	56.1141
0.00136024	46.0653
0.00136695	36.9875
0.00137365	28.9401
0.00138035	21.9935
0.00138706	16.2403
0.00139376	11.5717
0.00140047	8.00265
0.00140717	5.31516
0.00141388	3.41992
0.00142058	2.11279
0.00142729	1.25588
0.00143399	0.722897
0.0014407	0.391059
0.0014474	0.212574
0.00145411	0.104272
0.00146081	0.0536248
0.00146752	0.0244651
0.00147422	0.011558
0.00148092	0.00493318
0.00148763	0.00212612
0.00149433	0.00078169
0.00150104	0.000333548
