0.000166815	2.77725e-06
0.000171844	7.05879e-06
0.000176872	1.99034e-05
0.000181901	5.04645e-05
0.000186929	0.000125138
0.000191958	0.000292752
0.000196986	0.000690835
0.000202014	0.00149898
0.000207043	0.00335201
0.000212071	0.00677986
0.0002171	0.0143106
0.000222128	0.0271094
0.000227157	0.0538215
0.000232185	0.0976368
0.000237214	0.179044
0.000242242	0.310516
0.00024727	0.527164
0.000252299	0.864264
0.000257327	1.37287
0.000262356	2.12218
0.000267384	3.16715
0.000272413	4.61114
0.000277441	6.48481
0.000282469	8.89465
0.000287498	11.8158
0.000292526	15.2917
0.000297555	19.2358
0.000302583	23.5614
0.000307612	28.162
0.00031264	32.8209
0.000317669	37.4872
0.000322697	41.9276
0.000327725	46.2038
0.000332754	50.2489
0.000337782	54.2238
0.000342811	58.3523
0.000347839	62.8128
0.000352868	68.0716
0.000357896	74.2327
0.000362924	81.7972
0.000367953	90.7566
0.000372981	101.416
0.00037801	113.685
0.000383038	127.565
0.000388067	142.948
0.000393095	159.586
0.000398123	177.414
0.000403152	196.097
0.00040818	215.643
0.000413209	235.821
0.000418237	256.725
0.000423266	278.409
0.000428294	301.036
0.000433323	325.07
0.000438351	350.694
0.000443379	378.777
0.000448408	409.443
0.000453436	443.731
0.000458465	481.63
0.000463493	523.904
0.000468522	570.394
0.00047355	621.119
0.000478578	675.858
0.000483607	733.75
0.000488635	794.66
0.000493664	857.301
0.000498692	921.725
0.000503721	987.105
0.000508749	1053.64
0.000513778	1121.63
0.000518806	1191.26
0.000523834	1263.79
0.000528863	1339.25
0.000533891	1418.9
0.00053892	1502.6
0.000543948	1590.56
0.000548977	1682.57
0.000554005	1777.45
0.000559033	1875.04
0.000564062	1973.16
0.00056909	2071.77
0.000574119	2168.47
0.000579147	2263.29
0.000584176	2354.31
0.000589204	2441.59
0.000594233	2524.02
0.000599261	2601.66
0.000604289	2674.16
0.000609318	2741.58
0.000614346	2804.1
0.000619375	2861.76
0.000624403	2915.02
0.000629432	2963.9
0.00063446	3009.07
0.000639488	3050.54
0.000644517	3089.27
0.000649545	3125.27
0.000654574	3159.55
0.000659602	3192.11
0.000664631	3223.33
0.000669659	3253.21
0.000674688	3280.77
0.000679716	3306.02
0.000684744	3327.21
0.000689773	3344.49
0.000694801	3348.76
0.00069983	3349.54
0.000704858	3347.12
0.000709887	3328.81
0.000714915	3301.74
0.000719943	3266.23
0.000724972	3222.9
0.00073	3171.69
0.000735029	3114.99
0.000740057	3052.8
0.000745086	2987.43
0.000750114	2918.96
0.000755143	2848.77
0.000760171	2776.98
0.000765199	2703.83
0.000770228	2629.38
0.000775256	2553.37
0.000780285	2475.75
0.000785313	2396.74
0.000790342	2316.24
0.00079537	2235.33
0.000800398	2154.01
0.000805427	2073.46
0.000810455	1993.84
0.000815484	1915.32
0.000820512	1838.11
0.000825541	1761.13
0.000830569	1684.39
0.000835598	1606.58
0.000840626	1527.48
0.000845654	1446.89
0.000850683	1364.53
0.000855711	1281.71
0.00086074	1198.33
0.000865768	1116.43
0.000870797	1036.18
0.000875825	959.215
0.000880853	885.839
0.000885882	816.694
0.00089091	752.033
0.000895939	691.622
0.000900967	635.554
0.000905996	583.176
0.000911024	534.426
0.000916052	488.715
0.000921081	445.89
0.000926109	405.765
0.000931138	368.202
0.000936166	333.458
0.000941195	301.514
0.000946223	272.773
0.000951252	247.355
0.00095628	225.364
0.000961308	206.961
0.000966337	191.705
0.000971365	179.654
0.000976394	169.931
0.000981422	162.411
0.000986451	156.122
0.000991479	150.797
0.000996507	145.688
0.00100154	140.491
0.00100656	134.835
0.00101159	128.48
0.00101662	121.422
0.00102165	113.543
0.00102668	105.095
0.00103171	96.0886
0.00103673	86.8802
0.00104176	77.5792
0.00104679	68.5091
0.00105182	59.8231
0.00105685	51.7276
0.00106188	44.3656
0.00106691	37.7972
0.00107193	32.1164
0.00107696	27.2496
0.00108199	23.2192
0.00108702	19.8675
0.00109205	17.1421
0.00109708	14.8769
0.0011021	12.9716
0.00110713	11.3194
0.00111216	9.821
0.00111719	8.44987
0.00112222	7.14983
0.00112725	5.94329
0.00113228	4.82417
0.0011373	3.81684
0.00114233	2.9399
0.00114736	2.19429
0.00115239	1.59287
0.00115742	1.11678
0.00116245	0.750831
0.00116747	0.500232
