3.33898e-05	25.9279
3.52334e-05	30.5226
3.70771e-05	35.5339
3.89207e-05	41.001
4.07644e-05	46.8092
4.2608e-05	52.8734
4.44517e-05	59.1258
4.62953e-05	65.4663
4.8139e-05	71.874
4.99827e-05	78.2679
5.18263e-05	84.7
5.367e-05	91.1535
5.55136e-05	97.763
5.73573e-05	104.619
5.92009e-05	111.928
6.10446e-05	119.912
6.28882e-05	128.816
6.47319e-05	138.989
6.65755e-05	150.667
6.84192e-05	164.28
7.02628e-05	180.007
7.21065e-05	198.282
7.39502e-05	219.185
7.57938e-05	243.059
7.76375e-05	269.876
7.94811e-05	299.801
8.13248e-05	332.717
8.31684e-05	368.565
8.50121e-05	407.193
8.68557e-05	448.342
8.86994e-05	491.893
9.0543e-05	537.492
9.23867e-05	585.124
9.42303e-05	634.515
9.6074e-05	685.802
9.79177e-05	738.998
9.97613e-05	794.4
0.000101605	852.484
0.000103449	913.657
0.000105292	978.93
0.000107136	1048.72
0.00010898	1124.48
0.000110823	1206.51
0.000112667	1296.39
0.000114511	1394.23
0.000116354	1501.29
0.000118198	1617.43
0.000120042	1743.15
0.000121885	1878.08
0.000123729	2021.64
0.000125572	2173.31
0.000127416	2331.37
0.00012926	2495.26
0.000131103	2662.33
0.000132947	2832.13
0.000134791	3001.55
0.000136634	3170.33
0.000138478	3335.49
0.000140322	3497.04
0.000142165	3652.8
0.000144009	3803.02
0.000145853	3946.87
0.000147696	4084.77
0.00014954	4217.55
0.000151384	4345.66
0.000153227	4471.52
0.000155071	4595.46
0.000156915	4720.88
0.000158758	4847.92
0.000160602	4979.93
0.000162446	5116.8
0.000164289	5260.7
0.000166133	5411.32
0.000167977	5568.68
0.00016982	5732.4
0.000171664	5900.06
0.000173507	6071.32
0.000175351	6241.79
0.000177195	6411.25
0.000179038	6574.38
0.000180882	6731.17
0.000182726	6876.64
0.000184569	7010.92
0.000186413	7130.45
0.000188257	7235.41
0.0001901	7324.23
0.000191944	7397.06
0.000193788	7454.31
0.000195631	7496.09
0.000197475	7524.98
0.000199319	7540.71
0.000201162	7541.8
0.000203006	7536.53
0.00020485	7525.07
0.000206693	7504.38
0.000208537	7479.84
0.000210381	7451.34
0.000212224	7420.75
0.000214068	7388.05
0.000215912	7353.84
0.000217755	7318.13
0.000219599	7280.01
0.000221442	7239.49
0.000223286	7194.56
0.00022513	7145.24
0.000226973	7089.2
0.000228817	7026.44
0.000230661	6955.24
0.000232504	6875.56
0.000234348	6786.95
0.000236192	6689.32
0.000238035	6583.56
0.000239879	6469.6
0.000241723	6349.17
0.000243566	6222.26
0.00024541	6090.71
0.000247254	5954.57
0.000249097	5815.14
0.000250941	5672.49
0.000252785	5527.16
0.000254628	5379.21
0.000256472	5228.58
0.000258316	5075.29
0.000260159	4919.18
0.000262003	4760.2
0.000263847	4598.47
0.00026569	4433.94
0.000267534	4267.16
0.000269377	4098.08
0.000271221	3927.57
0.000273065	3755.64
0.000274908	3583.21
0.000276752	3410.32
0.000278596	3237.81
0.000280439	3065.73
0.000282283	2894.87
0.000284127	2725.25
0.00028597	2557.79
0.000287814	2392.51
0.000289658	2230.59
0.000291501	2072.09
0.000293345	1918.47
0.000295189	1769.83
0.000297032	1627.69
0.000298876	1492.26
0.00030072	1364.75
0.000302563	1245.43
0.000304407	1134.92
0.000306251	1033.48
0.000308094	941.003
0.000309938	857.654
0.000311782	782.678
0.000313625	716.1
0.000315469	656.745
0.000317312	604.493
0.000319156	558.046
0.000321	517.172
0.000322843	480.691
0.000324687	448.323
0.000326531	419.136
0.000328374	392.861
0.000330218	368.832
0.000332062	346.826
0.000333905	326.4
0.000335749	307.386
0.000337593	289.497
0.000339436	272.612
0.00034128	256.557
0.000343124	241.244
0.000344967	226.589
0.000346811	212.535
0.000348655	199.066
0.000350498	186.157
0.000352342	173.833
0.000354186	162.098
0.000356029	150.979
0.000357873	140.495
0.000359717	130.637
0.00036156	121.421
0.000363404	112.786
0.000365247	104.726
0.000367091	97.1434
0.000368935	90.0005
0.000370778	83.2019
0.000372622	76.6897
0.000374466	70.4067
0.000376309	64.2972
0.000378153	58.359
0.000379997	52.562
0.00038184	46.9487
0.000383684	41.525
0.000385528	36.3503
0.000387371	31.4598
0.000389215	26.9002
0.000391059	22.7168
0.000392902	18.9264
0.000394746	15.563
0.00039659	12.6118
0.000398433	10.0698
0.000400277	7.938
