3.33898e-05	663.114
3.48982e-05	679.449
3.64066e-05	695.72
3.7915e-05	711.831
3.94234e-05	728.069
4.09318e-05	744.527
4.24402e-05	761.723
4.39487e-05	780.01
4.54571e-05	800.132
4.69655e-05	822.792
4.84739e-05	848.846
4.99823e-05	879.338
5.14907e-05	915.063
5.29991e-05	957.265
5.45076e-05	1006.48
5.6016e-05	1063.91
5.75244e-05	1129.66
5.90328e-05	1204.56
6.05412e-05	1288.25
6.20496e-05	1380.85
6.3558e-05	1481.56
6.50665e-05	1589.64
6.65749e-05	1704
6.80833e-05	1823
6.95917e-05	1945.51
7.11001e-05	2069.22
7.26085e-05	2193.18
7.41169e-05	2314.82
7.56253e-05	2433.6
7.71338e-05	2547.24
7.86422e-05	2655.67
8.01506e-05	2757.46
8.1659e-05	2853.04
8.31674e-05	2942.19
8.46758e-05	3025.71
8.61842e-05	3104.73
8.76927e-05	3180.25
8.92011e-05	3254.59
9.07095e-05	3328.69
9.22179e-05	3405.63
9.37263e-05	3486.1
9.52347e-05	3573.31
9.67431e-05	3667.61
9.82516e-05	3771.71
9.976e-05	3885.61
0.000101268	4011.04
0.000102777	4147.74
0.000104285	4296.22
0.000105794	4456.11
0.000107302	4626.77
0.00010881	4807.81
0.000110319	4997.73
0.000111827	5196.18
0.000113336	5401.15
0.000114844	5612.34
0.000116353	5827.55
0.000117861	6046.53
0.000119369	6267.05
0.000120878	6488.91
0.000122386	6709.93
0.000123895	6929.95
0.000125403	7146.82
0.000126911	7360.41
0.00012842	7568.59
0.000129928	7771.23
0.000131437	7966.17
0.000132945	8153.28
0.000134453	8330.33
0.000135962	8497.18
0.00013747	8651.54
0.000138979	8793.31
0.000140487	8920.16
0.000141996	9032.08
0.000143504	9126.95
0.000145012	9204.81
0.000146521	9265.99
0.000148029	9308.48
0.000149538	9320.96
0.000151046	9325.48
0.000152554	9318.2
0.000154063	9281.62
0.000155571	9230.96
0.00015708	9165.04
0.000158588	9085.88
0.000160097	8993.58
0.000161605	8891.57
0.000163113	8779.86
0.000164622	8661.78
0.00016613	8537.3
0.000167639	8409.1
0.000169147	8277.11
0.000170655	8142.99
0.000172164	8006.67
0.000173672	7868.7
0.000175181	7729.04
0.000176689	7587.31
0.000178197	7443.49
0.000179706	7296.65
0.000181214	7146.78
0.000182723	6992.82
0.000184231	6834.77
0.00018574	6671.86
0.000187248	6504.11
0.000188756	6331.36
0.000190265	6153.6
0.000191773	5971.51
0.000193282	5785.04
0.00019479	5595.66
0.000196298	5403.33
0.000197807	5210.08
0.000199315	5015.88
0.000200824	4822.98
0.000202332	4631.38
0.000203841	4443.14
0.000205349	4258.3
0.000206857	4078.42
0.000208366	3903.54
0.000209874	3734.55
0.000211383	3571.52
0.000212891	3414.67
0.000214399	3264.06
0.000215908	3119.44
0.000217416	2980.84
0.000218925	2847.76
0.000220433	2720.2
0.000221941	2597.59
0.00022345	2479.92
0.000224958	2366.66
0.000226467	2257.78
0.000227975	2152.84
0.000229484	2051.82
0.000230992	1954.32
0.0002325	1860.33
0.000234009	1769.52
0.000235517	1681.85
0.000237026	1597.09
0.000238534	1515.21
0.000240042	1436.06
0.000241551	1359.62
0.000243059	1285.86
0.000244568	1214.76
0.000246076	1146.38
0.000247585	1080.72
0.000249093	1017.87
0.000250601	957.836
0.00025211	900.645
0.000253618	846.323
0.000255127	794.779
0.000256635	746.033
0.000258143	699.866
0.000259652	656.277
0.00026116	614.961
0.000262669	575.883
0.000264177	538.726
0.000265685	503.428
0.000267194	469.732
0.000268702	437.566
0.000270211	406.785
0.000271719	377.328
0.000273228	349.17
0.000274736	322.276
0.000276244	296.709
0.000277753	272.468
0.000279261	249.635
0.00028077	228.239
0.000282278	208.317
0.000283786	189.906
0.000285295	172.959
0.000286803	157.496
0.000288312	143.384
0.00028982	130.608
0.000291329	118.98
0.000292837	108.447
0.000294345	98.8119
0.000295854	89.9983
0.000297362	81.8459
0.000298871	74.272
0.000300379	67.1806
0.000301887	60.5036
0.000303396	54.2078
0.000304904	48.2532
0.000306413	42.649
0.000307921	37.384
0.000309429	32.482
0.000310938	27.9518
0.000312446	23.8083
0.000313955	20.0661
0.000315463	16.72
0.000316972	13.7779
0.00031848	11.2142
0.000319988	9.02338
0.000321497	7.16704
0.000323005	5.62561
0.000324514	4.35774
0.000326022	3.33416
0.00032753	2.51805
0.000329039	1.87672
0.000330547	1.38177
0.000332056	0.991319
0.000333564	0.719717
