3.33898e-05	0.0169696
3.52334e-05	0.026766
3.70771e-05	0.0510917
3.89207e-05	0.0849667
4.07644e-05	0.142932
4.2608e-05	0.23054
4.44517e-05	0.371579
4.62953e-05	0.580239
4.8139e-05	0.897864
4.99827e-05	1.3556
5.18263e-05	2.0173
5.367e-05	2.94228
5.55136e-05	4.21692
5.73573e-05	5.93924
5.92009e-05	8.2094
6.10446e-05	11.1666
6.28882e-05	14.907
6.47319e-05	19.5975
6.65755e-05	25.31
6.84192e-05	32.2076
7.02628e-05	40.3313
7.21065e-05	49.8046
7.39502e-05	60.6585
7.57938e-05	72.9698
7.76375e-05	86.812
7.94811e-05	102.271
8.13248e-05	119.528
8.31684e-05	138.809
8.50121e-05	160.439
8.68557e-05	184.945
8.86994e-05	212.769
9.0543e-05	244.835
9.23867e-05	281.594
9.42303e-05	324.299
9.6074e-05	373.26
9.79177e-05	429.775
9.97613e-05	493.886
0.000101605	566.509
0.000103449	647.374
0.000105292	736.606
0.000107136	833.695
0.00010898	937.759
0.000110823	1048.21
0.000112667	1163.26
0.000114511	1282.44
0.000116354	1403.48
0.000118198	1526.13
0.000120042	1648.29
0.000121885	1769.98
0.000123729	1889.83
0.000125572	2008.1
0.000127416	2124.54
0.00012926	2239.58
0.000131103	2354.17
0.000132947	2468.78
0.000134791	2585.39
0.000136634	2704.4
0.000138478	2828.41
0.000140322	2957.72
0.000142165	3095.07
0.000144009	3240.59
0.000145853	3396.68
0.000147696	3563.26
0.00014954	3741.88
0.000151384	3932.24
0.000153227	4134.47
0.000155071	4348.12
0.000156915	4571.42
0.000158758	4803.85
0.000160602	5041.58
0.000162446	5284.13
0.000164289	5525.98
0.000166133	5766.83
0.000167977	6000.42
0.00016982	6226.72
0.000171664	6440.21
0.000173507	6641.09
0.000175351	6825.96
0.000177195	6995.14
0.000179038	7148.12
0.000180882	7285.2
0.000182726	7408.47
0.000184569	7518.11
0.000186413	7617.57
0.000188257	7706.87
0.0001901	7789.26
0.000191944	7864.64
0.000193788	7934.88
0.000195631	7999.88
0.000197475	8059.84
0.000199319	8114.7
0.000201162	8163.63
0.000203006	8206.63
0.00020485	8242.66
0.000206693	8271.75
0.000208537	8293.67
0.000210381	8308.27
0.000212224	8309.97
0.000214068	8306.61
0.000215912	8297.87
0.000217755	8274.06
0.000219599	8239
0.000221442	8192.72
0.000223286	8132.08
0.00022513	8057.07
0.000226973	7965.81
0.000228817	7858.28
0.000230661	7734.33
0.000232504	7593.87
0.000234348	7438.89
0.000236192	7269.31
0.000238035	7088.7
0.000239879	6897.03
0.000241723	6698.41
0.000243566	6492.85
0.00024541	6283.95
0.000247254	6071.8
0.000249097	5858.99
0.000250941	5645.63
0.000252785	5433.49
0.000254628	5222.63
0.000256472	5014.44
0.000258316	4808.94
0.000260159	4607.42
0.000262003	4409.9
0.000263847	4217.45
0.00026569	4030.16
0.000267534	3848.51
0.000269377	3672.63
0.000271221	3502.19
0.000273065	3337.28
0.000274908	3176.83
0.000276752	3020.86
0.000278596	2868.01
0.000280439	2718.18
0.000282283	2570.29
0.000284127	2424.17
0.00028597	2279.44
0.000287814	2135.92
0.000289658	1994.03
0.000291501	1853.66
0.000293345	1715.8
0.000295189	1580.45
0.000297032	1448.91
0.000298876	1321.26
0.00030072	1198.83
0.000302563	1081.78
0.000304407	971.314
0.000306251	867.621
0.000308094	771.657
0.000309938	683.643
0.000311782	604.115
0.000313625	533.299
0.000315469	471.129
0.000317312	417.788
0.000319156	372.492
0.000321	335.303
0.000322843	304.794
0.000324687	280.835
0.000326531	261.646
0.000328374	246.889
0.000330218	234.864
0.000332062	225.089
0.000333905	216.33
0.000335749	208.094
0.000337593	199.797
0.000339436	191.076
0.00034128	181.914
0.000343124	172.154
0.000344967	162.085
0.000346811	151.738
0.000348655	141.421
0.000350498	131.26
0.000352342	121.407
0.000354186	111.979
0.000356029	102.963
0.000357873	94.4013
0.000359717	86.209
0.00036156	78.3605
0.000363404	70.802
0.000365247	63.4867
0.000367091	56.4385
0.000368935	49.6378
0.000370778	43.1635
0.000372622	37.0407
0.000374466	31.3489
0.000376309	26.1406
0.000378153	21.4515
0.000379997	17.3289
0.00038184	13.7528
0.000383684	10.7397
0.000385528	8.22996
0.000387371	6.20296
0.000389215	4.58602
0.000391059	3.33175
0.000392902	2.37603
0.000394746	1.66187
0.00039659	1.14354
0.000398433	0.752027
0.000400277	0.510975
