0.000500379	7.44467e-47
0.000507084	8.09162e-45
0.000513789	3.21431e-44
0.000520493	2.91707e-42
0.000527198	1.16557e-41
0.000533903	8.81432e-40
0.000540607	3.54974e-39
0.000547312	2.23772e-37
0.000554017	9.07954e-37
0.000560721	4.77361e-35
0.000567426	1.95049e-34
0.000574131	8.55803e-33
0.000580835	3.51913e-32
0.00058754	1.28962e-30
0.000594244	5.33267e-30
0.000600949	1.63379e-28
0.000607654	6.78696e-28
0.000614358	1.74055e-26
0.000621063	7.2549e-26
0.000627768	1.55977e-24
0.000634472	6.51358e-24
0.000641177	1.17617e-22
0.000647882	4.91189e-22
0.000654586	7.46599e-21
0.000661291	3.1112e-20
0.000667995	3.99134e-19
0.0006747	1.65527e-18
0.000681405	1.79803e-17
0.000688109	7.39759e-17
0.000694814	6.82941e-16
0.000701519	2.77722e-15
0.000708223	2.18862e-14
0.000714928	8.75897e-14
0.000721633	5.92201e-13
0.000728337	2.32086e-12
0.000735042	1.35397e-11
0.000741746	5.167e-11
0.000748451	2.61773e-10
0.000755156	9.66642e-10
0.00076186	4.28288e-09
0.000768565	1.51981e-08
0.00077527	5.93387e-08
0.000781974	2.00856e-07
0.000788679	6.96592e-07
0.000795384	2.23171e-06
0.000802088	6.93171e-06
0.000808793	2.08528e-05
0.000815497	5.84829e-05
0.000822202	0.000163911
0.000828907	0.000418375
0.000835611	0.00108432
0.000842316	0.00253743
0.000849021	0.00604043
0.000855725	0.013044
0.00086243	0.0283589
0.000869135	0.05682
0.000875839	0.112343
0.000882544	0.215243
0.000889249	0.383388
0.000895953	0.674786
0.000902658	1.10551
0.000909362	1.77671
0.000916067	2.69713
0.000922772	3.98023
0.000929476	5.62092
0.000936181	7.68549
0.000942886	10.1622
0.00094959	13.0419
0.000956295	16.3248
0.000963	19.993
0.000969704	24.0638
0.000976409	28.6123
0.000983113	33.6546
0.000989818	39.348
0.000996523	45.6946
0.00100323	52.826
0.00100993	60.7504
0.00101664	69.6039
0.00102334	79.4271
0.00103005	90.6194
0.00103675	103.237
0.00104346	118.112
0.00105016	135.268
0.00105686	155.705
0.00106357	179.394
0.00107027	206.978
0.00107698	238.416
0.00108368	273.803
0.00109039	313.137
0.00109709	356.442
0.0011038	403.753
0.0011105	455.714
0.00111721	512.351
0.00112391	574.962
0.00113062	643.531
0.00113732	719.086
0.00114402	801.591
0.00115073	890.7
0.00115743	986.397
0.00116414	1086.78
0.00117084	1191.85
0.00117755	1299.04
0.00118425	1408.38
0.00119096	1517.67
0.00119766	1626.89
0.00120437	1734.44
0.00121107	1840.31
0.00121778	1943.09
0.00122448	2042.78
0.00123119	2138.23
0.00123789	2229.41
0.00124459	2316.06
0.0012513	2398.14
0.001258	2476.33
0.00126471	2550.64
0.00127141	2621.76
0.00127812	2689.73
0.00128482	2754.49
0.00129153	2816.03
0.00129823	2874.19
0.00130494	2928.88
0.00131164	2980.85
0.00131835	3030.07
0.00132505	3077.54
0.00133175	3123.5
0.00133846	3166.96
0.00134516	3208.29
0.00135187	3243.88
0.00135857	3275.3
0.00136528	3285.56
0.00137198	3287.4
0.00137869	3285.19
0.00138539	3255.25
0.0013921	3207.89
0.0013988	3145.61
0.00140551	3070.18
0.00141221	2981.56
0.00141891	2884.73
0.00142562	2780.19
0.00143232	2671.64
0.00143903	2559.72
0.00144573	2446.15
0.00145244	2331.39
0.00145914	2215.74
0.00146585	2099.38
0.00147255	1982.16
0.00147926	1864.03
0.00148596	1745.23
0.00149267	1625.58
0.00149937	1506.32
0.00150608	1387.33
0.00151278	1271.04
0.00151948	1157.6
0.00152619	1049.95
0.00153289	948.683
0.0015396	855.933
0.0015463	772.519
0.00155301	698.688
0.00155971	635.082
0.00156642	579.921
0.00157312	533.293
0.00157983	492.264
0.00158653	456.255
0.00159324	422.61
0.00159994	390.328
0.00160664	358.294
0.00161335	325.616
0.00162005	293.021
0.00162676	260.253
0.00163346	228.961
0.00164017	199.623
0.00164687	173.363
0.00165358	150.931
0.00166028	132.109
0.00166699	117.273
0.00167369	105.22
0.0016804	95.6803
0.0016871	87.452
0.00169381	79.8945
0.00170051	72.5054
0.00170721	64.7569
0.00171392	56.8457
0.00172062	48.6318
0.00172733	40.5736
0.00173403	32.8547
0.00174074	25.7841
0.00174744	19.6247
0.00175415	14.3991
0.00176085	10.2489
0.00176756	7.00484
0.00177426	4.63915
0.00178097	2.94894
0.00178767	1.80584
0.00179437	1.06861
0.00180108	0.599359
0.00180778	0.331935
0.00181449	0.166496
0.00182119	0.0881618
0.0018279	0.0369735
0.0018346	0.0199107
