0.000166815	6.7516e-58
0.00017352	4.30821e-55
0.000180225	1.72126e-54
0.000186929	8.57759e-52
0.000193634	3.45907e-51
0.000200339	1.34564e-48
0.000207043	5.47955e-48
0.000213748	1.6641e-45
0.000220453	6.84235e-45
0.000227157	1.62231e-42
0.000233862	6.73503e-42
0.000240566	1.24689e-39
0.000247271	5.22576e-39
0.000253976	7.55613e-37
0.00026068	3.19621e-36
0.000267385	3.61078e-34
0.00027409	1.54099e-33
0.000280794	1.36082e-31
0.000287499	5.8566e-31
0.000294204	4.04564e-29
0.000300908	1.75459e-28
0.000307613	9.4902e-27
0.000314317	4.14375e-26
0.000321022	1.75717e-24
0.000327727	7.71448e-24
0.000334431	2.56916e-22
0.000341136	1.1322e-21
0.000347841	2.96787e-20
0.000354545	1.30995e-19
0.00036125	2.71068e-18
0.000367955	1.19487e-17
0.000374659	1.95912e-16
0.000381364	8.59279e-16
0.000388068	1.12162e-14
0.000394773	4.87225e-14
0.000401478	5.09302e-13
0.000408182	2.17842e-12
0.000414887	1.83685e-11
0.000421592	7.68109e-11
0.000428296	5.27042e-10
0.000435001	2.13619e-09
0.000441706	1.20514e-08
0.00044841	4.6869e-08
0.000455115	2.19995e-07
0.000461819	8.11493e-07
0.000468524	3.21126e-06
0.000475229	1.10921e-05
0.000481933	3.75335e-05
0.000488638	0.000119762
0.000495343	0.000351612
0.000502047	0.00102227
0.000508752	0.00264146
0.000515457	0.00690732
0.000522161	0.0159168
0.000528866	0.0370206
0.000535571	0.0769525
0.000542275	0.157927
0.00054898	0.309604
0.000555684	0.553381
0.000562389	0.964416
0.000569094	1.55326
0.000575798	2.41598
0.000582503	3.55146
0.000589208	5.02508
0.000595912	6.83347
0.000602617	9.00765
0.000609322	11.5498
0.000616026	14.5007
0.000622731	17.8527
0.000629435	21.6092
0.00063614	25.7506
0.000642845	30.15
0.000649549	34.8282
0.000656254	39.7449
0.000662959	44.9915
0.000669663	51.0878
0.000676368	58.1202
0.000683073	67.1567
0.000689777	78.1952
0.000696482	92.1558
0.000703186	108.992
0.000709891	129.081
0.000716596	152.425
0.0007233	179.371
0.000730005	209.946
0.00073671	244.837
0.000743414	283.999
0.000750119	327.619
0.000756824	375.606
0.000763528	426.759
0.000770233	481.062
0.000776937	536.946
0.000783642	594.494
0.000790347	653.893
0.000797051	715.205
0.000803756	780.589
0.000810461	850.015
0.000817165	925.004
0.00082387	1005.51
0.000830575	1089.81
0.000837279	1177.92
0.000843984	1265.82
0.000850689	1353.52
0.000857393	1438.96
0.000864098	1522.08
0.000870802	1605.19
0.000877507	1688.24
0.000884212	1774.23
0.000890916	1863.3
0.000897621	1953.96
0.000904326	2046.35
0.00091103	2135.81
0.000917735	2222.18
0.00092444	2303.9
0.000931144	2380.66
0.000937849	2455.79
0.000944553	2529.32
0.000951258	2604.1
0.000957963	2680.55
0.000964667	2756.64
0.000971372	2832.58
0.000978077	2904.06
0.000984781	2970.8
0.000991486	3031.05
0.000998191	3084.55
0.0010049	3131.66
0.0010116	3172.58
0.0010183	3206.24
0.00102501	3234.42
0.00103171	3241.39
0.00103842	3241.01
0.00104512	3237.88
0.00105183	3210.32
0.00105853	3169.75
0.00106524	3118.83
0.00107194	3058.73
0.00107865	2989.84
0.00108535	2913.75
0.00109206	2830.65
0.00109876	2741.77
0.00110546	2647.09
0.00111217	2548.77
0.00111887	2447.1
0.00112558	2343.5
0.00113228	2238.59
0.00113899	2131.16
0.00114569	2021.35
0.0011524	1907.01
0.0011591	1787.33
0.00116581	1663.34
0.00117251	1534.11
0.00117922	1405.21
0.00118592	1276.96
0.00119263	1155.87
0.00119933	1043.65
0.00120603	943.066
0.00121274	855.868
0.00121944	779.939
0.00122615	715.778
0.00123285	658.982
0.00123956	608.707
0.00124626	561.448
0.00125297	515.87
0.00125967	470.785
0.00126638	425.245
0.00127308	379.952
0.00127979	334.652
0.00128649	290.886
0.00129319	248.957
0.0012999	210.365
0.0013066	175.75
0.00131331	145.793
0.00132001	121.144
0.00132672	101.222
0.00133342	86.2275
0.00134013	74.7815
0.00134683	66.4772
0.00135354	60.1045
0.00136024	55.0104
0.00136695	50.6018
0.00137365	46.3916
0.00138035	42.2253
0.00138706	37.8567
0.00139376	33.3594
0.00140047	28.6516
0.00140717	23.9605
0.00141388	19.3549
0.00142058	15.0698
0.00142729	11.2785
0.00143399	8.04834
0.0014407	5.51512
0.0014474	3.57065
0.00145411	2.21521
0.00146081	1.29703
0.00146752	0.715272
0.00147422	0.382456
0.00148092	0.182616
0.00148763	0.0910623
0.00149433	0.0357963
0.00150104	0.0173743
