0.000100103	2.04026e-15
0.000103622	1.05915e-14
0.000107142	3.62453e-14
0.000110662	1.78224e-13
0.000114182	5.73501e-13
0.000117702	2.56117e-12
0.000121222	8.08254e-12
0.000124742	3.28865e-11
0.000128261	1.01464e-10
0.000131781	3.77413e-10
0.000135301	1.13463e-09
0.000138821	3.87206e-09
0.000142341	1.13033e-08
0.000145861	3.55217e-08
0.000149381	1.00323e-07
0.0001529	2.9145e-07
0.00015642	7.93406e-07
0.00015994	2.13911e-06
0.00016346	5.59175e-06
0.00016698	1.40466e-05
0.0001705	3.5127e-05
0.00017402	8.25355e-05
0.000177539	0.000196734
0.000181059	0.000434012
0.000184579	0.00098266
0.000188099	0.00204276
0.000191619	0.00437923
0.000195139	0.00860737
0.000198659	0.0174225
0.000202178	0.0324771
0.000205698	0.0619264
0.000209218	0.112167
0.000212738	0.198431
0.000216258	0.341913
0.000219778	0.569123
0.000223298	0.929314
0.000226817	1.46252
0.000230337	2.2618
0.000233857	3.37547
0.000237377	4.94725
0.000240897	7.019
0.000244417	9.76611
0.000247937	13.2039
0.000251456	17.4853
0.000254976	22.5844
0.000258496	28.5551
0.000262016	35.3316
0.000265536	42.8051
0.000269056	50.8914
0.000272576	59.3095
0.000276095	67.9933
0.000279615	76.5636
0.000283135	85.016
0.000286655	93.0432
0.000290175	100.736
0.000293695	108.103
0.000297214	115.327
0.000300734	122.955
0.000304254	131.199
0.000307774	141.171
0.000311294	153.014
0.000314814	168.095
0.000318334	186.409
0.000321853	209.009
0.000325373	235.746
0.000328893	266.835
0.000332413	302.067
0.000335933	340.672
0.000339453	382.493
0.000342973	426.132
0.000346492	471.555
0.000350012	517.411
0.000353532	563.799
0.000357052	610.113
0.000360572	656.534
0.000364092	703.633
0.000367612	751.59
0.000371131	802.116
0.000374651	855.309
0.000378171	913.434
0.000381691	976.467
0.000385211	1046.28
0.000388731	1122.75
0.000392251	1206.53
0.00039577	1297.48
0.00039929	1394.79
0.00040281	1498.4
0.00040633	1606.61
0.00040985	1719.42
0.00041337	1835.22
0.00041689	1954.08
0.000420409	2075.32
0.000423929	2199.02
0.000427449	2325.84
0.000430969	2455.8
0.000434489	2590.66
0.000438009	2730.41
0.000441529	2877.14
0.000445048	3030.84
0.000448568	3192.93
0.000452088	3363.41
0.000455608	3542.17
0.000459128	3729.22
0.000462648	3922.35
0.000466168	4121.62
0.000469687	4322.69
0.000473207	4525.63
0.000476727	4724.37
0.000480247	4918.97
0.000483767	5102.43
0.000487287	5274.77
0.000490807	5429.16
0.000494326	5565.54
0.000497846	5678.68
0.000501366	5768.36
0.000504886	5833.29
0.000508406	5874.15
0.000511926	5880.68
0.000515446	5870.02
0.000518965	5845.61
0.000522485	5795.08
0.000526005	5731.61
0.000529525	5656.31
0.000533045	5573.47
0.000536565	5483.53
0.000540085	5388.65
0.000543604	5289.25
0.000547124	5184.58
0.000550644	5074.82
0.000554164	4957.98
0.000557684	4833.95
0.000561204	4701.31
0.000564724	4559.79
0.000568243	4409.36
0.000571763	4249.8
0.000575283	4082.39
0.000578803	3906.99
0.000582323	3725.92
0.000585843	3539.14
0.000589362	3349.87
0.000592882	3158.19
0.000596402	2967.95
0.000599922	2779.49
0.000603442	2596.45
0.000606962	2419.43
0.000610482	2250.79
0.000614001	2091.21
0.000617521	1941.1
0.000621041	1800.94
0.000624561	1669.44
0.000628081	1546.67
0.000631601	1430.66
0.000635121	1321.07
0.00063864	1216.31
0.00064216	1115.89
0.00064568	1019.26
0.0006492	926.022
0.00065272	836.717
0.00065624	751.24
0.00065976	670.659
0.000663279	595.194
0.000666799	525.628
0.000670319	462.341
0.000673839	405.28
0.000677359	354.701
0.000680879	309.767
0.000684399	270.415
0.000687918	235.562
0.000691438	204.871
0.000694958	177.582
0.000698478	153.308
0.000701998	131.8
0.000705518	112.84
0.000709038	96.4437
0.000712557	82.5988
0.000716077	71.1986
0.000719597	62.2973
0.000723117	55.4652
0.000726637	50.6409
0.000730157	47.1758
0.000733677	44.8187
0.000737196	42.981
0.000740716	41.302
0.000744236	39.4838
0.000747756	37.219
0.000751276	34.5411
0.000754796	31.3215
0.000758316	27.789
0.000761835	24.0056
0.000765355	20.2074
0.000768875	16.5569
0.000772395	13.1781
0.000775915	10.2198
0.000779435	7.68143
0.000782955	5.63037
0.000786474	3.99648
0.000789994	2.76438
0.000793514	1.85497
0.000797034	1.17937
0.000800554	0.768025
