0.000166815	0.000221941
0.000171844	0.000377615
0.000176872	0.000844636
0.000181901	0.00153364
0.000186929	0.00296493
0.000191958	0.00521855
0.000196986	0.00960856
0.000202014	0.0165008
0.000207043	0.0287792
0.000212071	0.047863
0.0002171	0.0796524
0.000222128	0.128013
0.000227157	0.203816
0.000232185	0.316057
0.000237214	0.482495
0.000242242	0.721238
0.00024727	1.05767
0.000252299	1.52337
0.000257327	2.14938
0.000262356	2.9831
0.000267384	4.05552
0.000272413	5.42666
0.000277441	7.11893
0.000282469	9.19351
0.000287498	11.6562
0.000292526	14.551
0.000297555	17.8646
0.000302583	21.6054
0.000307612	25.7477
0.00031264	30.2583
0.000317669	35.1142
0.000322697	40.2558
0.000327725	45.6805
0.000332754	51.3399
0.000337782	57.2635
0.000342811	63.461
0.000347839	69.9926
0.000352868	76.9614
0.000357896	84.445
0.000362924	92.6447
0.000367953	101.635
0.000372981	111.687
0.00037801	122.852
0.000383038	135.416
0.000388067	149.4
0.000393095	165.038
0.000398123	182.319
0.000403152	201.374
0.00040818	222.162
0.000413209	244.673
0.000418237	268.851
0.000423266	294.544
0.000428294	321.707
0.000433323	350.098
0.000438351	379.717
0.000443379	410.367
0.000448408	442.118
0.000453436	475.012
0.000458465	509.181
0.000463493	545.071
0.000468522	582.836
0.00047355	623.352
0.000478578	666.736
0.000483607	714.106
0.000488635	765.495
0.000493664	821.909
0.000498692	883.283
0.000503721	950.14
0.000508749	1022.34
0.000513778	1099.69
0.000518806	1182.02
0.000523834	1268.38
0.000528863	1358.63
0.000533891	1451.21
0.00053892	1546.04
0.000543948	1641.21
0.000548977	1736.68
0.000554005	1830.47
0.000559033	1922.59
0.000564062	2011.27
0.00056909	2096.55
0.000574119	2177.18
0.000579147	2253.23
0.000584176	2324.19
0.000589204	2390.13
0.000594233	2451.4
0.000599261	2508.07
0.000604289	2561.25
0.000609318	2610.94
0.000614346	2658.68
0.000619375	2704.46
0.000624403	2749.75
0.000629432	2794.53
0.00063446	2839.83
0.000639488	2885.61
0.000644517	2932.16
0.000649545	2979.47
0.000654574	3026.94
0.000659602	3074.56
0.000664631	3120.86
0.000669659	3165.85
0.000674688	3207.31
0.000679716	3245.27
0.000684744	3277.16
0.000689773	3303
0.000694801	3319.78
0.00069983	3328.11
0.000704858	3327.81
0.000709887	3315.79
0.000714915	3293.47
0.000719943	3260.87
0.000724972	3219.12
0.00073	3168.13
0.000735029	3110.41
0.000740057	3045.95
0.000745086	2977.66
0.000750114	2905.61
0.000755143	2832.26
0.000760171	2757.72
0.000765199	2683.43
0.000770228	2609.5
0.000775256	2536.19
0.000780285	2463.58
0.000785313	2391.1
0.000790342	2318.75
0.00079537	2245.73
0.000800398	2171.98
0.000805427	2096.95
0.000810455	2020.57
0.000815484	1942.8
0.000820512	1863.56
0.000825541	1783.31
0.000830569	1702.01
0.000835598	1620.41
0.000840626	1538.52
0.000845654	1457.26
0.000850683	1376.67
0.000855711	1297.75
0.00086074	1220.58
0.000865768	1146.1
0.000870797	1074.43
0.000875825	1006.25
0.000880853	941.711
0.000885882	881.01
0.00089091	824.284
0.000895939	771.184
0.000900967	721.769
0.000905996	675.316
0.000911024	631.767
0.000916052	590.368
0.000921081	550.97
0.000926109	513.101
0.000931138	476.598
0.000936166	441.389
0.000941195	407.377
0.000946223	374.773
0.000951252	343.58
0.00095628	314.055
0.000961308	286.27
0.000966337	260.339
0.000971365	236.337
0.000976394	214.183
0.000981422	193.904
0.000986451	175.3
0.000991479	158.339
0.000996507	142.811
0.00100154	128.653
0.00100656	115.709
0.00101159	103.92
0.00101662	93.1789
0.00102165	83.4454
0.00102668	74.6225
0.00103171	66.6806
0.00103673	59.5062
0.00104176	53.0632
0.00104679	47.2306
0.00105182	41.9581
0.00105685	37.1473
0.00106188	32.7422
0.00106691	28.6888
0.00107193	24.943
0.00107696	21.493
0.00108199	18.3173
0.00108702	15.4242
0.00109205	12.8127
0.00109708	10.4866
0.0011021	8.45247
0.00110713	6.69651
0.00111216	5.21947
0.00111719	3.99145
0.00112222	3.00072
0.00112725	2.21112
0.00113228	1.60009
0.0011373	1.13512
0.00114233	0.789301
0.00114736	0.539024
0.00115239	0.359511
0.00115742	0.236474
0.00116245	0.14581
0.00116747	0.0957745
