0.000500379	6.36715e-143
0.00050876	3.26449e-137
0.000517141	1.3058e-136
0.000525522	4.77288e-131
0.000533903	1.92868e-130
0.000542284	5.02496e-125
0.000550665	2.05163e-124
0.000559045	3.80951e-119
0.000567426	1.57179e-118
0.000575807	2.07965e-113
0.000584188	8.67246e-113
0.000592569	8.17506e-108
0.00060095	3.44623e-107
0.00060933	2.31404e-102
0.000617711	9.86282e-102
0.000626092	4.71661e-97
0.000634473	2.03288e-96
0.000642854	6.92252e-92
0.000651235	3.01769e-91
0.000659615	7.31598e-87
0.000667996	3.22619e-86
0.000676377	5.56741e-82
0.000684758	2.48405e-81
0.000693139	3.05074e-77
0.00070152	1.37747e-76
0.0007099	1.20373e-72
0.000718281	5.50118e-72
0.000726662	3.41996e-68
0.000735043	1.58228e-67
0.000743424	6.99656e-64
0.000751805	3.27764e-63
0.000760186	1.03067e-59
0.000768566	4.88981e-59
0.000776947	1.09329e-55
0.000785328	5.25381e-55
0.000793709	8.35088e-52
0.00080209	4.06546e-51
0.000810471	4.5933e-48
0.000818851	2.26567e-47
0.000827232	1.81941e-44
0.000835613	9.09365e-44
0.000843994	5.19005e-41
0.000852375	2.62865e-40
0.000860756	1.06632e-37
0.000869136	5.47248e-37
0.000877517	1.57811e-34
0.000885898	8.20528e-34
0.000894279	1.68267e-31
0.00090266	8.86063e-31
0.000911041	1.29296e-28
0.000919421	6.89134e-28
0.000927802	7.16255e-26
0.000936183	3.86028e-25
0.000944564	2.86205e-23
0.000952945	1.55748e-22
0.000961326	8.25559e-21
0.000969707	4.52617e-20
0.000978087	1.72085e-18
0.000986468	9.47484e-18
0.000994849	2.59596e-16
0.00100323	1.42883e-15
0.00101161	2.8397e-14
0.00101999	1.55244e-13
0.00102837	2.25834e-12
0.00103675	1.21549e-11
0.00104513	1.30999e-10
0.00105351	6.85966e-10
0.0010619	5.56424e-09
0.00107028	2.79149e-08
0.00107866	1.73813e-07
0.00108704	8.19583e-07
0.00109542	4.01021e-06
0.0011038	1.73749e-05
0.00111218	6.85856e-05
0.00112056	0.000266283
0.00112894	0.000871485
0.00113732	0.00295542
0.0011457	0.00823083
0.00115409	0.0238181
0.00116247	0.0577107
0.00117085	0.139955
0.00117923	0.30527
0.00118761	0.615004
0.00119599	1.19588
0.00120437	2.04911
0.00121275	3.31846
0.00122113	4.98711
0.00122951	6.9799
0.00123789	9.28566
0.00124627	11.648
0.00125466	14.0771
0.00126304	16.4709
0.00127142	18.8497
0.0012798	21.5234
0.00128818	24.5119
0.00129656	28.7447
0.00130494	34.2262
0.00131332	42.3857
0.0013217	53.2057
0.00133008	67.4706
0.00133846	85.173
0.00134684	105.975
0.00135523	129.873
0.00136361	157.103
0.00137199	187.645
0.00138037	222.834
0.00138875	262.69
0.00139713	307.501
0.00140551	357.335
0.00141389	410.624
0.00142227	467.405
0.00143065	525.475
0.00143903	584.776
0.00144741	644.046
0.0014558	703.034
0.00146418	764.133
0.00147256	827.041
0.00148094	898.258
0.00148932	977.902
0.0014977	1071.38
0.00150608	1179.24
0.00151446	1301.39
0.00152284	1438.28
0.00153122	1585.74
0.0015396	1744.05
0.00154798	1906.38
0.00155637	2073.04
0.00156475	2233.26
0.00157313	2386.63
0.00158151	2523.4
0.00158989	2641.79
0.00159827	2743.12
0.00160665	2826.07
0.00161503	2900.82
0.00162341	2968.53
0.00163179	3033.26
0.00164017	3097.13
0.00164855	3152.74
0.00165694	3202.46
0.00166532	3222.98
0.0016737	3228.48
0.00168208	3227.48
0.00169046	3195.46
0.00169884	3145.24
0.00170722	3081.58
0.0017156	3003.59
0.00172398	2910.76
0.00173236	2808.51
0.00174074	2696.52
0.00174912	2584.45
0.00175751	2474.84
0.00176589	2369.66
0.00177427	2271.49
0.00178265	2172.58
0.00179103	2071.67
0.00179941	1964.13
0.00180779	1847.19
0.00181617	1725.04
0.00182455	1597.47
0.00183293	1470.22
0.00184131	1344.96
0.00184969	1223.97
0.00185808	1108.39
0.00186646	998.647
0.00187484	895.227
0.00188322	797.831
0.0018916	706.571
0.00189998	620.823
0.00190836	540.091
0.00191674	465.258
0.00192512	396.133
0.0019335	334.773
0.00194188	282.222
0.00195026	238.435
0.00195865	204.405
0.00196703	177.229
0.00197541	156.269
0.00198379	138.666
0.00199217	122.796
0.00200055	107.815
0.00200893	92.617
0.00201731	77.8142
0.00202569	63.2965
0.00203407	49.8402
0.00204245	37.8828
0.00205083	27.634
0.00205922	19.4507
0.0020676	13.0363
0.00207598	8.39901
0.00208436	5.11662
0.00209274	2.96111
0.00210112	1.61873
0.0021095	0.799987
0.00211788	0.40093
0.00212626	0.172934
0.00213464	0.0752788
0.00214302	0.0290062
0.0021514	0.0104877
0.00215979	0.00342475
0.00216817	0.00107043
