0.000166815	2.98359e-38
0.00017352	1.37018e-36
0.000180225	5.39122e-36
0.000186929	2.11666e-34
0.000193634	8.33215e-34
0.000200339	2.78343e-32
0.000207043	1.10141e-31
0.000213748	3.13325e-30
0.000220453	1.24528e-29
0.000227157	3.01977e-28
0.000233862	1.20424e-27
0.000240566	2.49237e-26
0.000247271	9.96083e-26
0.000253976	1.76206e-24
0.00026068	7.04718e-24
0.000267385	1.0674e-22
0.00027409	4.26463e-22
0.000280794	5.54212e-21
0.000287499	2.20751e-20
0.000294204	2.46737e-19
0.000300908	9.77436e-19
0.000307613	9.42297e-18
0.000314317	3.70214e-17
0.000321022	3.08845e-16
0.000327727	1.19953e-15
0.000334431	8.69194e-15
0.000341136	3.32492e-14
0.000347841	2.10161e-13
0.000354545	7.88478e-13
0.00036125	4.3681e-12
0.000367955	1.59979e-11
0.000374659	7.80883e-11
0.000381364	2.77739e-10
0.000388068	1.20135e-09
0.000394773	4.12621e-09
0.000401478	1.59135e-08
0.000408182	5.24637e-08
0.000414887	1.81577e-07
0.000421592	5.70976e-07
0.000428296	1.78524e-06
0.000435001	5.31986e-06
0.000441706	1.51275e-05
0.00044841	4.24414e-05
0.000455115	0.000110482
0.000461819	0.000289991
0.000468524	0.000695387
0.000475229	0.00169746
0.000481933	0.00377097
0.000488638	0.00851462
0.000495343	0.017611
0.000502047	0.0366125
0.000508752	0.0710965
0.000515457	0.135358
0.000522161	0.25203
0.000528866	0.436361
0.000535571	0.747103
0.000542275	1.19994
0.00054898	1.88909
0.000555684	2.8189
0.000562389	4.08335
0.000569094	5.66096
0.000575798	7.55748
0.000582503	9.72604
0.000589208	11.9941
0.000595912	14.3166
0.000602617	16.3603
0.000609322	18.1227
0.000616026	19.3519
0.000622731	20.0416
0.000629435	20.0458
0.00063614	19.9089
0.000642845	19.951
0.000649549	20.2744
0.000656254	21.2454
0.000662959	24.382
0.000669663	30.014
0.000676368	38.2692
0.000683073	50.3345
0.000689777	66.1418
0.000696482	86.192
0.000703186	110.391
0.000709891	138.399
0.000716596	170.161
0.0007233	204.819
0.000730005	242.39
0.00073671	282.239
0.000743414	324.42
0.000750119	369.029
0.000756824	416.095
0.000763528	466.192
0.000770233	519.299
0.000776937	575.7
0.000783642	635.362
0.000790347	697.882
0.000797051	763.257
0.000803756	830.896
0.000810461	900.82
0.000817165	973.105
0.00082387	1047.76
0.000830575	1125.6
0.000837279	1206.62
0.000843984	1291.34
0.000850689	1379.74
0.000857393	1470.95
0.000864098	1564.97
0.000870802	1659.85
0.000877507	1755.57
0.000884212	1850.81
0.000890916	1945.49
0.000897621	2040.08
0.000904326	2134.54
0.00091103	2230.12
0.000917735	2326.89
0.00092444	2424.65
0.000931144	2523.55
0.000937849	2621.03
0.000944553	2717.16
0.000951258	2808.39
0.000957963	2894.64
0.000964667	2973.3
0.000971372	3044.2
0.000978077	3105.99
0.000984781	3158.56
0.000991486	3201.12
0.000998191	3233.6
0.0010049	3255.82
0.0010116	3267.79
0.0010183	3269.36
0.00102501	3262.17
0.00103171	3247.9
0.00103842	3226.38
0.00104512	3200.2
0.00105183	3169.74
0.00105853	3135.32
0.00106524	3097.46
0.00107194	3053.18
0.00107865	3002.73
0.00108535	2940.86
0.00109206	2867.12
0.00109876	2777.32
0.00110546	2670.33
0.00111217	2546.79
0.00111887	2405.54
0.00112558	2253.24
0.00113228	2089.65
0.00113899	1924.79
0.00114569	1759.78
0.0011524	1603.36
0.0011591	1457.5
0.00116581	1326.09
0.00117251	1210.92
0.00117922	1110.52
0.00118592	1025.67
0.00119263	951.696
0.00119933	888.184
0.00120603	830.247
0.00121274	776.721
0.00121944	724.544
0.00122615	672.497
0.00123285	619.915
0.00123956	566.037
0.00124626	512.042
0.00125297	457.825
0.00125967	405.291
0.00126638	354.886
0.00127308	308.105
0.00127979	265.609
0.00128649	227.855
0.00129319	195.328
0.0012999	167.519
0.0013066	144.525
0.00131331	125.392
0.00132001	109.883
0.00132672	97.0876
0.00133342	86.6347
0.00134013	77.8605
0.00134683	70.4179
0.00135354	63.8771
0.00136024	57.9651
0.00136695	52.4425
0.00137365	47.108
0.00138035	41.9073
0.00138706	36.7238
0.00139376	31.6596
0.00140047	26.7063
0.00140717	22.0233
0.00141388	17.6919
0.00142058	13.8108
0.00142729	10.4803
0.00143399	7.68625
0.0014407	5.47509
0.0014474	3.75472
0.00145411	2.49648
0.00146081	1.59786
0.00146752	0.985605
0.00147422	0.589408
0.00148092	0.334664
0.00148763	0.187836
0.00149433	0.086342
0.00150104	0.0516136
