0.000100103	2.17665e-25
0.000103622	2.42082e-24
0.000107142	9.0303e-24
0.000110662	9.15697e-23
0.000114182	3.33169e-22
0.000117702	3.01874e-21
0.000121222	1.09321e-20
0.000124742	8.86753e-20
0.000128261	3.19042e-19
0.000131781	2.32171e-18
0.000135301	8.28198e-18
0.000138821	5.41974e-17
0.000142341	1.9125e-16
0.000145861	1.12838e-15
0.000149381	3.92908e-15
0.0001529	2.09599e-14
0.00015642	7.18211e-14
0.00015994	3.47483e-13
0.00016346	1.16826e-12
0.00016698	5.1433e-12
0.0001705	1.69128e-11
0.00017402	6.7994e-11
0.000177539	2.17945e-10
0.000181059	8.03102e-10
0.000184579	2.50042e-09
0.000188099	8.4779e-09
0.000191619	2.55445e-08
0.000195139	8.00128e-08
0.000198659	2.32435e-07
0.000202178	6.7532e-07
0.000205698	1.88422e-06
0.000209218	5.09856e-06
0.000212738	1.36117e-05
0.000216258	3.44405e-05
0.000219778	8.76562e-05
0.000223298	0.000208187
0.000226817	0.000503381
0.000230337	0.00112633
0.000233857	0.00257886
0.000237377	0.00545449
0.000240897	0.0117914
0.000244417	0.0236462
0.000247937	0.048143
0.000251456	0.0917745
0.000254976	0.175618
0.000258496	0.324178
0.000262016	0.577916
0.000265536	1.01651
0.000269056	1.70398
0.000272576	2.82987
0.000276095	4.48805
0.000279615	7.0337
0.000283135	10.5725
0.000286655	15.6402
0.000290175	22.3083
0.000293695	31.1858
0.000297214	42.2551
0.000300734	55.9325
0.000304254	72.0929
0.000307774	90.6407
0.000311294	111.402
0.000314814	133.658
0.000318334	157.309
0.000321853	181.36
0.000325373	205.883
0.000328893	230.351
0.000332413	255.002
0.000335933	280.449
0.000339453	306.968
0.000342973	336.37
0.000346492	368.821
0.000350012	406.657
0.000353532	449.883
0.000357052	500.456
0.000360572	558.295
0.000364092	624.522
0.000367612	699.065
0.000371131	782.387
0.000374651	874.442
0.000378171	975.344
0.000381691	1085.01
0.000385211	1203.02
0.000388731	1329.21
0.000392251	1461.88
0.00039577	1600.84
0.00039929	1742.58
0.00040281	1886.99
0.00040633	2029.28
0.00040985	2169.49
0.00041337	2303.35
0.00041689	2431.04
0.000420409	2550.93
0.000423929	2663.22
0.000427449	2770.06
0.000430969	2871.54
0.000434489	2972.67
0.000438009	3073.42
0.000441529	3179.07
0.000445048	3289.56
0.000448568	3407.84
0.000452088	3533.89
0.000455608	3667.51
0.000459128	3808.72
0.000462648	3955.46
0.000466168	4107.73
0.000469687	4263.6
0.000473207	4423.06
0.000476727	4584.8
0.000480247	4748.87
0.000483767	4912.82
0.000487287	5076.83
0.000490807	5234.88
0.000494326	5387.21
0.000497846	5523.89
0.000501366	5644.96
0.000504886	5741.85
0.000508406	5816.76
0.000511926	5832.11
0.000515446	5829.96
0.000518965	5818.04
0.000522485	5747.69
0.000526005	5651.94
0.000529525	5534.3
0.000533045	5402.61
0.000536565	5257.22
0.000540085	5108.29
0.000543604	4956.61
0.000547124	4807.76
0.000550644	4662.52
0.000554164	4521.97
0.000557684	4386.55
0.000561204	4254.88
0.000564724	4127.02
0.000568243	4001.16
0.000571763	3877.2
0.000575283	3753.65
0.000578803	3630.41
0.000582323	3506.16
0.000585843	3380.81
0.000589362	3253.08
0.000592882	3122.8
0.000596402	2989.09
0.000599922	2851.69
0.000603442	2710.67
0.000606962	2565.79
0.000610482	2418.18
0.000614001	2267.76
0.000617521	2116.36
0.000621041	1964.12
0.000624561	1813.13
0.000628081	1663.64
0.000631601	1517.82
0.000635121	1375.96
0.00063864	1240.27
0.00064216	1111.13
0.00064568	990.563
0.0006492	879.081
0.00065272	777.976
0.00065624	687.832
0.00065976	608.636
0.000663279	540.825
0.000666799	482.944
0.000670319	435.039
0.000673839	394.713
0.000677359	361.522
0.000680879	333.015
0.000684399	308.408
0.000687918	285.986
0.000691438	264.932
0.000694958	244.597
0.000698478	224.425
0.000701998	204.639
0.000705518	185.076
0.000709038	166.319
0.000712557	148.528
0.000716077	132.161
0.000719597	117.492
0.000723117	104.612
0.000726637	93.7102
0.000730157	84.5393
0.000733677	77.1109
0.000737196	71.0068
0.000740716	66.0784
0.000744236	61.9108
0.000747756	58.2697
0.000751276	54.8611
0.000754796	51.4469
0.000758316	47.9136
0.000761835	44.0912
0.000765355	40.043
0.000768875	35.7166
0.000772395	31.2816
0.000775915	26.8065
0.000779435	22.4606
0.000782955	18.3803
0.000786474	14.6532
0.000789994	11.4031
0.000793514	8.62046
0.000797034	6.34045
0.000800554	4.55102
