0.000166815	2.58961e-14
0.000172682	1.13677e-13
0.000178548	3.77018e-13
0.000184415	1.59397e-12
0.000190282	4.92025e-12
0.000196148	1.90687e-11
0.000202015	5.75597e-11
0.000207881	2.05127e-10
0.000213748	6.03635e-10
0.000219614	1.98457e-09
0.000225481	5.67513e-09
0.000231347	1.72714e-08
0.000237214	4.78349e-08
0.00024308	1.35229e-07
0.000248947	3.615e-07
0.000254813	9.52657e-07
0.00026068	2.44961e-06
0.000266547	6.03892e-06
0.000272413	1.48848e-05
0.00027828	3.44468e-05
0.000284146	8.11126e-05
0.000290013	0.000176804
0.000295879	0.000396441
0.000301746	0.000816508
0.000307612	0.00173805
0.000313479	0.00339233
0.000319345	0.006836
0.000325212	0.0126774
0.000331078	0.0241247
0.000336945	0.0435377
0.000342812	0.0769798
0.000348678	0.132384
0.000354545	0.220394
0.000360411	0.35961
0.000366278	0.56589
0.000372144	0.874474
0.000378011	1.30334
0.000383877	1.90572
0.000389744	2.69365
0.00039561	3.72637
0.000401477	4.99948
0.000407343	6.54802
0.00041321	8.34601
0.000419077	10.3663
0.000424943	12.5703
0.00043081	14.8527
0.000436676	17.1866
0.000442543	19.4277
0.000448409	21.5879
0.000454276	23.5822
0.000460142	25.4714
0.000466009	27.3413
0.000471875	29.2842
0.000477742	31.6082
0.000483608	34.403
0.000489475	38.1477
0.000495342	42.9002
0.000501208	49.1835
0.000507075	57.0128
0.000512941	66.8195
0.000518808	78.579
0.000524674	92.53
0.000530541	108.614
0.000536407	126.804
0.000542274	147.015
0.00054814	168.894
0.000554007	192.352
0.000559873	216.719
0.00056574	241.94
0.000571606	267.194
0.000577473	292.497
0.00058334	317.232
0.000589206	341.499
0.000595073	365.307
0.000600939	388.811
0.000606806	412.934
0.000612672	437.832
0.000618539	465.318
0.000624405	495.499
0.000630272	530.735
0.000636138	571.057
0.000642005	618.837
0.000647871	674.033
0.000653738	738.462
0.000659605	812.029
0.000665471	895.489
0.000671338	988.72
0.000677204	1091.02
0.000683071	1202.28
0.000688937	1320.16
0.000694804	1444.59
0.00070067	1571.84
0.000706537	1701.91
0.000712403	1830.47
0.00071827	1957.54
0.000724136	2079.28
0.000730003	2195.77
0.00073587	2304.56
0.000741736	2405.7
0.000747603	2498.48
0.000753469	2582.89
0.000759336	2659.51
0.000765202	2728.32
0.000771069	2790.43
0.000776935	2845.82
0.000782802	2895.52
0.000788668	2939.55
0.000794535	2978.62
0.000800401	3012.75
0.000806268	3042.4
0.000812135	3067.56
0.000818001	3088.51
0.000823868	3105.24
0.000829734	3118.12
0.000835601	3127.46
0.000841467	3129.27
0.000847334	3129.13
0.0008532	3127.88
0.000859067	3119.33
0.000864933	3107.03
0.0008708	3091.42
0.000876666	3072.34
0.000882533	3049.86
0.0008884	3023.88
0.000894266	2994.5
0.000900133	2960.86
0.000905999	2923.02
0.000911866	2879.51
0.000917732	2830.28
0.000923599	2773.96
0.000929465	2710.38
0.000935332	2639.06
0.000941198	2559.78
0.000947065	2473.34
0.000952931	2379.57
0.000958798	2280.37
0.000964665	2175.72
0.000970531	2068.14
0.000976398	1957.76
0.000982264	1847.14
0.000988131	1736.54
0.000993997	1628.09
0.000999864	1522.11
0.00100573	1419.99
0.0010116	1322.02
0.00101746	1228.85
0.00102333	1140.67
0.0010292	1057.62
0.00103506	979.776
0.00104093	907.059
0.0010468	839.491
0.00105266	776.868
0.00105853	719.203
0.0010644	666.129
0.00107026	617.646
0.00107613	573.182
0.001082	532.684
0.00108786	495.452
0.00109373	461.369
0.00109959	429.736
0.00110546	400.398
0.00111133	372.741
0.00111719	346.599
0.00112306	321.463
0.00112893	297.165
0.00113479	273.355
0.00114066	249.857
0.00114653	226.593
0.00115239	203.424
0.00115826	180.609
0.00116413	158.12
0.00116999	136.459
0.00117586	115.749
0.00118173	96.4919
0.00118759	78.9157
0.00119346	63.2905
0.00119933	49.8338
0.00120519	38.5092
0.00121106	29.419
0.00121693	22.3077
0.00122279	17.1361
0.00122866	13.5703
0.00123453	11.3139
0.00124039	10.6007
0.00124626	10.8112
0.00125212	11.3865
0.00125799	12.6876
0.00126386	14.3668
0.00126972	16.14
0.00127559	17.8453
0.00128146	19.3406
0.00128732	20.4173
0.00129319	20.9497
0.00129906	21.1196
0.00130492	20.658
0.00131079	19.6212
0.00131666	18.1561
0.00132252	16.3669
0.00132839	14.4171
0.00133426	12.2506
