3.33898e-05	0.910086
3.52334e-05	1.33968
3.70771e-05	2.06041
3.89207e-05	3.01898
4.07644e-05	4.37104
4.2608e-05	6.20974
4.44517e-05	8.69256
4.62953e-05	11.9687
4.8139e-05	16.2139
4.99827e-05	21.6348
5.18263e-05	28.3885
5.367e-05	36.7161
5.55136e-05	46.708
5.73573e-05	58.5838
5.92009e-05	72.3262
6.10446e-05	88.0537
6.28882e-05	105.629
6.47319e-05	124.994
6.65755e-05	145.926
6.84192e-05	168.161
7.02628e-05	191.465
7.21065e-05	215.423
7.39502e-05	239.876
7.57938e-05	264.389
7.76375e-05	288.946
7.94811e-05	313.261
8.13248e-05	337.467
8.31684e-05	361.564
8.50121e-05	385.791
8.68557e-05	410.472
8.86994e-05	435.877
9.0543e-05	462.589
9.23867e-05	490.846
9.42303e-05	521.355
9.6074e-05	554.291
9.79177e-05	590.351
9.97613e-05	629.645
0.000101605	672.774
0.000103449	719.789
0.000105292	771.149
0.000107136	826.853
0.00010898	887.187
0.000110823	952.097
0.000112667	1021.66
0.000114511	1095.78
0.000116354	1174.31
0.000118198	1257.14
0.000120042	1343.95
0.000121885	1434.7
0.000123729	1529.08
0.000125572	1627.18
0.000127416	1728.98
0.00012926	1834.72
0.000131103	1945.01
0.000132947	2060.14
0.000134791	2181.45
0.000136634	2309.17
0.000138478	2445.06
0.000140322	2589.17
0.000142165	2743.03
0.000144009	2906.41
0.000145853	3079.78
0.000147696	3262.72
0.00014954	3454.04
0.000151384	3653.28
0.000153227	3857.64
0.000155071	4066.79
0.000156915	4277.12
0.000158758	4488.54
0.000160602	4697.81
0.000162446	4905.08
0.000164289	5108.53
0.000166133	5308.38
0.000167977	5504.53
0.00016982	5697.12
0.000171664	5887.11
0.000173507	6074.45
0.000175351	6259.87
0.000177195	6443.17
0.000179038	6623.65
0.000180882	6801.08
0.000182726	6972.93
0.000184569	7139.05
0.000186413	7295.75
0.000188257	7443
0.0001901	7577.31
0.000191944	7698.79
0.000193788	7805.48
0.000195631	7897.54
0.000197475	7975.27
0.000199319	8038.81
0.000201162	8090.45
0.000203006	8130.21
0.00020485	8161.3
0.000206693	8183.68
0.000208537	8200.45
0.000210381	8211.43
0.000212224	8212.9
0.000214068	8212.08
0.000215912	8208.57
0.000217755	8192.94
0.000219599	8167.46
0.000221442	8132.17
0.000223286	8082.28
0.00022513	8017.8
0.000226973	7935.67
0.000228817	7835.83
0.000230661	7717.98
0.000232504	7581.99
0.000234348	7431.13
0.000236192	7265.22
0.000238035	7090.51
0.000239879	6906.92
0.000241723	6721.85
0.000243566	6535.39
0.00024541	6353.71
0.000247254	6177.07
0.000249097	6008.36
0.000250941	5847.97
0.000252785	5694.76
0.000254628	5549.06
0.000256472	5406.56
0.000258316	5267.36
0.000260159	5125.97
0.000262003	4982.21
0.000263847	4831.67
0.00026569	4673.93
0.000267534	4507.23
0.000269377	4331.09
0.000271221	4146.69
0.000273065	3953.74
0.000274908	3755.55
0.000276752	3552.1
0.000278596	3347.53
0.000280439	3142.08
0.000282283	2939.47
0.000284127	2740.11
0.00028597	2546.58
0.000287814	2359.29
0.000289658	2179.6
0.000291501	2007.81
0.000293345	1844.36
0.000295189	1689.42
0.000297032	1542.94
0.000298876	1404.97
0.00030072	1275.34
0.000302563	1154.02
0.000304407	1040.88
0.000306251	935.896
0.000308094	838.92
0.000309938	749.956
0.000311782	668.744
0.000313625	595.295
0.000315469	529.155
0.000317312	470.307
0.000319156	418.094
0.000321	372.446
0.000322843	332.582
0.000324687	298.373
0.000326531	269.017
0.000328374	244.346
0.000330218	223.611
0.000332062	206.629
0.000333905	192.723
0.000335749	181.712
0.000337593	172.976
0.000339436	166.333
0.00034128	161.225
0.000343124	157.46
0.000344967	154.585
0.000346811	152.405
0.000348655	150.628
0.000350498	149.086
0.000352342	147.671
0.000354186	146.277
0.000356029	144.932
0.000357873	143.612
0.000359717	142.369
0.00036156	141.239
0.000363404	140.187
0.000365247	139.248
0.000367091	138.256
0.000368935	137.184
0.000370778	135.779
0.000372622	133.931
0.000374466	131.414
0.000376309	128.064
0.000378153	123.797
0.000379997	118.471
0.00038184	112.189
0.000383684	104.91
0.000385528	96.8836
0.000387371	88.206
0.000389215	79.18
0.000391059	70.0101
0.000392902	60.9534
0.000394746	52.2543
0.00039659	44.0618
0.000398433	36.6221
0.000400277	29.851
