0.000100103	6.50706e-05
0.00010312	0.000118146
0.000106137	0.000277372
0.000109154	0.000533488
0.000112171	0.00108596
0.000115188	0.00199971
0.000118205	0.00390601
0.000121222	0.00693374
0.000124239	0.0129165
0.000127256	0.0223908
0.000130273	0.0393373
0.00013329	0.0659183
0.000136307	0.110244
0.000139324	0.178155
0.000142341	0.284473
0.000145358	0.442619
0.000148375	0.676461
0.000151392	1.01252
0.000154408	1.48433
0.000157425	2.13706
0.000160442	3.0113
0.000163459	4.17315
0.000166476	5.66467
0.000169493	7.56847
0.00017251	9.92283
0.000175527	12.8164
0.000178544	16.2849
0.000181561	20.4149
0.000184578	25.2518
0.000187595	30.8896
0.000190612	37.4042
0.000193629	44.9363
0.000196646	53.6101
0.000199663	63.6745
0.00020268	75.2987
0.000205697	88.8912
0.000208714	104.631
0.000211731	123.075
0.000214748	144.353
0.000217765	169.061
0.000220782	197.22
0.000223799	229.269
0.000226816	265.097
0.000229833	304.774
0.00023285	348.082
0.000235867	394.604
0.000238884	444.089
0.000241901	495.68
0.000244918	549.183
0.000247935	603.538
0.000250952	658.671
0.000253969	713.654
0.000256986	768.545
0.000260003	822.854
0.00026302	876.727
0.000266037	930.254
0.000269054	983.603
0.000272071	1037.37
0.000275088	1091.69
0.000278105	1147.46
0.000281122	1204.76
0.000284139	1264.54
0.000287156	1326.85
0.000290173	1392.61
0.00029319	1461.87
0.000296207	1535.52
0.000299224	1613.62
0.000302241	1697.13
0.000305258	1786.11
0.000308275	1881.57
0.000311292	1983.53
0.000314309	2092.91
0.000317326	2209.66
0.000320343	2334.3
0.00032336	2466.7
0.000326377	2606.65
0.000329394	2753.95
0.000332411	2907.36
0.000335428	3066.67
0.000338445	3229.48
0.000341462	3395.64
0.000344479	3561.71
0.000347496	3727.62
0.000350513	3889.35
0.00035353	4046.89
0.000356547	4196.33
0.000359564	4337.73
0.000362581	4467.93
0.000365598	4587.03
0.000368615	4693.18
0.000371632	4786.46
0.000374649	4866.46
0.000377666	4933.23
0.000380683	4987.55
0.0003837	5029.45
0.000386717	5061.1
0.000389734	5082.35
0.000392751	5090.25
0.000395768	5093.36
0.000398785	5091.93
0.000401802	5080.91
0.000404819	5066.23
0.000407836	5047.86
0.000410853	5028.15
0.00041387	5007.08
0.000416887	4987.04
0.000419904	4968.06
0.000422921	4951.66
0.000425938	4937.89
0.000428955	4926.66
0.000431972	4918.09
0.000434989	4910.03
0.000438006	4902.59
0.000441023	4891.77
0.00044404	4877.64
0.000447057	4855.34
0.000450074	4824.8
0.000453091	4781.83
0.000456108	4726.22
0.000459125	4655.87
0.000462142	4570.49
0.000465159	4470.76
0.000468176	4356.44
0.000471193	4230.66
0.00047421	4093.32
0.000477227	3948.87
0.000480244	3797.39
0.000483261	3643.27
0.000486278	3486.75
0.000489295	3331.18
0.000492312	3176.86
0.000495329	3025.77
0.000498346	2878.18
0.000501363	2734.87
0.00050438	2596.02
0.000507397	2461.58
0.000510414	2331.65
0.000513431	2205.72
0.000516448	2083.8
0.000519465	1965.23
0.000522482	1849.96
0.000525499	1737.46
0.000528516	1627.61
0.000531533	1520.25
0.00053455	1415.26
0.000537567	1312.91
0.000540584	1213.14
0.000543601	1116.62
0.000546618	1023.35
0.000549635	934.191
0.000552652	849.256
0.000555669	769.307
0.000558686	694.524
0.000561703	625.336
0.00056472	561.932
0.000567737	504.25
0.000570754	452.422
0.000573771	405.901
0.000576788	364.696
0.000579805	327.944
0.000582822	295.513
0.000585839	266.493
0.000588856	240.646
0.000591873	217.261
0.00059489	196.077
0.000597907	176.697
0.000600924	158.921
0.000603941	142.61
0.000606958	127.666
0.000609975	114.051
0.000612992	101.747
0.000616009	90.6747
0.000619026	80.834
0.000622043	72.0548
0.00062506	64.3018
0.000628077	57.3626
0.000631094	51.1547
0.000634111	45.5065
0.000637128	40.3184
0.000640145	35.5093
0.000643162	31.0038
0.000646179	26.8029
0.000649196	22.8775
0.000652213	19.2631
0.00065523	15.9693
0.000658247	13.0186
0.000661264	10.4333
0.000664281	8.20166
0.000667298	6.33363
0.000670315	4.78914
0.000673332	3.55558
0.000676349	2.58276
0.000679366	1.84016
0.000682383	1.28363
0.0006854	0.87622
0.000688417	0.587185
0.000691434	0.383335
0.000694451	0.247041
0.000697468	0.147612
0.000700485	0.0955573
