0.000500379	5.99239e-238
0.000509598	2.75893e-229
0.000518817	1.10357e-228
0.000528036	3.29199e-220
0.000537255	1.33027e-219
0.000546474	2.57066e-211
0.000555693	1.04957e-210
0.000564912	1.3137e-202
0.000574131	5.42029e-202
0.00058335	4.39351e-194
0.000592569	1.83218e-193
0.000601788	9.61589e-186
0.000611007	4.05367e-185
0.000620226	1.3773e-177
0.000629445	5.87035e-177
0.000638664	1.29099e-169
0.000647883	5.56436e-169
0.000657101	7.9191e-162
0.00066632	3.45223e-161
0.000675539	3.17893e-154
0.000684758	1.40191e-153
0.000693977	8.351e-147
0.000703196	3.72627e-146
0.000712415	1.43564e-139
0.000721634	6.48279e-139
0.000730853	1.61509e-132
0.000740072	7.38217e-132
0.000749291	1.18903e-125
0.00075851	5.50223e-125
0.000767729	5.72835e-119
0.000776948	2.68427e-118
0.000786167	1.80595e-112
0.000795386	8.57132e-112
0.000804605	3.72577e-106
0.000813823	1.79144e-105
0.000823042	5.0299e-100
0.000832261	2.45068e-99
0.00084148	4.44358e-94
0.000850699	2.19435e-93
0.000859918	2.56882e-88
0.000869137	1.28604e-87
0.000878356	9.71757e-83
0.000887575	4.93328e-82
0.000896794	2.40549e-77
0.000906013	1.23865e-76
0.000915232	3.89643e-72
0.000924451	2.03559e-71
0.00093367	4.12997e-67
0.000942889	2.1896e-66
0.000952108	2.86446e-62
0.000961327	1.5416e-61
0.000970545	1.30003e-57
0.000979764	7.10407e-57
0.000988983	3.86083e-53
0.000998202	2.14277e-52
0.00100742	7.50295e-49
0.00101664	4.23034e-48
0.00102586	9.54153e-45
0.00103508	5.46649e-44
0.0010443	7.9407e-41
0.00105352	4.62358e-40
0.00106273	4.32504e-37
0.00107195	2.5597e-36
0.00108117	1.54194e-33
0.00109039	9.27568e-33
0.00109961	3.59905e-30
0.00110883	2.20019e-29
0.00111805	5.50171e-27
0.00112727	3.41627e-26
0.00113649	5.51108e-24
0.00114571	3.47255e-23
0.00115492	3.62061e-21
0.00116414	2.31097e-20
0.00117336	1.56213e-18
0.00118258	1.00708e-17
0.0011918	4.43555e-16
0.00120102	2.87458e-15
0.00121024	8.31448e-14
0.00121946	5.3767e-13
0.00122868	1.03367e-11
0.00123789	6.5947e-11
0.00124711	8.5782e-10
0.00125633	5.31011e-09
0.00126555	4.79259e-08
0.00127477	2.81209e-07
0.00128399	1.82099e-06
0.00129321	9.82276e-06
0.00130243	4.75535e-05
0.00131165	0.000227348
0.00132087	0.000861207
0.00133008	0.00351106
0.0013393	0.0108812
0.00134852	0.0365533
0.00135774	0.0962112
0.00136696	0.260175
0.00137618	0.599151
0.0013854	1.29519
0.00139462	2.71168
0.00140384	4.84614
0.00141305	8.07136
0.00142227	12.3835
0.00143149	17.177
0.00144071	22.4617
0.00144993	26.8836
0.00145915	30.4178
0.00146837	33.4614
0.00147759	35.9267
0.00148681	41.2686
0.00149603	49.4782
0.00150524	63.7749
0.00151446	84.3091
0.00152368	110.82
0.0015329	143.414
0.00154212	180.054
0.00155134	220.657
0.00156056	264.589
0.00156978	311.713
0.001579	363.192
0.00158821	418.989
0.00159743	480.724
0.00160665	548.498
0.00161587	622.923
0.00162509	704.063
0.00163431	792.042
0.00164353	886.797
0.00165275	989.309
0.00166197	1099.88
0.00167118	1217.01
0.0016804	1340.99
0.00168962	1467.73
0.00169884	1596.62
0.00170806	1727.76
0.00171728	1860.86
0.0017265	1997.93
0.00173572	2140.08
0.00174494	2281.95
0.00175416	2423.76
0.00176337	2557.65
0.00177259	2681.84
0.00178181	2797.27
0.00179103	2903.81
0.00180025	3002.46
0.00180947	3095.17
0.00181869	3172.53
0.00182791	3238.67
0.00183713	3258.43
0.00184634	3256.36
0.00185556	3248.95
0.00186478	3195.37
0.001874	3116.75
0.00188322	3021.48
0.00189244	2914.5
0.00190166	2797.38
0.00191088	2677.41
0.0019201	2557.15
0.00192932	2437.53
0.00193853	2319.93
0.00194775	2201.45
0.00195697	2081.31
0.00196619	1959.17
0.00197541	1834.1
0.00198463	1708.99
0.00199385	1584.46
0.00200307	1462.19
0.00201229	1343.24
0.0020215	1226.68
0.00203072	1112.52
0.00203994	999.922
0.00204916	888.055
0.00205838	778.689
0.0020676	671.404
0.00207682	570.558
0.00208604	477.295
0.00209526	395.572
0.00210448	328.272
0.00211369	273.689
0.00212291	233.15
0.00213213	200.714
0.00214135	173.862
0.00215057	150.084
0.00215979	126.912
0.00216901	105.328
0.00217823	85.1897
0.00218745	67.0192
0.00219666	51.0613
0.00220588	37.5624
0.0022151	26.7721
0.00222432	18.6643
0.00223354	13.4655
0.00224276	10.5999
0.00225198	9.32786
0.0022612	8.55725
0.00227042	7.73999
0.00227964	6.8051
0.00228885	5.39347
0.00229807	3.91369
0.00230729	2.59749
0.00231651	1.50468
0.00232573	0.782987
0.00233495	0.38182
