3.33898e-05	4.13857e-17
3.55687e-05	2.99813e-16
3.77476e-05	1.0751e-15
3.99264e-05	7.12296e-15
4.21053e-05	2.44119e-14
4.42842e-05	1.43564e-13
4.64631e-05	4.8455e-13
4.8642e-05	2.53805e-12
5.08209e-05	8.40801e-12
5.29998e-05	3.93744e-11
5.51787e-05	1.27559e-10
5.73576e-05	5.36262e-10
5.95365e-05	1.69218e-09
6.17154e-05	6.41483e-09
6.38943e-05	1.96324e-08
6.60732e-05	6.74272e-08
6.82521e-05	1.99244e-07
7.0431e-05	6.23049e-07
7.26099e-05	1.76931e-06
7.47888e-05	5.06339e-06
7.69677e-05	1.37527e-05
7.91465e-05	3.62068e-05
8.13254e-05	9.36142e-05
8.35043e-05	0.000227915
8.56832e-05	0.000558389
8.78621e-05	0.00126363
9.0041e-05	0.002921
9.22199e-05	0.0061744
9.43988e-05	0.0134152
9.65777e-05	0.02661
9.87566e-05	0.0541705
0.000100935	0.101444
0.000103114	0.192812
0.000105293	0.349624
0.000107472	0.611748
0.000109651	1.04548
0.00011183	1.71592
0.000114009	2.76244
0.000116188	4.27353
0.000118367	6.48815
0.000120546	9.49852
0.000122724	13.634
0.000124903	18.9563
0.000127082	25.8138
0.000129261	34.2035
0.00013144	44.3621
0.000133619	56.2095
0.000135798	69.7272
0.000137977	84.7913
0.000140156	101.065
0.000142334	118.474
0.000144513	136.517
0.000146692	155.306
0.000148871	174.67
0.00015105	194.998
0.000153229	217.197
0.000155408	241.863
0.000157587	271.491
0.000159766	306.588
0.000161945	350.784
0.000164123	404.127
0.000166302	469.667
0.000168481	546.875
0.00017066	636.108
0.000172839	736.581
0.000175018	845.228
0.000177197	961.575
0.000179376	1080.9
0.000181555	1203.37
0.000183733	1325.88
0.000185912	1449.04
0.000188091	1573.58
0.00019027	1700.05
0.000192449	1832.32
0.000194628	1970.51
0.000196807	2118.77
0.000198986	2276.81
0.000201165	2446.22
0.000203344	2626.52
0.000205522	2815.72
0.000207701	3013.48
0.00020988	3215.29
0.000212059	3421.09
0.000214238	3626.28
0.000216417	3831.03
0.000218596	4033.08
0.000220775	4232.69
0.000222954	4431
0.000225132	4628.21
0.000227311	4828.06
0.00022949	5030.55
0.000231669	5239.91
0.000233848	5456.04
0.000236027	5681.61
0.000238206	5916.5
0.000240385	6160.82
0.000242564	6414.51
0.000244743	6674.7
0.000246921	6941.37
0.0002491	7207.99
0.000251279	7474.62
0.000253458	7730.51
0.000255637	7975.78
0.000257816	8196.72
0.000259995	8393.39
0.000262174	8553.9
0.000264353	8678.45
0.000266531	8751.13
0.00026871	8785.98
0.000270889	8784.54
0.000273068	8734.84
0.000275247	8654.77
0.000277426	8544.53
0.000279605	8418.19
0.000281784	8275.87
0.000283963	8130.38
0.000286142	7982.25
0.00028832	7838.03
0.000290499	7698.38
0.000292678	7563.03
0.000294857	7432.41
0.000297036	7302.23
0.000299215	7172.5
0.000301394	7038.85
0.000303573	6900.98
0.000305752	6756.58
0.00030793	6605.45
0.000310109	6446.41
0.000312288	6279.56
0.000314467	6102.54
0.000316646	5915.5
0.000318825	5714.45
0.000321004	5499.03
0.000323183	5266.61
0.000325362	5016.2
0.00032754	4750.84
0.000329719	4469.49
0.000331898	4182.24
0.000334077	3889.06
0.000336256	3603.29
0.000338435	3326.37
0.000340614	3068.28
0.000342793	2831.32
0.000344972	2617.44
0.000347151	2428.5
0.000349329	2258.94
0.000351508	2109.07
0.000353687	1970.51
0.000355866	1842.03
0.000358045	1717.54
0.000360224	1595.22
0.000362403	1473.85
0.000364582	1352.15
0.000366761	1232.95
0.000368939	1116.16
0.000371118	1005.75
0.000373297	902.61
0.000375476	809.095
0.000377655	726.335
0.000379834	653.93
0.000382013	592.492
0.000384192	539.59
0.000386371	495.011
0.00038855	455.869
0.000390728	421.36
0.000392907	389.438
0.000395086	359.2
0.000397265	329.87
0.000399444	300.851
0.000401623	272.298
0.000403802	244.034
0.000405981	216.548
0.00040816	189.942
0.000410338	164.639
0.000412517	140.822
0.000414696	118.748
0.000416875	98.5741
0.000419054	80.4191
0.000421233	64.3992
0.000423412	50.4865
0.000425591	38.7483
0.00042777	28.9898
0.000429949	21.1931
0.000432127	15.0426
0.000434306	10.4167
0.000436485	6.98581
0.000438664	4.55867
0.000440843	2.88302
0.000443022	1.76339
0.000445201	1.05218
0.00044738	0.59942
0.000449559	0.33849
0.000451737	0.176336
0.000453916	0.0960066
0.000456095	0.046725
0.000458274	0.023909
0.000460453	0.0109587
0.000462632	0.00521986
0.000464811	0.0020537
0.00046699	0.000998314
