0.000166815	1.71035e-22
0.000172682	1.52109e-21
0.000178548	5.57125e-21
0.000184415	4.554e-20
0.000190282	1.61324e-19
0.000196148	1.18204e-18
0.000202015	4.15297e-18
0.000207881	2.73395e-17
0.000213748	9.50542e-17
0.000219614	5.63647e-16
0.000225481	1.93457e-15
0.000231347	1.03618e-14
0.000237214	3.50146e-14
0.00024308	1.69917e-13
0.000248947	5.63669e-13
0.000254813	2.4864e-12
0.00026068	8.07189e-12
0.000266547	3.24788e-11
0.000272413	1.02844e-10
0.00027828	3.78866e-10
0.000284146	1.16604e-09
0.000290013	3.94806e-09
0.000295879	1.17674e-08
0.000301746	3.67659e-08
0.000307612	1.05726e-07
0.000313479	3.06061e-07
0.000319345	8.45933e-07
0.000325212	2.27822e-06
0.000331078	6.02944e-06
0.000336945	1.51678e-05
0.000342812	3.8296e-05
0.000348678	9.03408e-05
0.000354545	0.000216836
0.000360411	0.000481464
0.000366278	0.00109496
0.000372144	0.00229632
0.000378011	0.0049336
0.000383877	0.00980295
0.000389744	0.0198458
0.00039561	0.0374631
0.000401477	0.0713161
0.000407343	0.13068
0.00041321	0.231324
0.000419077	0.402851
0.000424943	0.671278
0.00043081	1.10482
0.000436676	1.74145
0.000442543	2.70727
0.000448409	4.04503
0.000454276	5.94273
0.000460142	8.43114
0.000466009	11.7239
0.000471875	15.8215
0.000477742	20.8809
0.000483608	26.8697
0.000489475	33.8019
0.000495342	41.6371
0.000501208	50.2416
0.000507075	59.61
0.000512941	69.5983
0.000518808	80.2618
0.000524674	91.6705
0.000530541	103.919
0.000536407	117.422
0.000542274	132.252
0.00054814	149.046
0.000554007	167.804
0.000559873	189.04
0.00056574	212.689
0.000571606	238.84
0.000577473	267.426
0.00058334	298.143
0.000589206	330.987
0.000595073	365.65
0.000600939	402.201
0.000606806	440.783
0.000612672	481.483
0.000618539	525.025
0.000624405	571.449
0.000630272	621.717
0.000636138	675.799
0.000642005	734.322
0.000647871	797.21
0.000653738	864.349
0.000659605	935.663
0.000665471	1010.27
0.000671338	1088.13
0.000677204	1167.9
0.000683071	1249.57
0.000688937	1331.81
0.000694804	1414.65
0.00070067	1497.26
0.000706537	1579.69
0.000712403	1662.07
0.00071827	1744.42
0.000724136	1827.88
0.000730003	1912.44
0.00073587	1999.56
0.000741736	2089.25
0.000747603	2182.07
0.000753469	2278.03
0.000759336	2375.79
0.000765202	2475.36
0.000771069	2573.45
0.000776935	2670.08
0.000782802	2761.13
0.000788668	2846.59
0.000794535	2923.06
0.000800401	2990.47
0.000806268	3047.08
0.000812135	3092.81
0.000818001	3128.03
0.000823868	3153.01
0.000829734	3164.05
0.000835601	3168.68
0.000841467	3168.06
0.000847334	3157.2
0.0008532	3141.38
0.000859067	3120.98
0.000864933	3097.33
0.0008708	3070.6
0.000876666	3040.95
0.000882533	3008.54
0.0008884	2972.22
0.000894266	2931.99
0.000900133	2886.6
0.000905999	2835.89
0.000911866	2779.89
0.000917732	2718.4
0.000923599	2653.04
0.000929465	2583.77
0.000935332	2512.64
0.000941198	2439.89
0.000947065	2366.43
0.000952931	2292.57
0.000958798	2217.52
0.000964665	2141.38
0.000970531	2062.58
0.000976398	1980.92
0.000982264	1895.62
0.000988131	1806.32
0.000993997	1713.94
0.000999864	1618.3
0.00100573	1521.5
0.0010116	1423.71
0.00101746	1327.04
0.00102333	1231.87
0.0010292	1139.42
0.00103506	1050.06
0.00104093	964.128
0.0010468	881.789
0.00105266	803.062
0.00105853	727.949
0.0010644	656.606
0.00107026	589.011
0.00107613	525.515
0.001082	466.169
0.00108786	411.299
0.00109373	361.02
0.00109959	315.41
0.00110546	274.578
0.00111133	238.271
0.00111719	206.53
0.00112306	178.819
0.00112893	155.075
0.00113479	134.62
0.00114066	117.293
0.00114653	102.448
0.00115239	89.864
0.00115826	79.0656
0.00116413	69.8391
0.00116999	61.9124
0.00117586	55.1364
0.00118173	49.3605
0.00118759	44.5089
0.00119346	40.433
0.00119933	37.0863
0.00120519	34.2662
0.00121106	31.8996
0.00121693	29.776
0.00122279	27.7821
0.00122866	25.7917
0.00123453	23.6918
0.00124039	21.4885
0.00124626	19.1262
0.00125212	16.7058
0.00125799	14.2504
0.00126386	11.8717
0.00126972	9.64141
0.00127559	7.61713
0.00128146	5.8666
0.00128732	4.38235
0.00129319	3.19247
0.00129906	2.25243
0.00130492	1.5484
0.00131079	1.03225
0.00131666	0.667824
0.00132252	0.421408
0.00132839	0.244304
0.00133426	0.153192
