0.000166815	3.75675e-21
0.000172682	4.88584e-20
0.000178548	1.84163e-19
0.000184415	2.09038e-18
0.000190282	7.69469e-18
0.000196148	7.50079e-17
0.000202015	2.74047e-16
0.000207881	2.30139e-15
0.000213748	8.32075e-15
0.000219614	6.04153e-14
0.000225481	2.15416e-13
0.000231347	1.35792e-12
0.000237214	4.75625e-12
0.00024308	2.61516e-11
0.000248947	8.95847e-11
0.000254813	4.31887e-10
0.00026068	1.43987e-09
0.000266547	6.12148e-09
0.000272413	1.97564e-08
0.00027828	7.45311e-08
0.000284146	2.31522e-07
0.000290013	7.80181e-07
0.000295879	2.31862e-06
0.000301746	7.02761e-06
0.000307612	1.98574e-05
0.000313479	5.4518e-05
0.000319345	0.000145556
0.000325212	0.000364534
0.000331078	0.000914072
0.000336945	0.00210245
0.000342812	0.00492332
0.000348678	0.0104665
0.000354545	0.0227729
0.000360411	0.0450033
0.000366278	0.0905897
0.000372144	0.170345
0.000378011	0.312721
0.000383877	0.55539
0.000389744	0.935121
0.00039561	1.54025
0.000401477	2.40841
0.000407343	3.67511
0.00041321	5.35208
0.000419077	7.56858
0.000424943	10.2804
0.00043081	13.4936
0.000436676	17.1107
0.000442543	20.9078
0.000448409	24.7935
0.000454276	28.3599
0.000460142	31.6099
0.000466009	34.2264
0.000471875	36.3434
0.000477742	38.0918
0.000483608	39.6666
0.000489475	41.7598
0.000495342	44.4906
0.000501208	48.777
0.000507075	54.5786
0.000512941	62.449
0.000518808	72.2437
0.000524674	83.8165
0.000530541	97.0696
0.000536407	111.445
0.000542274	126.997
0.00054814	143.474
0.000554007	161.037
0.000559873	180.227
0.00056574	201.162
0.000571606	224.897
0.000577473	251.401
0.00058334	281.4
0.000589206	314.746
0.000595073	351.207
0.000600939	390.654
0.000606806	432.061
0.000612672	475.405
0.000618539	519.624
0.000624405	564.787
0.000630272	610.467
0.000636138	656.77
0.000642005	704.182
0.000647871	752.807
0.000653738	804.034
0.000659605	857.92
0.000665471	916.415
0.000671338	979.496
0.000677204	1048.84
0.000683071	1124.36
0.000688937	1206.58
0.000694804	1295.45
0.00070067	1390.35
0.000706537	1491.26
0.000712403	1597.33
0.00071827	1708.58
0.000724136	1824.44
0.000730003	1944.9
0.00073587	2068.98
0.000741736	2196.64
0.000747603	2325.22
0.000753469	2454.73
0.000759336	2580.78
0.000765202	2703.4
0.000771069	2817.93
0.000776935	2924.38
0.000782802	3019.45
0.000788668	3103.1
0.000794535	3173.87
0.000800401	3231.71
0.000806268	3276.84
0.000812135	3309.16
0.000818001	3330.99
0.000823868	3342.44
0.000829734	3343.86
0.000835601	3340.88
0.000841467	3334.88
0.000847334	3325.74
0.0008532	3315.72
0.000859067	3305.22
0.000864933	3291.9
0.0008708	3276.02
0.000876666	3252.49
0.000882533	3221.15
0.0008884	3177.92
0.000894266	3122.26
0.000900133	3054.2
0.000905999	2973.19
0.000911866	2883.36
0.000917732	2784.58
0.000923599	2682.53
0.000929465	2577.52
0.000935332	2474.14
0.000941198	2372.93
0.000947065	2276.3
0.000952931	2184.72
0.000958798	2098.62
0.000964665	2018.32
0.000970531	1942.68
0.000976398	1871.86
0.000982264	1803.52
0.000988131	1737.58
0.000993997	1671.33
0.000999864	1604.4
0.00100573	1534.86
0.0010116	1462.2
0.00101746	1386.16
0.00102333	1306.35
0.0010292	1224.08
0.00103506	1139.28
0.00104093	1053.99
0.0010468	968.432
0.00105266	884.462
0.00105853	802.439
0.0010644	723.719
0.00107026	648.626
0.00107613	578.103
0.001082	512.426
0.00108786	452.145
0.00109373	397.512
0.00109959	348.564
0.00110546	305.478
0.00111133	267.756
0.00111719	235.43
0.00112306	207.632
0.00112893	184.242
0.00113479	164.223
0.00114066	147.33
0.00114653	132.536
0.00115239	119.492
0.00115826	107.433
0.00116413	95.9691
0.00116999	84.8488
0.00117586	73.7902
0.00118173	63.0397
0.00118759	52.5565
0.00119346	42.7542
0.00119933	33.7981
0.00120519	25.9102
0.00121106	19.285
0.00121693	13.8429
0.00122279	9.65455
0.00122866	6.46794
0.00123453	4.20945
0.00124039	2.63056
0.00124626	1.5899
0.00125212	0.928654
0.00125799	0.516611
0.00126386	0.284302
0.00126972	0.14334
0.00127559	0.0756234
0.00128146	0.035531
0.00128732	0.0173736
0.00129319	0.00764233
0.00129906	0.00344217
0.00130492	0.00142493
0.00131079	0.000587293
0.00131666	0.000230054
0.00132252	8.61715e-05
0.00132839	2.96875e-05
0.00133426	1.08594e-05
