3.33898e-05	0.648575
3.52334e-05	0.933431
3.70771e-05	1.37127
3.89207e-05	1.94164
4.07644e-05	2.70428
4.2608e-05	3.70127
4.44517e-05	4.97486
4.62953e-05	6.57881
4.8139e-05	8.53915
4.99827e-05	10.9089
5.18263e-05	13.6824
5.367e-05	16.8896
5.55136e-05	20.4853
5.73573e-05	24.4508
5.92009e-05	28.7118
6.10446e-05	33.1868
6.28882e-05	37.8059
6.47319e-05	42.4416
6.65755e-05	47.0805
6.84192e-05	51.6098
7.02628e-05	56.1267
7.21065e-05	60.6349
7.39502e-05	65.3763
7.57938e-05	70.5882
7.76375e-05	76.6536
7.94811e-05	84.1336
8.13248e-05	93.5049
8.31684e-05	105.673
8.50121e-05	121.127
8.68557e-05	141.04
8.86994e-05	165.818
9.0543e-05	196.729
9.23867e-05	234.012
9.42303e-05	278.794
9.6074e-05	331.103
9.79177e-05	391.672
9.97613e-05	460.324
0.000101605	537.216
0.000103449	622.012
0.000105292	714.222
0.000107136	813.433
0.00010898	918.569
0.000110823	1029.21
0.000112667	1143.86
0.000114511	1262.15
0.000116354	1382.33
0.000118198	1504.09
0.000120042	1625.61
0.000121885	1746.67
0.000123729	1865.51
0.000125572	1982.03
0.000127416	2094.74
0.00012926	2203.74
0.000131103	2308.21
0.000132947	2408.48
0.000134791	2504.91
0.000136634	2598.07
0.000138478	2689.95
0.000140322	2781.23
0.000142165	2875.61
0.000144009	2973.67
0.000145853	3080.24
0.000147696	3195.61
0.00014954	3324.54
0.000151384	3466.86
0.000153227	3625.68
0.000155071	3800.44
0.000156915	3991.25
0.000158758	4197.33
0.000160602	4415.2
0.000162446	4644.13
0.000164289	4877.62
0.000166133	5115.2
0.000167977	5348.88
0.00016982	5578.55
0.000171664	5796.78
0.000173507	6003.77
0.000175351	6194.47
0.000177195	6369.23
0.000179038	6526.34
0.000180882	6666.17
0.000182726	6790.23
0.000184569	6898.8
0.000186413	6995.65
0.000188257	7080.89
0.0001901	7159.19
0.000191944	7230.53
0.000193788	7299.17
0.000195631	7365
0.000197475	7430.94
0.000199319	7496.89
0.000201162	7563.99
0.000203006	7632.16
0.00020485	7700.73
0.000206693	7769.65
0.000208537	7836.64
0.000210381	7901.68
0.000212224	7961.32
0.000214068	8015.56
0.000215912	8060.86
0.000217755	8097.23
0.000219599	8115.4
0.000221442	8123.41
0.000223286	8120.96
0.00022513	8095.38
0.000226973	8052.64
0.000228817	7992.88
0.000230661	7915.67
0.000232504	7820.93
0.000234348	7710.75
0.000236192	7585.04
0.000238035	7446.93
0.000239879	7296.4
0.000241723	7136.82
0.000243566	6968.22
0.00024541	6793.6
0.000247254	6613.01
0.000249097	6428.78
0.000250941	6241
0.000252785	6051.3
0.000254628	5859.78
0.000256472	5667.56
0.000258316	5474.73
0.000260159	5281.98
0.000262003	5089.4
0.000263847	4897.24
0.00026569	4705.56
0.000267534	4514.2
0.000269377	4323.17
0.000271221	4132.06
0.000273065	3940.83
0.000274908	3749.22
0.000276752	3557.13
0.000278596	3364.97
0.000280439	3172.6
0.000282283	2981.42
0.000284127	2791.34
0.00028597	2604.67
0.000287814	2421.47
0.000289658	2244.5
0.000291501	2073.98
0.000293345	1912.42
0.000295189	1760.19
0.000297032	1618.9
0.000298876	1488.97
0.00030072	1370.76
0.000302563	1264.59
0.000304407	1169.62
0.000306251	1085.99
0.000308094	1011.96
0.000309938	947.452
0.000311782	890.325
0.000313625	840.299
0.000315469	795.294
0.000317312	754.907
0.000319156	717.457
0.000321	682.51
0.000322843	648.959
0.000324687	616.425
0.000326531	584.391
0.000328374	552.59
0.000330218	520.983
0.000332062	489.442
0.000333905	458.223
0.000335749	427.326
0.000337593	397.104
0.000339436	367.645
0.00034128	339.244
0.000343124	312.023
0.000344967	286.138
0.000346811	261.691
0.000348655	238.69
0.000350498	217.188
0.000352342	197.087
0.000354186	178.383
0.000356029	160.94
0.000357873	144.712
0.000359717	129.579
0.00036156	115.479
0.000363404	102.341
0.000365247	90.114
0.000367091	78.7741
0.000368935	68.2932
0.000370778	58.6729
0.000372622	49.9081
0.000374466	41.9943
0.000376309	34.9365
0.000378153	28.7026
0.000379997	23.2896
0.00038184	18.6344
0.000383684	14.713
0.000385528	11.4418
0.000387371	8.7735
0.000389215	6.6218
0.000391059	4.92288
0.000392902	3.6026
0.000394746	2.59281
0.00039659	1.83886
0.000398433	1.25827
0.000400277	0.879291
