0.000166815	3.80642e-60
0.00017352	4.9156e-57
0.000180225	1.9651e-56
0.000186929	1.9136e-53
0.000193634	7.72463e-53
0.000200339	5.67071e-50
0.000207043	2.31204e-49
0.000213748	1.27948e-46
0.000220453	5.26913e-46
0.000227157	2.19816e-43
0.000233862	9.14341e-43
0.000240566	2.87566e-40
0.000247271	1.2081e-39
0.000253976	2.86483e-37
0.00026068	1.21542e-36
0.000267385	2.17366e-34
0.00027409	9.31059e-34
0.000280794	1.25626e-31
0.000287499	5.43074e-31
0.000294204	5.53147e-29
0.000300908	2.41198e-28
0.000307613	1.85606e-26
0.000314317	8.15693e-26
0.000321022	4.74769e-24
0.000327727	2.1005e-23
0.000334431	9.26216e-22
0.000341136	4.11881e-21
0.000347841	1.37894e-19
0.000354545	6.15014e-19
0.00036125	1.56794e-17
0.000367955	6.99324e-17
0.000374659	1.36303e-15
0.000381364	6.05585e-15
0.000388068	9.0707e-14
0.000394773	3.99399e-13
0.000401478	4.62844e-12
0.000408182	2.0064e-11
0.000414887	1.81438e-10
0.000421592	7.67833e-10
0.000428296	5.47634e-09
0.000435001	2.23891e-08
0.000441706	1.2758e-07
0.00044841	4.97549e-07
0.000455115	2.29972e-06
0.000461819	8.42978e-06
0.000468524	3.21473e-05
0.000475229	0.000108938
0.000481933	0.00034908
0.000488638	0.00107446
0.000495343	0.00294701
0.000502047	0.00809458
0.000508752	0.0193376
0.000515457	0.0466275
0.000522161	0.0984844
0.000528866	0.205632
0.000535571	0.408239
0.000542275	0.720156
0.00054898	1.22346
0.000555684	1.90267
0.000562389	2.7814
0.000569094	3.81194
0.000575798	4.83537
0.000582503	5.81632
0.000589208	6.47538
0.000595912	6.83239
0.000602617	6.74743
0.000609322	6.37594
0.000616026	6.00019
0.000622731	5.64458
0.000629435	5.79448
0.00063614	6.78868
0.000642845	8.76412
0.000649549	12.2378
0.000656254	17.3592
0.000662959	24.1716
0.000669663	33.0609
0.000676368	44.0248
0.000683073	57.3726
0.000689777	73.0878
0.000696482	91.329
0.000703186	112.066
0.000709891	135.203
0.000716596	160.703
0.0007233	188.154
0.000730005	217.526
0.00073671	248.099
0.000743414	279.895
0.000750119	312.434
0.000756824	345.792
0.000763528	380.589
0.000770233	416.887
0.000776937	456.387
0.000783642	499.089
0.000790347	546.8
0.000797051	599.485
0.000803756	658.158
0.000810461	722.795
0.000817165	793.725
0.00082387	870.949
0.000830575	955.277
0.000837279	1046.7
0.000843984	1146.26
0.000850689	1253.95
0.000857393	1367.87
0.000864098	1488.11
0.000870802	1608.33
0.000877507	1728.55
0.000884212	1842.79
0.000890916	1950.82
0.000897621	2053.77
0.000904326	2151.34
0.00091103	2251.2
0.000917735	2353.49
0.00092444	2463.29
0.000931144	2581.24
0.000937849	2702.77
0.000944553	2828.37
0.000951258	2947.37
0.000957963	3059.51
0.000964667	3156.83
0.000971372	3238.59
0.000978077	3303.69
0.000984781	3351.56
0.000991486	3386.24
0.000998191	3408.06
0.0010049	3418.54
0.0010116	3423.41
0.0010183	3423.99
0.00102501	3420.19
0.00103171	3412.2
0.00103842	3400.13
0.00104512	3377.76
0.00105183	3345.13
0.00105853	3294.69
0.00106524	3225.27
0.00107194	3135.23
0.00107865	3023.25
0.00108535	2894.91
0.00109206	2749.65
0.00109876	2597.34
0.00110546	2438.43
0.00111217	2283.57
0.00111887	2134.32
0.00112558	1997.18
0.00113228	1874.32
0.00113899	1764.44
0.00114569	1668.71
0.0011524	1580.63
0.0011591	1499.52
0.00116581	1419.98
0.00117251	1340.4
0.00117922	1259.98
0.00118592	1177.73
0.00119263	1095.93
0.00119933	1014.77
0.00120603	936.279
0.00121274	861.183
0.00121944	789.594
0.00122615	721.908
0.00123285	657.123
0.00123956	595.076
0.00124626	535.079
0.00125297	476.744
0.00125967	420.376
0.00126638	365.722
0.00127308	314.072
0.00127979	265.585
0.00128649	221.783
0.00129319	183.301
0.0012999	150.63
0.0013066	124.415
0.00131331	103.639
0.00132001	88.3714
0.00132672	76.8786
0.00133342	68.6055
0.00134013	62.164
0.00134683	56.7949
0.00135354	51.9074
0.00136024	46.9606
0.00136695	41.9762
0.00137365	36.7644
0.00138035	31.5681
0.00138706	26.4191
0.00139376	21.5849
0.00140047	17.1963
0.00140717	13.4559
0.00141388	10.5524
0.00142058	8.45579
0.00142729	7.186
0.00143399	6.77545
0.0014407	6.85672
0.0014474	6.92791
0.00145411	6.92742
0.00146081	6.92554
0.00146752	6.48373
0.00147422	5.64516
0.00148092	4.64347
0.00148763	3.57509
0.00149433	2.62699
0.00150104	1.73514
