3.33898e-05	552.47
3.48982e-05	582.668
3.64066e-05	609.998
3.7915e-05	634.177
3.94234e-05	656.032
4.09318e-05	675.823
4.24402e-05	695.067
4.39487e-05	714.993
4.54571e-05	737.219
4.69655e-05	763.699
4.84739e-05	795.591
4.99823e-05	834.955
5.14907e-05	882.134
5.29991e-05	938.564
5.45076e-05	1003.78
5.6016e-05	1078.1
5.75244e-05	1160.6
5.90328e-05	1250.45
6.05412e-05	1346.7
6.20496e-05	1447.84
6.3558e-05	1553.2
6.50665e-05	1661.2
6.65749e-05	1771.5
6.80833e-05	1882.88
6.95917e-05	1995.25
7.11001e-05	2107.87
7.26085e-05	2220.74
7.41169e-05	2333.48
7.56253e-05	2446.2
7.71338e-05	2558.8
7.86422e-05	2671.54
8.01506e-05	2784.67
8.1659e-05	2898.65
8.31674e-05	3014.26
8.46758e-05	3132.05
8.61842e-05	3253.38
8.76927e-05	3378.74
8.92011e-05	3509.81
9.07095e-05	3646.81
9.22179e-05	3791.25
9.37263e-05	3942.97
9.52347e-05	4102.67
9.67431e-05	4269.88
9.82516e-05	4444.05
9.976e-05	4624.51
0.000101268	4809.45
0.000102777	4998.23
0.000104285	5188.17
0.000105794	5378.86
0.000107302	5567.52
0.00010881	5754.05
0.000110319	5936.32
0.000111827	6114.44
0.000113336	6287.29
0.000114844	6455.07
0.000116353	6617.56
0.000117861	6774.88
0.000119369	6927.31
0.000120878	7074.93
0.000122386	7218.2
0.000123895	7357.23
0.000125403	7492.74
0.000126911	7624.92
0.00012842	7755.02
0.000129928	7883.25
0.000131437	8011.45
0.000132945	8139.69
0.000134453	8269.81
0.000135962	8401.61
0.00013747	8535.78
0.000138979	8671.84
0.000140487	8808.13
0.000141996	8944.08
0.000143504	9075.16
0.000145012	9200.91
0.000146521	9314.59
0.000148029	9415.97
0.000149538	9499.29
0.000151046	9562.92
0.000152554	9590.57
0.000154063	9602.26
0.000155571	9593.61
0.00015708	9543.45
0.000158588	9467.02
0.000160097	9363.19
0.000161605	9233.77
0.000163113	9078.94
0.000164622	8903.78
0.00016613	8708.36
0.000167639	8499.02
0.000169147	8275.75
0.000170655	8045.29
0.000172164	7807.59
0.000173672	7569.03
0.000175181	7329.54
0.000176689	7094.35
0.000178197	6863.37
0.000179706	6639.92
0.000181214	6423.97
0.000182723	6216.55
0.000184231	6017.65
0.00018574	5826.42
0.000187248	5642.87
0.000188756	5465.27
0.000190265	5293.64
0.000191773	5126.53
0.000193282	4963.93
0.00019479	4805.27
0.000196298	4650.53
0.000197807	4499.72
0.000199315	4352.83
0.000200824	4209.68
0.000202332	4070.3
0.000203841	3933.84
0.000205349	3800.3
0.000206857	3668.43
0.000208366	3538.17
0.000209874	3408.64
0.000211383	3279.75
0.000212891	3151.65
0.000214399	3024.23
0.000215908	2898.68
0.000217416	2774.98
0.000218925	2654.59
0.000220433	2537.61
0.000221941	2424.86
0.00022345	2316.49
0.000224958	2212.15
0.000226467	2111.97
0.000227975	2014.65
0.000229484	1920.19
0.000230992	1827.1
0.0002325	1735.26
0.000234009	1643.85
0.000235517	1552.66
0.000237026	1461.97
0.000238534	1371.61
0.000240042	1282.73
0.000241551	1195.32
0.000243059	1110.84
0.000244568	1029.41
0.000246076	952.195
0.000247585	879.402
0.000249093	811.546
0.000250601	748.82
0.00025211	691.077
0.000253618	638.42
0.000255127	590.232
0.000256635	546.507
0.000258143	506.425
0.000259652	469.887
0.00026116	436.108
0.000262669	404.938
0.000264177	375.783
0.000265685	348.487
0.000267194	322.715
0.000268702	298.341
0.000270211	275.277
0.000271719	253.449
0.000273228	232.941
0.000274736	213.738
0.000276244	195.986
0.000277753	179.719
0.000279261	165.031
0.00028077	151.978
0.000282278	140.522
0.000283786	130.705
0.000285295	122.338
0.000286803	115.417
0.000288312	109.642
0.00028982	104.95
0.000291329	100.995
0.000292837	97.6686
0.000294345	94.6495
0.000295854	91.8032
0.000297362	88.8872
0.000298871	85.7674
0.000300379	82.3144
0.000301887	78.4195
0.000303396	74.0801
0.000304904	69.236
0.000306413	63.9989
0.000307921	58.3729
0.000309429	52.5404
0.000310938	46.5705
0.000312446	40.6533
0.000313955	34.9006
0.000315463	29.4516
0.000316972	24.4231
0.00031848	19.8723
0.000319988	15.8833
0.000321497	12.4369
0.000323005	9.56299
0.000324514	7.19592
0.000326022	5.31386
0.00032753	3.83946
0.000329039	2.71822
0.000330547	1.88539
0.000332056	1.25285
0.000333564	0.850782
