0.000500379	1.22278e-129
0.00050876	7.06406e-125
0.000517141	2.82559e-124
0.000525522	1.24554e-119
0.000533903	5.033e-119
0.000542284	1.69258e-114
0.000550665	6.91043e-114
0.000559045	1.77269e-109
0.000567426	7.31379e-109
0.000575807	1.43089e-104
0.000584188	5.96676e-104
0.000592569	8.90155e-100
0.00060095	3.75226e-99
0.00060933	4.26787e-95
0.000617711	1.81889e-94
0.000626092	1.57704e-90
0.000634473	6.79638e-90
0.000642854	4.49114e-86
0.000651235	1.95752e-85
0.000659615	9.85721e-82
0.000667996	4.34604e-81
0.000676377	1.66738e-77
0.000684758	7.4377e-77
0.000693139	2.17369e-73
0.00070152	9.81162e-73
0.0007099	2.18397e-69
0.000718281	9.977e-69
0.000726662	1.69115e-65
0.000735043	7.82019e-65
0.000743424	1.00927e-61
0.000751805	4.72489e-61
0.000760186	4.64229e-58
0.000768566	2.20051e-57
0.000776947	1.64575e-54
0.000785328	7.89973e-54
0.000793709	4.4969e-51
0.00080209	2.18605e-50
0.000810471	9.47114e-48
0.000818851	4.66301e-47
0.000827232	1.53764e-44
0.000835613	7.66713e-44
0.000843994	1.92445e-41
0.000852375	9.71763e-41
0.000860756	1.85697e-38
0.000869136	9.49406e-38
0.000877517	1.3817e-35
0.000885898	7.15007e-35
0.000894279	7.92904e-33
0.00090266	4.15087e-32
0.000911041	3.51027e-30
0.000919421	1.85757e-29
0.000927802	1.1993e-27
0.000936183	6.40821e-27
0.000944564	3.16362e-25
0.000952945	1.70421e-24
0.000961326	6.44726e-23
0.000969707	3.49399e-22
0.000978087	1.01588e-20
0.000986468	5.52269e-20
0.000994849	1.23888e-18
0.00100323	6.73035e-18
0.00101161	1.1708e-16
0.00101999	6.3244e-16
0.00102837	8.5877e-15
0.00103675	4.58294e-14
0.00104513	4.89801e-13
0.00105351	2.56141e-12
0.0010619	2.17687e-11
0.00107028	1.10436e-10
0.00107866	7.55645e-10
0.00108704	3.67414e-09
0.00109542	2.05347e-08
0.0011038	9.43551e-08
0.00111218	4.37799e-07
0.00112056	1.87129e-06
0.00112894	7.33495e-06
0.00113732	2.86773e-05
0.0011457	9.66634e-05
0.00115409	0.000339855
0.00116247	0.00100202
0.00117085	0.00311763
0.00117923	0.00816244
0.00118761	0.0221644
0.00119599	0.0521566
0.00120437	0.122304
0.00121275	0.261874
0.00122113	0.527288
0.00122951	1.05293
0.00123789	1.84475
0.00124627	3.13418
0.00125466	4.91172
0.00126304	7.25551
0.00127142	10.1519
0.0012798	13.3478
0.00128818	16.8508
0.00129656	20.533
0.00130494	24.4217
0.00131332	29.551
0.0013217	35.9285
0.00133008	45.8867
0.00133846	59.4083
0.00134684	78.2733
0.00135523	102.492
0.00136361	131.217
0.00137199	164.492
0.00138037	199.428
0.00138875	236.018
0.00139713	272.219
0.00140551	307.934
0.00141389	343.868
0.00142227	379.91
0.00143065	418.917
0.00143903	460.851
0.00144741	508.986
0.0014558	563.377
0.00146418	626.443
0.00147256	698.277
0.00148094	780.264
0.00148932	872.507
0.0014977	975.454
0.00150608	1089.3
0.00151446	1212.53
0.00152284	1345.37
0.00153122	1483.73
0.0015396	1627.54
0.00154798	1772.9
0.00155637	1919.4
0.00156475	2065.99
0.00157313	2212.53
0.00158151	2358.66
0.00158989	2504.55
0.00159827	2648.27
0.00160665	2789.75
0.00161503	2927.3
0.00162341	3061.06
0.00163179	3188.15
0.00164017	3309.57
0.00164855	3415.71
0.00165694	3509.62
0.00166532	3559.39
0.0016737	3579.71
0.00168208	3579.98
0.00169046	3521.87
0.00169884	3431.96
0.00170722	3315.57
0.0017156	3191.94
0.00172398	3065.15
0.00173236	2946.56
0.00174074	2841.69
0.00174912	2742.19
0.00175751	2649.31
0.00176589	2548.16
0.00177427	2434.71
0.00178265	2306.02
0.00179103	2158.08
0.00179941	2002.05
0.00180779	1838.75
0.00181617	1679.68
0.00182455	1528.95
0.00183293	1388.18
0.00184131	1259.82
0.00184969	1139.2
0.00185808	1025.35
0.00186646	916.147
0.00187484	809.795
0.00188322	709.141
0.0018916	614.312
0.00189998	528.589
0.00190836	453.662
0.00191674	389.125
0.00192512	335.989
0.0019335	290.949
0.00194188	253.233
0.00195026	220.083
0.00195865	189.933
0.00196703	162.369
0.00197541	136.561
0.00198379	113.343
0.00199217	92.9323
0.00200055	75.6248
0.00200893	61.8224
0.00201731	50.9535
0.00202569	42.9652
0.00203407	37.1131
0.00204245	33.053
0.00205083	30.1906
0.00205922	28.1583
0.0020676	26.4666
0.00207598	24.7046
0.00208436	22.6915
0.00209274	20.086
0.00210112	17.1533
0.0021095	13.8923
0.00211788	10.6688
0.00212626	7.76334
0.00213464	5.27034
0.00214302	3.40608
0.0021514	2.03593
0.00215979	1.09719
0.00216817	0.611339
