3.33898e-05	3.16708e-21
3.59039e-05	3.38409e-20
3.8418e-05	1.25862e-19
4.09322e-05	1.20489e-18
4.34463e-05	4.3553e-18
4.59604e-05	3.65995e-17
4.84746e-05	1.31229e-16
5.09887e-05	9.70632e-16
5.35028e-05	3.44308e-15
5.6017e-05	2.24824e-14
5.85311e-05	7.86645e-14
6.10452e-05	4.54999e-13
6.35594e-05	1.56509e-12
6.60735e-05	8.04879e-12
6.85877e-05	2.71176e-11
7.11018e-05	1.24503e-10
7.36159e-05	4.09196e-10
7.61301e-05	1.68473e-09
7.86442e-05	5.37786e-09
8.11583e-05	1.995e-08
8.36725e-05	6.15623e-08
8.61866e-05	2.06808e-07
8.87007e-05	6.13884e-07
9.12149e-05	1.87725e-06
9.3729e-05	5.33295e-06
9.62431e-05	1.49245e-05
9.87573e-05	4.03656e-05
0.000101271	0.000103932
0.000103786	0.000266242
0.0001063	0.000633992
0.000108814	0.00153051
0.000111328	0.00338737
0.000113842	0.00766953
0.000116356	0.015849
0.00011887	0.0335097
0.000121384	0.0649176
0.000123899	0.127687
0.000126413	0.237571
0.000128927	0.428325
0.000131441	0.752397
0.000133955	1.25603
0.000136469	2.05707
0.000138983	3.20589
0.000141498	4.88783
0.000144012	7.12511
0.000146526	10.1095
0.00014904	13.7938
0.000151554	18.2252
0.000154068	23.2768
0.000156582	28.6813
0.000159096	34.2887
0.000161611	39.5016
0.000164125	44.2535
0.000166639	47.9767
0.000169153	50.6129
0.000171667	51.7719
0.000174181	52.2563
0.000176695	52.1374
0.00017921	51.8158
0.000181724	52.1461
0.000184238	53.8782
0.000186752	57.3788
0.000189266	63.4984
0.00019178	72.1994
0.000194294	83.3556
0.000196809	96.4465
0.000199323	111.261
0.000201837	126.382
0.000204351	141.768
0.000206865	156.016
0.000209379	169.297
0.000211893	181.306
0.000214407	192.34
0.000216922	203.798
0.000219436	215.943
0.00022195	231.571
0.000224464	250.78
0.000226978	276.655
0.000229492	309.124
0.000232006	350.335
0.000234521	400.159
0.000237035	459.362
0.000239549	527.902
0.000242063	605.983
0.000244577	693.705
0.000247091	792.274
0.000249605	901.846
0.000252119	1025.54
0.000254634	1163.41
0.000257148	1319.58
0.000259662	1493.93
0.000262176	1689.17
0.00026469	1905.12
0.000267204	2140.98
0.000269718	2396.61
0.000272233	2667.26
0.000274747	2952.88
0.000277261	3245.52
0.000279775	3545.22
0.000282289	3841.85
0.000284803	4135.49
0.000287317	4415.45
0.000289831	4681.79
0.000292346	4926.76
0.00029486	5150.28
0.000297374	5351.94
0.000299888	5531.49
0.000302402	5697.41
0.000304916	5849.47
0.00030743	6001.14
0.000309945	6152.48
0.000312459	6314.88
0.000314973	6488.77
0.000317487	6677.88
0.000320001	6882.88
0.000322515	7098.4
0.000325029	7325.05
0.000327544	7550.08
0.000330058	7773.77
0.000332572	7979.32
0.000335086	8166.5
0.0003376	8320.76
0.000340114	8443.96
0.000342628	8501.13
0.000345142	8523.99
0.000347657	8521.11
0.000350171	8451.51
0.000352685	8344.83
0.000355199	8204.77
0.000357713	8043.19
0.000360227	7860.83
0.000362741	7670.76
0.000365256	7474.52
0.00036777	7278.22
0.000370284	7083.39
0.000372798	6888.78
0.000375312	6695.13
0.000377826	6497.13
0.00038034	6294.46
0.000382854	6082.47
0.000385369	5860.11
0.000387883	5626.92
0.000390397	5381.88
0.000392911	5129.4
0.000395425	4869.25
0.000397939	4608.39
0.000400453	4347.64
0.000402968	4092.83
0.000405482	3845.38
0.000407996	3607.39
0.00041051	3380.01
0.000413024	3161.83
0.000415538	2953.06
0.000418052	2751.25
0.000420566	2555.82
0.000423081	2365.73
0.000425595	2180.31
0.000428109	2000.42
0.000430623	1825.91
0.000433137	1658.33
0.000435651	1498.04
0.000438165	1346.07
0.00044068	1202.84
0.000443194	1068.7
0.000445708	943.853
0.000448222	828.457
0.000450736	722.58
0.00045325	626.38
0.000455764	539.968
0.000458279	463.274
0.000460793	396.441
0.000463307	338.885
0.000465821	290.636
0.000468335	250.545
0.000470849	218.41
0.000473363	192.681
0.000475877	172.887
0.000478392	157.355
0.000480906	145.38
0.00048342	135.511
0.000485934	126.923
0.000488448	118.737
0.000490962	110.215
0.000493476	101.203
0.000495991	91.2821
0.000498505	80.8572
0.000501019	69.9309
0.000503533	59.0727
0.000506047	48.5918
0.000508561	38.8634
0.000511075	30.2514
0.000513589	22.8083
0.000516104	16.7399
0.000518618	11.8699
0.000521132	8.1869
0.000523646	5.45595
0.00052616	3.52295
0.000528674	2.20879
0.000531188	1.26852
0.000533703	0.786045
