0.000500379	2.49103e-40
0.000507084	9.83194e-39
0.000513789	3.85805e-38
0.000520493	1.32554e-36
0.000527198	5.19821e-36
0.000533903	1.54587e-34
0.000540607	6.09311e-34
0.000547312	1.56957e-32
0.000554017	6.21335e-32
0.000560721	1.38764e-30
0.000567426	5.51211e-30
0.000574131	1.06843e-28
0.000580835	4.25421e-28
0.00058754	7.16584e-27
0.000594244	2.8565e-26
0.000600949	4.18742e-25
0.000607654	1.66867e-24
0.000614358	2.13253e-23
0.000621063	8.48079e-23
0.000627768	9.46759e-22
0.000634472	3.75007e-21
0.000641177	3.6654e-20
0.000647882	1.44276e-19
0.000654586	1.23793e-18
0.000661291	4.82959e-18
0.000667995	3.64866e-17
0.0006747	1.40673e-16
0.000681405	9.3888e-16
0.000688109	3.56545e-15
0.000694814	2.11017e-14
0.000701519	7.86411e-14
0.000708223	4.14425e-13
0.000714928	1.50956e-12
0.000721633	7.1153e-12
0.000728337	2.52205e-11
0.000735042	1.06844e-10
0.000741746	3.6679e-10
0.000748451	1.40376e-09
0.000755156	4.64409e-09
0.00076186	1.61431e-08
0.000768565	5.12019e-08
0.00077527	1.62545e-07
0.000781974	4.9167e-07
0.000788679	1.43343e-06
0.000795384	4.11332e-06
0.000802088	1.10736e-05
0.000808793	2.9992e-05
0.000815497	7.49526e-05
0.000822202	0.000190688
0.000828907	0.000444572
0.000835611	0.00105783
0.000842316	0.00231117
0.000849021	0.00512435
0.000855725	0.0105335
0.00086243	0.0216998
0.000869135	0.0421066
0.000875839	0.0804428
0.000882544	0.150836
0.000889249	0.265575
0.000895953	0.466112
0.000902658	0.768959
0.000909362	1.25909
0.000916067	1.95595
0.000922772	2.9955
0.000929476	4.39308
0.000936181	6.31705
0.000942886	8.77093
0.00094959	11.9038
0.000956295	15.7064
0.000963	20.2514
0.000969704	25.5262
0.000976409	31.5167
0.000983113	38.222
0.000989818	45.6114
0.000996523	53.7053
0.00100323	62.5856
0.00100993	72.2919
0.00101664	83.1432
0.00102334	95.1877
0.00103005	109.045
0.00103675	124.758
0.00104346	143.224
0.00105016	164.464
0.00105686	189.516
0.00106357	218.373
0.00107027	251.94
0.00107698	290.176
0.00108368	333.472
0.00109039	381.772
0.00109709	434.649
0.0011038	492.065
0.0011105	552.878
0.00111721	617.094
0.00112391	683.563
0.00113062	752.325
0.00113732	823.186
0.00114402	896.179
0.00115073	972.432
0.00115743	1051.94
0.00116414	1136.3
0.00117084	1225.49
0.00117755	1319.94
0.00118425	1419.67
0.00119096	1522.92
0.00119766	1629.74
0.00120437	1736.68
0.00121107	1843.76
0.00121778	1947.31
0.00122448	2047.31
0.00123119	2141.09
0.00123789	2228.58
0.00124459	2308.44
0.0012513	2380.59
0.001258	2444.93
0.00126471	2501.36
0.00127141	2551.13
0.00127812	2594.11
0.00128482	2632.97
0.00129153	2667.67
0.00129823	2701.74
0.00130494	2735.28
0.00131164	2771.11
0.00131835	2809.54
0.00132505	2850.64
0.00133175	2894.84
0.00133846	2938.43
0.00134516	2981.67
0.00135187	3018.93
0.00135857	3051.46
0.00136528	3062.47
0.00137198	3064.7
0.00137869	3062.71
0.00138539	3035.06
0.0013921	2992.98
0.0013988	2938.88
0.00140551	2875.49
0.00141221	2803.02
0.00141891	2726.03
0.00142562	2645.1
0.00143232	2562.87
0.00143903	2479.97
0.00144573	2396.89
0.00145244	2314.01
0.00145914	2230.47
0.00146585	2146.32
0.00147255	2060.39
0.00147926	1972.49
0.00148596	1882.01
0.00149267	1788.64
0.00149937	1692.93
0.00150608	1594.67
0.00151278	1495.55
0.00151948	1395.66
0.00152619	1297.14
0.00153289	1200.4
0.0015396	1107.01
0.0015463	1017.5
0.00155301	932.272
0.00155971	851.655
0.00156642	775.245
0.00157312	703.019
0.00157983	634.66
0.00158653	569.969
0.00159324	509.224
0.00159994	452.375
0.00160664	399.98
0.00161335	352.252
0.00162005	309.314
0.00162676	271.434
0.00163346	237.963
0.00164017	208.912
0.00164687	183.208
0.00165358	160.515
0.00166028	139.989
0.00166699	121.162
0.00167369	103.773
0.0016804	87.5163
0.0016871	72.5666
0.00169381	58.8946
0.00170051	46.7137
0.00170721	36.1535
0.00171392	27.2013
0.00172062	19.9506
0.00172733	14.1656
0.00173403	9.80136
0.00174074	6.55115
0.00174744	4.25884
0.00175415	2.67878
0.00176085	1.62881
0.00176756	0.96582
0.00177426	0.546085
0.00178097	0.306482
0.00178767	0.158005
0.00179437	0.0857092
0.00180108	0.0414269
0.00180778	0.0210295
0.00181449	0.00957523
0.00182119	0.00452161
0.0018279	0.00176879
0.0018346	0.00085119
