0.000166815	2.14909e-06
0.000171844	4.61344e-06
0.000176872	1.20065e-05
0.000181901	2.68116e-05
0.000186929	6.13226e-05
0.000191958	0.000130052
0.000196986	0.000286354
0.000202014	0.000578153
0.000207043	0.0012227
0.000212071	0.00235563
0.0002171	0.00477446
0.000222128	0.00879636
0.000227157	0.0170523
0.000232185	0.0303884
0.000237214	0.0557942
0.000242242	0.0966616
0.00024727	0.167379
0.000252299	0.279173
0.000257327	0.459559
0.000262356	0.736121
0.000267384	1.15489
0.000272413	1.77344
0.000277441	2.65684
0.000282469	3.90661
0.000287498	5.59654
0.000292526	7.87485
0.000297555	10.7992
0.000302583	14.539
0.000307612	19.1019
0.00031264	24.6139
0.000317669	31.0063
0.000322697	38.2709
0.000327725	46.2667
0.000332754	54.7792
0.000337782	63.64
0.000342811	72.4372
0.000347839	81.0454
0.000352868	88.9768
0.000357896	96.2078
0.000362924	102.373
0.000367953	107.561
0.000372981	111.705
0.00037801	114.967
0.000383038	117.634
0.000388067	119.879
0.000393095	122.265
0.000398123	124.939
0.000403152	128.597
0.00040818	133.362
0.000413209	139.97
0.000418237	148.544
0.000423266	159.863
0.000428294	174.057
0.000433323	191.995
0.000438351	213.794
0.000443379	240.393
0.000448408	271.847
0.000453436	309.017
0.000458465	351.859
0.000463493	400.884
0.000468522	455.951
0.00047355	516.959
0.000478578	583.707
0.000483607	655.374
0.000488635	731.769
0.000493664	811.483
0.000498692	894.396
0.000503721	978.88
0.000508749	1064.92
0.000513778	1151.13
0.000518806	1237.59
0.000523834	1323.55
0.000528863	1409.1
0.000533891	1494.27
0.00053892	1579.14
0.000543948	1664.28
0.000548977	1749.73
0.000554005	1836.21
0.000559033	1923.67
0.000564062	2012.49
0.00056909	2102.57
0.000574119	2193.58
0.000579147	2285.42
0.000584176	2376.94
0.000589204	2468.08
0.000594233	2557
0.000599261	2643.66
0.000604289	2725.83
0.000609318	2803.51
0.000614346	2874.42
0.000619375	2938.61
0.000624403	2994.35
0.000629432	3041.69
0.00063446	3080.16
0.000639488	3109.81
0.000644517	3131.98
0.000649545	3146.69
0.000654574	3157.05
0.000659602	3163.05
0.000664631	3168.61
0.000669659	3173.68
0.000674688	3181.38
0.000679716	3191.69
0.000684744	3205.42
0.000689773	3222.61
0.000694801	3241.3
0.00069983	3261.57
0.000704858	3279.9
0.000709887	3296.45
0.000714915	3304.09
0.000719943	3307.15
0.000724972	3305.83
0.00073	3291.46
0.000735029	3268.07
0.000740057	3235.97
0.000745086	3195.22
0.000750114	3145.79
0.000755143	3088.69
0.000760171	3023.93
0.000765199	2952.22
0.000770228	2873.57
0.000775256	2788.46
0.000780285	2696.87
0.000785313	2599.55
0.000790342	2496.45
0.00079537	2389.01
0.000800398	2277.18
0.000805427	2163.07
0.000810455	2046.69
0.000815484	1930.43
0.000820512	1814.42
0.000825541	1700.84
0.000830569	1589.87
0.000835598	1483.19
0.000840626	1380.99
0.000845654	1284.23
0.000850683	1193.08
0.000855711	1107.79
0.00086074	1028.48
0.000865768	954.81
0.000870797	886.822
0.000875825	823.829
0.000880853	765.8
0.000885882	711.985
0.00089091	662.293
0.000895939	616.123
0.000900967	573.367
0.000905996	533.636
0.000911024	496.847
0.000916052	462.757
0.000921081	431.321
0.000926109	402.317
0.000931138	375.728
0.000936166	351.258
0.000941195	328.883
0.000946223	308.217
0.000951252	289.209
0.00095628	271.446
0.000961308	254.839
0.000966337	239.05
0.000971365	223.971
0.000976394	209.407
0.000981422	195.267
0.000986451	181.5
0.000991479	168.056
0.000996507	154.969
0.00100154	142.232
0.00100656	129.895
0.00101159	117.972
0.00101662	106.501
0.00102165	95.4944
0.00102668	84.985
0.00103171	74.98
0.00103673	65.5297
0.00104176	56.646
0.00104679	48.3928
0.00105182	40.7963
0.00105685	33.9037
0.00106188	27.7502
0.00106691	22.3343
0.00107193	17.6806
0.00107696	13.7301
0.00108199	10.4791
0.00108702	7.83004
0.00109205	5.74661
0.00109708	4.12396
0.0011021	2.90395
0.00110713	1.99957
0.00111216	1.3481
0.00111719	0.890562
0.00112222	0.573589
0.00112725	0.363778
0.00113228	0.223272
0.0011373	0.13615
0.00114233	0.0793913
0.00114736	0.0466586
0.00115239	0.025696
0.00115742	0.0146379
0.00116245	0.00681046
0.00116747	0.00420133
