0.000500379	3.90078e-206
0.000509598	1.30999e-199
0.000518817	5.23997e-199
0.000528036	1.30587e-192
0.000537255	5.27692e-192
0.000546474	9.75758e-186
0.000555693	3.98392e-185
0.000564912	5.46504e-179
0.000574131	2.25486e-178
0.00058335	2.29433e-172
0.000592569	9.5678e-172
0.000601788	7.21991e-166
0.000611007	3.04362e-165
0.000620226	1.70302e-159
0.000629445	7.25866e-159
0.000638664	3.01109e-153
0.000647883	1.29782e-152
0.000657101	3.99066e-147
0.00066632	1.73967e-146
0.000675539	3.96444e-141
0.000684758	1.74831e-140
0.000693977	2.95215e-135
0.000703196	1.31726e-134
0.000712415	1.64785e-129
0.000721634	7.44098e-129
0.000730853	6.89472e-124
0.000740072	3.15136e-123
0.000749291	2.16242e-118
0.00075851	1.00064e-117
0.000767729	5.08383e-113
0.000776948	2.3822e-112
0.000786167	8.95921e-108
0.000795386	4.25206e-107
0.000804605	1.18353e-102
0.000813823	5.69044e-102
0.000823042	1.17198e-97
0.000832261	5.70983e-97
0.00084148	8.69957e-93
0.000850699	4.29572e-92
0.000859918	4.84076e-88
0.000869137	2.4232e-87
0.000878356	2.01916e-83
0.000887575	1.02491e-82
0.000896794	6.31358e-79
0.000906013	3.2504e-78
0.000915232	1.47989e-74
0.000924451	7.72933e-74
0.00093367	2.6004e-70
0.000942889	1.37819e-69
0.000952108	3.42544e-66
0.000961327	1.84265e-65
0.000970545	3.3827e-62
0.000979764	1.84736e-61
0.000988983	2.50436e-58
0.000998202	1.3888e-57
0.00100742	1.39005e-54
0.00101664	7.82912e-54
0.00102586	5.78479e-51
0.00103508	3.30964e-50
0.0010443	1.80507e-47
0.00105352	1.04918e-46
0.00106273	4.22365e-44
0.00107195	2.49419e-43
0.00108117	7.41176e-41
0.00109039	4.4466e-40
0.00109961	9.75584e-38
0.00110883	5.94506e-37
0.00111805	9.63414e-35
0.00112727	5.96111e-34
0.00113649	7.13998e-32
0.00114571	4.48287e-31
0.00115492	3.97277e-29
0.00116414	2.52848e-28
0.00117336	1.66051e-26
0.00118258	1.0697e-25
0.0011918	5.21754e-24
0.00120102	3.39466e-23
0.00121024	1.23366e-21
0.00121946	8.08158e-21
0.00122868	2.19785e-19
0.00123789	1.4435e-18
0.00124711	2.95533e-17
0.00125633	1.93474e-16
0.00126555	3.0057e-15
0.00127477	1.9463e-14
0.00128399	2.31818e-13
0.00129321	1.46995e-12
0.00130243	1.35997e-11
0.00131165	8.33816e-11
0.00132087	6.08883e-10
0.00133008	3.55426e-09
0.0013393	2.08748e-08
0.00134852	1.13935e-07
0.00135774	5.49671e-07
0.00136696	2.74939e-06
0.00137618	1.1142e-05
0.0013854	5.00141e-05
0.00139462	0.000174073
0.00140384	0.000687184
0.00141305	0.00209642
0.00142227	0.00715112
0.00143149	0.0194518
0.00144071	0.0565875
0.00144993	0.13899
0.00145915	0.342516
0.00146837	0.765613
0.00147759	1.60035
0.00148681	3.32795
0.00149603	6.07001
0.00150524	11.0152
0.00151446	18.1286
0.00152368	29.1522
0.0015329	44.0513
0.00154212	65.0607
0.00155134	92.139
0.00156056	128.211
0.00156978	173.338
0.001579	229.862
0.00158821	298.064
0.00159743	377.137
0.00160665	467.328
0.00161587	565.162
0.00162509	670.448
0.00163431	781.357
0.00164353	897.425
0.00165275	1020.76
0.00166197	1151.21
0.00167118	1292.41
0.0016804	1444.93
0.00168962	1608.85
0.00169884	1785.38
0.00170806	1965.68
0.00171728	2150.56
0.0017265	2323.47
0.00173572	2483.14
0.00174494	2617.11
0.00175416	2722.32
0.00176337	2801.51
0.00177259	2852.71
0.00178181	2889.87
0.00179103	2914.33
0.00180025	2935.9
0.00180947	2957.57
0.00181869	2977.19
0.00182791	2997.09
0.00183713	3003.45
0.00184634	3002.63
0.00185556	2999.87
0.00186478	2982.24
0.001874	2958.72
0.00188322	2933.28
0.00189244	2903.94
0.00190166	2872.5
0.00191088	2830.36
0.0019201	2776.84
0.00192932	2702.67
0.00193853	2604.49
0.00194775	2481.86
0.00195697	2331.75
0.00196619	2164.36
0.00197541	1980.38
0.00198463	1792.05
0.00199385	1602.84
0.00200307	1420.1
0.00201229	1246.65
0.0020215	1086.84
0.00203072	942.663
0.00203994	816.457
0.00204916	710.572
0.00205838	621.747
0.0020676	550.736
0.00207682	490.252
0.00208604	437.771
0.00209526	389.073
0.00210448	340.921
0.00211369	294.664
0.00212291	249.557
0.00213213	208.377
0.00214135	172.517
0.00215057	142.276
0.00215979	118.716
0.00216901	99.9739
0.00217823	85.6087
0.00218745	73.899
0.00219666	63.7079
0.00220588	54.5264
0.0022151	45.6005
0.00222432	37.2107
0.00223354	29.2432
0.00224276	22.0653
0.00225198	15.914
0.0022612	10.8416
0.00227042	7.0387
0.00227964	4.25894
0.00228885	2.43869
0.00229807	1.30517
0.00230729	0.62378
0.00231651	0.308046
0.00232573	0.118438
0.00233495	0.0552358
