0.000100103	1.57976e-20
0.000103622	2.64954e-19
0.000107142	1.01242e-18
0.000110662	1.4316e-17
0.000114182	5.37083e-17
0.000117702	6.32798e-16
0.000121222	2.35857e-15
0.000124742	2.32357e-14
0.000128261	8.57442e-14
0.000131781	7.0926e-13
0.000135301	2.58074e-12
0.000138821	1.80124e-11
0.000142341	6.43145e-11
0.000145861	3.80931e-10
0.000149381	1.32727e-09
0.0001529	6.71511e-09
0.00015642	2.26867e-08
0.00015994	9.87715e-08
0.00016346	3.21261e-07
0.00016698	1.21347e-06
0.0001705	3.77019e-06
0.00017402	1.24646e-05
0.000177539	3.66848e-05
0.000181059	0.000107147
0.000184579	0.00029614
0.000188099	0.000771428
0.000191619	0.00198498
0.000195139	0.0046553
0.000198659	0.01106
0.000202178	0.0235628
0.000205698	0.0513036
0.000209218	0.1001
0.000212738	0.198517
0.000216258	0.370733
0.000219778	0.651987
0.000223298	1.11344
0.000226817	1.7892
0.000230337	2.79012
0.000233857	4.1222
0.000237377	5.88183
0.000240897	8.02277
0.000244417	10.5256
0.000247937	13.3093
0.000251456	16.1816
0.000254976	19.0918
0.000258496	21.7739
0.000262016	24.2636
0.000265536	26.4493
0.000269056	28.4333
0.000272576	30.4027
0.000276095	32.4464
0.000279615	34.9367
0.000283135	37.91
0.000286655	41.6988
0.000290175	46.3473
0.000293695	52.1641
0.000297214	59.2628
0.000300734	68.2076
0.000304254	79.1083
0.000307774	92.8047
0.000311294	109.251
0.000314814	128.96
0.000318334	151.738
0.000321853	177.16
0.000325373	205.145
0.000328893	234.84
0.000332413	266.509
0.000335933	300.525
0.000339453	337.373
0.000342973	379.727
0.000346492	427.864
0.000350012	485.588
0.000353532	552.685
0.000357052	631.262
0.000360572	720.748
0.000364092	819.46
0.000367612	926.823
0.000371131	1037.5
0.000374651	1151.19
0.000378171	1260.96
0.000381691	1366.93
0.000385211	1463.71
0.000388731	1551.81
0.000392251	1630.88
0.00039577	1701.53
0.00039929	1770.13
0.00040281	1837.01
0.00040633	1912.81
0.00040985	1997.37
0.00041337	2099.5
0.00041689	2218.79
0.000420409	2357.12
0.000423929	2514.19
0.000427449	2685.37
0.000430969	2870.61
0.000434489	3063.45
0.000438009	3263.96
0.000441529	3467.24
0.000445048	3673.31
0.000448568	3877.96
0.000452088	4081.22
0.000455608	4277.59
0.000459128	4467.13
0.000462648	4644.28
0.000466168	4809.03
0.000469687	4959.53
0.000473207	5095.67
0.000476727	5220.37
0.000480247	5333.63
0.000483767	5438.3
0.000487287	5534.68
0.000490807	5619.22
0.000494326	5692.26
0.000497846	5744.58
0.000501366	5776.09
0.000504886	5779.21
0.000508406	5755.28
0.000511926	5707.48
0.000515446	5635.07
0.000518965	5549.48
0.000522485	5451.08
0.000526005	5347.95
0.000529525	5241.06
0.000533045	5130.23
0.000536565	5015.94
0.000540085	4894.36
0.000543604	4765.04
0.000547124	4627.64
0.000550644	4481.51
0.000554164	4331.4
0.000557684	4177.31
0.000561204	4024.79
0.000564724	3874.57
0.000568243	3728.35
0.000571763	3586.87
0.000575283	3447.83
0.000578803	3311.27
0.000582323	3174.49
0.000585843	3036.93
0.000589362	2898.44
0.000592882	2758.61
0.000596402	2619.13
0.000599922	2480.2
0.000603442	2342.75
0.000606962	2207.18
0.000610482	2072.76
0.000614001	1939.45
0.000617521	1806.73
0.000621041	1674.12
0.000624561	1543.38
0.000628081	1414.27
0.000631601	1290.29
0.000635121	1171.96
0.00063864	1062.05
0.00064216	961.511
0.00064568	870.704
0.0006492	790.271
0.00065272	718.636
0.00065624	655.799
0.00065976	599.622
0.000663279	549.676
0.000666799	504.143
0.000670319	462.479
0.000673839	423.427
0.000677359	386.47
0.000680879	351.035
0.000684399	316.703
0.000687918	283.685
0.000691438	251.812
0.000694958	221.816
0.000698478	193.878
0.000701998	168.579
0.000705518	146.293
0.000709038	126.898
0.000712557	110.601
0.000716077	96.69
0.000719597	84.994
0.000723117	74.8315
0.000726637	65.8228
0.000730157	57.7275
0.000733677	50.2881
0.000737196	43.5518
0.000740716	37.4858
0.000744236	32.0827
0.000747756	27.3678
0.000751276	23.2091
0.000754796	19.5496
0.000758316	16.2889
0.000761835	13.334
0.000765355	10.692
0.000768875	8.33108
0.000772395	6.28623
0.000775915	4.58239
0.000779435	3.20156
0.000782955	2.15621
0.000786474	1.38387
0.000789994	0.852077
0.000793514	0.502146
0.000797034	0.260428
0.000800554	0.152145
