3.33898e-05	0.000832813
3.52334e-05	0.00143438
3.70771e-05	0.0032391
3.89207e-05	0.00595343
4.07644e-05	0.0116419
4.2608e-05	0.0206081
4.44517e-05	0.03869
4.62953e-05	0.0671303
4.8139e-05	0.119132
4.99827e-05	0.200558
5.18263e-05	0.339735
5.367e-05	0.553709
5.55136e-05	0.89782
5.73573e-05	1.4144
5.92009e-05	2.20037
6.10446e-05	3.34711
6.28882e-05	5.00562
6.47319e-05	7.3485
6.65755e-05	10.5824
6.84192e-05	14.9924
7.02628e-05	20.8219
7.21065e-05	28.4795
7.39502e-05	38.203
7.57938e-05	50.4917
7.76375e-05	65.5206
7.94811e-05	83.7922
8.13248e-05	105.37
8.31684e-05	130.634
8.50121e-05	159.523
8.68557e-05	192.176
8.86994e-05	228.443
9.0543e-05	268.181
9.23867e-05	311.214
9.42303e-05	357.177
9.6074e-05	405.933
9.79177e-05	457.032
9.97613e-05	510.402
0.000101605	565.651
0.000103449	622.754
0.000105292	681.44
0.000107136	741.708
0.00010898	803.389
0.000110823	866.498
0.000112667	930.937
0.000114511	996.783
0.000116354	1064.08
0.000118198	1133.05
0.000120042	1204.13
0.000121885	1277.73
0.000123729	1355.07
0.000125572	1436.72
0.000127416	1524.96
0.00012926	1620.4
0.000131103	1726.26
0.000132947	1842.96
0.000134791	1974.01
0.000136634	2119.41
0.000138478	2281.78
0.000140322	2460.62
0.000142165	2656.35
0.000144009	2868.11
0.000145853	3093.27
0.000147696	3330.9
0.00014954	3575.48
0.000151384	3826.33
0.000153227	4076.31
0.000155071	4325.15
0.000156915	4566.06
0.000158758	4799.2
0.000160602	5019.97
0.000162446	5228.81
0.000164289	5424.32
0.000166133	5606.98
0.000167977	5778.35
0.00016982	5938.74
0.000171664	6091.43
0.000173507	6236.48
0.000175351	6377.19
0.000177195	6513.46
0.000179038	6647.39
0.000180882	6778.83
0.000182726	6908.47
0.000184569	7036.22
0.000186413	7162.02
0.000188257	7285.86
0.0001901	7407.8
0.000191944	7527.88
0.000193788	7646.56
0.000195631	7763.84
0.000197475	7880
0.000199319	7994.95
0.000201162	8107.71
0.000203006	8218.19
0.00020485	8323.41
0.000206693	8423.34
0.000208537	8513.33
0.000210381	8593.4
0.000212224	8659.21
0.000214068	8710.72
0.000215912	8735.53
0.000217755	8746.35
0.000219599	8742.77
0.000221442	8708.29
0.000223286	8652.2
0.00022513	8574.63
0.000226973	8475.58
0.000228817	8354.99
0.000230661	8215.34
0.000232504	8056.57
0.000234348	7882.35
0.000236192	7692.62
0.000238035	7491.99
0.000239879	7280.42
0.000241723	7063.03
0.000243566	6839.83
0.00024541	6615.72
0.000247254	6390.8
0.000249097	6168.9
0.000250941	5950.2
0.000252785	5736.78
0.000254628	5528.86
0.000256472	5326.6
0.000258316	5130.18
0.000260159	4938.29
0.000262003	4750.99
0.000263847	4566.31
0.00026569	4384.19
0.000267534	4202.88
0.000269377	4022.23
0.000271221	3841.36
0.000273065	3660.09
0.000274908	3478.65
0.000276752	3296.89
0.000278596	3116.05
0.000280439	2936.09
0.000282283	2758.87
0.000284127	2584.47
0.00028597	2414.89
0.000287814	2250.32
0.000289658	2092.34
0.000291501	1941.24
0.000293345	1797.79
0.000295189	1662.25
0.000297032	1534.51
0.000298876	1414.71
0.00030072	1302.07
0.000302563	1196.58
0.000304407	1097.24
0.000306251	1003.9
0.000308094	915.845
0.000309938	832.868
0.000311782	754.778
0.000313625	681.427
0.000315469	613.083
0.000317312	549.73
0.000319156	491.757
0.000321	439.275
0.000322843	392.396
0.000324687	351.27
0.000326531	315.496
0.000328374	285.145
0.000330218	259.332
0.000332062	237.965
0.000333905	219.933
0.000335749	204.98
0.000337593	192.095
0.000339436	180.934
0.00034128	170.829
0.000343124	161.456
0.000344967	152.549
0.000346811	143.898
0.000348655	135.531
0.000350498	127.38
0.000352342	119.577
0.000354186	112.161
0.000356029	105.201
0.000357873	98.7664
0.000359717	92.7918
0.00036156	87.3018
0.000363404	82.1327
0.000365247	77.2359
0.000367091	72.445
0.000368935	67.662
0.000370778	62.8094
0.000372622	57.7958
0.000374466	52.6645
0.000376309	47.3831
0.000378153	42.0791
0.000379997	36.7955
0.00038184	31.6721
0.000383684	26.8017
0.000385528	22.2754
0.000387371	18.1885
0.000389215	14.5603
0.000391059	11.4486
0.000392902	8.81478
0.000394746	6.66408
0.00039659	4.93182
0.000398433	3.5518
0.000400277	2.5467
