0.000500379	1.41337e-96
0.000507922	1.21336e-92
0.000515465	4.85302e-92
0.000523008	3.20924e-88
0.00053055	1.29663e-87
0.000538093	6.60366e-84
0.000545636	2.69566e-83
0.000553179	1.05719e-79
0.000560721	4.36076e-79
0.000568264	1.31674e-75
0.000575807	5.48915e-75
0.00058335	1.27596e-71
0.000590892	5.37643e-71
0.000598435	9.61965e-68
0.000605978	4.0976e-67
0.000613521	5.64249e-64
0.000621063	2.43003e-63
0.000628606	2.575e-60
0.000636149	1.12134e-59
0.000643692	9.1429e-57
0.000651234	4.02636e-56
0.000658777	2.52582e-53
0.00066632	1.12495e-52
0.000673862	5.4293e-50
0.000681405	2.44568e-49
0.000688948	9.08088e-47
0.000696491	4.13727e-46
0.000704033	1.1819e-43
0.000711576	5.44598e-43
0.000719119	1.1971e-40
0.000726662	5.57813e-40
0.000734204	9.43687e-38
0.000741747	4.44582e-37
0.00074929	5.79069e-35
0.000756833	2.75721e-34
0.000764375	2.76642e-32
0.000771918	1.33059e-31
0.000779461	1.02919e-29
0.000787004	4.99668e-29
0.000794546	2.98263e-27
0.000802089	1.46012e-26
0.000809632	6.73612e-25
0.000817175	3.32027e-24
0.000824717	1.1862e-22
0.00083226	5.87557e-22
0.000839803	1.62985e-20
0.000847345	8.09158e-20
0.000854888	1.74884e-18
0.000862431	8.67256e-18
0.000869974	1.46703e-16
0.000877516	7.23471e-16
0.000885059	9.63364e-15
0.000892602	4.6978e-14
0.000900145	4.96011e-13
0.000907687	2.37478e-12
0.00091523	2.006e-11
0.000922773	9.34707e-11
0.000930316	6.38527e-10
0.000937858	2.86516e-09
0.000945401	1.60301e-08
0.000952944	6.84173e-08
0.000960487	3.18028e-07
0.000968029	1.2732e-06
0.000975572	4.99452e-06
0.000983115	1.84738e-05
0.000990658	6.2162e-05
0.0009982	0.000209143
0.00100574	0.000613431
0.00101329	0.00184907
0.00102083	0.00479846
0.00102837	0.0127834
0.00103591	0.0297273
0.00104346	0.0692363
0.001051	0.145781
0.00105854	0.294784
0.00106608	0.585558
0.00107363	1.02943
0.00108117	1.76771
0.00108871	2.79837
0.00109626	4.23504
0.0011038	6.06504
0.00111134	8.2742
0.00111888	10.8601
0.00112643	13.765
0.00113397	17.0102
0.00114151	20.7553
0.00114906	25.03
0.0011566	30.3335
0.00116414	36.6931
0.00117168	44.9649
0.00117923	55.1768
0.00118677	68.7162
0.00119431	85.5825
0.00120185	107.356
0.0012094	133.983
0.00121694	165.79
0.00122448	202.729
0.00123203	243.027
0.00123957	286.691
0.00124711	331.456
0.00125465	377.342
0.0012622	423.984
0.00126974	471.366
0.00127728	521.472
0.00128482	574.274
0.00129237	632.563
0.00129991	696.356
0.00130745	767.262
0.001315	845.34
0.00132254	930.407
0.00133008	1022.46
0.00133762	1121.42
0.00134517	1227.21
0.00135271	1341.4
0.00136025	1464.08
0.00136779	1595.32
0.00137534	1735.58
0.00138288	1878.73
0.00139042	2025.08
0.00139797	2164.46
0.00140551	2296.37
0.00141305	2415.19
0.00142059	2519.93
0.00142814	2613.9
0.00143568	2696.68
0.00144322	2775.21
0.00145076	2850.13
0.00145831	2923.76
0.00146585	2997.08
0.00147339	3065.49
0.00148094	3129.21
0.00148848	3182.02
0.00149602	3224.29
0.00150356	3245.88
0.00151111	3255
0.00151865	3255.34
0.00152619	3236.08
0.00153373	3203.09
0.00154128	3157.99
0.00154882	3100.93
0.00155636	3031.66
0.00156391	2953.33
0.00157145	2866.01
0.00157899	2773.76
0.00158653	2677.45
0.00159408	2578.11
0.00160162	2476.55
0.00160916	2370.41
0.0016167	2259.29
0.00162425	2142.39
0.00163179	2018.5
0.00163933	1892.12
0.00164688	1763.03
0.00165442	1638.41
0.00166196	1519.88
0.0016695	1411.14
0.00167705	1314.4
0.00168459	1226.85
0.00169213	1149.13
0.00169968	1075.41
0.00170722	1004.11
0.00171476	932.58
0.0017223	858.967
0.00172985	785.265
0.00173739	711.384
0.00174493	639.786
0.00175247	571.542
0.00176002	506.75
0.00176756	445.801
0.0017751	388.205
0.00178265	333.597
0.00179019	282.781
0.00179773	235.826
0.00180527	193.759
0.00181282	157.23
0.00182036	125.965
0.0018279	100.29
0.00183544	79.004
0.00184299	61.7307
0.00185053	47.5424
0.00185807	35.8642
0.00186562	26.3598
0.00187316	18.7205
0.0018807	12.7511
0.00188824	8.33142
0.00189579	5.14682
0.00190333	3.03415
0.00191087	1.68501
0.00191841	0.863931
0.00192596	0.442847
0.0019335	0.199672
0.00194104	0.0923892
0.00194859	0.0377095
0.00195613	0.0151783
0.00196367	0.0056816
0.00197121	0.00195723
0.00197876	0.000681162
0.0019863	0.000197693
0.00199384	6.11384e-05
0.00200138	1.56202e-05
