3.33898e-05	786.57
3.48982e-05	808.602
3.64066e-05	827.077
3.7915e-05	841.566
3.94234e-05	853.322
4.09318e-05	863.103
4.24402e-05	872.15
4.39487e-05	881.739
4.54571e-05	892.991
4.69655e-05	907.419
4.84739e-05	925.826
4.99823e-05	949.632
5.14907e-05	979.267
5.29991e-05	1015.8
5.45076e-05	1059.37
5.6016e-05	1110.59
5.75244e-05	1169.43
5.90328e-05	1236.12
6.05412e-05	1310.62
6.20496e-05	1392.96
6.3558e-05	1483.11
6.50665e-05	1581.09
6.65749e-05	1686.9
6.80833e-05	1800.59
6.95917e-05	1922.09
7.11001e-05	2051.43
7.26085e-05	2188.35
7.41169e-05	2332.65
7.56253e-05	2483.85
7.71338e-05	2641.28
7.86422e-05	2804.3
8.01506e-05	2971.66
8.1659e-05	3142.7
8.31674e-05	3315.66
8.46758e-05	3490.02
8.61842e-05	3663.84
8.76927e-05	3836.77
8.92011e-05	4007.08
9.07095e-05	4174.64
9.22179e-05	4338.14
9.37263e-05	4497.6
9.52347e-05	4652.25
9.67431e-05	4802.18
9.82516e-05	4947.06
9.976e-05	5087.03
0.000101268	5222.13
0.000102777	5352.56
0.000104285	5478.76
0.000105794	5601.07
0.000107302	5720.49
0.00010881	5837.45
0.000110319	5953.72
0.000111827	6069.69
0.000113336	6187.74
0.000114844	6308.08
0.000116353	6433.12
0.000117861	6562.76
0.000119369	6698.5
0.000120878	6839.89
0.000122386	6986.64
0.000123895	7138.07
0.000125403	7291.67
0.000126911	7446.75
0.00012842	7598.91
0.000129928	7747.69
0.000131437	7887.89
0.000132945	8019.37
0.000134453	8137.55
0.000135962	8242.59
0.00013747	8331.65
0.000138979	8405.07
0.000140487	8462.28
0.000141996	8503.57
0.000143504	8530.51
0.000145012	8543.1
0.000146521	8542.15
0.000148029	8531
0.000149538	8509.86
0.000151046	8478.95
0.000152554	8440.14
0.000154063	8393.35
0.000155571	8339.44
0.00015708	8278.36
0.000158588	8210.36
0.000160097	8135.41
0.000161605	8053.6
0.000163113	7964.92
0.000164622	7869.65
0.00016613	7767.8
0.000167639	7659.98
0.000169147	7546.19
0.000170655	7427.28
0.000172164	7303.26
0.000173672	7175.04
0.000175181	7042.61
0.000176689	6906.79
0.000178197	6767.58
0.000179706	6625.7
0.000181214	6481.13
0.000182723	6334.63
0.000184231	6186.2
0.00018574	6036.77
0.000187248	5886.33
0.000188756	5736.09
0.000190265	5586.04
0.000191773	5437.54
0.000193282	5290.6
0.00019479	5146.44
0.000196298	5005.07
0.000197807	4867.22
0.000199315	4732.91
0.000200824	4602.03
0.000202332	4474.64
0.000203841	4349.72
0.000205349	4227.32
0.000206857	4105.77
0.000208366	3985.08
0.000209874	3863.41
0.000211383	3740.73
0.000212891	3615.64
0.000214399	3488.04
0.000215908	3357.43
0.000217416	3223.69
0.000218925	3087.41
0.000220433	2948.49
0.000221941	2808.5
0.00022345	2667.38
0.000224958	2527.3
0.000226467	2388.29
0.000227975	2252.63
0.000229484	2120.45
0.000230992	1993.64
0.0002325	1872.42
0.000234009	1757.97
0.000235517	1650.5
0.000237026	1550.32
0.000238534	1457.59
0.000240042	1371.71
0.000241551	1292.79
0.000243059	1219.53
0.000244568	1151.93
0.000246076	1088.44
0.000247585	1028.91
0.000249093	971.99
0.000250601	917.443
0.00025211	864.429
0.000253618	812.719
0.000255127	762.103
0.000256635	712.425
0.000258143	663.982
0.000259652	616.736
0.00026116	571.216
0.000262669	527.49
0.000264177	486.033
0.000265685	446.969
0.000267194	410.528
0.000268702	376.826
0.000270211	345.801
0.000271719	317.514
0.000273228	291.675
0.000274736	268.272
0.000276244	246.903
0.000277753	227.494
0.000279261	209.644
0.00028077	193.242
0.000282278	177.964
0.000283786	163.691
0.000285295	150.21
0.000286803	137.42
0.000288312	125.221
0.00028982	113.544
0.000291329	102.377
0.000292837	91.69
0.000294345	81.5283
0.000295854	71.893
0.000297362	62.847
0.000298871	54.4139
0.000300379	46.6391
0.000301887	39.5533
0.000303396	33.1641
0.000304904	27.4935
0.000306413	22.5075
0.000307921	18.2088
0.000309429	14.5317
0.000310938	11.4561
0.000312446	8.90183
0.000313955	6.83004
0.000315463	5.16269
0.000316972	3.85085
0.00031848	2.82977
0.000319988	2.04978
0.000321497	1.46384
0.000323005	1.02865
0.000324514	0.713858
0.000326022	0.486103
0.00032753	0.327882
0.000329039	0.216099
0.000330547	0.141741
0.000332056	0.0868725
0.000333564	0.0576366
