0.000100103	0.00759527
0.00010312	0.0122379
0.000106137	0.0256394
0.000109154	0.0445546
0.000112171	0.0784593
0.000115188	0.13104
0.000118205	0.217599
0.000121222	0.348026
0.000124239	0.546864
0.000127256	0.83534
0.000130273	1.24525
0.00013329	1.8132
0.000136307	2.56886
0.000139324	3.56121
0.000142341	4.80067
0.000145358	6.3316
0.000148375	8.12694
0.000151392	10.1944
0.000154408	12.4631
0.000157425	14.8699
0.000160442	17.3167
0.000163459	19.6587
0.000166476	21.81
0.000169493	23.594
0.00017251	24.9421
0.000175527	25.6854
0.000178544	25.9721
0.000181561	25.6966
0.000184578	24.9484
0.000187595	23.9209
0.000190612	22.7697
0.000193629	21.8394
0.000196646	21.2509
0.000199663	21.5653
0.00020268	22.8191
0.000205697	25.3674
0.000208714	30.0085
0.000211731	36.7709
0.000214748	45.9346
0.000217765	58.0962
0.000220782	73.3822
0.000223799	92.3835
0.000226816	115.204
0.000229833	142.422
0.00023285	174.098
0.000235867	210.748
0.000238884	252.35
0.000241901	299.227
0.000244918	351.23
0.000247935	408.262
0.000250952	470.031
0.000253969	535.768
0.000256986	605.101
0.000260003	676.497
0.00026302	749.642
0.000266037	822.509
0.000269054	894.975
0.000272071	965.162
0.000275088	1033.19
0.000278105	1098.08
0.000281122	1160.12
0.000284139	1219.66
0.000287156	1277.07
0.000290173	1333.95
0.00029319	1390.6
0.000296207	1449.43
0.000299224	1510.63
0.000302241	1576.84
0.000305258	1648.14
0.000308275	1727
0.000311292	1813.38
0.000314309	1909.26
0.000317326	2014.51
0.000320343	2130.19
0.00032336	2256.09
0.000326377	2391.91
0.000329394	2537.4
0.000332411	2690.59
0.000335428	2851.27
0.000338445	3016.11
0.000341462	3185.03
0.000344479	3354.28
0.000347496	3523.91
0.000350513	3690.96
0.00035353	3855.55
0.000356547	4016.2
0.000359564	4173.01
0.000362581	4325.7
0.000365598	4474.27
0.000368615	4618.52
0.000371632	4758.39
0.000374649	4892.62
0.000377666	5021.17
0.000380683	5141.47
0.0003837	5253.51
0.000386717	5354.23
0.000389734	5443.68
0.000392751	5519.58
0.000395768	5581.98
0.000398785	5630.82
0.000401802	5666.08
0.000404819	5682.42
0.000407836	5689.54
0.000410853	5687.81
0.00041387	5668.87
0.000416887	5638.51
0.000419904	5596.89
0.000422921	5543.61
0.000425938	5478.68
0.000428955	5402.44
0.000431972	5314.83
0.000434989	5217.2
0.000438006	5109.45
0.000441023	4994.24
0.00044404	4871.52
0.000447057	4744.96
0.000450074	4614.57
0.000453091	4484.21
0.000456108	4353.96
0.000459125	4226.9
0.000462142	4103.18
0.000465159	3984.43
0.000468176	3870.83
0.000471193	3762.56
0.00047421	3659.73
0.000477227	3561.49
0.000480244	3467.91
0.000483261	3377.6
0.000486278	3290.6
0.000489295	3205.25
0.000492312	3121.56
0.000495329	3037.6
0.000498346	2953.33
0.000501363	2866.55
0.00050438	2777.15
0.000507397	2683.05
0.000510414	2583.99
0.000513431	2478.73
0.000516448	2366.94
0.000519465	2248.83
0.000522482	2124.11
0.000525499	1994.63
0.000528516	1860.28
0.000531533	1724.14
0.00053455	1586.37
0.000537567	1450.44
0.000540584	1316.77
0.000543601	1188.41
0.000546618	1065.93
0.000549635	951.424
0.000552652	845.433
0.000555669	748.875
0.000558686	662.173
0.000561703	585.156
0.00056472	518.047
0.000567737	459.864
0.000570754	410.613
0.000573771	368.831
0.000576788	334.335
0.000579805	305.492
0.000582822	281.979
0.000585839	262.244
0.000588856	245.884
0.000591873	231.62
0.00059489	219.029
0.000597907	207.235
0.000600924	195.859
0.000603941	184.473
0.000606958	172.803
0.000609975	160.807
0.000612992	148.351
0.000616009	135.649
0.000619026	122.7
0.000622043	109.813
0.00062506	97.0813
0.000628077	84.7897
0.000631094	73.0692
0.000634111	62.112
0.000637128	52.0423
0.000640145	42.9373
0.000643162	34.8843
0.000646179	27.8543
0.000649196	21.8816
0.000652213	16.8609
0.00065523	12.7715
0.000658247	9.47242
0.000661264	6.89931
0.000664281	4.9152
0.000667298	3.4333
0.000670315	2.3462
0.000673332	1.56743
0.000676349	1.02688
0.000679366	0.654236
0.000682383	0.411057
0.0006854	0.248936
0.000688417	0.150205
0.000691434	0.0861298
0.000694451	0.0500327
0.000697468	0.0243801
0.000700485	0.0151768
