0.000500379	2.49276e-235
0.000510437	7.98856e-228
0.000520494	3.19542e-227
0.000530551	7.31068e-220
0.000540608	2.95419e-219
0.000550665	4.82438e-212
0.000560722	1.96974e-211
0.000570779	2.2957e-204
0.000580836	9.47202e-204
0.000590893	7.87735e-197
0.00060095	3.28501e-196
0.000611007	1.94909e-189
0.000621064	8.21657e-189
0.000631121	3.47751e-182
0.000641178	1.4822e-181
0.000651235	4.47393e-175
0.000661292	1.92833e-174
0.000671349	4.15041e-168
0.000681406	1.80932e-167
0.000691463	2.77634e-161
0.00070152	1.22436e-160
0.000711577	1.33915e-154
0.000721634	5.97537e-154
0.000731691	4.65759e-148
0.000741748	2.10319e-147
0.000751806	1.16806e-141
0.000761863	5.33888e-141
0.00077192	2.11221e-135
0.000781977	9.77421e-135
0.000792034	2.75407e-129
0.000802091	1.29054e-128
0.000812148	2.58927e-123
0.000822205	1.22891e-122
0.000832262	1.75526e-117
0.000842319	8.43966e-117
0.000852376	8.57954e-112
0.000862433	4.18011e-111
0.00087249	3.02372e-106
0.000882547	1.49317e-105
0.000892604	7.68373e-101
0.000902661	3.84669e-100
0.000912718	1.40784e-95
0.000922775	7.14697e-95
0.000932832	1.85985e-90
0.000942889	9.57665e-90
0.000952946	1.77154e-85
0.000963003	9.25469e-85
0.00097306	1.21665e-80
0.000983117	6.4501e-80
0.000993175	6.02446e-76
0.00100323	3.24211e-75
0.00101329	2.15085e-71
0.00102335	1.17529e-70
0.0010334	5.53661e-67
0.00104346	3.0727e-66
0.00105352	1.02758e-62
0.00106357	5.79364e-62
0.00107363	1.37511e-58
0.00108369	7.87846e-58
0.00109374	1.32681e-54
0.0011038	7.72663e-54
0.00111386	9.23092e-51
0.00112392	5.46513e-50
0.00113397	4.63092e-47
0.00114403	2.78788e-46
0.00115409	1.67535e-43
0.00116414	1.02569e-42
0.0011742	4.37127e-40
0.00118426	2.72165e-39
0.00119432	8.22693e-37
0.00120437	5.2087e-36
0.00121443	1.11711e-33
0.00122449	7.18986e-33
0.00123454	1.09478e-30
0.0012446	7.15851e-30
0.00125466	7.74698e-28
0.00126471	5.14113e-27
0.00127477	3.96099e-25
0.00128483	2.66356e-24
0.00129489	1.46471e-22
0.00130494	9.95588e-22
0.001315	3.92235e-20
0.00132506	2.68521e-19
0.00133511	7.62029e-18
0.00134517	5.22697e-17
0.00135523	1.07665e-15
0.00136529	7.3456e-15
0.00137534	1.10974e-13
0.0013854	7.45579e-13
0.00139546	8.37734e-12
0.00140551	5.46898e-11
0.00141557	4.65296e-10
0.00142563	2.90154e-09
0.00143568	1.91097e-08
0.00144574	1.11472e-07
0.0014558	5.8314e-07
0.00146586	3.10617e-06
0.00147591	1.32745e-05
0.00148597	6.29201e-05
0.00149603	0.000225992
0.00150608	0.000929441
0.00151614	0.00288002
0.0015262	0.0100555
0.00153625	0.0274671
0.00154631	0.0801513
0.00155637	0.195968
0.00156643	0.474523
0.00157648	1.05277
0.00158654	2.12945
0.0015966	4.31025
0.00160665	7.57775
0.00161671	12.8411
0.00162677	20.1321
0.00163683	29.7712
0.00164688	41.822
0.00165694	55.6298
0.001667	71.1861
0.00167705	87.9151
0.00168711	105.663
0.00169717	125.669
0.00170722	147.788
0.00171728	174.909
0.00172734	207.115
0.0017374	246.69
0.00174745	293.776
0.00175751	349.73
0.00176757	414.565
0.00177762	490.043
0.00178768	576.441
0.00179774	673.799
0.00180779	782.707
0.00181785	898.867
0.00182791	1022.42
0.00183797	1147.22
0.00184802	1272.51
0.00185808	1395.57
0.00186814	1515.08
0.00187819	1635.68
0.00188825	1756.89
0.00189831	1887.36
0.00190837	2028.98
0.00191842	2182.13
0.00192848	2349.28
0.00193854	2517.86
0.00194859	2686.97
0.00195865	2845.3
0.00196871	2989.85
0.00197876	3119.58
0.00198882	3234.46
0.00199888	3331.6
0.00200894	3418.96
0.00201899	3451.65
0.00202905	3455.83
0.00203911	3453.38
0.00204916	3379
0.00205922	3260.11
0.00206928	3110.53
0.00207933	2941.12
0.00208939	2756.34
0.00209945	2566
0.00210951	2374
0.00211956	2183.66
0.00212962	1995.87
0.00213968	1816.04
0.00214973	1645.55
0.00215979	1489.21
0.00216985	1349.85
0.00217991	1225.94
0.00218996	1118.85
0.00220002	1022.64
0.00221008	935.858
0.00222013	853.719
0.00223019	773.659
0.00224025	694.698
0.0022503	615.236
0.00226036	537.058
0.00227042	460.076
0.00228048	386.952
0.00229053	318.728
0.00230059	257.271
0.00231065	204.062
0.0023207	158.887
0.00233076	122.505
0.00234082	93.1297
0.00235088	70.2157
0.00236093	52.1823
0.00237099	37.9523
0.00238105	26.8803
0.0023911	18.2797
0.00240116	11.8493
0.00241122	7.28213
0.00242127	4.18221
0.00243133	2.2219
0.00244139	1.13315
0.00245145	0.505208
0.0024615	0.229959
0.00247156	0.0907882
0.00248162	0.0343027
0.00249167	0.0113729
0.00250173	0.0037296
