0.000100103	6.46873e-10
0.00010312	2.34315e-09
0.000106137	7.43198e-09
0.000109154	2.59015e-08
0.000112171	7.48315e-08
0.000115188	2.36892e-07
0.000118205	6.60464e-07
0.000121222	1.9084e-06
0.000124239	5.11136e-06
0.000127256	1.35486e-05
0.000130273	3.47012e-05
0.00013329	8.48167e-05
0.000136307	0.000206804
0.000139324	0.000468539
0.000142341	0.00108295
0.000145358	0.00228619
0.000148375	0.0049902
0.000151392	0.00986712
0.000154408	0.0202773
0.000157425	0.0377457
0.000160442	0.0728844
0.000163459	0.131183
0.000166476	0.234023
0.000169493	0.401044
0.00017251	0.671687
0.000175527	1.09402
0.000178544	1.7357
0.000181561	2.69509
0.000184578	4.07802
0.000187595	6.06432
0.000190612	8.8044
0.000193629	12.5984
0.000196646	17.6328
0.000199663	24.3593
0.00020268	32.9577
0.000205697	44.0046
0.000208714	57.5914
0.000211731	74.2654
0.000214748	93.95
0.000217765	116.881
0.000220782	142.821
0.000223799	171.45
0.000226816	202.503
0.000229833	235.172
0.00023285	269.341
0.000235867	304.169
0.000238884	339.759
0.000241901	375.782
0.000244918	412.452
0.000247935	450.119
0.000250952	488.935
0.000253969	529.583
0.000256986	572.07
0.000260003	616.903
0.00026302	664.009
0.000266037	713.503
0.000269054	765.344
0.000272071	819.44
0.000275088	875.843
0.000278105	934.602
0.000281122	995.857
0.000284139	1060.08
0.000287156	1127.48
0.000290173	1199.12
0.00029319	1275.21
0.000296207	1357.39
0.000299224	1445.8
0.000302241	1542.28
0.000305258	1646.77
0.000308275	1760.53
0.000311292	1883.31
0.000314309	2014.83
0.000317326	2154.77
0.000320343	2300.99
0.00032336	2453.27
0.000326377	2608.35
0.000329394	2766.21
0.000332411	2923.94
0.000335428	3081.7
0.000338445	3238.08
0.000341462	3393.23
0.000344479	3547.17
0.000347496	3699.87
0.000350513	3851.32
0.00035353	4001.39
0.000356547	4148.52
0.000359564	4292.59
0.000362581	4430.38
0.000365598	4561.89
0.000368615	4683.77
0.000371632	4796.12
0.000374649	4897.56
0.000377666	4988.21
0.000380683	5069.65
0.0003837	5141.97
0.000386717	5208.92
0.000389734	5270.48
0.000392751	5330.5
0.000395768	5388.91
0.000398785	5447.42
0.000401802	5506.01
0.000404819	5563.19
0.000407836	5619
0.000410853	5669.25
0.00041387	5714.01
0.000416887	5748.9
0.000419904	5774.18
0.000422921	5777.96
0.000425938	5771.8
0.000428955	5756.44
0.000431972	5716.4
0.000434989	5660.02
0.000438006	5587.87
0.000441023	5499.21
0.00044404	5393.99
0.000447057	5273
0.000450074	5136.16
0.000453091	4985.33
0.000456108	4820.37
0.000459125	4644.89
0.000462142	4458.77
0.000465159	4267.09
0.000468176	4069.89
0.000471193	3872.7
0.00047421	3675.69
0.000477227	3483.74
0.000480244	3297.13
0.000483261	3119.38
0.000486278	2950.8
0.000489295	2793.3
0.000492312	2647.18
0.000495329	2512.75
0.000498346	2390.27
0.000501363	2278.61
0.00050438	2177.93
0.000507397	2085.89
0.000510414	2002.54
0.000513431	1924.66
0.000516448	1852.13
0.000519465	1781.52
0.000522482	1712.48
0.000525499	1642.24
0.000528516	1570.3
0.000531533	1495.31
0.00053455	1416.77
0.000537567	1335.08
0.000540584	1249.91
0.000543601	1163.12
0.000546618	1074.7
0.000549635	987.255
0.000552652	901.094
0.000555669	818.663
0.000558686	740.51
0.000561703	668.093
0.00056472	601.989
0.000567737	542.261
0.000570754	489.272
0.000573771	441.932
0.000576788	400.229
0.000579805	362.673
0.000582822	328.929
0.000585839	297.884
0.000588856	269.104
0.000591873	242.199
0.00059489	216.882
0.000597907	193.285
0.000600924	171.366
0.000603941	151.312
0.000606958	133.229
0.000609975	117.026
0.000612992	102.774
0.000616009	90.1118
0.000619026	78.9679
0.000622043	68.9545
0.00062506	59.8966
0.000628077	51.5984
0.000631094	43.9033
0.000634111	36.8261
0.000637128	30.3134
0.000640145	24.4528
0.000643162	19.279
0.000646179	14.8156
0.000649196	11.1093
0.000652213	8.08323
0.00065523	5.73572
0.000658247	3.93795
0.000661264	2.63358
0.000664281	1.70418
0.000667298	1.06976
0.000670315	0.653022
0.000673332	0.382872
0.000676349	0.221126
0.000679366	0.11968
0.000682383	0.0661587
0.0006854	0.0330898
0.000688417	0.0174643
0.000691434	0.00822726
0.000694451	0.00405773
0.000697468	0.00163635
0.000700485	0.000829229
