0.000500379	4.72034e-115
0.00050876	4.29264e-111
0.000517141	1.71691e-110
0.000525522	1.25078e-106
0.000533903	5.05361e-106
0.000542284	2.9488e-102
0.000550665	1.20375e-101
0.000559045	5.62503e-98
0.000567426	2.32035e-97
0.000575807	8.6821e-94
0.000584188	3.61957e-93
0.000592569	1.08429e-89
0.00060095	4.5693e-89
0.00060933	1.09571e-85
0.000617711	4.66803e-85
0.000626092	8.9593e-82
0.000634473	3.85934e-81
0.000642854	5.92773e-78
0.000651235	2.58222e-77
0.000659615	3.17354e-74
0.000667996	1.39823e-73
0.000676377	1.37484e-70
0.000684758	6.12736e-70
0.000693139	4.81969e-67
0.00070152	2.17313e-66
0.0007099	1.36729e-63
0.000718281	6.23766e-63
0.000726662	3.139e-60
0.000735043	1.44907e-59
0.000743424	5.83218e-57
0.000751805	2.72457e-56
0.000760186	8.77007e-54
0.000768566	4.14627e-53
0.000776947	1.06742e-50
0.000785328	5.10716e-50
0.000793709	1.05165e-47
0.00080209	5.09187e-47
0.000810471	8.38776e-45
0.000818851	4.10928e-44
0.000827232	5.41653e-42
0.000835613	2.68449e-41
0.000843994	2.83247e-39
0.000852375	1.41966e-38
0.000860756	1.19967e-36
0.000869136	6.07796e-36
0.000877517	4.11638e-34
0.000885898	2.10671e-33
0.000894279	1.14461e-31
0.00090266	5.91224e-31
0.000911041	2.58014e-29
0.000919421	1.34349e-28
0.000927802	4.71705e-27
0.000936183	2.47224e-26
0.000944564	6.99799e-25
0.000952945	3.68435e-24
0.000961326	8.4302e-23
0.000969707	4.44729e-22
0.000978087	8.25287e-21
0.000986468	4.34861e-20
0.000994849	6.57169e-19
0.00100323	3.44503e-18
0.00101161	4.26109e-17
0.00101999	2.21155e-16
0.00102837	2.25251e-15
0.00103675	1.15067e-14
0.00104513	9.7207e-14
0.00105351	4.85356e-13
0.0010619	3.42955e-12
0.00107028	1.66014e-11
0.00107866	9.90649e-11
0.00108704	4.60622e-10
0.00109542	2.34613e-09
0.0011038	1.03712e-08
0.00111218	4.56111e-08
0.00112056	1.89579e-07
0.00112894	7.28615e-07
0.00113732	2.81492e-06
0.0011457	9.56972e-06
0.00115409	3.39729e-05
0.00116247	0.000103362
0.00117085	0.000333524
0.00117923	0.000917903
0.00118761	0.00266599
0.00119599	0.00669833
0.00120437	0.017372
0.00121275	0.040138
0.00122113	0.0924239
0.00122951	0.197371
0.00123789	0.402363
0.00124627	0.811583
0.00125466	1.47542
0.00126304	2.68757
0.00127142	4.4544
0.0012798	7.2349
0.00128818	11.0247
0.00129656	16.2242
0.00130494	22.8259
0.00131332	30.9885
0.0013217	40.7105
0.00133008	52.1022
0.00133846	65.1633
0.00134684	80.4082
0.00135523	97.8303
0.00136361	118.315
0.00137199	141.861
0.00138037	169.059
0.00138875	199.918
0.00139713	234.53
0.00140551	272.876
0.00141389	315.45
0.00142227	362.189
0.00143065	414.87
0.00143903	473.449
0.00144741	540.44
0.0014558	615.917
0.00146418	701.325
0.00147256	796.883
0.00148094	901.303
0.00148932	1014.84
0.0014977	1133.28
0.00150608	1256.69
0.00151446	1379.87
0.00152284	1502.51
0.00153122	1621.73
0.0015396	1736.98
0.00154798	1849.97
0.00155637	1960.38
0.00156475	2072.63
0.00157313	2187.15
0.00158151	2305.82
0.00158989	2429.52
0.00159827	2554.19
0.00160665	2680.35
0.00161503	2799.61
0.00162341	2911.67
0.00163179	3008.16
0.00164017	3088.05
0.00164855	3147
0.00165694	3185.44
0.00166532	3194.17
0.0016737	3185.45
0.00168208	3165.12
0.00169046	3126.3
0.00169884	3081.86
0.00170722	3034.51
0.0017156	2987.94
0.00172398	2944.65
0.00173236	2898.97
0.00174074	2851.72
0.00174912	2791.91
0.00175751	2717.56
0.00176589	2622.29
0.00177427	2502.77
0.00178265	2363.59
0.00179103	2203.02
0.00179941	2033.97
0.00180779	1858.06
0.00181617	1687.75
0.00182455	1526.96
0.00183293	1380.55
0.00184131	1251.87
0.00184969	1137.97
0.00185808	1039.56
0.00186646	951.264
0.00187484	871.569
0.00188322	797.708
0.0018916	728.07
0.00189998	662.846
0.00190836	601.697
0.00191674	544.995
0.00192512	493.087
0.0019335	445.06
0.00194188	400.784
0.00195026	359.242
0.00195865	319.795
0.00196703	282.64
0.00197541	247.472
0.00198379	215.27
0.00199217	186.438
0.00200055	161.356
0.00200893	140.607
0.00201731	123.336
0.00202569	109.539
0.00203407	97.8258
0.00204245	87.474
0.00205083	77.7207
0.00205922	67.7522
0.0020676	57.8188
0.00207598	47.6813
0.00208436	37.9878
0.00209274	29.078
0.00210112	21.2594
0.0021095	14.9367
0.00211788	9.93928
0.00212626	6.35378
0.00213464	3.84302
0.00214302	2.21148
0.0021514	1.22238
0.00215979	0.55493
0.00216817	0.318993
