0.000500379	2.40008
0.000507922	2.87456
0.000515465	3.4337
0.000523008	4.07842
0.00053055	4.80605
0.000538093	5.61588
0.000545636	6.50267
0.000553179	7.46227
0.000560721	8.48904
0.000568264	9.57608
0.000575807	10.7198
0.00058335	11.9128
0.000590892	13.1556
0.000598435	14.4439
0.000605978	15.783
0.000613521	17.1747
0.000621063	18.6288
0.000628606	20.1551
0.000636149	21.766
0.000643692	23.479
0.000651234	25.3073
0.000658777	27.2741
0.00066632	29.3909
0.000673862	31.6835
0.000681405	34.1596
0.000688948	36.8434
0.000696491	39.7362
0.000704033	42.8548
0.000711576	46.1917
0.000719119	49.749
0.000726662	53.5088
0.000734204	57.4497
0.000741747	61.5446
0.00074929	65.742
0.000756833	70.0101
0.000764375	74.2677
0.000771918	78.4855
0.000779461	82.5638
0.000787004	86.4841
0.000794546	90.1498
0.000802089	93.5591
0.000809632	96.6458
0.000817175	99.4258
0.000824717	101.887
0.00083226	104.058
0.000839803	105.99
0.000847345	107.719
0.000854888	109.351
0.000862431	110.917
0.000869974	112.56
0.000877516	114.299
0.000885059	116.281
0.000892602	118.513
0.000900145	121.119
0.000907687	124.099
0.00091523	127.537
0.000922773	131.429
0.000930316	135.817
0.000937858	140.697
0.000945401	146.08
0.000952944	151.961
0.000960487	158.329
0.000968029	165.183
0.000975572	172.502
0.000983115	180.283
0.000990658	188.503
0.0009982	197.162
0.00100574	206.238
0.00101329	215.733
0.00102083	225.634
0.00102837	235.944
0.00103591	246.661
0.00104346	257.787
0.001051	269.335
0.00105854	281.304
0.00106608	293.71
0.00107363	306.554
0.00108117	319.843
0.00108871	333.575
0.00109626	347.742
0.0011038	362.341
0.00111134	377.348
0.00111888	392.761
0.00112643	408.55
0.00113397	424.714
0.00114151	441.238
0.00114906	458.122
0.0011566	475.378
0.00116414	493.008
0.00117168	511.043
0.00117923	529.483
0.00118677	548.349
0.00119431	567.638
0.00120185	587.304
0.0012094	607.342
0.00121694	627.587
0.00122448	648.035
0.00123203	668.373
0.00123957	688.601
0.00124711	708.28
0.00125465	727.414
0.0012622	745.51
0.00126974	762.572
0.00127728	778.16
0.00128482	792.272
0.00129237	804.62
0.00129991	815.198
0.00130745	823.926
0.001315	830.795
0.00132254	836.013
0.00133008	839.623
0.00133762	840.964
0.00134517	841.459
0.00135271	841.296
0.00136025	839.437
0.00136779	836.777
0.00137534	833.382
0.00138288	829.363
0.00139042	824.735
0.00139797	819.547
0.00140551	813.814
0.00141305	807.466
0.00142059	800.509
0.00142814	792.804
0.00143568	784.349
0.00144322	774.995
0.00145076	764.732
0.00145831	753.461
0.00146585	741.167
0.00147339	727.839
0.00148094	713.462
0.00148848	698.127
0.00149602	681.824
0.00150356	664.736
0.00151111	646.861
0.00151865	628.437
0.00152619	609.475
0.00153373	590.219
0.00154128	570.692
0.00154882	551.099
0.00155636	531.467
0.00156391	511.929
0.00157145	492.512
0.00157899	473.264
0.00158653	454.206
0.00159408	435.317
0.00160162	416.606
0.00160916	398.019
0.0016167	379.552
0.00162425	361.159
0.00163179	342.827
0.00163933	324.549
0.00164688	306.311
0.00165442	288.162
0.00166196	270.093
0.0016695	252.202
0.00167705	234.496
0.00168459	217.102
0.00169213	200.039
0.00169968	183.444
0.00170722	167.347
0.00171476	151.871
0.0017223	137.051
0.00172985	122.983
0.00173739	109.701
0.00174493	97.2657
0.00175247	85.7055
0.00176002	75.0431
0.00176756	65.2988
0.0017751	56.4587
0.00178265	48.5322
0.00179019	41.4732
0.00179773	35.2789
0.00180527	29.8777
0.00181282	25.254
0.00182036	21.3189
0.0018279	18.0445
0.00183544	15.3342
0.00184299	13.1501
0.00185053	11.3973
0.00185807	10.0313
0.00186562	8.9675
0.00187316	8.15926
0.0018807	7.53889
0.00188824	7.06211
0.00189579	6.68164
0.00190333	6.35999
0.00191087	6.07021
0.00191841	5.7848
0.00192596	5.49405
0.0019335	5.18178
0.00194104	4.85037
0.00194859	4.49423
0.00195613	4.12203
0.00196367	3.73623
0.00197121	3.34671
0.00197876	2.9605
0.0019863	2.58527
0.00199384	2.23162
0.00200138	1.89591
