3.33898e-05	3.85962e-37
3.59039e-05	1.35176e-35
3.8418e-05	5.29127e-35
4.09322e-05	1.60975e-33
4.34463e-05	6.28797e-33
4.59604e-05	1.65119e-31
4.84746e-05	6.47736e-31
5.09887e-05	1.46949e-29
5.35028e-05	5.78398e-29
5.6017e-05	1.13488e-27
5.85311e-05	4.47714e-27
6.10452e-05	7.60747e-26
6.35594e-05	3.00418e-25
6.60735e-05	4.42729e-24
6.85877e-05	1.74746e-23
7.11018e-05	2.23751e-22
7.36159e-05	8.81164e-22
7.61301e-05	9.82319e-21
7.86442e-05	3.85196e-20
8.11583e-05	3.74759e-19
8.36725e-05	1.45981e-18
8.61866e-05	1.24287e-17
8.87007e-05	4.79642e-17
9.12149e-05	3.58474e-16
9.3729e-05	1.36636e-15
9.62431e-05	8.99572e-15
9.87573e-05	3.3749e-14
0.000101271	1.965e-13
0.000103786	7.22836e-13
0.0001063	3.73808e-12
0.000108814	1.34257e-11
0.000111328	6.19586e-11
0.000113842	2.16274e-10
0.000116356	8.95212e-10
0.00011887	3.02202e-09
0.000121384	1.12802e-08
0.000123899	3.66346e-08
0.000126413	1.24007e-07
0.000128927	3.85372e-07
0.000131441	1.18979e-06
0.000133955	3.51867e-06
0.000136469	9.96594e-06
0.000138983	2.78954e-05
0.000141498	7.2893e-05
0.000144012	0.000192099
0.000146526	0.000465643
0.00014904	0.0011497
0.000151554	0.00259826
0.000154068	0.00598418
0.000156582	0.012666
0.000159096	0.0271114
0.000161611	0.0539539
0.000164125	0.107028
0.000166639	0.203479
0.000169153	0.371749
0.000171667	0.671212
0.000174181	1.13626
0.000176695	1.90809
0.00017921	3.02888
0.000181724	4.73821
0.000184238	7.07071
0.000186752	10.3327
0.000189266	14.5299
0.00019178	19.9238
0.000194294	26.4859
0.000196809	34.2975
0.000199323	43.3237
0.000201837	53.4502
0.000204351	64.6797
0.000206865	76.9038
0.000209379	90.1778
0.000211893	104.69
0.000214407	120.507
0.000216922	138.172
0.000219436	157.701
0.00022195	179.655
0.000224464	203.99
0.000226978	230.868
0.000229492	260.263
0.000232006	292.049
0.000234521	326.307
0.000237035	363.49
0.000239549	403.769
0.000242063	449.133
0.000244577	499.727
0.000247091	559.026
0.000249605	627.027
0.000252119	707.16
0.000254634	799.266
0.000257148	904.544
0.000259662	1022.8
0.000262176	1151.89
0.00026469	1291.73
0.000267204	1438.04
0.000269718	1590.85
0.000272233	1746.59
0.000274747	1905.35
0.000277261	2066.42
0.000279775	2229.84
0.000282289	2397.44
0.000284803	2569.2
0.000287317	2747.19
0.000289831	2931.42
0.000292346	3122.25
0.00029486	3319.72
0.000297374	3522.25
0.000299888	3729.9
0.000302402	3939.84
0.000304916	4152.12
0.00030743	4362.92
0.000309945	4572.32
0.000312459	4775.29
0.000314973	4971.87
0.000317487	5156.51
0.000320001	5329.09
0.000322515	5485.59
0.000325029	5625.73
0.000327544	5748.78
0.000330058	5854.52
0.000332572	5944.69
0.000335086	6019.36
0.0003376	6079.86
0.000340114	6126.68
0.000342628	6156.3
0.000345142	6171.35
0.000347657	6172.24
0.000350171	6152.35
0.000352685	6114.38
0.000355199	6058.65
0.000357713	5987.08
0.000360227	5899.69
0.000362741	5799.04
0.000365256	5685.56
0.00036777	5559.24
0.000370284	5420.4
0.000372798	5267.09
0.000375312	5099.04
0.000377826	4915.54
0.00038034	4715.96
0.000382854	4503.17
0.000385369	4276.82
0.000387883	4042.63
0.000390397	3800.92
0.000392911	3557.79
0.000395425	3314.01
0.000397939	3074.4
0.000400453	2839.72
0.000402968	2613.73
0.000405482	2397.02
0.000407996	2192.8
0.00041051	2001.75
0.000413024	1826
0.000415538	1666.4
0.000418052	1522.76
0.000420566	1395.78
0.000423081	1282.6
0.000425595	1183.24
0.000428109	1093.5
0.000430623	1012.54
0.000433137	937.016
0.000435651	865.691
0.000438165	797.533
0.00044068	731.647
0.000443194	669.014
0.000445708	609.56
0.000448222	554.632
0.000450736	504.797
0.00045325	460.191
0.000455764	421.348
0.000458279	386.871
0.000460793	356.679
0.000463307	328.819
0.000465821	302.574
0.000468335	276.726
0.000470849	250.421
0.000473363	223.751
0.000475877	196.293
0.000478392	169.056
0.000480906	142.238
0.00048342	116.914
0.000485934	93.659
0.000488448	72.9748
0.000490962	55.3846
0.000493476	40.7201
0.000495991	29.1656
0.000498505	20.1773
0.000501019	13.5884
0.000503533	8.83483
0.000506047	5.57068
0.000508561	3.40563
0.000511075	1.99963
0.000513589	1.15248
0.000516104	0.621925
0.000518618	0.342069
0.000521132	0.169829
0.000523646	0.0888469
0.00052616	0.0413981
0.000528674	0.0201299
0.000531188	0.00801253
0.000533703	0.0039734
