0.000166815	1.82199e-33
0.00017352	4.93851e-32
0.000180225	1.92074e-31
0.000186929	4.53541e-30
0.000193634	1.75403e-29
0.000200339	3.57889e-28
0.000207043	1.38756e-27
0.000213748	2.44936e-26
0.000220453	9.5086e-26
0.000227157	1.45422e-24
0.000233862	5.64467e-24
0.000240566	7.49182e-23
0.000247271	2.90284e-22
0.000253976	3.35008e-21
0.00026068	1.29323e-20
0.000267385	1.30069e-19
0.00027409	4.99126e-19
0.000280794	4.38633e-18
0.000287499	1.66892e-17
0.000294204	1.2853e-16
0.000300908	4.83462e-16
0.000307613	3.27392e-15
0.000314317	1.21342e-14
0.000321022	7.25245e-14
0.000327727	2.63877e-13
0.000334431	1.39782e-12
0.000341136	4.97227e-12
0.000347841	2.34511e-11
0.000354545	8.11896e-11
0.00036125	3.42621e-10
0.000367955	1.14888e-09
0.000374659	4.36091e-09
0.000381364	1.40901e-08
0.000388068	4.83735e-08
0.000394773	1.49784e-07
0.000401478	4.67762e-07
0.000408182	1.38036e-06
0.000414887	3.94376e-06
0.000421592	1.10294e-05
0.000428296	2.89933e-05
0.000435001	7.64233e-05
0.000441706	0.000185854
0.00044841	0.000459303
0.000455115	0.00103862
0.000461819	0.00239483
0.000468524	0.00505865
0.000475229	0.0108359
0.000481933	0.0214646
0.000488638	0.0425593
0.000495343	0.0806435
0.000502047	0.146599
0.000508752	0.262291
0.000515457	0.440595
0.000522161	0.730668
0.000528866	1.14546
0.000535571	1.7601
0.000542275	2.57806
0.00054898	3.67218
0.000555684	5.02536
0.000562389	6.6435
0.000569094	8.48853
0.000575798	10.4325
0.000582503	12.4353
0.000589208	14.2386
0.000595912	15.8296
0.000602617	16.9786
0.000609322	17.6619
0.000616026	17.6606
0.000622731	17.3812
0.000629435	16.7703
0.00063614	15.9791
0.000642845	15.8081
0.000649549	15.7628
0.000656254	16.1822
0.000662959	18.2855
0.000669663	21.6996
0.000676368	26.4992
0.000683073	32.9079
0.000689777	40.8789
0.000696482	50.2091
0.000703186	60.8732
0.000709891	72.4604
0.000716596	84.984
0.0007233	98.1714
0.000730005	112.064
0.00073671	126.837
0.000743414	142.535
0.000750119	159.864
0.000756824	178.859
0.000763528	200.69
0.000770233	225.38
0.000776937	254.522
0.000783642	288.126
0.000790347	328.104
0.000797051	374.438
0.000803756	428.827
0.000810461	491.23
0.000817165	562.096
0.00082387	641.395
0.000830575	727.483
0.000837279	820.369
0.000843984	916.6
0.000850689	1016.2
0.000857393	1115.39
0.000864098	1214.16
0.000870802	1309.93
0.000877507	1402.67
0.000884212	1491.38
0.000890916	1576.02
0.000897621	1656.47
0.000904326	1732.71
0.00091103	1804.69
0.000917735	1872.41
0.00092444	1935.86
0.000931144	1995.01
0.000937849	2050.31
0.000944553	2101.72
0.000951258	2150.23
0.000957963	2195.86
0.000964667	2239.63
0.000971372	2281.64
0.000978077	2322.11
0.000984781	2361.17
0.000991486	2397.74
0.000998191	2431.91
0.0010049	2461.62
0.0010116	2486.82
0.0010183	2505.62
0.00102501	2518.22
0.00103171	2520.68
0.00103842	2516.16
0.00104512	2505.83
0.00105183	2484.76
0.00105853	2455.34
0.00106524	2418.13
0.00107194	2373.53
0.00107865	2321.43
0.00108535	2263.7
0.00109206	2200.3
0.00109876	2133.97
0.00110546	2064.94
0.00111217	1995.46
0.00111887	1926.03
0.00112558	1857.03
0.00113228	1788.86
0.00113899	1720.3
0.00114569	1651.26
0.0011524	1580.67
0.0011591	1508.1
0.00116581	1434.04
0.00117251	1358.23
0.00117922	1282.4
0.00118592	1206.78
0.00119263	1132.85
0.00119933	1061.12
0.00120603	991.768
0.00121274	925.134
0.00121944	860.419
0.00122615	797.544
0.00123285	735.795
0.00123956	674.864
0.00124626	614.808
0.00125297	555.423
0.00125967	497.429
0.00126638	440.879
0.00127308	386.688
0.00127979	335.088
0.00128649	286.874
0.00129319	242.33
0.0012999	202.024
0.0013066	166.242
0.00131331	135.216
0.00132001	109.202
0.00132672	87.9332
0.00133342	71.5428
0.00134013	59.2206
0.00134683	50.851
0.00135354	45.2885
0.00136024	42.1244
0.00136695	40.2805
0.00137365	39.1664
0.00138035	38.1426
0.00138706	36.6658
0.00139376	34.6545
0.00140047	31.8229
0.00140717	28.467
0.00141388	24.6122
0.00142058	20.6165
0.00142729	16.6932
0.00143399	13.0385
0.0014407	9.8656
0.0014474	7.17579
0.00145411	5.06524
0.00146081	3.43259
0.00146752	2.25485
0.00147422	1.42674
0.00148092	0.868711
0.00148763	0.51529
0.00149433	0.268448
0.00150104	0.161755
