0.000166815	2.77517e-42
0.00017352	1.61171e-40
0.000180225	6.36357e-40
0.000186929	3.15849e-38
0.000193634	1.25022e-37
0.000200339	5.28319e-36
0.000207043	2.10448e-35
0.000213748	7.57636e-34
0.000220453	3.03521e-33
0.000227157	9.31623e-32
0.000233862	3.75078e-31
0.000240566	9.82459e-30
0.000247271	3.97148e-29
0.000253976	8.88745e-28
0.00026068	3.60323e-27
0.000267385	6.89823e-26
0.00027409	2.80125e-25
0.000280794	4.59539e-24
0.000287499	1.86617e-23
0.000294204	2.62833e-22
0.000300908	1.06539e-21
0.000307613	1.29115e-20
0.000314317	5.21251e-20
0.000321022	5.4501e-19
0.000327727	2.18574e-18
0.000334431	1.97777e-17
0.000341136	7.85593e-17
0.000347841	6.17342e-16
0.000354545	2.42042e-15
0.00036125	1.65848e-14
0.000367955	6.39345e-14
0.000374659	3.83711e-13
0.000381364	1.44809e-12
0.000388068	7.65057e-12
0.000394773	2.81291e-11
0.000401478	1.31544e-10
0.000408182	4.68725e-10
0.000414887	1.95176e-09
0.000421592	6.70198e-09
0.000428296	2.50058e-08
0.000435001	8.22551e-08
0.000441706	2.76807e-07
0.00044841	8.66921e-07
0.000455115	2.64895e-06
0.000461819	7.85009e-06
0.000468524	2.19251e-05
0.000475229	6.11108e-05
0.000481933	0.000157022
0.000488638	0.000409295
0.000495343	0.000973404
0.000502047	0.00236064
0.000508752	0.00522514
0.000515457	0.0117376
0.000522161	0.0242967
0.000528866	0.0503814
0.000535571	0.0979181
0.000542275	0.186993
0.00054898	0.351127
0.000555684	0.61286
0.000562389	1.06431
0.000569094	1.73414
0.000575798	2.78958
0.000582503	4.25518
0.000589208	6.35653
0.000595912	9.09548
0.000602617	12.666
0.000609322	17.0358
0.000616026	22.2255
0.000622731	28.1802
0.000629435	34.6556
0.00063614	41.6066
0.000642845	48.5924
0.000649549	55.6059
0.000656254	62.2298
0.000662959	68.4958
0.000669663	74.2353
0.000676368	79.5006
0.000683073	84.4779
0.000689777	89.2274
0.000696482	94.3222
0.000703186	99.8332
0.000709891	106.813
0.000716596	115.34
0.0007233	127.09
0.000730005	142.122
0.00073671	162.669
0.000743414	188.729
0.000750119	222.52
0.000756824	263.961
0.000763528	314.202
0.000770233	373.121
0.000776937	439.832
0.000783642	514.246
0.000790347	593.432
0.000797051	677.383
0.000803756	762.535
0.000810461	848.948
0.000817165	934.648
0.00082387	1019.69
0.000830575	1105.16
0.000837279	1191.06
0.000843984	1280.83
0.000850689	1374.46
0.000857393	1474.99
0.000864098	1582.47
0.000870802	1696.73
0.000877507	1817.88
0.000884212	1942.13
0.000890916	2069.56
0.000897621	2195.16
0.000904326	2318.87
0.00091103	2437.4
0.000917735	2550.61
0.00092444	2657.61
0.000931144	2758.36
0.000937849	2852.47
0.000944553	2940.05
0.000951258	3019.27
0.000957963	3090.22
0.000964667	3149.93
0.000971372	3198.28
0.000978077	3233.76
0.000984781	3256.86
0.000991486	3261.12
0.000998191	3256.19
0.0010049	3244.62
0.0010116	3218.89
0.0010183	3186.12
0.00102501	3147.27
0.00103171	3104.02
0.00103842	3056.62
0.00104512	3006.11
0.00105183	2952.63
0.00105853	2896.59
0.00106524	2838.06
0.00107194	2777.18
0.00107865	2714.05
0.00108535	2648.22
0.00109206	2579.81
0.00109876	2507.5
0.00110546	2431.24
0.00111217	2349.43
0.00111887	2261.75
0.00112558	2167.72
0.00113228	2066.89
0.00113899	1960.87
0.00114569	1849.41
0.0011524	1735.86
0.0011591	1620.45
0.00116581	1506.79
0.00117251	1395.56
0.00117922	1289.19
0.00118592	1188.48
0.00119263	1093.99
0.00119933	1006.28
0.00120603	924.305
0.00121274	848.146
0.00121944	776.218
0.00122615	708.15
0.00123285	642.983
0.00123956	580.227
0.00124626	520.064
0.00125297	462.261
0.00125967	407.727
0.00126638	356.607
0.00127308	309.745
0.00127979	267.478
0.00128649	230.116
0.00129319	197.934
0.0012999	170.704
0.0013066	148.54
0.00131331	130.793
0.00132001	117.421
0.00132672	107.402
0.00133342	100.506
0.00134013	95.4856
0.00134683	91.8698
0.00135354	88.5857
0.00136024	85.0083
0.00136695	80.68
0.00137365	75.0867
0.00138035	68.4868
0.00138706	60.7311
0.00139376	52.4607
0.00140047	43.9098
0.00140717	35.6281
0.00141388	28.0103
0.00142058	21.2528
0.00142729	15.6458
0.00143399	11.0772
0.0014407	7.61399
0.0014474	5.02829
0.00145411	3.21505
0.00146081	1.98345
0.00146752	1.17336
0.00147422	0.678759
0.00148092	0.366587
0.00148763	0.201343
0.00149433	0.0890849
0.00150104	0.0516657
