3.33898e-05	40.4202
3.52334e-05	47.3298
3.70771e-05	54.8578
3.89207e-05	63.0323
4.07644e-05	71.7712
4.2608e-05	81.0067
4.44517e-05	90.7102
4.62953e-05	100.823
4.8139e-05	111.35
4.99827e-05	122.26
5.18263e-05	133.585
5.367e-05	145.333
5.55136e-05	157.542
5.73573e-05	170.254
5.92009e-05	183.494
6.10446e-05	197.312
6.28882e-05	211.713
6.47319e-05	226.727
6.65755e-05	242.346
6.84192e-05	258.567
7.02628e-05	275.399
7.21065e-05	292.825
7.39502e-05	310.908
7.57938e-05	329.682
7.76375e-05	349.295
7.94811e-05	369.918
8.13248e-05	391.785
8.31684e-05	415.276
8.50121e-05	440.659
8.68557e-05	468.52
8.86994e-05	499.083
9.0543e-05	533.03
9.23867e-05	570.466
9.42303e-05	611.974
9.6074e-05	657.511
9.79177e-05	707.366
9.97613e-05	761.381
0.000101605	819.454
0.000103449	881.394
0.000105292	946.769
0.000107136	1015.44
0.00010898	1086.84
0.000110823	1160.93
0.000112667	1237.26
0.000114511	1315.89
0.000116354	1396.66
0.000118198	1479.71
0.000120042	1565.21
0.000121885	1653.33
0.000123729	1744.55
0.000125572	1839.03
0.000127416	1937.44
0.00012926	2039.93
0.000131103	2147.3
0.000132947	2259.68
0.000134791	2377.94
0.000136634	2502.15
0.000138478	2633.18
0.000140322	2771.06
0.000142165	2916.5
0.000144009	3069.46
0.000145853	3230.3
0.000147696	3398.9
0.00014954	3575.12
0.000151384	3758.8
0.000153227	3949.2
0.000155071	4146.15
0.000156915	4348.42
0.000158758	4555.86
0.000160602	4766.91
0.000162446	4981.46
0.000164289	5197.73
0.000166133	5415.64
0.000167977	5633.2
0.00016982	5850.32
0.000171664	6064.71
0.000173507	6276.25
0.000175351	6482.21
0.000177195	6682.49
0.000179038	6873.98
0.000180882	7056.62
0.000182726	7227.3
0.000184569	7386.04
0.000186413	7530.28
0.000188257	7660.12
0.0001901	7774.19
0.000191944	7872.62
0.000193788	7955.61
0.000195631	8023.26
0.000197475	8077.28
0.000199319	8117.73
0.000201162	8147.83
0.000203006	8167.34
0.00020485	8175.47
0.000206693	8178.94
0.000208537	8177.92
0.000210381	8169.12
0.000212224	8155.79
0.000214068	8137.87
0.000215912	8114.26
0.000217755	8084.97
0.000219599	8047.39
0.000221442	8001.56
0.000223286	7943.69
0.00022513	7873.81
0.000226973	7788.06
0.000228817	7686.41
0.000230661	7566.2
0.000232504	7427.34
0.000234348	7269.54
0.000236192	7092.67
0.000238035	6899.45
0.000239879	6689.7
0.000241723	6468.86
0.000243566	6236.83
0.00024541	6000.6
0.000247254	5760.18
0.000249097	5522.5
0.000250941	5287.72
0.000252785	5061.16
0.000254628	4843.12
0.000256472	4636.36
0.000258316	4441.21
0.000260159	4257.8
0.000262003	4086.38
0.000263847	3924.97
0.00026569	3773.67
0.000267534	3629.34
0.000269377	3491.93
0.000271221	3358.11
0.000273065	3227.69
0.000274908	3098.02
0.000276752	2968.82
0.000278596	2838.63
0.000280439	2707.18
0.000282283	2574.33
0.000284127	2439.87
0.00028597	2304.8
0.000287814	2169.04
0.000289658	2034.22
0.000291501	1900.43
0.000293345	1769.41
0.000295189	1641.37
0.000297032	1517.73
0.000298876	1398.76
0.00030072	1285.32
0.000302563	1177.65
0.000304407	1076.06
0.000306251	980.704
0.000308094	891.458
0.000309938	808.381
0.000311782	731.093
0.000313625	659.573
0.000315469	593.367
0.000317312	532.401
0.000319156	476.264
0.000321	424.867
0.000322843	377.882
0.000324687	335.233
0.000326531	296.649
0.000328374	262.074
0.000330218	231.225
0.000332062	204.059
0.000333905	180.206
0.000335749	159.614
0.000337593	141.804
0.000339436	126.681
0.00034128	113.699
0.000343124	102.709
0.000344967	93.1864
0.000346811	84.9425
0.000348655	77.5697
0.000350498	70.8752
0.000352342	64.6256
0.000354186	58.667
0.000356029	52.9353
0.000357873	47.3441
0.000359717	41.9428
0.00036156	36.7151
0.000363404	31.7489
0.000365247	27.0758
0.000367091	22.7624
0.000368935	18.855
0.000370778	15.371
0.000372622	12.3429
0.000374466	9.74219
0.000376309	7.57385
0.000378153	5.78302
0.000379997	4.34854
0.00038184	3.21094
0.000383684	2.33343
0.000385528	1.66631
0.000387371	1.16932
0.000389215	0.807856
0.000391059	0.546915
0.000392902	0.36581
0.000394746	0.238655
0.00039659	0.154691
0.000398433	0.0931291
0.000400277	0.0610879
