0.000100103	1.95021e-22
0.000103622	2.01659e-21
0.000107142	7.48131e-21
0.000110662	6.99119e-20
0.000114182	2.5199e-19
0.000117702	2.0832e-18
0.000121222	7.45256e-18
0.000124742	5.46361e-17
0.000128261	1.93533e-16
0.000131781	1.26164e-15
0.000135301	4.4131e-15
0.000138821	2.56592e-14
0.000142341	8.83663e-14
0.000145861	4.59787e-13
0.000149381	1.55382e-12
0.0001529	7.26152e-12
0.00015642	2.39945e-11
0.00015994	1.01113e-10
0.00016346	3.25419e-10
0.00016698	1.24179e-09
0.0001705	3.87639e-09
0.00017402	1.34549e-08
0.000177539	4.05609e-08
0.000181059	1.28656e-07
0.000184579	3.7285e-07
0.000188099	1.08593e-06
0.000191619	3.0114e-06
0.000195139	8.09242e-06
0.000198659	2.13743e-05
0.000202178	5.32496e-05
0.000205698	0.000133353
0.000209218	0.000309425
0.000212738	0.000731533
0.000216258	0.00158787
0.000219778	0.0035298
0.000223298	0.00719644
0.000226817	0.014989
0.000230337	0.0288064
0.000233857	0.056053
0.000237377	0.10379
0.000240897	0.186394
0.000244417	0.327267
0.000247937	0.547911
0.000251456	0.90274
0.000254976	1.42029
0.000258496	2.19545
0.000262016	3.25539
0.000265536	4.72739
0.000269056	6.62365
0.000272576	9.06361
0.000276095	12.0374
0.000279615	15.5995
0.000283135	19.7315
0.000286655	24.4045
0.000290175	29.6276
0.000293695	35.3736
0.000297214	41.7152
0.000300734	48.82
0.000304254	56.8279
0.000307774	66.2995
0.000311294	77.3986
0.000314814	91.1191
0.000318334	107.576
0.000321853	127.971
0.000325373	152.315
0.000328893	181.586
0.000332413	215.687
0.000335933	254.957
0.000339453	299.247
0.000342973	348.116
0.000346492	401.441
0.000350012	458.226
0.000353532	518.43
0.000357052	580.979
0.000360572	645.918
0.000364092	712.597
0.000367612	781.121
0.000371131	851.622
0.000374651	924.227
0.000378171	999.981
0.000381691	1078.98
0.000385211	1163
0.000388731	1252.07
0.000392251	1348.14
0.00039577	1451.18
0.00039929	1562.61
0.00040281	1682.39
0.00040633	1811.04
0.00040985	1948.53
0.00041337	2094.69
0.00041689	2249.53
0.000420409	2412.71
0.000423929	2584.21
0.000427449	2763.52
0.000430969	2950.6
0.000434489	3143.7
0.000438009	3342.76
0.000441529	3543.24
0.000445048	3745.11
0.000448568	3940.53
0.000452088	4129.57
0.000455608	4302.99
0.000459128	4460.82
0.000462648	4596.23
0.000466168	4709.14
0.000469687	4798.42
0.000473207	4863.9
0.000476727	4910.84
0.000480247	4939.06
0.000483767	4957.72
0.000487287	4966.8
0.000490807	4975.19
0.000494326	4983.1
0.000497846	4995.5
0.000501366	5012.78
0.000504886	5034.56
0.000508406	5061.17
0.000511926	5088.25
0.000515446	5115.86
0.000518965	5139.3
0.000522485	5158.85
0.000526005	5166.37
0.000529525	5168.74
0.000533045	5167.83
0.000536565	5154.61
0.000540085	5133.39
0.000543604	5105.41
0.000547124	5066.47
0.000550644	5016.92
0.000554164	4949.93
0.000557684	4865.2
0.000561204	4756.55
0.000564724	4622.9
0.000568243	4463.85
0.000571763	4278.11
0.000575283	4073.11
0.000578803	3848.28
0.000582323	3616.18
0.000585843	3377.5
0.000589362	3144.54
0.000592882	2919
0.000596402	2708.4
0.000599922	2514.61
0.000603442	2338.98
0.000606962	2182.73
0.000610482	2042.57
0.000614001	1918.74
0.000617521	1805.99
0.000621041	1703.78
0.000624561	1607.3
0.000628081	1515.59
0.000631601	1425.6
0.000635121	1336.37
0.00063864	1246.98
0.00064216	1156.74
0.00064568	1066.64
0.0006492	976.425
0.00065272	888.365
0.00065624	802.709
0.00065976	721.981
0.000663279	646.855
0.000666799	578.942
0.000670319	519.046
0.000673839	467.144
0.000677359	423.747
0.000680879	387.349
0.000684399	357.888
0.000687918	333.254
0.000691438	312.879
0.000694958	294.977
0.000698478	278.807
0.000701998	263.322
0.000705518	247.918
0.000709038	232.188
0.000712557	215.766
0.000716077	198.672
0.000719597	180.738
0.000723117	162.314
0.000726637	143.402
0.000730157	124.593
0.000733677	106.081
0.000737196	88.4708
0.000740716	72.104
0.000744236	57.33
0.000747756	44.4823
0.000751276	33.541
0.000754796	24.6688
0.000758316	17.5781
0.000761835	12.2097
0.000765355	8.20744
0.000768875	5.36428
0.000772395	3.4018
0.000775915	2.08322
0.000779435	1.24868
0.000782955	0.712587
0.000786474	0.405323
0.000789994	0.212042
0.000793514	0.116322
0.000797034	0.0511634
0.000800554	0.0294439
