0.000500379	1.52802e-23
0.000506246	1.60959e-22
0.000512113	5.97997e-22
0.000517979	5.71216e-21
0.000523846	2.06426e-20
0.000529712	1.75078e-19
0.000535579	6.28555e-19
0.000541445	4.74406e-18
0.000547312	1.68831e-17
0.000553178	1.13682e-16
0.000559045	4.00055e-16
0.000564911	2.40992e-15
0.000570778	8.36317e-15
0.000576644	4.52105e-14
0.000582511	1.54257e-13
0.000588378	7.50868e-13
0.000594244	2.51063e-12
0.000600111	1.10444e-11
0.000605977	3.6061e-11
0.000611844	1.43928e-10
0.00061771	4.57167e-10
0.000623577	1.6624e-09
0.000629443	5.11647e-09
0.00063531	1.70247e-08
0.000641176	5.05613e-08
0.000647043	1.54643e-07
0.000652909	4.41299e-07
0.000658776	1.24634e-06
0.000664643	3.4029e-06
0.000670509	8.91533e-06
0.000676376	2.31919e-05
0.000682242	5.66194e-05
0.000688109	0.000139764
0.000693975	0.000319336
0.000699842	0.000745201
0.000705708	0.00160001
0.000711575	0.00351777
0.000717441	0.00712422
0.000723308	0.0147145
0.000729174	0.028202
0.000735041	0.0545954
0.000740908	0.100945
0.000746774	0.181364
0.000752641	0.319411
0.000758507	0.53714
0.000764374	0.891469
0.00077024	1.41456
0.000776107	2.21243
0.000781973	3.3219
0.00078784	4.90223
0.000793706	6.98196
0.000799573	9.74615
0.000805439	13.2022
0.000811306	17.5007
0.000817173	22.6284
0.000823039	28.6457
0.000828906	35.5404
0.000834772	43.2983
0.000840639	51.9395
0.000846505	61.4961
0.000852372	72.0314
0.000858238	83.7836
0.000864105	96.8269
0.000869971	111.64
0.000875838	128.246
0.000881704	147.146
0.000887571	168.276
0.000893438	191.769
0.000899304	217.511
0.000905171	245.044
0.000911037	274.302
0.000916904	304.512
0.00092277	335.748
0.000928637	367.698
0.000934503	400.566
0.00094037	435.285
0.000946236	472.075
0.000952103	513.229
0.000957969	558.84
0.000963836	611.695
0.000969703	671.702
0.000975569	740.683
0.000981436	818.425
0.000987302	904.646
0.000993169	999.148
0.000999035	1099.55
0.0010049	1205.76
0.00101077	1314.48
0.00101663	1425.74
0.0010225	1536.83
0.00102837	1647.82
0.00103423	1757.28
0.0010401	1865.27
0.00104597	1971.15
0.00105183	2074.94
0.0010577	2175.9
0.00106357	2274.01
0.00106943	2368.11
0.0010753	2458.2
0.00108117	2543.46
0.00108703	2623.88
0.0010929	2700.02
0.00109877	2771.87
0.00110463	2841.53
0.0011105	2909.01
0.00111637	2976.69
0.00112223	3044.63
0.0011281	3113.43
0.00113397	3183.21
0.00113983	3251.34
0.0011457	3317.98
0.00115157	3377.65
0.00115743	3430.39
0.0011633	3470.71
0.00116916	3499.02
0.00117503	3503.66
0.0011809	3495.07
0.00118676	3475.03
0.00119263	3430.44
0.0011985	3371.32
0.00120436	3298.36
0.00121023	3216.27
0.0012161	3125.01
0.00122196	3031.3
0.00122783	2935.33
0.0012337	2843.31
0.00123956	2755.68
0.00124543	2676.23
0.0012513	2605.63
0.00125716	2543.47
0.00126303	2490.38
0.0012689	2441.47
0.00127476	2396.98
0.00128063	2349.53
0.0012865	2298.67
0.00129236	2237.95
0.00129823	2166.38
0.0013041	2081.33
0.00130996	1981.76
0.00131583	1869.85
0.00132169	1745
0.00132756	1613.04
0.00133343	1474.1
0.00133929	1335.21
0.00134516	1197.17
0.00135103	1065.85
0.00135689	942.398
0.00136276	830.121
0.00136863	730.083
0.00137449	642.742
0.00138036	568.783
0.00138623	506.34
0.00139209	455.562
0.00139796	413.333
0.00140383	379.277
0.00140969	350.26
0.00141556	325.57
0.00142143	303.004
0.00142729	281.814
0.00143316	261.05
0.00143903	240.189
0.00144489	219.268
0.00145076	198.08
0.00145663	177.132
0.00146249	156.468
0.00146836	136.643
0.00147422	117.819
0.00148009	100.401
0.00148596	84.5617
0.00149182	70.5076
0.00149769	58.3773
0.00150356	48.176
0.00150942	39.9889
0.00151529	33.6198
0.00152116	29.0827
0.00152702	25.9959
0.00153289	24.1042
0.00153876	23.5512
0.00154462	23.5564
0.00155049	23.5719
0.00155636	23.727
0.00156222	23.8362
0.00156809	23.4469
0.00157396	22.5207
0.00157982	21.0851
0.00158569	19.2507
0.00159156	17.0408
0.00159742	14.6628
0.00160329	12.2354
0.00160916	9.89585
0.00161502	7.77481
0.00162089	5.90505
0.00162675	4.36417
0.00163262	3.11311
0.00163849	2.16137
0.00164435	1.44969
0.00165022	0.943404
0.00165609	0.596311
0.00166195	0.347076
0.00166782	0.216705
