0.000100103	1.3213e-21
0.000103622	1.62734e-20
0.000107142	6.11298e-20
0.000110662	6.64114e-19
0.000114182	2.43397e-18
0.000117702	2.29225e-17
0.000121222	8.34072e-17
0.000124742	6.82848e-16
0.000128261	2.45999e-15
0.000131781	1.75639e-14
0.000135301	6.2449e-14
0.000138821	3.9027e-13
0.000142341	1.36461e-12
0.000145861	7.49515e-12
0.000149381	2.56695e-11
0.0001529	1.2448e-10
0.00015642	4.15719e-10
0.00015994	1.78881e-09
0.00016346	5.7971e-09
0.00016698	2.22541e-08
0.0001705	6.96188e-08
0.00017402	2.3981e-07
0.000177539	7.20183e-07
0.000181059	2.23952e-06
0.000184579	6.41923e-06
0.000188099	1.81328e-05
0.000191619	4.93179e-05
0.000195139	0.000127343
0.000198659	0.000326746
0.000202178	0.000775956
0.000205698	0.00186793
0.000209218	0.00410384
0.000212738	0.00922113
0.000216258	0.0188441
0.000219778	0.0393462
0.000223298	0.075153
0.000226817	0.145294
0.000230337	0.268063
0.000233857	0.47109
0.000237377	0.809953
0.000240897	1.32235
0.000244417	2.11433
0.000247937	3.22123
0.000251456	4.79075
0.000254976	6.82977
0.000258496	9.46477
0.000262016	12.653
0.000265536	16.3909
0.000269056	20.5985
0.000272576	25.0682
0.000276095	29.7413
0.000279615	34.2859
0.000283135	38.74
0.000286655	42.9265
0.000290175	47.01
0.000293695	51.3149
0.000297214	56.0729
0.000300734	62.248
0.000304254	70.0123
0.000307774	80.683
0.000311294	94.27
0.000314814	111.817
0.000318334	133.185
0.000321853	158.609
0.000325373	187.927
0.000328893	220.591
0.000332413	256.558
0.000335933	295.147
0.000339453	336.48
0.000342973	380.556
0.000346492	427.585
0.000350012	478.633
0.000353532	533.878
0.000357052	595.191
0.000360572	662.65
0.000364092	738.309
0.000367612	822.134
0.000371131	915.708
0.000374651	1018.89
0.000378171	1132.08
0.000381691	1255.04
0.000385211	1386.21
0.000388731	1525.31
0.000392251	1668.49
0.00039577	1815.64
0.00039929	1961.88
0.00040281	2107.35
0.00040633	2248.84
0.00040985	2386.63
0.00041337	2521.3
0.00041689	2653.02
0.000420409	2785.24
0.000423929	2917.92
0.000427449	3053.75
0.000430969	3192.6
0.000434489	3333.37
0.000438009	3476
0.000441529	3616.14
0.000445048	3753.84
0.000448568	3885.29
0.000452088	4010.51
0.000455608	4129.85
0.000459128	4243.28
0.000462648	4355.64
0.000466168	4466.87
0.000469687	4583.14
0.000473207	4704.49
0.000476727	4834.07
0.000480247	4972.09
0.000483767	5115.75
0.000487287	5265.37
0.000490807	5411.95
0.000494326	5555.74
0.000497846	5684
0.000501366	5796.68
0.000504886	5882.73
0.000508406	5943.13
0.000511926	5953.53
0.000515446	5936.96
0.000518965	5897.92
0.000522485	5809.27
0.000526005	5693.27
0.000529525	5551.69
0.000533045	5394.76
0.000536565	5222.86
0.000540085	5046.63
0.000543604	4866.94
0.000547124	4689.14
0.000550644	4514.04
0.000554164	4342.33
0.000557684	4174.25
0.000561204	4009.31
0.000564724	3847.31
0.000568243	3689.23
0.000571763	3534.97
0.000575283	3386.25
0.000578803	3243.44
0.000582323	3106.18
0.000585843	2975.02
0.000589362	2846.4
0.000592882	2720.32
0.000596402	2592.19
0.000599922	2461.28
0.000603442	2325.29
0.000606962	2183.26
0.000610482	2036.68
0.000614001	1885.03
0.000617521	1732.49
0.000621041	1579.26
0.000624561	1430.15
0.000628081	1285.9
0.000631601	1150.35
0.000635121	1024.44
0.00063864	910.292
0.00064216	808.782
0.00064568	719.993
0.0006492	644.513
0.00065272	580.501
0.00065624	528.072
0.00065976	484.087
0.000663279	448.092
0.000666799	416.744
0.000670319	389.124
0.000673839	362.872
0.000677359	336.946
0.000680879	310.65
0.000684399	283.266
0.000687918	255.561
0.000691438	227.416
0.000694958	200.162
0.000698478	174.196
0.000701998	150.457
0.000705518	129.491
0.000709038	111.415
0.000712557	96.5603
0.000716077	84.4003
0.000719597	74.9128
0.000723117	67.3717
0.000726637	61.5056
0.000730157	56.7199
0.000733677	52.6778
0.000737196	49.0256
0.000740716	45.4843
0.000744236	41.9255
0.000747756	38.1731
0.000751276	34.2794
0.000754796	30.1851
0.000758316	26.0528
0.000761835	21.9356
0.000765355	18.0005
0.000768875	14.3681
0.000772395	11.1179
0.000775915	8.35915
0.000779435	6.06482
0.000782955	4.27272
0.000786474	2.89777
0.000789994	1.90326
0.000793514	1.20611
0.000797034	0.705451
0.000800554	0.435818
