3.33898e-05	8.77408
3.52334e-05	11.4749
3.70771e-05	14.8796
3.89207e-05	18.9603
4.07644e-05	23.7983
4.2608e-05	29.4719
4.44517e-05	35.9778
4.62953e-05	43.3578
4.8139e-05	51.565
4.99827e-05	60.5848
5.18263e-05	70.3475
5.367e-05	80.7828
5.55136e-05	91.8325
5.73573e-05	103.399
5.92009e-05	115.469
6.10446e-05	127.967
6.28882e-05	140.938
6.47319e-05	154.381
6.65755e-05	168.378
6.84192e-05	183.023
7.02628e-05	198.399
7.21065e-05	214.659
7.39502e-05	231.842
7.57938e-05	250.092
7.76375e-05	269.38
7.94811e-05	289.756
8.13248e-05	311.141
8.31684e-05	333.451
8.50121e-05	356.607
8.68557e-05	380.429
8.86994e-05	404.899
9.0543e-05	429.856
9.23867e-05	455.392
9.42303e-05	481.517
9.6074e-05	508.445
9.79177e-05	536.491
9.97613e-05	565.961
0.000101605	597.541
0.000103449	631.58
0.000105292	669.104
0.000107136	710.454
0.00010898	756.897
0.000110823	808.715
0.000112667	867.27
0.000114511	932.753
0.000116354	1006.45
0.000118198	1088.43
0.000120042	1179.71
0.000121885	1280.23
0.000123729	1390.54
0.000125572	1510.46
0.000127416	1639.87
0.00012926	1778.51
0.000131103	1925.54
0.000132947	2080.66
0.000134791	2242.4
0.000136634	2410.54
0.000138478	2583.29
0.000140322	2760.57
0.000142165	2940.78
0.000144009	3124.01
0.000145853	3309.38
0.000147696	3497.09
0.00014954	3687.26
0.000151384	3880.09
0.000153227	4076.58
0.000155071	4276.81
0.000156915	4482.06
0.000158758	4692.23
0.000160602	4907.99
0.000162446	5129.1
0.000164289	5354.85
0.000166133	5584.91
0.000167977	5816.92
0.00016982	6050.55
0.000171664	6282.01
0.000173507	6511.11
0.000175351	6733.32
0.000177195	6948.61
0.000179038	7152.64
0.000180882	7345.47
0.000182726	7523.68
0.000184569	7687.37
0.000186413	7834.41
0.000188257	7964.89
0.0001901	8077.97
0.000191944	8173.75
0.000193788	8252.51
0.000195631	8314.31
0.000197475	8361.51
0.000199319	8393.51
0.000201162	8403.62
0.000203006	8407.24
0.00020485	8403.84
0.000206693	8382.04
0.000208537	8351.63
0.000210381	8312.31
0.000212224	8264.47
0.000214068	8208.07
0.000215912	8142.71
0.000217755	8068.39
0.000219599	7983.29
0.000221442	7887.44
0.000223286	7778.44
0.00022513	7656.29
0.000226973	7519.36
0.000228817	7367.58
0.000230661	7201.39
0.000232504	7020.68
0.000234348	6828.6
0.000236192	6625.03
0.000238035	6415.46
0.000239879	6199.82
0.000241723	5984.61
0.000243566	5769.89
0.00024541	5561.39
0.000247254	5359.32
0.000249097	5167.16
0.000250941	4985.22
0.000252785	4814.15
0.000254628	4654.22
0.000256472	4503.73
0.000258316	4362.78
0.000260159	4228.46
0.000262003	4100.72
0.000263847	3976.68
0.00026569	3856.18
0.000267534	3737.27
0.000269377	3619.75
0.000271221	3502.81
0.000273065	3386.29
0.000274908	3270.19
0.000276752	3154.44
0.000278596	3039.28
0.000280439	2924.74
0.000282283	2810.92
0.000284127	2697.86
0.00028597	2585.48
0.000287814	2473.79
0.000289658	2362.7
0.000291501	2252.16
0.000293345	2142.36
0.000295189	2033.22
0.000297032	1925.27
0.000298876	1818.5
0.00030072	1713.67
0.000302563	1610.85
0.000304407	1510.8
0.000306251	1413.66
0.000308094	1319.96
0.000309938	1229.83
0.000311782	1143.46
0.000313625	1060.94
0.000315469	982.164
0.000317312	907.16
0.000319156	835.71
0.000321	767.772
0.000322843	703.205
0.000324687	641.944
0.000326531	584.004
0.000328374	529.35
0.000330218	478.106
0.000332062	430.291
0.000333905	386.022
0.000335749	345.354
0.000337593	308.287
0.000339436	274.871
0.00034128	244.936
0.000343124	218.492
0.000344967	195.218
0.000346811	175.062
0.000348655	157.624
0.000350498	142.792
0.000352342	130.146
0.000354186	119.539
0.000356029	110.568
0.000357873	103.069
0.000359717	96.6789
0.00036156	91.2265
0.000363404	86.4062
0.000365247	82.0491
0.000367091	77.9308
0.000368935	73.8971
0.000370778	69.8279
0.000372622	65.6042
0.000374466	61.2151
0.000376309	56.598
0.000378153	51.8287
0.000379997	46.91
0.00038184	41.9597
0.000383684	37.0357
0.000385528	32.2489
0.000387371	27.6845
0.000389215	23.4122
0.000391059	19.5117
0.000392902	16.001
0.000394746	12.9289
0.00039659	10.2718
0.000398433	8.02287
0.000400277	6.18443
