0.000500379	9.93659e-55
0.000507084	1.70574e-52
0.000513789	6.79315e-52
0.000520493	9.74445e-50
0.000527198	3.90976e-49
0.000533903	4.68021e-47
0.000540607	1.89442e-46
0.000547312	1.89277e-44
0.000554017	7.7277e-44
0.000560721	6.44587e-42
0.000567426	2.65382e-41
0.000574131	1.84866e-39
0.000580835	7.67262e-39
0.00058754	4.4655e-37
0.000594244	1.86753e-36
0.000600949	9.08604e-35
0.000607654	3.82687e-34
0.000614358	1.55754e-32
0.000621063	6.60203e-32
0.000627768	2.24979e-30
0.000634472	9.58897e-30
0.000641177	2.73894e-28
0.000647882	1.17255e-27
0.000654586	2.81109e-26
0.000661291	1.20716e-25
0.000667995	2.43309e-24
0.0006747	1.04635e-23
0.000681405	1.77661e-22
0.000688109	7.63619e-22
0.000694814	1.09487e-20
0.000701519	4.69224e-20
0.000708223	5.69755e-19
0.000714928	2.42774e-18
0.000721633	2.50503e-17
0.000728337	1.0577e-16
0.000735042	9.3113e-16
0.000741746	3.8805e-15
0.000748451	2.92807e-14
0.000755156	1.19898e-13
0.00076186	7.79559e-13
0.000768565	3.12014e-12
0.00077527	1.75853e-11
0.000781974	6.83964e-11
0.000788679	3.36372e-10
0.000795384	1.26317e-09
0.000802088	5.46002e-09
0.000808793	1.96586e-08
0.000815497	7.52627e-08
0.000822202	2.57891e-07
0.000828907	8.81564e-07
0.000835611	2.85291e-06
0.000842316	8.7792e-06
0.000849021	2.66286e-05
0.000855725	7.43689e-05
0.00086243	0.000209872
0.000869135	0.000536121
0.000875839	0.00139826
0.000882544	0.00329086
0.000889249	0.00788751
0.000895953	0.0172143
0.000902658	0.0377576
0.000909362	0.0768446
0.000916067	0.153896
0.000922772	0.297706
0.000929476	0.542925
0.000936181	0.985286
0.000942886	1.65825
0.00094959	2.77334
0.000956295	4.36879
0.000963	6.78654
0.000969704	10.0594
0.000976409	14.633
0.000983113	20.5191
0.000989818	28.1649
0.000996523	37.5449
0.00100323	48.9081
0.00100993	62.1859
0.00101664	77.1538
0.00102334	93.7261
0.00103005	111.054
0.00103675	129.099
0.00104346	146.721
0.00105016	163.986
0.00105686	180.385
0.00106357	196.073
0.00107027	212.16
0.00107698	228.8
0.00108368	248.96
0.00109039	272.698
0.00109709	303.876
0.0011038	342.426
0.0011105	391.225
0.00111721	450.141
0.00112391	519.397
0.00113062	598.904
0.00113732	686.291
0.00114402	781.56
0.00115073	881.885
0.00115743	987.303
0.00116414	1096.7
0.00117084	1210.08
0.00117755	1327.63
0.00118425	1449.35
0.00119096	1574
0.00119766	1701.63
0.00120437	1828
0.00121107	1953.15
0.00121778	2072.06
0.00122448	2184.62
0.00123119	2289.34
0.00123789	2385.96
0.00124459	2478.37
0.0012513	2566.43
0.001258	2656.39
0.00126471	2748.49
0.00127141	2845.62
0.00127812	2948.33
0.00128482	3052.55
0.00129153	3158.72
0.00129823	3257.62
0.00130494	3349.12
0.00131164	3424.86
0.00131835	3484.11
0.00132505	3524.93
0.00133175	3547.08
0.00133846	3550.26
0.00134516	3540.61
0.00135187	3520.39
0.00135857	3489.44
0.00136528	3449.83
0.00137198	3402.09
0.00137869	3344.25
0.00138539	3276.28
0.0013921	3196.27
0.0013988	3103.74
0.00140551	2999.49
0.00141221	2883.12
0.00141891	2757.93
0.00142562	2623.91
0.00143232	2485.41
0.00143903	2342.72
0.00144573	2200.21
0.00145244	2058.34
0.00145914	1921.01
0.00146585	1788.82
0.00147255	1664.52
0.00147926	1548.82
0.00148596	1442.46
0.00149267	1346.09
0.00149937	1257.99
0.00150608	1178.43
0.00151278	1103.89
0.00151948	1033.97
0.00152619	965.264
0.00153289	896.775
0.0015396	827.311
0.0015463	755.904
0.00155301	684.249
0.00155971	612.139
0.00156642	542.595
0.00157312	476.345
0.00157983	415.263
0.00158653	360.352
0.00159324	311.251
0.00159994	268.377
0.00160664	230.172
0.00161335	196.274
0.00162005	165.612
0.00162676	137.601
0.00163346	112.232
0.00164017	89.2768
0.00164687	69.1133
0.00165358	51.8945
0.00166028	37.5979
0.00166699	26.39
0.00167369	17.7361
0.0016804	11.5553
0.0016871	7.17439
0.00169381	4.30952
0.00170051	2.47224
0.00170721	1.34988
0.00171392	0.725343
0.00172062	0.356362
0.00172733	0.18142
0.00173403	0.0822647
0.00174074	0.0383956
0.00174744	0.0161696
0.00175415	0.00686769
0.00176085	0.00270478
0.00176756	0.0010373
0.00177426	0.000384855
0.00178097	0.000132221
0.00178767	4.65534e-05
0.00179437	1.42166e-05
0.00180108	4.78428e-06
0.00180778	1.28895e-06
0.00181449	4.17431e-07
0.00182119	9.85165e-08
0.0018279	2.93889e-08
0.0018346	6.34636e-09
