0.000500379	2.6053e-72
0.000507922	1.48551e-69
0.000515465	5.93423e-69
0.000523008	2.79225e-66
0.00053055	1.12589e-65
0.000538093	4.36958e-63
0.000545636	1.77931e-62
0.000553179	5.69548e-60
0.000560721	2.34225e-59
0.000568264	6.18353e-57
0.000575807	2.56827e-56
0.00058335	5.59206e-54
0.000590892	2.34571e-53
0.000598435	4.21261e-51
0.000605978	1.78457e-50
0.000613521	2.64361e-48
0.000621063	1.13089e-47
0.000628606	1.38208e-45
0.000636149	5.96943e-45
0.000643692	6.01994e-43
0.000651234	2.62468e-42
0.000658777	2.1848e-40
0.00066632	9.61279e-40
0.000673862	6.6076e-38
0.000681405	2.93262e-37
0.000688948	1.6655e-35
0.000696491	7.45243e-35
0.000704033	3.49937e-33
0.000711576	1.57754e-32
0.000719119	6.13012e-31
0.000726662	2.78166e-30
0.000734204	8.95549e-29
0.000741747	4.0858e-28
0.00074929	1.0914e-26
0.000756833	4.99928e-26
0.000764375	1.10996e-24
0.000771918	5.0957e-24
0.000779461	9.42429e-23
0.000787004	4.3269e-22
0.000794546	6.68384e-21
0.000802089	3.06084e-20
0.000809632	3.96181e-19
0.000817175	1.80391e-18
0.000824717	1.964e-17
0.00083226	8.85765e-17
0.000839803	8.14883e-16
0.000847345	3.62396e-15
0.000854888	2.83212e-14
0.000862431	1.2355e-13
0.000869974	8.25216e-13
0.000877516	3.51024e-12
0.000885059	2.01769e-11
0.000892602	8.31231e-11
0.000900145	4.14332e-10
0.000907687	1.64082e-09
0.00091523	7.15158e-09
0.000922773	2.70043e-08
0.000930316	1.03827e-07
0.000937858	3.70624e-07
0.000945401	1.26849e-06
0.000952944	4.24306e-06
0.000960487	1.30452e-05
0.000968029	4.05329e-05
0.000975572	0.000112926
0.000983115	0.000323209
0.000990658	0.000822611
0.0009982	0.00215226
0.00100574	0.00503976
0.00101329	0.0119748
0.00102083	0.0259471
0.00102837	0.0556997
0.00103591	0.112326
0.00104346	0.217048
0.001051	0.418313
0.00105854	0.728011
0.00106608	1.25998
0.00107363	2.02055
0.00108117	3.15787
0.00108871	4.66347
0.00109626	6.61514
0.0011038	8.98979
0.00111134	11.661
0.00111888	14.614
0.00112643	17.5616
0.00113397	20.5293
0.00114151	23.4675
0.00114906	26.445
0.0011566	30.2262
0.00116414	34.881
0.00117168	42.1868
0.00117923	52.1629
0.00118677	67.0099
0.00119431	86.6892
0.00120185	112.746
0.0012094	145.127
0.00121694	184.032
0.00122448	229.434
0.00123203	280.442
0.00123957	337.059
0.00124711	398.099
0.00125465	463.57
0.0012622	532.499
0.00126974	604.892
0.00127728	679.968
0.00128482	757.733
0.00129237	837.449
0.00129991	919.121
0.00130745	1002.06
0.001315	1086.26
0.00132254	1171.3
0.00133008	1257.14
0.00133762	1343.93
0.00134517	1431.63
0.00135271	1520.87
0.00136025	1611.66
0.00136779	1704.49
0.00137534	1799.39
0.00138288	1896.33
0.00139042	1995.3
0.00139797	2096.39
0.00140551	2199.57
0.00141305	2305.58
0.00142059	2414.55
0.00142814	2526.28
0.00143568	2641.19
0.00144322	2755.36
0.00145076	2869.19
0.00145831	2974.81
0.00146585	3072.04
0.00147339	3153.01
0.00148094	3216.84
0.00148848	3260.46
0.00149602	3283.6
0.00150356	3287.01
0.00151111	3273.79
0.00151865	3249.06
0.00152619	3212.85
0.00153373	3170
0.00154128	3121.62
0.00154882	3067.31
0.00155636	3007.8
0.00156391	2939
0.00157145	2860.63
0.00157899	2769.06
0.00158653	2663.11
0.00159408	2543.85
0.00160162	2410.17
0.00160916	2268.74
0.0016167	2119.65
0.00162425	1971.82
0.00163179	1826.8
0.00163933	1690.74
0.00164688	1565.73
0.00165442	1452.58
0.00166196	1352.61
0.0016695	1262.48
0.00167705	1182.18
0.00168459	1107.21
0.00169213	1036.54
0.00169968	967.043
0.00170722	897.402
0.00171476	827.056
0.0017223	755.1
0.00172985	683.324
0.00173739	611.669
0.00174493	542.876
0.00175247	477.714
0.00176002	418.079
0.00176756	365.056
0.0017751	318.573
0.00178265	279.285
0.00179019	245.418
0.00179773	216.725
0.00180527	191.178
0.00181282	167.846
0.00182036	145.866
0.0018279	124.397
0.00183544	103.911
0.00184299	84.2507
0.00185053	66.2559
0.00185807	50.3309
0.00186562	36.7531
0.00187316	25.9186
0.0018807	17.4413
0.00188824	11.3406
0.00189579	7.01503
0.00190333	4.175
0.00191087	2.37926
0.00191841	1.27275
0.00192596	0.68057
0.0019335	0.327136
0.00194104	0.163913
0.00194859	0.0727368
0.00195613	0.0330976
0.00196367	0.0136606
0.00197121	0.00559797
0.00197876	0.0021661
0.0019863	0.000792573
0.00199384	0.000268561
0.00200138	9.38909e-05
