0.000500379	9.28091e-191
0.000509598	1.61374e-183
0.000518817	6.45495e-183
0.000528036	7.6059e-176
0.000537255	3.07348e-175
0.000546474	2.45378e-168
0.000555693	1.00186e-167
0.000564912	5.41861e-161
0.000574131	2.23571e-160
0.00058335	8.19037e-154
0.000592569	3.41554e-153
0.000601788	8.47385e-147
0.000611007	3.57223e-146
0.000620226	6.00093e-140
0.000629445	2.55773e-139
0.000638664	2.9088e-133
0.000647883	1.25373e-132
0.000657101	9.65082e-127
0.00066632	4.20715e-126
0.000675539	2.19163e-120
0.000684758	9.66509e-120
0.000693977	3.40662e-114
0.000703196	1.52005e-113
0.000712415	3.62432e-108
0.000721634	1.6366e-107
0.000730853	2.63923e-102
0.000740072	1.20632e-101
0.000749291	1.31544e-96
0.00075851	6.08714e-96
0.000767729	4.48753e-91
0.000776948	2.1028e-90
0.000786167	1.04781e-85
0.000795386	4.97296e-85
0.000804605	1.67453e-80
0.000813823	8.05127e-80
0.000823042	1.83164e-75
0.000832261	8.92372e-75
0.00084148	1.37126e-70
0.000850699	6.7711e-70
0.000859918	7.02641e-66
0.000869137	3.51726e-65
0.000878356	2.46421e-61
0.000887575	1.25078e-60
0.000896794	5.91502e-57
0.000906013	3.04501e-56
0.000915232	9.71789e-53
0.000924451	5.0749e-52
0.00093367	1.09278e-48
0.000942889	5.79026e-48
0.000952108	8.41108e-45
0.000961327	4.52274e-44
0.000970545	4.43149e-41
0.000979764	2.41845e-40
0.000988983	1.59831e-37
0.000998202	8.85337e-37
0.00100742	3.94676e-34
0.00101664	2.21879e-33
0.00102586	6.67375e-31
0.00103508	3.80686e-30
0.0010443	7.7299e-28
0.00105352	4.47162e-27
0.00106273	6.13541e-25
0.00107195	3.59602e-24
0.00108117	3.33938e-22
0.00109039	1.97995e-21
0.00109961	1.24758e-19
0.00110883	7.46429e-19
0.00111805	3.20389e-17
0.00112727	1.92692e-16
0.00113649	5.66763e-15
0.00114571	3.40675e-14
0.00115492	6.92671e-13
0.00116414	4.12588e-12
0.00117336	5.87227e-11
0.00118258	3.42406e-10
0.0011918	3.47147e-09
0.00120102	1.94828e-08
0.00121024	1.44008e-07
0.00121946	7.60699e-07
0.00122868	4.22068e-06
0.00123789	2.04079e-05
0.00124711	8.79456e-05
0.00125633	0.000376966
0.00126555	0.00130854
0.00127477	0.0048095
0.00128399	0.0139247
0.00129321	0.0425884
0.00130243	0.105865
0.00131165	0.263627
0.00132087	0.588327
0.00133008	1.18822
0.0013393	2.28816
0.00134852	3.88132
0.00135774	6.07876
0.00136696	8.85955
0.00137618	11.717
0.0013854	14.6458
0.00139462	16.7523
0.00140384	18.0475
0.00141305	18.0522
0.00142227	16.9764
0.00143149	15.5341
0.00144071	13.7102
0.00144993	13.4825
0.00145915	14.6657
0.00146837	17.4978
0.00147759	24.3722
0.00148681	34.4662
0.00149603	47.7499
0.00150524	64.0354
0.00151446	83.2986
0.00152368	105.743
0.0015329	131.302
0.00154212	161.435
0.00155134	196.195
0.00156056	236.223
0.00156978	281.679
0.001579	330.952
0.00158821	383.931
0.00159743	440.272
0.00160665	499.56
0.00161587	566.003
0.00162509	639.479
0.00163431	725.834
0.00164353	825.656
0.00165275	940.266
0.00166197	1070.59
0.00167118	1210.52
0.0016804	1360.18
0.00168962	1511.58
0.00169884	1663.64
0.00170806	1814.96
0.00171728	1964.97
0.0017265	2115.47
0.00173572	2267.68
0.00174494	2414.69
0.00175416	2556.91
0.00176337	2682.96
0.00177259	2790.13
0.00178181	2880.51
0.00179103	2952.32
0.00180025	3017.61
0.00180947	3079.21
0.00181869	3136.55
0.00182791	3193.97
0.00183713	3227.93
0.00184634	3242.46
0.00185556	3243.29
0.00186478	3200.81
0.001874	3132.11
0.00188322	3042.04
0.00189244	2942.95
0.00190166	2839.02
0.00191088	2733.56
0.0019201	2629.83
0.00192932	2521.01
0.00193853	2405.48
0.00194775	2282.22
0.00195697	2149.43
0.00196619	2012.37
0.00197541	1872.42
0.00198463	1731.11
0.00199385	1589.39
0.00200307	1447.05
0.00201229	1303.11
0.0020215	1162.1
0.00203072	1024.59
0.00203994	895.842
0.00204916	778.372
0.00205838	672.689
0.0020676	580.143
0.00207682	498.568
0.00208604	427.674
0.00209526	365.418
0.00210448	311.053
0.00211369	262.967
0.00212291	220.153
0.00213213	182.296
0.00214135	148.773
0.00215057	120.28
0.00215979	97.2437
0.00216901	79.1592
0.00217823	66.3684
0.00218745	56.9421
0.00219666	50.003
0.00220588	44.382
0.0022151	38.9292
0.00222432	33.9138
0.00223354	29.0983
0.00224276	24.8688
0.00225198	21.5334
0.0022612	18.8502
0.00227042	16.8503
0.00227964	15.1026
0.00228885	13.2473
0.00229807	11.291
0.00230729	9.0203
0.00231651	6.75886
0.00232573	4.76959
0.00233495	2.96246
