0.000500379	1.60834e-93
0.000507922	3.67135e-89
0.000515465	1.46849e-88
0.000523008	2.43036e-84
0.00053055	9.82027e-84
0.000538093	1.17815e-79
0.000545636	4.80986e-79
0.000553179	4.18239e-75
0.000560721	1.72544e-74
0.000568264	1.08728e-70
0.000575807	4.53339e-70
0.00058335	2.06989e-66
0.000590892	8.72377e-66
0.000598435	2.88569e-62
0.000605978	1.22954e-61
0.000613521	2.94609e-58
0.000621063	1.26922e-57
0.000628606	2.20265e-54
0.000636149	9.59594e-54
0.000643692	1.20602e-50
0.000651234	5.31369e-50
0.000658777	4.83593e-47
0.00066632	2.15507e-46
0.000673862	1.42018e-43
0.000681405	6.40153e-43
0.000688948	3.0547e-40
0.000696491	1.39272e-39
0.000704033	4.81269e-37
0.000711576	2.21925e-36
0.000719119	5.5546e-34
0.000726662	2.59005e-33
0.000734204	4.69714e-31
0.000741747	2.21398e-30
0.00074929	2.91093e-28
0.000756833	1.38615e-27
0.000764375	1.32247e-25
0.000771918	6.35652e-25
0.000779461	4.40645e-23
0.000787004	2.13507e-22
0.000794546	1.0775e-20
0.000802089	5.25295e-20
0.000809632	1.93524e-18
0.000817175	9.46694e-18
0.000824717	2.55594e-16
0.00083226	1.24985e-15
0.000839803	2.48619e-14
0.000847345	1.2089e-13
0.000854888	1.78467e-12
0.000862431	8.5677e-12
0.000869974	9.47833e-11
0.000877516	4.45e-10
0.000885059	3.73589e-09
0.000892602	1.69433e-08
0.000900145	1.09667e-07
0.000907687	4.73101e-07
0.00091523	2.40659e-06
0.000922773	9.69363e-06
0.000930316	3.96176e-05
0.000937858	0.000145876
0.000945401	0.000490624
0.000952944	0.0016145
0.000960487	0.00457821
0.000968029	0.0131699
0.000975572	0.0322046
0.000983115	0.0794569
0.000990658	0.171302
0.0009982	0.357527
0.00100574	0.714668
0.00101329	1.25607
0.00102083	2.11766
0.00102837	3.2878
0.00103591	4.81892
0.00104346	6.68918
0.001051	8.81463
0.00105854	11.1826
0.00106608	13.6626
0.00107363	16.2311
0.00108117	18.633
0.00108871	20.8352
0.00109626	22.3178
0.0011038	23.1118
0.00111134	22.9135
0.00111888	21.9656
0.00112643	21.6415
0.00113397	21.5413
0.00114151	22.373
0.00114906	27.3863
0.0011566	36.1626
0.00116414	48.732
0.00117168	64.9607
0.00117923	84.7701
0.00118677	106.38
0.00119431	129.836
0.00120185	154.203
0.0012094	179.569
0.00121694	207.453
0.00122448	237.879
0.00123203	273.789
0.00123957	315.151
0.00124711	363.828
0.00125465	419.803
0.0012622	482.332
0.00126974	551.442
0.00127728	624.02
0.00128482	700.104
0.00129237	775.794
0.00129991	851.063
0.00130745	923.811
0.001315	993.911
0.00132254	1062.72
0.00133008	1130.1
0.00133762	1199.84
0.00134517	1271.88
0.00135271	1350.96
0.00136025	1437.09
0.00136779	1535.09
0.00137534	1645.21
0.00138288	1769.26
0.00139042	1907.83
0.00139797	2056.02
0.00140551	2214.41
0.00141305	2372.02
0.00142059	2528.91
0.00142814	2672.5
0.00143568	2802
0.00144322	2909.68
0.00145076	2993.94
0.00145831	3058.71
0.00146585	3102.78
0.00147339	3139.72
0.00148094	3170.48
0.00148848	3203.95
0.00149602	3242.64
0.00150356	3280.84
0.00151111	3321.48
0.00151865	3338.49
0.00152619	3342.83
0.00153373	3340.69
0.00154128	3299.89
0.00154882	3234.47
0.00155636	3148.4
0.00156391	3046.22
0.00157145	2928.3
0.00157899	2802.57
0.00158653	2670.18
0.00159408	2536.55
0.00160162	2402.69
0.00160916	2272.18
0.0016167	2145.93
0.00162425	2025.58
0.00163179	1912.31
0.00163933	1803.42
0.00164688	1699.06
0.00165442	1595.13
0.00166196	1490.22
0.0016695	1384.48
0.00167705	1277.11
0.00168459	1170.89
0.00169213	1066.44
0.00169968	964.935
0.00170722	866.837
0.00171476	772.7
0.0017223	682.475
0.00172985	597.741
0.00173739	518.897
0.00174493	447.102
0.00175247	383.014
0.00176002	326.428
0.00176756	277.577
0.0017751	235.694
0.00178265	200.698
0.00179019	171.618
0.00179773	148.309
0.00180527	129.323
0.00181282	114.246
0.00182036	101.563
0.0018279	90.5193
0.00183544	80.3746
0.00184299	70.4894
0.00185053	60.9253
0.00185807	51.4704
0.00186562	42.4455
0.00187316	33.9226
0.0018807	26.1865
0.00188824	19.4217
0.00189579	13.724
0.00190333	9.26508
0.00191087	5.86763
0.00191841	3.53679
0.00192596	1.98229
0.0019335	1.02639
0.00194104	0.519918
0.00194859	0.230536
0.00195613	0.104251
0.00196367	0.0412915
0.00197121	0.0157557
0.00197876	0.0056695
0.0019863	0.00178079
0.00199384	0.000557451
0.00200138	0.000149672
