0.000500379	5.83637e-22
0.000506246	6.25582e-21
0.000512113	2.32723e-20
0.000517979	2.23837e-19
0.000523846	8.09548e-19
0.000529712	6.84623e-18
0.000535579	2.45689e-17
0.000541445	1.83174e-16
0.000547312	6.50599e-16
0.000553178	4.28906e-15
0.000559045	1.50342e-14
0.000564911	8.79331e-14
0.000570778	3.03216e-13
0.000576644	1.57928e-12
0.000582511	5.33832e-12
0.000588378	2.48607e-11
0.000594244	8.206e-11
0.000600111	3.43209e-10
0.000605977	1.10165e-09
0.000611844	4.1576e-09
0.00061771	1.29204e-08
0.000623577	4.42195e-08
0.000629443	1.32428e-07
0.00063531	4.13157e-07
0.000641176	1.18672e-06
0.000647043	3.39301e-06
0.000652909	9.30235e-06
0.000658776	2.45047e-05
0.000664643	6.38221e-05
0.000670509	0.000155712
0.000676376	0.000383509
0.000682242	0.00087098
0.000688109	0.00201996
0.000693975	0.0042904
0.000699842	0.00933363
0.000705708	0.0186198
0.000711575	0.0378722
0.000717441	0.0714155
0.000723308	0.135241
0.000729174	0.246662
0.000735041	0.429713
0.000740908	0.735457
0.000746774	1.19977
0.000752641	1.92408
0.000758507	2.94841
0.000764374	4.42852
0.00077024	6.38676
0.000776107	8.99049
0.000781973	12.2183
0.00078784	16.1466
0.000793706	20.7048
0.000799573	25.7647
0.000805439	31.2448
0.000811306	36.8067
0.000817173	42.4306
0.000823039	47.773
0.000828906	52.9325
0.000834772	57.9275
0.000840639	62.9555
0.000846505	68.6797
0.000852372	75.293
0.000858238	84.0096
0.000864105	94.8936
0.000869971	109.162
0.000875838	126.696
0.000881704	147.979
0.000887571	172.773
0.000893438	200.394
0.000899304	230.632
0.000905171	261.893
0.000911037	294.137
0.000916904	325.789
0.00092277	356.998
0.000928637	387.267
0.000934503	416.824
0.00094037	446.662
0.000946236	476.934
0.000952103	509.551
0.000957969	544.516
0.000963836	583.545
0.000969703	626.544
0.000975569	674.253
0.000981436	726.586
0.000987302	783.385
0.000993169	844.634
0.000999035	909.987
0.0010049	979.476
0.00101077	1053.2
0.00101663	1131.17
0.0010225	1213.95
0.00102837	1301.51
0.00103423	1394.25
0.0010401	1492.13
0.00104597	1594.78
0.00105183	1702.17
0.0010577	1812.97
0.00106357	1927.19
0.00106943	2042.94
0.0010753	2160.23
0.00108117	2277.03
0.00108703	2393.34
0.0010929	2507.1
0.00109877	2618.31
0.00110463	2724.77
0.0011105	2826.49
0.00111637	2921.26
0.00112223	3009.07
0.0011281	3088.27
0.00113397	3158.83
0.00113983	3220.21
0.0011457	3272.34
0.00115157	3315.82
0.00115743	3350.61
0.0011633	3377.87
0.00116916	3397.62
0.00117503	3410.85
0.0011809	3417.79
0.00118676	3418.42
0.00119263	3413.53
0.0011985	3403.21
0.00120436	3386.93
0.00121023	3364.72
0.0012161	3336.69
0.00122196	3301.85
0.00122783	3260.3
0.0012337	3210.26
0.00123956	3151.73
0.00124543	3082.74
0.0012513	3003.07
0.00125716	2912.17
0.00126303	2809.61
0.0012689	2697.79
0.00127476	2576.38
0.00128063	2450.55
0.0012865	2320.42
0.00129236	2191.75
0.00129823	2065.2
0.0013041	1944.38
0.00130996	1830.13
0.00131583	1722.72
0.00132169	1622.67
0.00132756	1527.88
0.00133343	1438.31
0.00133929	1351.59
0.00134516	1267.3
0.00135103	1184.42
0.00135689	1102.53
0.00136276	1022.21
0.00136863	943.321
0.00137449	867.227
0.00138036	794.095
0.00138623	725.074
0.00139209	660.473
0.00139796	600.736
0.00140383	546.118
0.00140969	496.384
0.00141556	451.642
0.00142143	411.217
0.00142729	375.068
0.00143316	342.326
0.00143903	312.828
0.00144489	285.744
0.00145076	260.832
0.00145663	237.519
0.00146249	215.558
0.00146836	194.749
0.00147422	174.928
0.00148009	156.196
0.00148596	138.518
0.00149182	122.089
0.00149769	106.973
0.00150356	93.2684
0.00150942	81.0607
0.00151529	70.28
0.00152116	60.9642
0.00152702	52.9024
0.00153289	46.0571
0.00153876	40.1584
0.00154462	35.1001
0.00155049	30.6544
0.00155636	26.6851
0.00156222	23.0795
0.00156809	19.7289
0.00157396	16.6351
0.00157982	13.7563
0.00158569	11.1412
0.00159156	8.8059
0.00159742	6.7735
0.00160329	5.07385
0.00160916	3.68006
0.00161502	2.59698
0.00162089	1.76951
0.00162675	1.17069
0.00163262	0.748788
0.00163849	0.462121
0.00164435	0.277979
0.00165022	0.159053
0.00165609	0.0903847
0.00166195	0.0425862
0.00166782	0.0257219
