0.000500379	4.54918e-46
0.000507084	3.51496e-44
0.000513789	1.39234e-43
0.000520493	9.16296e-42
0.000527198	3.64554e-41
0.000533903	2.03755e-39
0.000540607	8.16572e-39
0.000547312	3.8779e-37
0.000554017	1.56477e-36
0.000560721	6.31768e-35
0.000567426	2.56534e-34
0.000574131	8.81172e-33
0.000580835	3.5982e-32
0.00058754	1.05241e-30
0.000594244	4.31807e-30
0.000600949	1.07654e-28
0.000607654	4.43376e-28
0.000614358	9.43409e-27
0.000621063	3.89539e-26
0.000627768	7.08473e-25
0.000634472	2.92852e-24
0.000641177	4.56085e-23
0.000647882	1.88402e-22
0.000654586	2.51787e-21
0.000661291	1.03727e-20
0.000667995	1.19254e-19
0.0006747	4.88765e-19
0.000681405	4.84812e-18
0.000688109	1.97127e-17
0.000694814	1.69266e-16
0.000701519	6.80565e-16
0.000708223	5.07819e-15
0.000714928	2.01152e-14
0.000721633	1.30997e-13
0.000728337	5.09054e-13
0.000735042	2.90744e-12
0.000741746	1.10321e-11
0.000748451	5.55572e-11
0.000755156	2.04779e-10
0.00076186	9.14599e-10
0.000768565	3.25642e-09
0.00077527	1.29793e-08
0.000781974	4.43742e-08
0.000788679	1.58873e-07
0.000795384	5.18306e-07
0.000802088	1.67815e-06
0.000808793	5.19111e-06
0.000815497	1.53027e-05
0.000822202	4.45999e-05
0.000828907	0.000120498
0.000835611	0.000328869
0.000842316	0.000819482
0.000849021	0.0020825
0.000855725	0.00481377
0.00086243	0.0113325
0.000869135	0.0244242
0.000875839	0.0530409
0.000882544	0.107038
0.000889249	0.213737
0.000895953	0.411188
0.000902658	0.750572
0.000909362	1.36002
0.000916067	2.28993
0.000922772	3.82241
0.000929476	6.00376
0.000936181	9.25089
0.000942886	13.5708
0.00094959	19.3527
0.000956295	26.5314
0.000963	35.1403
0.000969704	45.0562
0.000976409	55.6741
0.000983113	66.8905
0.000989818	77.5805
0.000996523	87.751
0.00100323	96.43
0.00100993	103.756
0.00101664	109.786
0.00102334	114.709
0.00103005	119.999
0.00103675	125.779
0.00104346	134.422
0.00105016	145.924
0.00105686	162.436
0.00106357	183.873
0.00107027	211.32
0.00107698	244.701
0.00108368	284.105
0.00109039	329.506
0.00109709	380.664
0.0011038	437.572
0.0011105	499.926
0.00111721	567.696
0.00112391	639.941
0.00113062	716.626
0.00113732	795.639
0.00114402	876.987
0.00115073	958.189
0.00115743	1039.28
0.00116414	1119.45
0.00117084	1198.69
0.00117755	1279.17
0.00118425	1360.85
0.00119096	1447.62
0.00119766	1539.48
0.00120437	1638.56
0.00121107	1745
0.00121778	1856.6
0.00122448	1973.5
0.00123119	2090.11
0.00123789	2206.45
0.00124459	2317.39
0.0012513	2422.74
0.001258	2520.97
0.00126471	2611.87
0.00127141	2696.76
0.00127812	2775.67
0.00128482	2849.21
0.00129153	2917.62
0.00129823	2978.4
0.00130494	3031.69
0.00131164	3074.12
0.00131835	3106.69
0.00132505	3116.21
0.00133175	3117.99
0.00133846	3116.16
0.00134516	3096.53
0.00135187	3073.13
0.00135857	3047.65
0.00136528	3024.92
0.00137198	3005.85
0.00137869	2991.09
0.00138539	2981.54
0.0013921	2972.19
0.0013988	2963.29
0.00140551	2947.25
0.00141221	2923.51
0.00141891	2885.82
0.00142562	2833.11
0.00143232	2763.08
0.00143903	2674.68
0.00144573	2570.23
0.00145244	2449.14
0.00145914	2317.33
0.00146585	2174.95
0.00147255	2029.26
0.00147926	1881.14
0.00148596	1736.79
0.00149267	1597.46
0.00149937	1466.81
0.00150608	1345.99
0.00151278	1235.84
0.00151948	1137.11
0.00152619	1048.44
0.00153289	970.018
0.0015396	899.285
0.0015463	835.917
0.00155301	777.345
0.00155971	722.91
0.00156642	670.966
0.00157312	620.858
0.00157983	572.072
0.00158653	524.23
0.00159324	477.498
0.00159994	431.791
0.00160664	387.442
0.00161335	344.494
0.00162005	303.311
0.00162676	263.955
0.00163346	226.905
0.00164017	192.279
0.00164687	160.602
0.00165358	132.094
0.00166028	107.059
0.00166699	85.7492
0.00167369	68.0243
0.0016804	54.0228
0.0016871	43.1652
0.00169381	35.3659
0.00170051	29.8171
0.00170721	26.2059
0.00171392	23.7923
0.00172062	22.141
0.00172733	20.8174
0.00173403	19.4326
0.00174074	17.9161
0.00174744	16.0649
0.00175415	14.0374
0.00176085	11.8396
0.00176756	9.65191
0.00177426	7.59259
0.00178097	5.73796
0.00178767	4.1936
0.00179437	2.93253
0.00180108	1.98515
0.00180778	1.28577
0.00181449	0.80283
0.00182119	0.483336
0.0018279	0.259967
0.0018346	0.155779
