0.000500379	19.05
0.000507084	20.7476
0.000513789	22.5294
0.000520493	24.422
0.000527198	26.3472
0.000533903	28.2463
0.000540607	30.0741
0.000547312	31.768
0.000554017	33.2998
0.000560721	34.6141
0.000567426	35.7062
0.000574131	36.5403
0.000580835	37.1392
0.00058754	37.5266
0.000594244	37.6787
0.000600949	37.6629
0.000607654	37.6322
0.000614358	37.6059
0.000621063	37.5886
0.000627768	37.7188
0.000634472	38.1599
0.000641177	38.8934
0.000647882	39.9622
0.000654586	41.4381
0.000661291	43.2913
0.000667995	45.5243
0.0006747	48.0907
0.000681405	50.9247
0.000688109	53.9919
0.000694814	57.1951
0.000701519	60.5378
0.000708223	63.9553
0.000714928	67.5005
0.000721633	71.206
0.000728337	75.1645
0.000735042	79.5415
0.000741746	84.4412
0.000748451	90.1457
0.000755156	96.7356
0.00076186	104.539
0.000768565	113.586
0.00077527	124.147
0.000781974	136.193
0.000788679	149.838
0.000795384	165.003
0.000802088	181.594
0.000808793	199.506
0.000815497	218.44
0.000822202	238.303
0.000828907	258.66
0.000835611	279.45
0.000842316	300.218
0.000849021	320.947
0.000855725	341.276
0.00086243	361.237
0.000869135	380.659
0.000875839	399.608
0.000882544	418.164
0.000889249	436.412
0.000895953	454.691
0.000902658	473.089
0.000909362	492.166
0.000916067	511.996
0.000922772	533.277
0.000929476	556.049
0.000936181	581.012
0.000942886	608.16
0.00094959	638.02
0.000956295	670.536
0.000963	705.872
0.000969704	743.932
0.000976409	784.375
0.000983113	827.093
0.000989818	871.209
0.000996523	916.635
0.00100323	962.101
0.00100993	1007.57
0.00101664	1051.66
0.00102334	1094.41
0.00103005	1134.74
0.00103675	1172.72
0.00104346	1207.89
0.00105016	1240.36
0.00105686	1270.47
0.00106357	1298.28
0.00107027	1324.85
0.00107698	1350.2
0.00108368	1375.72
0.00109039	1401.4
0.00109709	1428.52
0.0011038	1457.07
0.0011105	1487.81
0.00111721	1520.73
0.00112391	1555.94
0.00113062	1593.42
0.00113732	1632.72
0.00114402	1673.83
0.00115073	1716.01
0.00115743	1759.27
0.00116414	1802.9
0.00117084	1846.92
0.00117755	1890.85
0.00118425	1934.7
0.00119096	1978.21
0.00119766	2021.37
0.00120437	2063.88
0.00121107	2105.74
0.00121778	2146.31
0.00122448	2185.61
0.00123119	2222.45
0.00123789	2256.86
0.00124459	2287.21
0.0012513	2313.51
0.001258	2334.51
0.00126471	2350.65
0.00127141	2353.86
0.00127812	2353.32
0.00128482	2350.43
0.00129153	2333.56
0.00129823	2308.93
0.00130494	2277.3
0.00131164	2238.72
0.00131835	2193.14
0.00132505	2142.02
0.00133175	2085.35
0.00133846	2024.72
0.00134516	1960.18
0.00135187	1893.2
0.00135857	1823.86
0.00136528	1753.43
0.00137198	1681.98
0.00137869	1610.57
0.00138539	1539.27
0.0013921	1468.93
0.0013988	1399.63
0.00140551	1332.02
0.00141221	1266.17
0.00141891	1202.49
0.00142562	1141.06
0.00143232	1082.02
0.00143903	1025.44
0.00144573	971.196
0.00145244	919.33
0.00145914	869.535
0.00146585	821.808
0.00147255	775.762
0.00147926	731.355
0.00148596	688.235
0.00149267	646.337
0.00149937	605.435
0.00150608	565.459
0.00151278	526.354
0.00151948	488.069
0.00152619	450.71
0.00153289	414.259
0.0015396	378.928
0.0015463	344.739
0.00155301	311.938
0.00155971	280.574
0.00156642	250.859
0.00157312	222.856
0.00157983	196.695
0.00158653	172.432
0.00159324	150.098
0.00159994	129.732
0.00160664	111.271
0.00161335	94.7278
0.00162005	79.9705
0.00162676	66.9831
0.00163346	55.5913
0.00164017	45.7546
0.00164687	37.2803
0.00165358	30.1093
0.00166028	24.0504
0.00166699	19.0329
0.00167369	14.8823
0.0016804	11.5233
0.0016871	8.80804
0.00169381	6.663
0.00170051	4.9723
0.00170721	3.66956
0.00171392	2.67058
0.00172062	1.92008
0.00172733	1.36154
0.00173403	0.952351
0.00174074	0.657577
0.00174744	0.446844
0.00175415	0.300317
0.00176085	0.197968
0.00176756	0.129496
0.00177426	0.0826791
0.00178097	0.0526494
0.00178767	0.0325021
0.00179437	0.02016
0.00180108	0.0120104
0.00180778	0.00726316
0.00181449	0.00416677
0.00182119	0.00246
0.0018279	0.00122751
0.0018346	0.000782771
