0.000500379	4.21818e-43
0.000507084	2.31249e-41
0.000513789	9.12341e-41
0.000520493	4.30267e-39
0.000527198	1.70125e-38
0.000533903	6.87394e-37
0.000540607	2.735e-36
0.000547312	9.47352e-35
0.000554017	3.79078e-34
0.000560721	1.12646e-32
0.000567426	4.52986e-32
0.000574131	1.1558e-30
0.000580835	4.66689e-30
0.00058754	1.02353e-28
0.000594244	4.14537e-28
0.000600949	7.82454e-27
0.000607654	3.17465e-26
0.000614358	5.16496e-25
0.000621063	2.0962e-24
0.000627768	2.94475e-23
0.000634472	1.19338e-22
0.000641177	1.45059e-21
0.000647882	5.85802e-21
0.000654586	6.17608e-20
0.000661291	2.47945e-19
0.000667995	2.27368e-18
0.0006747	9.04924e-18
0.000681405	7.24081e-17
0.000688109	2.848e-16
0.000694814	1.9957e-15
0.000701519	7.72969e-15
0.000708223	4.76289e-14
0.000714928	1.80931e-13
0.000721633	9.84795e-13
0.000728337	3.65283e-12
0.000735042	1.76503e-11
0.000741746	6.36157e-11
0.000748451	2.74359e-10
0.000755156	9.55836e-10
0.00076186	3.70055e-09
0.000768565	1.23928e-08
0.00077527	4.33311e-08
0.000781974	1.38688e-07
0.000788679	4.40663e-07
0.000795384	1.34008e-06
0.000802088	3.89362e-06
0.000808793	1.11853e-05
0.000815497	2.99019e-05
0.000822202	8.06957e-05
0.000828907	0.000199666
0.000835611	0.000503618
0.000842316	0.00115976
0.000849021	0.00272204
0.000855725	0.00586359
0.00086243	0.0127618
0.000869135	0.0258295
0.000875839	0.0520123
0.000882544	0.0998848
0.000889249	0.185611
0.000895953	0.341648
0.000902658	0.586999
0.000909362	1.00575
0.000916067	1.62502
0.000922772	2.60295
0.000929476	3.97193
0.000936181	5.97878
0.000942886	8.65346
0.00094959	12.3166
0.000956295	16.9869
0.000963	23.0084
0.000969704	30.3813
0.000976409	39.3905
0.000983113	50.0152
0.000989818	62.3799
0.000996523	76.4496
0.00100323	92.1147
0.00100993	109.347
0.00101664	127.85
0.00102334	147.625
0.00103005	168.413
0.00103675	190.255
0.00104346	213.233
0.00105016	237.404
0.00105686	263.364
0.00106357	291.155
0.00107027	321.77
0.00107698	355.212
0.00108368	392.505
0.00109039	433.615
0.00109709	479.13
0.0011038	529.002
0.0011105	583.032
0.00111721	641.188
0.00112391	702.528
0.00113062	767.051
0.00113732	833.666
0.00114402	902.398
0.00115073	972.894
0.00115743	1045.17
0.00116414	1120.14
0.00117084	1197.8
0.00117755	1279.92
0.00118425	1366.5
0.00119096	1459.03
0.00119766	1557.53
0.00120437	1661.99
0.00121107	1772.47
0.00121778	1886.89
0.00122448	2005.34
0.00123119	2124.04
0.00123789	2243.03
0.00124459	2357.89
0.0012513	2468.59
0.001258	2571.24
0.00126471	2665.72
0.00127141	2749.54
0.00127812	2822.52
0.00128482	2884.29
0.00129153	2934.61
0.00129823	2975.89
0.00130494	3007.93
0.00131164	3035.61
0.00131835	3059
0.00132505	3082.76
0.00133175	3107.46
0.00133846	3133.43
0.00134516	3161.46
0.00135187	3185.97
0.00135857	3207.9
0.00136528	3213.05
0.00137198	3206.16
0.00137869	3189.35
0.00138539	3145.18
0.0013921	3082.29
0.0013988	3002.03
0.00140551	2910.48
0.00141221	2807.85
0.00141891	2702.33
0.00142562	2595.05
0.00143232	2490.18
0.00143903	2388.93
0.00144573	2290.83
0.00145244	2196.42
0.00145914	2102.98
0.00146585	2010.28
0.00147255	1916.07
0.00147926	1819.76
0.00148596	1720.88
0.00149267	1618.97
0.00149937	1515.3
0.00150608	1409.72
0.00151278	1304.53
0.00151948	1199.97
0.00152619	1098.37
0.00153289	1000.27
0.0015396	907.238
0.0015463	819.856
0.00155301	738.533
0.00155971	663.654
0.00156642	594.658
0.00157312	531.602
0.00157983	473.594
0.00158653	420.432
0.00159324	371.456
0.00159994	326.404
0.00160664	285.001
0.00161335	247.079
0.00162005	212.591
0.00162676	181.479
0.00163346	153.751
0.00164017	129.41
0.00164687	108.416
0.00165358	90.8
0.00166028	76.3631
0.00166699	65.1332
0.00167369	56.6292
0.0016804	50.7907
0.0016871	46.8637
0.00169381	44.6087
0.00170051	43.2241
0.00170721	42.3027
0.00171392	41.3144
0.00172062	39.8351
0.00172733	37.7791
0.00173403	34.8982
0.00174074	31.4568
0.00174744	27.469
0.00175415	23.2885
0.00176085	19.114
0.00176756	15.1673
0.00177426	11.668
0.00178097	8.64688
0.00178767	6.22175
0.00179437	4.30384
0.00180108	2.88886
0.00180778	1.86713
0.00181449	1.16454
0.00182119	0.705166
0.0018279	0.381981
0.0018346	0.23164
