0.000100103	0.0672615
0.000103622	0.0935188
0.000107142	0.131353
0.000110662	0.17947
0.000114182	0.241649
0.000117702	0.320631
0.000121222	0.418864
0.000124742	0.539611
0.000128261	0.684274
0.000131781	0.855899
0.000135301	1.05404
0.000138821	1.28033
0.000142341	1.53203
0.000145861	1.80802
0.000149381	2.10355
0.0001529	2.41386
0.00015642	2.73331
0.00015994	3.05376
0.00016346	3.37045
0.00016698	3.67365
0.0001705	3.96134
0.00017402	4.22533
0.000177539	4.46752
0.000181059	4.68485
0.000184579	4.88313
0.000188099	5.06721
0.000191619	5.2457
0.000195139	5.43208
0.000198659	5.636
0.000202178	5.87808
0.000205698	6.16715
0.000209218	6.5277
0.000212738	6.96642
0.000216258	7.50775
0.000219778	8.15555
0.000223298	8.93053
0.000226817	9.83361
0.000230337	10.8789
0.000233857	12.0644
0.000237377	13.3956
0.000240897	14.8681
0.000244417	16.4772
0.000247937	18.2167
0.000251456	20.0715
0.000254976	22.0346
0.000258496	24.0817
0.000262016	26.2066
0.000265536	28.3792
0.000269056	30.5951
0.000272576	32.8236
0.000276095	35.0629
0.000279615	37.2873
0.000283135	39.4966
0.000286655	41.6738
0.000290175	43.8197
0.000293695	45.9254
0.000297214	47.9916
0.000300734	50.0147
0.000304254	51.9947
0.000307774	53.9295
0.000311294	55.819
0.000314814	57.6616
0.000318334	59.4588
0.000321853	61.2132
0.000325373	62.9288
0.000328893	64.6213
0.000332413	66.2972
0.000335933	67.9945
0.000339453	69.7212
0.000342973	71.5427
0.000346492	73.4669
0.000350012	75.5846
0.000353532	77.9017
0.000357052	80.5247
0.000360572	83.4567
0.000364092	86.8042
0.000367612	90.5671
0.000371131	94.8349
0.000374651	99.6046
0.000378171	104.932
0.000381691	110.813
0.000385211	117.256
0.000388731	124.255
0.000392251	131.766
0.00039577	139.783
0.00039929	148.203
0.00040281	157.024
0.00040633	166.093
0.00040985	175.407
0.00041337	184.779
0.00041689	194.209
0.000420409	203.491
0.000423929	212.627
0.000427449	221.417
0.000430969	229.864
0.000434489	237.796
0.000438009	245.216
0.000441529	251.999
0.000445048	258.147
0.000448568	263.596
0.000452088	268.348
0.000455608	272.41
0.000459128	275.781
0.000462648	278.541
0.000466168	280.687
0.000469687	282.362
0.000473207	283.563
0.000476727	284.471
0.000480247	285.087
0.000483767	285.594
0.000487287	285.996
0.000490807	286.443
0.000494326	286.937
0.000497846	287.557
0.000501366	288.308
0.000504886	289.171
0.000508406	290.155
0.000511926	291.141
0.000515446	292.137
0.000518965	292.959
0.000522485	293.623
0.000526005	293.749
0.000529525	293.493
0.000533045	292.888
0.000536565	291.386
0.000540085	289.074
0.000543604	285.992
0.000547124	282.015
0.000550644	277.128
0.000554164	271.363
0.000557684	264.704
0.000561204	257.29
0.000564724	249.112
0.000568243	240.39
0.000571763	231.126
0.000575283	221.586
0.000578803	211.783
0.000582323	201.979
0.000585843	192.197
0.000589362	182.654
0.000592882	173.379
0.000596402	164.513
0.000599922	156.084
0.000603442	148.149
0.000606962	140.732
0.000610482	133.815
0.000614001	127.411
0.000617521	121.454
0.000621041	115.944
0.000624561	110.79
0.000628081	105.982
0.000631601	101.425
0.000635121	97.1025
0.00063864	92.9296
0.00064216	88.8881
0.00064568	84.9104
0.0006492	80.9786
0.00065272	77.0495
0.00065624	73.1072
0.00065976	69.1355
0.000663279	65.1224
0.000666799	61.0788
0.000670319	56.9988
0.000673839	52.9162
0.000677359	48.8326
0.000680879	44.797
0.000684399	40.8188
0.000687918	36.952
0.000691438	33.212
0.000694958	29.6472
0.000698478	26.2763
0.000701998	23.1339
0.000705518	20.2379
0.000709038	17.6045
0.000712557	15.2474
0.000716077	13.1634
0.000719597	11.3596
0.000723117	9.81585
0.000726637	8.53104
0.000730157	7.47324
0.000733677	6.63311
0.000737196	5.97266
0.000740716	5.47585
0.000744236	5.10468
0.000747756	4.83877
0.000751276	4.64548
0.000754796	4.50318
0.000758316	4.38837
0.000761835	4.28147
0.000765355	4.16966
0.000768875	4.03825
0.000772395	3.88435
0.000775915	3.69985
0.000779435	3.48909
0.000782955	3.25071
0.000786474	2.99272
0.000789994	2.71911
0.000793514	2.43815
0.000797034	2.16001
0.000800554	1.88121
