0.000500379	1.68475e-22
0.000506246	1.56837e-21
0.000512113	5.76804e-21
0.000517979	4.90742e-20
0.000523846	1.74795e-19
0.000529712	1.3271e-18
0.000535579	4.68871e-18
0.000541445	3.18423e-17
0.000547312	1.11334e-16
0.000553178	6.78095e-16
0.000559045	2.34037e-15
0.000564911	1.28206e-14
0.000570778	4.35566e-14
0.000576644	2.15283e-13
0.000582511	7.17759e-13
0.000588378	3.21181e-12
0.000594244	1.04739e-11
0.000600111	4.25882e-11
0.000605977	1.35363e-10
0.000611844	5.02094e-10
0.00061771	1.54961e-09
0.000623577	5.26491e-09
0.000629443	1.57167e-08
0.00063531	4.91195e-08
0.000641176	1.41259e-07
0.000647043	4.07861e-07
0.000652909	1.12538e-06
0.000658776	3.01505e-06
0.000664643	7.94965e-06
0.000670509	1.98479e-05
0.000676376	4.98112e-05
0.000682242	0.000116381
0.000688109	0.000276969
0.000693975	0.000608
0.000699842	0.00136738
0.000705708	0.00283061
0.000711575	0.0059976
0.000717441	0.0117472
0.000723308	0.0233904
0.000729174	0.043689
0.000735041	0.0813694
0.000740908	0.147019
0.000746774	0.254476
0.000752641	0.434171
0.000758507	0.708609
0.000764374	1.14087
0.00077024	1.76134
0.000776107	2.67743
0.000781973	3.92063
0.00078784	5.63833
0.000793706	7.85326
0.000799573	10.7237
0.000805439	14.2595
0.000811306	18.5909
0.000817173	23.7255
0.000823039	29.7607
0.000828906	36.7226
0.000834772	44.7414
0.000840639	53.8724
0.000846505	64.3833
0.000852372	76.3357
0.000858238	90.1603
0.000864105	105.874
0.000869971	123.902
0.000875838	144.175
0.000881704	166.776
0.000887571	191.565
0.000893438	218.004
0.000899304	245.956
0.000905171	274.316
0.000911037	303.041
0.000916904	330.963
0.00092277	358.184
0.000928637	384.243
0.000934503	409.361
0.00094037	434.451
0.000946236	459.768
0.000952103	487.778
0.000957969	518.665
0.000963836	555.963
0.000969703	599.706
0.000975569	653.404
0.000981436	716.929
0.000987302	792.392
0.000993169	879.56
0.000999035	978.012
0.0010049	1087.51
0.00101077	1204.84
0.00101663	1329.85
0.0010225	1457.49
0.00102837	1587.77
0.00103423	1715.67
0.0010401	1841.3
0.00104597	1961.5
0.00105183	2076.35
0.0010577	2184.98
0.00106357	2287.42
0.00106943	2384
0.0010753	2474.72
0.00108117	2559.68
0.00108703	2638.87
0.0010929	2711.71
0.00109877	2778.19
0.00110463	2838
0.0011105	2891.11
0.00111637	2938.64
0.00112223	2980.53
0.0011281	3019.46
0.00113397	3055.4
0.00113983	3091.23
0.0011457	3127.03
0.00115157	3164.12
0.00115743	3202.64
0.0011633	3241.3
0.00116916	3280.28
0.00117503	3315.89
0.0011809	3348.22
0.00118676	3372.46
0.00119263	3388.65
0.0011985	3390.89
0.00120436	3380.15
0.00121023	3356.68
0.0012161	3313.92
0.00122196	3254.42
0.00122783	3178.41
0.0012337	3087.85
0.00123956	2982.5
0.00124543	2867.32
0.0012513	2742.27
0.00125716	2613.51
0.00126303	2481.31
0.0012689	2351.3
0.00127476	2223.99
0.00128063	2103.18
0.0012865	1989.43
0.00129236	1884.19
0.00129823	1787.92
0.0013041	1700.19
0.00130996	1621.24
0.00131583	1549.51
0.00132169	1485.07
0.00132756	1425.64
0.00133343	1371.15
0.00133929	1318.81
0.00134516	1268.37
0.00135103	1216.99
0.00135689	1164.21
0.00136276	1108.14
0.00136863	1048.17
0.00137449	984.341
0.00138036	916.172
0.00138623	845.732
0.00139209	772.979
0.00139796	700.996
0.00140383	630.277
0.00140969	563.435
0.00141556	501.259
0.00142143	444.839
0.00142729	394.847
0.00143316	350.752
0.00143903	312.796
0.00144489	279.549
0.00145076	250.787
0.00145663	225.143
0.00146249	202.151
0.00146836	181.091
0.00147422	161.561
0.00148009	143.479
0.00148596	126.68
0.00149182	111.336
0.00149769	97.4824
0.00150356	85.166
0.00150942	74.4723
0.00151529	65.1968
0.00152116	57.3395
0.00152702	50.5586
0.00153289	44.74
0.00153876	39.5899
0.00154462	34.9437
0.00155049	30.6648
0.00155636	26.6247
0.00156222	22.8326
0.00156809	19.2418
0.00157396	15.9208
0.00157982	12.891
0.00158569	10.1961
0.00159156	7.87713
0.00159742	5.92014
0.00160329	4.34309
0.00160916	3.09084
0.00161502	2.14517
0.00162089	1.44351
0.00162675	0.944499
0.00163262	0.601131
0.00163849	0.369329
0.00164435	0.222772
0.00165022	0.127876
0.00165609	0.073381
0.00166195	0.0351586
0.00166782	0.021472
