0.000500379	5.48721e-119
0.00050876	6.55027e-115
0.000517141	2.61994e-114
0.000525522	2.4958e-110
0.000533903	1.00842e-109
0.000542284	7.66471e-106
0.000550665	3.129e-105
0.000559045	1.89726e-101
0.000567426	7.82668e-101
0.000575807	3.7853e-97
0.000584188	1.57819e-96
0.000592569	6.08718e-93
0.00060095	2.56539e-92
0.00060933	7.88995e-89
0.000617711	3.36168e-88
0.000626092	8.2428e-85
0.000634473	3.55115e-84
0.000642854	6.94093e-81
0.000651235	3.02407e-80
0.000659615	4.7109e-77
0.000667996	2.07598e-76
0.000676377	2.57712e-73
0.000684758	1.14885e-72
0.000693139	1.13636e-69
0.00070152	5.12525e-69
0.0007099	4.03875e-66
0.000718281	1.84321e-65
0.000726662	1.15701e-62
0.000735043	5.34373e-62
0.000743424	2.67176e-59
0.000751805	1.24889e-58
0.000760186	4.97319e-56
0.000768566	2.35296e-55
0.000776947	7.46222e-53
0.000785328	3.57367e-52
0.000793709	9.02642e-50
0.00080209	4.37549e-49
0.000810471	8.80248e-47
0.000818851	4.3187e-46
0.000827232	6.92104e-44
0.000835613	3.43632e-43
0.000843994	4.38792e-41
0.000852375	2.2042e-40
0.000860756	2.2435e-38
0.000869136	1.1398e-37
0.000877517	9.25229e-36
0.000885898	4.75152e-35
0.000894279	3.07837e-33
0.00090266	1.59686e-32
0.000911041	8.26536e-31
0.000919421	4.32651e-30
0.000927802	1.79153e-28
0.000936183	9.45057e-28
0.000944564	3.13617e-26
0.000952945	1.66433e-25
0.000961326	4.43631e-24
0.000969707	2.36319e-23
0.000978087	5.07438e-22
0.000986468	2.70559e-21
0.000994849	4.69714e-20
0.00100323	2.49779e-19
0.00101161	3.52204e-18
0.00101999	1.85962e-17
0.00102837	2.14169e-16
0.00103675	1.11665e-15
0.00104513	1.0575e-14
0.00105351	5.40891e-14
0.0010619	4.24609e-13
0.00107028	2.11394e-12
0.00107866	1.38847e-11
0.00108704	6.66792e-11
0.00109542	3.70333e-10
0.0011038	1.69813e-09
0.00111218	8.06852e-09
0.00112056	3.49344e-08
0.00112894	1.43782e-07
0.00113732	5.80944e-07
0.0011457	2.09785e-06
0.00115409	7.81641e-06
0.00116247	2.50802e-05
0.00117085	8.51921e-05
0.00117923	0.000245798
0.00118761	0.000753381
0.00119599	0.00197541
0.00120437	0.00541743
0.00121275	0.0130238
0.00122113	0.0317685
0.00122951	0.070496
0.00123789	0.152515
0.00124627	0.314664
0.00125466	0.604678
0.00126304	1.17914
0.00127142	2.04627
0.0012798	3.54894
0.00128818	5.68951
0.00129656	8.93051
0.00130494	13.2685
0.00131332	19.137
0.0013217	26.5315
0.00133008	35.7484
0.00133846	46.7852
0.00134684	59.9326
0.00135523	75.1857
0.00136361	93.1107
0.00137199	113.696
0.00138037	137.881
0.00138875	165.651
0.00139713	198.22
0.00140551	235.566
0.00141389	279.285
0.00142227	329.348
0.00143065	387.848
0.00143903	454.819
0.00144741	531.836
0.0014558	619.087
0.00146418	715.416
0.00147256	821.089
0.00148094	931.418
0.00148932	1046.43
0.0014977	1160.89
0.00150608	1274.37
0.00151446	1385.57
0.00152284	1493.96
0.00153122	1602.87
0.0015396	1712.29
0.00154798	1825.74
0.00155637	1943.81
0.00156475	2065.47
0.00157313	2191.22
0.00158151	2316.2
0.00158989	2440.14
0.00159827	2559.6
0.00160665	2673.92
0.00161503	2783.45
0.00162341	2888.29
0.00163179	2987.75
0.00164017	3082.91
0.00164855	3166.44
0.00165694	3241.61
0.00166532	3278.3
0.0016737	3291.64
0.00168208	3290.69
0.00169046	3234.82
0.00169884	3144.8
0.00170722	3025.38
0.0017156	2892.55
0.00172398	2747.84
0.00173236	2611.12
0.00174074	2487.01
0.00174912	2382.76
0.00175751	2302.92
0.00176589	2239.57
0.00177427	2194.1
0.00178265	2150.87
0.00179103	2107.28
0.00179941	2051.36
0.00180779	1978.45
0.00181617	1888.12
0.00182455	1777.2
0.00183293	1655.44
0.00184131	1523.54
0.00184969	1392.66
0.00185808	1266.44
0.00186646	1149.53
0.00187484	1045.3
0.00188322	951.149
0.0018916	867.747
0.00189998	790.267
0.00190836	717.011
0.00191674	646.143
0.00192512	575.868
0.0019335	508.192
0.00194188	443.092
0.00195026	383.13
0.00195865	329.658
0.00196703	282.824
0.00197541	243.524
0.00198379	209.951
0.00199217	181.68
0.00200055	157.162
0.00200893	135.441
0.00201731	116.122
0.00202569	98.6863
0.00203407	83.1916
0.00204245	69.59
0.00205083	57.7184
0.00205922	47.5386
0.0020676	38.7499
0.00207598	31.1631
0.00208436	24.631
0.00209274	18.9882
0.00210112	14.2234
0.0021095	10.2957
0.00211788	7.15137
0.00212626	4.7765
0.00213464	3.03413
0.00214302	1.84186
0.0021514	1.06568
0.00215979	0.534406
0.00216817	0.306661
