3.33898e-05	76.6878
3.48982e-05	81.1349
3.64066e-05	85.8566
3.7915e-05	90.8358
3.94234e-05	96.1225
4.09318e-05	101.759
4.24402e-05	107.76
4.39487e-05	114.161
4.54571e-05	120.951
4.69655e-05	128.141
4.84739e-05	135.697
4.99823e-05	143.595
5.14907e-05	151.79
5.29991e-05	160.23
5.45076e-05	168.879
5.6016e-05	177.671
5.75244e-05	186.595
5.90328e-05	195.602
6.05412e-05	204.717
6.20496e-05	213.936
6.3558e-05	223.317
6.50665e-05	232.918
6.65749e-05	242.819
6.80833e-05	253.14
6.95917e-05	263.959
7.11001e-05	275.44
7.26085e-05	287.641
7.41169e-05	300.729
7.56253e-05	314.73
7.71338e-05	329.777
7.86422e-05	345.861
8.01506e-05	363.05
8.1659e-05	381.309
8.31674e-05	400.628
8.46758e-05	420.96
8.61842e-05	442.225
8.76927e-05	464.381
8.92011e-05	487.303
9.07095e-05	510.959
9.22179e-05	535.215
9.37263e-05	560.049
9.52347e-05	585.343
9.67431e-05	611.088
9.82516e-05	637.194
9.976e-05	663.661
0.000101268	690.434
0.000102777	717.517
0.000104285	744.886
0.000105794	772.548
0.000107302	800.505
0.00010881	828.769
0.000110319	857.367
0.000111827	886.313
0.000113336	915.664
0.000114844	945.434
0.000116353	975.707
0.000117861	1006.5
0.000119369	1037.9
0.000120878	1069.94
0.000122386	1102.7
0.000123895	1136.17
0.000125403	1170.43
0.000126911	1205.45
0.00012842	1241.22
0.000129928	1277.68
0.000131437	1314.7
0.000132945	1352.23
0.000134453	1389.96
0.000135962	1427.83
0.00013747	1465.36
0.000138979	1502.49
0.000140487	1538.58
0.000141996	1573.58
0.000143504	1606.74
0.000145012	1638.03
0.000146521	1666.7
0.000148029	1692.73
0.000149538	1715.48
0.000151046	1734.95
0.000152554	1750.74
0.000154063	1762.9
0.000155571	1771.6
0.00015708	1776.69
0.000158588	1777.01
0.000160097	1775.59
0.000161605	1772.21
0.000163113	1765.35
0.000164622	1757.25
0.00016613	1747.82
0.000167639	1738.08
0.000169147	1728.01
0.000170655	1718.54
0.000172164	1709.65
0.000173672	1701.87
0.000175181	1695.19
0.000176689	1689.62
0.000178197	1685.15
0.000179706	1681.26
0.000181214	1677.96
0.000182723	1674.29
0.000184231	1670.26
0.00018574	1664.69
0.000187248	1657.6
0.000188756	1647.82
0.000190265	1635.37
0.000191773	1619.34
0.000193282	1599.73
0.00019479	1576.09
0.000196298	1548.38
0.000197807	1516.68
0.000199315	1480.94
0.000200824	1441.7
0.000202332	1398.93
0.000203841	1353.53
0.000205349	1305.47
0.000206857	1255.86
0.000208366	1204.68
0.000209874	1153.07
0.000211383	1101.04
0.000212891	1049.6
0.000214399	998.803
0.000215908	949.449
0.000217416	901.582
0.000218925	855.762
0.000220433	812.032
0.000221941	770.681
0.00022345	731.749
0.000224958	695.276
0.000226467	661.291
0.000227975	629.63
0.000229484	600.31
0.000230992	573.028
0.0002325	547.784
0.000234009	524.21
0.000235517	502.289
0.000237026	481.66
0.000238534	462.293
0.000240042	443.879
0.000241551	426.385
0.000243059	409.577
0.000244568	393.424
0.000246076	377.769
0.000247585	362.586
0.000249093	347.772
0.000250601	333.31
0.00025211	319.125
0.000253618	305.206
0.000255127	291.489
0.000256635	277.965
0.000258143	264.575
0.000259652	251.308
0.00026116	238.121
0.000262669	225
0.000264177	211.929
0.000265685	198.897
0.000267194	185.931
0.000268702	173.022
0.000270211	160.244
0.000271719	147.6
0.000273228	135.198
0.000274736	123.054
0.000276244	111.293
0.000277753	99.9417
0.000279261	89.1152
0.00028077	78.8488
0.000282278	69.2247
0.000283786	60.2786
0.000285295	52.0474
0.000286803	44.5587
0.000288312	37.8027
0.00028982	31.793
0.000291329	26.4808
0.000292837	21.8632
0.000294345	17.8664
0.000295854	14.4721
0.000297362	11.5971
0.000298871	9.21151
0.000300379	7.23525
0.000301887	5.63264
0.000303396	4.33508
0.000304904	3.30623
0.000306413	2.49271
0.000307921	1.86162
0.000309429	1.37471
0.000310938	1.00486
0.000312446	0.726732
0.000313955	0.519677
0.000315463	0.368085
0.000316972	0.257358
0.00031848	0.17854
0.000319988	0.121983
0.000321497	0.0829016
0.000323005	0.0553118
0.000324514	0.0368354
0.000326022	0.0239825
0.00032753	0.0156566
0.000329039	0.00993899
0.000330547	0.00636381
0.000332056	0.00373906
0.000333564	0.00247294
