3.33898e-05	6.89802e-14
3.55687e-05	2.57561e-13
3.77476e-05	8.23304e-13
3.99264e-05	3.03313e-12
4.21053e-05	8.94879e-12
4.42842e-05	3.06987e-11
4.64631e-05	8.8583e-11
4.8642e-05	2.83685e-10
5.08209e-05	7.98623e-10
5.29998e-05	2.39387e-09
5.51787e-05	6.55794e-09
5.73576e-05	1.84486e-08
5.95365e-05	4.90522e-08
6.17154e-05	1.29861e-07
6.38943e-05	3.34237e-07
6.60732e-05	8.35004e-07
6.82521e-05	2.07494e-06
7.0431e-05	4.9049e-06
7.26099e-05	1.17373e-05
7.47888e-05	2.63232e-05
7.69677e-05	6.05081e-05
7.91465e-05	0.000129077
8.13254e-05	0.000284338
8.35043e-05	0.000578358
8.56832e-05	0.00121826
8.78621e-05	0.00236824
9.0041e-05	0.00476077
9.22199e-05	0.00886329
9.43988e-05	0.0169755
9.65777e-05	0.0306515
9.87566e-05	0.0554619
0.000100935	0.096993
0.000103114	0.166015
0.000105293	0.278368
0.000107472	0.454056
0.000109651	0.729048
0.00011183	1.13609
0.000114009	1.74593
0.000116188	2.60476
0.000118367	3.83284
0.000120546	5.48556
0.000122724	7.73863
0.000124903	10.6483
0.000127082	14.4346
0.000129261	19.148
0.00013144	25.0289
0.000133619	32.1268
0.000135798	40.6904
0.000137977	50.7915
0.000140156	62.7301
0.000142334	76.6345
0.000144513	92.9832
0.000146692	111.985
0.000148871	134.484
0.00015105	160.757
0.000153229	192.159
0.000155408	228.977
0.000157587	273.049
0.000159766	324.578
0.000161945	385.589
0.000164123	456.121
0.000166302	537.851
0.000168481	630.63
0.00017066	735.196
0.000172839	851.267
0.000175018	978.273
0.000177197	1115.91
0.000179376	1262.38
0.000181555	1417.46
0.000183733	1578.7
0.000185912	1746.04
0.000188091	1917.19
0.00019027	2092.25
0.000192449	2269.83
0.000194628	2450.08
0.000196807	2632.78
0.000198986	2818.04
0.000201165	3006.48
0.000203344	3198.13
0.000205522	3393.74
0.000207701	3593.28
0.00020988	3797.02
0.000212059	4004.88
0.000214238	4216.39
0.000216417	4431.47
0.000218596	4648.94
0.000220775	4868.75
0.000222954	5089.13
0.000225132	5310.06
0.000227311	5529.22
0.00022949	5746.57
0.000231669	5959.1
0.000233848	6166.78
0.000236027	6365.9
0.000238206	6556.47
0.000240385	6734.41
0.000242564	6899.74
0.000244743	7048.72
0.000246921	7181.37
0.0002491	7295.02
0.000251279	7389.69
0.000253458	7464.53
0.000255637	7519.54
0.000257816	7554.5
0.000259995	7571.94
0.000262174	7572.41
0.000264353	7558.41
0.000266531	7534.53
0.00026871	7500.61
0.000270889	7464.21
0.000273068	7425.34
0.000275247	7391.01
0.000277426	7361.41
0.000279605	7340.27
0.000281784	7327.69
0.000283963	7326.02
0.000286142	7329.96
0.00028832	7334.69
0.000290499	7340.37
0.000292678	7340.43
0.000294857	7325.15
0.000297036	7292.22
0.000299215	7233.32
0.000301394	7143.39
0.000303573	7022.25
0.000305752	6868.27
0.00030793	6680.41
0.000310109	6465.68
0.000312288	6223.51
0.000314467	5966.21
0.000316646	5694.03
0.000318825	5420.07
0.000321004	5145.35
0.000323183	4879.45
0.000325362	4623.77
0.00032754	4382.11
0.000329719	4155.64
0.000331898	3942.88
0.000334077	3744.34
0.000336256	3555.66
0.000338435	3376.62
0.000340614	3202.9
0.000342793	3033.78
0.000344972	2867.03
0.000347151	2701.89
0.000349329	2538.66
0.000351508	2376.94
0.000353687	2218.73
0.000355866	2064.1
0.000358045	1915.33
0.000360224	1772.83
0.000362403	1638.02
0.000364582	1511.37
0.000366761	1393.13
0.000368939	1283.57
0.000371118	1182.14
0.000373297	1088.86
0.000375476	1002.9
0.000377655	924.133
0.000379834	851.755
0.000382013	785.611
0.000384192	724.887
0.000386371	669.434
0.00038855	618.317
0.000390728	571.337
0.000392907	527.508
0.000395086	486.531
0.000397265	447.622
0.000399444	410.429
0.000401623	374.614
0.000403802	339.893
0.000405981	306.413
0.00040816	274.07
0.000410338	243.318
0.000412517	214.251
0.000414696	187.355
0.000416875	162.852
0.000419054	141.033
0.000421233	122.132
0.000423412	106.127
0.000425591	93.1623
0.00042777	82.8962
0.000429949	75.3109
0.000432127	69.8345
0.000434306	66.2643
0.000436485	63.9553
0.000438664	62.5551
0.000440843	61.5299
0.000443022	60.4715
0.000445201	59.0978
0.00044738	57.0715
0.000449559	54.3949
0.000451737	50.9053
0.000453916	46.8077
0.000456095	42.1412
0.000458274	37.1708
0.000460453	32.0788
0.000462632	27.0656
0.000464811	22.4092
0.00046699	18.0143
