0.000166815	2.20544e-55
0.00017352	3.07586e-53
0.000180225	1.22373e-52
0.000186929	1.44523e-50
0.000193634	5.78983e-50
0.000200339	5.7807e-48
0.000207043	2.33583e-47
0.000213748	1.972e-45
0.000220453	8.03557e-45
0.000227157	5.73788e-43
0.000233862	2.35722e-42
0.000240566	1.42415e-40
0.000247271	5.89655e-40
0.000253976	3.0156e-38
0.00026068	1.25783e-37
0.000267385	5.44836e-36
0.00027409	2.28816e-35
0.000280794	8.40047e-34
0.000287499	3.54978e-33
0.000294204	1.10554e-31
0.000300908	4.69666e-31
0.000307613	1.24219e-29
0.000314317	5.29993e-29
0.000321022	1.19195e-27
0.000327727	5.1012e-27
0.000334431	9.77083e-26
0.000341136	4.1882e-25
0.000347841	6.84506e-24
0.000354545	2.93343e-23
0.00036125	4.10005e-22
0.000367955	1.75294e-21
0.000374659	2.10082e-20
0.000381364	8.93842e-20
0.000388068	9.21364e-19
0.000394773	3.88981e-18
0.000401478	3.461e-17
0.000408182	1.44497e-16
0.000414887	1.11434e-15
0.000421592	4.5831e-15
0.000428296	3.07773e-14
0.000435001	1.24154e-13
0.000441706	7.29813e-13
0.00044841	2.87361e-12
0.000455115	1.48717e-11
0.000461819	5.68524e-11
0.000468524	2.60668e-10
0.000475229	9.61975e-10
0.000481933	3.93389e-09
0.000488638	1.39302e-08
0.000495343	5.11665e-08
0.000502047	1.72773e-07
0.000508752	5.74125e-07
0.000515457	1.8371e-06
0.000522161	5.56295e-06
0.000528866	1.67657e-05
0.000535571	4.65914e-05
0.000542275	0.000131503
0.00054898	0.000337631
0.000555684	0.000887901
0.000562389	0.0021192
0.000569094	0.00517029
0.000575798	0.0115344
0.000582503	0.0260204
0.000589208	0.0545098
0.000595912	0.113453
0.000602617	0.224008
0.000609322	0.429732
0.000616026	0.81725
0.000622731	1.44276
0.000629435	2.55786
0.00063614	4.2243
0.000642845	6.94711
0.000649549	10.7874
0.000656254	16.5082
0.000662959	24.1333
0.000669663	34.4835
0.000676368	47.5101
0.000683073	63.6341
0.000689777	82.7406
0.000696482	104.364
0.000703186	128.391
0.000709891	153.443
0.000716596	179.5
0.0007233	205.057
0.000730005	230.215
0.00073671	254.606
0.000743414	278.379
0.000750119	303.009
0.000756824	328.574
0.000763528	357.733
0.000770233	390.458
0.000776937	429.032
0.000783642	473.384
0.000790347	524.426
0.000797051	582.121
0.000803756	646.439
0.000810461	717.381
0.000817165	795.108
0.00082387	879.627
0.000830575	971.766
0.000837279	1071.52
0.000843984	1179.67
0.000850689	1296.22
0.000857393	1420.5
0.000864098	1552.57
0.000870802	1689.28
0.000877507	1830.72
0.000884212	1971.62
0.000890916	2112
0.000897621	2246.43
0.000904326	2374.82
0.00091103	2493.9
0.000917735	2603.52
0.00092444	2703.08
0.000931144	2792.51
0.000937849	2872.16
0.000944553	2942.08
0.000951258	3001.55
0.000957963	3050.63
0.000964667	3088.57
0.000971372	3116.4
0.000978077	3122.38
0.000984781	3122.46
0.000991486	3120.34
0.000998191	3101.74
0.0010049	3080.01
0.0010116	3056.61
0.0010183	3036.21
0.00102501	3019.11
0.00103171	3010.22
0.00103842	3006.48
0.00104512	3006.31
0.00105183	3010.78
0.00105853	3012.27
0.00106524	3008.75
0.00107194	3000.1
0.00107865	2974.52
0.00108535	2930.02
0.00109206	2867.31
0.00109876	2783.6
0.00110546	2677.7
0.00111217	2553.67
0.00111887	2410.82
0.00112558	2258.04
0.00113228	2095.62
0.00113899	1934.39
0.00114569	1775.79
0.0011524	1628.48
0.0011591	1494.63
0.00116581	1377.31
0.00117251	1278.52
0.00117922	1194.81
0.00118592	1126.96
0.00119263	1067.31
0.00119933	1014.93
0.00120603	962.376
0.00121274	907.495
0.00121944	847.166
0.00122615	779.322
0.00123285	706.196
0.00123956	627.095
0.00124626	547.213
0.00125297	467.492
0.00125967	392.524
0.00126638	324.043
0.00127308	263.908
0.00127979	213.515
0.00128649	172.064
0.00129319	140.011
0.0012999	115.2
0.0013066	97.2146
0.00131331	83.8863
0.00132001	74.3559
0.00132672	67.2438
0.00133342	61.7224
0.00134013	57.3442
0.00134683	53.6401
0.00135354	50.6842
0.00136024	48.4092
0.00136695	46.8116
0.00137365	45.9693
0.00138035	45.5423
0.00138706	45.3649
0.00139376	45.1363
0.00140047	44.374
0.00140717	42.7889
0.00141388	40.2248
0.00142058	36.8467
0.00142729	32.5951
0.00143399	27.9217
0.0014407	23.055
0.0014474	18.3336
0.00145411	14.0762
0.00146081	10.3583
0.00146752	7.37592
0.00147422	5.02085
0.00148092	3.30536
0.00148763	2.08554
0.00149433	1.21435
0.00150104	0.742139
