3.33898e-05	1.61356e-37
3.59039e-05	1.34221e-35
3.8418e-05	5.32044e-35
4.09322e-05	3.61324e-33
4.34463e-05	1.43825e-32
4.59604e-05	7.95512e-31
4.84746e-05	3.18747e-30
5.09887e-05	1.437e-28
5.35028e-05	5.79146e-28
5.6017e-05	2.13021e-26
5.85311e-05	8.62707e-26
6.10452e-05	2.59219e-24
6.35594e-05	1.0536e-23
6.60735e-05	2.59021e-22
6.85877e-05	1.05496e-21
7.11018e-05	2.12622e-20
7.36159e-05	8.66062e-20
7.61301e-05	1.4345e-18
7.86442e-05	5.82945e-18
8.11583e-05	7.95919e-17
8.36725e-05	3.21728e-16
8.61866e-05	3.63425e-15
8.87007e-05	1.45597e-14
9.12149e-05	1.36674e-13
9.3729e-05	5.40313e-13
9.62431e-05	4.23718e-12
9.87573e-05	1.6444e-11
0.000101271	1.08399e-10
0.000103786	4.10473e-10
0.0001063	2.29082e-09
0.000108814	8.40515e-09
0.000111328	4.0037e-08
0.000113842	1.41214e-07
0.000116356	5.79305e-07
0.00011887	1.94716e-06
0.000121384	6.94655e-06
0.000123899	2.20436e-05
0.000126413	6.9092e-05
0.000128927	0.000204994
0.000131441	0.00057041
0.000133955	0.00156705
0.000136469	0.00391081
0.000138983	0.00985669
0.000141498	0.0222749
0.000144012	0.0510817
0.000146526	0.105429
0.00014904	0.218517
0.000151554	0.424677
0.000154068	0.783737
0.000156582	1.40726
0.000159096	2.34316
0.000161611	3.80327
0.000164125	5.80032
0.000166639	8.54276
0.000169153	11.9733
0.000171667	16.0932
0.000174181	20.7888
0.000176695	25.6929
0.00017921	30.7213
0.000181724	35.2683
0.000184238	39.3859
0.000186752	42.7286
0.000189266	45.5245
0.00019178	48.3215
0.000194294	51.4439
0.000196809	56.6429
0.000199323	64.1598
0.000201837	76.4968
0.000204351	93.6499
0.000206865	117.663
0.000209379	148.295
0.000211893	185.952
0.000214407	230.366
0.000216922	280.26
0.000219436	335.57
0.00022195	394.705
0.000224464	457.846
0.000226978	524.808
0.000229492	595.839
0.000232006	672.684
0.000234521	755.452
0.000237035	846.682
0.000239549	946.294
0.000242063	1055.9
0.000244577	1175.33
0.000247091	1304.23
0.000249605	1442.46
0.000252119	1587.76
0.000254634	1740.08
0.000257148	1896.53
0.000259662	2057.25
0.000262176	2221.47
0.00026469	2389.43
0.000267204	2565.41
0.000269718	2749.53
0.000272233	2950.51
0.000274747	3168.22
0.000277261	3409.18
0.000279775	3673.23
0.000282289	3955.53
0.000284803	4256.11
0.000287317	4556.5
0.000289831	4856.87
0.000292346	5136.31
0.00029486	5394.69
0.000297374	5625.98
0.000299888	5829.62
0.000302402	6020.19
0.000304916	6197.33
0.00030743	6382.38
0.000309945	6575.88
0.000312459	6785.99
0.000314973	7013.84
0.000317487	7247.78
0.000320001	7488.48
0.000322515	7714.58
0.000325029	7925.68
0.000327544	8105.31
0.000330058	8252.3
0.000332572	8364.02
0.000335086	8441.97
0.0003376	8466.64
0.000340114	8473.29
0.000342628	8470.13
0.000345142	8430.04
0.000347657	8374.66
0.000350171	8307.33
0.000352685	8227.96
0.000355199	8137.57
0.000357713	8031.15
0.000360227	7909.34
0.000362741	7761.62
0.000365256	7587.31
0.00036777	7378.08
0.000370284	7131.78
0.000372798	6851.62
0.000375312	6535.52
0.000377826	6199.66
0.00038034	5844.02
0.000382854	5489.15
0.000385369	5137.4
0.000387883	4803.36
0.000390397	4490.32
0.000392911	4202.07
0.000395425	3941.09
0.000397939	3701.73
0.000400453	3484.5
0.000402968	3280.13
0.000405482	3087.12
0.000407996	2899.58
0.00041051	2715.41
0.000413024	2534.82
0.000415538	2356.89
0.000418052	2184.81
0.000420566	2019.09
0.000423081	1861.79
0.000425595	1713.7
0.000428109	1574.86
0.000430623	1445.59
0.000433137	1325.11
0.000435651	1213.4
0.000438165	1109.52
0.00044068	1013.34
0.000443194	923.622
0.000445708	840.104
0.000448222	761.453
0.000450736	687.217
0.00045325	616.551
0.000455764	548.967
0.000458279	484.428
0.000460793	422.648
0.000463307	364.261
0.000465821	309.324
0.000468335	258.649
0.000470849	212.579
0.000473363	171.527
0.000475877	135.872
0.000478392	105.384
0.000480906	80.2015
0.00048342	59.6708
0.000485934	43.624
0.000488448	31.3416
0.000490962	22.4854
0.000493476	16.4582
0.000495991	12.6502
0.000498505	11.4447
0.000501019	11.8179
0.000503533	12.8476
0.000506047	15.0205
0.000508561	17.5808
0.000511075	20.0768
0.000513589	21.9309
0.000516104	22.7456
0.000518618	23.0051
0.000521132	21.9702
0.000523646	19.8714
0.00052616	17.1621
0.000528674	14.1185
0.000531188	11.197
0.000533703	8.24121
