0.000166815	1.26531e-06
0.000171844	2.58355e-06
0.000176872	6.53826e-06
0.000181901	1.39892e-05
0.000186929	3.10247e-05
0.000191958	6.33004e-05
0.000196986	0.00013521
0.000202014	0.000263666
0.000207043	0.000541361
0.000212071	0.00101113
0.0002171	0.00199198
0.000222128	0.00357084
0.000227157	0.00673909
0.000232185	0.011825
0.000237214	0.0210331
0.000242242	0.0357058
0.00024727	0.06046
0.000252299	0.0990203
0.000257327	0.160178
0.000262356	0.252729
0.000267384	0.39158
0.000272413	0.594808
0.000277441	0.884772
0.000282469	1.29394
0.000287498	1.85177
0.000292526	2.6093
0.000297555	3.60032
0.000302583	4.89496
0.000307612	6.52663
0.00031264	8.57949
0.000317669	11.0817
0.000322697	14.1213
0.000327725	17.7183
0.000332754	21.9533
0.000337782	26.8384
0.000342811	32.4385
0.000347839	38.7596
0.000352868	45.8486
0.000357896	53.708
0.000362924	62.3684
0.000367953	71.8321
0.000372981	82.1187
0.00037801	93.2362
0.000383038	105.206
0.000388067	118.05
0.000393095	131.82
0.000398123	146.565
0.000403152	162.411
0.00040818	179.443
0.000413209	197.928
0.000418237	217.981
0.000423266	240.065
0.000428294	264.313
0.000433323	291.396
0.000438351	321.43
0.000443379	355.226
0.000448408	392.839
0.000453436	435.039
0.000458465	481.788
0.000463493	533.546
0.000468522	590.18
0.00047355	651.583
0.000478578	717.567
0.000483607	787.35
0.000488635	860.764
0.000493664	936.511
0.000498692	1014.51
0.000503721	1093.39
0.000508749	1173.19
0.000513778	1252.99
0.000518806	1332.94
0.000523834	1413.01
0.000528863	1493.37
0.000533891	1574.91
0.00053892	1657.75
0.000543948	1743.24
0.000548977	1831.38
0.000554005	1923.17
0.000559033	2018.47
0.000564062	2117.05
0.00056909	2218.69
0.000574119	2321.37
0.000579147	2424.9
0.000584176	2525.66
0.000589204	2623.55
0.000594233	2714.25
0.000599261	2797.8
0.000604289	2870.55
0.000609318	2932.63
0.000614346	2982.34
0.000619375	3019.82
0.000624403	3046.72
0.000629432	3062.76
0.00063446	3064.73
0.000639488	3064.02
0.000644517	3060.96
0.000649545	3050.72
0.000654574	3041
0.000659602	3031.71
0.000664631	3026.03
0.000669659	3023.38
0.000674688	3023.97
0.000679716	3030.34
0.000684744	3040.57
0.000689773	3054.69
0.000694801	3070.84
0.00069983	3089.07
0.000704858	3106.2
0.000709887	3122.29
0.000714915	3133.37
0.000719943	3139.29
0.000724972	3139.09
0.00073	3128.52
0.000735029	3107.23
0.000740057	3075.31
0.000745086	3031.68
0.000750114	2976.19
0.000755143	2909.97
0.000760171	2832.9
0.000765199	2747.65
0.000770228	2654.16
0.000775256	2555.93
0.000780285	2453
0.000785313	2348.91
0.000790342	2243.79
0.00079537	2140.64
0.000800398	2039.63
0.000805427	1942.84
0.000810455	1850.49
0.000815484	1763.49
0.000820512	1682.06
0.000825541	1605.98
0.000830569	1535.39
0.000835598	1469.09
0.000840626	1407.13
0.000845654	1347.74
0.000850683	1290.85
0.000855711	1234.73
0.00086074	1179.18
0.000865768	1123.12
0.000870797	1066.29
0.000875825	1008.57
0.000880853	949.778
0.000885882	890.708
0.00089091	831.308
0.000895939	772.906
0.000900967	715.623
0.000905996	660.743
0.000911024	608.511
0.000916052	559.699
0.000921081	514.572
0.000926109	473.203
0.000931138	435.761
0.000936166	401.756
0.000941195	371.203
0.000946223	343.372
0.000951252	318.143
0.00095628	294.873
0.000961308	273.384
0.000966337	253.281
0.000971365	234.415
0.000976394	216.613
0.000981422	199.794
0.000986451	183.882
0.000991479	168.848
0.000996507	154.607
0.00100154	141.142
0.00100656	128.343
0.00101159	116.174
0.00101662	104.557
0.00102165	93.443
0.00102668	82.8366
0.00103171	72.7076
0.00103673	63.1365
0.00104176	54.1335
0.00104679	45.7993
0.00105182	38.1786
0.00105685	31.3267
0.00106188	25.2936
0.00106691	20.0568
0.00107193	15.6402
0.00107696	11.955
0.00108199	8.98385
0.00108702	6.60866
0.00109205	4.77738
0.00109708	3.37916
0.0011021	2.34615
0.00110713	1.59535
0.00111216	1.06211
0.00111719	0.694609
0.00112222	0.442617
0.00112725	0.278686
0.00113228	0.169604
0.0011373	0.102982
0.00114233	0.0596978
0.00114736	0.035038
0.00115239	0.0192341
0.00115742	0.010976
0.00116245	0.00511692
0.00116747	0.0031639
