3.33898e-05	6.97168e-08
3.55687e-05	1.88123e-07
3.77476e-05	5.4334e-07
3.99264e-05	1.47082e-06
4.21053e-05	3.78624e-06
4.42842e-05	9.53287e-06
4.64631e-05	2.35921e-05
4.8642e-05	5.54506e-05
5.08209e-05	0.000131457
5.29998e-05	0.000289482
5.51787e-05	0.000655094
5.73576e-05	0.00135633
5.95365e-05	0.00291991
6.17154e-05	0.00570307
6.38943e-05	0.0116424
6.60732e-05	0.0215182
6.82521e-05	0.0415328
7.0431e-05	0.0744298
7.26099e-05	0.133166
7.47888e-05	0.228148
7.69677e-05	0.382443
7.91465e-05	0.622468
8.13254e-05	0.983131
8.35043e-05	1.51642
8.56832e-05	2.26299
8.78621e-05	3.30355
9.0041e-05	4.6677
9.22199e-05	6.44759
9.43988e-05	8.6399
9.65777e-05	11.3033
9.87566e-05	14.3918
0.000100935	17.8756
0.000103114	21.6874
0.000105293	25.692
0.000107472	29.8535
0.000109651	34.0026
0.00011183	38.1903
0.000114009	42.3678
0.000116188	46.689
0.000118367	51.3832
0.000120546	56.6653
0.000122724	63.0905
0.000124903	70.8581
0.000127082	80.7377
0.000129261	92.8464
0.00013144	107.948
0.000133619	126.049
0.000135798	147.676
0.000137977	172.735
0.000140156	201.353
0.000142334	233.378
0.000144513	268.488
0.000146692	306.55
0.000148871	346.934
0.00015105	389.62
0.000153229	434.048
0.000155408	480.363
0.000157587	528.572
0.000159766	578.932
0.000161945	632.309
0.000164123	688.921
0.000166302	750.241
0.000168481	816.308
0.00017066	888.441
0.000172839	966.482
0.000175018	1050.8
0.000177197	1141.17
0.000179376	1236.79
0.000181555	1337.5
0.000183733	1441.9
0.000185912	1550.01
0.000188091	1660.77
0.00019027	1774.37
0.000192449	1890.93
0.000194628	2010.7
0.000196807	2135.31
0.000198986	2264.94
0.000201165	2402.33
0.000203344	2547.55
0.000205522	2703.57
0.000207701	2870.28
0.00020988	3049.7
0.000212059	3241.63
0.000214238	3446.06
0.000216417	3662.72
0.000218596	3888.97
0.000220775	4124.59
0.000222954	4364.44
0.000225132	4608.42
0.000227311	4849.85
0.00022949	5088.76
0.000231669	5318.53
0.000233848	5539.29
0.000236027	5746.25
0.000238206	5939.56
0.000240385	6117.53
0.000242564	6280.27
0.000244743	6429.37
0.000246921	6564.84
0.0002491	6690.39
0.000251279	6805.99
0.000253458	6915.48
0.000255637	7018.87
0.000257816	7118.44
0.000259995	7214.23
0.000262174	7306.52
0.000264353	7395.35
0.000266531	7479.57
0.00026871	7559.23
0.000270889	7632.5
0.000273068	7699.42
0.000275247	7757.48
0.000277426	7806.77
0.000279605	7843.82
0.000281784	7869.04
0.000283963	7872.6
0.000286142	7860.12
0.00028832	7832.07
0.000290499	7773.79
0.000292678	7689.51
0.000294857	7579.84
0.000297036	7445
0.000299215	7284.51
0.000301394	7104.67
0.000303573	6905.24
0.000305752	6695.62
0.00030793	6476.03
0.000310109	6255.58
0.000312288	6034.97
0.000314467	5819.76
0.000316646	5610.87
0.000318825	5408.78
0.000321004	5214.2
0.000323183	5023.45
0.000325362	4836.67
0.00032754	4648.83
0.000329719	4459.42
0.000331898	4265.3
0.000334077	4065.61
0.000336256	3861.06
0.000338435	3650.99
0.000340614	3439.69
0.000342793	3227.14
0.000344972	3018.93
0.000347151	2815.77
0.000349329	2621.75
0.000351508	2437.89
0.000353687	2265.27
0.000355866	2104.63
0.000358045	1954.45
0.000360224	1814.86
0.000362403	1683.5
0.000364582	1559.96
0.000366761	1442.67
0.000368939	1331.09
0.000371118	1224.88
0.000373297	1123.75
0.000375476	1027.93
0.000377655	937.452
0.000379834	852.238
0.000382013	772.402
0.000384192	697.32
0.000386371	626.917
0.00038855	560.493
0.000390728	497.769
0.000392907	438.582
0.000395086	382.672
0.000397265	330.57
0.000399444	282.274
0.000401623	238.584
0.000403802	199.784
0.000405981	166.32
0.00040816	138.559
0.000410338	116.236
0.000412517	99.5328
0.000414696	87.5337
0.000416875	79.4424
0.000419054	76.3948
0.000421233	75.9179
0.000423412	75.8026
0.000425591	77.7581
0.00042777	80.4996
0.000429949	83.0994
0.000432127	84.6795
0.000434306	85.0625
0.000436485	85.1693
0.000438664	83.4712
0.000440843	80.004
0.000443022	75.3853
0.000445201	69.7014
0.00044738	63.0684
0.000449559	55.8948
0.000451737	48.4424
0.000453916	41.0403
0.000456095	33.9959
0.000458274	27.4714
0.000460453	21.7089
0.000462632	16.7054
0.000464811	12.5465
0.00046699	9.20288
