0.000166815	9.27586e-23
0.000172682	1.3732e-21
0.000178548	5.21452e-21
0.000184415	6.71189e-20
0.000190282	2.49904e-19
0.000196148	2.75726e-18
0.000202015	1.02109e-17
0.000207881	9.68363e-17
0.000213748	3.55729e-16
0.000219614	2.9091e-15
0.000225481	1.05679e-14
0.000231347	7.47988e-14
0.000237214	2.67751e-13
0.00024308	1.64713e-12
0.000248947	5.78643e-12
0.000254813	3.10856e-11
0.00026068	1.06688e-10
0.000266547	5.03156e-10
0.000272413	1.67858e-09
0.00027828	6.99009e-09
0.000284146	2.25433e-08
0.000290013	8.34101e-08
0.000295879	2.58516e-07
0.000301746	8.55499e-07
0.000307612	2.53238e-06
0.000313479	7.54694e-06
0.000319345	2.12008e-05
0.000325212	5.72966e-05
0.000331078	0.000151777
0.000336945	0.000374553
0.000342812	0.000929808
0.000348678	0.00210913
0.000354545	0.00487826
0.000360411	0.0102342
0.000366278	0.0219405
0.000372144	0.0428059
0.000378011	0.0846939
0.000383877	0.158309
0.000389744	0.284131
0.00039561	0.496476
0.000401477	0.820968
0.000407343	1.32797
0.00041321	2.04093
0.000419077	3.0576
0.000424943	4.38303
0.00043081	6.09932
0.000436676	8.18411
0.000442543	10.6401
0.000448409	13.4359
0.000454276	16.4795
0.000460142	19.7731
0.000466009	23.2321
0.000471875	26.9208
0.000477742	30.9421
0.000483608	35.3955
0.000489475	40.6589
0.000495342	46.7929
0.000501208	54.2904
0.000507075	63.1169
0.000512941	73.535
0.000518808	85.4404
0.000524674	98.6335
0.000530541	113.04
0.000536407	128.168
0.000542274	144.06
0.00054814	160.467
0.000554007	177.534
0.000559873	195.713
0.00056574	215.145
0.000571606	236.905
0.000577473	261.03
0.00058334	288.612
0.000589206	319.579
0.000595073	354.429
0.000600939	393.065
0.000606806	435.28
0.000612672	481.021
0.000618539	529.736
0.000624405	581.433
0.000630272	635.664
0.000636138	692.485
0.000642005	751.91
0.000647871	814.019
0.000653738	879.573
0.000659605	948.633
0.000665471	1022.61
0.000671338	1101.5
0.000677204	1186.45
0.000683071	1277.35
0.000688937	1373.76
0.000694804	1475.57
0.00070067	1580.2
0.000706537	1687.64
0.000712403	1794.45
0.00071827	1900.68
0.000724136	2004.06
0.000730003	2104.67
0.00073587	2202.52
0.000741736	2297.62
0.000747603	2391.53
0.000753469	2484.21
0.000759336	2576.92
0.000765202	2669.65
0.000771069	2761.97
0.000776935	2853.93
0.000782802	2943.47
0.000788668	3030.64
0.000794535	3112.64
0.000800401	3189.49
0.000806268	3258.13
0.000812135	3318.6
0.000818001	3368.16
0.000823868	3407.38
0.000829734	3424.13
0.000835601	3430.64
0.000841467	3428.38
0.000847334	3400.92
0.0008532	3358.44
0.000859067	3301.7
0.000864933	3234.3
0.0008708	3156.13
0.000876666	3073.68
0.000882533	2987.11
0.0008884	2902.21
0.000894266	2819.39
0.000900133	2741.97
0.000905999	2670.45
0.000911866	2604.92
0.000917732	2545.78
0.000923599	2490.33
0.000929465	2438.7
0.000935332	2386.88
0.000941198	2334.66
0.000947065	2278.55
0.000952931	2218.14
0.000958798	2151.67
0.000964665	2078.72
0.000970531	1999.54
0.000976398	1913.83
0.000982264	1823.43
0.000988131	1728.27
0.000993997	1631.08
0.000999864	1532.04
0.00100573	1433.91
0.0010116	1337.07
0.00101746	1243.54
0.00102333	1153.74
0.0010292	1068.69
0.00103506	988.693
0.00104093	913.998
0.0010468	844.774
0.00105266	780.813
0.00105853	722.195
0.0010644	668.338
0.00107026	619.255
0.00107613	574
0.001082	532.467
0.00108786	493.587
0.00109373	457.114
0.00109959	422.255
0.00110546	388.714
0.00111133	356.208
0.00111719	324.525
0.00112306	293.826
0.00112893	264.043
0.00113479	235.573
0.00114066	208.476
0.00114653	183.187
0.00115239	159.859
0.00115826	138.754
0.00116413	120.064
0.00116999	103.682
0.00117586	89.7188
0.00118173	77.7054
0.00118759	67.5607
0.00119346	58.728
0.00119933	50.9589
0.00120519	43.933
0.00121106	37.4002
0.00121693	31.357
0.00122279	25.7006
0.00122866	20.5656
0.00123453	15.9952
0.00124039	12.052
0.00124626	8.81082
0.00125212	6.20111
0.00125799	4.23363
0.00126386	2.77324
0.00126972	1.75817
0.00127559	1.07194
0.00128146	0.626935
0.00128732	0.357012
0.00129319	0.189307
0.00129906	0.102467
0.00130492	0.049686
0.00131079	0.0252803
0.00131666	0.0114363
0.00132252	0.00534844
0.00132839	0.0020643
0.00133426	0.000969582
