0.000500379	6.39286e-144
0.00050876	2.15221e-138
0.000517141	8.60884e-138
0.000525522	2.11123e-132
0.000533903	8.53127e-132
0.000542284	1.52386e-126
0.000550665	6.22171e-126
0.000559045	8.09314e-121
0.000567426	3.33919e-120
0.000575807	3.16273e-115
0.000584188	1.31891e-114
0.000592569	9.09468e-110
0.00060095	3.83389e-109
0.00060933	1.92442e-104
0.000617711	8.20215e-104
0.000626092	2.99649e-99
0.000634473	1.29149e-98
0.000642854	3.43349e-94
0.000651235	1.49672e-93
0.000659615	2.89523e-89
0.000667996	1.27672e-88
0.000676377	1.79667e-84
0.000684758	8.01621e-84
0.000693139	8.20565e-80
0.00070152	3.70494e-79
0.0007099	2.75825e-75
0.000718281	1.26053e-74
0.000726662	6.82427e-71
0.000735043	3.15723e-70
0.000743424	1.24282e-66
0.000751805	5.82195e-66
0.000760186	1.66616e-62
0.000768566	7.90442e-62
0.000776947	1.64445e-58
0.000785328	7.90211e-58
0.000793709	1.19499e-54
0.00080209	5.81734e-54
0.000810471	6.39434e-51
0.000818851	3.15395e-50
0.000827232	2.51985e-47
0.000835613	1.25945e-46
0.000843994	7.31433e-44
0.000852375	3.70471e-43
0.000860756	1.56415e-40
0.000869136	8.02844e-40
0.000877517	2.46488e-37
0.000885898	1.28197e-36
0.000894279	2.86323e-34
0.00090266	1.50858e-33
0.000911041	2.45259e-31
0.000919421	1.30852e-30
0.000927802	1.54991e-28
0.000936183	8.36773e-28
0.000944564	7.23053e-26
0.000952945	3.94598e-25
0.000961326	2.49203e-23
0.000969707	1.37259e-22
0.000978087	6.35175e-21
0.000986468	3.5229e-20
0.000994849	1.19883e-18
0.00100323	6.67409e-18
0.00101161	1.67828e-16
0.00101999	9.33678e-16
0.00102837	1.74638e-14
0.00103675	9.6501e-14
0.00104513	1.35432e-12
0.00105351	7.37316e-12
0.0010619	7.8521e-11
0.00107028	4.16747e-10
0.00107866	3.41612e-09
0.00108704	1.74408e-08
0.00109542	1.1197e-07
0.0011038	5.41009e-07
0.00111218	2.77609e-06
0.00112056	1.24556e-05
0.00112894	5.22497e-05
0.00113732	0.000213192
0.0011457	0.000748528
0.00115409	0.00271848
0.00116247	0.0081734
0.00117085	0.0258911
0.00117923	0.0680247
0.00118761	0.184764
0.00119599	0.43102
0.00120437	0.991699
0.00121275	2.12154
0.00122113	4.12626
0.00122951	7.81625
0.00123789	13.1847
0.00124627	21.0357
0.00125466	31.2685
0.00126304	42.9581
0.00127142	56.0216
0.0012798	67.5605
0.00128818	77.5929
0.00129656	83.411
0.00130494	86.1099
0.00131332	85.994
0.0013217	84.1587
0.00133008	83.9372
0.00133846	85.4041
0.00134684	88.9781
0.00135523	97.4087
0.00136361	108.54
0.00137199	122.336
0.00138037	139.095
0.00138875	158.742
0.00139713	184.045
0.00140551	214.975
0.00141389	254.65
0.00142227	303.155
0.00143065	361.499
0.00143903	429.769
0.00144741	507.499
0.0014558	594.667
0.00146418	691.264
0.00147256	797.272
0.00148094	913.06
0.00148932	1038.84
0.0014977	1172.47
0.00150608	1314.27
0.00151446	1458.25
0.00152284	1604.33
0.00153122	1746.51
0.0015396	1884.3
0.00154798	2015.43
0.00155637	2139.56
0.00156475	2256.64
0.00157313	2366.61
0.00158151	2469.58
0.00158989	2565.4
0.00159827	2655.27
0.00160665	2739.12
0.00161503	2818.8
0.00162341	2894.64
0.00163179	2966.92
0.00164017	3036.06
0.00164855	3100.02
0.00165694	3159.23
0.00166532	3209.11
0.0016737	3252.74
0.00168208	3265.29
0.00169046	3262.9
0.00169884	3254.9
0.00170722	3206.22
0.0017156	3133.82
0.00172398	3043.1
0.00173236	2941.61
0.00174074	2831.11
0.00174912	2718.53
0.00175751	2606.17
0.00176589	2494.53
0.00177427	2384.5
0.00178265	2274.45
0.00179103	2164.5
0.00179941	2052.19
0.00180779	1937.39
0.00181617	1816.7
0.00182455	1688.91
0.00183293	1553.51
0.00184131	1408.74
0.00184969	1260.3
0.00185808	1108.26
0.00186646	961
0.00187484	820.972
0.00188322	693.168
0.0018916	580.286
0.00189998	482.624
0.00190836	401.527
0.00191674	334.478
0.00192512	281.551
0.0019335	238.716
0.00194188	204.856
0.00195026	176.296
0.00195865	151.054
0.00196703	128.108
0.00197541	106.06
0.00198379	86.192
0.00199217	68.6715
0.00200055	54.4278
0.00200893	44.2276
0.00201731	37.5565
0.00202569	34.118
0.00203407	32.5753
0.00204245	32.012
0.00205083	31.3633
0.00205922	29.9984
0.0020676	27.9373
0.00207598	24.8685
0.00208436	21.284
0.00209274	17.3583
0.00210112	13.471
0.0021095	9.94869
0.00211788	6.89796
0.00212626	4.54838
0.00213464	2.77762
0.00214302	1.60408
0.0021514	0.859119
0.00215979	0.371932
0.00216817	0.201014
