3.33898e-05	31.0046
3.52334e-05	35.8384
3.70771e-05	40.874
3.89207e-05	46.142
4.07644e-05	51.5529
4.2608e-05	57.0205
4.44517e-05	62.5483
4.62953e-05	68.0869
4.8139e-05	73.6975
4.99827e-05	79.3978
5.18263e-05	85.2875
5.367e-05	91.4565
5.55136e-05	98.0129
5.73573e-05	105.096
5.92009e-05	112.803
6.10446e-05	121.287
6.28882e-05	130.64
6.47319e-05	141.015
6.65755e-05	152.519
6.84192e-05	165.323
7.02628e-05	179.576
7.21065e-05	195.508
7.39502e-05	213.302
7.57938e-05	233.285
7.76375e-05	255.629
7.94811e-05	280.735
8.13248e-05	308.704
8.31684e-05	339.914
8.50121e-05	374.341
8.68557e-05	412.197
8.86994e-05	453.322
9.0543e-05	497.624
9.23867e-05	544.847
9.42303e-05	594.545
9.6074e-05	646.452
9.79177e-05	699.847
9.97613e-05	754.56
0.000101605	809.818
0.000103449	865.637
0.000105292	921.513
0.000107136	977.676
0.00010898	1034.21
0.000110823	1091.52
0.000112667	1150.45
0.000114511	1211.46
0.000116354	1276.11
0.000118198	1344.77
0.000120042	1419.37
0.000121885	1500.11
0.000123729	1588.76
0.000125572	1685.34
0.000127416	1791.03
0.00012926	1905.72
0.000131103	2029.81
0.000132947	2163.15
0.000134791	2305.52
0.000136634	2456.83
0.000138478	2616.6
0.000140322	2784.79
0.000142165	2960.98
0.000144009	3145.14
0.000145853	3336.97
0.000147696	3536.36
0.00014954	3742.79
0.000151384	3956.05
0.000153227	4174.93
0.000155071	4399.15
0.000156915	4626.51
0.000158758	4856.72
0.000160602	5086.72
0.000162446	5316.33
0.000164289	5542.14
0.000166133	5764.13
0.000167977	5979.35
0.00016982	6187.88
0.000171664	6387.85
0.000173507	6579.39
0.000175351	6761.87
0.000177195	6935.4
0.000179038	7100.28
0.000180882	7256.54
0.000182726	7404.81
0.000184569	7545.07
0.000186413	7677.67
0.000188257	7802.57
0.0001901	7919.54
0.000191944	8028.52
0.000193788	8128.68
0.000195631	8219.98
0.000197475	8301.22
0.000199319	8372.38
0.000201162	8432.12
0.000203006	8480.45
0.00020485	8517.08
0.000206693	8541.7
0.000208537	8544.6
0.000210381	8540.13
0.000212224	8527.63
0.000214068	8491.89
0.000215912	8441.94
0.000217755	8377.69
0.000219599	8297.98
0.000221442	8202.81
0.000223286	8092.58
0.00022513	7967.28
0.000226973	7828.17
0.000228817	7675.21
0.000230661	7510.54
0.000232504	7334.14
0.000234348	7148.87
0.000236192	6954.69
0.000238035	6754.76
0.000239879	6549.08
0.000241723	6340.54
0.000243566	6129.17
0.00024541	5917.21
0.000247254	5704.7
0.000249097	5493.13
0.000250941	5282.54
0.000252785	5073.9
0.000254628	4867.24
0.000256472	4663.49
0.000258316	4462.64
0.000260159	4265.94
0.000262003	4073.36
0.000263847	3886.47
0.00026569	3705.31
0.000267534	3531.33
0.000269377	3364.67
0.000271221	3206.1
0.000273065	3055.82
0.000274908	2913.47
0.000276752	2779.22
0.000278596	2651.54
0.000280439	2530.47
0.000282283	2413.71
0.000284127	2301.15
0.00028597	2190.43
0.000287814	2081.29
0.000289658	1972.03
0.000291501	1862.33
0.000293345	1751.62
0.000295189	1639.62
0.000297032	1526.96
0.000298876	1413.48
0.00030072	1300.72
0.000302563	1188.73
0.000304407	1079.46
0.000306251	973.116
0.000308094	871.601
0.000309938	775.235
0.000311782	685.496
0.000313625	602.733
0.000315469	527.835
0.000317312	461.104
0.000319156	402.825
0.000321	353.207
0.000322843	312.003
0.000324687	279.314
0.000326531	254.37
0.000328374	236.137
0.000330218	227.84
0.000332062	225.094
0.000333905	224.593
0.000335749	231.019
0.000337593	241.488
0.000339436	254.391
0.00034128	268.554
0.000343124	283.474
0.000344967	297.586
0.000346811	310.298
0.000348655	320.483
0.000350498	327.99
0.000352342	330.671
0.000354186	329.267
0.000356029	325.596
0.000357873	316.842
0.000359717	303.923
0.00036156	287.901
0.000363404	269.32
0.000365247	248.506
0.000367091	226.42
0.000368935	203.547
0.000370778	180.661
0.000372622	158.276
0.000374466	136.876
0.000376309	116.889
0.000378153	98.5087
0.000379997	82.008
0.00038184	67.356
0.000383684	54.6582
0.000385528	43.7497
0.000387371	34.5957
0.000389215	26.9816
0.000391059	20.7806
0.000392902	15.7875
0.000394746	11.834
0.00039659	8.75508
0.000398433	6.31555
0.000400277	4.59596
