3.33898e-05	1.8963e-18
3.55687e-05	1.1976e-17
3.77476e-05	4.22152e-17
3.99264e-05	2.50209e-16
4.21053e-05	8.39712e-16
4.42842e-05	4.51008e-15
4.64631e-05	1.49252e-14
4.8642e-05	7.28398e-14
5.08209e-05	2.37069e-13
5.29998e-05	1.05436e-12
5.51787e-05	3.36542e-12
5.73576e-05	1.36828e-11
5.95365e-05	4.27039e-11
6.17154e-05	1.59248e-10
6.38943e-05	4.8442e-10
6.60732e-05	1.66273e-09
6.82521e-05	4.9134e-09
7.0431e-05	1.55796e-08
7.26099e-05	4.45697e-08
7.47888e-05	1.31045e-07
7.69677e-05	3.61665e-07
7.91465e-05	9.89805e-07
8.13254e-05	2.62614e-06
8.35043e-05	6.71559e-06
8.56832e-05	1.70702e-05
8.78621e-05	4.09416e-05
9.0041e-05	9.93707e-05
9.22199e-05	0.000224357
9.43988e-05	0.000518343
9.65777e-05	0.00110552
9.87566e-05	0.00242436
0.000100935	0.00490043
0.000103114	0.010175
0.000105293	0.0195503
0.000107472	0.038357
0.000109651	0.0707145
0.00011183	0.130376
0.000114009	0.232703
0.000116188	0.401538
0.000118367	0.681319
0.000120546	1.11347
0.000122724	1.7945
0.000124903	2.78592
0.000127082	4.26445
0.000129261	6.30373
0.00013144	9.17283
0.000133619	12.9364
0.000135798	17.9244
0.000137977	24.1643
0.000140156	31.9556
0.000142334	41.2698
0.000144513	52.2477
0.000146692	64.8133
0.000148871	78.8544
0.00015105	94.287
0.000153229	110.77
0.000155408	128.266
0.000157587	146.383
0.000159766	165.17
0.000161945	184.466
0.000164123	204.404
0.000166302	225.306
0.000168481	247.34
0.00017066	271.387
0.000172839	297.582
0.000175018	327.166
0.000177197	360.177
0.000179376	397.781
0.000181555	439.897
0.000183733	487.095
0.000185912	539.212
0.000188091	595.886
0.00019027	656.955
0.000192449	721.199
0.000194628	788.541
0.000196807	857.447
0.000198986	927.958
0.000201165	998.997
0.000203344	1070.69
0.000205522	1143.03
0.000207701	1216.14
0.00020988	1291.17
0.000212059	1368.19
0.000214238	1448.98
0.000216417	1533.54
0.000218596	1623.38
0.000220775	1718.42
0.000222954	1819.04
0.000225132	1925.11
0.000227311	2035.36
0.00022949	2149.71
0.000231669	2265.48
0.000233848	2382.66
0.000236027	2498.15
0.000238206	2612.01
0.000240385	2721.93
0.000242564	2827.96
0.000244743	2929.28
0.000246921	3025.92
0.0002491	3118.24
0.000251279	3206.25
0.000253458	3290.6
0.000255637	3371.29
0.000257816	3448.59
0.000259995	3522.51
0.000262174	3592.9
0.000264353	3659.77
0.000266531	3722.79
0.00026871	3781.97
0.000270889	3836.65
0.000273068	3886.89
0.000275247	3931.04
0.000277426	3969.17
0.000279605	3998.79
0.000281784	4020.39
0.000283963	4024.08
0.000286142	4018.36
0.00028832	4004.39
0.000290499	3968.87
0.000292678	3919.44
0.000294857	3856.71
0.000297036	3783.92
0.000299215	3700.92
0.000301394	3613.65
0.000303573	3522.33
0.000305752	3431.8
0.00030793	3342.57
0.000310109	3256.16
0.000312288	3173.14
0.000314467	3091.4
0.000316646	3011.19
0.000318825	2928.45
0.000321004	2842.98
0.000323183	2751.32
0.000325362	2652.9
0.00032754	2546.76
0.000329719	2432.34
0.000331898	2311.52
0.000334077	2184.03
0.000336256	2053.7
0.000338435	1920.66
0.000340614	1789.15
0.000342793	1659.66
0.000344972	1535.54
0.000347151	1417.42
0.000349329	1307.11
0.000351508	1205.14
0.000353687	1111.73
0.000355866	1027.19
0.000358045	950.64
0.000360224	882.115
0.000362403	820.225
0.000364582	764.822
0.000366761	714.486
0.000368939	668.971
0.000371118	627.025
0.000373297	588.377
0.000375476	552.002
0.000377655	517.621
0.000379834	484.533
0.000382013	452.464
0.000384192	421.17
0.000386371	390.442
0.00038855	360.517
0.000390728	331.33
0.000392907	303.409
0.000395086	276.86
0.000397265	252.175
0.000399444	229.567
0.000401623	209.212
0.000403802	191.306
0.000405981	175.618
0.00040816	162.214
0.000410338	150.556
0.000412517	140.537
0.000414696	131.529
0.000416875	123.28
0.000419054	115.309
0.000421233	107.315
0.000423412	99.1191
0.000425591	90.4951
0.00042777	81.5826
0.000429949	72.3195
0.000432127	63.033
0.000434306	53.8357
0.000436485	45.0447
0.000438664	36.8674
0.000440843	29.4654
0.000443022	23.0231
0.000445201	17.5187
0.00044738	13.0307
0.000449559	9.42203
0.000451737	6.65509
0.000453916	4.56941
0.000456095	3.05705
0.000458274	1.99403
0.000460453	1.25979
0.000462632	0.781892
0.000464811	0.439973
0.00046699	0.275251
