3.33898e-05	155.788
3.52334e-05	162.976
3.70771e-05	169.277
3.89207e-05	174.651
4.07644e-05	179.219
4.2608e-05	183.021
4.44517e-05	186.281
4.62953e-05	189.167
4.8139e-05	191.967
4.99827e-05	194.976
5.18263e-05	198.491
5.367e-05	202.907
5.55136e-05	208.471
5.73573e-05	215.61
5.92009e-05	224.458
6.10446e-05	235.379
6.28882e-05	248.353
6.47319e-05	263.572
6.65755e-05	280.859
6.84192e-05	300.15
7.02628e-05	321.163
7.21065e-05	343.555
7.39502e-05	367.033
7.57938e-05	391.051
7.76375e-05	415.41
7.94811e-05	439.529
8.13248e-05	463.385
8.31684e-05	486.583
8.50121e-05	509.308
8.68557e-05	531.553
8.86994e-05	553.681
9.0543e-05	576.188
9.23867e-05	599.535
9.42303e-05	624.706
9.6074e-05	652.16
9.79177e-05	683.22
9.97613e-05	718.257
0.000101605	758.697
0.000103449	804.772
0.000105292	857.764
0.000107136	917.753
0.00010898	985.68
0.000110823	1061.5
0.000112667	1145.73
0.000114511	1238.22
0.000116354	1339.06
0.000118198	1448.08
0.000120042	1564.99
0.000121885	1689.64
0.000123729	1821.49
0.000125572	1960.42
0.000127416	2105.74
0.00012926	2257.35
0.000131103	2414.52
0.000132947	2577.16
0.000134791	2744.48
0.000136634	2916.37
0.000138478	3091.95
0.000140322	3271.07
0.000142165	3452.63
0.000144009	3636.43
0.000145853	3821.03
0.000147696	4006.18
0.00014954	4189.97
0.000151384	4372.18
0.000153227	4550.44
0.000155071	4724.57
0.000156915	4891.92
0.000158758	5052.4
0.000160602	5203.45
0.000162446	5345.09
0.000164289	5475.3
0.000166133	5594.2
0.000167977	5700.77
0.00016982	5795.2
0.000171664	5877.7
0.000173507	5948.48
0.000175351	6008.96
0.000177195	6059.29
0.000179038	6101.78
0.000180882	6136.49
0.000182726	6166.03
0.000184569	6190.39
0.000186413	6211.88
0.000188257	6230.44
0.0001901	6247.61
0.000191944	6263.31
0.000193788	6278.03
0.000195631	6291.69
0.000197475	6303.7
0.000199319	6314.01
0.000201162	6320.82
0.000203006	6324.2
0.00020485	6323.5
0.000206693	6315.63
0.000208537	6300.22
0.000210381	6276.6
0.000212224	6242.67
0.000214068	6198.46
0.000215912	6142.49
0.000217755	6074.76
0.000219599	5995.16
0.000221442	5903.66
0.000223286	5801.67
0.00022513	5689.15
0.000226973	5568.86
0.000228817	5440.76
0.000230661	5308.47
0.000232504	5171.95
0.000234348	5034.94
0.000236192	4897.47
0.000238035	4762.66
0.000239879	4630.59
0.000241723	4503.23
0.000243566	4380.68
0.00024541	4263.5
0.000247254	4151.81
0.000249097	4044.75
0.000250941	3942.41
0.000252785	3842.8
0.000254628	3745.97
0.000256472	3649.27
0.000258316	3552.67
0.000260159	3453.52
0.000262003	3351.69
0.000263847	3245.21
0.00026569	3133.86
0.000267534	3016.87
0.000269377	2894.02
0.000271221	2766.01
0.000273065	2632.66
0.000274908	2496.05
0.000276752	2356.11
0.000278596	2215.85
0.000280439	2075.35
0.000282283	1937.82
0.000284127	1803.52
0.00028597	1675.13
0.000287814	1553.02
0.000289658	1438.84
0.000291501	1332.94
0.000293345	1235.74
0.000295189	1147.49
0.000297032	1067.47
0.000298876	995.779
0.00030072	930.93
0.000302563	872.852
0.000304407	819.795
0.000306251	771.536
0.000308094	726.529
0.000309938	684.469
0.000311782	644.312
0.000313625	605.762
0.000315469	568.372
0.000317312	531.928
0.000319156	496.486
0.000321	461.954
0.000322843	428.678
0.000324687	396.684
0.000326531	366.37
0.000328374	337.838
0.000330218	311.348
0.000332062	287.021
0.000333905	264.886
0.000335749	245.027
0.000337593	227.247
0.000339436	211.559
0.00034128	197.619
0.000343124	185.365
0.000344967	174.409
0.000346811	164.633
0.000348655	155.701
0.000350498	147.472
0.000352342	139.721
0.000354186	132.32
0.000356029	125.168
0.000357873	118.177
0.000359717	111.356
0.00036156	104.666
0.000363404	98.1857
0.000365247	91.9259
0.000367091	85.9891
0.000368935	80.4206
0.000370778	75.3029
0.000372622	70.6953
0.000374466	66.6264
0.000376309	63.1448
0.000378153	60.2103
0.000379997	57.8377
0.00038184	55.9246
0.000383684	54.4388
0.000385528	53.2428
0.000387371	52.258
0.000389215	51.351
0.000391059	50.4144
0.000392902	49.3549
0.000394746	48.0663
0.00039659	46.516
0.000398433	44.6308
0.000400277	42.4359
