0.000100103	9.72378e-07
0.00010312	2.28925e-06
0.000106137	6.23988e-06
0.000109154	1.49679e-05
0.000112171	3.58929e-05
0.000115188	8.06287e-05
0.000118205	0.000185116
0.000121222	0.000390826
0.000124239	0.000856332
0.000127256	0.00170513
0.000130273	0.00355477
0.00013329	0.00669816
0.000136307	0.0132504
0.000139324	0.0239245
0.000142341	0.0444513
0.000145358	0.07764
0.000148375	0.134532
0.000151392	0.224425
0.000154408	0.366863
0.000157425	0.583214
0.000160442	0.903061
0.000163459	1.36697
0.000166476	2.01179
0.000169493	2.90094
0.00017251	4.07044
0.000175527	5.60058
0.000178544	7.5161
0.000181561	9.89588
0.000184578	12.7478
0.000187595	16.1261
0.000190612	20.0286
0.000193629	24.4745
0.000196646	29.4721
0.000199663	35.0274
0.00020268	41.1881
0.000205697	48.0088
0.000208714	55.6013
0.000211731	64.1609
0.000214748	73.8669
0.000217765	85.1426
0.000220782	98.2032
0.000223799	113.723
0.000226816	131.884
0.000229833	153.505
0.00023285	178.661
0.000235867	208.066
0.000238884	241.65
0.000241901	279.737
0.000244918	322.151
0.000247935	368.676
0.000250952	419.133
0.000253969	472.888
0.000256986	529.848
0.000260003	589.3
0.00026302	651.243
0.000266037	715.186
0.000269054	781.158
0.000272071	848.927
0.000275088	918.492
0.000278105	989.694
0.000281122	1062.51
0.000284139	1136.74
0.000287156	1212.4
0.000290173	1289.41
0.00029319	1367.88
0.000296207	1448.23
0.000299224	1530.6
0.000302241	1616.02
0.000305258	1704.57
0.000308275	1797.47
0.000311292	1894.63
0.000314309	1996.64
0.000317326	2103.27
0.000320343	2213.75
0.00032336	2327.82
0.000326377	2443.26
0.000329394	2559.92
0.000332411	2674.71
0.000335428	2787.63
0.000338445	2895.71
0.000341462	2999.05
0.000344479	3095.67
0.000347496	3185.71
0.000350513	3268.61
0.00035353	3344.51
0.000356547	3414.27
0.000359564	3477.99
0.000362581	3537.7
0.000365598	3593.48
0.000368615	3648.28
0.000371632	3702.13
0.000374649	3758.64
0.000377666	3817.8
0.000380683	3883.29
0.0003837	3955.07
0.000386717	4035.66
0.000389734	4124.99
0.000392751	4222.8
0.000395768	4329.04
0.000398785	4439.59
0.000401802	4554.46
0.000404819	4666.15
0.000407836	4774.73
0.000410853	4871.59
0.00041387	4956.77
0.000416887	5024.95
0.000419904	5076.64
0.000422921	5091.2
0.000425938	5094.86
0.000428955	5089.74
0.000431972	5048.51
0.000434989	4990.2
0.000438006	4915.77
0.000441023	4827.92
0.00044404	4726.65
0.000447057	4616.47
0.000450074	4497.48
0.000453091	4373.24
0.000456108	4243.87
0.000459125	4111.72
0.000462142	3976.9
0.000465159	3840.93
0.000468176	3703.84
0.000471193	3567.11
0.00047421	3430.7
0.000477227	3296.53
0.000480244	3164.63
0.000483261	3036.99
0.000486278	2913.8
0.000489295	2796.12
0.000492312	2684.26
0.000495329	2577.55
0.000498346	2476.22
0.000501363	2378.02
0.00050438	2282.95
0.000507397	2188.36
0.000510414	2093.96
0.000513431	1998.12
0.000516448	1900.42
0.000519465	1800.89
0.000522482	1699.28
0.000525499	1596.93
0.000528516	1493.85
0.000531533	1391.84
0.00053455	1291.12
0.000537567	1193.21
0.000540584	1098.39
0.000543601	1007.68
0.000546618	921.31
0.000549635	839.932
0.000552652	763.712
0.000555669	693.02
0.000558686	628.007
0.000561703	568.656
0.00056472	515.099
0.000567737	466.805
0.000570754	423.815
0.000573771	385.181
0.000576788	350.783
0.000579805	319.585
0.000582822	291.334
0.000585839	265.245
0.000588856	241.037
0.000591873	218.319
0.00059489	196.888
0.000597907	176.649
0.000600924	157.513
0.000603941	139.506
0.000606958	122.615
0.000609975	106.877
0.000612992	92.3017
0.000616009	78.9061
0.000619026	66.7017
0.000622043	55.6846
0.00062506	45.8652
0.000628077	37.2079
0.000631094	29.7184
0.000634111	23.3107
0.000637128	17.9727
0.000640145	13.5695
0.000643162	10.0586
0.000646179	7.28335
0.000649196	5.17233
0.000652213	3.58259
0.00065523	2.42951
0.000658247	1.60734
0.000661264	1.0375
0.000664281	0.655407
0.000667298	0.401243
0.000670315	0.242235
0.000673332	0.140063
0.000676349	0.0809859
0.000679366	0.0437752
0.000682383	0.0244814
0.0006854	0.012428
0.000688417	0.00667762
0.000691434	0.00322374
0.000694451	0.00163997
0.000697468	0.000681729
0.000700485	0.000362315
