0.000500379	1.73862e-203
0.000510437	1.13616e-196
0.000520494	4.54464e-196
0.000530551	2.14187e-189
0.000540608	8.65511e-189
0.000550665	2.9414e-182
0.000560722	1.20094e-181
0.000570779	2.94254e-175
0.000580836	1.21409e-174
0.000590893	2.14436e-168
0.00060095	8.9424e-168
0.000611007	1.13835e-161
0.000621064	4.79884e-161
0.000631121	4.4021e-155
0.000641178	1.87627e-154
0.000651235	1.24006e-148
0.000661292	5.34482e-148
0.000671349	2.54464e-142
0.000681406	1.1093e-141
0.000691463	3.80371e-136
0.00070152	1.67743e-135
0.000711577	4.14177e-130
0.000721634	1.84807e-129
0.000731691	3.28519e-124
0.000741748	1.48346e-123
0.000751806	1.89814e-118
0.000761863	8.67585e-118
0.00077192	7.98898e-113
0.000781977	3.69685e-112
0.000792034	2.44933e-107
0.000802091	1.14772e-106
0.000812148	5.47011e-102
0.000822205	2.59614e-101
0.000832262	8.89894e-97
0.000842319	4.27867e-96
0.000852376	1.05457e-91
0.000862433	5.13785e-91
0.00087249	9.10345e-87
0.000882547	4.4952e-86
0.000892604	5.72447e-82
0.000902661	2.8656e-81
0.000912718	2.6222e-77
0.000922775	1.33103e-76
0.000932832	8.7499e-73
0.000942889	4.50474e-72
0.000952946	2.12693e-68
0.000963003	1.11089e-67
0.00097306	3.76641e-64
0.000983117	1.99616e-63
0.000993175	4.85889e-60
0.00100323	2.61372e-59
0.00101329	4.56669e-56
0.00102335	2.49385e-55
0.0010334	3.12711e-52
0.00104346	1.73399e-51
0.00105352	1.56025e-48
0.00106357	8.78622e-48
0.00107363	5.67277e-45
0.00108369	3.24459e-44
0.00109374	1.50316e-41
0.0011038	8.73264e-41
0.00111386	2.90336e-38
0.00112392	1.71312e-37
0.00113397	4.0887e-35
0.00114403	2.44976e-34
0.00115409	4.1995e-32
0.00116414	2.55386e-31
0.0011742	3.14724e-29
0.00118426	1.94116e-28
0.00119432	1.72202e-26
0.00120437	1.07591e-25
0.00121443	6.8845e-24
0.00122449	4.34936e-23
0.00123454	2.01327e-21
0.0012446	1.28263e-20
0.00125466	4.31276e-19
0.00126471	2.76006e-18
0.00127477	6.78049e-17
0.00128483	4.33535e-16
0.00129489	7.84319e-15
0.00130494	4.97276e-14
0.001315	6.69571e-13
0.00132506	4.16742e-12
0.00133511	4.23445e-11
0.00134517	2.55341e-10
0.00135523	1.99222e-09
0.00136529	1.14479e-08
0.00137534	7.00414e-08
0.0013854	3.75977e-07
0.00139546	1.84778e-06
0.00140551	9.05812e-06
0.00141557	3.66973e-05
0.00142563	0.000160382
0.00143568	0.000549658
0.00144574	0.00209195
0.0014558	0.00621001
0.00146586	0.0201625
0.00147591	0.0528533
0.00148597	0.144151
0.00149603	0.338143
0.00150608	0.768137
0.00151614	1.66008
0.0015262	3.18455
0.00153625	5.9447
0.00154631	9.94104
0.00155637	15.5695
0.00156643	22.8639
0.00157648	30.9484
0.00158654	39.8575
0.0015966	47.8754
0.00160665	54.941
0.00161671	60.753
0.00162677	65.1822
0.00163683	70.2321
0.00164688	75.9053
0.00165694	84.0592
0.001667	94.8137
0.00167705	108.333
0.00168711	124.516
0.00169717	144.801
0.00170722	168.879
0.00171728	201.804
0.00172734	243.686
0.0017374	299.088
0.00174745	368.796
0.00175751	450.87
0.00176757	545.946
0.00177762	646.652
0.00178768	752.457
0.00179774	859.151
0.00180779	965.504
0.00181785	1075.47
0.00182791	1188.87
0.00183797	1311.17
0.00184802	1443.61
0.00185808	1584.37
0.00186814	1734.44
0.00187819	1885.63
0.00188825	2037.45
0.00189831	2182.43
0.00190837	2318.99
0.00191842	2445.82
0.00192848	2561.64
0.00193854	2670.93
0.00194859	2774.37
0.00195865	2873.68
0.00196871	2970.99
0.00197876	3057.89
0.00198882	3135.5
0.00199888	3186.65
0.00200894	3212
0.00201899	3216.22
0.00202905	3182.42
0.00203911	3121.39
0.00204916	3036.64
0.00205922	2935.05
0.00206928	2819.14
0.00207933	2691.56
0.00208939	2554.03
0.00209945	2405.28
0.00210951	2243.93
0.00211956	2075.25
0.00212962	1898.29
0.00213968	1725.34
0.00214973	1560.16
0.00215979	1408.6
0.00216985	1275.32
0.00217991	1155.16
0.00218996	1048.06
0.00220002	948.392
0.00221008	853.233
0.00222013	763.007
0.00223019	676.793
0.00224025	596.486
0.0022503	523.173
0.00226036	455.868
0.00227042	394.742
0.00228048	338.04
0.00229053	284.609
0.00230059	234.98
0.00231065	188.681
0.0023207	147.529
0.00233076	112.519
0.00234082	83.893
0.00235088	62.6282
0.00236093	46.8648
0.00237099	36.1175
0.00238105	28.4841
0.0023911	22.5657
0.00240116	17.8708
0.00241122	13.5289
0.00242127	9.82107
0.00243133	6.6979
0.00244139	4.22669
0.00245145	2.51253
0.0024615	1.36103
0.00247156	0.666245
0.00248162	0.323749
0.00249167	0.123232
0.00250173	0.0563938
