3.33898e-05	2.31864
3.52334e-05	3.20112
3.70771e-05	4.58916
3.89207e-05	6.42104
4.07644e-05	8.87698
4.2608e-05	12.0842
4.44517e-05	16.1692
4.62953e-05	21.296
4.8139e-05	27.5358
4.99827e-05	35.0469
5.18263e-05	43.795
5.367e-05	53.8604
5.55136e-05	65.0759
5.73573e-05	77.3606
5.92009e-05	90.4376
6.10446e-05	104.014
6.28882e-05	117.787
6.47319e-05	131.286
6.65755e-05	144.305
6.84192e-05	156.337
7.02628e-05	167.392
7.21065e-05	177.153
7.39502e-05	185.889
7.57938e-05	193.701
7.76375e-05	201.054
7.94811e-05	208.571
8.13248e-05	216.764
8.31684e-05	226.678
8.50121e-05	238.69
8.68557e-05	253.959
8.86994e-05	272.602
9.0543e-05	295.497
9.23867e-05	322.489
9.42303e-05	353.86
9.6074e-05	389.3
9.79177e-05	428.432
9.97613e-05	470.981
0.000101605	516.167
0.000103449	563.918
0.000105292	613.541
0.000107136	665.24
0.00010898	718.919
0.000110823	775.01
0.000112667	834.306
0.000114511	897.316
0.000116354	965.661
0.000118198	1039.76
0.000120042	1121.64
0.000121885	1211.53
0.000123729	1311.28
0.000125572	1420.88
0.000127416	1541.51
0.00012926	1672.96
0.000131103	1815.45
0.000132947	1968.67
0.000134791	2131.89
0.000136634	2304.8
0.000138478	2485.95
0.000140322	2675.11
0.000142165	2870.48
0.000144009	3071.93
0.000145853	3277.69
0.000147696	3487.7
0.00014954	3700.45
0.000151384	3915.9
0.000153227	4132.84
0.000155071	4351.22
0.000156915	4569.99
0.000158758	4789.06
0.000160602	5007.33
0.000162446	5224.71
0.000164289	5439.86
0.000166133	5652.72
0.000167977	5861.75
0.00016982	6066.89
0.000171664	6266.54
0.000173507	6460.67
0.000175351	6647.75
0.000177195	6827.79
0.000179038	6999.44
0.000180882	7162.69
0.000182726	7316.41
0.000184569	7460.59
0.000186413	7594.31
0.000188257	7717.57
0.0001901	7829.74
0.000191944	7930.83
0.000193788	8020.67
0.000195631	8099.29
0.000197475	8167.06
0.000199319	8223.99
0.000201162	8270.89
0.000203006	8307.74
0.00020485	8336.27
0.000206693	8356.11
0.000208537	8358.97
0.000210381	8358.92
0.000212224	8355.34
0.000214068	8333.37
0.000215912	8300.86
0.000217755	8257.74
0.000219599	8201.44
0.000221442	8131.96
0.000223286	8048.42
0.00022513	7950.79
0.000226973	7839.53
0.000228817	7714.6
0.000230661	7577.72
0.000232504	7428.86
0.000234348	7270.38
0.000236192	7102.28
0.000238035	6926.81
0.000239879	6744
0.000241723	6555.48
0.000243566	6361.28
0.00024541	6162.54
0.000247254	5959.26
0.000249097	5752.59
0.000250941	5542.49
0.000252785	5330.74
0.000254628	5117.28
0.000256472	4904.79
0.000258316	4693.23
0.000260159	4485.84
0.000262003	4282.7
0.000263847	4086.88
0.00026569	3898.56
0.000267534	3719.86
0.000269377	3551.02
0.000271221	3392.72
0.000273065	3245.19
0.000274908	3107.67
0.000276752	2980.29
0.000278596	2861.32
0.000280439	2750.75
0.000282283	2646.45
0.000284127	2548.31
0.00028597	2454.33
0.000287814	2364.33
0.000289658	2276.69
0.000291501	2191.21
0.000293345	2106.67
0.000295189	2022.88
0.000297032	1938.95
0.000298876	1854.73
0.00030072	1769.62
0.000302563	1683.48
0.000304407	1596.12
0.000306251	1507.42
0.000308094	1417.72
0.000309938	1326.92
0.000311782	1235.92
0.000313625	1144.72
0.000315469	1054.59
0.000317312	965.67
0.000319156	879.32
0.000321	795.805
0.000322843	716.274
0.000324687	641.047
0.000326531	570.849
0.000328374	505.974
0.000330218	446.653
0.000332062	393.084
0.000333905	345.062
0.000335749	302.66
0.000337593	265.374
0.000339436	233.152
0.00034128	205.339
0.000343124	181.789
0.000344967	161.809
0.000346811	145.193
0.000348655	131.279
0.000350498	119.832
0.000352342	110.26
0.000354186	102.318
0.000356029	95.5163
0.000357873	89.6144
0.000359717	84.2556
0.00036156	79.2252
0.000363404	74.3238
0.000365247	69.3866
0.000367091	64.3692
0.000368935	59.1793
0.000370778	53.8907
0.000372622	48.4909
0.000374466	43.1096
0.000376309	37.799
0.000378153	32.6819
0.000379997	27.8415
0.00038184	23.3517
0.000383684	19.2895
0.000385528	15.6685
0.000387371	12.5329
0.000389215	9.84936
0.000391059	7.62091
0.000392902	5.79154
0.000394746	4.33098
0.00039659	3.18245
0.000398433	2.2751
0.000400277	1.63321
