0.000166815	1.8279e-21
0.000172682	1.34979e-20
0.000178548	4.85078e-20
0.000184415	3.34798e-19
0.000190282	1.15561e-18
0.000196148	7.23204e-18
0.000202015	2.47151e-17
0.000207881	1.40555e-16
0.000213748	4.74546e-16
0.000219614	2.45835e-15
0.000225481	8.1804e-15
0.000231347	3.87032e-14
0.000237214	1.2661e-13
0.00024308	5.48605e-13
0.000248947	1.75947e-12
0.000254813	7.0029e-12
0.00026068	2.1955e-11
0.000266547	8.05183e-11
0.000272413	2.46008e-10
0.00027828	8.34058e-10
0.000284146	2.47549e-09
0.000290013	7.785e-09
0.000295879	2.23716e-08
0.000301746	6.54856e-08
0.000307612	1.81593e-07
0.000313479	4.96488e-07
0.000319345	1.32405e-06
0.000325212	3.39299e-06
0.000331078	8.67299e-06
0.000336945	2.09019e-05
0.000342812	5.10443e-05
0.000348678	0.000116071
0.000354545	0.000269965
0.000360411	0.000581008
0.000366278	0.00128332
0.000372144	0.00262144
0.000378011	0.00548432
0.000383877	0.0106603
0.000389744	0.0210766
0.00039561	0.0391673
0.000401477	0.0729473
0.000407343	0.131876
0.00041321	0.229353
0.000419077	0.393657
0.000424943	0.648102
0.00043081	1.05473
0.000436676	1.64784
0.000442543	2.54122
0.000448409	3.77429
0.000454276	5.51767
0.000460142	7.80205
0.000466009	10.827
0.000471875	14.5986
0.000477742	19.2776
0.000483608	24.8414
0.000489475	31.3352
0.000495342	38.7272
0.000501208	46.9335
0.000507075	55.9512
0.000512941	65.6795
0.000518808	76.1759
0.000524674	87.5397
0.000530541	99.8828
0.000536407	113.692
0.000542274	129.084
0.00054814	146.917
0.000554007	167.247
0.000559873	191.014
0.00056574	218.18
0.000571606	249.336
0.000577473	284.379
0.00058334	323.253
0.000589206	365.857
0.000595073	411.563
0.000600939	460.336
0.000606806	511.414
0.000612672	564.838
0.000618539	620.231
0.000624405	677.664
0.000630272	737.354
0.000636138	799.339
0.000642005	864.159
0.000647871	931.796
0.000653738	1002.58
0.000659605	1076.45
0.000665471	1153.17
0.000671338	1232.7
0.000677204	1314.29
0.000683071	1397.93
0.000688937	1482.73
0.000694804	1568.72
0.00070067	1655.18
0.000706537	1742.11
0.000712403	1829
0.00071827	1915.85
0.000724136	2002.25
0.000730003	2088.18
0.00073587	2173.21
0.000741736	2257.37
0.000747603	2340.14
0.000753469	2421.55
0.000759336	2500.84
0.000765202	2578.03
0.000771069	2651.84
0.000776935	2722.27
0.000782802	2787.38
0.000788668	2847.2
0.000794535	2899.55
0.000800401	2944.42
0.000806268	2980.33
0.000812135	3007.28
0.000818001	3024.17
0.000823868	3032.63
0.000829734	3033.06
0.000835601	3025.81
0.000841467	3013.43
0.000847334	2995.9
0.0008532	2975.81
0.000859067	2953.29
0.000864933	2929.71
0.0008708	2905.23
0.000876666	2879.73
0.000882533	2853.31
0.0008884	2824.95
0.000894266	2794.64
0.000900133	2761.4
0.000905999	2725.14
0.000911866	2685.49
0.000917732	2642.38
0.000923599	2595.9
0.000929465	2546.05
0.000935332	2492.88
0.000941198	2436.42
0.000947065	2376.44
0.000952931	2312.92
0.000958798	2245.53
0.000964665	2174.19
0.000970531	2098.94
0.000976398	2019.65
0.000982264	1937.09
0.000988131	1851.18
0.000993997	1763.46
0.000999864	1673.95
0.00100573	1584.63
0.0010116	1495.7
0.00101746	1409.02
0.00102333	1324.92
0.0010292	1244.49
0.00103506	1168.1
0.00104093	1095.66
0.0010468	1027.42
0.00105266	962.251
0.00105853	900.12
0.0010644	839.505
0.00107026	780.097
0.00107613	720.861
0.001082	661.361
0.00108786	601.638
0.00109373	541.382
0.00109959	481.695
0.00110546	422.587
0.00111133	365.656
0.00111719	311.247
0.00112306	260.722
0.00112893	214.591
0.00113479	173.483
0.00114066	137.833
0.00114653	107.468
0.00115239	82.5787
0.00115826	62.4489
0.00116413	46.9944
0.00116999	35.3216
0.00117586	27.1577
0.00118173	21.6919
0.00118759	18.3416
0.00119346	17.3903
0.00119933	17.7137
0.00120519	18.5661
0.00121106	20.5143
0.00121693	23.1134
0.00122279	26.0132
0.00122866	29.1051
0.00123453	32.2717
0.00124039	35.3674
0.00124626	38.3062
0.00125212	40.9403
0.00125799	43.1843
0.00126386	44.8954
0.00126972	45.9587
0.00127559	46.3244
0.00128146	45.8571
0.00128732	44.5768
0.00129319	42.456
0.00129906	39.6463
0.00130492	36.1945
0.00131079	32.3299
0.00131666	28.2051
0.00132252	24.0215
0.00132839	20.0469
0.00133426	16.1896
