3.33898e-05	3.55648e-38
3.59039e-05	1.21115e-36
3.8418e-05	4.73791e-36
4.09322e-05	1.40996e-34
4.34463e-05	5.5033e-34
4.59604e-05	1.42175e-32
4.84746e-05	5.57356e-32
5.09887e-05	1.25108e-30
5.35028e-05	4.92176e-30
5.6017e-05	9.60872e-29
5.85311e-05	3.78958e-28
6.10452e-05	6.44246e-27
6.35594e-05	2.54421e-26
6.60735e-05	3.77172e-25
6.85877e-05	1.48941e-24
7.11018e-05	1.92858e-23
7.36159e-05	7.60301e-23
7.61301e-05	8.61533e-22
7.86442e-05	3.38441e-21
8.11583e-05	3.36341e-20
8.36725e-05	1.31377e-19
8.61866e-05	1.14792e-18
8.87007e-05	4.44756e-18
9.12149e-05	3.42642e-17
9.3729e-05	1.31314e-16
9.62431e-05	8.94834e-16
9.87573e-05	3.3816e-15
0.000101271	2.04556e-14
0.000103786	7.59615e-14
0.0001063	4.09496e-13
0.000108814	1.48859e-12
0.000111328	7.18233e-12
0.000113842	2.54526e-11
0.000116356	1.10425e-10
0.00011887	3.79785e-10
0.000121384	1.4889e-09
0.000123899	4.94641e-09
0.000126413	1.76143e-08
0.000128927	5.62485e-08
0.000131441	1.82921e-07
0.000133955	5.58666e-07
0.000136469	1.66819e-06
0.000138983	4.8485e-06
0.000141498	1.33659e-05
0.000144012	3.67892e-05
0.000146526	9.41266e-05
0.00014904	0.000244232
0.000151554	0.000582896
0.000154068	0.00141989
0.000156582	0.003176
0.000159096	0.00723749
0.000161611	0.0152372
0.000164125	0.0323942
0.000166639	0.0644316
0.000169153	0.127571
0.000171667	0.242241
0.000174181	0.445335
0.000176695	0.81156
0.00017921	1.38905
0.000181724	2.37205
0.000184238	3.83341
0.000186752	6.15166
0.000189266	9.42
0.00019178	14.2569
0.000194294	20.7567
0.000196809	29.7652
0.000199323	41.3529
0.000201837	56.4827
0.000204351	75.1824
0.000206865	98.3468
0.000209379	125.959
0.000211893	158.65
0.000214407	196.377
0.000216922	239.405
0.000219436	287.707
0.00022195	341.3
0.000224464	400.222
0.000226978	464.691
0.000229492	534.826
0.000232006	611.666
0.000234521	695.358
0.000237035	788.048
0.000239549	889.809
0.000242063	1003.33
0.000244577	1128.54
0.000247091	1267.34
0.000249605	1419.56
0.000252119	1584.97
0.000254634	1763.36
0.000257148	1951.71
0.000259662	2149.87
0.000262176	2352.16
0.00026469	2558.52
0.000267204	2761.61
0.000269718	2961.48
0.000272233	3151.27
0.000274747	3331.11
0.000277261	3497.73
0.000279775	3651.24
0.000282289	3794.42
0.000284803	3927.26
0.000287317	4058.41
0.000289831	4187.79
0.000292346	4326.7
0.00029486	4475.09
0.000297374	4642.67
0.000299888	4829.52
0.000302402	5040.84
0.000304916	5276.85
0.00030743	5537.17
0.000309945	5822.1
0.000312459	6125.45
0.000314973	6447.59
0.000317487	6776.51
0.000320001	7112.56
0.000322515	7438.74
0.000325029	7755.19
0.000327544	8042.48
0.000330058	8300.31
0.000332572	8512.43
0.000335086	8679.97
0.0003376	8772.37
0.000340114	8815.18
0.000342628	8814.86
0.000345142	8738.98
0.000347657	8616.13
0.000350171	8448.63
0.000352685	8254.42
0.000355199	8034.18
0.000357713	7807.02
0.000360227	7574.77
0.000362741	7347.76
0.000365256	7128.05
0.00036777	6915.52
0.000370284	6711.36
0.000372798	6508.94
0.000375312	6308.15
0.000377826	6101.93
0.00038034	5889.21
0.000382854	5666.96
0.000385369	5433.99
0.000387883	5192.24
0.000390397	4941.11
0.000392911	4685.74
0.000395425	4426.31
0.000397939	4168.67
0.000400453	3913.56
0.000402968	3665.74
0.000405482	3426.23
0.000407996	3197.5
0.00041051	2980.55
0.000413024	2774.91
0.000415538	2581.17
0.000418052	2396.45
0.000420566	2220.52
0.000423081	2050.21
0.000425595	1884.55
0.000428109	1722.58
0.000430623	1563.28
0.000433137	1408.77
0.000435651	1258.84
0.000438165	1117.28
0.00044068	984.95
0.000443194	864.757
0.000445708	758.099
0.000448222	665.159
0.000450736	586.949
0.00045325	520.869
0.000455764	466.858
0.000458279	421.087
0.000460793	382.415
0.000463307	347.82
0.000465821	315.74
0.000468335	285.153
0.000470849	254.958
0.000473363	225.853
0.000475877	197.666
0.000478392	171.526
0.000480906	147.958
0.00048342	127.35
0.000485934	110.244
0.000488448	96.0478
0.000490962	84.8007
0.000493476	75.5209
0.000495991	67.7457
0.000498505	60.8165
0.000501019	54.1648
0.000503533	47.7079
0.000506047	41.1459
0.000508561	34.7406
0.000511075	28.5325
0.000513589	22.7685
0.000516104	17.6452
0.000518618	13.2145
0.000521132	9.61462
0.000523646	6.73982
0.00052616	4.58701
0.000528674	3.01055
0.000531188	1.85594
0.000533703	1.17609
