0.000500379	3.0377e-18
0.000507084	2.22754e-17
0.000513789	7.99883e-17
0.000520493	5.38627e-16
0.000527198	1.85126e-15
0.000533903	1.11114e-14
0.000540607	3.76599e-14
0.000547312	2.02101e-13
0.000554017	6.73399e-13
0.000560721	3.24214e-12
0.000567426	1.05844e-11
0.000574131	4.58885e-11
0.000580835	1.46243e-10
0.00058754	5.73228e-10
0.000594244	1.77634e-09
0.000600949	6.32172e-09
0.000607654	1.8969e-08
0.000614358	6.15669e-08
0.000621063	1.781e-07
0.000627768	5.29617e-07
0.000634472	1.47034e-06
0.000641177	4.02489e-06
0.000647882	1.06746e-05
0.000654586	2.70251e-05
0.000661291	6.81583e-05
0.000667995	0.000160329
0.0006747	0.000382802
0.000681405	0.000840356
0.000688109	0.00189141
0.000694814	0.00389094
0.000701519	0.00822302
0.000708223	0.0159105
0.000714928	0.0314627
0.000721633	0.0583363
0.000728337	0.1066
0.000735042	0.18852
0.000741746	0.319268
0.000748451	0.529874
0.000755156	0.840324
0.00076186	1.30613
0.000768565	1.94421
0.00077527	2.82738
0.000781974	3.95456
0.000788679	5.38037
0.000795384	7.07286
0.000802088	9.00799
0.000808793	11.1268
0.000815497	13.279
0.000822202	15.4063
0.000828907	17.2547
0.000835611	18.8039
0.000842316	19.8272
0.000849021	20.3333
0.000855725	20.2139
0.00086243	19.6584
0.000869135	18.7565
0.000875839	17.6033
0.000882544	16.5265
0.000889249	15.6558
0.000895953	15.6438
0.000902658	15.8947
0.000909362	16.7258
0.000916067	18.7949
0.000922772	21.5196
0.000929476	24.9392
0.000936181	28.8151
0.000942886	33.1191
0.00094959	37.501
0.000956295	41.9866
0.000963	46.4012
0.000969704	50.8133
0.000976409	55.4272
0.000983113	60.3151
0.000989818	66.0527
0.000996523	72.6807
0.00100323	80.9319
0.00100993	90.8121
0.00101664	102.977
0.00102334	117.42
0.00103005	134.648
0.00103675	154.654
0.00104346	177.854
0.00105016	204.236
0.00105686	234.098
0.00106357	267.409
0.00107027	304.16
0.00107698	344.309
0.00108368	387.354
0.00109039	433.272
0.00109709	481.19
0.0011038	531.117
0.0011105	582.285
0.00111721	634.725
0.00112391	688.332
0.00113062	743.136
0.00113732	799.953
0.00114402	858.793
0.00115073	921.158
0.00115743	987.037
0.00116414	1057.98
0.00117084	1133.97
0.00117755	1215.88
0.00118425	1303.7
0.00119096	1397.08
0.00119766	1496.06
0.00120437	1598.98
0.00121107	1705.88
0.00121778	1814.19
0.00122448	1923.93
0.00123119	2032.47
0.00123789	2139.79
0.00124459	2244.15
0.0012513	2345.49
0.001258	2443.31
0.00126471	2537.57
0.00127141	2628.34
0.00127812	2715.67
0.00128482	2798.82
0.00129153	2877.91
0.00129823	2950.68
0.00130494	3017.19
0.00131164	3074.33
0.00131835	3121.99
0.00132505	3158.5
0.00133175	3184.81
0.00133846	3190.45
0.00134516	3188.74
0.00135187	3183.36
0.00135857	3160.3
0.00136528	3128.53
0.00137198	3089.77
0.00137869	3044.47
0.00138539	2992.84
0.0013921	2935.59
0.0013988	2872.82
0.00140551	2804.95
0.00141221	2731.95
0.00141891	2654.62
0.00142562	2572.96
0.00143232	2488
0.00143903	2399.88
0.00144573	2309.23
0.00145244	2216.21
0.00145914	2120.86
0.00146585	2023.19
0.00147255	1923.25
0.00147926	1820.88
0.00148596	1717.09
0.00149267	1611.72
0.00149937	1507.06
0.00150608	1403.23
0.00151278	1303.04
0.00151948	1207.02
0.00152619	1117.19
0.00153289	1034.27
0.0015396	958.518
0.0015463	890.464
0.00155301	828.608
0.00155971	772.984
0.00156642	721.343
0.00157312	673.206
0.00157983	626.824
0.00158653	581.516
0.00159324	536.707
0.00159994	491.906
0.00160664	447.549
0.00161335	403.533
0.00162005	360.673
0.00162676	319.17
0.00163346	279.682
0.00164017	242.495
0.00164687	207.934
0.00165358	176.213
0.00166028	147.406
0.00166699	121.621
0.00167369	98.7893
0.0016804	78.9491
0.0016871	61.9105
0.00169381	47.657
0.00170051	35.8772
0.00170721	26.482
0.00171392	19.0894
0.00172062	13.5311
0.00172733	9.45304
0.00173403	6.58822
0.00174074	4.87427
0.00174744	3.94184
0.00175415	3.65719
0.00176085	3.989
0.00176756	4.80305
0.00177426	6.0712
0.00178097	7.68993
0.00178767	9.61561
0.00179437	11.6945
0.00180108	13.8424
0.00180778	15.8736
0.00181449	17.6421
0.00182119	19.008
0.0018279	19.7806
0.0018346	20.0382
