0.000500379	6.30931e-71
0.000507922	3.97485e-68
0.000515465	1.58805e-67
0.000523008	8.18411e-65
0.00053055	3.30061e-64
0.000538093	1.39082e-61
0.000545636	5.6647e-61
0.000553179	1.95166e-58
0.000560721	8.02804e-58
0.000568264	2.26141e-55
0.000575807	9.39493e-55
0.00058335	2.16376e-52
0.000590892	9.07882e-52
0.000598435	1.70967e-49
0.000605978	7.24465e-49
0.000613521	1.11561e-46
0.000621063	4.77374e-46
0.000628606	6.01224e-44
0.000636149	2.5975e-43
0.000643692	2.67621e-41
0.000651234	1.1671e-40
0.000658777	9.84027e-39
0.00066632	4.33034e-38
0.000673862	2.98919e-36
0.000681405	1.32678e-35
0.000688948	7.50287e-34
0.000696491	3.35692e-33
0.000704033	1.55638e-31
0.000711576	7.01385e-31
0.000719119	2.66882e-29
0.000726662	1.21019e-28
0.000734204	3.78416e-27
0.000741747	1.72441e-26
0.00074929	4.43835e-25
0.000756833	2.02923e-24
0.000764375	4.30788e-23
0.000771918	1.97216e-22
0.000779461	3.46195e-21
0.000787004	1.58305e-20
0.000794546	2.30494e-19
0.000802089	1.04958e-18
0.000809632	1.27231e-17
0.000817175	5.74833e-17
0.000824717	5.8274e-16
0.00083226	2.60087e-15
0.000839803	2.21672e-14
0.000847345	9.72318e-14
0.000854888	7.01039e-13
0.000862431	3.0039e-12
0.000869974	1.84519e-11
0.000877516	7.67097e-11
0.000885059	4.0466e-10
0.000892602	1.61969e-09
0.000900145	7.40239e-09
0.000907687	2.82873e-08
0.00091523	1.13067e-07
0.000922773	4.08833e-07
0.000930316	1.44339e-06
0.000937858	4.89292e-06
0.000945401	1.54114e-05
0.000952944	4.85303e-05
0.000960487	0.000137714
0.000968029	0.000399336
0.000975572	0.00103036
0.000983115	0.00272985
0.000990658	0.00645748
0.0009982	0.0155306
0.00100574	0.0339171
0.00101329	0.0737051
0.00102083	0.149422
0.00102837	0.292677
0.00103591	0.567147
0.00104346	1.00091
0.001051	1.76076
0.00105854	2.86668
0.00106608	4.58495
0.00107363	6.9197
0.00108117	10.1406
0.00108871	14.2261
0.00109626	19.2662
0.0011038	25.2228
0.00111134	31.8606
0.00111888	39.1516
0.00112643	46.6005
0.00113397	54.2137
0.00114151	61.5653
0.00114906	68.6981
0.0011566	75.7028
0.00116414	82.6318
0.00117168	90.3305
0.00117923	98.8232
0.00118677	109.423
0.00119431	122.114
0.00120185	137.992
0.0012094	157.029
0.00121694	179.688
0.00122448	205.957
0.00123203	235.929
0.00123957	269.603
0.00124711	307.049
0.00125465	348.265
0.0012622	393.064
0.00126974	441.452
0.00127728	492.839
0.00128482	547.213
0.00129237	604.739
0.00129991	665.341
0.00130745	731.724
0.001315	803.784
0.00132254	886.65
0.00133008	980.341
0.00133762	1089.29
0.00134517	1213.75
0.00135271	1353.69
0.00136025	1509.49
0.00136779	1675.65
0.00137534	1852.38
0.00138288	2031.22
0.00139042	2212.07
0.00139797	2386.94
0.00140551	2555.53
0.00141305	2711.98
0.00142059	2856.02
0.00142814	2983.56
0.00143568	3094.37
0.00144322	3185.56
0.00145076	3256.84
0.00145831	3307.23
0.00146585	3337.08
0.00147339	3342.2
0.00148094	3330.3
0.00148848	3303.92
0.00149602	3260.64
0.00150356	3209.88
0.00151111	3152.24
0.00151865	3095.13
0.00152619	3039.84
0.00153373	2988.44
0.00154128	2942.38
0.00154882	2896.5
0.00155636	2851.19
0.00156391	2798.1
0.00157145	2736
0.00157899	2660.29
0.00158653	2569.05
0.00159408	2465.19
0.00160162	2347.75
0.00160916	2224.67
0.0016167	2096.82
0.00162425	1971.03
0.00163179	1849.24
0.00163933	1732.97
0.00164688	1623.61
0.00165442	1518.31
0.00166196	1416.92
0.0016695	1316.57
0.00167705	1216.12
0.00168459	1116.06
0.00169213	1015.62
0.00169968	918.145
0.00170722	824.132
0.00171476	736.529
0.0017223	656.598
0.00172985	584.568
0.00173739	521.216
0.00174493	464.755
0.00175247	414.913
0.00176002	370.132
0.00176756	329.717
0.0017751	293.258
0.00178265	260.448
0.00179019	231.114
0.00179773	205.288
0.00180527	182.238
0.00181282	161.775
0.00182036	143.139
0.0018279	125.832
0.00183544	109.937
0.00184299	95.1717
0.00185053	82.2884
0.00185807	71.5796
0.00186562	63.4106
0.00187316	57.7899
0.0018807	55.7534
0.00188824	55.8324
0.00189579	56.0515
0.00190333	57.0085
0.00191087	57.6948
0.00191841	56.6554
0.00192596	53.8431
0.0019335	49.0846
0.00194104	43.0757
0.00194859	36.0844
0.00195613	28.8882
0.00196367	22.1496
0.00197121	16.1182
0.00197876	11.2816
0.0019863	7.46395
0.00199384	4.6583
0.00200138	2.86702
