3.33898e-05	191.181
3.48982e-05	226.892
3.64066e-05	266.797
3.7915e-05	311.039
3.94234e-05	359.202
4.09318e-05	411.054
4.24402e-05	466.127
4.39487e-05	523.975
4.54571e-05	584.132
4.69655e-05	646.005
4.84739e-05	709.247
4.99823e-05	773.254
5.14907e-05	837.874
5.29991e-05	902.649
5.45076e-05	967.632
5.6016e-05	1032.63
5.75244e-05	1097.83
5.90328e-05	1163.35
6.05412e-05	1229.41
6.20496e-05	1296.33
6.3558e-05	1364.32
6.50665e-05	1433.76
6.65749e-05	1504.79
6.80833e-05	1577.76
6.95917e-05	1652.8
7.11001e-05	1730.19
7.26085e-05	1810.11
7.41169e-05	1892.89
7.56253e-05	1978.84
7.71338e-05	2068.52
7.86422e-05	2162.35
8.01506e-05	2261.26
8.1659e-05	2365.71
8.31674e-05	2476.98
8.46758e-05	2595.44
8.61842e-05	2722.47
8.76927e-05	2858.2
8.92011e-05	3003.73
9.07095e-05	3158.86
9.22179e-05	3323.94
9.37263e-05	3498.46
9.52347e-05	3681.68
9.67431e-05	3872.88
9.82516e-05	4070.15
9.976e-05	4272.73
0.000101268	4477.75
0.000102777	4684.59
0.000104285	4889.93
0.000105794	5093.38
0.000107302	5291.81
0.00010881	5485.14
0.000110319	5671.03
0.000111827	5849.65
0.000113336	6019.89
0.000114844	6182.1
0.000116353	6336.51
0.000117861	6483.5
0.000119369	6624.44
0.000120878	6759.66
0.000122386	6891.2
0.000123895	7019.25
0.000125403	7145.93
0.000126911	7271.24
0.00012842	7396.81
0.000129928	7522.49
0.000131437	7648.94
0.000132945	7775.88
0.000134453	7902.74
0.000135962	8029.22
0.00013747	8153.46
0.000138979	8275.18
0.000140487	8391.47
0.000141996	8502.11
0.000143504	8603.55
0.000145012	8695.71
0.000146521	8775.01
0.000148029	8841.49
0.000149538	8894.12
0.000151046	8931.07
0.000152554	8939.51
0.000154063	8942.02
0.000155571	8934.84
0.00015708	8899.09
0.000158588	8850.55
0.000160097	8788.05
0.000161605	8713.48
0.000163113	8626.88
0.000164622	8531.45
0.00016613	8427.15
0.000167639	8316.7
0.000169147	8200.02
0.000170655	8078.71
0.000172164	7952.69
0.000173672	7822.26
0.000175181	7687.37
0.000176689	7547.29
0.000178197	7402
0.000179706	7250.37
0.000181214	7092.41
0.000182723	6927.29
0.000184231	6755.02
0.00018574	6575.61
0.000187248	6389.04
0.000188756	6196.34
0.000190265	5997.48
0.000191773	5794.3
0.000193282	5586.78
0.00019479	5377.16
0.000196298	5165.43
0.000197807	4953.75
0.000199315	4742.13
0.000200824	4532.27
0.000202332	4324.19
0.000203841	4119.02
0.000205349	3916.79
0.000206857	3718.13
0.000208366	3523.07
0.000209874	3332.04
0.000211383	3145.04
0.000212891	2962.62
0.000214399	2784.78
0.000215908	2612.4
0.000217416	2445.47
0.000218925	2285.27
0.000220433	2131.78
0.000221941	1986.47
0.00022345	1849.37
0.000224958	1721.77
0.000226467	1603.77
0.000227975	1496.12
0.000229484	1398.96
0.000230992	1312.24
0.0002325	1236.12
0.000234009	1169.73
0.000235517	1113.15
0.000237026	1064.83
0.000238534	1024.76
0.000240042	990.985
0.000241551	963.392
0.000243059	939.9
0.000244568	920.329
0.000246076	902.764
0.000247585	886.974
0.000249093	871.425
0.000250601	855.867
0.00025211	839.269
0.000253618	821.401
0.000255127	801.761
0.000256635	780.172
0.000258143	756.603
0.000259652	730.951
0.00026116	703.53
0.000262669	674.323
0.000264177	643.826
0.000265685	612.093
0.000267194	579.655
0.000268702	546.611
0.000270211	513.419
0.000271719	480.192
0.000273228	447.273
0.000274736	414.763
0.000276244	382.907
0.000277753	351.781
0.000279261	321.572
0.00028077	292.337
0.000282278	264.242
0.000283786	237.334
0.000285295	211.766
0.000286803	187.591
0.000288312	164.932
0.00028982	143.844
0.000291329	124.397
0.000292837	106.638
0.000294345	90.5611
0.000295854	76.1951
0.000297362	63.4527
0.000298871	52.3321
0.000300379	42.6844
0.000301887	34.4713
0.000303396	27.5119
0.000304904	21.7362
0.000306413	16.9623
0.000307921	13.1004
0.000309429	9.99032
0.000310938	7.53709
0.000312446	5.61474
0.000313955	4.13513
0.000315463	3.00847
0.000316972	2.16147
0.00031848	1.53569
0.000319988	1.0756
0.000321497	0.746333
0.000323005	0.509212
0.000324514	0.345143
0.000326022	0.229207
0.00032753	0.151811
0.000329039	0.098038
0.000330547	0.0634854
0.000332056	0.0380654
0.000333564	0.0252328
