0.000100103	1.61934e-13
0.000103622	7.86913e-13
0.000107142	2.66185e-12
0.000110662	1.22215e-11
0.000114182	3.86264e-11
0.000117702	1.60303e-10
0.000121222	4.94828e-10
0.000124742	1.86319e-09
0.000128261	5.59647e-09
0.000131781	1.91953e-08
0.000135301	5.58841e-08
0.000138821	1.75333e-07
0.000142341	4.92726e-07
0.000145861	1.42022e-06
0.000149381	3.83617e-06
0.0001529	1.02032e-05
0.00015642	2.63759e-05
0.00015994	6.50215e-05
0.00016346	0.00016017
0.00016698	0.000367563
0.0001705	0.000859163
0.00017402	0.00184309
0.000177539	0.00407156
0.000181059	0.00819715
0.000184579	0.0170499
0.000188099	0.0323305
0.000191619	0.0631055
0.000195139	0.11535
0.000198659	0.207821
0.000202178	0.361435
0.000205698	0.606258
0.000209218	0.993222
0.000212738	1.56304
0.000216258	2.40734
0.000219778	3.5641
0.000223298	5.15722
0.000226817	7.19664
0.000230337	9.78939
0.000233857	12.8953
0.000237377	16.5202
0.000240897	20.5784
0.000244417	24.9085
0.000247937	29.4199
0.000251456	33.8105
0.000254976	38.0361
0.000258496	41.7898
0.000262016	45.094
0.000265536	47.7947
0.000269056	49.9543
0.000272576	51.6279
0.000276095	52.8808
0.000279615	53.9159
0.000283135	54.7967
0.000286655	55.8154
0.000290175	57.0549
0.000293695	58.9394
0.000297214	61.569
0.000300734	65.558
0.000304254	70.9733
0.000307774	78.5039
0.000311294	88.1346
0.000314814	100.324
0.000318334	115.007
0.000321853	132.219
0.000325373	151.959
0.000328893	174.145
0.000332413	198.945
0.000335933	226.944
0.000339453	258.457
0.000342973	295.423
0.000346492	338.129
0.000350012	389.693
0.000353532	450.166
0.000357052	522.538
0.000360572	606.549
0.000364092	703.244
0.000367612	812.16
0.000371131	931.16
0.000374651	1059.79
0.000378171	1192.85
0.000381691	1330.07
0.000385211	1464.67
0.000388731	1596.66
0.000392251	1719.99
0.00039577	1834.96
0.00039929	1938.75
0.00040281	2031.79
0.00040633	2116.46
0.00040985	2193.12
0.00041337	2269.62
0.00041689	2346.14
0.000420409	2434.02
0.000423929	2533.18
0.000427449	2654.4
0.000430969	2797.44
0.000434489	2967.87
0.000438009	3165.47
0.000441529	3387.55
0.000445048	3634.02
0.000448568	3893.89
0.000452088	4167.23
0.000455608	4437.65
0.000459128	4705.3
0.000462648	4953.05
0.000466168	5180.93
0.000469687	5375.84
0.000473207	5537.6
0.000476727	5662.43
0.000480247	5750.75
0.000483767	5789.05
0.000487287	5804.97
0.000490807	5802.66
0.000494326	5769.83
0.000497846	5729.55
0.000501366	5682.64
0.000504886	5639.67
0.000508406	5601.42
0.000511926	5569.83
0.000515446	5545.75
0.000518965	5521.6
0.000522485	5497.71
0.000526005	5462.73
0.000529525	5416.15
0.000533045	5350.39
0.000536565	5264.45
0.000540085	5158.45
0.000543604	5031.64
0.000547124	4889.99
0.000550644	4733.52
0.000554164	4568.94
0.000557684	4396.86
0.000561204	4220.88
0.000564724	4041.62
0.000568243	3859.61
0.000571763	3674.98
0.000575283	3487.84
0.000578803	3297.93
0.000582323	3107.16
0.000585843	2915.33
0.000589362	2726.14
0.000592882	2539.79
0.000596402	2360.07
0.000599922	2187.53
0.000603442	2024.43
0.000606962	1871.39
0.000610482	1728.8
0.000614001	1597.03
0.000617521	1475.23
0.000621041	1363.5
0.000624561	1260.4
0.000628081	1165.85
0.000631601	1078.14
0.000635121	997.063
0.00063864	920.828
0.00064216	849.076
0.00064568	780.435
0.0006492	714.417
0.00065272	650.697
0.00065624	588.869
0.00065976	529.793
0.000663279	473.422
0.000666799	421.111
0.000670319	373.237
0.000673839	330.554
0.000677359	293.587
0.000680879	261.83
0.000684399	235.533
0.000687918	213.187
0.000691438	194.533
0.000694958	177.954
0.000698478	162.82
0.000701998	148.225
0.000705518	133.55
0.000709038	118.817
0.000712557	103.74
0.000716077	88.8996
0.000719597	74.4016
0.000723117	60.8255
0.000726637	48.4777
0.000730157	37.5889
0.000733677	28.4169
0.000737196	20.8291
0.000740716	14.8954
0.000744236	10.3048
0.000747756	6.9534
0.000751276	4.53954
0.000754796	2.88182
0.000758316	1.7776
0.000761835	1.05757
0.000765355	0.618038
0.000768875	0.341912
0.000772395	0.190774
0.000775915	0.0972763
0.000779435	0.052309
0.000782955	0.0251534
0.000786474	0.0127004
0.000789994	0.00577976
0.000793514	0.00272895
0.000797034	0.00107127
0.000800554	0.000518702
