0.000166815	2.86099e-35
0.00017352	1.47522e-33
0.000180225	5.81504e-33
0.000186929	2.50613e-31
0.000193634	9.88854e-31
0.000200339	3.54766e-29
0.000207043	1.40689e-28
0.000213748	4.20594e-27
0.000220453	1.67469e-26
0.000227157	4.17712e-25
0.000233862	1.66789e-24
0.000240566	3.47624e-23
0.000247271	1.38982e-22
0.000253976	2.42503e-21
0.00026068	9.68983e-21
0.000267385	1.41866e-19
0.00027409	5.65264e-19
0.000280794	6.96308e-18
0.000287499	2.75915e-17
0.000294204	2.86898e-16
0.000300908	1.12695e-15
0.000307613	9.92948e-15
0.000314317	3.8517e-14
0.000321022	2.88868e-13
0.000327727	1.10166e-12
0.000334431	7.06921e-12
0.000341136	2.63705e-11
0.000347841	1.4564e-10
0.000354545	5.28325e-10
0.00036125	2.52799e-09
0.000367955	8.86021e-09
0.000374659	3.69987e-08
0.000381364	1.24395e-07
0.000388068	4.56897e-07
0.000394773	1.46236e-06
0.000401478	4.76346e-06
0.000408182	1.43976e-05
0.000414887	4.19451e-05
0.000421592	0.000118748
0.000428296	0.000312026
0.000435001	0.000820751
0.000441706	0.00196091
0.00044841	0.00475605
0.000455115	0.0104088
0.000461819	0.0231204
0.000468524	0.0466527
0.000475229	0.0943689
0.000481933	0.180951
0.000488638	0.328412
0.000495343	0.582653
0.000502047	0.963703
0.000508752	1.55775
0.000515457	2.37383
0.000522161	3.50509
0.000528866	4.93628
0.000535571	6.69484
0.000542275	8.74619
0.00054898	10.9955
0.000555684	13.42
0.000562389	15.8573
0.000569094	18.324
0.000575798	20.7505
0.000582503	23.1785
0.000589208	25.7294
0.000595912	28.4214
0.000602617	31.4485
0.000609322	34.776
0.000616026	38.4134
0.000622731	42.3001
0.000629435	46.1367
0.00063614	49.8974
0.000642845	53.1709
0.000649549	56.0033
0.000656254	58.2843
0.000662959	60.1105
0.000669663	61.9679
0.000676368	63.9502
0.000683073	67.0953
0.000689777	71.4586
0.000696482	78.3564
0.000703186	87.798
0.000709891	101.056
0.000716596	118.09
0.0007233	139.712
0.000730005	165.84
0.00073671	196.371
0.000743414	231.238
0.000750119	269.471
0.000756824	311.081
0.000763528	355.213
0.000770233	401.95
0.000776937	451.823
0.000783642	504.894
0.000790347	563.168
0.000797051	626.626
0.000803756	697.033
0.000810461	774.326
0.000817165	857.886
0.00082387	947.685
0.000830575	1040.41
0.000837279	1136.1
0.000843984	1230.93
0.000850689	1324.92
0.000857393	1416.43
0.000864098	1505.43
0.000870802	1593.1
0.000877507	1679.41
0.000884212	1766.88
0.000890916	1855.52
0.000897621	1947.5
0.000904326	2042.86
0.00091103	2142.92
0.000917735	2247.72
0.00092444	2357.82
0.000931144	2473.32
0.000937849	2593.57
0.000944553	2718.77
0.000951258	2845.76
0.000957963	2974.8
0.000964667	3099.32
0.000971372	3219.44
0.000978077	3326.56
0.000984781	3420.39
0.000991486	3495.13
0.000998191	3552.23
0.0010049	3571.71
0.0010116	3576.87
0.0010183	3574.39
0.00102501	3539.2
0.00103171	3488.07
0.00103842	3423.95
0.00104512	3348.88
0.00105183	3263.14
0.00105853	3170.2
0.00106524	3070.26
0.00107194	2966.73
0.00107865	2860.02
0.00108535	2752.15
0.00109206	2643.77
0.00109876	2533.83
0.00110546	2422.66
0.00111217	2307.38
0.00111887	2187.47
0.00112558	2062.12
0.00113228	1930.38
0.00113899	1795.97
0.00114569	1658.53
0.0011524	1524.76
0.0011591	1395.44
0.00116581	1276.36
0.00117251	1169.04
0.00117922	1075.45
0.00118592	996.957
0.00119263	931.183
0.00119933	878.635
0.00120603	834.184
0.00121274	797.193
0.00121944	762.523
0.00122615	728.704
0.00123285	693.128
0.00123956	654.349
0.00124626	612.983
0.00125297	568.474
0.00125967	523.095
0.00126638	477.307
0.00127308	432.842
0.00127979	390.496
0.00128649	350.609
0.00129319	313.607
0.0012999	279.102
0.0013066	247.059
0.00131331	217.219
0.00132001	189.433
0.00132672	163.724
0.00133342	140.058
0.00134013	118.485
0.00134683	99.0395
0.00135354	81.6585
0.00136024	66.3481
0.00136695	52.983
0.00137365	41.5306
0.00138035	31.8381
0.00138706	23.8578
0.00139376	17.3836
0.00140047	12.338
0.00140717	8.46721
0.00141388	5.64219
0.00142058	3.62296
0.00142729	2.24689
0.00143399	1.34568
0.0014407	0.769114
0.0014474	0.430071
0.00145411	0.220843
0.00146081	0.117846
0.00146752	0.0556859
0.00147422	0.0274643
0.00148092	0.0120667
0.00148763	0.00541962
0.00149433	0.00203209
0.00150104	0.00090291
