3.33898e-05	4.60377e-12
3.55687e-05	1.9815e-11
3.77476e-05	6.54487e-11
3.99264e-05	2.69293e-10
4.21053e-05	8.24296e-10
4.42842e-05	3.08508e-09
4.64631e-05	9.19847e-09
4.8642e-05	3.14362e-08
5.08209e-05	9.09641e-08
5.29998e-05	2.85018e-07
5.51787e-05	7.97319e-07
5.73576e-05	2.30005e-06
5.95365e-05	6.19587e-06
6.17154e-05	1.65261e-05
6.38943e-05	4.26974e-05
6.60732e-05	0.000105755
6.82521e-05	0.000261021
7.0431e-05	0.000602915
7.26099e-05	0.00141611
7.47888e-05	0.00306306
7.69677e-05	0.00682142
7.91465e-05	0.0138713
8.13254e-05	0.0291915
8.35043e-05	0.0560099
8.56832e-05	0.111056
8.78621e-05	0.203875
9.0041e-05	0.377059
9.22199e-05	0.666409
9.43988e-05	1.14518
9.65777e-05	1.91683
9.87566e-05	3.09747
0.000100935	4.90006
0.000103114	7.47058
0.000105293	11.1594
0.000107472	16.0886
0.000109651	22.6948
0.00011183	30.9907
0.000114009	41.3159
0.000116188	53.5041
0.000118367	67.5114
0.000120546	83.0075
0.000122724	99.3372
0.000124903	116.142
0.000127082	132.219
0.000129261	147.389
0.00013144	160.388
0.000133619	171.372
0.000135798	179.773
0.000137977	186.075
0.000140156	191.034
0.000142334	195.266
0.000144513	200.905
0.000146692	208.423
0.000148871	220.66
0.00015105	237.754
0.000153229	262.152
0.000155408	293.664
0.000157587	333.432
0.000159766	381.138
0.000161945	436.462
0.000164123	499.202
0.000166302	568.291
0.000168481	643.78
0.00017066	724.991
0.000172839	812.169
0.000175018	905.813
0.000177197	1006.16
0.000179376	1114.73
0.000181555	1231.56
0.000183733	1358.1
0.000185912	1494.11
0.000188091	1639.63
0.00019027	1794.26
0.000192449	1955.88
0.000194628	2124.16
0.000196807	2295.28
0.000198986	2469.15
0.000201165	2641.81
0.000203344	2813.43
0.000205522	2981.82
0.000207701	3147.34
0.00020988	3310.9
0.000212059	3472.82
0.000214238	3636.95
0.000216417	3803.44
0.000218596	3977.31
0.000220775	4158.47
0.000222954	4350.68
0.000225132	4553.72
0.000227311	4768.42
0.00022949	4994.62
0.000231669	5230.3
0.000233848	5475.42
0.000236027	5726.48
0.000238206	5983.49
0.000240385	6242.55
0.000242564	6503.68
0.000244743	6762.25
0.000246921	7018.27
0.0002491	7265.12
0.000251279	7502.85
0.000253458	7722.29
0.000255637	7923.52
0.000257816	8096.68
0.000259995	8241.77
0.000262174	8354.67
0.000264353	8436.19
0.000266531	8457.18
0.00026871	8461.83
0.000270889	8454.33
0.000273068	8396.36
0.000275247	8319.38
0.000277426	8224.96
0.000279605	8118.09
0.000281784	7999.01
0.000283963	7872.17
0.000286142	7737.72
0.00028832	7598.4
0.000290499	7454.16
0.000292678	7308.65
0.000294857	7161.77
0.000297036	7018.59
0.000299215	6879.29
0.000301394	6747.86
0.000303573	6624.89
0.000305752	6510.02
0.00030793	6403.95
0.000310109	6300.79
0.000312288	6200.87
0.000314467	6095.01
0.000316646	5982.82
0.000318825	5856.16
0.000321004	5714.04
0.000323183	5553.01
0.000325362	5372.01
0.00032754	5173.06
0.000329719	4955.62
0.000331898	4725.24
0.000334077	4482.04
0.000336256	4232.29
0.000338435	3976.56
0.000340614	3720.18
0.000342793	3463.8
0.000344972	3211.84
0.000347151	2964.85
0.000349329	2726.78
0.000351508	2498.21
0.000353687	2282.28
0.000355866	2079.73
0.000358045	1891.87
0.000360224	1719.43
0.000362403	1561.37
0.000364582	1418.02
0.000366761	1286.63
0.000368939	1166.96
0.000371118	1056.01
0.000373297	953.095
0.000375476	856.329
0.000377655	764.957
0.000379834	678.645
0.000382013	596.954
0.000384192	520.606
0.000386371	449.611
0.00038855	384.839
0.000390728	326.601
0.000392907	275.191
0.000395086	230.932
0.000397265	193.307
0.000399444	162.416
0.000401623	137.153
0.000403802	117.319
0.000405981	101.627
0.00040816	89.6632
0.000410338	80.2927
0.000412517	73.0209
0.000414696	67.039
0.000416875	61.8895
0.000419054	57.1365
0.000421233	52.436
0.000423412	47.6946
0.000425591	42.7275
0.00042777	37.6781
0.000429949	32.5286
0.000432127	27.4992
0.000434306	22.6898
0.000436485	18.2537
0.000438664	14.3189
0.000440843	10.9115
0.000443022	8.1085
0.000445201	5.83783
0.00044738	4.09786
0.000449559	2.78495
0.000451737	1.84125
0.000453916	1.18196
0.000456095	0.733442
0.000458274	0.445697
0.000460453	0.258386
0.000462632	0.14922
0.000464811	0.0726768
0.00046699	0.0443459
