0.000100103	4.61522e-07
0.00010312	1.0285e-06
0.000106137	2.72942e-06
0.000109154	6.30178e-06
0.000112171	1.4747e-05
0.000115188	3.22882e-05
0.000118205	7.28199e-05
0.000121222	0.000151599
0.000124239	0.000328783
0.000127256	0.00065251
0.000130273	0.00135805
0.00013329	0.00257575
0.000136307	0.00513515
0.000139324	0.00932968
0.000142341	0.0177889
0.000145358	0.0314808
0.000148375	0.0566526
0.000151392	0.0971144
0.000154408	0.165784
0.000157425	0.273805
0.000160442	0.445827
0.000163459	0.708349
0.000166476	1.10312
0.000169493	1.68478
0.00017251	2.51504
0.000175527	3.69163
0.000178544	5.29263
0.000181561	7.46872
0.000184578	10.3011
0.000187595	13.9869
0.000190612	18.5891
0.000193629	24.318
0.000196646	31.1984
0.000199663	39.3972
0.00020268	48.8959
0.000205697	59.7617
0.000208714	71.956
0.000211731	85.4348
0.000214748	100.187
0.000217765	116.133
0.000220782	133.342
0.000223799	151.857
0.000226816	171.856
0.000229833	193.694
0.00023285	217.63
0.000235867	244.437
0.000238884	274.382
0.000241901	308.588
0.000244918	347.245
0.000247935	391.576
0.000250952	441.634
0.000253969	498.402
0.000256986	561.783
0.000260003	632.214
0.00026302	709.479
0.000266037	793.284
0.000269054	883.338
0.000272071	978.566
0.000275088	1078.66
0.000278105	1181.84
0.000281122	1287.85
0.000284139	1394.47
0.000287156	1501.57
0.000290173	1606.97
0.00029319	1710.73
0.000296207	1811.33
0.000299224	1908.97
0.000302241	2003.34
0.000305258	2094.68
0.000308275	2183.97
0.000311292	2271.4
0.000314309	2358.84
0.000317326	2446.38
0.000320343	2536.07
0.00032336	2627.94
0.000326377	2723.7
0.000329394	2823.31
0.000332411	2927.91
0.000335428	3037.44
0.000338445	3152.4
0.000341462	3272.7
0.000344479	3398.08
0.000347496	3528.42
0.000350513	3662.49
0.00035353	3800.18
0.000356547	3939.26
0.000359564	4079.68
0.000362581	4218.66
0.000365598	4356.2
0.000368615	4489.78
0.000371632	4619.43
0.000374649	4743.49
0.000377666	4861.99
0.000380683	4974.09
0.0003837	5079.81
0.000386717	5178.49
0.000389734	5270.13
0.000392751	5353.58
0.000395768	5428.84
0.000398785	5494.16
0.000401802	5549.54
0.000404819	5593.82
0.000407836	5627.08
0.000410853	5641.11
0.00041387	5646.81
0.000416887	5644.55
0.000419904	5622.75
0.000422921	5588.83
0.000425938	5543.05
0.000428955	5485.44
0.000431972	5416.01
0.000434989	5335.5
0.000438006	5243.91
0.000441023	5142.03
0.00044404	5029.82
0.000447057	4908.44
0.000450074	4777.83
0.000453091	4639.83
0.000456108	4494.38
0.000459125	4344.08
0.000462142	4188.88
0.000465159	4031.97
0.000468176	3873.38
0.000471193	3716.51
0.00047421	3561.47
0.000477227	3411.38
0.000480244	3266.45
0.000483261	3128.89
0.000486278	2998.98
0.000489295	2877.49
0.000492312	2764.69
0.000495329	2659.66
0.000498346	2562.58
0.000501363	2471.12
0.00050438	2385.27
0.000507397	2302.02
0.000510414	2221.19
0.000513431	2140.07
0.000516448	2058.32
0.000519465	1974.4
0.000522482	1887.92
0.000525499	1798.86
0.000528516	1706.94
0.000531533	1613.36
0.00053455	1518.11
0.000537567	1422.89
0.000540584	1327.92
0.000543601	1234.68
0.000546618	1143.48
0.000549635	1055.11
0.000552652	969.836
0.000555669	887.771
0.000558686	809.028
0.000561703	733.445
0.00056472	660.988
0.000567737	591.655
0.000570754	525.365
0.000573771	462.459
0.000576788	402.93
0.000579805	347.326
0.000582822	295.758
0.000585839	248.671
0.000588856	206.251
0.000591873	168.584
0.00059489	135.826
0.000597907	107.641
0.000600924	84.0669
0.000603941	64.4625
0.000606958	48.7192
0.000609975	36.0911
0.000612992	26.3579
0.000616009	18.8426
0.000619026	13.2791
0.000622043	9.15357
0.00062506	6.21592
0.000628077	4.12982
0.000631094	2.69788
0.000634111	1.72748
0.000637128	1.08353
0.000640145	0.668873
0.000643162	0.401869
0.000646179	0.239371
0.000649196	0.137366
0.000652213	0.0790647
0.00065523	0.0429658
0.000658247	0.0241273
0.000661264	0.0124866
0.000664281	0.00678448
0.000667298	0.00336533
0.000670315	0.00175383
0.000673332	0.000834938
0.000676349	0.000416342
0.000679366	0.000190529
0.000682383	9.06739e-05
0.0006854	3.99599e-05
0.000688417	1.81015e-05
0.000691434	7.69755e-06
0.000694451	3.30996e-06
0.000697468	1.24301e-06
0.000700485	5.54032e-07
