0.000166815	9.59912e-16
0.00017352	5.5787e-15
0.000180225	1.94351e-14
0.000186929	1.05238e-13
0.000193634	3.46461e-13
0.000200339	1.68394e-12
0.000207043	5.43811e-12
0.000213748	2.38089e-11
0.000220453	7.51599e-11
0.000227157	2.97543e-10
0.000233862	9.14722e-10
0.000240566	3.28768e-09
0.000247271	9.80353e-09
0.000253976	3.21278e-08
0.00026068	9.25332e-08
0.000267385	2.77734e-07
0.00027409	7.69255e-07
0.000280794	2.12432e-06
0.000287499	5.6331e-06
0.000294204	1.43785e-05
0.000300908	3.63399e-05
0.000307613	8.61281e-05
0.000314317	0.000206561
0.000321022	0.000456586
0.000327727	0.00103474
0.000334431	0.00214205
0.000341136	0.00456919
0.000347841	0.00889268
0.000354545	0.017792
0.00036125	0.0330047
0.000367955	0.0613296
0.000374659	0.109274
0.000381364	0.187689
0.000388068	0.314836
0.000394773	0.506599
0.000401478	0.798396
0.000408182	1.20751
0.000414887	1.78683
0.000421592	2.54597
0.000428296	3.54015
0.000435001	4.76109
0.000441706	6.2335
0.00044841	7.92851
0.000455115	9.80577
0.000461819	11.8263
0.000468524	13.8778
0.000475229	15.9295
0.000481933	17.8329
0.000488638	19.5779
0.000495343	21.0385
0.000502047	22.2234
0.000508752	23.122
0.000515457	23.6566
0.000522161	23.6914
0.000528866	23.694
0.000535571	23.5245
0.000542275	23.0085
0.00054898	22.4952
0.000555684	21.9786
0.000562389	21.6946
0.000569094	21.5726
0.000575798	21.7278
0.000582503	22.4662
0.000589208	23.7059
0.000595912	25.4736
0.000602617	27.833
0.000609322	30.7705
0.000616026	34.2658
0.000622731	38.312
0.000629435	42.8596
0.00063614	47.9085
0.000642845	53.4175
0.000649549	59.3912
0.000656254	65.8184
0.000662959	72.7081
0.000669663	80.0986
0.000676368	88.0053
0.000683073	96.5514
0.000689777	105.761
0.000696482	115.904
0.000703186	127.011
0.000709891	139.558
0.000716596	153.567
0.0007233	169.681
0.000730005	187.895
0.00073671	208.797
0.000743414	232.356
0.000750119	258.793
0.000756824	288.073
0.000763528	319.922
0.000770233	354.324
0.000776937	390.733
0.000783642	429.159
0.000790347	469.199
0.000797051	510.87
0.000803756	554.18
0.000810461	599.138
0.000817165	646.156
0.00082387	695.235
0.000830575	747.077
0.000837279	801.678
0.000843984	859.924
0.000850689	921.808
0.000857393	988.107
0.000864098	1058.83
0.000870802	1134.01
0.000877507	1213.68
0.000884212	1296.47
0.000890916	1382.46
0.000897621	1468.84
0.000904326	1555.65
0.00091103	1639.44
0.000917735	1720.19
0.00092444	1794.88
0.000931144	1863.45
0.000937849	1923.98
0.000944553	1976.37
0.000951258	2019.95
0.000957963	2054.61
0.000964667	2081.02
0.000971372	2099.25
0.000978077	2109.46
0.000984781	2114.47
0.000991486	2115.03
0.000998191	2112.59
0.0010049	2110.12
0.0010116	2107.72
0.0010183	2107.29
0.00102501	2109.67
0.00103171	2113.87
0.00103842	2120.35
0.00104512	2124.25
0.00105183	2125.82
0.00105853	2125.31
0.00106524	2113.78
0.00107194	2090.35
0.00107865	2055.63
0.00108535	2007.43
0.00109206	1944.97
0.00109876	1870.63
0.00110546	1784
0.00111217	1690.29
0.00111887	1589.68
0.00112558	1488.23
0.00113228	1386.73
0.00113899	1289.77
0.00114569	1198.45
0.0011524	1114.42
0.0011591	1038.57
0.00116581	969.746
0.00117251	908.235
0.00117922	851.558
0.00118592	799.377
0.00119263	749.65
0.00119933	701.771
0.00120603	655.042
0.00121274	609.024
0.00121944	564.1
0.00122615	520.196
0.00123285	477.924
0.00123956	437.46
0.00124626	399.036
0.00125297	362.821
0.00125967	328.646
0.00126638	296.531
0.00127308	266.229
0.00127979	237.648
0.00128649	210.732
0.00129319	185.399
0.0012999	161.785
0.0013066	139.901
0.00131331	119.895
0.00132001	101.849
0.00132672	85.7569
0.00133342	71.6852
0.00134013	59.4435
0.00134683	49.0166
0.00135354	40.1214
0.00136024	32.6576
0.00136695	26.3675
0.00137365	21.1158
0.00138035	16.727
0.00138706	13.0835
0.00139376	10.0776
0.00140047	7.62862
0.00140717	5.6576
0.00141388	4.10818
0.00142058	2.90925
0.00142729	2.01118
0.00143399	1.35235
0.0014407	0.884392
0.0014474	0.563125
0.00145411	0.346316
0.00146081	0.208824
0.00146752	0.120005
0.00147422	0.0687137
0.00148092	0.0363381
0.00148763	0.0200317
0.00149433	0.00887756
0.00150104	0.0051595
