3.33898e-05	0.0010992
3.52334e-05	0.00182216
3.70771e-05	0.00399103
3.89207e-05	0.00708434
4.07644e-05	0.0134076
4.2608e-05	0.0233007
4.44517e-05	0.0417568
4.62953e-05	0.0705536
4.8139e-05	0.120654
4.99827e-05	0.197663
5.18263e-05	0.323834
5.367e-05	0.513769
5.55136e-05	0.808689
5.73573e-05	1.24184
5.92009e-05	1.88284
6.10446e-05	2.79891
6.28882e-05	4.09738
6.47319e-05	5.90022
6.65755e-05	8.35871
6.84192e-05	11.6731
7.02628e-05	16.0386
7.21065e-05	21.7545
7.39502e-05	29.0508
7.57938e-05	38.3368
7.76375e-05	49.8564
7.94811e-05	64.1207
8.13248e-05	81.3539
8.31684e-05	102.13
8.50121e-05	126.608
8.68557e-05	155.344
8.86994e-05	188.377
9.0543e-05	226.117
9.23867e-05	268.441
9.42303e-05	315.443
9.6074e-05	366.839
9.79177e-05	422.253
9.97613e-05	481.296
0.000101605	543.074
0.000103449	607.221
0.000105292	672.479
0.000107136	738.674
0.00010898	804.594
0.000110823	870.404
0.000112667	935.551
0.000114511	1000.59
0.000116354	1066.25
0.000118198	1133.38
0.000120042	1204.33
0.000121885	1280.03
0.000123729	1364.25
0.000125572	1457.67
0.000127416	1564.66
0.00012926	1685.41
0.000131103	1823.55
0.000132947	1978.73
0.000134791	2152.54
0.000136634	2344.21
0.000138478	2552.5
0.000140322	2776.5
0.000142165	3012.34
0.000144009	3259.28
0.000145853	3511.83
0.000147696	3769.62
0.00014954	4027.09
0.000151384	4284.2
0.000153227	4536.61
0.000155071	4784.45
0.000156915	5025.05
0.000158758	5258.55
0.000160602	5483.56
0.000162446	5700.09
0.000164289	5907.16
0.000166133	6104.7
0.000167977	6291.49
0.00016982	6467.49
0.000171664	6631.29
0.000173507	6782.97
0.000175351	6921.72
0.000177195	7047.75
0.000179038	7161.79
0.000180882	7264.09
0.000182726	7357.36
0.000184569	7441.79
0.000186413	7521.53
0.000188257	7596.64
0.0001901	7671.42
0.000191944	7745.78
0.000193788	7822.71
0.000195631	7902.02
0.000197475	7984.29
0.000199319	8069.35
0.000201162	8155.03
0.000203006	8241.24
0.00020485	8323.45
0.000206693	8401.65
0.000208537	8469.86
0.000210381	8528.09
0.000212224	8570.51
0.000214068	8597.1
0.000215912	8598.8
0.000217755	8581.59
0.000219599	8544.99
0.000221442	8479.01
0.000223286	8389.91
0.00022513	8277.72
0.000226973	8145.08
0.000228817	7991.9
0.000230661	7823.34
0.000232504	7639.33
0.000234348	7445.39
0.000236192	7241.51
0.000238035	7032.33
0.000239879	6817.9
0.000241723	6601.45
0.000243566	6383.07
0.00024541	6164.79
0.000247254	5946.69
0.000249097	5730.1
0.000250941	5515.09
0.000252785	5302.59
0.000254628	5092.68
0.000256472	4885.92
0.000258316	4682.39
0.000260159	4482.2
0.000262003	4285.38
0.000263847	4091.75
0.00026569	3901.28
0.000267534	3713.98
0.000269377	3529.76
0.000271221	3349.41
0.000273065	3172.83
0.000274908	3001.73
0.000276752	2836.13
0.000278596	2678.18
0.000280439	2528.05
0.000282283	2387.39
0.000284127	2256.52
0.00028597	2135.7
0.000287814	2025.24
0.000289658	1923.8
0.000291501	1831.51
0.000293345	1745.85
0.000295189	1666.71
0.000297032	1591.3
0.000298876	1519.25
0.00030072	1448.36
0.000302563	1378.16
0.000304407	1307.5
0.000306251	1235.96
0.000308094	1163.47
0.000309938	1089.79
0.000311782	1015.67
0.000313625	941.072
0.000315469	867.194
0.000317312	794.171
0.000319156	723.261
0.000321	654.724
0.000322843	589.552
0.000324687	528.052
0.000326531	470.743
0.000328374	417.89
0.000330218	369.491
0.000332062	325.692
0.000333905	286.087
0.000335749	250.67
0.000337593	218.853
0.000339436	190.502
0.00034128	165.068
0.000343124	142.36
0.000344967	121.99
0.000346811	103.785
0.000348655	87.5203
0.000350498	73.0788
0.000352342	60.3264
0.000354186	49.1977
0.000356029	39.5646
0.000357873	31.3834
0.000359717	24.4912
0.00036156	18.8336
0.000363404	14.2211
0.000365247	10.575
0.000367091	7.71126
0.000368935	5.53369
0.000370778	3.89232
0.000372622	2.69078
0.000374466	1.82486
0.000376309	1.21325
0.000378153	0.793472
0.000379997	0.506445
0.00038184	0.319647
0.000383684	0.195465
0.000385528	0.119218
0.000387371	0.0696778
0.000389215	0.0411468
0.000391059	0.022894
0.000392902	0.0131394
0.000394746	0.00691739
0.00039659	0.00388176
0.000398433	0.00176509
0.000400277	0.00105953
