0.000166815	2.29474e-18
0.000172682	1.41667e-17
0.000178548	4.97828e-17
0.000184415	2.88694e-16
0.000190282	9.64574e-16
0.000196148	5.06956e-15
0.000202015	1.66921e-14
0.000207881	7.97267e-14
0.000213748	2.58002e-13
0.000219614	1.12317e-12
0.000225481	3.56191e-12
0.000231347	1.41776e-11
0.000237214	4.39251e-11
0.00024308	1.6039e-10
0.000248947	4.83877e-10
0.000254813	1.62652e-09
0.00026068	4.76186e-09
0.000266547	1.4789e-08
0.000272413	4.18671e-08
0.00027828	1.20583e-07
0.000284146	3.289e-07
0.000290013	8.81793e-07
0.000295879	2.30889e-06
0.000301746	5.78395e-06
0.000307612	1.44861e-05
0.000313479	3.40326e-05
0.000319345	8.12444e-05
0.000325212	0.00017964
0.000331078	0.000407412
0.000336945	0.000850689
0.000342812	0.0018273
0.000348678	0.00361428
0.000354545	0.00733336
0.000360411	0.0137786
0.000366278	0.0263489
0.000372144	0.0480236
0.000378011	0.0854852
0.000383877	0.148623
0.000389744	0.248894
0.00039561	0.410087
0.000401477	0.649855
0.000407343	1.01405
0.00041321	1.52466
0.000419077	2.25433
0.000424943	3.22325
0.00043081	4.52329
0.000436676	6.16429
0.000442543	8.23245
0.000448409	10.7215
0.000454276	13.6767
0.000460142	17.0775
0.000466009	20.9025
0.000471875	25.1255
0.000477742	29.6596
0.000483608	34.484
0.000489475	39.4746
0.000495342	44.6238
0.000501208	49.8137
0.000507075	55.0556
0.000512941	60.2901
0.000518808	65.5547
0.000524674	70.9197
0.000530541	76.4554
0.000536407	82.4557
0.000542274	89.0205
0.00054814	96.7547
0.000554007	105.772
0.000559873	117.015
0.00056574	130.589
0.000571606	147.712
0.000577473	168.455
0.00058334	194.157
0.000589206	224.838
0.000595073	261.73
0.000600939	304.795
0.000606806	354.868
0.000612672	411.856
0.000618539	475.89
0.000624405	546.842
0.000630272	623.911
0.000636138	706.975
0.000642005	794.321
0.000647871	885.876
0.000653738	979.401
0.000659605	1074.9
0.000665471	1170.29
0.000671338	1265.64
0.000677204	1359.71
0.000683071	1452.58
0.000688937	1544.11
0.000694804	1634.35
0.00070067	1723.89
0.000706537	1812.73
0.000712403	1901.35
0.00071827	1989.72
0.000724136	2077.47
0.000730003	2164.58
0.00073587	2249.73
0.000741736	2332.94
0.000747603	2412.67
0.000753469	2488.94
0.000759336	2561.08
0.000765202	2629.11
0.000771069	2693.82
0.000776935	2755.2
0.000782802	2815.06
0.000788668	2873.41
0.000794535	2931.61
0.000800401	2989.75
0.000806268	3047.18
0.000812135	3104.03
0.000818001	3157.15
0.000823868	3206.62
0.000829734	3248.21
0.000835601	3282.2
0.000841467	3300.01
0.000847334	3307.94
0.0008532	3307.03
0.000859067	3287.92
0.000864933	3257.63
0.0008708	3216.63
0.000876666	3168.47
0.000882533	3113.23
0.0008884	3054.79
0.000894266	2993.49
0.000900133	2931
0.000905999	2867.68
0.000911866	2802.7
0.000917732	2736.22
0.000923599	2666.05
0.000929465	2592.08
0.000935332	2512.65
0.000941198	2427.42
0.000947065	2336.66
0.000952931	2240.05
0.000958798	2139.86
0.000964665	2036.03
0.000970531	1931.61
0.000976398	1826.89
0.000982264	1724.25
0.000988131	1624.12
0.000993997	1527.5
0.000999864	1434.72
0.00100573	1345.71
0.0010116	1260.57
0.00101746	1178.95
0.00102333	1100.81
0.0010292	1026.08
0.00103506	954.694
0.00104093	886.847
0.0010468	822.56
0.00105266	761.963
0.00105853	705.122
0.0010644	651.928
0.00107026	602.414
0.00107613	556.302
0.001082	513.556
0.00108786	473.904
0.00109373	437.279
0.00109959	403.486
0.00110546	372.478
0.00111133	344.073
0.00111719	318.253
0.00112306	294.737
0.00112893	273.501
0.00113479	254.115
0.00114066	236.505
0.00114653	220.155
0.00115239	204.917
0.00115826	190.348
0.00116413	176.252
0.00116999	162.398
0.00117586	148.616
0.00118173	134.936
0.00118759	121.277
0.00119346	107.859
0.00119933	94.7154
0.00120519	82.1153
0.00121106	70.1726
0.00121693	59.0837
0.00122279	48.9801
0.00122866	39.9281
0.00123453	32.0204
0.00124039	25.2012
0.00124626	19.4964
0.00125212	14.7737
0.00125799	10.9932
0.00126386	7.9991
0.00126972	5.70696
0.00127559	3.9781
0.00128146	2.712
0.00128732	1.80783
0.00129319	1.17331
0.00129906	0.74735
0.00130492	0.459839
0.00131079	0.279986
0.00131666	0.162526
0.00132252	0.0947735
0.00132839	0.0468245
0.00133426	0.02892
