3.33898e-05	9.03346e-33
3.59039e-05	1.96773e-31
3.8418e-05	7.5999e-31
4.09322e-05	1.46551e-29
4.34463e-05	5.61084e-29
4.59604e-05	9.48e-28
4.84746e-05	3.6351e-27
5.09887e-05	5.38803e-26
5.35028e-05	2.0667e-25
5.6017e-05	2.6912e-24
5.85311e-05	1.03114e-23
6.10452e-05	1.18155e-22
6.35594e-05	4.51484e-22
6.60735e-05	4.56106e-21
6.85877e-05	1.73484e-20
7.11018e-05	1.54848e-19
7.36159e-05	5.85025e-19
7.61301e-05	4.62489e-18
7.86442e-05	1.73142e-17
8.11583e-05	1.21562e-16
8.36725e-05	4.49733e-16
8.61866e-05	2.81285e-15
8.87007e-05	1.02529e-14
9.12149e-05	5.73192e-14
9.3729e-05	2.05162e-13
9.62431e-05	1.029e-12
9.87573e-05	3.60351e-12
0.000101271	1.62799e-11
0.000103786	5.55598e-11
0.0001063	2.27067e-10
0.000108814	7.52025e-10
0.000111328	2.79294e-09
0.000113842	8.93673e-09
0.000116356	3.03037e-08
0.00011887	9.32488e-08
0.000121384	2.90105e-07
0.000123899	8.54438e-07
0.000126413	2.45082e-06
0.000128927	6.87632e-06
0.000131441	1.82731e-05
0.000133955	4.86128e-05
0.000136469	0.000120245
0.000138983	0.000301971
0.000141498	0.000698351
0.000144012	0.00164864
0.000146526	0.00357933
0.00014904	0.00791419
0.000151554	0.0161892
0.000154068	0.0334218
0.000156582	0.0646157
0.000159096	0.124256
0.000161611	0.231994
0.000164125	0.412094
0.000166639	0.725554
0.000169153	1.20632
0.000171667	1.98762
0.000174181	3.11278
0.000176695	4.80632
0.00017921	7.10889
0.000181724	10.3179
0.000184238	14.4567
0.000186752	19.825
0.000189266	26.4291
0.00019178	34.5017
0.000194294	44.0575
0.000196809	55.3002
0.000199323	68.2836
0.000201837	83.3694
0.000204351	100.647
0.000206865	120.82
0.000209379	143.958
0.000211893	171.021
0.000214407	201.999
0.000216922	237.656
0.000219436	277.904
0.00022195	322.827
0.000224464	372.34
0.000226978	425.865
0.000229492	483.426
0.000232006	544.581
0.000234521	609.498
0.000237035	679.064
0.000239549	753.509
0.000242063	835.751
0.000244577	925.943
0.000247091	1028.47
0.000249605	1143.33
0.000252119	1274.63
0.000254634	1422.22
0.000257148	1588.06
0.000259662	1771.95
0.000262176	1972.82
0.00026469	2190.57
0.000267204	2421.78
0.000269718	2666.46
0.000272233	2920.7
0.000274747	3184.56
0.000277261	3455.64
0.000279775	3733.96
0.000282289	4019.53
0.000284803	4312.34
0.000287317	4613.45
0.000289831	4922.87
0.000292346	5239.15
0.00029486	5562.42
0.000297374	5885.06
0.000299888	6207.32
0.000302402	6515.13
0.000304916	6808.62
0.00030743	7072.13
0.000309945	7305.42
0.000312459	7498.85
0.000314973	7651.77
0.000317487	7766.34
0.000320001	7842.19
0.000322515	7887.4
0.000325029	7910.4
0.000327544	7913.84
0.000330058	7912.61
0.000332572	7912.1
0.000335086	7912
0.0003376	7913.09
0.000340114	7920.53
0.000342628	7922.82
0.000345142	7920.64
0.000347657	7914.01
0.000350171	7883.7
0.000352685	7828.32
0.000355199	7748.9
0.000357713	7640.31
0.000360227	7501.42
0.000362741	7335.87
0.000365256	7143.05
0.00036777	6931.01
0.000370284	6699.93
0.000372798	6458.53
0.000375312	6207.65
0.000377826	5953.77
0.00038034	5697.93
0.000382854	5443.17
0.000385369	5190.33
0.000387883	4939.39
0.000390397	4690.68
0.000392911	4442.9
0.000395425	4195.79
0.000397939	3949.13
0.000400453	3702.34
0.000402968	3457.93
0.000405482	3215.61
0.000407996	2980.35
0.00041051	2752.62
0.000413024	2537.64
0.000415538	2336.63
0.000418052	2152.17
0.000420566	1985.66
0.000423081	1835.62
0.000425595	1702.72
0.000428109	1582.53
0.000430623	1474.53
0.000433137	1374.1
0.000435651	1279.89
0.000438165	1189.53
0.00044068	1101.73
0.000443194	1016.75
0.000445708	934.083
0.000448222	855.179
0.000450736	780.35
0.00045325	710.562
0.000455764	646.374
0.000458279	587.659
0.000460793	534.708
0.000463307	486.621
0.000465821	443.289
0.000468335	403.584
0.000470849	367.122
0.000473363	332.944
0.000475877	300.549
0.000478392	269.444
0.000480906	239.178
0.00048342	209.87
0.000485934	181.319
0.000488448	154.091
0.000490962	128.335
0.000493476	104.631
0.000495991	83.3507
0.000498505	64.7039
0.000501019	49.0112
0.000503533	36.0353
0.000506047	25.8361
0.000508561	17.9355
0.000511075	12.1235
0.000513589	7.93746
0.000516104	5.03781
0.000518618	3.11327
0.000521132	1.84626
0.000523646	1.08001
0.00052616	0.592801
0.000528674	0.331025
0.000531188	0.149899
0.000533703	0.0895244
