0.000500379	8.99232e-104
0.00050876	6.06246e-100
0.000517141	2.42472e-99
0.000525522	1.29631e-95
0.000533903	5.23731e-95
0.000542284	2.21999e-91
0.000550665	9.06179e-91
0.000559045	3.04502e-87
0.000567426	1.25598e-86
0.000575807	3.34525e-83
0.000584188	1.39448e-82
0.000592569	2.94354e-79
0.00060095	1.24024e-78
0.00060933	2.07452e-75
0.000617711	8.8363e-75
0.000626092	1.17106e-71
0.000634473	5.04319e-71
0.000642854	5.29489e-68
0.000651235	2.30576e-67
0.000659615	1.91763e-64
0.000667996	8.44509e-64
0.000676377	5.56301e-61
0.000684758	2.47787e-60
0.000693139	1.29273e-57
0.00070152	5.82431e-57
0.0007099	2.40647e-54
0.000718281	1.09675e-53
0.000726662	3.5888e-51
0.000735043	1.65456e-50
0.000743424	4.28787e-48
0.000751805	1.99973e-47
0.000760186	4.10486e-45
0.000768566	1.93638e-44
0.000776947	3.14896e-42
0.000785328	1.50229e-41
0.000793709	1.936e-39
0.00080209	9.33852e-39
0.000810471	9.54092e-37
0.000818851	4.65139e-36
0.000827232	3.76979e-34
0.000835613	1.85648e-33
0.000843994	1.19455e-31
0.000852375	5.93786e-31
0.000860756	3.03667e-29
0.000869136	1.52206e-28
0.000877517	6.1956e-27
0.000885898	3.12706e-26
0.000894279	1.01506e-24
0.00090266	5.14977e-24
0.000911041	1.33628e-22
0.000919421	6.79889e-22
0.000927802	1.41464e-20
0.000936183	7.19701e-20
0.000944564	1.20543e-18
0.000952945	6.10947e-18
0.000961326	8.27703e-17
0.000969707	4.15989e-16
0.000978087	4.58565e-15
0.000986468	2.27243e-14
0.000994849	2.05285e-13
0.00100323	9.96216e-13
0.00101161	7.43763e-12
0.00101999	3.50606e-11
0.00102837	2.18454e-10
0.00103675	9.90968e-10
0.00104513	5.21021e-09
0.00105351	2.25051e-08
0.0010619	1.01061e-07
0.00107028	4.10893e-07
0.00107866	1.59627e-06
0.00108704	6.03512e-06
0.00109542	2.055e-05
0.0011038	7.13666e-05
0.00111218	0.000215725
0.00112056	0.000680074
0.00112894	0.00184651
0.00113732	0.00522812
0.0011457	0.0128814
0.00115409	0.0324665
0.00116247	0.0731798
0.00117085	0.163128
0.00117923	0.338873
0.00118761	0.665839
0.00119599	1.30957
0.00120437	2.28756
0.00121275	3.94793
0.00122113	6.28926
0.00122951	9.65281
0.00123789	14.0128
0.00124627	19.3513
0.00125466	25.6375
0.00126304	32.2966
0.00127142	39.323
0.0012798	45.9514
0.00128818	52.2019
0.00129656	57.7754
0.00130494	62.6915
0.00131332	67.3852
0.0013217	71.8633
0.00133008	77.2864
0.00133846	83.6473
0.00134684	93.1343
0.00135523	105.724
0.00136361	124.514
0.00137199	149.507
0.00138037	182.711
0.00138875	224.223
0.00139713	272.251
0.00140551	326.927
0.00141389	383.239
0.00142227	441.125
0.00143065	497.278
0.00143903	551.385
0.00144741	605.725
0.0014558	660.064
0.00146418	720.049
0.00147256	785.823
0.00148094	861.136
0.00148932	946.331
0.0014977	1041.4
0.00150608	1146.55
0.00151446	1259.94
0.00152284	1381.59
0.00153122	1509.42
0.0015396	1643.4
0.00154798	1781.19
0.00155637	1922.77
0.00156475	2065.52
0.00157313	2209.43
0.00158151	2351.34
0.00158989	2491.4
0.00159827	2624.47
0.00160665	2750.65
0.00161503	2862.55
0.00162341	2959.54
0.00163179	3036.42
0.00164017	3092.76
0.00164855	3124.26
0.00165694	3139.27
0.00166532	3141.72
0.0016737	3133.87
0.00168208	3123.8
0.00169046	3113.34
0.00169884	3100.72
0.00170722	3087.71
0.0017156	3063.05
0.00172398	3025.66
0.00173236	2965.9
0.00174074	2880.39
0.00174912	2771.15
0.00175751	2635.56
0.00176589	2487.19
0.00177427	2326.87
0.00178265	2170.04
0.00179103	2020.69
0.00179941	1885.64
0.00180779	1768.99
0.00181617	1666.38
0.00182455	1578.99
0.00183293	1497.52
0.00184131	1419.93
0.00184969	1340.07
0.00185808	1255.02
0.00186646	1164.81
0.00187484	1067.97
0.00188322	968.166
0.0018916	865.821
0.00189998	764.757
0.00190836	666.223
0.00191674	572.839
0.00192512	485.817
0.0019335	406.577
0.00194188	336.057
0.00195026	274.536
0.00195865	222.597
0.00196703	179.443
0.00197541	145.194
0.00198379	118.265
0.00199217	98.283
0.00200055	83.3049
0.00200893	72.5089
0.00201731	64.2078
0.00202569	57.3208
0.00203407	51.0653
0.00204245	44.5638
0.00205083	38.0237
0.00205922	31.1873
0.0020676	24.6124
0.00207598	18.5671
0.00208436	13.2976
0.00209274	9.11992
0.00210112	5.88059
0.0021095	3.63194
0.00211788	2.1096
0.00212626	1.15185
0.00213464	0.61201
0.00214302	0.290035
0.0021514	0.143359
0.00215979	0.0560932
0.00216817	0.0270047
