3.33898e-05	273.303
3.48982e-05	301.168
3.64066e-05	332.989
3.7915e-05	368.82
3.94234e-05	408.503
4.09318e-05	451.836
4.24402e-05	498.964
4.39487e-05	549.887
4.54571e-05	604.858
4.69655e-05	664.112
4.84739e-05	727.828
4.99823e-05	796.35
5.14907e-05	869.58
5.29991e-05	947.708
5.45076e-05	1030.24
5.6016e-05	1116.92
5.75244e-05	1206.92
5.90328e-05	1299.32
6.05412e-05	1393.28
6.20496e-05	1487.33
6.3558e-05	1580.94
6.50665e-05	1672.58
6.65749e-05	1762.38
6.80833e-05	1849.48
6.95917e-05	1934.75
7.11001e-05	2018.69
7.26085e-05	2102.72
7.41169e-05	2188.95
7.56253e-05	2278.86
7.71338e-05	2375.77
7.86422e-05	2480.58
8.01506e-05	2596.71
8.1659e-05	2724.08
8.31674e-05	2864.75
8.46758e-05	3017.72
8.61842e-05	3182.64
8.76927e-05	3358.03
8.92011e-05	3541.09
9.07095e-05	3730.5
9.22179e-05	3922.04
9.37263e-05	4115.05
9.52347e-05	4305.49
9.67431e-05	4493.43
9.82516e-05	4676.44
9.976e-05	4855.07
0.000101268	5029.02
0.000102777	5198.95
0.000104285	5366.29
0.000105794	5531.51
0.000107302	5696.82
0.00010881	5862.4
0.000110319	6030.2
0.000111827	6200.06
0.000113336	6372.91
0.000114844	6548.37
0.000116353	6725.95
0.000117861	6905.17
0.000119369	7084.23
0.000120878	7262.75
0.000122386	7438.19
0.000123895	7610.38
0.000125403	7776.89
0.000126911	7937.75
0.00012842	8091.34
0.000129928	8237.79
0.000131437	8376.43
0.000132945	8507.34
0.000134453	8630.36
0.000135962	8745.42
0.00013747	8852.08
0.000138979	8950.14
0.000140487	9038.24
0.000141996	9116.16
0.000143504	9181.53
0.000145012	9234.23
0.000146521	9272.23
0.000148029	9294.68
0.000149538	9294.64
0.000151046	9281.55
0.000152554	9253.34
0.000154063	9201.23
0.000155571	9132.72
0.00015708	9047.3
0.000158588	8947.1
0.000160097	8832.2
0.000161605	8706.09
0.000163113	8568.77
0.000164622	8423.64
0.00016613	8270.64
0.000167639	8112.2
0.000169147	7948.23
0.000170655	7779.89
0.000172164	7607.12
0.000173672	7430.3
0.000175181	7249.43
0.000176689	7065.1
0.000178197	6877.36
0.000179706	6687.9
0.000181214	6496.73
0.000182723	6306.8
0.000184231	6118.09
0.00018574	5933.98
0.000187248	5754.45
0.000188756	5582.14
0.000190265	5417.06
0.000191773	5260.13
0.000193282	5111.4
0.00019479	4969.83
0.000196298	4835.49
0.000197807	4705.87
0.000199315	4581.03
0.000200824	4457.95
0.000202332	4336.62
0.000203841	4214.48
0.000205349	4091.44
0.000206857	3966
0.000208366	3838.05
0.000209874	3707.28
0.000211383	3573.6
0.000212891	3437.66
0.000214399	3299.42
0.000215908	3160.06
0.000217416	3019.61
0.000218925	2879.31
0.000220433	2739.24
0.000221941	2600.41
0.00022345	2462.9
0.000224958	2327.39
0.000226467	2193.95
0.000227975	2063.02
0.000229484	1934.62
0.000230992	1809.18
0.0002325	1686.69
0.000234009	1567.72
0.000235517	1452.28
0.000237026	1341.12
0.000238534	1234.27
0.000240042	1132.55
0.000241551	1036.02
0.000243059	945.4
0.000244568	860.783
0.000246076	782.622
0.000247585	711.02
0.000249093	646.115
0.000250601	587.998
0.00025211	536.453
0.000253618	491.551
0.000255127	452.678
0.000256635	419.865
0.000258143	392.082
0.000259652	369.289
0.00026116	350.123
0.000262669	334.435
0.000264177	320.759
0.000265685	308.834
0.000267194	297.402
0.000268702	286.135
0.000270211	274.263
0.000271719	261.474
0.000273228	247.604
0.000274736	232.447
0.000276244	216.355
0.000277753	199.286
0.000279261	181.866
0.00028077	164.209
0.000282278	146.935
0.000283786	130.251
0.000285295	114.568
0.000286803	100.091
0.000288312	86.9568
0.00028982	75.2979
0.000291329	65.0341
0.000292837	56.1991
0.000294345	48.6179
0.000295854	42.2478
0.000297362	36.921
0.000298871	32.566
0.000300379	29.059
0.000301887	26.3382
0.000303396	24.2989
0.000304904	22.8562
0.000306413	22.025
0.000307921	21.6104
0.000309429	21.4881
0.000310938	21.6272
0.000312446	21.8157
0.000313955	21.9684
0.000315463	22.0424
0.000316972	21.857
0.00031848	21.3505
0.000319988	20.5208
0.000321497	19.3928
0.000323005	17.9557
0.000324514	16.3062
0.000326022	14.4926
0.00032753	12.61
0.000329039	10.739
0.000330547	8.9395
0.000332056	7.30382
0.000333564	5.80036
