0.000166815	5.22498e-44
0.00017352	3.00194e-42
0.000180225	1.1851e-41
0.000186929	5.85933e-40
0.000193634	2.31909e-39
0.000200339	9.82879e-38
0.000207043	3.91544e-37
0.000213748	1.42331e-35
0.000220453	5.70366e-35
0.000227157	1.77956e-33
0.000233862	7.1688e-33
0.000240566	1.92138e-31
0.000247271	7.77451e-31
0.000253976	1.7918e-29
0.00026068	7.27525e-29
0.000267385	1.44358e-27
0.00027409	5.87474e-27
0.000280794	1.00504e-25
0.000287499	4.09371e-25
0.000294204	6.04857e-24
0.000300908	2.46182e-23
0.000307613	3.14775e-22
0.000314317	1.27772e-21
0.000321022	1.41708e-20
0.000327727	5.72382e-20
0.000334431	5.52115e-19
0.000341136	2.21335e-18
0.000347841	1.86257e-17
0.000354545	7.38873e-17
0.00036125	5.44341e-16
0.000367955	2.12961e-15
0.000374659	1.37895e-14
0.000381364	5.30032e-14
0.000388068	3.02969e-13
0.000394773	1.13932e-12
0.000401478	5.77673e-12
0.000408182	2.11552e-11
0.000414887	9.56446e-11
0.000421592	3.39396e-10
0.000428296	1.37589e-09
0.000435001	4.70575e-09
0.000441706	1.72064e-08
0.00044841	5.64041e-08
0.000455115	1.87147e-07
0.000461819	5.84653e-07
0.000468524	1.77111e-06
0.000475229	5.24279e-06
0.000481933	1.45886e-05
0.000488638	4.0691e-05
0.000495343	0.000104614
0.000502047	0.000273484
0.000508752	0.000653196
0.000515457	0.00159269
0.000522161	0.00355146
0.000528866	0.0080427
0.000535571	0.0168155
0.000542275	0.0352469
0.00054898	0.0693406
0.000555684	0.134198
0.000562389	0.25413
0.000569094	0.451335
0.000575798	0.798641
0.000582503	1.32162
0.000589208	2.16797
0.000595912	3.36304
0.000602617	5.12584
0.000609322	7.46692
0.000616026	10.6126
0.000622731	14.5471
0.000629435	19.3821
0.00063614	25.0844
0.000642845	31.5653
0.000649549	38.8055
0.000656254	46.599
0.000662959	54.9692
0.000669663	63.8608
0.000676368	73.3348
0.000683073	83.7467
0.000689777	95.1554
0.000696482	108.32
0.000703186	123.261
0.000709891	140.822
0.000716596	160.98
0.0007233	184.297
0.000730005	210.737
0.00073671	240.455
0.000743414	273.432
0.000750119	309.573
0.000756824	348.875
0.000763528	391.199
0.000770233	436.553
0.000776937	484.928
0.000783642	536.346
0.000790347	591.239
0.000797051	649.631
0.000803756	712.751
0.000810461	780.602
0.000817165	854.965
0.00082387	935.818
0.000830575	1024.22
0.000837279	1120.17
0.000843984	1222.49
0.000850689	1331.2
0.000857393	1442.58
0.000864098	1556.68
0.000870802	1668.53
0.000877507	1778.16
0.000884212	1881.34
0.000890916	1978
0.000897621	2066.02
0.000904326	2145.28
0.00091103	2216.34
0.000917735	2279.02
0.00092444	2336.56
0.000931144	2388.83
0.000937849	2440.77
0.000944553	2492.43
0.000951258	2548.35
0.000957963	2608.83
0.000964667	2675.44
0.000971372	2748.62
0.000978077	2825.7
0.000984781	2907.03
0.000991486	2986.53
0.000998191	3064.25
0.0010049	3132.97
0.0010116	3192.4
0.0010183	3236.63
0.00102501	3265.78
0.00103171	3271.23
0.00103842	3258.37
0.00104512	3229.39
0.00105183	3175.27
0.00105853	3103.35
0.00106524	3014.42
0.00107194	2914.16
0.00107865	2802.81
0.00108535	2687.18
0.00109206	2568.03
0.00109876	2450.22
0.00110546	2334.61
0.00111217	2223.36
0.00111887	2117.09
0.00112558	2015.88
0.00113228	1920.05
0.00113899	1828.4
0.00114569	1741.01
0.0011524	1655.97
0.0011591	1573.12
0.00116581	1490.51
0.00117251	1407.72
0.00117922	1323.71
0.00118592	1237.97
0.00119263	1151.01
0.00119933	1062.56
0.00120603	974.386
0.00121274	886.643
0.00121944	801.295
0.00122615	718.841
0.00123285	640.481
0.00123956	566.711
0.00124626	497.836
0.00125297	434.084
0.00125967	375.428
0.00126638	321.864
0.00127308	273.536
0.00127979	230.449
0.00128649	192.846
0.00129319	160.882
0.0012999	134.412
0.0013066	113.624
0.00131331	97.6371
0.00132001	86.414
0.00132672	78.5122
0.00133342	73.5198
0.00134013	70.0117
0.00134683	67.3104
0.00135354	64.5726
0.00136024	61.1531
0.00136695	56.9773
0.00137365	51.7111
0.00138035	45.8012
0.00138706	39.2999
0.00139376	32.7349
0.00140047	26.3934
0.00140717	20.5637
0.00141388	15.5299
0.00142058	11.2882
0.00142729	7.96504
0.00143399	5.39701
0.0014407	3.54734
0.0014474	2.24286
0.00145411	1.36723
0.00146081	0.809079
0.00146752	0.454175
0.00147422	0.253157
0.00148092	0.128243
0.00148763	0.0687272
0.00149433	0.0292874
0.00150104	0.0161408
