0.000100103	0.0427296
0.00010312	0.0671304
0.000106137	0.119005
0.000109154	0.191005
0.000112171	0.304589
0.000115188	0.470654
0.000118205	0.716521
0.000121222	1.06421
0.000124239	1.54968
0.000127256	2.21007
0.000130273	3.08313
0.00013329	4.2201
0.000136307	5.64767
0.000139324	7.42034
0.000142341	9.53916
0.000145358	12.04
0.000148375	14.891
0.000151392	18.0838
0.000154408	21.5619
0.000157425	25.2601
0.000160442	29.1226
0.000163459	33.0436
0.000166476	37.0001
0.000169493	40.894
0.00017251	44.7565
0.000175527	48.5595
0.000178544	52.3868
0.000181561	56.3244
0.000184578	60.4878
0.000187595	65.0807
0.000190612	70.223
0.000193629	76.203
0.000196646	83.1257
0.000199663	91.3167
0.00020268	100.856
0.000205697	112.065
0.000208714	124.989
0.000211731	139.904
0.000214748	156.805
0.000217765	175.864
0.000220782	197.01
0.000223799	220.233
0.000226816	245.411
0.000229833	272.289
0.00023285	300.751
0.000235867	330.35
0.000238884	361.049
0.000241901	392.423
0.000244918	424.575
0.000247935	457.422
0.000250952	491.202
0.000253969	526.446
0.000256986	563.435
0.000260003	603.326
0.00026302	646.32
0.000266037	693.861
0.000269054	745.979
0.000272071	803.837
0.000275088	867.292
0.000278105	936.725
0.000281122	1011.91
0.000284139	1092.29
0.000287156	1177.68
0.000290173	1266.91
0.00029319	1359.9
0.000296207	1455.45
0.000299224	1553.59
0.000302241	1653.6
0.000305258	1755.59
0.000308275	1859.46
0.000311292	1965.32
0.000314309	2073.57
0.000317326	2184.23
0.000320343	2297.85
0.00032336	2414.4
0.000326377	2534.25
0.000329394	2657.37
0.000332411	2783.86
0.000335428	2913.67
0.000338445	3046.66
0.000341462	3182.8
0.000344479	3321.65
0.000347496	3463.17
0.000350513	3606.59
0.00035353	3751.85
0.000356547	3897.75
0.000359564	4044.24
0.000362581	4189.73
0.000365598	4334.21
0.000368615	4475.95
0.000371632	4614.95
0.000374649	4749.6
0.000377666	4879.91
0.000380683	5004.46
0.0003837	5123.25
0.000386717	5234.85
0.000389734	5339.28
0.000392751	5434.77
0.000395768	5521.33
0.000398785	5596.77
0.000401802	5661.11
0.000404819	5712.82
0.000407836	5751.99
0.000410853	5768.41
0.00041387	5775.03
0.000416887	5772.2
0.000419904	5745.49
0.000422921	5704.11
0.000425938	5648.34
0.000428955	5579.17
0.000431972	5496.54
0.000434989	5403.24
0.000438006	5299.26
0.000441023	5187.8
0.00044404	5068.87
0.000447057	4945.81
0.000450074	4818.66
0.000453091	4690.55
0.000456108	4561.57
0.000459125	4434.16
0.000462142	4308.47
0.000465159	4185.73
0.000468176	4066.11
0.000471193	3949.29
0.00047421	3835.45
0.000477227	3722.89
0.000480244	3611.68
0.000483261	3499.44
0.000486278	3386.08
0.000489295	3269.37
0.000492312	3149.11
0.000495329	3023.95
0.000498346	2893.64
0.000501363	2758.15
0.00050438	2617.26
0.000507397	2472.33
0.000510414	2323.22
0.000513431	2172.44
0.000516448	2020
0.000519465	1869.05
0.000522482	1719.78
0.000525499	1575.36
0.000528516	1436.15
0.000531533	1304.69
0.00053455	1181.43
0.000537567	1067.89
0.000540584	964.495
0.000543601	871.571
0.000546618	789.419
0.000549635	717.333
0.000552652	655.43
0.000555669	602.269
0.000558686	557.781
0.000561703	520.124
0.00056472	489.07
0.000567737	462.674
0.000570754	440.588
0.000573771	421.025
0.000576788	403.556
0.000579805	386.792
0.000582822	370.286
0.000585839	353.237
0.000588856	335.259
0.000591873	316.212
0.00059489	295.858
0.000597907	274.62
0.000600924	252.461
0.000603941	230.113
0.000606958	207.735
0.000609975	186.043
0.000612992	165.314
0.000616009	145.993
0.000619026	128.354
0.000622043	112.473
0.00062506	98.5145
0.000628077	86.2568
0.000631094	75.7075
0.000634111	66.5215
0.000637128	58.5793
0.000640145	51.58
0.000643162	45.3549
0.000646179	39.7356
0.000649196	34.5819
0.000652213	29.8513
0.00065523	25.4717
0.000658247	21.4642
0.000661264	17.8181
0.000664281	14.5543
0.000667298	11.689
0.000670315	9.21145
0.000673332	7.13076
0.000676349	5.40605
0.000679366	4.02348
0.000682383	2.93033
0.0006854	2.09272
0.000688417	1.4636
0.000691434	1.00123
0.000694451	0.672676
0.000697468	0.427994
0.000700485	0.284285
