3.33898e-05	2.67002e-35
3.59039e-05	7.72523e-34
3.8418e-05	3.00999e-33
4.09322e-05	7.61572e-32
4.34463e-05	2.95411e-31
4.59604e-05	6.48601e-30
4.84746e-05	2.52408e-29
5.09887e-05	4.81407e-28
5.35028e-05	1.87757e-27
5.6017e-05	3.11457e-26
5.85311e-05	1.21594e-25
6.10452e-05	1.75684e-24
6.35594e-05	6.85572e-24
6.60735e-05	8.64222e-23
6.85877e-05	3.36534e-22
7.11018e-05	3.70849e-21
7.36159e-05	1.43829e-20
7.61301e-05	1.38862e-19
7.86442e-05	5.35197e-19
8.11583e-05	4.53872e-18
8.36725e-05	1.73398e-17
8.61866e-05	1.29541e-16
8.87007e-05	4.8916e-16
9.12149e-05	3.22982e-15
9.3729e-05	1.20158e-14
9.62431e-05	7.03758e-14
9.87573e-05	2.57019e-13
0.000101271	1.34068e-12
0.000103786	4.78759e-12
0.0001063	2.23392e-11
0.000108814	7.7667e-11
0.000111328	3.25707e-10
0.000113842	1.09739e-09
0.000116356	4.15685e-09
0.00011887	1.35061e-08
0.000121384	4.64541e-08
0.000123899	1.44809e-07
0.000126413	4.54698e-07
0.000128927	1.35278e-06
0.000131441	3.89894e-06
0.000133955	1.1013e-05
0.000136469	2.9292e-05
0.000138983	7.8149e-05
0.000141498	0.000192819
0.000144012	0.000483523
0.000146526	0.00111211
0.00014904	0.00260949
0.000151554	0.00561981
0.000154068	0.0122906
0.000156582	0.0248815
0.000159096	0.0505597
0.000161611	0.0968302
0.000164125	0.182195
0.000166639	0.336565
0.000169153	0.583255
0.000171667	1.00388
0.000174181	1.63168
0.000176695	2.62103
0.00017921	4.01014
0.000181724	6.03248
0.000184238	8.72232
0.000186752	12.3642
0.000189266	16.99
0.00019178	22.9093
0.000194294	30.174
0.000196809	39.1871
0.000199323	50.0483
0.000201837	63.462
0.000204351	79.5673
0.000206865	99.5651
0.000209379	123.571
0.000211893	153.166
0.000214407	188.371
0.000216922	230.624
0.000219436	279.857
0.00022195	336.824
0.000224464	401.462
0.000226978	473.899
0.000229492	554.17
0.000232006	642.553
0.000234521	739.177
0.000237035	845.324
0.000239549	961.117
0.000242063	1088.91
0.000244577	1228.72
0.000247091	1383.01
0.000249605	1551.65
0.000252119	1735.72
0.000254634	1935.01
0.000257148	2147.94
0.000259662	2374.35
0.000262176	2609.57
0.00026469	2853.52
0.000267204	3099.08
0.000269718	3346.26
0.000272233	3587.02
0.000274747	3821.46
0.000277261	4043.01
0.000279775	4251.77
0.000282289	4445.02
0.000284803	4622.79
0.000287317	4787.02
0.000289831	4937.69
0.000292346	5079.61
0.00029486	5212.77
0.000297374	5341.58
0.000299888	5466.08
0.000302402	5588.36
0.000304916	5708.47
0.00030743	5827.04
0.000309945	5944.03
0.000312459	6060.66
0.000314973	6176.87
0.000317487	6295.07
0.000320001	6415.27
0.000322515	6539.8
0.000325029	6668.78
0.000327544	6802.92
0.000330058	6942.41
0.000332572	7085.64
0.000335086	7232.87
0.0003376	7379.77
0.000340114	7526.65
0.000342628	7665.8
0.000345142	7797.5
0.000347657	7911.06
0.000350171	8007.88
0.000352685	8062.81
0.000355199	8087.97
0.000357713	8087.46
0.000360227	8025.98
0.000362741	7914.29
0.000365256	7755
0.00036777	7551.13
0.000370284	7301.4
0.000372798	7021.44
0.000375312	6711.31
0.000377826	6390.45
0.00038034	6060.58
0.000382854	5737.38
0.000385369	5423.56
0.000387883	5126.04
0.000390397	4847.15
0.000392911	4585.49
0.000395425	4341.95
0.000397939	4111.39
0.000400453	3893.31
0.000402968	3683.52
0.000405482	3481
0.000407996	3284.36
0.00041051	3092.88
0.000413024	2907.18
0.000415538	2727.13
0.000418052	2553.73
0.000420566	2387.24
0.000423081	2227.96
0.000425595	2076.2
0.000428109	1931.4
0.000430623	1793.63
0.000433137	1661.94
0.000435651	1536.1
0.000438165	1415.48
0.00044068	1299.73
0.000443194	1188.93
0.000445708	1082.93
0.000448222	982.271
0.000450736	887.094
0.00045325	797.715
0.000455764	714.408
0.000458279	636.81
0.000460793	564.997
0.000463307	498.194
0.000465821	436.15
0.000468335	378.352
0.000470849	324.435
0.000473363	274.514
0.000475877	228.444
0.000478392	186.686
0.000480906	149.418
0.00048342	116.855
0.000485934	89.2768
0.000488448	66.3315
0.000490962	48.0869
0.000493476	33.7697
0.000495991	23.1168
0.000498505	15.3
0.000501019	9.84439
0.000503533	6.1363
0.000506047	3.69217
0.000508561	2.17077
0.000511075	1.21197
0.000513589	0.675975
0.000516104	0.34481
0.000518618	0.185343
0.000521132	0.0887374
0.000523646	0.0445456
0.00052616	0.0200955
0.000528674	0.0093736
0.000531188	0.00363748
0.000533703	0.00172544
