0.000500379	1.47448e-22
0.000506246	1.23537e-21
0.000512113	4.49914e-21
0.000517979	3.48674e-20
0.000523846	1.22575e-19
0.000529712	8.55517e-19
0.000535579	2.98179e-18
0.000541445	1.87849e-17
0.000547312	6.47716e-17
0.000553178	3.69221e-16
0.000559045	1.25649e-15
0.000564911	6.49817e-15
0.000570778	2.17689e-14
0.000576644	1.02437e-13
0.000582511	3.36869e-13
0.000588378	1.44684e-12
0.000594244	4.65676e-12
0.000600111	1.83155e-11
0.000605977	5.7512e-11
0.000611844	2.07866e-10
0.00061771	6.34674e-10
0.000623577	2.11565e-09
0.000629443	6.25939e-09
0.00063531	1.93162e-08
0.000641176	5.51806e-08
0.000647043	1.58243e-07
0.000652909	4.34917e-07
0.000658776	1.16346e-06
0.000664643	3.06548e-06
0.000670509	7.67877e-06
0.000676376	1.93278e-05
0.000682242	4.55003e-05
0.000688109	0.000109043
0.000693975	0.000242094
0.000699842	0.000550686
0.000705708	0.0011568
0.000711575	0.00249051
0.000717441	0.00496476
0.000723308	0.010092
0.000729174	0.0191417
0.000735041	0.0366653
0.000740908	0.0673459
0.000746774	0.120446
0.000752641	0.211542
0.000758507	0.3561
0.000764374	0.592544
0.00077024	0.945321
0.000776107	1.48998
0.000781973	2.2587
0.00078784	3.37555
0.000793706	4.87446
0.000799573	6.92397
0.000805439	9.55261
0.000811306	12.9499
0.000817173	17.1387
0.000823039	22.3063
0.000828906	28.4816
0.000834772	35.8674
0.000840639	44.5147
0.000846505	54.7197
0.000852372	66.5543
0.000858238	80.4883
0.000864105	96.5795
0.000869971	115.423
0.000875838	137.009
0.000881704	161.79
0.000887571	189.662
0.000893438	220.545
0.000899304	254.281
0.000905171	290.039
0.000911037	327.696
0.000916904	365.907
0.00092277	404.668
0.000928637	442.795
0.000934503	480.415
0.00094037	517.269
0.000946236	553.547
0.000952103	590.291
0.000957969	627.658
0.000963836	667.731
0.000969703	710.57
0.000975569	758.546
0.000981436	811.616
0.000987302	871.571
0.000993169	938.307
0.000999035	1012.43
0.0010049	1093.82
0.00101077	1181.73
0.00101663	1276.08
0.0010225	1374.98
0.00102837	1478.38
0.00103423	1583.72
0.0010401	1690.97
0.00104597	1797.31
0.00105183	1902.75
0.0010577	2004.68
0.00106357	2103.13
0.00106943	2196.16
0.0010753	2283.8
0.00108117	2365.35
0.00108703	2440.8
0.0010929	2510.88
0.00109877	2575.59
0.00110463	2636.7
0.0011105	2694.21
0.00111637	2749.87
0.00112223	2803.72
0.0011281	2856.33
0.00113397	2907.78
0.00113983	2956.93
0.0011457	3003.84
0.00115157	3046.15
0.00115743	3083.86
0.0011633	3114.73
0.00116916	3138.85
0.00117503	3152.52
0.0011809	3158.99
0.00118676	3158.88
0.00119263	3148.72
0.0011985	3132.3
0.00120436	3109.8
0.00121023	3083.78
0.0012161	3054.34
0.00122196	3023.75
0.00122783	2992.27
0.0012337	2960.34
0.00123956	2928.27
0.00124543	2894.15
0.0012513	2858.14
0.00125716	2816.85
0.00126303	2770.14
0.0012689	2714.97
0.00127476	2650.93
0.00128063	2577.04
0.0012865	2492.86
0.00129236	2399.97
0.00129823	2298.15
0.0013041	2190.7
0.00130996	2077.74
0.00131583	1962.76
0.00132169	1846.18
0.00132756	1730.58
0.00133343	1616.42
0.00133929	1505.07
0.00134516	1396.87
0.00135103	1292.26
0.00135689	1191.42
0.00136276	1094.37
0.00136863	1001.15
0.00137449	911.834
0.00138036	826.385
0.00138623	745.176
0.00139209	668.187
0.00139796	596.074
0.00140383	528.912
0.00140969	467.386
0.00141556	411.685
0.00142143	362.149
0.00142729	319.016
0.00143316	281.95
0.00143903	251.113
0.00144489	225.407
0.00145076	204.78
0.00145663	187.647
0.00146249	173.676
0.00146836	161.352
0.00147422	150.141
0.00148009	139.139
0.00148596	127.823
0.00149182	116.104
0.00149769	103.695
0.00150356	91.1051
0.00150942	78.3634
0.00151529	66.1334
0.00152116	54.6654
0.00152702	44.3987
0.00153289	35.6202
0.00153876	28.4108
0.00154462	22.9455
0.00155049	19.0149
0.00155636	16.4181
0.00156222	15.5502
0.00156809	15.6746
0.00157396	16.0142
0.00157982	17.1219
0.00158569	18.5405
0.00159156	19.8643
0.00159742	20.9561
0.00160329	21.5889
0.00160916	21.8018
0.00161502	21.3975
0.00162089	20.4381
0.00162675	18.9811
0.00163262	17.1686
0.00163849	15.0896
0.00164435	12.8963
0.00165022	10.7253
0.00165609	8.65786
0.00166195	6.82968
0.00166782	5.1943
