0.000100103	2.99335e-18
0.000103622	1.69366e-17
0.000107142	5.87663e-17
0.000110662	3.1596e-16
0.000114182	1.0386e-15
0.000117702	5.10236e-15
0.000121222	1.65245e-14
0.000124742	7.43646e-14
0.000128261	2.36692e-13
0.000131781	9.78387e-13
0.000135301	3.05237e-12
0.000138821	1.16224e-11
0.000142341	3.54413e-11
0.000145861	1.24685e-10
0.000149381	3.70537e-10
0.0001529	1.20822e-09
0.00015642	3.48849e-09
0.00015994	1.05774e-08
0.00016346	2.95782e-08
0.00016698	8.36713e-08
0.0001705	2.25885e-07
0.00017402	5.98154e-07
0.000177539	1.554e-06
0.000181059	3.86498e-06
0.000184579	9.63269e-06
0.000188099	2.25756e-05
0.000191619	5.38123e-05
0.000195139	0.000119219
0.000198659	0.00027101
0.000202178	0.000569286
0.000205698	0.00123092
0.000209218	0.00245854
0.000212738	0.00504467
0.000216258	0.00960497
0.000219778	0.018667
0.000223298	0.0342371
0.000226817	0.0626286
0.000230337	0.111163
0.000233857	0.191067
0.000237377	0.323147
0.000240897	0.527283
0.000244417	0.849021
0.000247937	1.31888
0.000251456	2.02194
0.000254976	2.99729
0.000258496	4.37963
0.000262016	6.20941
0.000265536	8.6653
0.000269056	11.7791
0.000272576	15.746
0.000276095	20.5831
0.000279615	26.4631
0.000283135	33.3935
0.000286655	41.5029
0.000290175	50.8056
0.000293695	61.4145
0.000297214	73.368
0.000300734	86.8446
0.000304254	101.912
0.000307774	118.907
0.000311294	137.911
0.000314814	159.457
0.000318334	183.616
0.000321853	211.052
0.000325373	241.808
0.000328893	276.557
0.000332413	315.318
0.000335933	358.673
0.000339453	406.632
0.000342973	459.687
0.000346492	517.844
0.000350012	581.543
0.000353532	650.771
0.000357052	725.846
0.000360572	806.71
0.000364092	893.312
0.000367612	985.545
0.000371131	1082.68
0.000374651	1184.61
0.000378171	1289.86
0.000381691	1398.39
0.000385211	1508.36
0.000388731	1619.79
0.000392251	1731.2
0.00039577	1842.65
0.00039929	1953.51
0.00040281	2063.86
0.00040633	2174.03
0.00040985	2284.06
0.00041337	2394.83
0.00041689	2506.36
0.000420409	2619.68
0.000423929	2734.76
0.000427449	2852.56
0.000430969	2973.08
0.000434489	3097.2
0.000438009	3224.9
0.000441529	3356.85
0.000445048	3493.04
0.000448568	3633.31
0.000452088	3777.66
0.000455608	3924.38
0.000459128	4073.51
0.000462648	4221.54
0.000466168	4368.52
0.000469687	4509.77
0.000473207	4645.33
0.000476727	4770.59
0.000480247	4885.53
0.000483767	4986.73
0.000487287	5074.11
0.000490807	5145.92
0.000494326	5202.04
0.000497846	5242.78
0.000501366	5268.62
0.000504886	5272.63
0.000508406	5265.94
0.000511926	5250.34
0.000515446	5215.71
0.000518965	5169.71
0.000522485	5113.04
0.000526005	5047.41
0.000529525	4972.89
0.000533045	4891.81
0.000536565	4804.27
0.000540085	4712.16
0.000543604	4615.59
0.000547124	4515.99
0.000550644	4413.45
0.000554164	4309.11
0.000557684	4203.06
0.000561204	4096.15
0.000564724	3988.49
0.000568243	3880.3
0.000571763	3771.74
0.000575283	3662.13
0.000578803	3551.58
0.000582323	3438.62
0.000585843	3323.2
0.000589362	3203.7
0.000592882	3079.89
0.000596402	2950.73
0.000599922	2815.9
0.000603442	2675.52
0.000606962	2529.31
0.000610482	2378.8
0.000614001	2223.83
0.000617521	2067.28
0.000621041	1909.25
0.000624561	1753.53
0.000628081	1600.55
0.000631601	1454.19
0.000635121	1315.2
0.00063864	1186.4
0.00064216	1068.73
0.00064568	962.944
0.0006492	869.819
0.00065272	787.839
0.00065624	717.24
0.00065976	655.039
0.000663279	600.792
0.000666799	551.474
0.000670319	506.175
0.000673839	463.064
0.000677359	421.227
0.000680879	380.398
0.000684399	340.079
0.000687918	301.044
0.000691438	263.324
0.000694958	227.847
0.000698478	194.966
0.000701998	165.131
0.000705518	138.689
0.000709038	115.513
0.000712557	95.7306
0.000716077	78.9064
0.000719597	64.9407
0.000723117	53.4019
0.000726637	44.0898
0.000730157	36.7147
0.000733677	31.1007
0.000737196	27.0547
0.000740716	24.231
0.000744236	23.2282
0.000747756	23.3647
0.000751276	23.7414
0.000754796	25.1887
0.000758316	27.2624
0.000761835	29.449
0.000765355	31.5416
0.000768875	33.4462
0.000772395	34.478
0.000775915	34.6227
0.000779435	34.6679
0.000782955	33.6374
0.000786474	31.5692
0.000789994	29.0003
0.000793514	25.9853
0.000797034	22.7778
0.000800554	19.291
