0.000500379	2.19367e-79
0.000507922	2.83289e-76
0.000515465	1.1325e-75
0.000523008	1.18125e-72
0.00053055	4.76869e-72
0.000538093	4.01625e-69
0.000545636	1.63779e-68
0.000553179	1.11366e-65
0.000560721	4.58787e-65
0.000568264	2.51852e-62
0.000575807	1.04824e-61
0.00058335	4.64521e-59
0.000590892	1.95347e-58
0.000598435	6.98784e-56
0.000605978	2.96926e-55
0.000613521	8.57374e-53
0.000621063	3.68118e-52
0.000628606	8.58034e-50
0.000636149	3.7224e-49
0.000643692	7.00434e-47
0.000651234	3.07013e-46
0.000658777	4.66429e-44
0.00066632	2.06533e-43
0.000673862	2.53394e-41
0.000681405	1.13324e-40
0.000688948	1.12316e-38
0.000696491	5.07175e-38
0.000704033	4.06237e-36
0.000711576	1.85139e-35
0.000719119	1.19917e-33
0.000726662	5.5125e-33
0.000734204	2.88958e-31
0.000741747	1.33879e-30
0.00074929	5.68528e-29
0.000756833	2.65212e-28
0.000764375	9.13629e-27
0.000771918	4.28551e-26
0.000779461	1.19966e-24
0.000787004	5.64871e-24
0.000794546	1.28774e-22
0.000802089	6.07362e-22
0.000809632	1.13064e-20
0.000817175	5.32739e-20
0.000824717	8.12549e-19
0.00083226	3.81219e-18
0.000839803	4.78363e-17
0.000847345	2.22565e-16
0.000854888	2.30917e-15
0.000862431	1.06023e-14
0.000869974	9.14962e-14
0.000877516	4.12154e-13
0.000885059	2.97924e-12
0.000892602	1.30767e-11
0.000900145	7.98174e-11
0.000907687	3.38696e-10
0.00091523	1.76165e-09
0.000922773	7.16321e-09
0.000930316	3.20695e-08
0.000937858	1.2375e-07
0.000945401	4.8203e-07
0.000952944	1.74712e-06
0.000960487	5.98741e-06
0.000968029	2.01698e-05
0.000975572	6.14963e-05
0.000983115	0.000190559
0.000990658	0.000522452
0.0009982	0.00147488
0.00100574	0.00367174
0.00101329	0.00936421
0.00102083	0.0213455
0.00102837	0.048858
0.00103591	0.102646
0.00104346	0.209956
0.001051	0.417083
0.00105854	0.760905
0.00106608	1.37974
0.00107363	2.28892
0.00108117	3.71891
0.00108871	5.66511
0.00109626	8.31365
0.0011038	11.6333
0.00111134	15.5428
0.00111888	20.0028
0.00112643	24.5551
0.00113397	29.1912
0.00114151	33.348
0.00114906	37.069
0.0011566	40.306
0.00116414	43.1291
0.00117168	46.4935
0.00117923	50.4424
0.00118677	56.7344
0.00119431	65.3592
0.00120185	77.9963
0.0012094	94.6077
0.00121694	116
0.00122448	142.149
0.00123203	173.069
0.00123957	208.758
0.00124711	249.193
0.00125465	294.375
0.0012622	344.724
0.00126974	400.236
0.00127728	461.533
0.00128482	528.614
0.00129237	601.886
0.00129991	681.352
0.00130745	767.197
0.001315	859.417
0.00132254	958.255
0.00133008	1063.7
0.00133762	1176.18
0.00134517	1295.71
0.00135271	1422.7
0.00136025	1557.21
0.00136779	1699.09
0.00137534	1848.47
0.00138288	2003.57
0.00139042	2164.61
0.00139797	2327.13
0.00140551	2491.33
0.00141305	2650.53
0.00142059	2804.68
0.00142814	2947.03
0.00143568	3077.26
0.00144322	3190.41
0.00145076	3286.12
0.00145831	3362.22
0.00146585	3420.35
0.00147339	3444.32
0.00148094	3452.66
0.00148848	3451.34
0.00149602	3418.81
0.00150356	3370.98
0.00151111	3310.55
0.00151865	3243.53
0.00152619	3171.04
0.00153373	3096.3
0.00154128	3020.58
0.00154882	2941.1
0.00155636	2857.81
0.00156391	2768.09
0.00157145	2670.81
0.00157899	2568.8
0.00158653	2461.65
0.00159408	2355.1
0.00160162	2250.19
0.00160916	2149.42
0.0016167	2054.16
0.00162425	1961.92
0.00163179	1872.95
0.00163933	1783.18
0.00164688	1691.72
0.00165442	1596.61
0.00166196	1496.76
0.0016695	1393.38
0.00167705	1286.04
0.00168459	1177.84
0.00169213	1069.18
0.00169968	963.091
0.00170722	860.398
0.00171476	763.075
0.0017223	671.866
0.00172985	587.761
0.00173739	511.277
0.00174493	442.663
0.00175247	382.265
0.00176002	329.568
0.00176756	284.701
0.0017751	246.467
0.00178265	214.673
0.00179019	187.852
0.00179773	165.511
0.00180527	146.46
0.00181282	130.092
0.00182036	115.834
0.0018279	103.229
0.00183544	92.2316
0.00184299	82.6975
0.00185053	74.6486
0.00185807	68.1549
0.00186562	62.8961
0.00187316	58.8612
0.0018807	55.4325
0.00188824	52.3251
0.00189579	49.0723
0.00190333	45.2531
0.00191087	40.9075
0.00191841	35.8163
0.00192596	30.408
0.0019335	24.8294
0.00194104	19.476
0.00194859	14.6827
0.00195613	10.5442
0.00196367	7.28913
0.00197121	4.7746
0.00197876	3.00502
0.0019863	1.79742
0.00199384	0.960788
0.00200138	0.560531
