0.000500379	1.02113e-208
0.000509598	1.76381e-201
0.000518817	7.05524e-201
0.000528036	8.5414e-194
0.000537255	3.45151e-193
0.000546474	2.92824e-186
0.000555693	1.19557e-185
0.000564912	7.10691e-179
0.000574131	2.93229e-178
0.00058335	1.2211e-171
0.000592569	5.09222e-171
0.000601788	1.4853e-164
0.000611007	6.26143e-164
0.000620226	1.279e-157
0.000629445	5.45138e-157
0.000638664	7.79678e-151
0.000647883	3.36052e-150
0.000657101	3.36471e-144
0.00066632	1.4668e-143
0.000675539	1.02793e-137
0.000684758	4.53318e-137
0.000693977	2.22313e-131
0.000703196	9.91972e-131
0.000712415	3.40365e-125
0.000721634	1.53696e-124
0.000730853	3.68896e-119
0.000740072	1.68612e-118
0.000749291	2.83033e-113
0.00075851	1.30973e-112
0.000767729	1.53725e-107
0.000776948	7.20339e-107
0.000786167	5.91045e-102
0.000795386	2.80516e-101
0.000804605	1.60866e-96
0.000813823	7.73468e-96
0.000823042	3.09938e-91
0.000832261	1.51005e-90
0.00084148	4.22715e-86
0.000850699	2.08739e-85
0.000859918	4.08114e-81
0.000869137	2.04304e-80
0.000878356	2.78916e-76
0.000887575	1.41585e-75
0.000896794	1.34934e-71
0.000906013	6.94731e-71
0.000915232	4.6209e-67
0.000924451	2.41368e-66
0.00093367	1.12018e-62
0.000942889	5.93753e-62
0.000952108	1.92225e-58
0.000961327	1.03417e-57
0.000970545	2.33504e-54
0.000979764	1.27539e-53
0.000988983	2.00794e-50
0.000998202	1.11367e-49
0.00100742	1.22235e-46
0.00101664	6.8855e-46
0.00102586	5.26809e-43
0.00103508	3.01423e-42
0.0010443	1.60752e-39
0.00105352	9.34296e-39
0.00106273	3.47343e-36
0.00107195	2.05051e-35
0.00108117	5.31549e-33
0.00109039	3.18648e-32
0.00109961	5.76271e-30
0.00110883	3.50622e-29
0.00111805	4.42778e-27
0.00112727	2.73184e-26
0.00113649	2.41253e-24
0.00114571	1.50721e-23
0.00115492	9.32937e-22
0.00116414	5.88862e-21
0.00117336	2.56358e-19
0.00118258	1.62931e-18
0.0011918	5.01401e-17
0.00120102	3.19292e-16
0.00121024	6.99633e-15
0.00121946	4.43231e-14
0.00122868	6.98612e-13
0.00123789	4.35932e-12
0.00124711	5.01169e-11
0.00125633	3.03871e-10
0.00126555	2.5951e-09
0.00127477	1.50188e-08
0.00128399	9.7495e-08
0.00129321	5.26665e-07
0.00130243	2.67067e-06
0.00131165	1.31157e-05
0.00132087	5.35466e-05
0.00133008	0.000232262
0.0013393	0.000787239
0.00134852	0.00293043
0.00135774	0.00848104
0.00136696	0.026415
0.00137618	0.0667602
0.0013854	0.170814
0.00139462	0.385431
0.00140384	0.805922
0.00141305	1.64459
0.00142227	2.90009
0.00143149	4.82412
0.00144071	7.41696
0.00144993	10.6494
0.00145915	14.5163
0.00146837	19.195
0.00147759	24.6441
0.00148681	32.4373
0.00149603	42.524
0.00150524	57.656
0.00151446	77.8909
0.00152368	104.606
0.0015329	137.991
0.00154212	176.073
0.00155134	218.959
0.00156056	263.13
0.00156978	308.435
0.001579	353.344
0.00158821	397.651
0.00159743	442.068
0.00160665	486.487
0.00161587	532.558
0.00162509	580.043
0.00163431	633.111
0.00164353	691.576
0.00165275	761.936
0.00166197	844.475
0.00167118	944.261
0.0016804	1061.67
0.00168962	1200.18
0.00169884	1360.37
0.00170806	1543.01
0.00171728	1749.89
0.0017265	1969.75
0.00173572	2204.38
0.00174494	2427.71
0.00175416	2638.03
0.00176337	2812.77
0.00177259	2946.3
0.00178181	3041.87
0.00179103	3095.18
0.00180025	3132.55
0.00180947	3156.43
0.00181869	3186.95
0.00182791	3231.2
0.00183713	3280.8
0.00184634	3340.41
0.00185556	3377.62
0.00186478	3393.09
0.001874	3394.02
0.00188322	3343.07
0.00189244	3251.35
0.00190166	3124.36
0.00191088	2968.84
0.0019201	2783.87
0.00192932	2589.39
0.00193853	2388.57
0.00194775	2199.12
0.00195697	2028.61
0.00196619	1875.53
0.00197541	1743.77
0.00198463	1619.73
0.00199385	1499.56
0.00200307	1378.93
0.00201229	1253.52
0.0020215	1130.36
0.00203072	1010.56
0.00203994	899.116
0.00204916	799.062
0.00205838	708.782
0.0020676	628.93
0.00207682	556.367
0.00208604	490.012
0.00209526	428.299
0.00210448	369.961
0.00211369	315.624
0.00212291	264.854
0.00213213	219.462
0.00214135	180.515
0.00215057	147.687
0.00215979	121.713
0.00216901	100.235
0.00217823	82.2205
0.00218745	66.5834
0.00219666	52.1685
0.00220588	39.471
0.0022151	28.4535
0.00222432	19.376
0.00223354	12.5536
0.00224276	7.55709
0.00225198	4.3073
0.0022612	2.2785
0.00227042	1.07426
0.00227964	0.522362
0.00228885	0.216287
0.00229807	0.0885938
0.00230729	0.0327855
0.00231651	0.0109388
0.00232573	0.00346419
0.00233495	0.000972652
