0.000500379	2.59857e-79
0.000507922	2.49142e-76
0.000515465	9.95788e-76
0.000523008	7.82036e-73
0.00053055	3.15606e-72
0.000538093	2.02954e-69
0.000545636	8.2731e-69
0.000553179	4.35588e-66
0.000560721	1.79365e-65
0.000568264	7.73167e-63
0.000575807	3.2163e-62
0.00058335	1.135e-59
0.000590892	4.77009e-59
0.000598435	1.37804e-56
0.000605978	5.85125e-56
0.000613521	1.38383e-53
0.000621063	5.93646e-53
0.000628606	1.14942e-50
0.000636149	4.98157e-50
0.000643692	7.8973e-48
0.000651234	3.45757e-47
0.000658777	4.48864e-45
0.00066632	1.98494e-44
0.000673862	2.1107e-42
0.000681405	9.42552e-42
0.000688948	8.21229e-40
0.000696491	3.70213e-39
0.000704033	2.64419e-37
0.000711576	1.20282e-36
0.000719119	7.04675e-35
0.000726662	3.23272e-34
0.000734204	1.5547e-32
0.000741747	7.18741e-32
0.00074929	2.84046e-30
0.000756833	1.32201e-29
0.000764375	4.29886e-28
0.000771918	2.01182e-27
0.000779461	5.39161e-26
0.000787004	2.53319e-25
0.000794546	5.6065e-24
0.000802089	2.63945e-23
0.000809632	4.83643e-22
0.000817175	2.27606e-21
0.000824717	3.46349e-20
0.00083226	1.62459e-19
0.000839803	2.06065e-18
0.000847345	9.60011e-18
0.000854888	1.01952e-16
0.000862431	4.69763e-16
0.000869974	4.19888e-15
0.000877516	1.90403e-14
0.000885059	1.44117e-13
0.000892602	6.39455e-13
0.000900145	4.12736e-12
0.000907687	1.78018e-11
0.00091523	9.87552e-11
0.000922773	4.11011e-10
0.000930316	1.97668e-09
0.000937858	7.87468e-09
0.000945401	3.31388e-08
0.000952944	1.25288e-07
0.000960487	4.6586e-07
0.000968029	1.65671e-06
0.000975572	5.49687e-06
0.000983115	1.8225e-05
0.000990658	5.44831e-05
0.0009982	0.000166982
0.00100574	0.000453896
0.00101329	0.00127594
0.00102083	0.00317972
0.00102837	0.00814352
0.00103591	0.0187372
0.00104346	0.0434897
0.001051	0.0929054
0.00105854	0.19474
0.00106608	0.390283
0.00107363	0.737634
0.00108117	1.39865
0.00108871	2.40349
0.00109626	4.11407
0.0011038	6.54938
0.00111134	10.202
0.00111888	15.0634
0.00112643	21.5226
0.00113397	29.5442
0.00114151	39.1145
0.00114906	50.2056
0.0011566	62.4275
0.00116414	75.7955
0.00117168	90.1118
0.00117923	105.422
0.00118677	122.347
0.00119431	140.909
0.00120185	162.348
0.0012094	186.642
0.00121694	214.56
0.00122448	246.072
0.00123203	280.777
0.00123957	318.673
0.00124711	359.131
0.00125465	402.157
0.0012622	448.713
0.00126974	498.776
0.00127728	555.159
0.00128482	617.854
0.00129237	689.229
0.00129991	769.359
0.00130745	857.576
0.001315	953.995
0.00132254	1055.11
0.00133008	1160.94
0.00133762	1268.07
0.00134517	1376.37
0.00135271	1484.88
0.00136025	1593.48
0.00136779	1703.04
0.00137534	1813.59
0.00138288	1925.37
0.00139042	2038.52
0.00139797	2151.79
0.00140551	2265.16
0.00141305	2377.57
0.00142059	2488.86
0.00142814	2599.56
0.00143568	2709.72
0.00144322	2819.36
0.00145076	2928.99
0.00145831	3034.27
0.00146585	3135.64
0.00147339	3224.36
0.00148094	3299.96
0.00148848	3355.63
0.00149602	3391.35
0.00150356	3398.67
0.00151111	3388.4
0.00151865	3365.15
0.00152619	3323.74
0.00153373	3273.05
0.00154128	3214.98
0.00154882	3149.63
0.00155636	3077.84
0.00156391	2996.14
0.00157145	2904.15
0.00157899	2799.68
0.00158653	2681.66
0.00159408	2552.41
0.00160162	2411.27
0.00160916	2264.34
0.0016167	2112.01
0.00162425	1961.04
0.00163179	1812.69
0.00163933	1671.43
0.00164688	1538.67
0.00165442	1415.67
0.00166196	1303.32
0.0016695	1200.55
0.00167705	1107.64
0.00168459	1022.25
0.00169213	944.16
0.00169968	870.719
0.00170722	801.21
0.00171476	734.005
0.0017223	668.186
0.00172985	604.198
0.00173739	541.633
0.00174493	482.248
0.00175247	426.518
0.00176002	375.439
0.00176756	329.761
0.0017751	288.782
0.00178265	252.628
0.00179019	220.074
0.00179773	190.579
0.00180527	163.886
0.00181282	139.56
0.00182036	118.248
0.0018279	100.128
0.00183544	85.5185
0.00184299	74.8664
0.00185053	67.4074
0.00185807	63.1705
0.00186562	60.7757
0.00187316	59.5998
0.0018807	58.5366
0.00188824	56.772
0.00189579	54.0721
0.00190333	49.9038
0.00191087	44.7531
0.00191841	38.6365
0.00192596	32.195
0.0019335	25.8208
0.00194104	19.869
0.00194859	14.7469
0.00195613	10.4465
0.00196367	7.14725
0.00197121	4.65664
0.00197876	2.92024
0.0019863	1.75302
0.00199384	0.940292
0.00200138	0.555579
