0.000166815	6.47127e-22
0.000172682	8.84899e-21
0.000178548	3.34546e-20
0.000184415	3.99676e-19
0.000190282	1.47835e-18
0.000196148	1.51929e-17
0.000202015	5.58421e-17
0.000207881	4.95059e-16
0.000213748	1.80312e-15
0.000219614	1.38343e-14
0.000225481	4.97716e-14
0.000231347	3.31714e-13
0.000237214	1.1745e-12
0.00024308	6.8283e-12
0.000248947	2.36958e-11
0.000254813	1.20741e-10
0.00026068	4.08757e-10
0.000266547	1.83502e-09
0.000272413	6.02949e-09
0.00027828	2.39841e-08
0.000284146	7.60631e-08
0.000290013	2.69737e-07
0.000295879	8.20761e-07
0.000301746	2.6116e-06
0.000307612	7.57706e-06
0.000313479	2.17774e-05
0.000319345	5.9861e-05
0.000325212	0.000156453
0.000331078	0.000404855
0.000336945	0.000968608
0.000342812	0.00234511
0.000348678	0.00516851
0.000354545	0.0116411
0.000360411	0.0237728
0.000366278	0.04956
0.000372144	0.0947244
0.000378011	0.18149
0.000383877	0.332728
0.000389744	0.578011
0.00039561	0.981806
0.000401477	1.57972
0.000407343	2.48308
0.00041321	3.71591
0.000419077	5.40967
0.000424943	7.55156
0.00043081	10.2125
0.000436676	13.3366
0.000442543	16.8421
0.000448409	20.665
0.000454276	24.5715
0.000460142	28.5514
0.000466009	32.3839
0.000471875	36.1493
0.000477742	39.8947
0.000483608	43.7573
0.000489475	48.1851
0.000495342	53.2796
0.000501208	59.72
0.000507075	67.4889
0.000512941	77.0605
0.000518808	88.3009
0.000524674	101.082
0.000530541	115.254
0.000536407	130.104
0.000542274	145.59
0.00054814	160.937
0.000554007	176.245
0.000559873	191.333
0.00056574	206.376
0.000571606	222.064
0.000577473	238.544
0.00058334	257.13
0.000589206	277.889
0.000595073	302.259
0.000600939	330.248
0.000606806	363.059
0.000612672	400.696
0.000618539	444.147
0.000624405	493.453
0.000630272	549.739
0.000636138	613.062
0.000642005	684.921
0.000647871	765.302
0.000653738	855.561
0.000659605	955.549
0.000665471	1065.09
0.000671338	1183.95
0.000677204	1309.07
0.000683071	1440.27
0.000688937	1571.64
0.000694804	1703.12
0.00070067	1827.69
0.000706537	1945.46
0.000712403	2050.89
0.00071827	2144.13
0.000724136	2223.2
0.000730003	2288.23
0.00073587	2341.49
0.000741736	2383.02
0.000747603	2418.32
0.000753469	2447.38
0.000759336	2476.51
0.000765202	2505.69
0.000771069	2539.22
0.000776935	2577.15
0.000782802	2620.22
0.000788668	2668.52
0.000794535	2720.03
0.000800401	2774.8
0.000806268	2830.21
0.000812135	2886.25
0.000818001	2941.2
0.000823868	2995.01
0.000829734	3046.52
0.000835601	3095.76
0.000841467	3141.06
0.000847334	3182.47
0.0008532	3217.69
0.000859067	3246.67
0.000864933	3267.45
0.0008708	3280.06
0.000876666	3281.82
0.000882533	3274.62
0.0008884	3258.96
0.000894266	3231.73
0.000900133	3194.3
0.000905999	3146.93
0.000911866	3089.41
0.000917732	3021.67
0.000923599	2944.33
0.000929465	2857.3
0.000935332	2762.1
0.000941198	2658.67
0.000947065	2549.24
0.000952931	2433.89
0.000958798	2315.02
0.000964665	2192.83
0.000970531	2069.41
0.000976398	1944.98
0.000982264	1821.12
0.000988131	1698.01
0.000993997	1576.98
0.000999864	1458.14
0.00100573	1343.02
0.0010116	1231.73
0.00101746	1126.01
0.00102333	1026.1
0.0010292	933.418
0.00103506	848.308
0.00104093	771.23
0.0010468	702.516
0.00105266	641.494
0.00105853	588.323
0.0010644	541.442
0.00107026	500.759
0.00107613	464.313
0.001082	431.744
0.00108786	401.383
0.00109373	372.694
0.00109959	344.953
0.00110546	317.691
0.00111133	291.268
0.00111719	265.547
0.00112306	241.37
0.00112893	218.976
0.00113479	198.79
0.00114066	181.164
0.00114653	165.658
0.00115239	152.376
0.00115826	140.373
0.00116413	129.375
0.00116999	118.704
0.00117586	107.932
0.00118173	97.1121
0.00118759	86.0197
0.00119346	75.2386
0.00119933	64.9009
0.00120519	55.546
0.00121106	47.4988
0.00121693	40.8618
0.00122279	35.8679
0.00122866	32.2081
0.00123453	29.8746
0.00124039	28.4074
0.00124626	27.6039
0.00125212	27.0855
0.00125799	26.5847
0.00126386	25.9138
0.00126972	24.8541
0.00127559	23.4206
0.00128146	21.5136
0.00128732	19.2883
0.00129319	16.7833
0.00129906	14.1817
0.00130492	11.6152
0.00131079	9.19527
0.00131666	7.05901
0.00132252	5.21674
0.00132839	3.72943
0.00133426	2.57622
