0.000100103	1.94265e-19
0.000103622	1.31246e-18
0.000107142	4.66704e-18
0.000110662	2.95442e-17
0.000114182	1.00425e-16
0.000117702	5.76366e-16
0.000121222	1.93554e-15
0.000124742	1.0096e-14
0.000128261	3.34151e-14
0.000131781	1.5883e-13
0.000135301	5.1675e-13
0.000138821	2.24467e-12
0.000142341	7.15874e-12
0.000145861	2.85045e-11
0.000149381	8.88456e-11
0.0001529	3.25324e-10
0.00015642	9.87888e-10
0.00015994	3.33777e-09
0.00016346	9.84208e-09
0.00016698	3.07909e-08
0.0001705	8.78646e-08
0.00017402	2.5544e-07
0.000177539	7.02971e-07
0.000181059	1.90601e-06
0.000184579	5.041e-06
0.000188099	1.27932e-05
0.000191619	3.24057e-05
0.000195139	7.72497e-05
0.000198659	0.000186783
0.000202178	0.00041967
0.000205698	0.00096554
0.000209218	0.00205134
0.000212738	0.00447767
0.000216258	0.0090222
0.000219778	0.0186358
0.000223298	0.0357082
0.000226817	0.0696415
0.000230337	0.12838
0.000233857	0.234766
0.000237377	0.417579
0.000240897	0.715456
0.000244417	1.20781
0.000247937	1.95918
0.000251456	3.13598
0.000254976	4.82855
0.000258496	7.32775
0.000262016	10.7323
0.000265536	15.4576
0.000269056	21.5773
0.000272576	29.5559
0.000276095	39.41
0.000279615	51.5058
0.000283135	65.8016
0.000286655	82.4272
0.000290175	101.326
0.000293695	122.395
0.000297214	145.626
0.000300734	170.888
0.000304254	198.25
0.000307774	227.843
0.000311294	259.765
0.000314814	294.504
0.000318334	332.083
0.000321853	373.036
0.000325373	417.225
0.000328893	464.577
0.000332413	514.807
0.000335933	566.648
0.000339453	619.807
0.000342973	671.845
0.000346492	722.638
0.000350012	769.474
0.000353532	812.504
0.000357052	850.222
0.000360572	883.005
0.000364092	911.807
0.000367612	937.049
0.000371131	962.35
0.000374651	987.986
0.000378171	1019.18
0.000381691	1055.97
0.000385211	1103.46
0.000388731	1161.51
0.000392251	1233.64
0.00039577	1319.65
0.00039929	1420.9
0.00040281	1537.22
0.00040633	1667.93
0.00040985	1812.89
0.00041337	1969.75
0.00041689	2138.43
0.000420409	2315.16
0.000423929	2499.9
0.000427449	2687.83
0.000430969	2878.96
0.000434489	3068.09
0.000438009	3255.27
0.000441529	3435.99
0.000445048	3610.3
0.000448568	3775.54
0.000452088	3931.73
0.000455608	4078.66
0.000459128	4216.33
0.000462648	4346.58
0.000466168	4469.38
0.000469687	4587.07
0.000473207	4699.66
0.000476727	4808
0.000480247	4912.18
0.000483767	5010.48
0.000487287	5103
0.000490807	5186.14
0.000494326	5259.91
0.000497846	5320.76
0.000501366	5368.57
0.000504886	5401.78
0.000508406	5420.41
0.000511926	5422.53
0.000515446	5411.45
0.000518965	5387.92
0.000522485	5350.04
0.000526005	5300.04
0.000529525	5238.11
0.000533045	5164.87
0.000536565	5080.27
0.000540085	4985.61
0.000543604	4880.74
0.000547124	4768.43
0.000550644	4648.57
0.000554164	4525.25
0.000557684	4398.61
0.000561204	4272.61
0.000564724	4147.71
0.000568243	4025.9
0.000571763	3907.77
0.000575283	3792.34
0.000578803	3680.02
0.000582323	3567.23
0.000585843	3453.96
0.000589362	3335.76
0.000592882	3212.09
0.000596402	3079.89
0.000599922	2938.31
0.000603442	2787.38
0.000606962	2626.35
0.000610482	2458.65
0.000614001	2284.07
0.000617521	2108.13
0.000621041	1931.34
0.000624561	1759.16
0.000628081	1592.62
0.000631601	1435.27
0.000635121	1288.22
0.00063864	1152.52
0.00064216	1028.91
0.00064568	916.529
0.0006492	815.574
0.00065272	724.336
0.00065624	642.589
0.00065976	568.63
0.000663279	502.04
0.000666799	441.519
0.000670319	386.64
0.000673839	336.579
0.000677359	290.995
0.000680879	249.466
0.000684399	211.77
0.000687918	177.741
0.000691438	147.28
0.000694958	120.284
0.000698478	96.7349
0.000701998	76.4283
0.000705518	59.3516
0.000709038	45.1332
0.000712557	33.6974
0.000716077	24.563
0.000719597	17.5682
0.000723117	12.2394
0.000726637	8.35946
0.000730157	5.55636
0.000733677	3.61297
0.000737196	2.28984
0.000740716	1.41296
0.000744236	0.854437
0.000747756	0.498435
0.000751276	0.28814
0.000754796	0.157484
0.000758316	0.0878486
0.000761835	0.0449768
0.000765355	0.024192
0.000768875	0.0117621
0.000772395	0.00599926
0.000775915	0.00277678
0.000779435	0.00133871
0.000782955	0.000591517
0.000786474	0.000268641
0.000789994	0.000113657
0.000793514	4.84549e-05
0.000797034	1.8003e-05
0.000800554	7.85242e-06
