0.000166815	2.76344e-87
0.00017352	2.23407e-82
0.000180225	8.93622e-82
0.000186929	4.71816e-77
0.000193634	1.90654e-76
0.000200339	6.57314e-72
0.000207043	2.68367e-71
0.000213748	6.04092e-67
0.000220453	2.49236e-66
0.000227157	3.66244e-62
0.000233862	1.5272e-61
0.000240566	1.46482e-57
0.000247271	6.17439e-57
0.000253976	3.86505e-53
0.00026068	1.64709e-52
0.000267385	6.72828e-49
0.00027409	2.89919e-48
0.000280794	7.72776e-45
0.000287499	3.3674e-44
0.000294204	5.85652e-41
0.000300908	2.58102e-40
0.000307613	2.92893e-37
0.000314317	1.30557e-36
0.000321022	9.66789e-34
0.000327727	4.3587e-33
0.000334431	2.1067e-30
0.000341136	9.60536e-30
0.000347841	3.03151e-27
0.000354545	1.39744e-26
0.00036125	2.88203e-24
0.000367955	1.34244e-23
0.000374659	1.81136e-21
0.000381364	8.5174e-21
0.000388068	7.53328e-19
0.000394773	3.57027e-18
0.000401478	2.07602e-16
0.000408182	9.89123e-16
0.000414887	3.79838e-14
0.000421592	1.81206e-13
0.000428296	4.62706e-12
0.000435001	2.19661e-11
0.000441706	3.76755e-10
0.00044841	1.76339e-09
0.000455115	2.06147e-08
0.000461819	9.38482e-08
0.000468524	7.63205e-07
0.000475229	3.3157e-06
0.000481933	1.92751e-05
0.000488638	7.79036e-05
0.000495343	0.000334931
0.000502047	0.00121997
0.000508752	0.00403365
0.000515457	0.0127704
0.000522161	0.0338099
0.000528866	0.0896932
0.000535571	0.202358
0.000542275	0.431261
0.00054898	0.850249
0.000555684	1.44757
0.000562389	2.25876
0.000569094	3.22802
0.000575798	4.14431
0.000582503	5.01391
0.000589208	5.65255
0.000595912	6.16268
0.000602617	6.87219
0.000609322	7.81493
0.000616026	9.46618
0.000622731	11.7238
0.000629435	14.4239
0.00063614	17.5186
0.000642845	20.5095
0.000649549	23.5354
0.000656254	26.9413
0.000662959	30.9137
0.000669663	37.0101
0.000676368	45.2135
0.000683073	56.8586
0.000689777	71.7197
0.000696482	89.1822
0.000703186	109.128
0.000709891	129.887
0.000716596	151.573
0.0007233	173.788
0.000730005	196.64
0.00073671	220.907
0.000743414	246.646
0.000750119	275.183
0.000756824	306.605
0.000763528	343.657
0.000770233	386.289
0.000776937	436.62
0.000783642	494.485
0.000790347	558.343
0.000797051	628.166
0.000803756	701.317
0.000810461	777.879
0.000817165	858.377
0.00082387	942.825
0.000830575	1033.29
0.000837279	1129.76
0.000843984	1230.46
0.000850689	1335.42
0.000857393	1441.1
0.000864098	1547.4
0.000870802	1657.48
0.000877507	1771.3
0.000884212	1893.57
0.000890916	2024.72
0.000897621	2157.51
0.000904326	2292.21
0.00091103	2416.21
0.000917735	2529.06
0.00092444	2626.77
0.000931144	2708.82
0.000937849	2778.29
0.000944553	2834.86
0.000951258	2885.4
0.000957963	2929.84
0.000964667	2976.5
0.000971372	3026.03
0.000978077	3080.36
0.000984781	3140.51
0.000991486	3198.83
0.000998191	3255.74
0.0010049	3299.22
0.0010116	3328.85
0.0010183	3334.36
0.00102501	3321.13
0.00103171	3293.21
0.00103842	3249.75
0.00104512	3198.65
0.00105183	3141.28
0.00105853	3076.4
0.00106524	3004.07
0.00107194	2923.31
0.00107865	2833.4
0.00108535	2737.98
0.00109206	2637.43
0.00109876	2533.62
0.00110546	2426.94
0.00111217	2317.8
0.00111887	2205.58
0.00112558	2094.92
0.00113228	1986.34
0.00113899	1883.28
0.00114569	1787.46
0.0011524	1695.02
0.0011591	1605.8
0.00116581	1516.05
0.00117251	1424.21
0.00117922	1332.28
0.00118592	1240.17
0.00119263	1150.13
0.00119933	1062.99
0.00120603	978.201
0.00121274	895.527
0.00121944	815.892
0.00122615	738.989
0.00123285	667.64
0.00123956	603.021
0.00124626	544.618
0.00125297	493.217
0.00125967	445.475
0.00126638	400.294
0.00127308	356.854
0.00127979	314.087
0.00128649	273.937
0.00129319	236.798
0.0012999	203.896
0.0013066	176.164
0.00131331	152.681
0.00132001	133.639
0.00132672	117.274
0.00133342	102.853
0.00134013	89.6866
0.00134683	77.0613
0.00135354	65.5138
0.00136024	55.1221
0.00136695	46.139
0.00137365	38.9025
0.00138035	32.847
0.00138706	27.8172
0.00139376	23.3766
0.00140047	19.1517
0.00140717	15.2633
0.00141388	11.6409
0.00142058	8.46879
0.00142729	5.87638
0.00143399	3.82444
0.0014407	2.36479
0.0014474	1.3526
0.00145411	0.714198
0.00146081	0.358707
0.00146752	0.155894
0.00147422	0.0683927
0.00148092	0.0258945
0.00148763	0.00903516
0.00149433	0.00286622
0.00150104	0.000809907
