3.33898e-05	3.79364e-37
3.59039e-05	1.06425e-35
3.8418e-05	4.1432e-35
4.09322e-05	1.02616e-33
4.34463e-05	3.97686e-33
4.59604e-05	8.62615e-32
4.84746e-05	3.35492e-31
5.09887e-05	6.37922e-30
5.35028e-05	2.48757e-29
5.6017e-05	4.15097e-28
5.85311e-05	1.6212e-27
6.10452e-05	2.37715e-26
6.35594e-05	9.2872e-26
6.60735e-05	1.19838e-24
6.85877e-05	4.67671e-24
7.11018e-05	5.31963e-23
7.36159e-05	2.07028e-22
7.61301e-05	2.07992e-21
7.86442e-05	8.05706e-21
8.11583e-05	7.16529e-20
8.36725e-05	2.75687e-19
8.61866e-05	2.17569e-18
8.87007e-05	8.29439e-18
9.12149e-05	5.82511e-17
9.3729e-05	2.19444e-16
9.62431e-05	1.37572e-15
9.87573e-05	5.10598e-15
0.000101271	2.86722e-14
0.000103786	1.04498e-13
0.0001063	5.27577e-13
0.000108814	1.88136e-12
0.000111328	8.57427e-12
0.000113842	2.9802e-11
0.000116356	1.23136e-10
0.00011887	4.15444e-10
0.000121384	1.56327e-09
0.000123899	5.09763e-09
0.000126413	1.75517e-08
0.000128927	5.50718e-08
0.000131441	1.74342e-07
0.000133955	5.23993e-07
0.000136469	1.5326e-06
0.000138983	4.39253e-06
0.000141498	1.19271e-05
0.000144012	3.2455e-05
0.000146526	8.21935e-05
0.00014904	0.000211468
0.000151554	0.000501711
0.000154068	0.00121583
0.000156582	0.00271333
0.000159096	0.00617282
0.000161611	0.0130055
0.000164125	0.0277
0.000166639	0.0552729
0.000169153	0.109991
0.000171667	0.209173
0.000174181	0.387975
0.000176695	0.713057
0.00017921	1.23042
0.000181724	2.1216
0.000184238	3.45761
0.000186752	5.60197
0.000189266	8.64545
0.00019178	13.1898
0.000194294	19.3223
0.000196809	27.8531
0.000199323	38.8372
0.000201837	53.1428
0.000204351	70.782
0.000206865	92.4836
0.000209379	118.243
0.000211893	148.585
0.000214407	183.539
0.000216922	223.639
0.000219436	268.98
0.00022195	320.534
0.000224464	378.441
0.000226978	444.438
0.000229492	518.635
0.000232006	603.397
0.000234521	698.725
0.000237035	806.828
0.000239549	927.563
0.000242063	1061.74
0.000244577	1209.12
0.000247091	1368.01
0.000249605	1538.2
0.000252119	1715.44
0.000254634	1899.66
0.000257148	2085.62
0.000259662	2273.43
0.000262176	2459.6
0.00026469	2644.34
0.000267204	2828.11
0.000269718	3011.05
0.000272233	3197.36
0.000274747	3387.02
0.000277261	3584.96
0.000279775	3791.11
0.000282289	4007.3
0.000284803	4233.51
0.000287317	4466.69
0.000289831	4706.9
0.000292346	4947.77
0.00029486	5189.33
0.000297374	5425.55
0.000299888	5656.36
0.000302402	5879.09
0.000304916	6093.63
0.00030743	6300.94
0.000309945	6500.97
0.000312459	6695.63
0.000314973	6885.07
0.000317487	7068.57
0.000320001	7246.39
0.000322515	7413.62
0.000325029	7570.41
0.000327544	7709.76
0.000330058	7831.44
0.000332572	7930.47
0.000335086	8006.35
0.0003376	8059.01
0.000340114	8088.67
0.000342628	8092.92
0.000345142	8079.58
0.000347657	8050.62
0.000350171	8002
0.000352685	7937.04
0.000355199	7856.44
0.000357713	7758.88
0.000360227	7644.39
0.000362741	7511.81
0.000365256	7360.93
0.00036777	7191.93
0.000370284	7004.54
0.000372798	6800.56
0.000375312	6579.85
0.000377826	6345.47
0.00038034	6097.41
0.000382854	5839.76
0.000385369	5572.62
0.000387883	5301.04
0.000390397	5025.31
0.000392911	4751.1
0.000395425	4479.01
0.000397939	4214.22
0.000400453	3957.69
0.000402968	3712.38
0.000405482	3479.41
0.000407996	3258.17
0.00041051	3049.39
0.000413024	2849.31
0.000415538	2657.75
0.000418052	2470.25
0.000420566	2285.69
0.000423081	2102.02
0.000425595	1917.87
0.000428109	1735.24
0.000430623	1553.49
0.000433137	1377.75
0.000435651	1208.7
0.000438165	1051.66
0.00044068	908.375
0.000443194	781.483
0.000445708	672.773
0.000448222	581.025
0.000450736	507.049
0.00045325	446.802
0.000455764	399.683
0.000458279	361.103
0.000460793	329.464
0.000463307	301.577
0.000465821	275.727
0.000468335	250.771
0.000470849	225.602
0.000473363	200.574
0.000475877	175.387
0.000478392	150.927
0.000480906	127.45
0.00048342	105.672
0.000485934	86.0158
0.000488448	68.7872
0.000490962	54.3043
0.000493476	42.5326
0.000495991	33.5998
0.000498505	27.2759
0.000501019	23.3554
0.000503533	22.0894
0.000506047	22.8536
0.000508561	24.9821
0.000511075	28.7337
0.000513589	33.3642
0.000516104	38.5155
0.000518618	43.5881
0.000521132	48.1042
0.000523646	51.6261
0.00052616	53.5846
0.000528674	54.2286
0.000531188	53.1285
0.000533703	50.2108
