3.33898e-05	4.69382e-37
3.59039e-05	1.46271e-35
3.8418e-05	5.71003e-35
4.09322e-05	1.55898e-33
4.34463e-05	6.0657e-33
4.59604e-05	1.44061e-31
4.84746e-05	5.62702e-31
5.09887e-05	1.16367e-29
5.35028e-05	4.55888e-29
5.6017e-05	8.21848e-28
5.85311e-05	3.22591e-27
6.10452e-05	5.07631e-26
6.35594e-05	1.99388e-25
6.60735e-05	2.74305e-24
6.85877e-05	1.07657e-23
7.11018e-05	1.29717e-22
7.36159e-05	5.07842e-22
7.61301e-05	5.37037e-21
7.86442e-05	2.09325e-20
8.11583e-05	1.94735e-19
8.36725e-05	7.5402e-19
8.61866e-05	6.18756e-18
8.87007e-05	2.37407e-17
9.12149e-05	1.72367e-16
9.3729e-05	6.5349e-16
9.62431e-05	4.212e-15
9.87573e-05	1.57298e-14
0.000101271	9.03396e-14
0.000103786	3.31175e-13
0.0001063	1.70173e-12
0.000108814	6.10064e-12
0.000111328	2.81708e-11
0.000113842	9.83615e-11
0.000116356	4.10094e-10
0.00011887	1.38859e-09
0.000121384	5.25315e-09
0.000123899	1.71715e-08
0.000126413	5.92485e-08
0.000128927	1.86097e-07
0.000131441	5.88727e-07
0.000133955	1.76847e-06
0.000136469	5.15666e-06
0.000138983	1.47451e-05
0.000141498	3.98348e-05
0.000144012	0.000107937
0.000146526	0.000271518
0.00014904	0.000694201
0.000151554	0.00163366
0.000154068	0.00392595
0.000156582	0.00868021
0.000159096	0.0195408
0.000161611	0.0407457
0.000164125	0.0856895
0.000166639	0.169052
0.000169153	0.331449
0.000171667	0.626891
0.000174181	1.14069
0.000176695	2.06091
0.00017921	3.49812
0.000181724	5.91753
0.000184238	9.4737
0.000186752	15.0261
0.000189266	22.7411
0.00019178	33.8922
0.000194294	48.5869
0.000196809	68.2668
0.000199323	92.9135
0.000201837	123.613
0.000204351	160.213
0.000206865	202.892
0.000209379	251.433
0.000211893	304.883
0.000214407	363.046
0.000216922	424.06
0.000219436	487.782
0.00022195	551.822
0.000224464	616.1
0.000226978	678.016
0.000229492	737.596
0.000232006	792.63
0.000234521	843.331
0.000237035	889.261
0.000239549	930.834
0.000242063	971.274
0.000244577	1011.04
0.000247091	1057.96
0.000249605	1112.31
0.000252119	1185.04
0.000254634	1276.13
0.000257148	1396.07
0.000259662	1544.56
0.000262176	1727.74
0.00026469	1945.28
0.000267204	2196.75
0.000269718	2481.91
0.000272233	2793.69
0.000274747	3132.01
0.000277261	3484.78
0.000279775	3852.05
0.000282289	4219.82
0.000284803	4588.2
0.000287317	4945.32
0.000289831	5291.23
0.000292346	5619.22
0.00029486	5929.23
0.000297374	6219.33
0.000299888	6489.49
0.000302402	6739.39
0.000304916	6969.08
0.00030743	7177.36
0.000309945	7364.25
0.000312459	7528.22
0.000314973	7669.15
0.000317487	7787.33
0.000320001	7882.58
0.000322515	7957.66
0.000325029	8012.51
0.000327544	8051.19
0.000330058	8074.42
0.000332572	8078.01
0.000335086	8071.38
0.0003376	8056.18
0.000340114	8023.68
0.000342628	7979.04
0.000345142	7923.07
0.000347657	7855.54
0.000350171	7776.65
0.000352685	7685.36
0.000355199	7582
0.000357713	7462.83
0.000360227	7327.94
0.000362741	7172.3
0.000365256	6995.32
0.00036777	6794.76
0.000370284	6569.47
0.000372798	6323.9
0.000375312	6057.06
0.000377826	5780.42
0.00038034	5494.09
0.000382854	5212.14
0.000385369	4936.19
0.000387883	4676.28
0.000390397	4434.86
0.000392911	4213.43
0.000395425	4013.88
0.000397939	3829.72
0.000400453	3661.19
0.000402968	3498.94
0.000405482	3341.51
0.000407996	3182.58
0.00041051	3020.12
0.000413024	2853.44
0.000415538	2681.31
0.000418052	2507.09
0.000420566	2330.9
0.000423081	2156.69
0.000425595	1985.4
0.000428109	1819.27
0.000430623	1659.18
0.000433137	1505.65
0.000435651	1359.01
0.000438165	1219.46
0.00044068	1086.95
0.000443194	962.269
0.000445708	845.493
0.000448222	737.695
0.000450736	639.281
0.00045325	550.643
0.000455764	472.264
0.000458279	403.309
0.000460793	343.896
0.000463307	292.358
0.000465821	248.27
0.000468335	210.042
0.000470849	176.946
0.000473363	148.105
0.000475877	122.899
0.000478392	101.151
0.000480906	82.589
0.00048342	67.2755
0.000485934	55.2253
0.000488448	46.2817
0.000490962	39.923
0.000493476	37.595
0.000495991	37.6714
0.000498505	37.8908
0.000501019	40.1536
0.000503533	43.3474
0.000506047	46.3602
0.000508561	48.3459
0.000511075	48.931
0.000513589	49.1124
0.000516104	47.4319
0.000518618	44.0507
0.000521132	39.7237
0.000523646	34.6969
0.00052616	29.3111
0.000528674	23.9171
0.000531188	19.0089
0.000533703	14.4173
