0.000500379	2.08824e-133
0.00050876	7.57724e-129
0.000517141	3.03083e-128
0.000525522	8.61527e-124
0.000533903	3.48124e-123
0.000542284	7.75082e-119
0.000550665	3.16443e-118
0.000559045	5.51757e-114
0.000567426	2.2764e-113
0.000575807	3.10791e-109
0.000584188	1.29596e-108
0.000592569	1.38519e-104
0.00060095	5.83881e-104
0.00060933	4.88502e-100
0.000617711	2.08183e-99
0.000626092	1.36314e-95
0.000634473	5.87432e-95
0.000642854	3.00975e-91
0.000651235	1.31177e-90
0.000659615	5.25816e-87
0.000667996	2.31819e-86
0.000676377	7.26862e-83
0.000684758	3.2421e-82
0.000693139	7.95033e-79
0.00070152	3.58834e-78
0.0007099	6.88072e-75
0.000718281	3.14304e-74
0.000726662	4.71194e-71
0.000735043	2.17868e-70
0.000743424	2.55321e-67
0.000751805	1.19516e-66
0.000760186	1.09471e-63
0.000768566	5.18858e-63
0.000776947	3.714e-60
0.000785328	1.78262e-59
0.000793709	9.97077e-57
0.00080209	4.84683e-56
0.000810471	2.11822e-53
0.000818851	1.04291e-52
0.000827232	3.56113e-50
0.000835613	1.77593e-49
0.000843994	4.73811e-47
0.000852375	2.3933e-46
0.000860756	4.98947e-44
0.000869136	2.55248e-43
0.000877517	4.15892e-41
0.000885898	2.15438e-40
0.000894279	2.74437e-38
0.00090266	1.43907e-37
0.000911041	1.43389e-35
0.000919421	7.60753e-35
0.000927802	5.93337e-33
0.000936183	3.18285e-32
0.000944564	1.94504e-30
0.000952945	1.05392e-29
0.000961326	5.05313e-28
0.000969707	2.76201e-27
0.000978087	1.04091e-25
0.000986468	5.72914e-25
0.000994849	1.70122e-23
0.00100323	9.40633e-23
0.00101161	2.20768e-21
0.00101999	1.22249e-20
0.00102837	2.27702e-19
0.00103675	1.25779e-18
0.00104513	1.86882e-17
0.00105351	1.02462e-16
0.0010619	1.22222e-15
0.00107028	6.60977e-15
0.00107866	6.38015e-14
0.00108704	3.37747e-13
0.00109542	2.6633e-12
0.0011038	1.36751e-11
0.00111218	8.90819e-11
0.00112056	4.38966e-10
0.00112894	2.39249e-09
0.00113732	1.11791e-08
0.0011457	5.17016e-08
0.00115409	2.2611e-07
0.00116247	9.0075e-07
0.00117085	3.6378e-06
0.00117923	1.26753e-05
0.00118761	4.66594e-05
0.00119599	0.000144334
0.00120437	0.000478667
0.00121275	0.00133281
0.00122113	0.00394594
0.00122951	0.0100101
0.00123789	0.0263111
0.00124627	0.0614192
0.00125466	0.143168
0.00126304	0.309909
0.00127142	0.642876
0.0012798	1.3052
0.00128818	2.43288
0.00129656	4.64139
0.00130494	7.94482
0.00131332	13.7014
0.0013217	21.9094
0.00133008	34.5673
0.00133846	51.6605
0.00134684	75.0819
0.00135523	104.831
0.00136361	141.348
0.00137199	184.668
0.00138037	233.214
0.00138875	287.016
0.00139713	343.836
0.00140551	403.646
0.00141389	465.284
0.00142227	528.714
0.00143065	593.563
0.00143903	659.842
0.00144741	726.852
0.0014558	794.531
0.00146418	862.972
0.00147256	931.936
0.00148094	1004.67
0.00148932	1080.98
0.0014977	1166.58
0.00150608	1261.71
0.00151446	1369.72
0.00152284	1491.34
0.00153122	1623.22
0.0015396	1765.91
0.00154798	1910.92
0.00155637	2057.97
0.00156475	2199.82
0.00157313	2335.58
0.00158151	2463.49
0.00158989	2583.01
0.00159827	2695.45
0.00160665	2801.07
0.00161503	2899.13
0.00162341	2990.06
0.00163179	3070.04
0.00164017	3138.8
0.00164855	3193.63
0.00165694	3234.92
0.00166532	3256.4
0.0016737	3265.83
0.00168208	3266.82
0.00169046	3250.97
0.00169884	3220.54
0.00170722	3177.31
0.0017156	3117.57
0.00172398	3040.7
0.00173236	2946.16
0.00174074	2832.97
0.00174912	2704.97
0.00175751	2561.8
0.00176589	2410.54
0.00177427	2251.99
0.00178265	2093.18
0.00179103	1935.8
0.00179941	1783.68
0.00180779	1638.38
0.00181617	1500.36
0.00182455	1370.18
0.00183293	1247.45
0.00184131	1131.98
0.00184969	1024.5
0.00185808	924.995
0.00186646	834.701
0.00187484	754.217
0.00188322	683.298
0.0018916	622.575
0.00189998	569.53
0.00190836	523.926
0.00191674	482.472
0.00192512	443.972
0.0019335	406.509
0.00194188	368.788
0.00195026	330.925
0.00195865	292.352
0.00196703	254.327
0.00197541	217.101
0.00198379	181.888
0.00199217	149.317
0.00200055	119.934
0.00200893	94.2627
0.00201731	72.2041
0.00202569	53.9585
0.00203407	39.0783
0.00204245	27.4831
0.00205083	18.5945
0.00205922	12.1493
0.0020676	7.5851
0.00207598	4.53678
0.00208436	2.59261
0.00209274	1.38238
0.00210112	0.731411
0.0021095	0.344299
0.00211788	0.168288
0.00212626	0.0721288
0.00213464	0.0312175
0.00214302	0.0122984
0.0021514	0.00464246
0.00215979	0.00157421
0.00216817	0.000551455
