0.000500379	1.55347e-19
0.000506246	9.73494e-19
0.000512113	3.42794e-18
0.000517979	2.02444e-17
0.000523846	6.78929e-17
0.000529712	3.64701e-16
0.000535579	1.20696e-15
0.000541445	5.91191e-15
0.000547312	1.926e-14
0.000553178	8.62552e-14
0.000559045	2.75896e-13
0.000564911	1.13297e-12
0.000570778	3.54807e-12
0.000576644	1.34011e-11
0.000582511	4.09671e-11
0.000588378	1.42779e-10
0.000594244	4.24748e-10
0.000600111	1.37058e-09
0.000605977	3.95501e-09
0.000611844	1.1857e-08
0.00061771	3.30805e-08
0.000623577	9.24693e-08
0.000629443	2.48611e-07
0.00063531	6.50287e-07
0.000641176	1.67935e-06
0.000647043	4.12519e-06
0.000652909	1.02008e-05
0.000658776	2.36149e-05
0.000664643	5.57512e-05
0.000670509	0.000122054
0.000676376	0.000274376
0.000682242	0.000569924
0.000688109	0.00121719
0.000693975	0.00240635
0.000699842	0.00487394
0.000705708	0.00919778
0.000711575	0.0176476
0.000717441	0.0322152
0.000723308	0.0581814
0.000729174	0.102511
0.000735041	0.174924
0.000740908	0.29443
0.000746774	0.479011
0.000752641	0.770882
0.000758507	1.20014
0.000764374	1.84985
0.00077024	2.76513
0.000776107	4.09214
0.000781973	5.89155
0.00078784	8.39504
0.000793706	11.6753
0.000799573	16.0643
0.000805439	21.6377
0.000811306	28.8228
0.000817173	37.6845
0.000823039	48.7076
0.000828906	61.9302
0.000834772	77.8183
0.000840639	96.3708
0.000846505	117.93
0.000852372	142.453
0.000858238	170.052
0.000864105	200.65
0.000869971	234.056
0.000875838	270.176
0.000881704	308.491
0.000887571	348.911
0.000893438	390.639
0.000899304	433.61
0.000905171	476.877
0.000911037	520.417
0.000916904	563.34
0.00092277	605.668
0.000928637	646.795
0.000934503	686.778
0.00094037	725.45
0.000946236	762.882
0.000952103	799.378
0.000957969	834.998
0.000963836	870.438
0.000969703	905.74
0.000975569	941.87
0.000981436	978.858
0.000987302	1017.84
0.000993169	1058.83
0.000999035	1103.05
0.0010049	1150.5
0.00101077	1202.31
0.00101663	1258.47
0.0010225	1319.84
0.00102837	1386.37
0.00103423	1458.39
0.0010401	1535.87
0.00104597	1618.41
0.00105183	1705.99
0.0010577	1797.46
0.00106357	1892.81
0.00106943	1990.18
0.0010753	2089.58
0.00108117	2188.49
0.00108703	2286.93
0.0010929	2381.96
0.00109877	2473.58
0.00110463	2558.76
0.0011105	2637.51
0.00111637	2707.36
0.00112223	2768.26
0.0011281	2819.06
0.00113397	2859.7
0.00113983	2890.81
0.0011457	2912.34
0.00115157	2926.46
0.00115743	2933.8
0.0011633	2934.76
0.00116916	2933.35
0.00117503	2930.47
0.0011809	2926
0.00118676	2921.93
0.00119263	2918.41
0.0011985	2915.49
0.00120436	2913.35
0.00121023	2910.43
0.0012161	2906.86
0.00122196	2899.88
0.00122783	2889.51
0.0012337	2872.45
0.00123956	2848.57
0.00124543	2815.11
0.0012513	2771.75
0.00125716	2717.56
0.00126303	2652.12
0.0012689	2577.05
0.00127476	2492.05
0.00128063	2400.89
0.0012865	2303.62
0.00129236	2204.64
0.00129823	2104.36
0.0013041	2006.08
0.00130996	1910.37
0.00131583	1818.49
0.00132169	1730.88
0.00132756	1647.06
0.00133343	1567.16
0.00133929	1490.02
0.00134516	1415.52
0.00135103	1342.83
0.00135689	1271.74
0.00136276	1202.12
0.00136863	1133.84
0.00137449	1067.14
0.00138036	1002.04
0.00138623	938.686
0.00139209	877.142
0.00139796	817.227
0.00140383	758.95
0.00140969	702.032
0.00141556	646.374
0.00142143	591.975
0.00142729	538.713
0.00143316	487.049
0.00143903	436.966
0.00144489	389.227
0.00145076	343.982
0.00145663	301.926
0.00146249	263.319
0.00146836	228.462
0.00147422	197.595
0.00148009	170.521
0.00148596	147.34
0.00149182	127.484
0.00149769	110.87
0.00150356	96.7994
0.00150942	85.0493
0.00151529	75.0092
0.00152116	66.4037
0.00152702	58.831
0.00153289	52.0482
0.00153876	45.8712
0.00154462	40.1402
0.00155049	34.8246
0.00155636	29.8553
0.00156222	25.2692
0.00156809	21.0626
0.00157396	17.2701
0.00157982	13.9152
0.00158569	10.9946
0.00159156	8.52526
0.00159742	6.46526
0.00160329	4.80709
0.00160916	3.48907
0.00161502	2.4797
0.00162089	1.71941
0.00162675	1.16449
0.00163262	0.770769
0.00163849	0.495847
0.00164435	0.313381
0.00165022	0.190789
0.00165609	0.115311
0.00166195	0.0616005
0.00166782	0.0383384
