0.000500379	3.8187e-26
0.000506246	1.48501e-24
0.000512113	5.82548e-24
0.000517979	1.82376e-22
0.000523846	7.13083e-22
0.000529712	1.78885e-20
0.000535579	7.00398e-20
0.000541445	1.41105e-18
0.000547312	5.5202e-18
0.000553178	8.95651e-17
0.000559045	3.49125e-16
0.000564911	4.57803e-15
0.000570778	1.77189e-14
0.000576644	1.88601e-13
0.000582511	7.21676e-13
0.000588378	6.26866e-12
0.000594244	2.35898e-11
0.000600111	1.68298e-10
0.000605977	6.18896e-10
0.000611844	3.65438e-09
0.00061771	1.30338e-08
0.000623577	6.42645e-08
0.000629443	2.2037e-07
0.00063531	9.16531e-07
0.000641176	2.99195e-06
0.000647043	1.06146e-05
0.000652909	3.26294e-05
0.000658776	9.99375e-05
0.000664643	0.000285965
0.000670509	0.0007656
0.000676376	0.00201539
0.000682242	0.00477518
0.000688109	0.0114344
0.000693975	0.02426
0.000699842	0.0523177
0.000705708	0.102621
0.000711575	0.195259
0.000717441	0.354317
0.000723308	0.596897
0.000729174	0.972228
0.000735041	1.48786
0.000740908	2.19199
0.000746774	3.07996
0.000752641	4.16885
0.000758507	5.45646
0.000764374	6.94029
0.00077024	8.63449
0.000776107	10.5696
0.000781973	12.7616
0.00078784	15.2743
0.000793706	18.1118
0.000799573	21.3131
0.000805439	24.9039
0.000811306	28.9536
0.000817173	33.5378
0.000823039	38.9318
0.000828906	45.1948
0.000834772	52.7521
0.000840639	61.5601
0.000846505	71.7918
0.000852372	83.3565
0.000858238	95.9929
0.000864105	109.716
0.000869971	124.322
0.000875838	139.957
0.000881704	157.085
0.000887571	175.837
0.000893438	197.208
0.000899304	221.183
0.000905171	248.504
0.000911037	279.066
0.000916904	312.889
0.00092277	349.921
0.000928637	389.831
0.000934503	432.655
0.00094037	478.332
0.000946236	526.906
0.000952103	578.654
0.000957969	633.564
0.000963836	691.802
0.000969703	753.321
0.000975569	817.869
0.000981436	885.437
0.000987302	955.661
0.000993169	1028.6
0.000999035	1104.55
0.0010049	1183.57
0.00101077	1266.87
0.00101663	1354.43
0.0010225	1447.28
0.00102837	1545.33
0.00103423	1647.87
0.0010401	1754.84
0.00104597	1863.63
0.00105183	1974.22
0.0010577	2083.4
0.00106357	2191.22
0.00106943	2295.26
0.0010753	2395.57
0.00108117	2491.42
0.00108703	2582.82
0.0010929	2670.61
0.00109877	2754.78
0.00110463	2836.24
0.0011105	2915
0.00111637	2990.03
0.00112223	3061.39
0.0011281	3125.66
0.00113397	3182.89
0.00113983	3229.37
0.0011457	3265.22
0.00115157	3284.76
0.00115743	3293.84
0.0011633	3293.51
0.00116916	3280.8
0.00117503	3264.08
0.0011809	3243.57
0.00118676	3225.06
0.00119263	3209.12
0.0011985	3195.36
0.00120436	3184.43
0.00121023	3168.91
0.0012161	3148.84
0.00122196	3115.88
0.00122783	3069.23
0.0012337	3006.77
0.00123956	2927.53
0.00124543	2836.8
0.0012513	2734.36
0.00125716	2627.69
0.00126303	2517.47
0.0012689	2407.54
0.00127476	2298.72
0.00128063	2190.54
0.0012865	2083.07
0.00129236	1975.85
0.00129823	1868.34
0.0013041	1763.55
0.00130996	1661.35
0.00131583	1566.32
0.00132169	1479.32
0.00132756	1401.5
0.00133343	1333.96
0.00133929	1272.7
0.00134516	1217.81
0.00135103	1163.76
0.00135689	1109.47
0.00136276	1052.65
0.00136863	992.18
0.00137449	929.637
0.00138036	864.872
0.00138623	800.22
0.00139209	736.24
0.00139796	673.733
0.00140383	613.026
0.00140969	554.288
0.00141556	497.391
0.00142143	443.486
0.00142729	392.635
0.00143316	346.423
0.00143903	305.44
0.00144489	269.906
0.00145076	240.375
0.00145663	215.354
0.00146249	194.728
0.00146836	176.729
0.00147422	160.722
0.00148009	145.93
0.00148596	131.824
0.00149182	118.509
0.00149769	105.869
0.00150356	94.1225
0.00150942	83.3654
0.00151529	73.5656
0.00152116	64.7601
0.00152702	56.8277
0.00153289	49.7216
0.00153876	43.3922
0.00154462	37.8119
0.00155049	32.933
0.00155636	28.7558
0.00156222	25.152
0.00156809	22.0821
0.00157396	19.3957
0.00157982	17.0049
0.00158569	14.8263
0.00159156	12.7772
0.00159742	10.8561
0.00160329	9.02588
0.00160916	7.32817
0.00161502	5.77384
0.00162089	4.39758
0.00162675	3.23254
0.00163262	2.27339
0.00163849	1.53824
0.00164435	0.988093
0.00165022	0.607447
0.00165609	0.355031
0.00166195	0.181728
0.00166782	0.104359
