0.000166815	5.12549e-10
0.000171844	1.89978e-09
0.000176872	6.06146e-09
0.000181901	2.15639e-08
0.000186929	6.27894e-08
0.000191958	2.0265e-07
0.000196986	5.69819e-07
0.000202014	1.67646e-06
0.000207043	4.5314e-06
0.000212071	1.22135e-05
0.0002171	3.15865e-05
0.000222128	7.83884e-05
0.000227157	0.000193069
0.000232185	0.000443403
0.000237214	0.00103534
0.000242242	0.00221134
0.00024727	0.00487421
0.000252299	0.00972815
0.000257327	0.0201633
0.000262356	0.0377733
0.000267384	0.0733811
0.000272413	0.132799
0.000277441	0.236784
0.000282469	0.406053
0.000287498	0.674877
0.000292526	1.09119
0.000297555	1.70275
0.000302583	2.59508
0.000307612	3.82024
0.00031264	5.49853
0.000317669	7.67172
0.000322697	10.4706
0.000327725	13.9192
0.000332754	18.1259
0.000337782	23.1083
0.000342811	28.9451
0.000347839	35.6725
0.000352868	43.3812
0.000357896	52.1412
0.000362924	62.1235
0.000367953	73.4172
0.000372981	86.3029
0.00037801	100.847
0.000383038	117.38
0.000388067	135.904
0.000393095	156.656
0.000398123	179.557
0.000403152	204.597
0.00040818	231.647
0.000413209	260.378
0.000418237	290.681
0.000423266	322.02
0.000428294	354.382
0.000433323	387.322
0.000438351	420.951
0.000443379	455.257
0.000448408	490.42
0.000453436	527.003
0.000458465	565.157
0.000463493	605.811
0.000468522	649.018
0.00047355	695.656
0.000478578	745.696
0.000483607	799.661
0.000488635	857.501
0.000493664	919.392
0.000498692	985.287
0.000503721	1055.15
0.000508749	1128.91
0.000513778	1206.24
0.000518806	1287
0.000523834	1370.27
0.000528863	1455.85
0.000533891	1542
0.00053892	1628.59
0.000543948	1713.38
0.000548977	1796.42
0.000554005	1875.97
0.000559033	1952.2
0.000564062	2024.94
0.00056909	2094.42
0.000574119	2162.43
0.000579147	2229.09
0.000584176	2297.43
0.000589204	2367.42
0.000594233	2441.69
0.000599261	2520.1
0.000604289	2603.36
0.000609318	2691.3
0.000614346	2782.21
0.000619375	2875.98
0.000624403	2969.07
0.000629432	3061.47
0.00063446	3149
0.000639488	3231.71
0.000644517	3305.8
0.000649545	3371.33
0.000654574	3425.53
0.000659602	3468.44
0.000664631	3499.34
0.000669659	3518.23
0.000674688	3520.24
0.000679716	3514.05
0.000684744	3500.11
0.000689773	3472.3
0.000694801	3436.98
0.00069983	3394.22
0.000704858	3345.88
0.000709887	3291.95
0.000714915	3234.1
0.000719943	3172.32
0.000724972	3107.95
0.00073	3040.98
0.000735029	2972.88
0.000740057	2903.63
0.000745086	2834.75
0.000750114	2766.28
0.000755143	2699.08
0.000760171	2633.28
0.000765199	2568.38
0.000770228	2504.5
0.000775256	2439.86
0.000780285	2374.47
0.000785313	2306.29
0.000790342	2235.15
0.00079537	2160.04
0.000800398	2080.71
0.000805427	1997.87
0.000810455	1911.33
0.000815484	1823.3
0.000820512	1733.76
0.000825541	1645.37
0.000830569	1558.32
0.000835598	1474.58
0.000840626	1394.47
0.000845654	1318.49
0.000850683	1246.94
0.000855711	1178.86
0.00086074	1114.35
0.000865768	1051.81
0.000870797	991.067
0.000875825	930.973
0.000880853	871.216
0.000885882	811.841
0.00089091	752.613
0.000895939	694.647
0.000900967	637.96
0.000905996	583.919
0.000911024	532.774
0.000916052	485.307
0.000921081	441.819
0.000926109	402.209
0.000931138	366.639
0.000936166	334.407
0.000941195	305.468
0.000946223	279.03
0.000951252	254.911
0.00095628	232.598
0.000961308	211.901
0.000966337	192.655
0.000971365	174.761
0.000976394	158.212
0.000981422	143.01
0.000986451	129.066
0.000991479	116.402
0.000996507	104.771
0.00100154	94.1285
0.00100656	84.2031
0.00101159	74.8806
0.00101662	66.0618
0.00102165	57.6413
0.00102668	49.7414
0.00103171	42.3502
0.00103673	35.6675
0.00104176	29.7776
0.00104679	24.7629
0.00105182	20.7228
0.00105685	17.5381
0.00106188	15.2324
0.00106691	13.554
0.00107193	12.4212
0.00107696	11.5921
0.00108199	10.9249
0.00108702	10.2935
0.00109205	9.57368
0.00109708	8.76845
0.0011021	7.82446
0.00110713	6.81416
0.00111216	5.75543
0.00111719	4.7172
0.00112222	3.74976
0.00112725	2.88022
0.00113228	2.14897
0.0011373	1.54504
0.00114233	1.07979
0.00114736	0.727111
0.00115239	0.474743
0.00115742	0.300068
0.00116245	0.174787
0.00116747	0.108593
