0.000500379	5.51855e-22
0.000506246	4.71458e-21
0.000512113	1.72027e-20
0.000517979	1.35388e-19
0.000523846	4.77028e-19
0.000529712	3.36938e-18
0.000535579	1.17671e-17
0.000541445	7.47646e-17
0.000547312	2.58214e-16
0.000553178	1.47955e-15
0.000559045	5.04072e-15
0.000564911	2.61195e-14
0.000570778	8.75419e-14
0.000576644	4.11454e-13
0.000582511	1.35259e-12
0.000588378	5.78511e-12
0.000594244	1.85936e-11
0.000600111	7.26188e-11
0.000605977	2.27418e-10
0.000611844	8.14023e-10
0.00061771	2.475e-09
0.000623577	8.15018e-09
0.000629443	2.39687e-08
0.00063531	7.28986e-08
0.000641176	2.06569e-07
0.000647043	5.82578e-07
0.000652909	1.58443e-06
0.000658776	4.16016e-06
0.000664643	1.08173e-05
0.000670509	2.65464e-05
0.000676376	6.57427e-05
0.000682242	0.000151368
0.000688109	0.000355735
0.000693975	0.000771192
0.000699842	0.00171407
0.000705708	0.00351029
0.000711575	0.00735604
0.000717441	0.0142728
0.000723308	0.0281246
0.000729174	0.0522937
0.000735041	0.0962199
0.000740908	0.172315
0.000746774	0.295465
0.000752641	0.499529
0.000758507	0.807614
0.000764374	1.28738
0.00077024	1.96728
0.000776107	2.95606
0.000781973	4.27722
0.00078784	6.06439
0.000793706	8.32273
0.000799573	11.1615
0.000805439	14.5633
0.000811306	18.5536
0.000817173	23.1104
0.000823039	28.1691
0.000828906	33.7403
0.000834772	39.779
0.000840639	46.3588
0.000846505	53.6608
0.000852372	61.8126
0.000858238	71.389
0.000864105	82.5153
0.000869971	96.1138
0.000875838	112.239
0.000881704	131.844
0.000887571	154.883
0.000893438	181.905
0.000899304	212.79
0.000905171	247.397
0.000911037	285.598
0.000916904	326.606
0.00092277	370.349
0.000928637	415.748
0.000934503	462.809
0.00094037	510.635
0.000946236	559.289
0.000952103	608.408
0.000957969	658.068
0.000963836	708.521
0.000969703	759.826
0.000975569	812.69
0.000981436	867.146
0.000987302	924.13
0.000993169	983.655
0.000999035	1046.74
0.0010049	1113.4
0.00101077	1184.71
0.00101663	1260.64
0.0010225	1342.23
0.00102837	1429.45
0.00103423	1522.92
0.0010401	1622.6
0.00104597	1728.23
0.00105183	1839.74
0.0010577	1955.47
0.00106357	2075.38
0.00106943	2196.31
0.0010753	2318.27
0.00108117	2437.15
0.00108703	2552.99
0.0010929	2661.91
0.00109877	2763.91
0.00110463	2856.48
0.0011105	2939.6
0.00111637	3012.65
0.00112223	3075.6
0.0011281	3129.3
0.00113397	3173.74
0.00113983	3210.2
0.0011457	3238.72
0.00115157	3260.48
0.00115743	3275.92
0.0011633	3278.69
0.00116916	3277.43
0.00117503	3273.15
0.0011809	3255.13
0.00118676	3228.51
0.00119263	3193.89
0.0011985	3150.87
0.00120436	3099.34
0.00121023	3040.97
0.0012161	2975.67
0.00122196	2905.91
0.00122783	2831.74
0.0012337	2755.6
0.00123956	2677.66
0.00124543	2599.66
0.0012513	2521.77
0.00125716	2444.75
0.00126303	2368.74
0.0012689	2293.76
0.00127476	2219.86
0.00128063	2146.91
0.0012865	2074.86
0.00129236	2003.86
0.00129823	1933.88
0.0013041	1865.28
0.00130996	1798.13
0.00131583	1732.62
0.00132169	1668.9
0.00132756	1606.55
0.00133343	1545.69
0.00133929	1485.16
0.00134516	1424.93
0.00135103	1363.53
0.00135689	1300.72
0.00136276	1235.5
0.00136863	1167.51
0.00137449	1096.97
0.00138036	1023.57
0.00138623	948.876
0.00139209	872.879
0.00139796	797.877
0.00140383	724.218
0.00140969	653.965
0.00141556	587.687
0.00142143	526.458
0.00142729	470.802
0.00143316	420.655
0.00143903	376.277
0.00144489	336.846
0.00145076	302.314
0.00145663	271.659
0.00146249	244.626
0.00146836	220.386
0.00147422	198.636
0.00148009	178.859
0.00148596	160.809
0.00149182	144.234
0.00149769	128.978
0.00150356	114.952
0.00150942	102.08
0.00151529	90.3407
0.00152116	79.7146
0.00152702	70.1575
0.00153289	61.6719
0.00153876	54.142
0.00154462	47.5472
0.00155049	41.717
0.00155636	36.5848
0.00156222	31.9949
0.00156809	27.8519
0.00157396	24.0761
0.00157982	20.5883
0.00158569	17.387
0.00159156	14.4409
0.00159742	11.7792
0.00160329	9.41201
0.00160916	7.34939
0.00161502	5.61016
0.00162089	4.16884
0.00162675	3.02505
0.00163262	2.13216
0.00163849	1.46501
0.00164435	0.97836
0.00165022	0.634222
0.00165609	0.401597
0.00166195	0.233956
0.00166782	0.147234
