0.000100103	3.65162e-23
0.000103622	4.34064e-22
0.000107142	1.62671e-21
0.000110662	1.72938e-20
0.000114182	6.32407e-20
0.000117702	5.90333e-19
0.000121222	2.14573e-18
0.000124742	1.76295e-17
0.000128261	6.35445e-17
0.000131781	4.60777e-16
0.000135301	1.64264e-15
0.000138821	1.05447e-14
0.000142341	3.70696e-14
0.000145861	2.11385e-13
0.000149381	7.3039e-13
0.0001529	3.71376e-12
0.00015642	1.25666e-11
0.00015994	5.72101e-11
0.00016346	1.88837e-10
0.00016698	7.73161e-10
0.0001705	2.47883e-09
0.00017402	9.17115e-09
0.000177539	2.84319e-08
0.000181059	9.55315e-08
0.000184579	2.85028e-07
0.000188099	8.74263e-07
0.000191619	2.49828e-06
0.000195139	7.03234e-06
0.000198659	1.91534e-05
0.000202178	4.9739e-05
0.000205698	0.000128504
0.000209218	0.000309458
0.000212738	0.000754932
0.000216258	0.00169424
0.000219778	0.00388633
0.000223298	0.00816565
0.000226817	0.017547
0.000230337	0.034662
0.000233857	0.0695652
0.000237377	0.130687
0.000240897	0.243369
0.000244417	0.439386
0.000247937	0.756274
0.000251456	1.2811
0.000254976	2.06915
0.000258496	3.28817
0.000262016	5.0015
0.000265536	7.46507
0.000269056	10.7243
0.000272576	15.0721
0.000276095	20.5061
0.000279615	27.2356
0.000283135	35.2003
0.000286655	44.3867
0.000290175	54.7042
0.000293695	65.8639
0.000297214	77.8079
0.000300734	90.1053
0.000304254	102.803
0.000307774	115.679
0.000311294	128.924
0.000314814	142.993
0.000318334	158.18
0.000321853	175.934
0.000325373	196.498
0.000328893	222.06
0.000332413	252.626
0.000335933	290.059
0.000339453	334.053
0.000342973	384.709
0.000346492	441.555
0.000350012	502.204
0.000353532	566.327
0.000357052	629.966
0.000360572	693.167
0.000364092	752.746
0.000367612	809.103
0.000371131	862.125
0.000374651	912.317
0.000378171	963.32
0.000381691	1015.47
0.000385211	1074.83
0.000388731	1141.47
0.000392251	1221.5
0.00039577	1314.75
0.00039929	1425.32
0.00040281	1552.96
0.00040633	1698.64
0.00040985	1862.14
0.00041337	2041.24
0.00041689	2235.79
0.000420409	2441.03
0.000423929	2656.9
0.000427449	2877.29
0.000430969	3102.25
0.000434489	3325.59
0.000438009	3547.39
0.000441529	3762.35
0.000445048	3970.51
0.000448568	4167.87
0.000452088	4354.47
0.000455608	4527.84
0.000459128	4687.99
0.000462648	4834.07
0.000466168	4966.09
0.000469687	5084.46
0.000473207	5189.2
0.000476727	5281.09
0.000480247	5360.16
0.000483767	5426.76
0.000487287	5480.92
0.000490807	5523.22
0.000494326	5554.19
0.000497846	5565.3
0.000501366	5569.08
0.000504886	5567.26
0.000508406	5547.23
0.000511926	5517.08
0.000515446	5477.65
0.000518965	5428.65
0.000522485	5370.17
0.000526005	5301.97
0.000529525	5224.07
0.000533045	5136.16
0.000536565	5038.12
0.000540085	4930.76
0.000543604	4813.9
0.000547124	4689.88
0.000550644	4558.64
0.000554164	4423.38
0.000557684	4284.26
0.000561204	4144.01
0.000564724	4003
0.000568243	3862.4
0.000571763	3722.58
0.000575283	3582.76
0.000578803	3443.12
0.000582323	3301.79
0.000585843	3158.55
0.000589362	3012.27
0.000592882	2862.44
0.000596402	2710.3
0.000599922	2555.47
0.000603442	2401.54
0.000606962	2248.7
0.000610482	2100.93
0.000614001	1959.02
0.000617521	1824.86
0.000621041	1699.35
0.000624561	1581.33
0.000628081	1471.15
0.000631601	1365.92
0.000635121	1265.19
0.00063864	1166.74
0.00064216	1069.71
0.00064568	974.089
0.0006492	879.29
0.00065272	787.276
0.00065624	698.134
0.00065976	614.313
0.000663279	536.476
0.000666799	466.02
0.000670319	403.71
0.000673839	349.299
0.000677359	303.17
0.000680879	263.913
0.000684399	231.362
0.000687918	203.911
0.000691438	181.046
0.000694958	161.644
0.000698478	145.191
0.000701998	131.091
0.000705518	119.029
0.000709038	108.588
0.000712557	99.5965
0.000716077	91.5821
0.000719597	84.3525
0.000723117	77.4827
0.000726637	70.7136
0.000730157	63.8989
0.000733677	56.8306
0.000737196	49.6929
0.000740716	42.4592
0.000744236	35.4506
0.000747756	28.815
0.000751276	22.767
0.000754796	17.4964
0.000758316	13.0129
0.000761835	9.41705
0.000765355	6.5764
0.000768875	4.46672
0.000772395	2.92801
0.000775915	1.85976
0.000779435	1.14621
0.000782955	0.677591
0.000786474	0.394094
0.000789994	0.214493
0.000793514	0.11898
0.000797034	0.0533758
0.000800554	0.0315077
