0.000500379	1.57702e-97
0.000507922	7.95745e-94
0.000515465	3.18251e-93
0.000523008	1.27201e-89
0.00053055	5.13879e-89
0.000538093	1.62662e-85
0.000545636	6.63915e-85
0.000553179	1.6641e-81
0.000560721	6.86316e-81
0.000568264	1.36198e-77
0.000575807	5.67668e-77
0.00058335	8.91793e-74
0.000590892	3.75686e-73
0.000598435	4.67154e-70
0.000605978	1.98936e-69
0.000613521	1.95777e-66
0.000621063	8.42874e-66
0.000628606	6.5641e-63
0.000636149	2.8574e-62
0.000643692	1.76079e-59
0.000651234	7.75064e-59
0.000658777	3.77889e-56
0.00066632	1.68215e-55
0.000673862	6.48877e-53
0.000681405	2.92113e-52
0.000688948	8.9149e-50
0.000696491	4.05881e-49
0.000704033	9.80052e-47
0.000711576	4.5124e-46
0.000719119	8.62162e-44
0.000726662	4.01401e-43
0.000734204	6.06978e-41
0.000741747	2.85702e-40
0.00074929	3.4202e-38
0.000756833	1.6271e-37
0.000764375	1.54272e-35
0.000771918	7.41456e-35
0.000779461	5.57135e-33
0.000787004	2.70352e-32
0.000794546	1.6113e-30
0.000802089	7.88772e-30
0.000809632	3.73308e-28
0.000817175	1.84145e-27
0.000824717	6.93105e-26
0.00083226	3.44002e-25
0.000839803	1.03177e-23
0.000847345	5.14245e-23
0.000854888	1.23219e-21
0.000862431	6.15179e-21
0.000869974	1.18143e-19
0.000877516	5.88947e-19
0.000885059	9.10242e-18
0.000892602	4.51255e-17
0.000900145	5.64142e-16
0.000907687	2.76742e-15
0.00091523	2.81603e-14
0.000922773	1.35857e-13
0.000930316	1.13372e-12
0.000937858	5.33956e-12
0.000945401	3.6868e-11
0.000952944	1.68045e-10
0.000960487	9.69938e-10
0.000968029	4.23596e-09
0.000975572	2.0675e-08
0.000983115	8.55508e-08
0.000990658	3.57549e-07
0.0009982	1.38494e-06
0.00100574	5.02201e-06
0.00101329	1.79815e-05
0.00102083	5.73276e-05
0.00102837	0.00018739
0.00103591	0.00053199
0.00104346	0.00156913
0.001051	0.00401284
0.00105854	0.0105732
0.00106608	0.0245972
0.00107363	0.0574543
0.00108117	0.122508
0.00108871	0.252569
0.00109626	0.507243
0.0011038	0.925063
0.00111134	1.67487
0.00111888	2.76825
0.00112643	4.46885
0.00113397	6.77692
0.00114151	9.93637
0.00114906	13.9449
0.0011566	18.9885
0.00116414	25.0775
0.00117168	32.5326
0.00117923	41.371
0.00118677	52.2498
0.00119431	65.1671
0.00120185	80.8194
0.0012094	99.1847
0.00121694	120.392
0.00122448	144.434
0.00123203	171.049
0.00123957	200.251
0.00124711	232.722
0.00125465	268.458
0.0012622	310.067
0.00126974	357.524
0.00127728	414.278
0.00128482	480.342
0.00129237	557.416
0.00129991	645.582
0.00130745	743.367
0.001315	850.84
0.00132254	964.975
0.00133008	1085.71
0.00133762	1211.63
0.00134517	1342.58
0.00135271	1479.77
0.00136025	1623.2
0.00136779	1774.02
0.00137534	1932.52
0.00138288	2095.78
0.00139042	2264.25
0.00139797	2429.64
0.00140551	2592.08
0.00141305	2741.38
0.00142059	2877.02
0.00142814	2992.89
0.00143568	3088.05
0.00144322	3163.84
0.00145076	3219.66
0.00145831	3261.61
0.00146585	3289.94
0.00147339	3309.51
0.00148094	3321.37
0.00148848	3323.39
0.00149602	3318.02
0.00150356	3305.66
0.00151111	3279.77
0.00151865	3242.78
0.00152619	3194.92
0.00153373	3139.59
0.00154128	3076.94
0.00154882	3011.05
0.00155636	2943.05
0.00156391	2871.8
0.00157145	2798.25
0.00157899	2716.12
0.00158653	2624.74
0.00159408	2519.5
0.00160162	2398.28
0.00160916	2265.02
0.0016167	2118.35
0.00162425	1969.59
0.00163179	1820.02
0.00163933	1679.54
0.00164688	1551.27
0.00165442	1436.67
0.00166196	1337.93
0.0016695	1249.52
0.00167705	1171.16
0.00168459	1096.81
0.00169213	1024.62
0.00169968	952.447
0.00170722	878.731
0.00171476	805.018
0.0017223	731.071
0.00172985	659.356
0.00173739	590.678
0.00174493	525.945
0.00175247	465.897
0.00176002	409.866
0.00176756	357.792
0.0017751	309.271
0.00178265	263.916
0.00179019	222.408
0.00179773	184.872
0.00180527	151.864
0.00181282	123.889
0.00182036	100.313
0.0018279	81.2236
0.00183544	65.4173
0.00184299	52.3899
0.00185053	41.4538
0.00185807	32.0794
0.00186562	24.1849
0.00187316	17.5912
0.0018807	12.2679
0.00188824	8.21432
0.00189579	5.20462
0.00190333	3.15927
0.00191087	1.80845
0.00191841	0.971685
0.00192596	0.510958
0.0019335	0.240201
0.00194104	0.117023
0.00194859	0.0500112
0.00195613	0.021573
0.00196367	0.00847523
0.00197121	0.00319633
0.00197876	0.00116793
0.0019863	0.000380288
0.00199384	0.000122306
0.00200138	3.63125e-05
