0.000500379	1.76764e-162
0.000509598	5.02922e-157
0.000518817	2.01168e-156
0.000528036	4.34863e-151
0.000537255	1.75724e-150
0.000546474	2.88563e-145
0.000555693	1.17817e-144
0.000564912	1.46948e-139
0.000574131	6.06299e-139
0.00058335	5.74275e-134
0.000592569	2.39481e-133
0.000601788	1.72229e-128
0.000611007	7.26038e-128
0.000620226	3.96391e-123
0.000629445	1.68947e-122
0.000638664	7.00113e-118
0.000647883	3.0175e-117
0.000657101	9.48937e-113
0.00066632	4.13663e-112
0.000675539	9.8703e-108
0.000684758	4.3526e-107
0.000693977	7.87853e-103
0.000703196	3.51522e-102
0.000712415	4.82592e-98
0.000721634	2.17902e-97
0.000730853	2.26847e-93
0.000740072	1.03674e-92
0.000749291	8.1828e-89
0.00075851	3.78601e-88
0.000767729	2.2651e-84
0.000776948	1.06119e-83
0.000786167	4.81157e-80
0.000795386	2.28302e-79
0.000804605	7.84334e-76
0.000813823	3.76988e-75
0.000823042	9.81139e-72
0.000832261	4.77799e-71
0.00084148	9.41841e-68
0.000850699	4.64799e-67
0.000859918	6.93818e-64
0.000869137	3.47045e-63
0.000878356	3.92229e-60
0.000887575	1.98888e-59
0.000896794	1.70164e-56
0.000906013	8.74847e-56
0.000915232	5.66557e-53
0.000924451	2.95365e-52
0.00093367	1.44772e-49
0.000942889	7.65399e-49
0.000952108	2.83933e-46
0.000961327	1.52237e-45
0.000970545	4.27438e-43
0.000979764	2.32413e-42
0.000988983	4.93972e-40
0.000998202	2.72338e-39
0.00100742	4.38299e-37
0.00101664	2.44944e-36
0.00102586	2.98653e-34
0.00103508	1.69099e-33
0.0010443	1.56318e-31
0.00105352	8.96064e-31
0.00106273	6.2872e-29
0.00107195	3.64474e-28
0.00108117	1.94413e-26
0.00109039	1.13799e-25
0.00109961	4.62477e-24
0.00110883	2.72752e-23
0.00111805	8.4707e-22
0.00112727	5.01857e-21
0.00113649	1.19586e-19
0.00114571	7.08931e-19
0.00115492	1.30307e-17
0.00116414	7.68919e-17
0.00117336	1.09776e-15
0.00118258	6.40423e-15
0.0011918	7.16438e-14
0.00120102	4.09675e-13
0.00121024	3.63066e-12
0.00121946	2.01328e-11
0.00122868	1.43227e-10
0.00123789	7.60341e-10
0.00124711	4.40968e-09
0.00125633	2.20777e-08
0.00126555	1.06209e-07
0.00127477	4.93207e-07
0.00128399	2.00498e-06
0.00129321	8.48473e-06
0.00130243	2.97019e-05
0.00131165	0.000112556
0.00132087	0.000345459
0.00133008	0.00115368
0.0013393	0.00315443
0.00134852	0.00916414
0.00135774	0.0226121
0.00136696	0.0566721
0.00137618	0.12737
0.0013854	0.274782
0.00139462	0.573623
0.00140384	1.07864
0.00141305	2.03238
0.00142227	3.4334
0.00143149	5.69526
0.00144071	8.81481
0.00144993	13.2291
0.00145915	18.939
0.00146837	26.2023
0.00147759	35.0323
0.00148681	45.1887
0.00149603	56.6962
0.00150524	68.6793
0.00151446	81.1287
0.00152368	93.3799
0.0015329	105.331
0.00154212	118.1
0.00155134	131.559
0.00156056	148.754
0.00156978	169.72
0.001579	197.121
0.00158821	231.201
0.00159743	271.878
0.00160665	319.347
0.00161587	371.512
0.00162509	428.215
0.00163431	488.782
0.00164353	552.853
0.00165275	622.953
0.00166197	699.066
0.00167118	784.124
0.0016804	878.63
0.00168962	982.031
0.00169884	1094.77
0.00170806	1213.13
0.00171728	1337.01
0.0017265	1462.75
0.00173572	1590.15
0.00174494	1715.8
0.00175416	1839.91
0.00176337	1956.28
0.00177259	2064.83
0.00178181	2157.55
0.00179103	2233.18
0.00180025	2288.32
0.00180947	2323.11
0.00181869	2331.18
0.00182791	2323.83
0.00183713	2306.54
0.00184634	2272.54
0.00185556	2228.38
0.00186478	2176.31
0.001874	2115.91
0.00188322	2047.56
0.00189244	1970.59
0.00190166	1884.55
0.00191088	1790.86
0.0019201	1689.04
0.00192932	1583.16
0.00193853	1473.6
0.00194775	1364.94
0.00195697	1258.34
0.00196619	1156.75
0.00197541	1061.34
0.00198463	973.027
0.00199385	892.455
0.00200307	819.469
0.00201229	754.298
0.0020215	696.241
0.00203072	645.442
0.00203994	600.209
0.00204916	560.392
0.00205838	523.512
0.0020676	488.813
0.00207682	454.307
0.00208604	418.974
0.00209526	382.118
0.00210448	342.92
0.00211369	302.146
0.00212291	259.429
0.00213213	216.998
0.00214135	175.391
0.00215057	137.124
0.00215979	103.664
0.00216901	75.8285
0.00217823	54.9172
0.00218745	39.5809
0.00219666	29.8422
0.00220588	23.676
0.0022151	19.9965
0.00222432	17.6464
0.00223354	15.4776
0.00224276	13.4419
0.00225198	11.0617
0.0022612	8.69307
0.00227042	6.43485
0.00227964	4.44499
0.00228885	2.91508
0.00229807	1.76152
0.00230729	1.00949
0.00231651	0.538496
0.00232573	0.23089
0.00233495	0.126961
