3.33898e-05	179.925
3.48982e-05	203.658
3.64066e-05	231.442
3.7915e-05	263.334
3.94234e-05	299.169
4.09318e-05	338.839
4.24402e-05	382.198
4.39487e-05	429.055
4.54571e-05	479.362
4.69655e-05	532.949
4.84739e-05	589.928
4.99823e-05	650.269
5.14907e-05	714.244
5.29991e-05	782.059
5.45076e-05	854.065
5.6016e-05	930.706
5.75244e-05	1012.28
5.90328e-05	1099.35
6.05412e-05	1192
6.20496e-05	1290.71
6.3558e-05	1395.25
6.50665e-05	1505.71
6.65749e-05	1621.6
6.80833e-05	1742.44
6.95917e-05	1867.58
7.11001e-05	1995.96
7.26085e-05	2126.98
7.41169e-05	2259.24
7.56253e-05	2392.37
7.71338e-05	2525.01
7.86422e-05	2657.1
8.01506e-05	2787.76
8.1659e-05	2917.22
8.31674e-05	3045.29
8.46758e-05	3172.37
8.61842e-05	3298.98
8.76927e-05	3425.49
8.92011e-05	3552.88
9.07095e-05	3681.38
9.22179e-05	3812.02
9.37263e-05	3944.85
9.52347e-05	4080.63
9.67431e-05	4219.26
9.82516e-05	4361.02
9.976e-05	4505.77
0.000101268	4653.33
0.000102777	4803.54
0.000104285	4955.88
0.000105794	5110.18
0.000107302	5265.73
0.00010881	5422.33
0.000110319	5579.05
0.000111827	5735.7
0.000113336	5891.09
0.000114844	6045.03
0.000116353	6196.11
0.000117861	6344.16
0.000119369	6487.69
0.000120878	6626.65
0.000122386	6759.75
0.000123895	6887.08
0.000125403	7007.95
0.000126911	7122.56
0.00012842	7231.08
0.000129928	7333.74
0.000131437	7431.55
0.000132945	7524.65
0.000134453	7614.51
0.000135962	7701.15
0.00013747	7785.84
0.000138979	7868.46
0.000140487	7949.48
0.000141996	8028.68
0.000143504	8105.35
0.000145012	8179.28
0.000146521	8248.6
0.000148029	8313.18
0.000149538	8370.47
0.000151046	8420.44
0.000152554	8460.98
0.000154063	8491.75
0.000155571	8508.49
0.00015708	8516.11
0.000158588	8513.67
0.000160097	8496.36
0.000161605	8468.35
0.000163113	8429.43
0.000164622	8380.96
0.00016613	8322.97
0.000167639	8257.41
0.000169147	8184.26
0.000170655	8105.14
0.000172164	8019.98
0.000173672	7929.5
0.000175181	7833.66
0.000176689	7732.06
0.000178197	7624.68
0.000179706	7510.29
0.000181214	7388.88
0.000182723	7258.98
0.000184231	7120.6
0.00018574	6972.81
0.000187248	6815.6
0.000188756	6649.19
0.000190265	6473.57
0.000191773	6290.35
0.000193282	6099.49
0.00019479	5903.79
0.000196298	5703.21
0.000197807	5501.14
0.000199315	5297.58
0.000200824	5095.8
0.000202332	4895.85
0.000203841	4700.34
0.000205349	4509.34
0.000206857	4324.47
0.000208366	4145.83
0.000209874	3974.08
0.000211383	3809.28
0.000212891	3651.33
0.000214399	3500.28
0.000215908	3355.52
0.000217416	3217.09
0.000218925	3084.2
0.000220433	2956.82
0.000221941	2834.17
0.00022345	2716.21
0.000224958	2602.22
0.000226467	2492.18
0.000227975	2385.45
0.000229484	2282
0.000230992	2181.24
0.0002325	2083.14
0.000234009	1987.15
0.000235517	1893.24
0.000237026	1800.91
0.000238534	1710.1
0.000240042	1620.46
0.000241551	1531.92
0.000243059	1444.38
0.000244568	1357.75
0.000246076	1272.29
0.000247585	1187.94
0.000249093	1105.3
0.000250601	1024.35
0.00025211	945.932
0.000253618	870.118
0.000255127	797.805
0.000256635	729.123
0.000258143	664.806
0.000259652	605.025
0.00026116	550.159
0.000262669	500.374
0.000264177	455.6
0.000265685	415.948
0.000267194	380.92
0.000268702	350.533
0.000270211	323.988
0.000271719	301.192
0.000273228	281.229
0.000274736	263.915
0.000276244	248.402
0.000277753	234.453
0.000279261	221.425
0.00028077	209.083
0.000282278	197.052
0.000283786	185.142
0.000285295	173.233
0.000286803	161.21
0.000288312	149.142
0.00028982	136.994
0.000291329	124.935
0.000292837	112.997
0.000294345	101.369
0.000295854	90.1206
0.000297362	79.4054
0.000298871	69.303
0.000300379	59.9032
0.000301887	51.2726
0.000303396	43.4327
0.000304904	36.4232
0.000306413	30.2091
0.000307921	24.7987
0.000309429	20.1203
0.000310938	16.1533
0.000312446	12.81
0.000313955	10.0487
0.000315463	7.78305
0.000316972	5.95997
0.00031848	4.50561
0.000319988	3.36496
0.000321497	2.48162
0.000323005	1.80587
0.000324514	1.29879
0.000326022	0.920024
0.00032753	0.645185
0.000329039	0.444448
0.000330547	0.303922
0.000332056	0.198076
0.000333564	0.135655
