0.000500379	1.63818e-79
0.000507922	1.62004e-76
0.000515465	6.47524e-76
0.000523008	5.24002e-73
0.00053055	2.11479e-72
0.000538093	1.39993e-69
0.000545636	5.70685e-69
0.000553179	3.08999e-66
0.000560721	1.27246e-65
0.000568264	5.635e-63
0.000575807	2.34426e-62
0.00058335	8.49032e-60
0.000590892	3.56851e-59
0.000598435	1.05696e-56
0.000605978	4.48835e-56
0.000613521	1.0872e-53
0.000621063	4.66448e-53
0.000628606	9.24046e-51
0.000636149	4.00533e-50
0.000643692	6.48983e-48
0.000651234	2.8418e-47
0.000658777	3.76665e-45
0.00066632	1.66598e-44
0.000673862	1.80673e-42
0.000681405	8.06988e-42
0.000688948	7.16291e-40
0.000696491	3.22989e-39
0.000704033	2.34746e-37
0.000711576	1.06816e-36
0.000719119	6.36039e-35
0.000726662	2.91886e-34
0.000734204	1.42504e-32
0.000741747	6.59061e-32
0.00074929	2.64078e-30
0.000756833	1.22964e-29
0.000764375	4.04873e-28
0.000771918	1.89572e-27
0.000779461	5.13731e-26
0.000787004	2.41507e-25
0.000794546	5.39715e-24
0.000802089	2.54244e-23
0.000809632	4.69699e-22
0.000817175	2.21186e-21
0.000824717	3.38811e-20
0.00083226	1.59025e-19
0.000839803	2.0271e-18
0.000847345	9.44938e-18
0.000854888	1.00673e-16
0.000862431	4.64091e-16
0.000869974	4.15391e-15
0.000877516	1.88411e-14
0.000885059	1.42537e-13
0.000892602	6.32368e-13
0.000900145	4.07168e-12
0.000907687	1.75495e-11
0.00091523	9.69294e-11
0.000922773	4.02793e-10
0.000930316	1.92497e-09
0.000937858	7.64797e-09
0.000945401	3.19229e-08
0.000952944	1.20176e-07
0.000960487	4.42439e-07
0.000968029	1.56353e-06
0.000975572	5.1283e-06
0.000983115	1.6854e-05
0.000990658	4.9737e-05
0.0009982	0.000150656
0.00100574	0.00040377
0.00101329	0.00111811
0.00102083	0.00274463
0.00102837	0.00690128
0.00103591	0.0156294
0.00104346	0.035509
0.001051	0.0746329
0.00105854	0.152814
0.00106608	0.303166
0.00107363	0.559713
0.00108117	1.03575
0.00108871	1.75074
0.00109626	2.94243
0.0011038	4.62684
0.00111134	7.14585
0.00111888	10.5073
0.00112643	15.094
0.00113397	20.9059
0.00114151	28.2958
0.00114906	37.2613
0.0011566	48.1061
0.00116414	60.8292
0.00117168	75.7095
0.00117923	92.7488
0.00118677	112.256
0.00119431	134.237
0.00120185	159.141
0.0012094	186.968
0.00121694	218.31
0.00122448	253.155
0.00123203	291.789
0.00123957	334.198
0.00124711	379.643
0.00125465	428.129
0.0012622	477.959
0.00126974	529.139
0.00127728	580.565
0.00128482	632.198
0.00129237	685.387
0.00129991	740.051
0.00130745	800.038
0.001315	865.31
0.00132254	940.18
0.00133008	1024.71
0.00133762	1121.54
0.00134517	1230.83
0.00135271	1352.4
0.00136025	1486.54
0.00136779	1629.3
0.00137534	1781.02
0.00138288	1933.43
0.00139042	2086.64
0.00139797	2230.51
0.00140551	2364.57
0.00141305	2482.7
0.00142059	2583.97
0.00142814	2670.36
0.00143568	2741.25
0.00144322	2804.16
0.00145076	2859.34
0.00145831	2913.05
0.00146585	2966.21
0.00147339	3019.22
0.00148094	3072.91
0.00148848	3122.17
0.00149602	3167.2
0.00150356	3200.69
0.00151111	3221.99
0.00151865	3225.89
0.00152619	3210.27
0.00153373	3175.33
0.00154128	3118.2
0.00154882	3042.95
0.00155636	2949.43
0.00156391	2844.42
0.00157145	2728.25
0.00157899	2608.62
0.00158653	2486.62
0.00159408	2367.64
0.00160162	2253.04
0.00160916	2144.34
0.0016167	2042.5
0.00162425	1946.02
0.00163179	1855.06
0.00163933	1767.26
0.00164688	1682.19
0.00165442	1598.24
0.00166196	1514.91
0.0016695	1431.48
0.00167705	1347.66
0.00168459	1263.16
0.00169213	1177.78
0.00169968	1091.66
0.00170722	1004.6
0.00171476	917.505
0.0017223	830.318
0.00172985	744.764
0.00173739	661.127
0.00174493	581.298
0.00175247	505.895
0.00176002	436.144
0.00176756	372.725
0.0017751	315.779
0.00178265	265.716
0.00179019	221.79
0.00179773	183.975
0.00180527	151.236
0.00181282	123.213
0.00182036	99.1243
0.0018279	78.5527
0.00183544	61.0886
0.00184299	46.4645
0.00185053	34.407
0.00185807	24.7813
0.00186562	17.2313
0.00187316	11.6141
0.0018807	7.50562
0.00188824	4.6844
0.00189579	2.79859
0.00190333	1.59948
0.00191087	0.883665
0.00191841	0.449049
0.00192596	0.235924
0.0019335	0.109578
0.00194104	0.0527443
0.00194859	0.0226315
0.00195613	0.00983355
0.00196367	0.00392721
0.00197121	0.00152525
0.00197876	0.000571623
0.0019863	0.000196495
0.00199384	6.48747e-05
0.00200138	2.10014e-05
