0.000500379	6.61774e-168
0.000509598	3.00503e-162
0.000518817	1.20201e-161
0.000528036	4.11075e-156
0.000537255	1.66112e-155
0.000546474	4.27778e-150
0.000555693	1.74657e-149
0.000564912	3.3864e-144
0.000574131	1.39721e-143
0.00058335	2.03929e-138
0.000592569	8.50419e-138
0.000601788	9.34202e-133
0.000611007	3.93818e-132
0.000620226	3.25551e-127
0.000629445	1.38755e-126
0.000638664	8.63002e-122
0.000647883	3.71959e-121
0.000657101	1.74028e-116
0.00066632	7.58635e-116
0.000675539	2.66954e-111
0.000684758	1.17723e-110
0.000693977	3.11505e-106
0.000703196	1.38989e-105
0.000712415	2.76503e-101
0.000721634	1.24851e-100
0.000730853	1.86698e-96
0.000740072	8.53282e-96
0.000749291	9.58924e-92
0.00075851	4.43694e-91
0.000767729	3.74654e-87
0.000776948	1.75535e-86
0.000786167	1.11347e-82
0.000795386	5.28368e-82
0.000804605	2.51725e-78
0.000813823	1.21003e-77
0.000823042	4.32887e-74
0.000832261	2.10837e-73
0.00084148	5.6627e-70
0.000850699	2.79503e-69
0.000859918	5.63476e-66
0.000869137	2.81914e-65
0.000878356	4.26516e-62
0.000887575	2.16339e-61
0.000896794	2.45588e-58
0.000906013	1.26311e-57
0.000915232	1.07573e-54
0.000924451	5.61101e-54
0.00093367	3.58456e-51
0.000942889	1.8964e-50
0.000952108	9.08711e-48
0.000961327	4.87651e-47
0.000970545	1.75268e-44
0.000979764	9.54072e-44
0.000988983	2.5722e-41
0.000998202	1.4202e-40
0.00100742	2.8727e-38
0.00101664	1.60847e-37
0.00102586	2.44193e-35
0.00103508	1.38605e-34
0.0010443	1.58031e-32
0.00105352	9.08764e-32
0.00106273	7.78849e-30
0.00107195	4.53355e-29
0.00108117	2.92456e-27
0.00109039	1.72088e-26
0.00109961	8.3718e-25
0.00110883	4.97052e-24
0.00111805	1.82837e-22
0.00112727	1.09248e-21
0.00113649	3.04958e-20
0.00114571	1.82731e-19
0.00115492	3.88965e-18
0.00116414	2.32615e-17
0.00117336	3.80008e-16
0.00118258	2.25393e-15
0.0011918	2.84944e-14
0.00120102	1.66263e-13
0.00121024	1.64378e-12
0.00121946	9.33895e-12
0.00122868	7.31482e-11
0.00123789	3.99565e-10
0.00124711	2.518e-09
0.00125633	1.30272e-08
0.00126555	6.72297e-08
0.00127477	3.23852e-07
0.00128399	1.3954e-06
0.00129321	6.14376e-06
0.00130243	2.25483e-05
0.00131165	8.90449e-05
0.00132087	0.000283826
0.00133008	0.000987551
0.0013393	0.00278196
0.00134852	0.0083994
0.00135774	0.0212118
0.00136696	0.0549586
0.00137618	0.125687
0.0013854	0.277891
0.00139462	0.588315
0.00140384	1.12061
0.00141305	2.11745
0.00142227	3.57729
0.00143149	5.83364
0.00144071	8.88546
0.00144993	12.8994
0.00145915	17.8758
0.00146837	23.8625
0.00147759	30.8428
0.00148681	39.3909
0.00149603	49.455
0.00150524	62.8626
0.00151446	79.562
0.00152368	102.343
0.0015329	131.252
0.00154212	168.246
0.00155134	213.539
0.00156056	265.964
0.00156978	325.777
0.001579	388.422
0.00158821	453.83
0.00159743	517.912
0.00160665	580.024
0.00161587	642.522
0.00162509	704.646
0.00163431	776.357
0.00164353	857.849
0.00165275	958.54
0.00166197	1079.9
0.00167118	1220.58
0.0016804	1382.03
0.00168962	1551.94
0.00169884	1730.34
0.00170806	1902.93
0.00171728	2068.54
0.0017265	2217.61
0.00173572	2348.61
0.00174494	2458.48
0.00175416	2545.66
0.00176337	2615.01
0.00177259	2665.73
0.00178181	2708.32
0.00179103	2743.84
0.00180025	2780.01
0.00180947	2818.98
0.00181869	2860.17
0.00182791	2905.05
0.00183713	2946.76
0.00184634	2988.18
0.00185556	3004.56
0.00186478	3007.18
0.001874	3005.6
0.00188322	2964.2
0.00189244	2897.19
0.00190166	2810.37
0.00191088	2712.66
0.0019201	2606.64
0.00192932	2499.53
0.00193853	2395.08
0.00194775	2290.06
0.00195697	2184.94
0.00196619	2075.25
0.00197541	1959.32
0.00198463	1837.11
0.00199385	1707.82
0.00200307	1573.44
0.00201229	1433.76
0.0020215	1292.51
0.00203072	1149.72
0.00203994	1011.96
0.00204916	881.103
0.00205838	762.261
0.0020676	658.769
0.00207682	569.133
0.00208604	494.781
0.00209526	430.106
0.00210448	373.142
0.00211369	321.024
0.00212291	271.209
0.00213213	225.335
0.00214135	183.194
0.00215057	146.846
0.00215979	117.723
0.00216901	95.1305
0.00217823	79.709
0.00218745	68.9527
0.00219666	61.8784
0.00220588	56.6151
0.0022151	51.664
0.00222432	46.7006
0.00223354	40.9055
0.00224276	34.8044
0.00225198	28.4118
0.0022612	22.2401
0.00227042	16.6633
0.00227964	11.8305
0.00228885	8.03309
0.00229807	5.11377
0.00230729	3.10021
0.00231651	1.75987
0.00232573	0.858018
0.00233495	0.475053
