0.000500379	6.7901e-25
0.000506246	7.35331e-24
0.000512113	2.73762e-23
0.000517979	2.69951e-22
0.000523846	9.79137e-22
0.000529712	8.612e-21
0.000535579	3.10686e-20
0.000541445	2.44243e-19
0.000547312	8.7469e-19
0.000553178	6.16007e-18
0.000559045	2.18518e-17
0.000564911	1.38214e-16
0.000570778	4.84483e-16
0.000576644	2.75986e-15
0.000582511	9.53432e-15
0.000588378	4.90644e-14
0.000594244	1.66568e-13
0.000600111	7.76908e-13
0.000605977	2.58383e-12
0.000611844	1.09618e-11
0.00061771	3.55957e-11
0.000623577	1.37875e-10
0.000629443	4.35605e-10
0.00063531	1.54656e-09
0.000641176	4.73659e-09
0.000647043	1.54777e-08
0.000652909	4.57767e-08
0.000658776	1.38252e-07
0.000664643	3.93347e-07
0.000670509	1.10263e-06
0.000676376	3.00625e-06
0.000682242	7.85472e-06
0.000688109	2.04446e-05
0.000693975	4.99949e-05
0.000699842	0.000123782
0.000705708	0.000284416
0.000711575	0.000667577
0.000717441	0.00144664
0.000723308	0.00320925
0.000729174	0.00658105
0.000735041	0.0137627
0.000740908	0.026788
0.000746774	0.0526992
0.000752641	0.0982666
0.000758507	0.180991
0.000764374	0.325982
0.00077024	0.560805
0.000776107	0.955097
0.000781973	1.55407
0.00078784	2.50211
0.000793706	3.86119
0.000799573	5.88042
0.000805439	8.62499
0.000811306	12.4449
0.000817173	17.384
0.000823039	23.824
0.000828906	31.7645
0.000834772	41.4867
0.000840639	52.9432
0.000846505	66.1829
0.000852372	81.1386
0.000858238	97.5958
0.000864105	115.512
0.000869971	134.544
0.000875838	154.707
0.000881704	175.781
0.000887571	197.84
0.000893438	221.024
0.000899304	245.433
0.000905171	271.642
0.000911037	299.732
0.000916904	330.587
0.00092277	364.243
0.000928637	401.633
0.000934503	442.745
0.00094037	488.298
0.000946236	538.239
0.000952103	592.866
0.000957969	652.103
0.000963836	715.678
0.000969703	783.511
0.000975569	854.698
0.000981436	929.179
0.000987302	1005.55
0.000993169	1083.8
0.000999035	1162.43
0.0010049	1241.45
0.00101077	1319.75
0.00101663	1397.38
0.0010225	1473.75
0.00102837	1548.88
0.00103423	1622.4
0.0010401	1694.29
0.00104597	1763.88
0.00105183	1831.16
0.0010577	1895.24
0.00106357	1956.14
0.00106943	2013.72
0.0010753	2068.01
0.00108117	2120.77
0.00108703	2171.99
0.0010929	2225.47
0.00109877	2281.16
0.00110463	2343.39
0.0011105	2412.17
0.00111637	2489.97
0.00112223	2576.9
0.0011281	2671.81
0.00113397	2774.87
0.00113983	2881.31
0.0011457	2991.26
0.00115157	3097.94
0.00115743	3201.36
0.0011633	3295.09
0.00116916	3378.98
0.00117503	3448.8
0.0011809	3504.3
0.00118676	3544.74
0.00119263	3570.64
0.0011985	3575.05
0.00120436	3569.22
0.00121023	3555.52
0.0012161	3524.1
0.00122196	3481.73
0.00122783	3429.44
0.0012337	3366.61
0.00123956	3293.37
0.00124543	3209
0.0012513	3113.39
0.00125716	3006.7
0.00126303	2888.61
0.0012689	2761.83
0.00127476	2626.07
0.00128063	2486.62
0.0012865	2343.58
0.00129236	2202.92
0.00129823	2065.25
0.0013041	1934.7
0.00130996	1812.13
0.00131583	1698.37
0.00132169	1594.08
0.00132756	1497.2
0.00133343	1407.88
0.00133929	1322.96
0.00134516	1242.06
0.00135103	1162.85
0.00135689	1084.73
0.00136276	1007.12
0.00136863	929.592
0.00137449	853.085
0.00138036	777.513
0.00138623	704.41
0.00139209	633.989
0.00139796	567.558
0.00140383	505.443
0.00140969	448.374
0.00141556	396.645
0.00142143	350.375
0.00142729	309.769
0.00143316	274.366
0.00143903	244.249
0.00144489	218.436
0.00145076	196.834
0.00145663	178.175
0.00146249	162.161
0.00146836	147.668
0.00147422	134.267
0.00148009	121.371
0.00148596	108.6
0.00149182	95.9866
0.00149769	83.363
0.00150356	71.1344
0.00150942	59.3696
0.00151529	48.4692
0.00152116	38.6269
0.00152702	29.9938
0.00153289	22.7327
0.00153876	16.7296
0.00154462	12.0254
0.00155049	8.37178
0.00155636	5.6938
0.00156222	3.74796
0.00156809	2.40565
0.00157396	1.49845
0.00157982	0.904704
0.00158569	0.534401
0.00159156	0.302157
0.00159742	0.16988
0.00160329	0.0884483
0.00160916	0.0482921
0.00161502	0.0237144
0.00162089	0.0122196
0.00162675	0.00567981
0.00163262	0.00275055
0.00163849	0.00121432
0.00164435	0.000550526
0.00165022	0.000231697
0.00165609	9.794e-05
0.00166195	3.60967e-05
0.00166782	1.54822e-05
