0.000500379	2.97365e-150
0.000509598	3.87681e-145
0.000518817	1.55072e-144
0.000528036	1.5511e-139
0.000537255	6.26782e-139
0.000546474	4.80928e-134
0.000555693	1.96355e-133
0.000564912	1.15556e-128
0.000574131	4.76771e-128
0.00058335	2.15165e-123
0.000592569	8.9726e-123
0.000601788	3.10472e-118
0.000611007	1.30878e-117
0.000620226	3.47167e-113
0.000629445	1.47964e-112
0.000638664	3.0083e-108
0.000647883	1.29655e-107
0.000657101	2.02006e-103
0.00066632	8.80559e-103
0.000675539	1.05117e-98
0.000684758	4.6352e-98
0.000693977	4.23876e-94
0.000703196	1.89112e-93
0.000712415	1.32454e-89
0.000721634	5.98011e-89
0.000730853	3.20736e-85
0.000740072	1.46568e-84
0.000749291	6.01852e-81
0.00075851	2.78425e-80
0.000767729	8.75163e-77
0.000776948	4.09936e-76
0.000786167	9.86158e-73
0.000795386	4.67805e-72
0.000804605	8.61122e-69
0.000813823	4.13763e-68
0.000823042	5.82703e-65
0.000832261	2.83648e-64
0.00084148	3.05562e-61
0.000850699	1.50712e-60
0.000859918	1.24174e-57
0.000869137	6.20664e-57
0.000878356	3.91066e-54
0.000887575	1.98111e-53
0.000896794	9.54504e-51
0.000906013	4.90122e-50
0.000915232	1.80566e-47
0.000924451	9.39823e-47
0.00093367	2.64763e-44
0.000942889	1.39681e-43
0.000952108	3.00944e-41
0.000961327	1.6091e-40
0.000970545	2.65205e-38
0.000979764	1.43677e-37
0.000988983	1.81227e-35
0.000998202	9.94393e-35
0.00100742	9.60541e-33
0.00101664	5.33468e-32
0.00102586	3.95005e-30
0.00103508	2.21846e-29
0.0010443	1.26087e-27
0.00105352	7.15164e-27
0.00106273	3.12579e-25
0.00107195	1.7873e-24
0.00108117	6.02268e-23
0.00109039	3.46309e-22
0.00109961	9.02741e-21
0.00110883	5.20295e-20
0.00111805	1.05389e-18
0.00112727	6.06201e-18
0.00113649	9.59653e-17
0.00114571	5.47833e-16
0.00115492	6.82803e-15
0.00116414	3.8411e-14
0.00117336	3.80397e-13
0.00118258	2.09019e-12
0.0011918	1.66324e-11
0.00120102	8.83151e-11
0.00121024	5.7218e-10
0.00121946	2.89908e-09
0.00122868	1.55259e-08
0.00123789	7.39951e-08
0.00124711	3.33054e-07
0.00125633	1.46999e-06
0.00126555	5.65866e-06
0.00127477	2.27603e-05
0.00128399	7.62438e-05
0.00129321	0.000275145
0.00130243	0.000815203
0.00131165	0.00260287
0.00132087	0.00691765
0.00133008	0.0193247
0.0013393	0.0465862
0.00134852	0.113021
0.00135774	0.249025
0.00136696	0.523166
0.00137618	1.07933
0.0013854	1.98793
0.00139462	3.64076
0.00140384	6.03653
0.00141305	9.68487
0.00142227	14.5817
0.00143149	20.9226
0.00144071	28.7108
0.00144993	37.605
0.00145915	47.6082
0.00146837	58.3209
0.00147759	69.7244
0.00148681	82.1596
0.00149603	95.5986
0.00150524	111.075
0.00151446	128.599
0.00152368	148.895
0.0015329	171.999
0.00154212	197.951
0.00155134	226.708
0.00156056	258.968
0.00156978	294.567
0.001579	336.438
0.00158821	384.486
0.00159743	442.956
0.00160665	512.083
0.00161587	594.002
0.00162509	689.242
0.00163431	795.175
0.00164353	912.3
0.00165275	1033.38
0.00166197	1158.51
0.00167118	1278.56
0.0016804	1392.78
0.00168962	1495.9
0.00169884	1586.26
0.00170806	1669.33
0.00171728	1743.68
0.0017265	1825.41
0.00173572	1915.31
0.00174494	2028.1
0.00175416	2167.1
0.00176337	2330.9
0.00177259	2522.8
0.00178181	2722.72
0.00179103	2930.83
0.00180025	3120.77
0.00180947	3289.18
0.00181869	3418.88
0.00182791	3510.18
0.00183713	3533.96
0.00184634	3515.63
0.00185556	3471.32
0.00186478	3369.37
0.001874	3236.73
0.00188322	3080.45
0.00189244	2915.17
0.00190166	2744.52
0.00191088	2579.88
0.0019201	2425.47
0.00192932	2282.68
0.00193853	2153.63
0.00194775	2034.24
0.00195697	1924.19
0.00196619	1819.8
0.00197541	1720.2
0.00198463	1622.6
0.00199385	1526.34
0.00200307	1428.54
0.00201229	1327.85
0.0020215	1224.17
0.00203072	1116.04
0.00203994	1008.12
0.00204916	901.097
0.00205838	799.878
0.0020676	707.094
0.00207682	622.576
0.00208604	547.68
0.00209526	479.11
0.00210448	415.643
0.00211369	356.293
0.00212291	299.677
0.00213213	247.749
0.00214135	200.966
0.00215057	160.675
0.00215979	128.11
0.00216901	102.284
0.00217823	83.4366
0.00218745	69.6202
0.00219666	59.9752
0.00220588	53.14
0.0022151	48.0945
0.00222432	44.2398
0.00223354	40.9311
0.00224276	37.8937
0.00225198	34.7563
0.0022612	31.4322
0.00227042	27.6785
0.00227964	23.692
0.00228885	19.4603
0.00229807	15.312
0.00230729	11.4894
0.00231651	8.13474
0.00232573	5.48633
0.00233495	3.46256
