0.000166815	4.45362e-27
0.000172682	4.88347e-26
0.000178548	1.81978e-25
0.000184415	1.83178e-24
0.000190282	6.65943e-24
0.000196148	6.02789e-23
0.000202015	2.18268e-22
0.000207881	1.77963e-21
0.000213748	6.40774e-21
0.000219614	4.71496e-20
0.000225481	1.68503e-19
0.000231347	1.1213e-18
0.000237214	3.96948e-18
0.00024308	2.39436e-17
0.000248947	8.37759e-17
0.000254813	4.59201e-16
0.00026068	1.58418e-15
0.000266547	7.91224e-15
0.000272413	2.68437e-14
0.00027828	1.22523e-13
0.000284146	4.07647e-13
0.000290013	1.70566e-12
0.000295879	5.54875e-12
0.000301746	2.13535e-11
0.000307612	6.77091e-11
0.000313479	2.40484e-10
0.000319345	7.40838e-10
0.000325212	2.43711e-09
0.000331078	7.26976e-09
0.000336945	2.22317e-08
0.000342812	6.39954e-08
0.000348678	1.82601e-07
0.000354545	5.05519e-07
0.000360411	1.3508e-06
0.000366278	3.58454e-06
0.000372144	9.00229e-06
0.000378011	2.2825e-05
0.000383877	5.40639e-05
0.000389744	0.000130577
0.00039561	0.000292667
0.000401477	0.000671475
0.000407343	0.0014285
0.00041321	0.00310579
0.000419077	0.00628875
0.000424943	0.0129301
0.00043081	0.0249802
0.000436676	0.0484937
0.000442543	0.0901582
0.000448409	0.164605
0.000454276	0.296119
0.000460142	0.508159
0.000466009	0.867609
0.000471875	1.41462
0.000477742	2.29188
0.000483608	3.55811
0.000489475	5.47195
0.000495342	8.10196
0.000501208	11.8397
0.000507075	16.7423
0.000512941	23.2884
0.000518808	31.4975
0.000524674	41.804
0.000530541	54.1756
0.000536407	68.8251
0.000542274	85.6846
0.00054814	104.633
0.000554007	125.612
0.000559873	148.25
0.00056574	172.551
0.000571606	198.198
0.000577473	225.273
0.00058334	253.91
0.000589206	284.228
0.000595073	317.011
0.000600939	352.35
0.000606806	391.482
0.000612672	434.411
0.000618539	482.26
0.000624405	534.94
0.000630272	592.801
0.000636138	655.709
0.000642005	722.874
0.000647871	794.186
0.000653738	867.889
0.000659605	943.948
0.000665471	1020.33
0.000671338	1097.08
0.000677204	1172.77
0.000683071	1247.48
0.000688937	1320.92
0.000694804	1393.17
0.00070067	1464.95
0.000706537	1536.26
0.000712403	1608.02
0.00071827	1680.2
0.000724136	1753.06
0.000730003	1826.57
0.00073587	1900.1
0.000741736	1973.65
0.000747603	2046.36
0.000753469	2118.24
0.000759336	2189.07
0.000765202	2258.85
0.000771069	2328.37
0.000776935	2397.59
0.000782802	2467.77
0.000788668	2538.91
0.000794535	2611.83
0.000800401	2686.57
0.000806268	2762.98
0.000812135	2841.11
0.000818001	2919.81
0.000823868	2999.15
0.000829734	3077.18
0.000835601	3153.95
0.000841467	3226.8
0.000847334	3295.77
0.0008532	3357.44
0.000859067	3411.82
0.000864933	3455.96
0.0008708	3491.27
0.000876666	3499.06
0.000882533	3498.67
0.0008884	3494.31
0.000894266	3458.73
0.000900133	3404.92
0.000905999	3335.12
0.000911866	3249.7
0.000917732	3148.4
0.000923599	3036.21
0.000929465	2913.13
0.000935332	2785.07
0.000941198	2652.35
0.000947065	2520.07
0.000952931	2388.78
0.000958798	2261.6
0.000964665	2139.07
0.000970531	2022.27
0.000976398	1911.54
0.000982264	1806.69
0.000988131	1707.83
0.000993997	1614.4
0.000999864	1526.37
0.00100573	1443.12
0.0010116	1364.64
0.00101746	1290.21
0.00102333	1219.79
0.0010292	1152.52
0.00103506	1088.27
0.00104093	1026.24
0.0010468	966.226
0.00105266	907.8
0.00105853	850.769
0.0010644	795.225
0.00107026	741.081
0.00107613	688.75
0.001082	638.289
0.00108786	590.055
0.00109373	544.18
0.00109959	500.721
0.00110546	459.769
0.00111133	421.127
0.00111719	384.785
0.00112306	350.514
0.00112893	318.233
0.00113479	287.864
0.00114066	259.337
0.00114653	232.729
0.00115239	208.038
0.00115826	185.361
0.00116413	164.754
0.00116999	146.185
0.00117586	129.704
0.00118173	115.099
0.00118759	102.349
0.00119346	91.143
0.00119933	81.3725
0.00120519	72.7672
0.00121106	65.1782
0.00121693	58.4684
0.00122279	52.5232
0.00122866	47.317
0.00123453	42.8099
0.00124039	38.9827
0.00124626	35.8427
0.00125212	33.2864
0.00125799	31.2985
0.00126386	29.6922
0.00126972	28.3811
0.00127559	27.1805
0.00128146	25.9499
0.00128732	24.5999
0.00129319	23.0055
0.00129906	21.2007
0.00130492	19.141
0.00131079	16.9358
0.00131666	14.6331
0.00132252	12.3403
0.00132839	10.1879
0.00133426	8.13111
