3.33898e-05	1.10728e-07
3.55687e-05	2.66455e-07
3.77476e-05	7.33635e-07
3.99264e-05	1.81021e-06
4.21053e-05	4.41986e-06
4.42842e-05	1.0286e-05
4.64631e-05	2.42149e-05
4.8642e-05	5.32997e-05
5.08209e-05	0.000120661
5.29998e-05	0.000251881
5.51787e-05	0.000546933
5.73576e-05	0.00108565
5.95365e-05	0.0022557
6.17154e-05	0.00426822
6.38943e-05	0.00846694
6.60732e-05	0.0153085
6.82521e-05	0.0289353
7.0431e-05	0.0511413
7.26099e-05	0.0904507
7.47888e-05	0.153692
7.69677e-05	0.257675
7.91465e-05	0.419833
8.13254e-05	0.669381
8.35043e-05	1.044
8.56832e-05	1.58699
8.78621e-05	2.3673
9.0041e-05	3.43789
9.22199e-05	4.90443
9.43988e-05	6.81666
9.65777e-05	9.30625
9.87566e-05	12.4013
0.000100935	16.2258
0.000103114	20.7718
0.000105293	26.1062
0.000107472	32.1874
0.000109651	38.9867
0.00011183	46.4511
0.000114009	54.4632
0.000116188	62.9904
0.000118367	71.8894
0.000120546	81.1682
0.000122724	90.7463
0.000124903	100.664
0.000127082	110.957
0.000129261	121.668
0.00013144	132.921
0.000133619	144.736
0.000135798	157.24
0.000137977	170.441
0.000140156	184.419
0.000142334	199.219
0.000144513	214.955
0.000146692	231.772
0.000148871	250.067
0.00015105	270.107
0.000153229	292.88
0.000155408	318.748
0.000157587	349.484
0.000159766	385.451
0.000161945	429.122
0.000164123	480.741
0.000166302	543.023
0.000168481	615.978
0.00017066	701.765
0.000172839	800.117
0.000175018	911.687
0.000177197	1035.99
0.000179376	1171.49
0.000181555	1317.65
0.000183733	1470.76
0.000185912	1630.48
0.000188091	1791.91
0.00019027	1955.01
0.000192449	2115.47
0.000194628	2273.55
0.000196807	2427.16
0.000198986	2576.75
0.000201165	2723.32
0.000203344	2867.27
0.000205522	3012.3
0.000207701	3158.61
0.00020988	3311.11
0.000212059	3469.76
0.000214238	3638.72
0.000216417	3817.75
0.000218596	4008.5
0.000220775	4210.7
0.000222954	4422.6
0.000225132	4643.96
0.000227311	4870
0.00022949	5100.62
0.000231669	5329.6
0.000233848	5556.99
0.000236027	5777.41
0.000238206	5990.97
0.000240385	6194.9
0.000242564	6389.28
0.000244743	6574.16
0.000246921	6749.56
0.0002491	6916.8
0.000251279	7075.88
0.000253458	7227.09
0.000255637	7370.44
0.000257816	7503.68
0.000259995	7626.86
0.000262174	7735.48
0.000264353	7829.55
0.000266531	7905.33
0.00026871	7963.35
0.000270889	7986.99
0.000273068	7996.08
0.000275247	7992.53
0.000277426	7954.44
0.000279605	7896.7
0.000281784	7820.25
0.000283963	7727.73
0.000286142	7619.16
0.00028832	7498.75
0.000290499	7366.65
0.000292678	7225.86
0.000294857	7076.59
0.000297036	6920.1
0.000299215	6756.56
0.000301394	6585.72
0.000303573	6407.64
0.000305752	6221.57
0.00030793	6027.38
0.000310109	5825.33
0.000312288	5615.14
0.000314467	5399.17
0.000316646	5177.19
0.000318825	4953.65
0.000321004	4728.58
0.000323183	4507.22
0.000325362	4289.96
0.00032754	4080.86
0.000329719	3880.59
0.000331898	3690.66
0.000334077	3511.66
0.000336256	3342.5
0.000338435	3183.43
0.000340614	3031.85
0.000342793	2887.6
0.000344972	2748.11
0.000347151	2612.95
0.000349329	2480.67
0.000351508	2350.82
0.000353687	2223.29
0.000355866	2097.83
0.000358045	1975.27
0.000360224	1855.6
0.000362403	1739.94
0.000364582	1628.48
0.000366761	1522.09
0.000368939	1421.02
0.000371118	1325.59
0.000373297	1236.03
0.000375476	1152
0.000377655	1073.6
0.000379834	1000.01
0.000382013	931.14
0.000384192	866.001
0.000386371	804.347
0.00038855	745.397
0.000390728	688.838
0.000392907	634.359
0.000395086	581.714
0.000397265	531.06
0.000399444	482.317
0.000401623	435.887
0.000403802	391.859
0.000405981	350.585
0.00040816	312.243
0.000410338	276.936
0.000412517	244.808
0.000414696	215.684
0.000416875	189.595
0.000419054	166.184
0.000421233	145.356
0.000423412	126.723
0.000425591	110.107
0.00042777	95.2092
0.000429949	81.8396
0.000432127	69.8295
0.000434306	59.0354
0.000436485	49.3862
0.000438664	40.8044
0.000440843	33.25
0.000443022	26.6907
0.000445201	21.0653
0.00044738	16.3472
0.000449559	12.4407
0.000451737	9.29571
0.000453916	6.80017
0.000456095	4.87624
0.000458274	3.42252
0.000460453	2.34844
0.000462632	1.58032
0.000464811	1.00747
0.00046699	0.667792
