0.000166815	0.00042574
0.000171844	0.000729773
0.000176872	0.00164187
0.000181901	0.00298819
0.000186929	0.00578559
0.000191958	0.0102062
0.000196986	0.018647
0.000202014	0.0319169
0.000207043	0.0549966
0.000212071	0.0906889
0.0002171	0.148386
0.000222128	0.235124
0.000227157	0.366354
0.000232185	0.556834
0.000237214	0.82812
0.000242242	1.20615
0.00024727	1.71538
0.000252299	2.39348
0.000257327	3.26086
0.000262356	4.36089
0.000267384	5.70143
0.000272413	7.31773
0.000277441	9.20004
0.000282469	11.3585
0.000287498	13.7688
0.000292526	16.4064
0.000297555	19.244
0.000302583	22.2293
0.000307612	25.3454
0.00031264	28.5356
0.000317669	31.8005
0.000322697	35.1051
0.000327725	38.4669
0.000332754	41.888
0.000337782	45.4023
0.000342811	49.0562
0.000347839	52.9075
0.000352868	57.0666
0.000357896	61.6252
0.000362924	66.8001
0.000367953	72.7129
0.000372981	79.7245
0.00037801	87.9543
0.000383038	97.8815
0.000388067	109.574
0.000393095	123.505
0.000398123	139.659
0.000403152	158.321
0.00040818	179.408
0.000413209	202.898
0.000418237	228.699
0.000423266	256.53
0.000428294	286.349
0.000433323	317.823
0.000438351	350.981
0.000443379	385.671
0.000448408	421.963
0.000453436	459.979
0.000458465	499.779
0.000463493	541.662
0.000468522	585.644
0.00047355	632.002
0.000478578	680.716
0.000483607	731.909
0.000488635	785.564
0.000493664	841.684
0.000498692	900.284
0.000503721	961.413
0.000508749	1025.11
0.000513778	1091.59
0.000518806	1160.89
0.000523834	1233.33
0.000528863	1308.89
0.000533891	1387.73
0.00053892	1469.78
0.000543948	1554.74
0.000548977	1642.52
0.000554005	1732.3
0.000559033	1824.02
0.000564062	1916.59
0.00056909	2010.03
0.000574119	2103.46
0.000579147	2196.94
0.000584176	2290.16
0.000589204	2383.13
0.000594233	2475.92
0.000599261	2568.48
0.000604289	2660.51
0.000609318	2751.92
0.000614346	2841.27
0.000619375	2928.46
0.000624403	3010.66
0.000629432	3087.85
0.00063446	3156.56
0.000639488	3216.85
0.000644517	3266.17
0.000649545	3304.59
0.000654574	3332.71
0.000659602	3350.47
0.000664631	3354.13
0.000669659	3354.83
0.000674688	3353.44
0.000679716	3345.42
0.000684744	3338.26
0.000689773	3331.96
0.000694801	3330.83
0.00069983	3331.49
0.000704858	3333.62
0.000709887	3340.04
0.000714915	3345.56
0.000719943	3350.11
0.000724972	3350.32
0.00073	3343.46
0.000735029	3328.81
0.000740057	3302
0.000745086	3261.79
0.000750114	3208.24
0.000755143	3140.03
0.000760171	3056.95
0.000765199	2960.42
0.000770228	2850.26
0.000775256	2729.92
0.000780285	2599.29
0.000785313	2463.09
0.000790342	2321.36
0.00079537	2179.21
0.000800398	2036.8
0.000805427	1898.78
0.000810455	1765.44
0.000815484	1640.3
0.000820512	1523.71
0.000825541	1417.59
0.000830569	1322.28
0.000835598	1237.92
0.000840626	1164.78
0.000845654	1101.35
0.000850683	1047.76
0.000855711	1001.39
0.00086074	962.14
0.000865768	927.029
0.000870797	895.777
0.000875825	865.795
0.000880853	836.688
0.000885882	806.823
0.00089091	775.804
0.000895939	743.133
0.000900967	708.527
0.000905996	672.43
0.000911024	634.742
0.000916052	596.43
0.000921081	557.57
0.000926109	519.19
0.000931138	481.483
0.000936166	445.196
0.000941195	410.549
0.000946223	377.857
0.000951252	347.289
0.00095628	318.769
0.000961308	292.369
0.000966337	267.776
0.000971365	244.964
0.000976394	223.575
0.000981422	203.516
0.000986451	184.528
0.000991479	166.504
0.000996507	149.346
0.00100154	132.978
0.00100656	117.446
0.00101159	102.726
0.00101662	88.9354
0.00102165	76.0999
0.00102668	64.3219
0.00103171	53.653
0.00103673	44.1207
0.00104176	35.7689
0.00104679	28.534
0.00105182	22.4263
0.00105685	17.3132
0.00106188	13.1631
0.00106691	9.81524
0.00107193	7.20457
0.00107696	5.18121
0.00108199	3.66476
0.00108702	2.53926
0.00109205	1.72742
0.00109708	1.15257
0.0011021	0.752545
0.00110713	0.483523
0.00111216	0.302303
0.00111719	0.18716
0.00112222	0.111738
0.00112725	0.0667474
0.00113228	0.0379274
0.0011373	0.0219063
0.00114233	0.011732
0.00114736	0.00661539
0.00115239	0.00337831
0.00115742	0.00183423
0.00116245	0.000808375
0.00116747	0.000466423
