0.000166815	8.40388e-35
0.00017352	2.4046e-33
0.000180225	9.36627e-33
0.000186929	2.33802e-31
0.000193634	9.06396e-31
0.000200339	1.95864e-29
0.000207043	7.61621e-29
0.000213748	1.42631e-27
0.000220453	5.55693e-27
0.000227157	9.03058e-26
0.000233862	3.52059e-25
0.000240566	4.97242e-24
0.000247271	1.93682e-23
0.000253976	2.38173e-22
0.00026068	9.25273e-22
0.000267385	9.92719e-21
0.00027409	3.83859e-20
0.000280794	3.60181e-19
0.000287499	1.38298e-18
0.000294204	1.13801e-17
0.000300908	4.32734e-17
0.000307613	3.13243e-16
0.000314317	1.17604e-15
0.000321022	7.51498e-15
0.000327727	2.77619e-14
0.000334431	1.57214e-13
0.000341136	5.69311e-13
0.000347841	2.86938e-12
0.000354545	1.01432e-11
0.00036125	4.57128e-11
0.000367955	1.57035e-10
0.000374659	6.35997e-10
0.000381364	2.11296e-09
0.000388068	7.73125e-09
0.000394773	2.47149e-08
0.000401478	8.21516e-08
0.000408182	2.51375e-07
0.000414887	7.63362e-07
0.000421592	2.22396e-06
0.000428296	6.2051e-06
0.000435001	1.71222e-05
0.000441706	4.41372e-05
0.00044841	0.000114772
0.000455115	0.000274798
0.000461819	0.000670234
0.000468524	0.0014979
0.000475229	0.00341241
0.000481933	0.00715032
0.000488638	0.0151616
0.000495343	0.0299006
0.000502047	0.0588545
0.000508752	0.111202
0.000515457	0.201735
0.000522161	0.361376
0.000528866	0.608999
0.000535571	1.01692
0.000542275	1.6088
0.00054898	2.50781
0.000555684	3.73461
0.000562389	5.44966
0.000569094	7.65962
0.000575798	10.5105
0.000582503	13.9917
0.000589208	18.1707
0.000595912	23.0312
0.000602617	28.549
0.000609322	34.7211
0.000616026	41.5056
0.000622731	48.9188
0.000629435	57.0046
0.00063614	65.7827
0.000642845	75.3982
0.000649549	85.8542
0.000656254	97.2934
0.000662959	109.704
0.000669663	123.123
0.000676368	137.545
0.000683073	152.934
0.000689777	169.298
0.000696482	186.656
0.000703186	205.021
0.000709891	224.526
0.000716596	245.178
0.0007233	267.17
0.000730005	290.507
0.00073671	315.413
0.000743414	341.901
0.000750119	370.336
0.000756824	400.737
0.000763528	433.753
0.000770233	469.395
0.000776937	508.539
0.000783642	551.178
0.000790347	598.127
0.000797051	649.374
0.000803756	705.472
0.000810461	766.418
0.000817165	832.732
0.00082387	904.416
0.000830575	982.423
0.000837279	1066.75
0.000843984	1158.73
0.000850689	1258.37
0.000857393	1366.32
0.000864098	1482.63
0.000870802	1605.7
0.000877507	1735.64
0.000884212	1868
0.000890916	2002.89
0.000897621	2134.4
0.000904326	2262.51
0.00091103	2382.52
0.000917735	2494.28
0.00092444	2596.2
0.000931144	2688.1
0.000937849	2770.99
0.000944553	2844.85
0.000951258	2911.03
0.000957963	2969.66
0.000964667	3020.59
0.000971372	3063.94
0.000978077	3098.67
0.000984781	3125.46
0.000991486	3136.47
0.000998191	3140.42
0.0010049	3139.54
0.0010116	3123.68
0.0010183	3099.57
0.00102501	3068.3
0.00103171	3030.98
0.00103842	2987.79
0.00104512	2939.86
0.00105183	2887.33
0.00105853	2830.69
0.00106524	2769.95
0.00107194	2705.99
0.00107865	2638.74
0.00108535	2569.91
0.00109206	2499.58
0.00109876	2429.58
0.00110546	2360.23
0.00111217	2292.1
0.00111887	2225.61
0.00112558	2159.25
0.00113228	2093.23
0.00113899	2024.49
0.00114569	1952.76
0.0011524	1875.21
0.0011591	1791.12
0.00116581	1699.76
0.00117251	1600.35
0.00117922	1495.08
0.00118592	1383.65
0.00119263	1270.31
0.00119933	1155.52
0.00120603	1043.66
0.00121274	935.787
0.00121944	834.661
0.00122615	741.389
0.00123285	656.531
0.00123956	580.751
0.00124626	513.007
0.00125297	453.352
0.00125967	400.273
0.00126638	353.388
0.00127308	311.596
0.00127979	274.431
0.00128649	241.433
0.00129319	212.323
0.0012999	186.951
0.0013066	165.263
0.00131331	146.948
0.00132001	132.01
0.00132672	119.769
0.00133342	110.09
0.00134013	102.093
0.00134683	95.4415
0.00135354	89.413
0.00136024	83.5828
0.00136695	77.6365
0.00137365	71.2445
0.00138035	64.5063
0.00138706	57.3087
0.00139376	49.9739
0.00140047	42.5988
0.00140717	35.4949
0.00141388	28.8634
0.00142058	22.8587
0.00142729	17.6582
0.00143399	13.2415
0.0014407	9.68243
0.0014474	6.85628
0.00145411	4.7283
0.00146081	3.15686
0.00146752	2.04464
0.00147422	1.28697
0.00148092	0.778756
0.00148763	0.462917
0.00149433	0.240923
0.00150104	0.146515
