3.33898e-05	477.364
3.48982e-05	502.202
3.64066e-05	529.437
3.7915e-05	559.299
3.94234e-05	591.112
4.09318e-05	624.352
4.24402e-05	658.683
4.39487e-05	693.57
4.54571e-05	728.919
4.69655e-05	764.355
4.84739e-05	800.056
4.99823e-05	835.95
5.14907e-05	872.434
5.29991e-05	909.803
5.45076e-05	948.566
5.6016e-05	989.342
5.75244e-05	1032.63
5.90328e-05	1079.24
6.05412e-05	1129.57
6.20496e-05	1184.45
6.3558e-05	1244.17
6.50665e-05	1309.45
6.65749e-05	1380.48
6.80833e-05	1457.83
6.95917e-05	1541.65
7.11001e-05	1632.41
7.26085e-05	1730.24
7.41169e-05	1835.58
7.56253e-05	1948.54
7.71338e-05	2069.56
7.86422e-05	2198.67
8.01506e-05	2336.23
8.1659e-05	2482.1
8.31674e-05	2636.37
8.46758e-05	2798.71
8.61842e-05	2968.67
8.76927e-05	3145.73
8.92011e-05	3328.75
9.07095e-05	3517.1
9.22179e-05	3708.94
9.37263e-05	3903.68
9.52347e-05	4099.01
9.67431e-05	4294.54
9.82516e-05	4487.97
9.976e-05	4679.17
0.000101268	4866.4
0.000102777	5049.84
0.000104285	5228.72
0.000105794	5403.42
0.000107302	5574.36
0.00010881	5741.95
0.000110319	5907.54
0.000111827	6071.39
0.000113336	6235.23
0.000114844	6399.06
0.000116353	6564.17
0.000117861	6730.28
0.000119369	6897.51
0.000120878	7065.39
0.000122386	7232.48
0.000123895	7398.26
0.000125403	7559.83
0.000126911	7716.78
0.00012842	7865.38
0.000129928	8005.43
0.000131437	8133.3
0.000132945	8249.09
0.000134453	8350.25
0.000135962	8437.09
0.00013747	8508.91
0.000138979	8566.1
0.000140487	8610
0.000141996	8640.95
0.000143504	8662.76
0.000145012	8674.65
0.000146521	8676.3
0.000148029	8676.64
0.000149538	8675.02
0.000151046	8668.25
0.000152554	8661.14
0.000154063	8653.18
0.000155571	8644.19
0.00015708	8633.96
0.000158588	8620.45
0.000160097	8603.51
0.000161605	8579.67
0.000163113	8548.89
0.000164622	8507.2
0.00016613	8454.64
0.000167639	8387.85
0.000169147	8306.91
0.000170655	8209.87
0.000172164	8096.82
0.000173672	7967.65
0.000175181	7822.43
0.000176689	7662.8
0.000178197	7488.78
0.000179706	7303.31
0.000181214	7106.36
0.000182723	6901.51
0.000184231	6688.71
0.00018574	6471.56
0.000187248	6250.01
0.000188756	6027.24
0.000190265	5803.25
0.000191773	5580.63
0.000193282	5359.4
0.00019479	5141.63
0.000196298	4927.35
0.000197807	4718.23
0.000199315	4514.29
0.000200824	4316.9
0.000202332	4126.07
0.000203841	3942.83
0.000205349	3767.21
0.000206857	3599.82
0.000208366	3440.7
0.000209874	3289.91
0.000211383	3147.52
0.000212891	3013.04
0.000214399	2886.51
0.000215908	2766.97
0.000217416	2654.44
0.000218925	2547.66
0.000220433	2446.62
0.000221941	2349.99
0.00022345	2257.74
0.000224958	2168.68
0.000226467	2082.76
0.000227975	1999.08
0.000229484	1917.57
0.000230992	1837.68
0.0002325	1759.36
0.000234009	1682.36
0.000235517	1606.63
0.000237026	1532.15
0.000238534	1458.89
0.000240042	1386.98
0.000241551	1316.39
0.000243059	1247.34
0.000244568	1179.81
0.000246076	1114.06
0.000247585	1050.1
0.000249093	988.184
0.000250601	928.35
0.00025211	870.847
0.000253618	815.715
0.000255127	763.137
0.000256635	713.165
0.000258143	665.851
0.000259652	621.244
0.00026116	579.231
0.000262669	539.837
0.000264177	502.795
0.000265685	468.094
0.000267194	435.372
0.000268702	404.574
0.000270211	375.339
0.000271719	347.58
0.000273228	321.02
0.000274736	295.566
0.000276244	271.08
0.000277753	247.485
0.000279261	224.786
0.00028077	202.944
0.000282278	182.06
0.000283786	162.14
0.000285295	143.32
0.000286803	125.638
0.000288312	109.2
0.00028982	94.0593
0.000291329	80.2531
0.000292837	67.8239
0.000294345	56.7297
0.000295854	46.9864
0.000297362	38.4857
0.000298871	31.21
0.000300379	25.0122
0.000301887	19.8443
0.000303396	15.5503
0.000304904	12.0617
0.000306413	9.23724
0.000307921	7.00045
0.000309429	5.23761
0.000310938	3.87582
0.000312446	2.83236
0.000313955	2.04529
0.000315463	1.45975
0.000316972	1.02797
0.00031848	0.716565
0.000319988	0.491748
0.000321497	0.334849
0.000323005	0.223761
0.000324514	0.148888
0.000326022	0.0967975
0.00032753	0.0629666
0.000329039	0.0397885
0.000330547	0.0253192
0.000332056	0.0147311
0.000333564	0.00967741
