0.000166815	0.00196196
0.000171844	0.00330528
0.000176872	0.00733522
0.000181901	0.0131498
0.000186929	0.0246308
0.000191958	0.0427277
0.000196986	0.0744272
0.000202014	0.123534
0.000207043	0.202507
0.000212071	0.320672
0.0002171	0.496932
0.000222128	0.749668
0.000227157	1.10231
0.000232185	1.58416
0.000237214	2.21752
0.000242242	3.03949
0.00024727	4.06344
0.000252299	5.32447
0.000257327	6.82117
0.000262356	8.57315
0.000267384	10.5639
0.000272413	12.7872
0.000277441	15.2166
0.000282469	17.8182
0.000287498	20.5636
0.000292526	23.3975
0.000297555	26.2981
0.000302583	29.201
0.000307612	32.1038
0.00031264	34.9548
0.000317669	37.7897
0.000322697	40.6118
0.000327725	43.512
0.000332754	46.6113
0.000337782	50.0559
0.000342811	54.1419
0.000347839	59.0388
0.000352868	65.2189
0.000357896	72.8182
0.000362924	82.3897
0.000367953	93.9805
0.000372981	108.046
0.00037801	124.524
0.000383038	143.592
0.000388067	165.112
0.000393095	188.9
0.000398123	214.808
0.000403152	242.366
0.00040818	271.468
0.000413209	301.534
0.000418237	332.522
0.000423266	363.925
0.000428294	395.764
0.000433323	427.733
0.000438351	459.915
0.000443379	492.313
0.000448408	525.062
0.000453436	558.569
0.000458465	592.998
0.000463493	629.177
0.000468522	667.24
0.00047355	708.279
0.000478578	752.333
0.000483607	800.395
0.000488635	852.378
0.000493664	908.72
0.000498692	969.236
0.000503721	1033.48
0.000508749	1101.24
0.000513778	1171.18
0.000518806	1243.17
0.000523834	1315.43
0.000528863	1387.99
0.000533891	1459.46
0.00053892	1529.98
0.000543948	1599.32
0.000548977	1667.68
0.000554005	1736.12
0.000559033	1804.71
0.000564062	1875
0.00056909	1946.9
0.000574119	2021.08
0.000579147	2097.34
0.000584176	2174.58
0.000589204	2252.67
0.000594233	2329.14
0.000599261	2403.99
0.000604289	2474.95
0.000609318	2542.13
0.000614346	2604.94
0.000619375	2663.48
0.000624403	2719.17
0.000629432	2772.02
0.00063446	2824.17
0.000639488	2875.58
0.000644517	2927.24
0.000649545	2979.07
0.000654574	3029.75
0.000659602	3079.26
0.000664631	3124.34
0.000669659	3165.03
0.000674688	3198.2
0.000679716	3223.91
0.000684744	3237.65
0.000689773	3243.96
0.000694801	3243.18
0.00069983	3231.67
0.000704858	3214.06
0.000709887	3190.43
0.000714915	3163.02
0.000719943	3131.88
0.000724972	3098.4
0.00073	3062.64
0.000735029	3024.8
0.000740057	2984.9
0.000745086	2942.54
0.000750114	2897.71
0.000755143	2849.96
0.000760171	2799.28
0.000765199	2745.36
0.000770228	2688.18
0.000775256	2627.45
0.000780285	2563.16
0.000785313	2495.02
0.000790342	2423
0.00079537	2347.05
0.000800398	2267.1
0.000805427	2183.61
0.000810455	2096.51
0.000815484	2006.83
0.000820512	1914.55
0.000825541	1821.06
0.000830569	1726.4
0.000835598	1632.05
0.000840626	1538.09
0.000845654	1445.92
0.000850683	1355.64
0.000855711	1268.51
0.00086074	1184.64
0.000865768	1105.08
0.000870797	1029.99
0.000875825	960.023
0.000880853	895.352
0.000885882	836.031
0.00089091	782.218
0.000895939	733.237
0.000900967	689.157
0.000905996	648.723
0.000911024	611.85
0.000916052	577.129
0.000921081	544.32
0.000926109	512.385
0.000931138	481.015
0.000936166	449.89
0.000941195	418.772
0.000946223	388.031
0.000951252	357.611
0.00095628	328.2
0.000961308	299.925
0.000966337	273.336
0.000971365	248.638
0.000976394	225.996
0.000981422	205.554
0.000986451	187.151
0.000991479	170.811
0.000996507	156.265
0.00100154	143.452
0.00100656	132.148
0.00101159	122.282
0.00101662	113.659
0.00102165	106.233
0.00102668	99.7433
0.00103171	94.1348
0.00103673	89.0662
0.00104176	84.4252
0.00104679	79.8913
0.00105182	75.2998
0.00105685	70.49
0.00106188	65.3102
0.00106691	59.8177
0.00107193	53.9501
0.00107696	47.9194
0.00108199	41.779
0.00108702	35.7656
0.00109205	30.0091
0.00109708	24.6619
0.0011021	19.858
0.00110713	15.6288
0.00111216	12.0536
0.00111719	9.07218
0.00112222	6.69092
0.00112725	4.81257
0.00113228	3.38847
0.0011373	2.32869
0.00114233	1.56211
0.00114736	1.02611
0.00115239	0.654097
0.00115742	0.411088
0.00116245	0.235909
0.00116747	0.149513
