0.000100103	8.55652e-07
0.00010312	1.91863e-06
0.000106137	5.10755e-06
0.000109154	1.18609e-05
0.000112171	2.7864e-05
0.000115188	6.13572e-05
0.000118205	0.000138962
0.000121222	0.000290908
0.000124239	0.000633729
0.000127256	0.0012644
0.000130273	0.00264373
0.00013329	0.00503909
0.000136307	0.0100928
0.000139324	0.0184191
0.000142341	0.0352768
0.000145358	0.0625951
0.000148375	0.113217
0.000151392	0.194737
0.000154408	0.333518
0.000157425	0.552347
0.000160442	0.901195
0.000163459	1.43435
0.000166476	2.23523
0.000169493	3.41503
0.00017251	5.09353
0.000175527	7.46614
0.000178544	10.6761
0.000181561	15.0144
0.000184578	20.6134
0.000187595	27.8295
0.000190612	36.7341
0.000193629	47.6589
0.000196646	60.5703
0.000199663	75.6373
0.00020268	92.7104
0.000205697	111.665
0.000208714	132.275
0.000211731	154.075
0.000214748	176.833
0.000217765	199.833
0.000220782	222.911
0.000223799	245.29
0.000226816	266.914
0.000229833	287.166
0.00023285	306.097
0.000235867	323.407
0.000238884	339.245
0.000241901	353.722
0.000244918	367.081
0.000247935	379.934
0.000250952	392.624
0.000253969	406.381
0.000256986	421.623
0.000260003	440.286
0.00026302	462.784
0.000266037	491.657
0.000269054	527.196
0.000272071	572.136
0.000275088	626.545
0.000278105	692.671
0.000281122	770.338
0.000284139	860.608
0.000287156	963.134
0.000290173	1077.41
0.00029319	1203.06
0.000296207	1338.16
0.000299224	1482.48
0.000302241	1633.37
0.000305258	1790.76
0.000308275	1952.24
0.000311292	2117.86
0.000314309	2286.05
0.000317326	2456.89
0.000320343	2629.65
0.00032336	2804.31
0.000326377	2980.3
0.000329394	3157.46
0.000332411	3334.36
0.000335428	3510.75
0.000338445	3683.65
0.000341462	3852.88
0.000344479	4014.04
0.000347496	4167.09
0.000350513	4307.33
0.00035353	4434.87
0.000356547	4546.24
0.000359564	4641.66
0.000362581	4720.2
0.000365598	4782.07
0.000368615	4829.28
0.000371632	4861.98
0.000374649	4884.65
0.000377666	4897.27
0.000380683	4904.21
0.0003837	4907.26
0.000386717	4910.09
0.000389734	4912.68
0.000392751	4918.06
0.000395768	4926.18
0.000398785	4937.56
0.000401802	4952.19
0.000404819	4968.39
0.000407836	4986.19
0.000410853	5002.62
0.00041387	5017.69
0.000416887	5028.23
0.000419904	5034.21
0.000422921	5034.31
0.000425938	5027.02
0.000428955	5012.34
0.000431972	4990.26
0.000434989	4961.15
0.000438006	4924.96
0.000441023	4882.88
0.00044404	4834.91
0.000447057	4782.27
0.000450074	4725.01
0.000453091	4663.96
0.000456108	4599.16
0.000459125	4530.81
0.000462142	4458.98
0.000465159	4383.16
0.000468176	4303.42
0.000471193	4218.61
0.00047421	4128.78
0.000477227	4032.3
0.000480244	3929.14
0.000483261	3817.57
0.000486278	3697.46
0.000489295	3567.64
0.000492312	3427.88
0.000495329	3278.43
0.000498346	3118.98
0.000501363	2951.8
0.00050438	2776.68
0.000507397	2597.89
0.000510414	2415.43
0.000513431	2234.7
0.000516448	2056.06
0.000519465	1884.55
0.000522482	1720.84
0.000525499	1568.26
0.000528516	1427.54
0.000531533	1299.59
0.00053455	1184.98
0.000537567	1082.45
0.000540584	992.172
0.000543601	911.713
0.000546618	840.871
0.000549635	777.117
0.000552652	720.019
0.000555669	667.683
0.000558686	619.653
0.000561703	574.822
0.00056472	532.85
0.000567737	493.18
0.000570754	455.615
0.000573771	419.862
0.000576788	385.81
0.000579805	353.296
0.000582822	322.241
0.000585839	292.62
0.000588856	264.378
0.000591873	237.636
0.00059489	212.391
0.000597907	188.825
0.000600924	166.996
0.000603941	147.007
0.000606958	128.937
0.000609975	112.71
0.000612992	98.3673
0.000616009	85.6672
0.000619026	74.572
0.000622043	64.7838
0.00062506	56.1959
0.000628077	48.5684
0.000631094	41.7751
0.000634111	35.687
0.000637128	30.2079
0.000640145	25.2969
0.000643162	20.9074
0.000646179	17.029
0.000649196	13.6505
0.000652213	10.7469
0.00065523	8.31363
0.000658247	6.2993
0.000661264	4.68574
0.000664281	3.40795
0.000667298	2.43097
0.000670315	1.6949
0.000673332	1.15676
0.000676349	0.772962
0.000679366	0.503628
0.000682383	0.322763
0.0006854	0.200274
0.000688417	0.123293
0.000691434	0.0726437
0.000694451	0.0430632
0.000697468	0.021999
0.000700485	0.01375
