0.000500379	5.30246e-203
0.000509598	2.63084e-196
0.000518817	1.05234e-195
0.000528036	3.80159e-189
0.000537255	1.53619e-188
0.000546474	4.04e-182
0.000555693	1.64949e-181
0.000564912	3.15748e-175
0.000574131	1.30277e-174
0.00058335	1.81485e-168
0.000592569	7.56828e-168
0.000601788	7.67153e-162
0.000611007	3.234e-161
0.000620226	2.38484e-155
0.000629445	1.01647e-154
0.000638664	5.45221e-149
0.000647883	2.34997e-148
0.000657101	9.16681e-143
0.00066632	3.99615e-142
0.000675539	1.13343e-136
0.000684758	4.99841e-136
0.000693977	1.03062e-130
0.000703196	4.59869e-130
0.000712415	6.8918e-125
0.000721634	3.11205e-124
0.000730853	3.38913e-119
0.000740072	1.54907e-118
0.000749291	1.22565e-113
0.00075851	5.67159e-113
0.000767729	3.25958e-108
0.000776948	1.52739e-107
0.000786167	6.37491e-103
0.000795386	3.02555e-102
0.000804605	9.16855e-98
0.000813823	4.40828e-97
0.000823042	9.69704e-93
0.000832261	4.72436e-92
0.00084148	7.54201e-88
0.000850699	3.72415e-87
0.000859918	4.31363e-83
0.000869137	2.15933e-82
0.000878356	1.81428e-78
0.000887575	9.20917e-78
0.000896794	5.61139e-74
0.000906013	2.88889e-73
0.000915232	1.27627e-69
0.000924451	6.66575e-69
0.00093367	2.13461e-65
0.000942889	1.1313e-64
0.000952108	2.62544e-61
0.000961327	1.41225e-60
0.000970545	2.37466e-57
0.000979764	1.29675e-56
0.000988983	1.57951e-53
0.000998202	8.75812e-53
0.00100742	7.72648e-50
0.00101664	4.35087e-49
0.00102586	2.7797e-46
0.00103508	1.58984e-45
0.0010443	7.35538e-43
0.00105352	4.2731e-42
0.00106273	1.43169e-39
0.00107195	8.44793e-39
0.00108117	2.05019e-36
0.00109039	1.22851e-35
0.00109961	2.16041e-33
0.00110883	1.31413e-32
0.00111805	1.67576e-30
0.00112727	1.03404e-29
0.00113649	9.57217e-28
0.00114571	5.98537e-27
0.00115492	4.02897e-25
0.00116414	2.54871e-24
0.00117336	1.25063e-22
0.00118258	7.98468e-22
0.0011918	2.86626e-20
0.00120102	1.84055e-19
0.00121024	4.85765e-18
0.00121946	3.12218e-17
0.00122868	6.10027e-16
0.00123789	3.89838e-15
0.00124711	5.69147e-14
0.00125633	3.58398e-13
0.00126555	3.95787e-12
0.00127477	2.4272e-11
0.00128399	2.0593e-10
0.00129321	1.21172e-09
0.00130243	8.05044e-09
0.00131165	4.46368e-08
0.00132087	2.37465e-07
0.00133008	1.21512e-06
0.0013393	5.30532e-06
0.00134852	2.44976e-05
0.00135774	9.00451e-05
0.00136696	0.000366939
0.00137618	0.00116348
0.0013854	0.00410266
0.00139462	0.0114635
0.00140384	0.0344736
0.00141305	0.086321
0.00142227	0.219818
0.00143149	0.49897
0.00144071	1.07794
0.00144993	2.26623
0.00145915	4.24471
0.00146837	7.96003
0.00147759	13.3902
0.00148681	22.0244
0.00149603	33.8639
0.00150524	50.1882
0.00151446	71.0473
0.00152368	96.6224
0.0015329	126.995
0.00154212	160.933
0.00155134	198.458
0.00156056	238.013
0.00156978	279.465
0.001579	322.941
0.00158821	368.17
0.00159743	418.427
0.00160665	473.512
0.00161587	539.136
0.00162509	615.575
0.00163431	706.522
0.00164353	812.767
0.00165275	931.414
0.00166197	1062.84
0.00167118	1200.86
0.0016804	1344.84
0.00168962	1492.86
0.00169884	1644.47
0.00170806	1800.31
0.00171728	1961.03
0.0017265	2122.18
0.00173572	2283.94
0.00174494	2439.74
0.00175416	2588.25
0.00176337	2729.92
0.00177259	2864.24
0.00178181	2994.29
0.00179103	3121.85
0.00180025	3239.95
0.00180947	3349.45
0.00181869	3437.3
0.00182791	3505.58
0.00183713	3524.93
0.00184634	3520.6
0.00185556	3508.65
0.00186478	3457.38
0.001874	3380.08
0.00188322	3284.26
0.00189244	3164.17
0.00190166	3017.61
0.00191088	2852.53
0.0019201	2668.22
0.00192932	2479.43
0.00193853	2290.01
0.00194775	2106.01
0.00195697	1930.91
0.00196619	1762.3
0.00197541	1599.98
0.00198463	1443.5
0.00199385	1291.82
0.00200307	1148.44
0.00201229	1013.83
0.0020215	891.453
0.00203072	782.811
0.00203994	688.592
0.00204916	610.302
0.00205838	544.52
0.0020676	491.265
0.00207682	445.08
0.00208604	403.823
0.00209526	364.832
0.00210448	325.889
0.00211369	288.032
0.00212291	250.965
0.00213213	216.023
0.00214135	183.932
0.00215057	154.675
0.00215979	128.479
0.00216901	105.134
0.00217823	84.4782
0.00218745	66.7968
0.00219666	52.2229
0.00220588	40.822
0.0022151	32.8896
0.00222432	27.7214
0.00223354	25.0606
0.00224276	23.5929
0.00225198	22.5647
0.0022612	21.3888
0.00227042	19.225
0.00227964	16.5125
0.00228885	13.1883
0.00229807	9.81345
0.00230729	6.84595
0.00231651	4.35379
0.00232573	2.57601
0.00233495	1.43075
