0.000166815	8.83702e-43
0.00017352	7.88716e-41
0.000180225	3.12835e-40
0.000186929	2.32113e-38
0.000193634	9.25109e-38
0.000200339	5.69256e-36
0.000207043	2.28528e-35
0.000213748	1.16686e-33
0.000220453	4.71582e-33
0.000227157	1.99942e-31
0.000233862	8.12924e-31
0.000240566	2.86446e-29
0.000247271	1.17063e-28
0.000253976	3.43189e-27
0.00026068	1.40823e-26
0.000267385	3.4395e-25
0.00027409	1.4152e-24
0.000280794	2.88452e-23
0.000287499	1.18812e-22
0.000294204	2.02505e-21
0.000300908	8.33321e-21
0.000307613	1.19064e-19
0.000314317	4.88302e-19
0.000321022	5.86599e-18
0.000327727	2.3906e-17
0.000334431	2.42317e-16
0.000341136	9.77899e-16
0.000347841	8.39861e-15
0.000354545	3.34257e-14
0.00036125	2.44425e-13
0.000367955	9.54788e-13
0.000374659	5.97804e-12
0.000381364	2.27944e-11
0.000388068	1.22977e-10
0.000394773	4.549e-10
0.000401478	2.12976e-09
0.000408182	7.59032e-09
0.000414887	3.10781e-08
0.000421592	1.05921e-07
0.000428296	3.82426e-07
0.000435001	1.23663e-06
0.000441706	3.97123e-06
0.00044841	1.20848e-05
0.000455115	3.48216e-05
0.000461819	9.89138e-05
0.000468524	0.000257946
0.000475229	0.000678662
0.000481933	0.00161486
0.000488638	0.00390763
0.000495343	0.00854728
0.000502047	0.0189097
0.000508752	0.0382672
0.000515457	0.0770643
0.000522161	0.148254
0.000528866	0.269063
0.000535571	0.480167
0.000542275	0.797822
0.00054898	1.3017
0.000555684	2.00383
0.000562389	3.00501
0.000569094	4.30563
0.000575798	5.98348
0.000582503	8.02882
0.000589208	10.4587
0.000595912	13.2667
0.000602617	16.4328
0.000609322	19.9613
0.000616026	23.8603
0.000622731	28.1297
0.000629435	32.794
0.00063614	37.829
0.000642845	43.1381
0.000649549	48.6869
0.000656254	54.1808
0.000662959	59.6239
0.000669663	64.7499
0.000676368	69.6292
0.000683073	74.4743
0.000689777	79.3893
0.000696482	85.3292
0.000703186	92.3684
0.000709891	101.994
0.000716596	114.209
0.0007233	130.433
0.000730005	150.597
0.00073671	175.334
0.000743414	204.544
0.000750119	237.604
0.000756824	274.45
0.000763528	313.5
0.000770233	354.774
0.000776937	396.957
0.000783642	440.128
0.000790347	484.571
0.000797051	530.342
0.000803756	579.393
0.000810461	631.716
0.000817165	689.45
0.00082387	752.561
0.000830575	821.693
0.000837279	896.836
0.000843984	976.685
0.000850689	1061.26
0.000857393	1148.09
0.000864098	1237.2
0.000870802	1325.94
0.000877507	1414.31
0.000884212	1500.15
0.000890916	1583.41
0.000897621	1662.93
0.000904326	1738.65
0.00091103	1810.99
0.000917735	1879.88
0.00092444	1946.88
0.000931144	2012.08
0.000937849	2075.96
0.000944553	2138.79
0.000951258	2197.81
0.000957963	2253.22
0.000964667	2299.92
0.000971372	2337.69
0.000978077	2363.6
0.000984781	2377.29
0.000991486	2378.89
0.000998191	2371.49
0.0010049	2360.05
0.0010116	2344.47
0.0010183	2330.22
0.00102501	2318.15
0.00103171	2307.84
0.00103842	2299.99
0.00104512	2289.52
0.00105183	2276.33
0.00105853	2255.28
0.00106524	2225.59
0.00107194	2185.89
0.00107865	2135.44
0.00108535	2076.83
0.00109206	2009.93
0.00109876	1938.53
0.00110546	1863.09
0.00111217	1785.88
0.00111887	1707.44
0.00112558	1628.1
0.00113228	1548.06
0.00113899	1467.17
0.00114569	1385.29
0.0011524	1303.13
0.0011591	1220.59
0.00116581	1139.13
0.00117251	1058.95
0.00117922	981.346
0.00118592	906.676
0.00119263	835.443
0.00119933	767.919
0.00120603	703.918
0.00121274	643.498
0.00121944	586.297
0.00122615	532.211
0.00123285	481.141
0.00123956	432.958
0.00124626	387.965
0.00125297	346.149
0.00125967	307.996
0.00126638	273.669
0.00127308	243.367
0.00127979	217.326
0.00128649	195.1
0.00129319	176.775
0.0012999	161.36
0.0013066	148.648
0.00131331	137.596
0.00132001	127.784
0.00132672	118.563
0.00133342	109.526
0.00134013	100.507
0.00134683	91.2788
0.00135354	81.9815
0.00136024	72.5758
0.00136695	63.3068
0.00137365	54.2517
0.00138035	45.6405
0.00138706	37.5995
0.00139376	30.2777
0.00140047	23.8017
0.00140717	18.198
0.00141388	13.5478
0.00142058	9.75731
0.00142729	6.82763
0.00143399	4.6017
0.0014407	3.00351
0.0014474	1.88643
0.00145411	1.13871
0.00146081	0.665959
0.00146752	0.366626
0.00147422	0.201152
0.00148092	0.0993879
0.00148763	0.0517323
0.00149433	0.0213773
0.00150104	0.0112589
