0.000500379	7.03157e-19
0.000506246	4.66596e-18
0.000512113	1.65544e-17
0.000517979	1.02553e-16
0.000523846	3.47168e-16
0.000529712	1.94205e-15
0.000535579	6.48567e-15
0.000541445	3.28511e-14
0.000547312	1.07942e-13
0.000553178	4.96534e-13
0.000559045	1.6006e-12
0.000564911	6.70803e-12
0.000570778	2.11484e-11
0.000576644	8.1026e-11
0.000582511	2.49015e-10
0.000588378	8.7533e-10
0.000594244	2.6133e-09
0.000600111	8.45999e-09
0.000605977	2.4448e-08
0.000611844	7.31718e-08
0.00061771	2.03927e-07
0.000623577	5.66516e-07
0.000629443	1.51701e-06
0.00063531	3.92723e-06
0.000641176	1.00672e-05
0.000647043	2.43819e-05
0.000652909	5.96186e-05
0.000658776	0.000135596
0.000664643	0.000315192
0.000670509	0.000675648
0.000676376	0.00148831
0.000682242	0.00301698
0.000688109	0.00628016
0.000693975	0.0120754
0.000699842	0.0236969
0.000705708	0.043739
0.000711575	0.0803227
0.000717441	0.142951
0.000723308	0.245231
0.000729174	0.413582
0.000735041	0.670227
0.000740908	1.06986
0.000746774	1.64237
0.000752641	2.48088
0.000758507	3.61538
0.000764374	5.17244
0.00077024	7.16922
0.000776107	9.73337
0.000781973	12.8585
0.00078784	16.6187
0.000793706	20.9865
0.000799573	25.9392
0.000805439	31.4483
0.000811306	37.4092
0.000817173	43.8171
0.000823039	50.5729
0.000828906	57.7041
0.000834772	65.222
0.000840639	73.1675
0.000846505	81.6927
0.000852372	90.8201
0.000858238	100.754
0.000864105	111.484
0.000869971	123.126
0.000875838	135.651
0.000881704	149.022
0.000887571	163.231
0.000893438	178.19
0.000899304	193.943
0.000905171	210.593
0.000911037	228.243
0.000916904	247.472
0.00092277	268.424
0.000928637	292.345
0.000934503	319.369
0.00094037	351.356
0.000946236	388.37
0.000952103	432.459
0.000957969	483.566
0.000963836	543.137
0.000969703	611.002
0.000975569	687.128
0.000981436	771.303
0.000987302	861.553
0.000993169	957.718
0.000999035	1056.24
0.0010049	1157.07
0.00101077	1256.2
0.00101663	1353.71
0.0010225	1446.59
0.00102837	1534.97
0.00103423	1617.9
0.0010401	1695.48
0.00104597	1768.94
0.00105183	1838.33
0.0010577	1906.22
0.00106357	1972.61
0.00106943	2040.1
0.0010753	2108.67
0.00108117	2179.9
0.00108703	2253.77
0.0010929	2330.57
0.00109877	2410.31
0.00110463	2492.42
0.0011105	2576.93
0.00111637	2663.02
0.00112223	2750.72
0.0011281	2838.98
0.00113397	2927.87
0.00113983	3015.46
0.0011457	3101.87
0.00115157	3183.67
0.00115743	3260.97
0.0011633	3329.12
0.00116916	3388.13
0.00117503	3434.58
0.0011809	3469.48
0.00118676	3476.45
0.00119263	3474.74
0.0011985	3467.88
0.00120436	3434.21
0.00121023	3387.72
0.0012161	3330.11
0.00122196	3262.98
0.00122783	3186.49
0.0012337	3103.09
0.00123956	3012.91
0.00124543	2917.64
0.0012513	2817.28
0.00125716	2713.82
0.00126303	2607.21
0.0012689	2500.33
0.00127476	2393.27
0.00128063	2289.2
0.0012865	2188.44
0.00129236	2092.98
0.00129823	2003.3
0.0013041	1919.21
0.00130996	1841.08
0.00131583	1766.78
0.00132169	1696.35
0.00132756	1627.01
0.00133343	1558.44
0.00133929	1488.6
0.00134516	1417.02
0.00135103	1343.12
0.00135689	1266.53
0.00136276	1188.08
0.00136863	1107.62
0.00137449	1026.76
0.00138036	945.647
0.00138623	865.984
0.00139209	788.075
0.00139796	713.273
0.00140383	641.924
0.00140969	574.816
0.00141556	512.241
0.00142143	454.437
0.00142729	401.587
0.00143316	353.521
0.00143903	310.303
0.00144489	271.518
0.00145076	237.135
0.00145663	206.615
0.00146249	179.858
0.00146836	156.271
0.00147422	135.703
0.00148009	117.584
0.00148596	101.722
0.00149182	87.6688
0.00149769	75.2237
0.00150356	64.129
0.00150942	54.2259
0.00151529	45.4396
0.00152116	37.6874
0.00152702	30.9916
0.00153289	25.3416
0.00153876	20.7515
0.00154462	17.2452
0.00155049	14.7574
0.00155636	13.2226
0.00156222	12.7471
0.00156809	13.0462
0.00157396	13.826
0.00157982	15.1761
0.00158569	16.7513
0.00159156	18.3993
0.00159742	19.891
0.00160329	21.1518
0.00160916	21.7318
0.00161502	21.657
0.00162089	21.4451
0.00162675	20.4859
0.00163262	18.8813
0.00163849	16.9785
0.00164435	14.847
0.00165022	12.6193
0.00165609	10.4118
0.00166195	8.39502
0.00166782	6.51061
