3.33898e-05	0.0503355
3.52334e-05	0.0785704
3.70771e-05	0.138862
3.89207e-05	0.22224
4.07644e-05	0.354899
4.2608e-05	0.549106
4.44517e-05	0.841184
4.62953e-05	1.25719
4.8139e-05	1.85175
4.99827e-05	2.67286
5.18263e-05	3.79347
5.367e-05	5.29077
5.55136e-05	7.2509
5.73573e-05	9.78254
5.92009e-05	12.9756
6.10446e-05	16.9644
6.28882e-05	21.833
6.47319e-05	27.7285
6.65755e-05	34.7252
6.84192e-05	42.9697
7.02628e-05	52.5307
7.21065e-05	63.5506
7.39502e-05	76.1024
7.57938e-05	90.3344
7.76375e-05	106.332
7.94811e-05	124.27
8.13248e-05	144.246
8.31684e-05	166.474
8.50121e-05	191.057
8.68557e-05	218.252
8.86994e-05	248.156
9.0543e-05	281.05
9.23867e-05	317.025
9.42303e-05	356.371
9.6074e-05	399.168
9.79177e-05	445.708
9.97613e-05	496.062
0.000101605	550.522
0.000103449	609.143
0.000105292	672.204
0.000107136	739.736
0.00010898	811.972
0.000110823	888.908
0.000112667	970.683
0.000114511	1057.27
0.000116354	1148.67
0.000118198	1244.85
0.000120042	1345.71
0.000121885	1451.22
0.000123729	1561.27
0.000125572	1675.86
0.000127416	1794.92
0.00012926	1918.47
0.000131103	2046.56
0.000132947	2179.15
0.000134791	2316.24
0.000136634	2457.7
0.000138478	2603.19
0.000140322	2752.49
0.000142165	2904.61
0.000144009	3059.3
0.000145853	3214.9
0.000147696	3371.24
0.00014954	3526.42
0.000151384	3680.5
0.000153227	3832.17
0.000155071	3981.69
0.000156915	4129.23
0.000158758	4275.18
0.000160602	4421.45
0.000162446	4568.37
0.000164289	4719.08
0.000166133	4873.64
0.000167977	5035.08
0.00016982	5203.17
0.000171664	5379.27
0.000173507	5562.98
0.000175351	5752.96
0.000177195	5948.82
0.000179038	6146.52
0.000180882	6345.79
0.000182726	6540.81
0.000184569	6731.49
0.000186413	6911.61
0.000188257	7081.24
0.0001901	7235.11
0.000191944	7373.37
0.000193788	7492.75
0.000195631	7593.42
0.000197475	7674.75
0.000199319	7736.89
0.000201162	7782.81
0.000203006	7812.27
0.00020485	7823.9
0.000206693	7828.76
0.000208537	7827.5
0.000210381	7818
0.000212224	7807.73
0.000214068	7796.6
0.000215912	7787.83
0.000217755	7781.4
0.000219599	7777.48
0.000221442	7775.97
0.000223286	7773.54
0.00022513	7770.2
0.000226973	7762.49
0.000228817	7747.09
0.000230661	7720.02
0.000232504	7681.33
0.000234348	7626.52
0.000236192	7555.46
0.000238035	7466.6
0.000239879	7359.76
0.000241723	7236.27
0.000243566	7095.98
0.00024541	6942.39
0.000247254	6775.41
0.000249097	6599.51
0.000250941	6414.73
0.000252785	6225.4
0.000254628	6031.65
0.000256472	5837.05
0.000258316	5641.77
0.000260159	5448.37
0.000262003	5257.04
0.000263847	5069.35
0.00026569	4885.46
0.000267534	4706
0.000269377	4531.11
0.000271221	4360.5
0.000273065	4194.27
0.000274908	4031.34
0.000276752	3871.75
0.000278596	3713.93
0.000280439	3557.81
0.000282283	3401.84
0.000284127	3245.85
0.00028597	3088.86
0.000287814	2930.63
0.000289658	2771.1
0.000291501	2610.08
0.000293345	2448.48
0.000295189	2286.23
0.000297032	2124.96
0.000298876	1964.75
0.00030072	1807.51
0.000302563	1653.46
0.000304407	1504.41
0.000306251	1360.66
0.000308094	1223.64
0.000309938	1093.66
0.000311782	971.679
0.000313625	857.962
0.000315469	752.949
0.000317312	656.853
0.000319156	569.599
0.000321	491.317
0.000322843	421.459
0.000324687	360.05
0.000326531	306.166
0.000328374	259.707
0.000330218	219.538
0.000332062	185.438
0.000333905	156.258
0.000335749	131.694
0.000337593	110.762
0.000339436	93.1284
0.00034128	78.071
0.000343124	65.2917
0.000344967	54.3284
0.000346811	44.956
0.000348655	36.9051
0.000350498	30.029
0.000352342	24.1636
0.000354186	19.2197
0.000356029	15.0727
0.000357873	11.662
0.000359717	8.87315
0.00036156	6.65281
0.000363404	4.89521
0.000365247	3.54635
0.000367091	2.51835
0.000368935	1.75876
0.000370778	1.20403
0.000372622	0.808987
0.000374466	0.533764
0.000376309	0.344371
0.000378153	0.21908
0.000379997	0.135443
0.00038184	0.0831721
0.000383684	0.0491559
0.000385528	0.0291885
0.000387371	0.0164448
0.000389215	0.00946557
0.000391059	0.00503299
0.000392902	0.00283856
0.000394746	0.00144811
0.00039659	0.000785749
0.000398433	0.000346979
0.000400277	0.000200723
