0.000100103	2.15682e-13
0.000103622	9.16453e-13
0.000107142	3.01877e-12
0.000110662	1.2362e-11
0.000114182	3.77852e-11
0.000117702	1.41734e-10
0.000121222	4.22964e-10
0.000124742	1.45807e-09
0.000128261	4.23443e-09
0.000131781	1.34612e-08
0.000135301	3.79155e-08
0.000138821	1.11548e-07
0.000142341	3.03665e-07
0.000145861	8.29799e-07
0.000149381	2.17549e-06
0.0001529	5.5419e-06
0.00015642	1.39424e-05
0.00015994	3.32309e-05
0.00016346	7.99417e-05
0.00016698	0.000178906
0.0001705	0.000410118
0.00017402	0.000864735
0.000177539	0.00188275
0.000181059	0.00375208
0.000184579	0.00773539
0.000188099	0.0146125
0.000191619	0.0284474
0.000195139	0.0518346
0.000198659	0.0940983
0.000202178	0.164588
0.000205698	0.279457
0.000209218	0.463691
0.000212738	0.742507
0.000216258	1.16611
0.000219778	1.76533
0.000223298	2.62084
0.000226817	3.75676
0.000230337	5.2703
0.000233857	7.16043
0.000237377	9.49631
0.000240897	12.2393
0.000244417	15.3663
0.000247937	18.8109
0.000251456	22.4185
0.000254976	26.133
0.000258496	29.7136
0.000262016	33.1604
0.000265536	36.2918
0.000269056	39.1813
0.000272576	41.8768
0.000276095	44.4903
0.000279615	47.3562
0.000283135	50.5552
0.000286655	54.5637
0.000290175	59.3836
0.000293695	65.3616
0.000297214	72.4455
0.000300734	80.6858
0.000304254	90.0682
0.000307774	100.509
0.000311294	112.12
0.000314814	125.164
0.000318334	139.875
0.000321853	157.322
0.000325373	177.748
0.000328893	203.001
0.000332413	233.163
0.000335933	270.128
0.000339453	313.737
0.000342973	364.809
0.000346492	423.019
0.000350012	487.363
0.000353532	557.545
0.000357052	631.015
0.000360572	707.679
0.000364092	784.736
0.000367612	862.333
0.000371131	938.992
0.000374651	1015
0.000378171	1091.12
0.000381691	1167.63
0.000385211	1247.36
0.000388731	1330.48
0.000392251	1420.87
0.00039577	1518.56
0.00039929	1627.24
0.00040281	1746.82
0.00040633	1879.75
0.00040985	2025.89
0.00041337	2185.65
0.00041689	2358.86
0.000420409	2543.35
0.000423929	2739
0.000427449	2940.95
0.000430969	3149.16
0.000434489	3356.76
0.000438009	3563.8
0.000441529	3762.94
0.000445048	3954.26
0.000448568	4131.88
0.000452088	4295.84
0.000455608	4443.2
0.000459128	4573.96
0.000462648	4688.5
0.000466168	4786.77
0.000469687	4871.74
0.000473207	4943.36
0.000476727	5005.53
0.000480247	5058.29
0.000483767	5104.72
0.000487287	5144.93
0.000490807	5180.07
0.000494326	5210.25
0.000497846	5235.03
0.000501366	5254.89
0.000504886	5262.22
0.000508406	5264.62
0.000511926	5263.11
0.000515446	5246.09
0.000518965	5218.3
0.000522485	5180.49
0.000526005	5131.46
0.000529525	5071.1
0.000533045	4999.99
0.000536565	4918.04
0.000540085	4826.48
0.000543604	4725.27
0.000547124	4615.98
0.000550644	4498.65
0.000554164	4374.8
0.000557684	4244.48
0.000561204	4109.11
0.000564724	3968.69
0.000568243	3824.84
0.000571763	3677.53
0.000575283	3528.98
0.000578803	3379.22
0.000582323	3230.98
0.000585843	3084.45
0.000589362	2942.11
0.000592882	2804.34
0.000596402	2672.36
0.000599922	2546.61
0.000603442	2426.58
0.000606962	2312.52
0.000610482	2202.59
0.000614001	2096.69
0.000617521	1992.73
0.000621041	1890.31
0.000624561	1788.14
0.000628081	1685.77
0.000631601	1583.2
0.000635121	1480.14
0.00063864	1377.6
0.00064216	1275.61
0.00064568	1175.48
0.0006492	1077.47
0.00065272	982.664
0.00065624	891.354
0.00065976	804.233
0.000663279	721.53
0.000666799	643.683
0.000670319	570.842
0.000673839	503.331
0.000677359	441.283
0.000680879	384.859
0.000684399	334.197
0.000687918	289.134
0.000691438	249.761
0.000694958	215.518
0.000698478	186.362
0.000701998	161.452
0.000705518	140.575
0.000709038	122.84
0.000712557	107.909
0.000716077	95.0535
0.000719597	83.9048
0.000723117	74.0061
0.000726637	65.0485
0.000730157	56.8454
0.000733677	49.2038
0.000737196	42.1235
0.000740716	35.5352
0.000744236	29.508
0.000747756	24.0586
0.000751276	19.2272
0.000754796	15.056
0.000758316	11.5149
0.000761835	8.61949
0.000765355	6.28499
0.000768875	4.48076
0.000772395	3.1083
0.000775915	2.10368
0.000779435	1.38746
0.000782955	0.888459
0.000786474	0.55755
0.000789994	0.3365
0.000793514	0.201369
0.000797034	0.105661
0.000800554	0.0653009
