3.33898e-05	1.86987
3.55687e-05	2.42412
3.77476e-05	3.1212
3.99264e-05	3.95595
4.21053e-05	4.94348
4.42842e-05	6.09937
4.64631e-05	7.42021
4.8642e-05	8.91373
5.08209e-05	10.5634
5.29998e-05	12.3628
5.51787e-05	14.2842
5.73576e-05	16.3029
5.95365e-05	18.3869
6.17154e-05	20.4948
6.38943e-05	22.6003
6.60732e-05	24.6547
6.82521e-05	26.6476
7.0431e-05	28.5392
7.26099e-05	30.3421
7.47888e-05	32.0435
7.69677e-05	33.6792
7.91465e-05	35.2782
8.13254e-05	36.8923
8.35043e-05	38.5957
8.56832e-05	40.444
8.78621e-05	42.5466
9.0041e-05	44.9504
9.22199e-05	47.7781
9.43988e-05	51.0594
9.65777e-05	54.9048
9.87566e-05	59.3245
0.000100935	64.3965
0.000103114	70.1155
0.000105293	76.5174
0.000107472	83.5891
0.000109651	91.3285
0.00011183	99.7216
0.000114009	108.741
0.000116188	118.377
0.000118367	128.594
0.000120546	139.384
0.000122724	150.715
0.000124903	162.58
0.000127082	174.952
0.000129261	187.821
0.00013144	201.154
0.000133619	214.939
0.000135798	229.127
0.000137977	243.704
0.000140156	258.602
0.000142334	273.814
0.000144513	289.27
0.000146692	304.979
0.000148871	320.909
0.00015105	337.087
0.000153229	353.568
0.000155408	370.396
0.000157587	387.741
0.000159766	405.65
0.000161945	424.399
0.000164123	444.019
0.000166302	464.829
0.000168481	486.834
0.00017066	510.294
0.000172839	535.183
0.000175018	561.604
0.000177197	589.509
0.000179376	618.776
0.000181555	649.35
0.000183733	680.877
0.000185912	713.312
0.000188091	746.132
0.00019027	779.311
0.000192449	812.272
0.000194628	845.015
0.000196807	877.048
0.000198986	908.393
0.000201165	938.768
0.000203344	968.205
0.000205522	996.693
0.000207701	1024.26
0.00020988	1051.13
0.000212059	1077.32
0.000214238	1103.15
0.000216417	1128.61
0.000218596	1153.95
0.000220775	1179.15
0.000222954	1204.19
0.000225132	1229.07
0.000227311	1253.48
0.00022949	1277.4
0.000231669	1300.31
0.000233848	1322.21
0.000236027	1342.5
0.000238206	1361.19
0.000240385	1377.81
0.000242564	1392.38
0.000244743	1404.65
0.000246921	1414.65
0.0002491	1422.45
0.000251279	1428.07
0.000253458	1431.02
0.000255637	1432.39
0.000257816	1432.24
0.000259995	1429.78
0.000262174	1425.66
0.000264353	1419.87
0.000266531	1412.39
0.00026871	1403.21
0.000270889	1392.25
0.000273068	1379.5
0.000275247	1364.83
0.000277426	1348.24
0.000279605	1329.64
0.000281784	1309.01
0.000283963	1286.34
0.000286142	1261.6
0.00028832	1234.87
0.000290499	1206.14
0.000292678	1175.55
0.000294857	1143.11
0.000297036	1109.03
0.000299215	1073.33
0.000301394	1036.34
0.000303573	998.04
0.000305752	958.869
0.00030793	918.825
0.000310109	878.404
0.000312288	837.617
0.000314467	796.983
0.000316646	756.524
0.000318825	716.722
0.000321004	677.612
0.000323183	639.583
0.000325362	602.676
0.00032754	567.16
0.000329719	533.072
0.000331898	500.557
0.000334077	469.646
0.000336256	440.377
0.000338435	412.769
0.000340614	386.786
0.000342793	362.436
0.000344972	339.636
0.000347151	318.385
0.000349329	298.574
0.000351508	280.197
0.000353687	263.12
0.000355866	247.334
0.000358045	232.681
0.000360224	219.147
0.000362403	206.548
0.000364582	194.862
0.000366761	183.892
0.000368939	173.605
0.000371118	163.817
0.000373297	154.484
0.000375476	145.465
0.000377655	136.716
0.000379834	128.162
0.000382013	119.766
0.000384192	111.526
0.000386371	103.423
0.00038855	95.5091
0.000390728	87.7861
0.000392907	80.3301
0.000395086	73.1597
0.000397265	66.3406
0.000399444	59.8998
0.000401623	53.8707
0.000403802	48.2769
0.000405981	43.1145
0.00040816	38.3953
0.000410338	34.0869
0.000412517	30.1866
0.000414696	26.6495
0.000416875	23.4611
0.000419054	20.5782
0.000421233	17.9809
0.000423412	15.6361
0.000425591	13.5244
0.00042777	11.6239
0.000429949	9.91943
0.000432127	8.39659
0.000434306	7.04507
0.000436485	5.853
0.000438664	4.81297
0.000440843	3.91245
0.000443022	3.14436
0.000445201	2.4947
0.00044738	1.95504
0.000449559	1.51098
0.000451737	1.15247
0.000453916	0.866482
0.000456095	0.642216
0.000458274	0.469316
0.000460453	0.337551
0.000462632	0.239659
0.000464811	0.164254
0.00046699	0.115235
