0.000500379	2.06384e-175
0.000509598	1.33126e-169
0.000518817	5.32502e-169
0.000528036	2.58435e-163
0.000537255	1.04431e-162
0.000546474	3.81274e-157
0.000555693	1.5567e-156
0.000564912	4.27482e-151
0.000574131	1.76377e-150
0.00058335	3.64241e-145
0.000592569	1.51895e-144
0.000601788	2.35859e-139
0.000611007	9.94277e-139
0.000620226	1.16065e-133
0.000629445	4.94692e-133
0.000638664	4.34049e-128
0.000647883	1.87079e-127
0.000657101	1.23356e-122
0.00066632	5.37746e-122
0.000675539	2.66418e-117
0.000684758	1.17488e-116
0.000693977	4.37267e-112
0.000703196	1.95105e-111
0.000712415	5.4539e-107
0.000721634	2.46267e-106
0.000730853	5.16945e-102
0.000740072	2.36269e-101
0.000749291	3.72353e-97
0.00075851	1.72293e-96
0.000767729	2.03816e-92
0.000776948	9.54972e-92
0.000786167	8.47796e-88
0.000795386	4.02322e-87
0.000804605	2.67987e-83
0.000813823	1.2883e-82
0.000823042	6.43731e-79
0.000832261	3.13561e-78
0.00084148	1.17507e-74
0.000850699	5.80078e-74
0.000859918	1.63001e-70
0.000869137	8.15664e-70
0.000878356	1.71826e-66
0.000887575	8.71759e-66
0.000896794	1.37645e-62
0.000906013	7.08176e-62
0.000915232	8.37937e-59
0.000924451	4.37267e-58
0.00093367	3.87662e-55
0.000942889	2.05217e-54
0.000952108	1.36301e-51
0.000961327	7.32052e-51
0.000970545	3.64223e-48
0.000979764	1.98487e-47
0.000988983	7.39755e-45
0.000998202	4.0906e-44
0.00100742	1.14209e-41
0.00101664	6.4078e-41
0.00102586	1.34049e-38
0.00103508	7.62958e-38
0.0010443	1.19632e-35
0.00105352	6.90505e-35
0.00106273	8.12018e-33
0.00107195	4.75024e-32
0.00108117	4.1933e-30
0.00109039	2.48402e-29
0.00109961	1.64821e-27
0.00110883	9.87419e-27
0.00111805	4.93395e-25
0.00112727	2.98382e-24
0.00113649	1.12577e-22
0.00114571	6.85481e-22
0.00115492	1.95986e-20
0.00116414	1.19732e-19
0.00117336	2.60683e-18
0.00118258	1.59028e-17
0.0011918	2.6537e-16
0.00120102	1.60642e-15
0.00121024	2.07186e-14
0.00121946	1.23447e-13
0.00122868	1.24373e-12
0.00123789	7.21928e-12
0.00124711	5.75704e-11
0.00125633	3.21459e-10
0.00126555	2.06117e-09
0.00127477	1.09068e-08
0.00128399	5.72539e-08
0.00129321	2.82276e-07
0.00130243	1.23734e-06
0.00131165	5.58117e-06
0.00132087	2.08527e-05
0.00133008	8.44918e-05
0.0013393	0.00027452
0.00134852	0.000982493
0.00135774	0.00282694
0.00136696	0.0088156
0.00137618	0.0228071
0.0013854	0.0614284
0.00139462	0.144541
0.00140384	0.335347
0.00141305	0.723063
0.00142227	1.45078
0.00143149	2.94054
0.00144071	5.2376
0.00144993	9.30768
0.00145915	15.1401
0.00146837	23.9351
0.00147759	35.7058
0.00148681	50.9954
0.00149603	69.8668
0.00150524	91.1807
0.00151446	115.003
0.00152368	138.85
0.0015329	162.641
0.00154212	185.315
0.00155134	206.584
0.00156056	229.684
0.00156978	254.391
0.001579	286.991
0.00158821	327.687
0.00159743	380.691
0.00160665	446.558
0.00161587	524.023
0.00162509	613.472
0.00163431	710.032
0.00164353	813.56
0.00165275	920.05
0.00166197	1028.98
0.00167118	1139.98
0.0016804	1252.57
0.00168962	1369.72
0.00169884	1491.36
0.00170806	1621.57
0.00171728	1760.72
0.0017265	1911.47
0.00173572	2074.6
0.00174494	2248.58
0.00175416	2434.58
0.00176337	2623.54
0.00177259	2816.23
0.00178181	2996.14
0.00179103	3162.14
0.00180025	3299.22
0.00180947	3407.74
0.00181869	3463.71
0.00182791	3486.83
0.00183713	3489.39
0.00184634	3448.52
0.00185556	3382.67
0.00186478	3297.83
0.001874	3196.66
0.00188322	3080.55
0.00189244	2951.46
0.00190166	2808.96
0.00191088	2659.41
0.0019201	2502.64
0.00192932	2349.56
0.00193853	2202.72
0.00194775	2068.49
0.00195697	1950.88
0.00196619	1844.84
0.00197541	1751.72
0.00198463	1660.11
0.00199385	1566.89
0.00200307	1466.26
0.00201229	1353.92
0.0020215	1234.58
0.00203072	1107.3
0.00203994	981.006
0.00204916	858.417
0.00205838	744.864
0.0020676	643.573
0.00207682	554.61
0.00208604	479.408
0.00209526	415.367
0.00210448	362.199
0.00211369	316.925
0.00212291	278.465
0.00213213	244.316
0.00214135	213.05
0.00215057	183.502
0.00215979	154.361
0.00216901	126.432
0.00217823	99.4603
0.00218745	74.9759
0.00219666	53.8519
0.00220588	36.4333
0.0022151	23.4876
0.00222432	14.0669
0.00223354	8.00199
0.00224276	4.24221
0.00225198	2.02245
0.0022612	0.998707
0.00227042	0.424311
0.00227964	0.181151
0.00228885	0.0696532
0.00229807	0.0252376
0.00230729	0.00892712
0.00231651	0.00269562
0.00232573	0.000839265
0.00233495	0.000220479
