3.33898e-05	468.1
3.48982e-05	498.715
3.64066e-05	531.579
3.7915e-05	566.827
3.94234e-05	604.069
4.09318e-05	642.967
4.24402e-05	683.424
4.39487e-05	725.19
4.54571e-05	768.317
4.69655e-05	812.708
4.84739e-05	858.548
4.99823e-05	905.929
5.14907e-05	955.127
5.29991e-05	1006.42
5.45076e-05	1060.12
5.6016e-05	1116.65
5.75244e-05	1176.29
5.90328e-05	1239.52
6.05412e-05	1306.58
6.20496e-05	1377.93
6.3558e-05	1453.72
6.50665e-05	1534.38
6.65749e-05	1620
6.80833e-05	1710.92
6.95917e-05	1807.27
7.11001e-05	1909.33
7.26085e-05	2017.27
7.41169e-05	2131.41
7.56253e-05	2251.9
7.71338e-05	2379.16
7.86422e-05	2513.27
8.01506e-05	2654.65
8.1659e-05	2803.25
8.31674e-05	2959.3
8.46758e-05	3122.54
8.61842e-05	3292.78
8.76927e-05	3469.54
8.92011e-05	3651.97
9.07095e-05	3839.44
9.22179e-05	4030.32
9.37263e-05	4223.94
9.52347e-05	4418.05
9.67431e-05	4612.09
9.82516e-05	4803.5
9.976e-05	4991.94
0.000101268	5175.05
0.000102777	5352.75
0.000104285	5523.33
0.000105794	5686.97
0.000107302	5842.92
0.00010881	5991.49
0.000110319	6132.93
0.000111827	6267.56
0.000113336	6396.43
0.000114844	6519.75
0.000116353	6638.91
0.000117861	6754.01
0.000119369	6866.35
0.000120878	6975.9
0.000122386	7083.54
0.000123895	7189.16
0.000125403	7293.08
0.000126911	7395.19
0.00012842	7495.29
0.000129928	7593.27
0.000131437	7688.58
0.000132945	7781.15
0.000134453	7870.22
0.000135962	7955.72
0.00013747	8036.8
0.000138979	8113.39
0.000140487	8184.51
0.000141996	8250.11
0.000143504	8309.07
0.000145012	8361.33
0.000146521	8405.68
0.000148029	8442.07
0.000149538	8470.36
0.000151046	8489.35
0.000152554	8491.07
0.000154063	8489.09
0.000155571	8480.91
0.00015708	8453.85
0.000158588	8416.87
0.000160097	8369.19
0.000161605	8310.41
0.000163113	8240.57
0.000164622	8160.44
0.00016613	8070.03
0.000167639	7970.46
0.000169147	7861.76
0.000170655	7745.22
0.000172164	7620.85
0.000173672	7490.01
0.000175181	7352.67
0.000176689	7210.13
0.000178197	7062.37
0.000179706	6910.56
0.000181214	6754.68
0.000182723	6595.82
0.000184231	6433.96
0.00018574	6270.11
0.000187248	6104.27
0.000188756	5937.41
0.000190265	5769.54
0.000191773	5601.61
0.000193282	5433.64
0.00019479	5266.53
0.000196298	5100.28
0.000197807	4935.73
0.000199315	4772.87
0.000200824	4612.36
0.000202332	4454.23
0.000203841	4298.93
0.000205349	4146.5
0.000206857	3997.21
0.000208366	3851.1
0.000209874	3708.33
0.000211383	3568.9
0.000212891	3432.91
0.000214399	3300.37
0.000215908	3171.32
0.000217416	3045.78
0.000218925	2923.75
0.000220433	2805.24
0.000221941	2690.2
0.00022345	2578.62
0.000224958	2470.34
0.000226467	2365.36
0.000227975	2263.4
0.000229484	2164.45
0.000230992	2068.16
0.0002325	1974.52
0.000234009	1883.21
0.000235517	1794.2
0.000237026	1707.33
0.000238534	1622.56
0.000240042	1539.93
0.000241551	1459.41
0.000243059	1381.26
0.000244568	1305.46
0.000246076	1232.36
0.000247585	1161.98
0.000249093	1094.63
0.000250601	1030.35
0.00025211	969.265
0.000253618	911.429
0.000255127	856.716
0.000256635	805.162
0.000258143	756.428
0.000259652	710.504
0.00026116	666.942
0.000262669	625.683
0.000264177	586.297
0.000265685	548.693
0.000267194	512.563
0.000268702	477.811
0.000270211	444.296
0.000271719	411.947
0.000273228	380.768
0.000274736	350.728
0.000276244	321.917
0.000277753	294.342
0.000279261	268.107
0.00028077	243.242
0.000282278	219.81
0.000283786	197.845
0.000285295	177.348
0.000286803	158.34
0.000288312	140.764
0.00028982	124.619
0.000291329	109.815
0.000292837	96.3327
0.000294345	84.0689
0.000295854	72.9905
0.000297362	62.9986
0.000298871	54.0541
0.000300379	46.0657
0.000301887	38.9935
0.000303396	32.752
0.000304904	27.3017
0.000306413	22.5606
0.000307921	18.4881
0.000309429	15.0054
0.000310938	12.0698
0.000312446	9.60789
0.000313955	7.57528
0.000315463	5.90739
0.000316972	4.56004
0.00031848	3.48057
0.000319988	2.62775
0.000321497	1.96191
0.000323005	1.44738
0.000324514	1.05664
0.000326022	0.761102
0.00032753	0.543208
0.000329039	0.381729
0.000330547	0.266362
0.000332056	0.178499
0.000333564	0.124511
