0.000500379	1.10955e-104
0.00050876	7.69233e-101
0.000517141	3.0766e-100
0.000525522	1.69276e-96
0.000533903	6.83903e-96
0.000542284	2.98577e-92
0.000550665	1.21877e-91
0.000559045	4.22147e-88
0.000567426	1.74124e-87
0.000575807	4.78432e-84
0.000584188	1.99438e-83
0.000592569	4.34642e-80
0.00060095	1.83137e-79
0.00060933	3.16524e-76
0.000617711	1.34824e-75
0.000626092	1.84778e-72
0.000634473	7.95774e-72
0.000642854	8.64721e-69
0.000651235	3.76573e-68
0.000659615	3.2441e-65
0.000667996	1.42875e-64
0.000676377	9.75706e-62
0.000684758	4.34626e-61
0.000693139	2.35272e-58
0.00070152	1.06008e-57
0.0007099	4.54849e-55
0.000718281	2.0732e-54
0.000726662	7.05079e-52
0.000735043	3.25111e-51
0.000743424	8.76425e-49
0.000751805	4.08812e-48
0.000760186	8.7365e-46
0.000768566	4.12225e-45
0.000776947	6.98483e-43
0.000785328	3.33335e-42
0.000793709	4.4795e-40
0.00080209	2.16163e-39
0.000810471	2.3048e-37
0.000818851	1.12424e-36
0.000827232	9.51616e-35
0.000835613	4.68967e-34
0.000843994	3.15376e-32
0.000852375	1.56911e-31
0.000860756	8.39217e-30
0.000869136	4.21143e-29
0.000877517	1.79381e-27
0.000885898	9.06784e-27
0.000894279	3.08141e-25
0.00090266	1.56646e-24
0.000911041	4.25656e-23
0.000919421	2.17134e-22
0.000927802	4.73179e-21
0.000936183	2.41536e-20
0.000944564	4.23678e-19
0.000952945	2.15651e-18
0.000961326	3.05878e-17
0.000969707	1.54565e-16
0.000978087	1.78278e-15
0.000986468	8.89535e-15
0.000994849	8.40036e-14
0.00100323	4.11166e-13
0.00101161	3.20495e-12
0.00101999	1.52692e-11
0.00102837	9.91729e-11
0.00103675	4.55758e-10
0.00104513	2.49315e-09
0.00105351	1.09394e-08
0.0010619	5.10036e-08
0.00107028	2.11285e-07
0.00107866	8.50342e-07
0.00108704	3.28641e-06
0.00109542	1.15681e-05
0.0011038	4.12116e-05
0.00111218	0.000128531
0.00112056	0.000417226
0.00112894	0.00116717
0.00113732	0.00341656
0.0011457	0.008667
0.00115409	0.0226856
0.00116247	0.0526625
0.00117085	0.122544
0.00117923	0.262135
0.00118761	0.540905
0.00119599	1.08955
0.00120437	2.00233
0.00121275	3.68408
0.00122113	6.15975
0.00122951	10.135
0.00123789	15.6057
0.00124627	23.2511
0.00125466	33.0316
0.00126304	45.0052
0.00127142	59.1169
0.0012798	74.242
0.00128818	90.3507
0.00129656	105.239
0.00130494	118.926
0.00131332	129.497
0.0013217	136.978
0.00133008	140.468
0.00133846	141.777
0.00134684	143.204
0.00135523	144.737
0.00136361	148.824
0.00137199	158.904
0.00138037	175.389
0.00138875	198.297
0.00139713	227.062
0.00140551	261.72
0.00141389	300.713
0.00142227	343.961
0.00143065	391.829
0.00143903	444.224
0.00144741	503.139
0.0014558	568.622
0.00146418	641.877
0.00147256	723.046
0.00148094	811.46
0.00148932	907.154
0.0014977	1009.08
0.00150608	1117.1
0.00151446	1231.61
0.00152284	1352.54
0.00153122	1480.98
0.0015396	1617.2
0.00154798	1759.79
0.00155637	1909.2
0.00156475	2060.05
0.00157313	2212.32
0.00158151	2359.93
0.00158989	2502.21
0.00159827	2636.63
0.00160665	2762.57
0.00161503	2880.8
0.00162341	2991.42
0.00163179	3094.33
0.00164017	3190.18
0.00164855	3274.7
0.00165694	3348.4
0.00166532	3402.83
0.0016737	3437.34
0.00168208	3444.32
0.00169046	3419.36
0.00169884	3362.38
0.00170722	3267.65
0.0017156	3143.91
0.00172398	2990.43
0.00173236	2824.63
0.00174074	2648.01
0.00174912	2478.63
0.00175751	2320.78
0.00176589	2182.07
0.00177427	2066.78
0.00178265	1969.56
0.00179103	1891.8
0.00179941	1821.79
0.00180779	1757.57
0.00181617	1689.93
0.00182455	1615.49
0.00183293	1532.3
0.00184131	1437.96
0.00184969	1336.86
0.00185808	1228.89
0.00186646	1120.32
0.00187484	1013
0.00188322	910.502
0.0018916	814.905
0.00189998	725.891
0.00190836	644.142
0.00191674	568.066
0.00192512	497.03
0.0019335	430.989
0.00194188	369.435
0.00195026	313.692
0.00195865	264.216
0.00196703	221.562
0.00197541	186.494
0.00198379	157.77
0.00199217	135.415
0.00200055	117.345
0.00200893	102.678
0.00201731	89.9672
0.00202569	78.1075
0.00203407	66.884
0.00204245	55.704
0.00205083	45.0971
0.00205922	35.1505
0.0020676	26.2944
0.00207598	18.8902
0.00208436	12.8826
0.00209274	8.43937
0.00210112	5.21693
0.0021095	3.08219
0.00211788	1.72988
0.00212626	0.896117
0.00213464	0.468081
0.00214302	0.215491
0.0021514	0.102786
0.00215979	0.0393792
0.00216817	0.0182437
