0.000500379	1.0537e-80
0.000507922	1.20391e-77
0.000515465	4.81247e-77
0.000523008	4.48618e-74
0.00053055	1.81085e-73
0.000538093	1.37685e-70
0.000545636	5.61392e-70
0.000553179	3.48122e-67
0.000560721	1.43392e-66
0.000568264	7.25135e-64
0.000575807	3.0176e-63
0.00058335	1.24441e-60
0.000590892	5.23222e-60
0.000598435	1.75947e-57
0.000605978	7.47486e-57
0.000613521	2.04971e-54
0.000621063	8.79873e-54
0.000628606	1.9675e-51
0.000636149	8.53381e-51
0.000643692	1.55623e-48
0.000651234	6.81992e-48
0.000658777	1.01439e-45
0.00066632	4.49093e-45
0.000673862	5.44932e-43
0.000681405	2.43681e-42
0.000688948	2.41286e-40
0.000696491	1.08954e-39
0.000704033	8.80708e-38
0.000711576	4.01432e-37
0.000719119	2.65038e-35
0.000726662	1.21881e-34
0.000734204	6.57722e-33
0.000741747	3.04945e-32
0.00074929	1.34628e-30
0.000756833	6.2876e-30
0.000764375	2.27358e-28
0.000771918	1.06841e-27
0.000779461	3.16895e-26
0.000787004	1.49621e-25
0.000794546	3.64692e-24
0.000802089	1.72689e-23
0.000809632	3.46701e-22
0.000817175	1.64277e-21
0.000824717	2.72429e-20
0.00083226	1.2881e-19
0.000839803	1.77058e-18
0.000847345	8.32547e-18
0.000854888	9.52535e-17
0.000862431	4.43597e-16
0.000869974	4.24551e-15
0.000877516	1.94863e-14
0.000885059	1.56922e-13
0.000892602	7.05797e-13
0.000900145	4.815e-12
0.000907687	2.10815e-11
0.00091523	1.22781e-10
0.000922773	5.19363e-10
0.000930316	2.60467e-09
0.000937858	1.05557e-08
0.000945401	4.60131e-08
0.000952944	1.77041e-07
0.000960487	6.77464e-07
0.000968029	2.45125e-06
0.000975572	8.31846e-06
0.000983115	2.80309e-05
0.000990658	8.52166e-05
0.0009982	0.000264902
0.00100574	0.000728442
0.00101329	0.00207053
0.00102083	0.00519552
0.00102837	0.0133994
0.00103591	0.0309137
0.00104346	0.0718975
0.001051	0.15343
0.00105854	0.320484
0.00106608	0.642537
0.00107363	1.20343
0.00108117	2.2535
0.00108871	3.832
0.00109626	6.45107
0.0011038	10.1273
0.00111134	15.4761
0.00111888	22.4741
0.00112643	31.4865
0.00113397	42.4619
0.00114151	55.1932
0.00114906	69.6451
0.0011566	85.1649
0.00116414	101.759
0.00117168	118.872
0.00117923	136.531
0.00118677	154.636
0.00119431	173.205
0.00120185	192.455
0.0012094	212.392
0.00121694	233.361
0.00122448	255.371
0.00123203	279.142
0.00123957	304.679
0.00124711	333.418
0.00125465	365.351
0.0012622	402.431
0.00126974	444.648
0.00127728	493.776
0.00128482	549.817
0.00129237	613.838
0.00129991	685.854
0.00130745	766.183
0.001315	854.847
0.00132254	951.552
0.00133008	1056.33
0.00133762	1168.28
0.00134517	1287.44
0.00135271	1412.31
0.00136025	1542.94
0.00136779	1677.14
0.00137534	1815
0.00138288	1953.21
0.00139042	2091.88
0.00139797	2226.39
0.00140551	2356.68
0.00141305	2478.28
0.00142059	2590.85
0.00142814	2692.51
0.00143568	2782.86
0.00144322	2863.19
0.00145076	2933.43
0.00145831	2995.47
0.00146585	3049.62
0.00147339	3095.37
0.00148094	3133.03
0.00148848	3159.64
0.00149602	3174.93
0.00150356	3177.21
0.00151111	3164.89
0.00151865	3139.56
0.00152619	3100.77
0.00153373	3053.52
0.00154128	2997.93
0.00154882	2939.76
0.00155636	2880.06
0.00156391	2820.76
0.00157145	2763.08
0.00157899	2703.48
0.00158653	2642.23
0.00159408	2573.62
0.00160162	2496.58
0.00160916	2408.57
0.0016167	2308.1
0.00162425	2198.16
0.00163179	2078.22
0.00163933	1954.39
0.00164688	1827.56
0.00165442	1702.66
0.00166196	1581.24
0.0016695	1464.65
0.00167705	1353.94
0.00168459	1247.72
0.00169213	1145.99
0.00169968	1047.13
0.00170722	950.438
0.00171476	856.207
0.0017223	763.875
0.00172985	675.776
0.00173739	592.236
0.00174493	515.663
0.00175247	447.15
0.00176002	386.98
0.00176756	336.037
0.0017751	292.258
0.00178265	255.463
0.00179019	223.089
0.00179773	194.072
0.00180527	167.229
0.00181282	141.569
0.00182036	117.488
0.0018279	94.7555
0.00183544	74.1943
0.00184299	56.1765
0.00185053	40.9291
0.00185807	28.8192
0.00186562	19.3794
0.00187316	12.5978
0.0018807	7.791
0.00188824	4.63934
0.00189579	2.64086
0.00190333	1.41349
0.00191087	0.753673
0.00191841	0.361726
0.00192596	0.180526
0.0019335	0.0797481
0.00194104	0.0360534
0.00194859	0.0147663
0.00195613	0.00598906
0.00196367	0.00229266
0.00197121	0.000825972
0.00197876	0.000298024
0.0019863	9.44344e-05
0.00199384	3.03141e-05
0.00200138	8.94059e-06
