3.33898e-05	5.425e-12
3.55687e-05	2.14592e-11
3.77476e-05	6.95618e-11
3.99264e-05	2.66005e-10
4.21053e-05	7.94991e-10
4.42842e-05	2.78437e-09
4.64631e-05	8.09885e-09
4.8642e-05	2.60742e-08
5.08209e-05	7.35562e-08
5.29998e-05	2.1851e-07
5.51787e-05	5.95701e-07
5.73576e-05	1.63919e-06
5.95365e-05	4.30275e-06
6.17154e-05	1.10104e-05
6.38943e-05	2.7726e-05
6.60732e-05	6.62385e-05
6.82521e-05	0.000159437
7.0431e-05	0.000356991
7.26099e-05	0.000818513
7.47888e-05	0.00172407
7.69677e-05	0.00375315
7.91465e-05	0.00746312
8.13254e-05	0.0153798
8.35043e-05	0.0289655
8.56832e-05	0.056362
8.78621e-05	0.102407
9.0041e-05	0.185709
9.22199e-05	0.323783
9.43988e-05	0.549488
9.65777e-05	0.909743
9.87566e-05	1.45715
0.000100935	2.28722
0.000103114	3.46842
0.000105293	5.15925
0.000107472	7.4253
0.000109651	10.4739
0.00011183	14.3376
0.000114009	19.2114
0.000116188	25.072
0.000118367	32.006
0.000120546	39.9425
0.000122724	48.7919
0.000124903	58.4852
0.000127082	68.7958
0.000129261	79.725
0.00013144	91.0874
0.000133619	102.995
0.000135798	115.548
0.000137977	128.953
0.000140156	143.76
0.000142334	160.205
0.000144513	179.272
0.000146692	201.156
0.000148871	227.074
0.00015105	257.131
0.000153229	292.489
0.000155408	333.144
0.000157587	379.916
0.000159766	432.704
0.000161945	491.771
0.000164123	556.982
0.000166302	628.018
0.000168481	704.795
0.00017066	786.693
0.000172839	873.759
0.000175018	965.641
0.000177197	1062.54
0.000179376	1165.01
0.000181555	1273.32
0.000183733	1389.24
0.000185912	1512.95
0.000188091	1646.97
0.00019027	1791.23
0.000192449	1947.67
0.000194628	2115.93
0.000196807	2295.58
0.000198986	2486.1
0.000201165	2683.72
0.000203344	2888.03
0.000205522	3092.75
0.000207701	3297.82
0.00020988	3497.11
0.000212059	3690.88
0.000214238	3875.88
0.000216417	4052.45
0.000218596	4220.99
0.000220775	4381.67
0.000222954	4537.1
0.000225132	4687.29
0.000227311	4835.12
0.00022949	4980.6
0.000231669	5126.55
0.000233848	5272.99
0.000236027	5423.59
0.000238206	5578.35
0.000240385	5741.72
0.000242564	5913.63
0.000244743	6096.84
0.000246921	6291.28
0.0002491	6494.6
0.000251279	6706.8
0.000253458	6919.27
0.000255637	7132.11
0.000257816	7333.44
0.000259995	7523.29
0.000262174	7692.23
0.000264353	7840.09
0.000266531	7964.36
0.00026871	8064.76
0.000270889	8145.84
0.000273068	8207.44
0.000275247	8257.04
0.000277426	8294.78
0.000279605	8325.6
0.000281784	8350.05
0.000283963	8364.82
0.000286142	8372.06
0.00028832	8371.26
0.000290499	8350.46
0.000292678	8307.22
0.000294857	8241.21
0.000297036	8144.88
0.000299215	8017.72
0.000301394	7857.32
0.000303573	7662.97
0.000305752	7437.87
0.00030793	7181.44
0.000310109	6901.9
0.000312288	6598.97
0.000314467	6284.44
0.000316646	5958.51
0.000318825	5634.11
0.000321004	5312.05
0.000323183	5003.33
0.000325362	4709.24
0.00032754	4436.07
0.000329719	4185.25
0.000331898	3957.03
0.000334077	3752.44
0.000336256	3566.51
0.000338435	3399.49
0.000340614	3243.75
0.000342793	3098.68
0.000344972	2957.26
0.000347151	2818.28
0.000349329	2677.83
0.000351508	2534.65
0.000353687	2388.64
0.000355866	2239.06
0.000358045	2088.56
0.000360224	1937.14
0.000362403	1788.21
0.000364582	1642.38
0.000366761	1502.11
0.000368939	1368.16
0.000371118	1241.36
0.000373297	1122.22
0.000375476	1010.31
0.000377655	905.724
0.000379834	807.664
0.000382013	715.928
0.000384192	630.084
0.000386371	549.892
0.00038855	475.454
0.000390728	406.695
0.000392907	343.917
0.000395086	287.227
0.000397265	236.692
0.000399444	192.458
0.000401623	154.157
0.000403802	121.822
0.000405981	94.7424
0.00040816	72.7711
0.000410338	55.0909
0.000412517	41.417
0.000414696	31.0277
0.000416875	23.5934
0.000419054	18.5699
0.000421233	15.485
0.000423412	14.5792
0.000425591	15.0699
0.00042777	16.3812
0.000429949	18.8958
0.000432127	22.1119
0.000434306	25.752
0.000436485	29.4496
0.000438664	32.971
0.000440843	35.9791
0.000443022	38.391
0.000445201	39.4505
0.00044738	39.2673
0.000449559	38.7495
0.000451737	36.8802
0.000453916	33.8817
0.000456095	30.355
0.000458274	26.442
0.000460453	22.3915
0.000462632	18.4046
0.000464811	14.7837
0.00046699	11.4254
