0.000500379	9.57626e-23
0.000506246	9.12603e-22
0.000512113	3.36312e-21
0.000517979	2.92548e-20
0.000523846	1.04506e-19
0.000529712	8.10684e-19
0.000535579	2.87356e-18
0.000541445	1.99257e-17
0.000547312	6.99239e-17
0.000553178	4.34545e-16
0.000559045	1.50592e-15
0.000564911	8.41168e-15
0.000570778	2.87082e-14
0.000576644	1.44587e-13
0.000582511	4.84505e-13
0.000588378	2.20778e-12
0.000594244	7.24026e-12
0.000600111	2.99602e-11
0.000605977	9.58206e-11
0.000611844	3.61479e-10
0.00061771	1.12334e-09
0.000623577	3.87932e-09
0.000629443	1.16688e-08
0.00063531	3.70463e-08
0.000641176	1.07432e-07
0.000647043	3.14937e-07
0.000652909	8.76978e-07
0.000658776	2.38431e-06
0.000664643	6.34994e-06
0.000670509	1.60814e-05
0.000676376	4.0802e-05
0.000682242	9.66624e-05
0.000688109	0.00023279
0.000693975	0.000517991
0.000699842	0.00118004
0.000705708	0.00247558
0.000711575	0.00531868
0.000717441	0.0105559
0.000723308	0.0213342
0.000729174	0.0401785
0.000735041	0.0762396
0.000740908	0.139494
0.000746774	0.245616
0.000752641	0.425768
0.000758507	0.706043
0.000764374	1.15594
0.00077024	1.81312
0.000776107	2.80385
0.000781973	4.17042
0.00078784	6.09903
0.000793706	8.62153
0.000799573	11.9513
0.000805439	16.0937
0.000811306	21.2173
0.000817173	27.2969
0.000823039	34.3786
0.000828906	42.4228
0.000834772	51.3304
0.000840639	61.0767
0.000846505	71.491
0.000852372	82.5874
0.000858238	94.2708
0.000864105	106.598
0.000869971	119.694
0.000875838	133.647
0.000881704	148.886
0.000887571	165.51
0.000893438	184.269
0.000899304	205.263
0.000905171	229.533
0.000911037	257.157
0.000916904	289.373
0.00092277	326.211
0.000928637	368.869
0.000934503	417.295
0.00094037	472.23
0.000946236	533.545
0.000952103	601.047
0.000957969	674.57
0.000963836	752.745
0.000969703	835.442
0.000975569	920.357
0.000981436	1007.45
0.000987302	1094.26
0.000993169	1180.84
0.000999035	1265.5
0.0010049	1348.35
0.00101077	1429.08
0.00101663	1507.79
0.0010225	1585.47
0.00102837	1662.14
0.00103423	1739.28
0.0010401	1816.85
0.00104597	1895.72
0.00105183	1975.84
0.0010577	2056.72
0.00106357	2138.33
0.00106943	2218.89
0.0010753	2298.38
0.00108117	2374.61
0.00108703	2447.59
0.0010929	2515.91
0.00109877	2579.58
0.00110463	2638.77
0.0011105	2693.48
0.00111637	2745.2
0.00112223	2793.93
0.0011281	2841.23
0.00113397	2887.14
0.00113983	2931.93
0.0011457	2975.67
0.00115157	3016.94
0.00115743	3055.78
0.0011633	3090.04
0.00116916	3119.68
0.00117503	3143.38
0.0011809	3161.13
0.00118676	3171.91
0.00119263	3177.27
0.0011985	3177.63
0.00120436	3172.21
0.00121023	3161.44
0.0012161	3145.53
0.00122196	3122.79
0.00122783	3093.27
0.0012337	3054.45
0.00123956	3006.17
0.00124543	2946.65
0.0012513	2875.53
0.00125716	2793.23
0.00126303	2699.4
0.0012689	2596.93
0.00127476	2485.68
0.00128063	2370.12
0.0012865	2250.45
0.00129236	2131.13
0.00129823	2012.63
0.0013041	1898.01
0.00130996	1787.85
0.00131583	1683.22
0.00132169	1584.55
0.00132756	1491.23
0.00133343	1403.43
0.00133929	1319.72
0.00134516	1239.99
0.00135103	1162.93
0.00135689	1088.27
0.00136276	1015.52
0.00136863	944.398
0.00137449	875.38
0.00138036	808.357
0.00138623	744.409
0.00139209	683.674
0.00139796	627.108
0.00140383	575.026
0.00140969	527.591
0.00141556	485.091
0.00142143	446.725
0.00142729	412.538
0.00143316	381.198
0.00143903	352.45
0.00144489	325.136
0.00145076	298.84
0.00145663	273.076
0.00146249	247.495
0.00146836	222.323
0.00147422	197.437
0.00148009	173.464
0.00148596	150.518
0.00149182	129.224
0.00149769	109.832
0.00150356	92.674
0.00150942	77.9973
0.00151529	65.7326
0.00152116	56.0069
0.00152702	48.4182
0.00153289	42.9195
0.00153876	38.9567
0.00154462	36.3314
0.00155049	34.5337
0.00155636	33.2933
0.00156222	32.2719
0.00156809	31.2195
0.00157396	30.0019
0.00157982	28.4528
0.00158569	26.6047
0.00159156	24.3976
0.00159742	21.9584
0.00160329	19.3212
0.00160916	16.6288
0.00161502	13.9713
0.00162089	11.4464
0.00162675	9.15104
0.00163262	7.11331
0.00163849	5.39552
0.00164435	3.97035
0.00165022	2.8494
0.00165609	1.98268
0.00166195	1.3218
0.00166782	0.883323
