3.33898e-05	232.509
3.48982e-05	264.245
3.64066e-05	299.955
3.7915e-05	339.578
3.94234e-05	383.289
4.09318e-05	431.288
4.24402e-05	483.476
4.39487e-05	539.957
4.54571e-05	600.32
4.69655e-05	664.351
4.84739e-05	731.403
4.99823e-05	800.85
5.14907e-05	872
5.29991e-05	943.868
5.45076e-05	1016.03
5.6016e-05	1087.45
5.75244e-05	1158.29
5.90328e-05	1228.03
6.05412e-05	1297.49
6.20496e-05	1367.23
6.3558e-05	1438.39
6.50665e-05	1512.65
6.65749e-05	1590.95
6.80833e-05	1675.44
6.95917e-05	1766.44
7.11001e-05	1865.61
7.26085e-05	1972.67
7.41169e-05	2088.14
7.56253e-05	2211.56
7.71338e-05	2342.44
7.86422e-05	2480.59
8.01506e-05	2625.3
8.1659e-05	2776.7
8.31674e-05	2934.6
8.46758e-05	3099.2
8.61842e-05	3270.88
8.76927e-05	3449.6
8.92011e-05	3635.72
9.07095e-05	3828.72
9.22179e-05	4028.12
9.37263e-05	4232.88
9.52347e-05	4440.84
9.67431e-05	4650.66
9.82516e-05	4858.2
9.976e-05	5062.35
0.000101268	5257.81
0.000102777	5444.35
0.000104285	5617.64
0.000105794	5778.61
0.000107302	5926.48
0.00010881	6062.88
0.000110319	6191.66
0.000111827	6314.18
0.000113336	6437.21
0.000114844	6561.1
0.000116353	6691.83
0.000117861	6828.69
0.000119369	6973.75
0.000120878	7125.96
0.000122386	7283.11
0.000123895	7444.51
0.000125403	7605.87
0.000126911	7766.95
0.00012842	7923.68
0.000129928	8075.94
0.000131437	8220.4
0.000132945	8356.9
0.000134453	8482.16
0.000135962	8596.04
0.00013747	8695.18
0.000138979	8779.61
0.000140487	8846.77
0.000141996	8896.93
0.000143504	8929.68
0.000145012	8945.07
0.000146521	8943.44
0.000148029	8928.12
0.000149538	8900.83
0.000151046	8862.06
0.000152554	8816.84
0.000154063	8765.19
0.000155571	8711.73
0.00015708	8656.23
0.000158588	8600.99
0.000160097	8545.65
0.000161605	8488.62
0.000163113	8429.6
0.000164622	8363.45
0.00016613	8290.08
0.000167639	8203.39
0.000169147	8103.51
0.000170655	7986.65
0.000172164	7853
0.000173672	7702.8
0.000175181	7536.18
0.000176689	7357.01
0.000178197	7165.36
0.000179706	6967.72
0.000181214	6764.06
0.000182723	6562.46
0.000184231	6362.88
0.00018574	6172.96
0.000187248	5992.68
0.000188756	5825.96
0.000190265	5672.88
0.000191773	5531.17
0.000193282	5401
0.00019479	5274.78
0.000196298	5152.6
0.000197807	5025.69
0.000199315	4893.91
0.000200824	4751.83
0.000202332	4599.14
0.000203841	4435.87
0.000205349	4261.7
0.000206857	4081.1
0.000208366	3893.94
0.000209874	3706.37
0.000211383	3518.48
0.000212891	3335.54
0.000214399	3157.8
0.000215908	2988.26
0.000217416	2827.26
0.000218925	2675.31
0.000220433	2532.67
0.000221941	2397.9
0.00022345	2271.08
0.000224958	2149.79
0.000226467	2033.92
0.000227975	1921.4
0.000229484	1811.97
0.000230992	1704.96
0.0002325	1600.11
0.000234009	1498.19
0.000235517	1399.12
0.000237026	1304.24
0.000238534	1213.66
0.000240042	1128.45
0.000241551	1048.77
0.000243059	975.073
0.000244568	907.499
0.000246076	845.919
0.000247585	790.436
0.000249093	740.409
0.000250601	695.885
0.00025211	655.754
0.000253618	619.967
0.000255127	587.169
0.000256635	557.191
0.000258143	528.816
0.000259652	501.798
0.00026116	475.344
0.000262669	449.222
0.000264177	423.115
0.000265685	396.858
0.000267194	370.522
0.000268702	344.031
0.000270211	317.719
0.000271719	291.596
0.000273228	266.129
0.000274736	241.403
0.000276244	217.86
0.000277753	195.635
0.000279261	175.005
0.00028077	156.109
0.000282278	138.977
0.000283786	123.7
0.000285295	110.074
0.000286803	98.0993
0.000288312	87.4664
0.00028982	78.0824
0.000291329	69.7088
0.000292837	62.2227
0.000294345	55.5414
0.000295854	49.5957
0.000297362	44.3712
0.000298871	39.8701
0.000300379	35.9958
0.000301887	32.7493
0.000303396	29.9233
0.000304904	27.4438
0.000306413	25.1186
0.000307921	22.8175
0.000309429	20.4927
0.000310938	18.0496
0.000312446	15.5814
0.000313955	13.0911
0.000315463	10.7032
0.000316972	8.4928
0.00031848	6.5194
0.000319988	4.85717
0.000321497	3.48553
0.000323005	2.4283
0.000324514	1.62672
0.000326022	1.05539
0.00032753	0.660639
0.000329039	0.397018
0.000330547	0.232981
0.000332056	0.118701
0.000333564	0.0712418
