0.000100103	0.00728169
0.00010312	0.0116731
0.000106137	0.0247778
0.000109154	0.0432026
0.000112171	0.0768555
0.000115188	0.129211
0.000118205	0.217366
0.000121222	0.351245
0.000124239	0.560795
0.000127256	0.86903
0.000130273	1.32055
0.00013329	1.95951
0.000136307	2.8401
0.000139324	4.03201
0.000142341	5.58334
0.000145358	7.58114
0.000148375	10.0426
0.000151392	13.0433
0.000154408	16.5456
0.000157425	20.5653
0.000160442	25.0032
0.000163459	29.7676
0.000166476	34.7216
0.000169493	39.6514
0.00017251	44.4364
0.000175527	48.7903
0.000178544	52.6725
0.000181561	55.8403
0.000184578	58.3748
0.000187595	60.222
0.000190612	61.5795
0.000193629	62.6877
0.000196646	63.8085
0.000199663	65.4832
0.00020268	67.9616
0.000205697	71.978
0.000208714	77.7064
0.000211731	85.8942
0.000214748	96.6158
0.000217765	110.461
0.000220782	127.42
0.000223799	147.833
0.000226816	171.644
0.000229833	198.941
0.00023285	229.654
0.000235867	263.683
0.000238884	300.953
0.000241901	341.236
0.000244918	384.459
0.000247935	430.302
0.000250952	478.692
0.000253969	529.235
0.000256986	581.859
0.000260003	636.107
0.00026302	691.914
0.000266037	748.777
0.000269054	806.652
0.000272071	865.036
0.000275088	923.949
0.000278105	983.049
0.000281122	1042.48
0.000284139	1102.42
0.000287156	1163.17
0.000290173	1225.91
0.00029319	1291.04
0.000296207	1361.02
0.000299224	1436.17
0.000302241	1519.9
0.000305258	1612.28
0.000308275	1716.46
0.000311292	1832.19
0.000314309	1960.8
0.000317326	2101.82
0.000320343	2253.7
0.00032336	2415.95
0.000326377	2584.27
0.000329394	2758.38
0.000332411	2932.61
0.000335428	3106.97
0.000338445	3276.37
0.000341462	3441
0.000344479	3597.82
0.000347496	3747.06
0.000350513	3888.16
0.00035353	4021.3
0.000356547	4147.86
0.000359564	4267.93
0.000362581	4383.88
0.000365598	4495.72
0.000368615	4605.78
0.000371632	4714
0.000374649	4821.72
0.000377666	4928.86
0.000380683	5035
0.0003837	5140.09
0.000386717	5241.64
0.000389734	5339.63
0.000392751	5429.96
0.000395768	5512.64
0.000398785	5583.18
0.000401802	5641.61
0.000404819	5685.8
0.000407836	5715.85
0.000410853	5720.24
0.00041387	5716.37
0.000416887	5705.27
0.000419904	5672.31
0.000422921	5630.68
0.000425938	5580.7
0.000428955	5525.73
0.000431972	5465.85
0.000434989	5403.45
0.000438006	5338.69
0.000441023	5270.98
0.00044404	5200.49
0.000447057	5124.14
0.000450074	5041.99
0.000453091	4950.21
0.000456108	4848.68
0.000459125	4734.92
0.000462142	4608.64
0.000465159	4469.96
0.000468176	4318.6
0.000471193	4157.23
0.00047421	3985.7
0.000477227	3808.23
0.000480244	3624.89
0.000483261	3440.21
0.000486278	3254.41
0.000489295	3071.49
0.000492312	2891.73
0.000495329	2718.18
0.000498346	2551.15
0.000501363	2392.6
0.00050438	2242.82
0.000507397	2102.65
0.000510414	1972.33
0.000513431	1851.57
0.000516448	1740.55
0.000519465	1637.98
0.000522482	1543.92
0.000525499	1456.46
0.000528516	1375.48
0.000531533	1298.88
0.00053455	1226.42
0.000537567	1156.29
0.000540584	1088.18
0.000543601	1021
0.000546618	954.413
0.000549635	888.292
0.000552652	822.399
0.000555669	757.446
0.000558686	693.388
0.000561703	631.388
0.00056472	571.609
0.000567737	515.128
0.000570754	462.24
0.000573771	413.5
0.000576788	369.194
0.000579805	329.221
0.000582822	293.728
0.000585839	262.13
0.000588856	234.386
0.000591873	209.755
0.00059489	188.054
0.000597907	168.668
0.000600924	151.369
0.000603941	135.794
0.000606958	121.759
0.000609975	109.116
0.000612992	97.7641
0.000616009	87.659
0.000619026	78.771
0.000622043	71.0379
0.00062506	64.4594
0.000628077	58.8855
0.000631094	54.296
0.000634111	50.4534
0.000637128	47.2848
0.000640145	44.5288
0.000643162	42.0608
0.000646179	39.6849
0.000649196	37.2619
0.000652213	34.723
0.00065523	31.9681
0.000658247	29.0538
0.000661264	25.9562
0.000664281	22.7982
0.000667298	19.6293
0.000670315	16.564
0.000673332	13.6873
0.000676349	11.0568
0.000679366	8.74579
0.000682383	6.75005
0.0006854	5.1018
0.000688417	3.75896
0.000691434	2.71067
0.000694451	1.90665
0.000697468	1.28999
0.000700485	0.880185
