0.000500379	1.68838e-149
0.00050876	9.40706e-144
0.000517141	3.76282e-143
0.000525522	1.51184e-137
0.000533903	6.10921e-137
0.000542284	1.76978e-131
0.000550665	7.2258e-131
0.000559045	1.50901e-125
0.000567426	6.22609e-125
0.000575807	9.37175e-120
0.000584188	3.90818e-119
0.000592569	4.23942e-114
0.00060095	1.78715e-113
0.00060933	1.39684e-108
0.000617711	5.95355e-108
0.000626092	3.35225e-103
0.000634473	1.44484e-102
0.000642854	5.85972e-98
0.000651235	2.5544e-97
0.000659615	7.46046e-93
0.000667996	3.28994e-92
0.000676377	6.91833e-88
0.000684758	3.08683e-87
0.000693139	4.67284e-83
0.00070152	2.10992e-82
0.0007099	2.29882e-78
0.000718281	1.05062e-77
0.000726662	8.23703e-74
0.000735043	3.8111e-73
0.000743424	2.14971e-69
0.000751805	1.00712e-68
0.000760186	4.08631e-65
0.000768566	1.93883e-64
0.000776947	5.65754e-61
0.000785328	2.7191e-60
0.000793709	5.70523e-57
0.00080209	2.77803e-56
0.000810471	4.19059e-53
0.000818851	2.06763e-52
0.000827232	2.24204e-49
0.000835613	1.12108e-48
0.000843994	8.73761e-46
0.000852375	4.42822e-45
0.000860756	2.48056e-42
0.000869136	1.27423e-41
0.000877517	5.13038e-39
0.000885898	2.67115e-38
0.000894279	7.73112e-36
0.00090266	4.07924e-35
0.000911041	8.48991e-33
0.000919421	4.53834e-32
0.000927802	6.79574e-30
0.000936183	3.67837e-29
0.000944564	3.96637e-27
0.000952945	2.17201e-26
0.000961326	1.68882e-24
0.000969707	9.3439e-24
0.000978087	5.24925e-22
0.000986468	2.92866e-21
0.000994849	1.19219e-19
0.00100323	6.68818e-19
0.00101161	1.98098e-17
0.00101999	1.11295e-16
0.00102837	2.41236e-15
0.00103675	1.34965e-14
0.00104513	2.15777e-13
0.00105351	1.1929e-12
0.0010619	1.42166e-11
0.00107028	7.68638e-11
0.00107866	6.92299e-10
0.00108704	3.61163e-09
0.00109542	2.50134e-08
0.0011038	1.23803e-07
0.00111218	6.73212e-07
0.00112056	3.09783e-06
0.00112894	1.35446e-05
0.00113732	5.66294e-05
0.0011457	0.000204215
0.00115409	0.000757126
0.00116247	0.00230931
0.00117085	0.00741493
0.00117923	0.0195661
0.00118761	0.0533069
0.00119599	0.12388
0.00120437	0.282179
0.00121275	0.602701
0.00122113	1.14731
0.00122951	2.09882
0.00123789	3.45133
0.00124627	5.30474
0.00125466	7.64381
0.00126304	10.2661
0.00127142	13.1796
0.0012798	16.3126
0.00128818	19.6899
0.00129656	24.0042
0.00130494	29.2553
0.00131332	36.327
0.0013217	45.2039
0.00133008	55.8909
0.00133846	68.3875
0.00134684	82.5887
0.00135523	98.4835
0.00136361	117.322
0.00137199	139.086
0.00138037	165.622
0.00138875	196.947
0.00139713	233.921
0.00140551	276.562
0.00141389	325.148
0.00142227	379.64
0.00143065	441.185
0.00143903	509.712
0.00144741	587.615
0.0014558	674.897
0.00146418	774.038
0.00147256	885.258
0.00148094	1008.37
0.00148932	1143.82
0.0014977	1286.18
0.00150608	1435.59
0.00151446	1584.54
0.00152284	1732.32
0.00153122	1877.71
0.0015396	2019.92
0.00154798	2164.75
0.00155637	2312.76
0.00156475	2465.51
0.00157313	2624.36
0.00158151	2780.38
0.00158989	2933.71
0.00159827	3073.08
0.00160665	3197.26
0.00161503	3301.05
0.00162341	3383.52
0.00163179	3443.56
0.00164017	3482.2
0.00164855	3490.15
0.00165694	3473.43
0.00166532	3434.76
0.0016737	3359.19
0.00168208	3259.57
0.00169046	3136.42
0.00169884	3008.29
0.00170722	2877.59
0.0017156	2758.54
0.00172398	2656.55
0.00173236	2565.51
0.00174074	2487.75
0.00174912	2406.16
0.00175751	2317.37
0.00176589	2213.7
0.00177427	2090.16
0.00178265	1956.34
0.00179103	1811.39
0.00179941	1671.01
0.00180779	1539.55
0.00181617	1422.18
0.00182455	1323.34
0.00183293	1235.31
0.00184131	1157.82
0.00184969	1082.32
0.00185808	1005.58
0.00186646	926.029
0.00187484	841.707
0.00188322	755.282
0.0018916	666.838
0.00189998	579.31
0.00190836	493.438
0.00191674	411.89
0.00192512	335.548
0.0019335	266.775
0.00194188	206.81
0.00195026	156.374
0.00195865	116.628
0.00196703	85.7692
0.00197541	63.8377
0.00198379	47.9246
0.00199217	36.8213
0.00200055	28.6874
0.00200893	22.1736
0.00201731	16.9422
0.00202569	12.3852
0.00203407	8.65624
0.00204245	5.72048
0.00205083	3.51171
0.00205922	2.03871
0.0020676	1.08514
0.00207598	0.521781
0.00208436	0.253124
0.00209274	0.105508
0.00210112	0.0437911
0.0021095	0.0162985
0.00211788	0.00557536
0.00212626	0.00189248
0.00213464	0.000520365
0.00214302	0.000164407
0.0021514	3.55181e-05
0.00215979	1.02073e-05
0.00216817	1.77035e-06
