0.000500379	7.84187e-298
0.000510437	2.0986e-288
0.000520494	8.39442e-288
0.000530551	1.49797e-278
0.000540608	6.05317e-278
0.000550665	7.20158e-269
0.000560722	2.94033e-268
0.000570779	2.33187e-259
0.000580836	9.62125e-259
0.000590893	5.08546e-250
0.00060095	2.12074e-249
0.000611007	7.46971e-241
0.000621064	3.14893e-240
0.000631121	7.38963e-232
0.000641178	3.14963e-231
0.000651235	4.92362e-223
0.000661292	2.12215e-222
0.000671349	2.20947e-214
0.000681406	9.6319e-214
0.000691463	6.67774e-206
0.00070152	2.94488e-205
0.000711577	1.35927e-197
0.000721634	6.06517e-197
0.000731691	1.86346e-189
0.000741748	8.41467e-189
0.000751806	1.72053e-181
0.000761863	7.86412e-181
0.00077192	1.06988e-173
0.000781977	4.95087e-173
0.000792034	4.48058e-166
0.000802091	2.09958e-165
0.000812148	1.26373e-158
0.000822205	5.9979e-158
0.000832262	2.40048e-151
0.000842319	1.15421e-150
0.000852376	3.07085e-144
0.000862433	1.49619e-143
0.00087249	2.64566e-137
0.000882547	1.3065e-136
0.000892604	1.53504e-130
0.000902661	7.68502e-130
0.000912718	5.99809e-124
0.000922775	3.04508e-123
0.000932832	1.57838e-117
0.000942889	8.1277e-117
0.000952946	2.79712e-111
0.000963003	1.46135e-110
0.00097306	3.33817e-105
0.000983117	1.76992e-104
0.000993175	2.68287e-99
0.00100323	1.44401e-98
0.00101329	1.45205e-93
0.00102335	7.93602e-93
0.0010334	5.29233e-88
0.00104346	2.93798e-87
0.00105352	1.29896e-82
0.00106357	7.32672e-82
0.00107363	2.14697e-77
0.00108369	1.23079e-76
0.00109374	2.38962e-72
0.0011038	1.39275e-71
0.00111386	1.79104e-67
0.00112392	1.06163e-66
0.00113397	9.03972e-63
0.00114403	5.45117e-62
0.00115409	3.07238e-58
0.00116414	1.88546e-57
0.0011742	7.03184e-54
0.00118426	4.39299e-53
0.00119432	1.08379e-49
0.00120437	6.8947e-49
0.00121443	1.1249e-45
0.00122449	7.28929e-45
0.00123454	7.86328e-42
0.0012446	5.19123e-41
0.00125466	3.70213e-38
0.00126471	2.49042e-37
0.00127477	1.17415e-34
0.00128483	8.04815e-34
0.00129489	2.50912e-31
0.00130494	1.75205e-30
0.001315	3.61417e-28
0.00132506	2.56938e-27
0.00133511	3.51101e-25
0.00134517	2.5384e-24
0.00135523	2.30237e-22
0.00136529	1.6895e-21
0.00137534	1.02051e-19
0.0013854	7.57628e-19
0.00139546	3.06353e-17
0.00140551	2.28929e-16
0.00141557	6.24667e-15
0.00142563	4.66197e-14
0.00143568	8.68711e-13
0.00144574	6.39994e-12
0.0014558	8.28499e-11
0.00146586	5.92517e-10
0.00147591	5.45618e-09
0.00148597	3.70187e-08
0.00149603	2.50047e-07
0.00150608	1.56232e-06
0.00151614	8.03304e-06
0.0015262	4.46091e-05
0.00153625	0.000181864
0.00154631	0.000863865
0.00155637	0.0029065
0.00156643	0.0113905
0.00157648	0.0327299
0.00158654	0.102921
0.0015966	0.258778
0.00160665	0.644228
0.00161671	1.45742
0.00162677	2.932
0.00163683	5.71573
0.00164688	9.78986
0.00165694	15.9905
0.001667	24.2933
0.00167705	35.8463
0.00168711	50.5909
0.00169717	70.5576
0.00170722	95.8807
0.00171728	127.351
0.00172734	165.282
0.0017374	207.337
0.00174745	253.298
0.00175751	302.636
0.00176757	354.616
0.00177762	415.022
0.00178768	483.909
0.00179774	567.398
0.00180779	666.504
0.00181785	781.037
0.00182791	911.699
0.00183797	1054.01
0.00184802	1207.99
0.00185808	1368.14
0.00186814	1533.88
0.00187819	1701.65
0.00188825	1870.14
0.00189831	2042.36
0.00190837	2217.85
0.00191842	2402.84
0.00192848	2599.36
0.00193854	2804.35
0.00194859	3020.91
0.00195865	3228.91
0.00196871	3428.89
0.00197876	3591.26
0.00198882	3717.86
0.00199888	3755.02
0.00200894	3735.52
0.00201899	3687.33
0.00202905	3567.73
0.00203911	3423.79
0.00204916	3271.6
0.00205922	3120.7
0.00206928	2979.5
0.00207933	2838.03
0.00208939	2695.79
0.00209945	2544.8
0.00210951	2379.83
0.00211956	2209.74
0.00212962	2035.14
0.00213968	1864.88
0.00214973	1703.82
0.00215979	1548.13
0.00216985	1398.12
0.00217991	1249.47
0.00218996	1099.13
0.00220002	951.329
0.00221008	805.627
0.00222013	669.419
0.00223019	545.616
0.00224025	437.465
0.0022503	348.395
0.00226036	274.7
0.00227042	216.469
0.00228048	168.579
0.00229053	128.112
0.00230059	94.6597
0.00231065	66.9743
0.0023207	45.9948
0.00233076	31.6526
0.00234082	25.1724
0.00235088	23.3577
0.00236093	22.8125
0.00237099	23.2672
0.00238105	23.6356
0.0023911	21.7682
0.00240116	18.3398
0.00241122	14.0887
0.00242127	9.78262
0.00243133	6.28463
0.00244139	3.52999
0.00245145	1.82331
0.0024615	0.86352
0.00247156	0.354939
0.00248162	0.143122
0.00249167	0.0477787
0.00250173	0.0159977
