0.000500379	5.62061e-22
0.000506246	4.85271e-21
0.000512113	1.77247e-20
0.000517979	1.40727e-19
0.000523846	4.96469e-19
0.000529712	3.53274e-18
0.000535579	1.23527e-17
0.000541445	7.89669e-17
0.000547312	2.73046e-16
0.000553178	1.57229e-15
0.000559045	5.36248e-15
0.000564911	2.78957e-14
0.000570778	9.35867e-14
0.000576644	4.41197e-13
0.000582511	1.45163e-12
0.000588378	6.22301e-12
0.000594244	2.00161e-11
0.000600111	7.83121e-11
0.000605977	2.45409e-10
0.000611844	8.79654e-10
0.00061771	2.67615e-09
0.000623577	8.82366e-09
0.000629443	2.59653e-08
0.00063531	7.9076e-08
0.000641176	2.2424e-07
0.000647043	6.33447e-07
0.000652909	1.72458e-06
0.000658776	4.538e-06
0.000664643	1.18184e-05
0.000670509	2.90897e-05
0.000676376	7.2217e-05
0.000682242	0.00016695
0.000688109	0.000393813
0.000693975	0.000858379
0.000699842	0.00191838
0.000705708	0.00395671
0.000711575	0.00835747
0.000717441	0.0163648
0.000723308	0.0326058
0.000729174	0.0608009
0.000735041	0.114105
0.000740908	0.207359
0.000746774	0.362572
0.000752641	0.625361
0.000758507	1.0349
0.000764374	1.69318
0.00077024	2.66018
0.000776107	4.12856
0.000781973	6.17215
0.00078784	9.09379
0.000793706	12.9591
0.000799573	18.15
0.000805439	24.6905
0.000811306	32.9294
0.000817173	42.8209
0.000823039	54.4999
0.000828906	67.8512
0.000834772	82.627
0.000840639	98.6841
0.000846505	115.362
0.000852372	132.555
0.000858238	149.38
0.000864105	165.825
0.000869971	181.15
0.000875838	195.44
0.000881704	208.461
0.000887571	220.355
0.000893438	231.559
0.000899304	242.213
0.000905171	253.325
0.000911037	264.989
0.000916904	278.493
0.00092277	293.868
0.000928637	312.339
0.000934503	333.879
0.00094037	359.355
0.000946236	388.706
0.000952103	422.257
0.000957969	459.945
0.000963836	501.558
0.000969703	547.06
0.000975569	595.947
0.000981436	648.231
0.000987302	703.552
0.000993169	761.964
0.000999035	823.691
0.0010049	888.798
0.00101077	958.27
0.00101663	1032.14
0.0010225	1111.87
0.00102837	1197.45
0.00103423	1290.12
0.0010401	1389.82
0.00104597	1496.63
0.00105183	1610.5
0.0010577	1729.64
0.00106357	1854.01
0.00106943	1979.9
0.0010753	2107.31
0.00108117	2231.45
0.00108703	2352.36
0.0010929	2465.83
0.00109877	2571.87
0.00110463	2668.48
0.0011105	2755.62
0.00111637	2834.12
0.00112223	2903.92
0.0011281	2967.91
0.00113397	3026.06
0.00113983	3081.55
0.0011457	3134.46
0.00115157	3186.43
0.00115743	3237.63
0.0011633	3287.13
0.00116916	3335.11
0.00117503	3378.12
0.0011809	3416.27
0.00118676	3444.85
0.00119263	3464.02
0.0011985	3466.83
0.00120436	3455.9
0.00121023	3431.82
0.0012161	3387
0.00122196	3325.72
0.00122783	3248.3
0.0012337	3158.02
0.00123956	3054.71
0.00124543	2944.26
0.0012513	2826.77
0.00125716	2708.47
0.00126303	2589.74
0.0012689	2475.58
0.00127476	2366.56
0.00128063	2265.35
0.0012865	2172.53
0.00129236	2088.11
0.00129823	2012.5
0.0013041	1943.44
0.00130996	1881.04
0.00131583	1821.77
0.00132169	1765.41
0.00132756	1708.49
0.00133343	1650.5
0.00133929	1589.25
0.00134516	1524.13
0.00135103	1454.92
0.00135689	1381.17
0.00136276	1304.37
0.00136863	1224.44
0.00137449	1143.67
0.00138036	1062.33
0.00138623	982.393
0.00139209	904.316
0.00139796	829.229
0.00140383	757.505
0.00140969	689.573
0.00141556	625.63
0.00142143	565.779
0.00142729	510.107
0.00143316	458.558
0.00143903	411.192
0.00144489	367.718
0.00145076	328.156
0.00145663	291.952
0.00146249	259.019
0.00146836	228.739
0.00147422	200.913
0.00148009	175.149
0.00148596	151.232
0.00149182	129.111
0.00149769	108.679
0.00150356	90.0808
0.00150942	73.3445
0.00151529	58.5666
0.00152116	45.8342
0.00152702	35.0434
0.00153289	26.2335
0.00153876	19.1205
0.00154462	13.6407
0.00155049	9.45111
0.00155636	6.40499
0.00156222	4.21271
0.00156809	2.70338
0.00157396	1.68783
0.00157982	1.02186
0.00158569	0.606435
0.00159156	0.344806
0.00159742	0.195076
0.00160329	0.102579
0.00160916	0.056294
0.00161502	0.0278869
0.00162089	0.014511
0.00162675	0.0068097
0.00163262	0.00333669
0.00163849	0.00148796
0.00164435	0.000683894
0.00165022	0.000290798
0.00165609	0.000124866
0.00166195	4.64405e-05
0.00166782	2.02987e-05
