0.000500379	2.746e-275
0.000510437	1.66831e-266
0.000520494	6.67323e-266
0.000530551	2.7595e-257
0.000540608	1.11509e-256
0.000550665	3.13801e-248
0.000560722	1.28122e-247
0.000570779	2.45329e-239
0.000580836	1.01222e-238
0.000590893	1.31859e-230
0.00060095	5.49878e-230
0.000611007	4.87233e-222
0.000621064	2.05398e-221
0.000631121	1.23773e-213
0.000641178	5.27549e-213
0.000651235	2.16161e-205
0.000661292	9.31686e-205
0.000671349	2.59531e-197
0.000681406	1.13139e-196
0.000691463	2.1422e-189
0.00070152	9.44708e-189
0.000711577	1.21558e-181
0.000721634	5.424e-181
0.000731691	4.74202e-174
0.000741748	2.14132e-173
0.000751806	1.27173e-166
0.000761863	5.81274e-166
0.00077192	2.34463e-159
0.000781977	1.08498e-158
0.000792034	2.97169e-152
0.000802091	1.39252e-151
0.000812148	2.58928e-145
0.000822205	1.22892e-144
0.000832262	1.55095e-138
0.000842319	7.45735e-138
0.000852376	6.38647e-132
0.000862433	3.11164e-131
0.00087249	1.80786e-125
0.000882547	8.92769e-125
0.000892604	3.51811e-119
0.000902661	1.7613e-118
0.000912718	4.70645e-113
0.000922775	2.38933e-112
0.000932832	4.32828e-107
0.000942889	2.22879e-106
0.000952946	2.73638e-101
0.000963003	1.4296e-100
0.00097306	1.18926e-95
0.000983117	6.30548e-95
0.000993175	3.55318e-90
0.00100323	1.91241e-89
0.00101329	7.29793e-85
0.00102335	3.98852e-84
0.0010334	1.03045e-79
0.00104346	5.72025e-79
0.00105352	1.00025e-74
0.00106357	5.64156e-74
0.00107363	6.67493e-70
0.00108369	3.82624e-69
0.00109374	3.06234e-65
0.0011038	1.78463e-64
0.00111386	9.65921e-61
0.00112392	5.7245e-60
0.00113397	2.09474e-56
0.00114403	1.26287e-55
0.00115409	3.12351e-52
0.00116414	1.91615e-51
0.0011742	3.2027e-48
0.00118426	1.99974e-47
0.00119432	2.25836e-44
0.00120437	1.43556e-43
0.00121443	1.09532e-40
0.00122449	7.08931e-40
0.00123454	3.65463e-37
0.0012446	2.40859e-36
0.00125466	8.39124e-34
0.00126471	5.63052e-33
0.00127477	1.32636e-30
0.00128483	9.05774e-30
0.00129489	1.4441e-27
0.00130494	1.00288e-26
0.001315	1.08386e-24
0.00132506	7.64407e-24
0.00133511	5.61422e-22
0.00134517	4.01195e-21
0.00135523	2.01021e-19
0.00136529	1.45037e-18
0.00137534	4.9867e-17
0.0013854	3.61293e-16
0.00139546	8.5973e-15
0.00140551	6.20468e-14
0.00141557	1.03445e-12
0.00142563	7.35084e-12
0.00143568	8.73383e-11
0.00144574	6.01292e-10
0.0014558	5.20792e-09
0.00146586	3.39995e-08
0.00147591	2.20887e-07
0.00148597	1.33108e-06
0.00149603	6.70881e-06
0.00150608	3.61647e-05
0.00151614	0.000146662
0.0015262	0.000684195
0.00153625	0.00231379
0.00154631	0.00905828
0.00155637	0.0263495
0.00156643	0.0845413
0.00157648	0.216456
0.00158654	0.562231
0.0015966	1.28405
0.00160665	2.70555
0.00161671	5.69017
0.00162677	10.2139
0.00163683	17.5986
0.00164688	27.898
0.00165694	41.6032
0.001667	58.8048
0.00167705	78.7915
0.00168711	101.538
0.00169717	126.585
0.00170722	153.702
0.00171728	184.851
0.00172734	219.743
0.0017374	263.378
0.00174745	315.808
0.00175751	382.348
0.00176757	463.781
0.00177762	559.77
0.00178768	671.275
0.00179774	790.49
0.00180779	917.119
0.00181785	1044.46
0.00182791	1171.44
0.00183797	1297.4
0.00184802	1422.29
0.00185808	1544.51
0.00186814	1663.76
0.00187819	1779.46
0.00188825	1889.84
0.00189831	2005.28
0.00190837	2126.31
0.00191842	2263.08
0.00192848	2419.32
0.00193854	2588.07
0.00194859	2771.12
0.00195865	2951.31
0.00196871	3127.75
0.00197876	3282.08
0.00198882	3418.08
0.00199888	3487.17
0.00200894	3512.01
0.00201899	3513.71
0.00202905	3435.01
0.00203911	3315.61
0.00204916	3169.34
0.00205922	3014.81
0.00206928	2860.81
0.00207933	2709.01
0.00208939	2564.31
0.00209945	2414.47
0.00210951	2255.89
0.00211956	2087.06
0.00212962	1902.53
0.00213968	1720.17
0.00214973	1543.01
0.00215979	1386.46
0.00216985	1260.21
0.00217991	1155.75
0.00218996	1075.58
0.00220002	1001.56
0.00221008	926.071
0.00222013	845.588
0.00223019	754.536
0.00224025	660.712
0.0022503	565.672
0.00226036	474.701
0.00227042	390.8
0.00228048	315.334
0.00229053	249.998
0.00230059	194.234
0.00231065	148.675
0.0023207	111.36
0.00233076	81.5851
0.00234082	57.9299
0.00235088	39.4385
0.00236093	25.4525
0.00237099	15.5139
0.00238105	8.73371
0.0023911	4.5142
0.00240116	2.2334
0.00241122	0.959092
0.00242127	0.414483
0.00243133	0.156215
0.00244139	0.0546758
0.00245145	0.0185404
0.0024615	0.00508018
0.00247156	0.00158916
0.00248162	0.000330514
0.00249167	9.38733e-05
0.00250173	1.4993e-05
