3.33898e-05	267.619
3.48982e-05	283.461
3.64066e-05	302.605
3.7915e-05	325.135
3.94234e-05	350.806
4.09318e-05	379.387
4.24402e-05	410.879
4.39487e-05	445.135
4.54571e-05	482.328
4.69655e-05	522.501
4.84739e-05	565.948
4.99823e-05	612.932
5.14907e-05	663.77
5.29991e-05	718.889
5.45076e-05	778.538
5.6016e-05	843.181
5.75244e-05	912.942
5.90328e-05	988.193
6.05412e-05	1068.93
6.20496e-05	1155.34
6.3558e-05	1247.35
6.50665e-05	1344.96
6.65749e-05	1448.07
6.80833e-05	1556.57
6.95917e-05	1670.42
7.11001e-05	1789.48
7.26085e-05	1913.77
7.41169e-05	2043.23
7.56253e-05	2177.89
7.71338e-05	2317.78
7.86422e-05	2462.9
8.01506e-05	2613.32
8.1659e-05	2768.96
8.31674e-05	2929.79
8.46758e-05	3095.68
8.61842e-05	3266.41
8.76927e-05	3441.77
8.92011e-05	3621.33
9.07095e-05	3804.83
9.22179e-05	3991.59
9.37263e-05	4181.32
9.52347e-05	4373.11
9.67431e-05	4566.64
9.82516e-05	4760.75
9.976e-05	4955.08
0.000101268	5148.22
0.000102777	5339.8
0.000104285	5528.13
0.000105794	5712.92
0.000107302	5892.31
0.00010881	6066.12
0.000110319	6232.61
0.000111827	6391.73
0.000113336	6542.19
0.000114844	6684.12
0.000116353	6816.99
0.000117861	6941.04
0.000119369	7056.69
0.000120878	7164.2
0.000122386	7264.82
0.000123895	7358.75
0.000125403	7447.69
0.000126911	7531.72
0.00012842	7612.45
0.000129928	7689.85
0.000131437	7764.96
0.000132945	7837.65
0.000134453	7908.12
0.000135962	7976.21
0.00013747	8041.32
0.000138979	8103.32
0.000140487	8161.07
0.000141996	8214.5
0.000143504	8262.29
0.000145012	8304.42
0.000146521	8339.71
0.000148029	8368.15
0.000149538	8389.46
0.000151046	8402.94
0.000152554	8403.71
0.000154063	8399.89
0.000155571	8389.94
0.00015708	8366
0.000158588	8333.25
0.000160097	8291.19
0.000161605	8239.18
0.000163113	8177.24
0.000164622	8105.62
0.00016613	8024.35
0.000167639	7934.33
0.000169147	7835.58
0.000170655	7729.62
0.000172164	7616.45
0.000173672	7497.91
0.000175181	7373.98
0.000176689	7246.41
0.000178197	7115.16
0.000179706	6981.47
0.000181214	6845.3
0.000182723	6707.15
0.000184231	6567
0.00018574	6424.63
0.000187248	6280.03
0.000188756	6132.51
0.000190265	5982.09
0.000191773	5827.98
0.000193282	5670.19
0.00019479	5508.2
0.000196298	5342
0.000197807	5171.63
0.000199315	4997.06
0.000200824	4819
0.000202332	4637.41
0.000203841	4453.7
0.000205349	4267.82
0.000206857	4081.71
0.000208366	3895.37
0.000209874	3711
0.000211383	3528.62
0.000212891	3350.37
0.000214399	3176.3
0.000215908	3008.05
0.000217416	2845.75
0.000218925	2690.26
0.000220433	2541.7
0.000221941	2400.09
0.00022345	2265.52
0.000224958	2137.31
0.000226467	2015.5
0.000227975	1899.04
0.000229484	1787.92
0.000230992	1681.18
0.0002325	1578.74
0.000234009	1480.1
0.000235517	1385.14
0.000237026	1293.93
0.000238534	1206.4
0.000240042	1123.07
0.000241551	1043.92
0.000243059	969.627
0.000244568	900.254
0.000246076	836.241
0.000247585	777.717
0.000249093	724.637
0.000250601	677.117
0.00025211	634.556
0.000253618	597
0.000255127	563.397
0.000256635	533.691
0.000258143	506.629
0.000259652	482.05
0.00026116	458.792
0.000262669	436.622
0.000264177	414.704
0.000265685	392.795
0.000267194	370.502
0.000268702	347.633
0.000270211	324.228
0.000271719	300.188
0.000273228	275.873
0.000274736	251.289
0.000276244	226.946
0.000277753	202.941
0.000279261	179.77
0.00028077	157.581
0.000282278	136.736
0.000283786	117.388
0.000285295	99.7161
0.000286803	83.8361
0.000288312	69.7531
0.00028982	57.5254
0.000291329	47.0334
0.000292837	38.2754
0.000294345	31.0716
0.000295854	25.3736
0.000297362	20.9937
0.000298871	17.7749
0.000300379	15.8562
0.000301887	14.9001
0.000303396	14.6302
0.000304904	15.2792
0.000306413	16.6812
0.000307921	18.7039
0.000309429	21.2641
0.000310938	24.3098
0.000312446	27.7089
0.000313955	31.3999
0.000315463	35.2284
0.000316972	39.1123
0.00031848	42.8888
0.000319988	46.4529
0.000321497	49.6606
0.000323005	52.394
0.000324514	54.5573
0.000326022	56.1433
0.00032753	56.8117
0.000329039	56.6266
0.000330547	56.0856
0.000332056	54.7215
0.000333564	52.4542
