0.000100103	1.20777e-05
0.00010312	2.30805e-05
0.000106137	5.60891e-05
0.000109154	0.000113232
0.000112171	0.000240076
0.000115188	0.000464073
0.000118205	0.000947357
0.000121222	0.00175703
0.000124239	0.00344769
0.000127256	0.00614685
0.000130273	0.0115765
0.00013329	0.0202296
0.000136307	0.0359675
0.000139324	0.0609038
0.000142341	0.103258
0.000145358	0.169006
0.000148375	0.274069
0.000151392	0.432912
0.000154408	0.673084
0.000157425	1.0251
0.000160442	1.53118
0.000163459	2.24765
0.000166476	3.23121
0.000169493	4.57264
0.00017251	6.33752
0.000175527	8.65292
0.000178544	11.5823
0.000181561	15.278
0.000184578	19.7888
0.000187595	25.2682
0.000190612	31.7423
0.000193629	39.3361
0.000196646	48.0566
0.000199663	57.9816
0.00020268	69.114
0.000205697	81.4928
0.000208714	95.1363
0.000211731	110.084
0.000214748	126.384
0.000217765	144.133
0.000220782	163.407
0.000223799	184.406
0.000226816	207.22
0.000229833	232.158
0.00023285	259.299
0.000235867	289.017
0.000238884	321.353
0.000241901	356.652
0.000244918	394.904
0.000247935	436.32
0.000250952	480.84
0.000253969	528.459
0.000256986	579.093
0.000260003	632.506
0.00026302	688.616
0.000266037	747.015
0.000269054	807.636
0.000272071	869.985
0.000275088	934.013
0.000278105	999.207
0.000281122	1065.53
0.000284139	1132.5
0.000287156	1200.11
0.000290173	1267.97
0.00029319	1336.12
0.000296207	1404.47
0.000299224	1473.13
0.000302241	1542.54
0.000305258	1612.87
0.000308275	1685.29
0.000311292	1759.95
0.000314309	1838.65
0.000317326	1921.44
0.000320343	2010.21
0.00032336	2104.89
0.000326377	2206.69
0.000329394	2315.41
0.000332411	2430.9
0.000335428	2552.92
0.000338445	2679.71
0.000341462	2811.1
0.000344479	2944.15
0.000347496	3078.84
0.000350513	3212.1
0.00035353	3344.01
0.000356547	3472.52
0.000359564	3597.78
0.000362581	3719.48
0.000365598	3837.74
0.000368615	3953.92
0.000371632	4068.05
0.000374649	4182.14
0.000377666	4296.12
0.000380683	4411.22
0.0003837	4527.36
0.000386717	4643.78
0.000389734	4760.43
0.000392751	4874.32
0.000395768	4985.43
0.000398785	5089.36
0.000401802	5186.11
0.000404819	5271.35
0.000407836	5345.07
0.000410853	5404.45
0.00041387	5449.46
0.000416887	5479.65
0.000419904	5495
0.000422921	5495.75
0.000425938	5483.96
0.000428955	5461.1
0.000431972	5427.08
0.000434989	5384.61
0.000438006	5333.75
0.000441023	5276.32
0.00044404	5212.39
0.000447057	5142.92
0.000450074	5067.97
0.000453091	4988
0.000456108	4903.03
0.000459125	4813.4
0.000462142	4719.11
0.000465159	4620.62
0.000468176	4517.91
0.000471193	4411.48
0.00047421	4301.36
0.000477227	4187.98
0.000480244	4071.36
0.000483261	3951.84
0.000486278	3829.43
0.000489295	3704.42
0.000492312	3576.81
0.000495329	3446.86
0.000498346	3314.58
0.000501363	3180.21
0.00050438	3043.74
0.000507397	2905.36
0.000510414	2765.08
0.000513431	2623.2
0.000516448	2479.68
0.000519465	2335.25
0.000522482	2189.85
0.000525499	2044.94
0.000528516	1900.47
0.000531533	1758.65
0.00053455	1619.58
0.000537567	1485.81
0.000540584	1357.65
0.000543601	1237.38
0.000546618	1125.45
0.000549635	1023.2
0.000552652	931.127
0.000555669	849.226
0.000558686	777.844
0.000561703	715.723
0.00056472	662.93
0.000567737	617.393
0.000570754	578.867
0.000573771	545.11
0.000576788	515.641
0.000579805	488.621
0.000582822	463.488
0.000585839	439.125
0.000588856	415.048
0.000591873	390.883
0.00059489	366.333
0.000597907	341.552
0.000600924	316.453
0.000603941	291.426
0.000606958	266.539
0.000609975	242.176
0.000612992	218.476
0.000616009	195.703
0.000619026	173.988
0.000622043	153.475
0.00062506	134.255
0.000628077	116.391
0.000631094	99.9362
0.000634111	84.9095
0.000637128	71.3412
0.000640145	59.2046
0.000643162	48.514
0.000646179	39.1882
0.000649196	31.2168
0.000652213	24.466
0.00065523	18.8908
0.000658247	14.3273
0.000661264	10.6954
0.000664281	7.83405
0.000667298	5.64159
0.000670315	3.98568
0.000673332	2.76317
0.000676349	1.88172
0.000679366	1.25337
0.000682383	0.822807
0.0006854	0.52543
0.000688417	0.332748
0.000691434	0.203232
0.000694451	0.124329
0.000697468	0.0676407
0.000700485	0.0428924
