0.000500379	1.44741e-124
0.00050876	4.11268e-120
0.000517141	1.64503e-119
0.000525522	3.63943e-115
0.000533903	1.4706e-114
0.000542284	2.53287e-110
0.000550665	1.03408e-109
0.000559045	1.38634e-105
0.000567426	5.71958e-105
0.000575807	5.96776e-101
0.000584188	2.48842e-100
0.000592569	2.02039e-96
0.00060095	8.51603e-96
0.00060933	5.3796e-92
0.000617711	2.29251e-91
0.000626092	1.12657e-87
0.000634473	4.85456e-87
0.000642854	1.8555e-83
0.000651235	8.08645e-83
0.000659615	2.40364e-79
0.000667996	1.0596e-78
0.000676377	2.44899e-75
0.000684758	1.0922e-74
0.000693139	1.96254e-71
0.00070152	8.85629e-71
0.0007099	1.23702e-67
0.000718281	5.64926e-67
0.000726662	6.13294e-64
0.000735043	2.83485e-63
0.000743424	2.39171e-60
0.000751805	1.11911e-59
0.000760186	7.33684e-57
0.000768566	3.47555e-56
0.000776947	1.77047e-53
0.000785328	8.49168e-53
0.000793709	3.36104e-50
0.00080209	1.63226e-49
0.000810471	5.01984e-47
0.000818851	2.46841e-46
0.000827232	5.89894e-44
0.000835613	2.93688e-43
0.000843994	5.45473e-41
0.000852375	2.7492e-40
0.000860756	3.96961e-38
0.000869136	2.02481e-37
0.000877517	2.27391e-35
0.000885898	1.17337e-34
0.000894279	1.02553e-32
0.00090266	5.35018e-32
0.000911041	3.64246e-30
0.000919421	1.91954e-29
0.000927802	1.01924e-27
0.000936183	5.41926e-27
0.000944564	2.248e-25
0.000952945	1.20396e-24
0.000961326	3.91034e-23
0.000969707	2.10493e-22
0.000978087	5.36851e-21
0.000986468	2.8963e-20
0.000994849	5.8226e-19
0.00100323	3.13662e-18
0.00101161	4.99454e-17
0.00101999	2.67383e-16
0.00102837	3.39294e-15
0.00103675	1.79437e-14
0.00104513	1.82828e-13
0.00105351	9.48108e-13
0.0010619	7.82818e-12
0.00107028	3.94508e-11
0.00107866	2.66838e-10
0.00108704	1.29304e-09
0.00109542	7.25482e-09
0.0011038	3.3393e-08
0.00111218	1.57598e-07
0.00112056	6.79767e-07
0.00112894	2.73922e-06
0.00113732	1.09129e-05
0.0011457	3.81269e-05
0.00115409	0.00013825
0.00116247	0.00042507
0.00117085	0.0013832
0.00117923	0.00379402
0.00118761	0.0109403
0.00119599	0.0270805
0.00120437	0.0684924
0.00121275	0.154324
0.00122113	0.339951
0.00122951	0.710574
0.00123789	1.36332
0.00124627	2.60195
0.00125466	4.43449
0.00126304	7.33473
0.00127142	11.2863
0.0012798	16.46
0.00128818	22.8317
0.00129656	29.8613
0.00130494	37.5486
0.00131332	45.1249
0.0013217	52.6106
0.00133008	60.4845
0.00133846	68.746
0.00134684	79.9867
0.00135523	94.1818
0.00136361	114.701
0.00137199	141.56
0.00138037	176.068
0.00138875	218.323
0.00139713	265.929
0.00140551	318.969
0.00141389	373.184
0.00142227	428.473
0.00143065	483.005
0.00143903	536.511
0.00144741	591.893
0.0014558	648.985
0.00146418	713.061
0.00147256	784.276
0.00148094	865.986
0.00148932	958.587
0.0014977	1061.15
0.00150608	1174.06
0.00151446	1292.39
0.00152284	1416.15
0.00153122	1539.66
0.0015396	1662.27
0.00154798	1783.26
0.00155637	1901.77
0.00156475	2024.18
0.00157313	2150.69
0.00158151	2287.1
0.00158989	2435.06
0.00159827	2589.39
0.00160665	2751.44
0.00161503	2905.9
0.00162341	3051.95
0.00163179	3176.29
0.00164017	3276.48
0.00164855	3350.91
0.00165694	3401.2
0.00166532	3413.44
0.0016737	3412.07
0.00168208	3407.35
0.00169046	3378.46
0.00169884	3335.78
0.00170722	3284.16
0.0017156	3217.66
0.00172398	3135.8
0.00173236	3036.29
0.00174074	2917.45
0.00174912	2784.15
0.00175751	2635.8
0.00176589	2481.65
0.00177427	2323.05
0.00178265	2167.67
0.00179103	2017.53
0.00179941	1876.54
0.00180779	1746.49
0.00181617	1627.22
0.00182455	1520.11
0.00183293	1420.23
0.00184131	1327.45
0.00184969	1234.95
0.00185808	1140.34
0.00186646	1041.59
0.00187484	936.086
0.00188322	829.049
0.0018916	720.681
0.00189998	617.645
0.00190836	522.673
0.00191674	437.679
0.00192512	364.771
0.0019335	301.744
0.00194188	248.517
0.00195026	202.805
0.00195865	163.572
0.00196703	129.978
0.00197541	101.386
0.00198379	77.4924
0.00199217	58.0878
0.00200055	42.7236
0.00200893	31.2303
0.00201731	23.0353
0.00202569	17.396
0.00203407	15.4265
0.00204245	15.4492
0.00205083	15.5198
0.00205922	17.0984
0.0020676	19.1368
0.00207598	20.4991
0.00208436	21.1134
0.00209274	20.4731
0.00210112	18.9067
0.0021095	16.3836
0.00211788	13.4263
0.00212626	10.3884
0.00213464	7.52375
0.00214302	5.19073
0.0021514	3.32443
0.00215979	1.98758
0.00216817	1.15869
