0.000500379	1.32686e-17
0.000506246	7.43763e-17
0.000512113	2.577e-16
0.000517979	1.37121e-15
0.000523846	4.49668e-15
0.000529712	2.18342e-14
0.000535579	7.04991e-14
0.000541445	3.1321e-13
0.000547312	9.9316e-13
0.000553178	4.04863e-12
0.000559045	1.25729e-11
0.000564911	4.71696e-11
0.000570778	1.43043e-10
0.000576644	4.95455e-10
0.000582511	1.46272e-09
0.000588378	4.6928e-09
0.000594244	1.34452e-08
0.000600111	4.00902e-08
0.000605977	1.11107e-07
0.000611844	3.0896e-07
0.00061771	8.25556e-07
0.000623577	2.14831e-06
0.000629443	5.51643e-06
0.00063531	1.34797e-05
0.000641176	3.31559e-05
0.000647043	7.63311e-05
0.000652909	0.000179289
0.000658776	0.000390121
0.000664643	0.000872475
0.000670509	0.00179972
0.000676376	0.00382204
0.000682242	0.00749465
0.000688109	0.0150781
0.000693975	0.0281754
0.000699842	0.0535925
0.000705708	0.0973381
0.000711575	0.172994
0.000717441	0.300534
0.000723308	0.504028
0.000729174	0.832362
0.000735041	1.32404
0.000740908	2.07628
0.000746774	3.13939
0.000752641	4.67384
0.000758507	6.7285
0.000764374	9.51615
0.00077024	13.062
0.000776107	17.5743
0.000781973	23.0346
0.00078784	29.5491
0.000793706	37.055
0.000799573	45.4662
0.000805439	54.7035
0.000811306	64.4807
0.000817173	74.7477
0.000823039	85.1376
0.000828906	95.6612
0.000834772	106.075
0.000840639	116.445
0.000846505	126.816
0.000852372	137.271
0.000858238	148.148
0.000864105	159.503
0.000869971	171.807
0.000875838	185.068
0.000881704	199.671
0.000887571	215.592
0.000893438	233.005
0.000899304	251.894
0.000905171	272.289
0.000911037	294.213
0.000916904	317.782
0.00092277	343.068
0.000928637	370.54
0.000934503	400.294
0.00094037	433.303
0.000946236	469.655
0.000952103	510.768
0.000957969	556.688
0.000963836	609.018
0.000969703	667.745
0.000975569	734.242
0.000981436	808.436
0.000987302	890.968
0.000993169	981.716
0.000999035	1080.06
0.0010049	1185.87
0.00101077	1296.9
0.00101663	1413.05
0.0010225	1530.57
0.00102837	1649.42
0.00103423	1765.18
0.0010401	1877.89
0.00104597	1983.78
0.00105183	2082.95
0.0010577	2173.61
0.00106357	2255.83
0.00106943	2330.36
0.0010753	2397.21
0.00108117	2459.14
0.00108703	2516.13
0.0010929	2571.63
0.00109877	2625.63
0.00110463	2680.8
0.0011105	2737.16
0.00111637	2795.58
0.00112223	2856.12
0.0011281	2917.59
0.00113397	2980.06
0.00113983	3040.76
0.0011457	3099.75
0.00115157	3153.49
0.00115743	3202
0.0011633	3242.19
0.00116916	3274.46
0.00117503	3289.55
0.0011809	3295.79
0.00118676	3294.36
0.00119263	3272.49
0.0011985	3236.44
0.00120436	3186.9
0.00121023	3124.88
0.0012161	3050.17
0.00122196	2966.87
0.00122783	2874.92
0.0012337	2779.34
0.00123956	2680.29
0.00124543	2582.19
0.0012513	2485.37
0.00125716	2392.52
0.00126303	2304.02
0.0012689	2220.65
0.00127476	2142.68
0.00128063	2069.5
0.0012865	2001.23
0.00129236	1936.54
0.00129823	1875.4
0.0013041	1816.24
0.00130996	1758.94
0.00131583	1701.99
0.00132169	1645.21
0.00132756	1587.47
0.00133343	1528.54
0.00133929	1467.96
0.00134516	1405.53
0.00135103	1341.52
0.00135689	1275.83
0.00136276	1209.25
0.00136863	1141.82
0.00137449	1074.42
0.00138036	1007.2
0.00138623	940.806
0.00139209	875.397
0.00139796	811.33
0.00140383	748.711
0.00140969	687.743
0.00141556	628.466
0.00142143	571.11
0.00142729	515.691
0.00143316	462.553
0.00143903	411.735
0.00144489	363.662
0.00145076	318.426
0.00145663	276.406
0.00146249	237.74
0.00146836	202.61
0.00147422	171.154
0.00148009	143.262
0.00148596	119.007
0.00149182	98.0109
0.00149769	80.2345
0.00150356	65.1664
0.00150942	52.6602
0.00151529	42.2265
0.00152116	33.6655
0.00152702	26.6038
0.00153289	20.85
0.00153876	16.1549
0.00154462	12.3699
0.00155049	9.33026
0.00155636	6.93079
0.00156222	5.05219
0.00156809	3.61662
0.00157396	2.53261
0.00157982	1.7372
0.00158569	1.16394
0.00159156	0.761303
0.00159742	0.487056
0.00160329	0.302422
0.00160916	0.184728
0.00161502	0.108387
0.00162089	0.0633173
0.00162675	0.0348209
0.00163262	0.01959
0.00163849	0.0100544
0.00164435	0.00546565
0.00165022	0.00266519
0.00165609	0.00137182
0.00166195	0.000575125
0.00166782	0.000309561
