3.33898e-05	1.21807e-18
3.55687e-05	1.0106e-17
3.77476e-05	3.677e-17
3.99264e-05	2.77777e-16
4.21053e-05	9.72756e-16
4.42842e-05	6.5174e-15
4.64631e-05	2.25542e-14
4.8642e-05	1.34422e-13
5.08209e-05	4.58353e-13
5.29998e-05	2.43813e-12
5.51787e-05	8.16508e-12
5.73576e-05	3.89063e-11
5.95365e-05	1.27514e-10
6.17154e-05	5.46442e-10
6.38943e-05	1.74601e-09
6.60732e-05	6.75799e-09
6.82521e-05	2.09652e-08
7.0431e-05	7.3625e-08
7.26099e-05	2.20801e-07
7.47888e-05	7.06884e-07
7.69677e-05	2.04012e-06
7.91465e-05	5.98353e-06
8.13254e-05	1.65421e-05
8.35043e-05	4.467e-05
8.56832e-05	0.00011775
8.78621e-05	0.000294224
9.0041e-05	0.000736162
9.22199e-05	0.0017104
9.43988e-05	0.00404456
9.65777e-05	0.00877882
9.87566e-05	0.0195422
0.000100935	0.0397993
0.000103114	0.0831161
0.000105293	0.159459
0.000107472	0.311549
0.000109651	0.575057
0.00011183	1.03832
0.000114009	1.82305
0.000116188	3.06733
0.000118367	5.06687
0.000120546	8.01769
0.000122724	12.4605
0.000124903	18.6103
0.000127082	27.2524
0.000129261	38.5386
0.00013144	53.3321
0.000133619	71.6437
0.000135798	94.0936
0.000137977	120.544
0.000140156	151.076
0.000142334	185.491
0.000144513	223.302
0.000146692	264.371
0.000148871	307.953
0.00015105	354.031
0.000153229	402.029
0.000155408	451.995
0.000157587	503.711
0.000159766	557.192
0.000161945	612.379
0.000164123	669.219
0.000166302	727.477
0.000168481	787.101
0.00017066	847.655
0.000172839	909.212
0.000175018	971.645
0.000177197	1035.2
0.000179376	1100.8
0.000181555	1168.78
0.000183733	1241.42
0.000185912	1318.99
0.000188091	1404.7
0.00019027	1498.65
0.000192449	1604.07
0.000194628	1720.94
0.000196807	1851.81
0.000198986	1996.58
0.000201165	2156.87
0.000203344	2332.55
0.000205522	2524.16
0.000207701	2731.55
0.00020988	2954.01
0.000212059	3191.38
0.000214238	3441.62
0.000216417	3704.56
0.000218596	3976.68
0.000220775	4257.82
0.000222954	4542.57
0.000225132	4830.78
0.000227311	5114.9
0.00022949	5394.87
0.000231669	5662.04
0.000233848	5916.52
0.000236027	6151.4
0.000238206	6366.89
0.000240385	6560.89
0.000242564	6733.53
0.000244743	6888.34
0.000246921	7025.35
0.0002491	7151.65
0.000251279	7267.19
0.000253458	7379.13
0.000255637	7487.44
0.000257816	7596.2
0.000259995	7705.46
0.000262174	7814.51
0.000264353	7923.5
0.000266531	8027.39
0.00026871	8126.26
0.000270889	8213.51
0.000273068	8289.06
0.000275247	8349.22
0.000277426	8394.64
0.000279605	8410.14
0.000281784	8414.99
0.000283963	8411.88
0.000286142	8378.68
0.00028832	8325.6
0.000290499	8254.18
0.000292678	8159.33
0.000294857	8040.92
0.000297036	7896.82
0.000299215	7726.55
0.000301394	7532.28
0.000303573	7313.53
0.000305752	7077.04
0.00030793	6822.67
0.000310109	6559.2
0.000312288	6286.94
0.000314467	6013.9
0.000316646	5740.65
0.000318825	5473.15
0.000321004	5212.01
0.000323183	4960.91
0.000325362	4720.49
0.00032754	4491.78
0.000329719	4275.35
0.000331898	4069.32
0.000334077	3873.94
0.000336256	3685.37
0.000338435	3503.36
0.000340614	3324.29
0.000342793	3147.5
0.000344972	2971.53
0.000347151	2795.74
0.000349329	2620.9
0.000351508	2446.8
0.000353687	2275.22
0.000355866	2106.3
0.000358045	1941.81
0.000360224	1782
0.000362403	1628.51
0.000364582	1481.56
0.000366761	1342.9
0.000368939	1212.86
0.000371118	1092.89
0.000373297	983.517
0.000375476	885
0.000377655	797.846
0.000379834	720.67
0.000382013	653.593
0.000384192	594.107
0.000386371	541.773
0.00038855	494.127
0.000390728	450.36
0.000392907	409.018
0.000395086	369.321
0.000397265	331.084
0.000399444	293.888
0.000401623	258.399
0.000403802	224.65
0.000405981	193.451
0.00040816	165.133
0.000410338	140.075
0.000412517	118.619
0.000414696	100.54
0.000416875	85.9568
0.000419054	74.2624
0.000421233	65.3014
0.000423412	58.4398
0.000425591	53.3778
0.00042777	49.6479
0.000429949	46.9657
0.000432127	45.0006
0.000434306	43.5357
0.000436485	42.2929
0.000438664	41.0783
0.000440843	39.6854
0.000443022	37.9199
0.000445201	35.7395
0.00044738	33.0101
0.000449559	29.8768
0.000451737	26.3449
0.000453916	22.6441
0.000456095	18.916
0.000458274	15.3332
0.000460453	12.0786
0.000462632	9.19816
0.000464811	6.80711
0.00046699	4.86598
