0.000500379	5.397e-127
0.00050876	2.01419e-122
0.000517141	8.0566e-122
0.000525522	2.32389e-117
0.000533903	9.39034e-117
0.000542284	2.09311e-112
0.000550665	8.54556e-112
0.000559045	1.47173e-107
0.000567426	6.07196e-107
0.000575807	8.0784e-103
0.000584188	3.36858e-102
0.000592569	3.46163e-98
0.00060095	1.45913e-97
0.00060933	1.15796e-93
0.000617711	4.9348e-93
0.000626092	3.02386e-89
0.000634473	1.30309e-88
0.000642854	6.16434e-85
0.000651235	2.68663e-84
0.000659615	9.80994e-81
0.000667996	4.32483e-80
0.000676377	1.21871e-76
0.000684758	5.43573e-76
0.000693139	1.18193e-72
0.00070152	5.33427e-72
0.0007099	8.94835e-69
0.000718281	4.08715e-68
0.000726662	5.28877e-65
0.000735043	2.44508e-64
0.000743424	2.44025e-61
0.000751805	1.14208e-60
0.000760186	8.78995e-58
0.000768566	4.16509e-57
0.000776947	2.47186e-54
0.000785328	1.18599e-53
0.000793709	5.42703e-51
0.00080209	2.63675e-50
0.000810471	9.30295e-48
0.000818851	4.57705e-47
0.000827232	1.24516e-44
0.000835613	6.20345e-44
0.000843994	1.30142e-41
0.000852375	6.56468e-41
0.000860756	1.0623e-38
0.000869136	5.42411e-38
0.000877517	6.77292e-36
0.000885898	3.49931e-35
0.000894279	3.37362e-33
0.00090266	1.7627e-32
0.000911041	1.31318e-30
0.000919421	6.93304e-30
0.000927802	3.99586e-28
0.000936183	2.12924e-27
0.000944564	9.5094e-26
0.000952945	5.10616e-25
0.000961326	1.77096e-23
0.000969707	9.56195e-23
0.000978087	2.58286e-21
0.000986468	1.3983e-20
0.000994849	2.95284e-19
0.00100323	1.59692e-18
0.00101161	2.64931e-17
0.00101999	1.42438e-16
0.00102837	1.86807e-15
0.00103675	9.92385e-15
0.00104513	1.03691e-13
0.00105351	5.40137e-13
0.0010619	4.53941e-12
0.00107028	2.2971e-11
0.00107866	1.57054e-10
0.00108704	7.6351e-10
0.00109542	4.30313e-09
0.0011038	1.98405e-08
0.00111218	9.35481e-08
0.00112056	4.03256e-07
0.00112894	1.61611e-06
0.00113732	6.41433e-06
0.0011457	2.22084e-05
0.00115409	7.99093e-05
0.00116247	0.00024283
0.00117085	0.000780487
0.00117923	0.00211178
0.00118761	0.00598494
0.00119599	0.0145927
0.00120437	0.0361006
0.00121275	0.0800298
0.00122113	0.171755
0.00122951	0.355249
0.00123789	0.664102
0.00124627	1.2286
0.00125466	2.05082
0.00126304	3.30705
0.00127142	4.99121
0.0012798	7.16076
0.00128818	9.80932
0.00129656	12.8005
0.00130494	16.1366
0.00131332	19.7215
0.0013217	23.5619
0.00133008	28.0637
0.00133846	33.225
0.00134684	40.2343
0.00135523	49.0788
0.00136361	61.4476
0.00137199	77.3368
0.00138037	98.0322
0.00138875	123.553
0.00139713	154.18
0.00140551	189.91
0.00141389	231.006
0.00142227	277.421
0.00143065	330.519
0.00143903	390.353
0.00144741	457.401
0.0014558	531.922
0.00146418	610.434
0.00147256	693.086
0.00148094	774.291
0.00148932	853.741
0.0014977	929.282
0.00150608	1000.45
0.00151446	1069.8
0.00152284	1137.28
0.00153122	1205.94
0.0015396	1276.03
0.00154798	1348.55
0.00155637	1423.51
0.00156475	1502.18
0.00157313	1584.37
0.00158151	1673.45
0.00158989	1769.74
0.00159827	1874.93
0.00160665	1990.06
0.00161503	2109.88
0.00162341	2235.15
0.00163179	2354.48
0.00164017	2467.22
0.00164855	2562.91
0.00165694	2639.69
0.00166532	2694.74
0.0016737	2727.88
0.00168208	2735.02
0.00169046	2726.53
0.00169884	2706.98
0.00170722	2672.18
0.0017156	2627.26
0.00172398	2573.81
0.00173236	2511.35
0.00174074	2439.77
0.00174912	2360.2
0.00175751	2272.19
0.00176589	2179.79
0.00177427	2083.58
0.00178265	1986.82
0.00179103	1890.88
0.00179941	1794.91
0.00180779	1699.34
0.00181617	1601.86
0.00182455	1501.48
0.00183293	1399.2
0.00184131	1294.35
0.00184969	1190.89
0.00185808	1089.8
0.00186646	993.311
0.00187484	902.908
0.00188322	817.246
0.0018916	736.413
0.00189998	658.784
0.00190836	583.309
0.00191674	511.152
0.00192512	441.975
0.0019335	378.474
0.00194188	321.684
0.00195026	272.743
0.00195865	232.898
0.00196703	200.693
0.00197541	176.33
0.00198379	157.107
0.00199217	142.037
0.00200055	129.07
0.00200893	116.825
0.00201731	104.795
0.00202569	92.1299
0.00203407	79.4
0.00204245	66.5708
0.00205083	54.3192
0.00205922	43.0364
0.0020676	32.991
0.00207598	24.5236
0.00208436	17.5302
0.00209274	12.114
0.00210112	7.99763
0.0021095	5.07523
0.00211788	3.06607
0.00212626	1.75845
0.00213464	0.968296
0.00214302	0.482213
0.0021514	0.248371
0.00215979	0.10034
0.00216817	0.0509965
