3.33898e-05	202.211
3.48982e-05	231.916
3.64066e-05	266.223
3.7915e-05	305.091
3.94234e-05	348.634
4.09318e-05	396.956
4.24402e-05	450.068
4.39487e-05	508.043
4.54571e-05	570.82
4.69655e-05	638.411
4.84739e-05	710.661
4.99823e-05	787.479
5.14907e-05	868.613
5.29991e-05	953.823
5.45076e-05	1042.78
5.6016e-05	1135.09
5.75244e-05	1230.39
5.90328e-05	1328.14
6.05412e-05	1428.04
6.20496e-05	1529.49
6.3558e-05	1632.31
6.50665e-05	1735.96
6.65749e-05	1840.45
6.80833e-05	1945.44
6.95917e-05	2051.12
7.11001e-05	2157.49
7.26085e-05	2264.87
7.41169e-05	2373.64
7.56253e-05	2484.17
7.71338e-05	2597.15
7.86422e-05	2712.89
8.01506e-05	2832.25
8.1659e-05	2955.41
8.31674e-05	3083.15
8.46758e-05	3215.45
8.61842e-05	3352.79
8.76927e-05	3494.97
8.92011e-05	3642
9.07095e-05	3793.55
9.22179e-05	3949.07
9.37263e-05	4108.21
9.52347e-05	4269.95
9.67431e-05	4433.99
9.82516e-05	4599.05
9.976e-05	4764.92
0.000101268	4930.31
0.000102777	5095.14
0.000104285	5258.35
0.000105794	5419.99
0.000107302	5579.39
0.00010881	5736.67
0.000110319	5891.63
0.000111827	6044.41
0.000113336	6195.21
0.000114844	6344.12
0.000116353	6491.58
0.000117861	6637.62
0.000119369	6782.63
0.000120878	6926.55
0.000122386	7069.48
0.000123895	7211.25
0.000125403	7351.4
0.000126911	7489.72
0.00012842	7625.05
0.000129928	7757.17
0.000131437	7884.31
0.000132945	8006.27
0.000134453	8120.9
0.000135962	8228.11
0.00013747	8325.8
0.000138979	8413.97
0.000140487	8491.03
0.000141996	8557.08
0.000143504	8611.35
0.000145012	8653.98
0.000146521	8686.53
0.000148029	8707.54
0.000149538	8709.9
0.000151046	8710.03
0.000152554	8705.31
0.000154063	8683.31
0.000155571	8654.39
0.00015708	8617.54
0.000158588	8572.43
0.000160097	8519
0.000161605	8456.86
0.000163113	8385.99
0.000164622	8305.57
0.00016613	8215.59
0.000167639	8115.27
0.000169147	8004.64
0.000170655	7883.38
0.000172164	7751.54
0.000173672	7609.63
0.000175181	7457.71
0.000176689	7297.24
0.000178197	7128.24
0.000179706	6953
0.000181214	6771.53
0.000182723	6586.56
0.000184231	6398.07
0.00018574	6208.82
0.000187248	6018.77
0.000188756	5830.23
0.000190265	5643.2
0.000191773	5459.23
0.000193282	5278.34
0.00019479	5101.32
0.000196298	4928.17
0.000197807	4759.08
0.000199315	4594.05
0.000200824	4432.94
0.000202332	4275.75
0.000203841	4122.34
0.000205349	3972.7
0.000206857	3826.89
0.000208366	3684.88
0.000209874	3546.94
0.000211383	3413.08
0.000212891	3283.64
0.000214399	3158.62
0.000215908	3038.25
0.000217416	2922.56
0.000218925	2811.44
0.000220433	2704.94
0.000221941	2602.59
0.00022345	2504.43
0.000224958	2409.7
0.000226467	2318.41
0.000227975	2229.71
0.000229484	2143.56
0.000230992	2059.22
0.0002325	1976.62
0.000234009	1895.29
0.000235517	1815.14
0.000237026	1736
0.000238534	1657.81
0.000240042	1580.64
0.000241551	1504.46
0.000243059	1429.51
0.000244568	1355.78
0.000246076	1283.57
0.000247585	1212.9
0.000249093	1144.06
0.000250601	1077.09
0.00025211	1012.24
0.000253618	949.574
0.000255127	889.325
0.000256635	831.536
0.000258143	776.419
0.000259652	724.02
0.00026116	674.472
0.000262669	627.825
0.000264177	584.08
0.000265685	543.282
0.000267194	505.268
0.000268702	470.056
0.000270211	437.327
0.000271719	407.058
0.000273228	378.833
0.000274736	352.581
0.000276244	327.88
0.000277753	304.621
0.000279261	282.468
0.00028077	261.299
0.000282278	240.922
0.000283786	221.232
0.000285295	202.191
0.000286803	183.738
0.000288312	165.95
0.00028982	148.819
0.000291329	132.477
0.000292837	116.96
0.000294345	102.39
0.000295854	88.8257
0.000297362	76.3363
0.000298871	64.9759
0.000300379	54.7419
0.000301887	45.6649
0.000303396	37.6768
0.000304904	30.7745
0.000306413	24.8469
0.000307921	19.8578
0.000309429	15.6805
0.000310938	12.2547
0.000312446	9.46044
0.000313955	7.22613
0.000315463	5.45248
0.000316972	4.06838
0.00031848	3.00016
0.000319988	2.18568
0.000321497	1.57526
0.000323005	1.11989
0.000324514	0.788938
0.000326022	0.547013
0.00032753	0.376771
0.000329039	0.254614
0.000330547	0.171528
0.000332056	0.109398
0.000333564	0.0744262
