0.000100103	3.73478e-09
0.00010312	9.9498e-09
0.000106137	2.85949e-08
0.000109154	7.75389e-08
0.000112171	1.99868e-07
0.000115188	5.10693e-07
0.000118205	1.27579e-06
0.000121222	3.08028e-06
0.000124239	7.43991e-06
0.000127256	1.70205e-05
0.000130273	3.96554e-05
0.00013329	8.61938e-05
0.000136307	0.000193283
0.000139324	0.000400192
0.000142341	0.00086192
0.000145358	0.00170422
0.000148375	0.00351862
0.000151392	0.00665927
0.000154408	0.0131576
0.000157425	0.0238867
0.000160442	0.0450991
0.000163459	0.0799946
0.000166476	0.142376
0.000169493	0.243943
0.00017251	0.412801
0.000175527	0.680497
0.000178544	1.09927
0.000181561	1.74094
0.000184578	2.69072
0.000187595	4.09047
0.000190612	6.05961
0.000193629	8.83987
0.000196646	12.5703
0.000199663	17.6011
0.00020268	24.0567
0.000205697	32.3554
0.000208714	42.5624
0.000211731	55.0591
0.000214748	69.8209
0.000217765	87.0493
0.000220782	106.643
0.000223799	128.521
0.000226816	152.574
0.000229833	178.486
0.00023285	206.236
0.000235867	235.514
0.000238884	266.47
0.000241901	299.179
0.000244918	333.954
0.000247935	371.574
0.000250952	412.41
0.000253969	457.967
0.000256986	508.505
0.000260003	565.842
0.00026302	629.986
0.000266037	702.311
0.000269054	782.542
0.000272071	870.849
0.000275088	966.79
0.000278105	1069.01
0.000281122	1177.12
0.000284139	1288.64
0.000287156	1403.42
0.000290173	1518.92
0.00029319	1635.25
0.000296207	1750.88
0.000299224	1866.08
0.000302241	1980.83
0.000305258	2095.32
0.000308275	2210.59
0.000311292	2326.67
0.000314309	2444.63
0.000317326	2564.33
0.000320343	2685.98
0.00032336	2809.44
0.000326377	2933.88
0.000329394	3059.21
0.000332411	3184.12
0.000335428	3308.62
0.000338445	3431.59
0.000341462	3553.1
0.000344479	3672.7
0.000347496	3790.46
0.000350513	3906.59
0.00035353	4021.12
0.000356547	4134.53
0.000359564	4246.82
0.000362581	4358.24
0.000365598	4468.74
0.000368615	4577.77
0.000371632	4685.27
0.000374649	4789.5
0.000377666	4890.41
0.000380683	4985.08
0.0003837	5073.52
0.000386717	5152.34
0.000389734	5221.57
0.000392751	5278.56
0.000395768	5323.35
0.000398785	5355.95
0.000401802	5376.36
0.000404819	5378.98
0.000407836	5375.52
0.000410853	5366.7
0.00041387	5344.8
0.000416887	5317.48
0.000419904	5284.88
0.000422921	5247.75
0.000425938	5206.14
0.000428955	5159.64
0.000431972	5108.28
0.000434989	5050.97
0.000438006	4987.7
0.000441023	4918.07
0.00044404	4842.01
0.000447057	4760.62
0.000450074	4673.83
0.000453091	4583.81
0.000456108	4490.61
0.000459125	4396.17
0.000462142	4300.67
0.000465159	4204.52
0.000468176	4107.95
0.000471193	4009.47
0.00047421	3909.2
0.000477227	3804.58
0.000480244	3695.5
0.000483261	3579.94
0.000486278	3457.58
0.000489295	3328.35
0.000492312	3191.9
0.000495329	3050.51
0.000498346	2904
0.000501363	2756.28
0.00050438	2607.47
0.000507397	2461.6
0.000510414	2319.08
0.000513431	2182.62
0.000516448	2052.76
0.000519465	1930.17
0.000522482	1815.26
0.000525499	1706.81
0.000528516	1604.97
0.000531533	1507.44
0.00053455	1414.03
0.000537567	1322.51
0.000540584	1232.45
0.000543601	1142.6
0.000546618	1052.49
0.000549635	962.303
0.000552652	871.739
0.000555669	782.3
0.000558686	693.98
0.000561703	608.931
0.00056472	527.477
0.000567737	451.559
0.000570754	381.703
0.000573771	318.954
0.000576788	263.825
0.000579805	216.217
0.000582822	176.424
0.000585839	143.407
0.000588856	117.145
0.000591873	96.1349
0.00059489	80.0717
0.000597907	67.4995
0.000600924	57.9574
0.000603941	50.3755
0.000606958	44.2946
0.000609975	39.1329
0.000612992	34.5495
0.000616009	30.3585
0.000619026	26.3797
0.000622043	22.6424
0.00062506	19.1002
0.000628077	15.8333
0.000631094	12.8657
0.000634111	10.2361
0.000637128	7.97925
0.000640145	6.07399
0.000643162	4.53204
0.000646179	3.29632
0.000649196	2.35069
0.000652213	1.63319
0.00065523	1.11165
0.000658247	0.738144
0.000661264	0.478798
0.000664281	0.304214
0.000667298	0.18767
0.000670315	0.114313
0.000673332	0.0668892
0.000676349	0.0391647
0.000679366	0.0216088
0.000682383	0.0122411
0.0006854	0.00634701
0.000688417	0.00349118
0.000691434	0.00172934
0.000694451	0.000907192
0.000697468	0.000387876
0.000700485	0.000214771
