3.33898e-05	9.02839e-25
3.59039e-05	9.46806e-24
3.8418e-05	3.51637e-23
4.09322e-05	3.37094e-22
4.34463e-05	1.21871e-21
4.59604e-05	1.04537e-20
4.84746e-05	3.7588e-20
5.09887e-05	2.89061e-19
5.35028e-05	1.03173e-18
5.6017e-05	7.12896e-18
5.85311e-05	2.52046e-17
6.10452e-05	1.56859e-16
6.35594e-05	5.48052e-16
6.60735e-05	3.08017e-15
6.85877e-05	1.06078e-14
7.11018e-05	5.39958e-14
7.36159e-05	1.82781e-13
7.61301e-05	8.4529e-13
7.86442e-05	2.80401e-12
8.11583e-05	1.18209e-11
8.36725e-05	3.83018e-11
8.61866e-05	1.47716e-10
8.87007e-05	4.65908e-10
9.12149e-05	1.64994e-09
9.3729e-05	5.04755e-09
9.62431e-05	1.64774e-08
9.87573e-05	4.87105e-08
0.000101271	1.47159e-07
0.000103786	4.18788e-07
0.0001063	1.17558e-06
0.000108814	3.20827e-06
0.000111328	8.40123e-06
0.000113842	2.19046e-05
0.000116356	5.37161e-05
0.00011887	0.000133314
0.000121384	0.000307292
0.000123899	0.000723414
0.000126413	0.00157281
0.000128927	0.00350087
0.000131441	0.00720191
0.000133955	0.0151132
0.000136469	0.0294992
0.000138983	0.0582168
0.000141498	0.108771
0.000144012	0.200825
0.000146526	0.362437
0.00014904	0.623814
0.000151554	1.06264
0.000154068	1.72637
0.000156582	2.77249
0.000159096	4.25998
0.000161611	6.44639
0.000164125	9.37881
0.000166639	13.3773
0.000169153	18.4416
0.000171667	24.8208
0.000174181	32.444
0.000176695	41.2887
0.00017921	51.2349
0.000181724	61.8595
0.000184238	73.068
0.000186752	84.1671
0.000189266	95.1755
0.00019178	105.58
0.000194294	115.543
0.000196809	125.292
0.000199323	135.076
0.000201837	146.148
0.000204351	158.731
0.000206865	174.874
0.000209379	194.694
0.000211893	220.437
0.000214407	252.125
0.000216922	291.678
0.000219436	339.082
0.00022195	395.82
0.000224464	461.89
0.000226978	538.529
0.000229492	625.732
0.000232006	724.572
0.000234521	834.988
0.000237035	957.508
0.000239549	1092
0.000242063	1237.77
0.000244577	1394.68
0.000247091	1560.47
0.000249605	1735.06
0.000252119	1915.2
0.000254634	2100.89
0.000257148	2289.1
0.000259662	2479.91
0.000262176	2671.61
0.00026469	2864.3
0.000267204	3057.99
0.000269718	3252.72
0.000272233	3449.95
0.000274747	3649.69
0.000277261	3854.3
0.000279775	4063.77
0.000282289	4280.57
0.000284803	4504.68
0.000287317	4737.21
0.000289831	4978.2
0.000292346	5225.59
0.00029486	5479.49
0.000297374	5733.87
0.000299888	5988.85
0.000302402	6235.64
0.000304916	6474.29
0.00030743	6696.03
0.000309945	6900.75
0.000312459	7082.42
0.000314973	7240.8
0.000317487	7373.9
0.000320001	7481.44
0.000322515	7565.54
0.000325029	7625.94
0.000327544	7668.72
0.000330058	7694.65
0.000332572	7701.55
0.000335086	7703.22
0.0003376	7702.48
0.000340114	7693.02
0.000342628	7679.28
0.000345142	7662.66
0.000347657	7636.21
0.000350171	7600.46
0.000352685	7543.87
0.000355199	7466.08
0.000357713	7356.16
0.000360227	7212.74
0.000362741	7032.14
0.000365256	6812.57
0.00036777	6561.05
0.000370284	6276.38
0.000372798	5974.5
0.000375312	5655.63
0.000377826	5338.48
0.00038034	5024.86
0.000382854	4729.23
0.000385369	4454.26
0.000387883	4205.52
0.000390397	3985.44
0.000392911	3790.08
0.000395425	3620.61
0.000397939	3466.85
0.000400453	3328.22
0.000402968	3193.64
0.000405482	3061.14
0.000407996	2923.61
0.00041051	2778.73
0.000413024	2625.63
0.000415538	2462.78
0.000418052	2294.38
0.000420566	2120.35
0.000423081	1946.65
0.000425595	1774.39
0.000428109	1608.29
0.000430623	1449.81
0.000433137	1301.26
0.000435651	1163.7
0.000438165	1037.61
0.00044068	923.464
0.000443194	820.921
0.000445708	730.083
0.000448222	650.343
0.000450736	581.679
0.00045325	523.15
0.000455764	474.653
0.000458279	434.806
0.000460793	403.327
0.000463307	378.549
0.000465821	359.978
0.000468335	345.966
0.000470849	335.89
0.000473363	328.317
0.000475877	322.609
0.000478392	317.576
0.000480906	312.613
0.00048342	306.795
0.000485934	299.549
0.000488448	290.348
0.000490962	278.697
0.000493476	264.619
0.000495991	247.829
0.000498505	228.901
0.000501019	207.893
0.000503533	185.712
0.000506047	162.774
0.000508561	139.973
0.000511075	117.94
0.000513589	97.2538
0.000516104	78.5225
0.000518618	61.8966
0.000521132	47.7513
0.000523646	35.895
0.00052616	26.3878
0.000528674	18.8843
0.000531188	13.043
0.000533703	8.98069
