0.000500379	2.25194e-50
0.000507084	2.08045e-48
0.000513789	8.25423e-48
0.000520493	6.50829e-46
0.000527198	2.59607e-45
0.000533903	1.74274e-43
0.000540607	7.00616e-43
0.000547312	4.00557e-41
0.000554017	1.62245e-40
0.000560721	7.90328e-39
0.000567426	3.22399e-38
0.000574131	1.33879e-36
0.000580835	5.49737e-36
0.00058754	1.94732e-34
0.000594244	8.04381e-34
0.000600949	2.43252e-32
0.000607654	1.01e-31
0.000614358	2.61009e-30
0.000621063	1.08831e-29
0.000627768	2.4062e-28
0.000634472	1.00637e-27
0.000641177	1.90635e-26
0.000647882	7.98667e-26
0.000654586	1.29839e-24
0.000661291	5.43991e-24
0.000667995	7.60489e-23
0.0006747	3.18026e-22
0.000681405	3.83218e-21
0.000688109	1.59593e-20
0.000694814	1.66214e-19
0.000701519	6.87516e-19
0.000708223	6.20843e-18
0.000714928	2.54286e-17
0.000721633	1.99822e-16
0.000728337	8.07594e-16
0.000735042	5.54531e-15
0.000741746	2.20279e-14
0.000748451	1.32778e-13
0.000755156	5.16127e-13
0.00076186	2.74506e-12
0.000768565	1.03911e-11
0.00077527	4.90381e-11
0.000781974	1.7982e-10
0.000788679	7.57531e-10
0.000795384	2.67586e-09
0.000802088	1.01271e-08
0.000808793	3.42582e-08
0.000815497	1.17251e-07
0.000822202	3.77592e-07
0.000828907	1.1766e-06
0.000835611	3.5858e-06
0.000842316	1.02411e-05
0.000849021	2.93688e-05
0.000855725	7.73777e-05
0.00086243	0.000207711
0.000869135	0.000507946
0.000875839	0.0012705
0.000882544	0.00289997
0.000889249	0.00673376
0.000895953	0.0144175
0.000902658	0.0309976
0.000909362	0.0625196
0.000916067	0.124292
0.000922772	0.238868
0.000929476	0.438442
0.000936181	0.804429
0.000942886	1.37181
0.00094959	2.3427
0.000956295	3.76473
0.000963	6.00984
0.000969704	9.12947
0.000976409	13.6827
0.000983113	19.7047
0.000989818	27.8604
0.000996523	38.1485
0.00100323	51.1374
0.00100993	66.7826
0.00101664	85.2912
0.00102334	106.591
0.00103005	130.34
0.00103675	156.473
0.00104346	184.15
0.00105016	213.352
0.00105686	243.101
0.00106357	273.431
0.00107027	303.763
0.00107698	334.163
0.00108368	364.846
0.00109039	395.866
0.00109709	428.212
0.0011038	461.899
0.0011105	498.216
0.00111721	537.144
0.00112391	579.617
0.00113062	625.608
0.00113732	675.315
0.00114402	728.728
0.00115073	785.591
0.00115743	845.91
0.00116414	909.885
0.00117084	977.515
0.00117755	1050.34
0.00118425	1128.34
0.00119096	1214.34
0.00119766	1308.33
0.00120437	1413.03
0.00121107	1528.49
0.00121778	1655.19
0.00122448	1793.3
0.00123119	1939.57
0.00123789	2094.2
0.00124459	2250.49
0.0012513	2408.55
0.001258	2560.33
0.00126471	2705.72
0.00127141	2838.12
0.00127812	2957.23
0.00128482	3059.93
0.00129153	3145.85
0.00129823	3215.79
0.00130494	3269.46
0.00131164	3310.31
0.00131835	3338.39
0.00132505	3356.8
0.00133175	3366.66
0.00133846	3367.87
0.00134516	3361.57
0.00135187	3347.75
0.00135857	3322.71
0.00136528	3284.8
0.00137198	3234.11
0.00137869	3169.15
0.00138539	3089.25
0.0013921	2997.49
0.0013988	2893.49
0.00140551	2783.39
0.00141221	2667.45
0.00141891	2551.96
0.00142562	2437.66
0.00143232	2328.71
0.00143903	2225.91
0.00144573	2130.69
0.00145244	2043.67
0.00145914	1963.92
0.00146585	1891.77
0.00147255	1824.46
0.00147926	1761.97
0.00148596	1700.49
0.00149267	1639.53
0.00149937	1575.8
0.00150608	1508.41
0.00151278	1436.35
0.00151948	1358.76
0.00152619	1277.43
0.00153289	1192.14
0.0015396	1106.19
0.0015463	1020.16
0.00155301	936.733
0.00155971	856.84
0.00156642	781.339
0.00157312	710.85
0.00157983	644.901
0.00158653	583.536
0.00159324	526.234
0.00159994	472.772
0.00160664	423.178
0.00161335	377.391
0.00162005	335.533
0.00162676	297.752
0.00163346	263.649
0.00164017	233.274
0.00164687	205.777
0.00165358	180.907
0.00166028	157.972
0.00166699	136.571
0.00167369	116.591
0.0016804	97.7894
0.0016871	80.4724
0.00169381	64.689
0.00170051	50.7046
0.00170721	38.7128
0.00171392	28.6585
0.00172062	20.6498
0.00172733	14.3628
0.00173403	9.71855
0.00174074	6.33551
0.00174744	4.00639
0.00175415	2.4479
0.00176085	1.43837
0.00176756	0.825776
0.00177426	0.444552
0.00178097	0.243087
0.00178767	0.120076
0.00179437	0.0622974
0.00180108	0.0288007
0.00180778	0.0138474
0.00181449	0.00601893
0.00182119	0.00266556
0.0018279	0.000999228
0.0018346	0.000443783
