0.000500379	1.20193e-206
0.000509598	1.36648e-199
0.000518817	5.46592e-199
0.000528036	4.41083e-192
0.000537255	1.78238e-191
0.000546474	1.02076e-184
0.000555693	4.16766e-184
0.000564912	1.69361e-177
0.000574131	6.98781e-177
0.00058335	2.0146e-170
0.000592569	8.40128e-170
0.000601788	1.7181e-163
0.000611007	7.24281e-163
0.000620226	1.05049e-156
0.000629445	4.47741e-156
0.000638664	4.60485e-150
0.000647883	1.98475e-149
0.000657101	1.44718e-143
0.00066632	6.3088e-143
0.000675539	3.26071e-137
0.000684758	1.43797e-136
0.000693977	5.26726e-131
0.000703196	2.35028e-130
0.000712415	6.10013e-125
0.000721634	2.75458e-124
0.000730853	5.06498e-119
0.000740072	2.31506e-118
0.000749291	3.0151e-113
0.00075851	1.39522e-112
0.000767729	1.28681e-107
0.000776948	6.02983e-107
0.000786167	3.93746e-102
0.000795386	1.86875e-101
0.000804605	8.63802e-97
0.000813823	4.15326e-96
0.000823042	1.35867e-91
0.000832261	6.61952e-91
0.00084148	1.53222e-86
0.000850699	7.5661e-86
0.000859918	1.23893e-81
0.000869137	6.20209e-81
0.000878356	7.18294e-77
0.000887575	3.64618e-76
0.000896794	2.98608e-72
0.000906013	1.5374e-71
0.000915232	8.90152e-68
0.000924451	4.64948e-67
0.00093367	1.90289e-63
0.000942889	1.00859e-62
0.000952108	2.91729e-59
0.000961327	1.56943e-58
0.000970545	3.20774e-55
0.000979764	1.75194e-54
0.000988983	2.52999e-51
0.000998202	1.4031e-50
0.00100742	1.43153e-47
0.00101664	8.06295e-47
0.00102586	5.81191e-44
0.00103508	3.32498e-43
0.0010443	1.69344e-40
0.00105352	9.84103e-40
0.00106273	3.54227e-37
0.00107195	2.09086e-36
0.00108117	5.32126e-34
0.00109039	3.18958e-33
0.00109961	5.74352e-31
0.00110883	3.49441e-30
0.00111805	4.45706e-28
0.00112727	2.75026e-27
0.00113649	2.48877e-25
0.00114571	1.55555e-24
0.00115492	1.00106e-22
0.00116414	6.32527e-22
0.00117336	2.90467e-20
0.00118258	1.84997e-19
0.0011918	6.09125e-18
0.00120102	3.89382e-17
0.00121024	9.25419e-16
0.00121946	5.90189e-15
0.00122868	1.0217e-13
0.00123789	6.44658e-13
0.00124711	8.22821e-12
0.00125633	5.07876e-11
0.00126555	4.85529e-10
0.00127477	2.88868e-09
0.00128399	2.10955e-08
0.00129321	1.18753e-07
0.00130243	6.7823e-07
0.00131165	3.53314e-06
0.00132087	1.62048e-05
0.00133008	7.61941e-05
0.0013393	0.000288575
0.00134852	0.00119323
0.00135774	0.00383383
0.00136696	0.0136001
0.00137618	0.0379545
0.0013854	0.113136
0.00139462	0.279196
0.00140384	0.689412
0.00141305	1.53681
0.00142227	3.14144
0.00143149	6.29763
0.00144071	10.9995
0.00144993	18.1325
0.00145915	27.7164
0.00146837	39.2279
0.00147759	52.6923
0.00148681	66.7165
0.00149603	81.236
0.00150524	96.8062
0.00151446	113.349
0.00152368	133.131
0.0015329	156.284
0.00154212	182.512
0.00155134	211.947
0.00156056	242.144
0.00156978	272.809
0.001579	305.521
0.00158821	339.898
0.00159743	382.241
0.00160665	432.765
0.00161587	495.782
0.00162509	571.866
0.00163431	660.164
0.00164353	760.786
0.00165275	872.196
0.00166197	994.052
0.00167118	1127.83
0.0016804	1273.74
0.00168962	1431.81
0.00169884	1603.03
0.00170806	1779.74
0.00171728	1962.27
0.0017265	2138.86
0.00173572	2308.17
0.00174494	2464.26
0.00175416	2605.42
0.00176337	2734.02
0.00177259	2849.74
0.00178181	2956.38
0.00179103	3054.83
0.00180025	3144.67
0.00180947	3226.78
0.00181869	3296.93
0.00182791	3358.69
0.00183713	3386.57
0.00184634	3395.09
0.00185556	3394.12
0.00186478	3341.97
0.001874	3253.31
0.00188322	3132.93
0.00189244	2996.03
0.00190166	2844.61
0.00191088	2697.39
0.0019201	2561.48
0.00192932	2434.88
0.00193853	2321.1
0.00194775	2206.19
0.00195697	2086.26
0.00196619	1958.16
0.00197541	1817.88
0.00198463	1674.41
0.00199385	1529.38
0.00200307	1388.43
0.00201229	1254.67
0.0020215	1126.56
0.00203072	1004.28
0.00203994	886.823
0.00204916	773.023
0.00205838	665.844
0.0020676	565.58
0.00207682	475.878
0.00208604	398.795
0.00209526	334.002
0.00210448	283.075
0.00211369	241.22
0.00212291	207.178
0.00213213	176.899
0.00214135	147.505
0.00215057	119.559
0.00215979	91.9911
0.00216901	67.2822
0.00217823	46.6121
0.00218745	30.5334
0.00219666	19.166
0.00220588	14.4044
0.0022151	13.7658
0.00222432	13.5834
0.00223354	16.5879
0.00224276	21.0366
0.00225198	25.33
0.0022612	27.664
0.00227042	27.6327
0.00227964	27.5406
0.00228885	24.8047
0.00229807	20.1901
0.00230729	15.5181
0.00231651	10.9537
0.00232573	7.33668
0.00233495	4.37942
