0.000166815	6.90955e-13
0.000172682	2.80573e-12
0.000178548	9.15007e-12
0.000184415	3.59014e-11
0.000190282	1.08231e-10
0.000196148	3.89181e-10
0.000202015	1.14351e-09
0.000207881	3.78128e-09
0.000213748	1.07924e-08
0.000219614	3.29348e-08
0.000225481	9.09914e-08
0.000231347	2.57199e-07
0.000237214	6.85362e-07
0.00024308	1.80109e-06
0.000248947	4.61219e-06
0.000254813	1.13106e-05
0.00026068	2.7733e-05
0.000266547	6.3699e-05
0.000272413	0.000149016
0.00027828	0.000321713
0.000284146	0.000715584
0.000290013	0.001457
0.000295879	0.00307141
0.000301746	0.00591626
0.000307612	0.011785
0.000313479	0.0216665
0.000319345	0.0405003
0.000325212	0.0721005
0.000331078	0.125194
0.000336945	0.211596
0.000342812	0.34583
0.000348678	0.553426
0.000354545	0.853915
0.000360411	1.29173
0.000366278	1.88533
0.000372144	2.69422
0.000378011	3.72466
0.000383877	5.02983
0.000389744	6.59359
0.00039561	8.42524
0.000401477	10.4876
0.000407343	12.7145
0.00041321	15.0669
0.000419077	17.4138
0.000424943	19.7433
0.00043081	21.9315
0.000436676	24.0096
0.000442543	25.9614
0.000448409	27.8447
0.000454276	29.7988
0.000460142	31.8648
0.000466009	34.2645
0.000471875	36.9838
0.000477742	40.1548
0.000483608	43.7091
0.000489475	47.5383
0.000495342	51.5687
0.000501208	55.4668
0.000507075	59.2205
0.000512941	62.5043
0.000518808	65.4057
0.000524674	67.9551
0.000530541	70.3219
0.000536407	73.1494
0.000542274	76.6239
0.00054814	81.9934
0.000554007	89.3888
0.000559873	100.363
0.00056574	114.952
0.000571606	134.566
0.000577473	159.155
0.00058334	189.606
0.000589206	225.82
0.000595073	267.99
0.000600939	316.009
0.000606806	369.395
0.000612672	428.053
0.000618539	490.94
0.000624405	557.983
0.000630272	627.728
0.000636138	700.142
0.000642005	773.622
0.000647871	848.193
0.000653738	922.569
0.000659605	996.832
0.000665471	1070.59
0.000671338	1143.94
0.000677204	1217.8
0.000683071	1292.25
0.000688937	1369.38
0.000694804	1449.21
0.00070067	1534.31
0.000706537	1624.65
0.000712403	1722.14
0.00071827	1826.73
0.000724136	1938.59
0.000730003	2057.67
0.00073587	2181.78
0.000741736	2310.91
0.000747603	2440.62
0.000753469	2570.94
0.000759336	2696.09
0.000765202	2816.11
0.000771069	2925.3
0.000776935	3023.67
0.000782802	3107.16
0.000788668	3175.7
0.000794535	3228.67
0.000800401	3266.31
0.000806268	3282.29
0.000812135	3288.83
0.000818001	3287.51
0.000823868	3270.47
0.000829734	3246.64
0.000835601	3216.41
0.000841467	3182.82
0.000847334	3145.97
0.0008532	3108.25
0.000859067	3069.79
0.000864933	3031.95
0.0008708	2994.84
0.000876666	2958.94
0.000882533	2924.38
0.0008884	2890.5
0.000894266	2857.45
0.000900133	2823.15
0.000905999	2787.69
0.000911866	2747.99
0.000917732	2703.97
0.000923599	2652.79
0.000929465	2594.14
0.000935332	2526.75
0.000941198	2450.24
0.000947065	2365.42
0.000952931	2272.04
0.000958798	2172.55
0.000964665	2066.92
0.000970531	1958.46
0.000976398	1847.32
0.000982264	1737.05
0.000988131	1627.92
0.000993997	1523.22
0.000999864	1423.4
0.00100573	1330.91
0.0010116	1246.32
0.00101746	1170.51
0.00102333	1104.04
0.0010292	1045.66
0.00103506	995.692
0.00104093	951.079
0.0010468	911.637
0.00105266	873.816
0.00105853	836.926
0.0010644	798.557
0.00107026	757.834
0.00107613	714.452
0.001082	667.815
0.00108786	619.46
0.00109373	569.371
0.00109959	519.72
0.00110546	471.006
0.00111133	424.776
0.00111719	381.684
0.00112306	342.085
0.00112893	306.403
0.00113479	274.065
0.00114066	245.102
0.00114653	218.684
0.00115239	194.559
0.00115826	172.186
0.00116413	151.267
0.00116999	131.694
0.00117586	113.305
0.00118173	96.2527
0.00118759	80.5413
0.00119346	66.3287
0.00119933	53.7041
0.00120519	42.675
0.00121106	33.3108
0.00121693	25.4565
0.00122279	19.1021
0.00122866	14.0057
0.00123453	10.0776
0.00124039	7.07654
0.00124626	4.87006
0.00125212	3.27117
0.00125799	2.14701
0.00126386	1.37865
0.00126972	0.860102
0.00127559	0.528106
0.00128146	0.311902
0.00128732	0.183367
0.00129319	0.101844
0.00129906	0.0575948
0.00130492	0.0298036
0.00131079	0.0163434
0.00131666	0.00803477
0.00132252	0.0041748
0.00132839	0.0017626
0.00133426	0.000958526
