0.000500379	0
0.000510437	0
0.000520494	0
0.000530551	0
0.000540608	0
0.000550665	4.40707e-319
0.000560722	1.79937e-318
0.000570779	2.92897e-307
0.000580836	1.20849e-306
0.000590893	1.16258e-295
0.00060095	4.84819e-295
0.000611007	2.75597e-284
0.000621064	1.16181e-283
0.000631121	3.9018e-273
0.000641178	1.66303e-272
0.000651235	3.29908e-262
0.000661292	1.42195e-261
0.000671349	1.66593e-251
0.000681406	7.26241e-251
0.000691463	5.02404e-241
0.00070152	2.2156e-240
0.000711577	9.04858e-231
0.000721634	4.03754e-230
0.000731691	9.73278e-221
0.000741748	4.39496e-220
0.000751806	6.252e-211
0.000761863	2.85763e-210
0.00077192	2.39841e-201
0.000781977	1.10987e-200
0.000792034	5.49478e-192
0.000802091	2.57483e-191
0.000812148	7.51785e-183
0.000822205	3.5681e-182
0.000832262	6.14261e-174
0.000842319	2.95352e-173
0.000852376	2.99725e-165
0.000862433	1.46034e-164
0.00087249	8.7338e-157
0.000882547	4.31299e-156
0.000892604	1.51981e-148
0.000902661	7.60878e-148
0.000912718	1.57934e-140
0.000922775	8.01793e-140
0.000932832	9.80084e-133
0.000942889	5.04685e-132
0.000952946	3.632e-125
0.000963003	1.89753e-124
0.00097306	8.03747e-118
0.000983117	4.26155e-117
0.000993175	1.06214e-110
0.00100323	5.71685e-110
0.00101329	8.38158e-104
0.00102335	4.58094e-103
0.0010334	3.94958e-97
0.00104346	2.19261e-96
0.00105352	1.11135e-90
0.00106357	6.2687e-90
0.00107363	1.86734e-84
0.00108369	1.07054e-83
0.00109374	1.87353e-78
0.0011038	1.09203e-77
0.00111386	1.12243e-72
0.00112392	6.65386e-72
0.00113397	4.01529e-67
0.00114403	2.4217e-66
0.00115409	8.57687e-62
0.00116414	5.26473e-61
0.0011742	1.09394e-56
0.00118426	6.83656e-56
0.00119432	8.33114e-52
0.00120437	5.30282e-51
0.00121443	3.78852e-47
0.00122449	2.45687e-46
0.00123454	1.02871e-42
0.0012446	6.79935e-42
0.00125466	1.668e-38
0.00126471	1.12399e-37
0.00127477	1.61516e-34
0.00128483	1.10986e-33
0.00129489	9.34145e-31
0.00130494	6.54626e-30
0.001315	3.22789e-27
0.00132506	2.30647e-26
0.00133511	6.66725e-24
0.00134517	4.85456e-23
0.00135523	8.23907e-21
0.00136529	6.10426e-20
0.00137534	6.10061e-18
0.0013854	4.58624e-17
0.00139546	2.71365e-15
0.00140551	2.05933e-14
0.00141557	7.28273e-13
0.00142563	5.52877e-12
0.00143568	1.18742e-10
0.00144574	8.88163e-10
0.0014558	1.18862e-08
0.00146586	8.54875e-08
0.00147591	7.41135e-07
0.00148597	4.94178e-06
0.00149603	2.92788e-05
0.00150608	0.000172274
0.00151614	0.000744351
0.0015262	0.00364716
0.00153625	0.0122891
0.00154631	0.047435
0.00155637	0.131878
0.00156643	0.385853
0.00157648	0.930664
0.00158654	2.06015
0.0015966	4.27572
0.00160665	7.59115
0.00161671	12.1331
0.00162677	17.9494
0.00163683	24.1986
0.00164688	30.7865
0.00165694	38.3299
0.001667	46.6605
0.00167705	58.8152
0.00168711	74.9954
0.00169717	95.8095
0.00170722	121.498
0.00171728	150.05
0.00172734	181.146
0.0017374	215.961
0.00174745	254.06
0.00175751	300.625
0.00176757	355.576
0.00177762	425.589
0.00178768	511.387
0.00179774	615.235
0.00180779	738.15
0.00181785	875.878
0.00182791	1029.29
0.00183797	1187.61
0.00184802	1351.34
0.00185808	1502.96
0.00186814	1639.11
0.00187819	1758.6
0.00188825	1856.05
0.00189831	1961.96
0.00190837	2078.91
0.00191842	2230.13
0.00192848	2425.64
0.00193854	2641.91
0.00194859	2882.45
0.00195865	3100.87
0.00196871	3288.12
0.00197876	3428.02
0.00198882	3517.78
0.00199888	3540.97
0.00200894	3531.59
0.00201899	3508.54
0.00202905	3451.97
0.00203911	3379.31
0.00204916	3299.38
0.00205922	3204.2
0.00206928	3093.87
0.00207933	2961.82
0.00208939	2804.91
0.00209945	2626.06
0.00210951	2421.74
0.00211956	2209.88
0.00212962	1992.59
0.00213968	1789.9
0.00214973	1611.6
0.00215979	1454.87
0.00216985	1324.4
0.00217991	1203.83
0.00218996	1087.08
0.00220002	971.245
0.00221008	851.666
0.00222013	735.786
0.00223019	625.625
0.00224025	524.311
0.0022503	434.105
0.00226036	354.637
0.00227042	286.608
0.00228048	228.624
0.00229053	180.343
0.00230059	140.628
0.00231065	108.959
0.0023207	84.3829
0.00233076	66.6226
0.00234082	54.05
0.00235088	46.1121
0.00236093	40.6908
0.00237099	36.4523
0.00238105	32.3246
0.0023911	26.8294
0.00240116	20.9753
0.00241122	14.829
0.00242127	9.33337
0.00243133	5.391
0.00244139	2.63796
0.00245145	1.11093
0.0024615	0.463961
0.00247156	0.164338
0.00248162	0.0495519
0.00249167	0.0147805
0.00250173	0.00319007
