0.000500379	2.20697e-110
0.00050876	2.15487e-106
0.000517141	8.61884e-106
0.000525522	6.65962e-102
0.000533903	2.69074e-101
0.000542284	1.64502e-97
0.000550665	6.71532e-97
0.000559045	3.24787e-93
0.000567426	1.33977e-92
0.000575807	5.12544e-89
0.000584188	2.13681e-88
0.000592569	6.46498e-85
0.00060095	2.7244e-84
0.00060933	6.51791e-81
0.000617711	2.77681e-80
0.000626092	5.25236e-77
0.000634473	2.26251e-76
0.000642854	3.38304e-73
0.000651235	1.47368e-72
0.000659615	1.74169e-69
0.000667996	7.6734e-69
0.000676377	7.16713e-66
0.000684758	3.19404e-65
0.000693139	2.35743e-62
0.00070152	1.06283e-61
0.0007099	6.19811e-59
0.000718281	2.82719e-58
0.000726662	1.30262e-55
0.000735043	6.01198e-55
0.000743424	2.18839e-52
0.000751805	1.022e-51
0.000760186	2.93902e-49
0.000768566	1.38885e-48
0.000776947	3.15554e-46
0.000785328	1.5088e-45
0.000793709	2.70878e-43
0.00080209	1.31033e-42
0.000810471	1.85928e-40
0.000818851	9.09715e-40
0.000827232	1.02056e-37
0.000835613	5.04904e-37
0.000843994	4.48056e-35
0.000852375	2.24024e-34
0.000860756	1.57368e-32
0.000869136	7.94632e-32
0.000877517	4.42288e-30
0.000885898	2.25336e-29
0.000894279	9.95067e-28
0.00090266	5.10852e-27
0.000911041	1.79286e-25
0.000919421	9.25916e-25
0.000927802	2.58835e-23
0.000936183	1.34175e-22
0.000944564	2.99623e-21
0.000952945	1.5546e-20
0.000961326	2.78332e-19
0.000969707	1.44022e-18
0.000978087	2.0769e-17
0.000986468	1.06694e-16
0.000994849	1.24634e-15
0.00100323	6.32099e-15
0.00101161	6.02296e-14
0.00101999	2.99516e-13
0.00102837	2.34732e-12
0.00103675	1.13529e-11
0.00104513	7.38924e-11
0.00105351	3.44297e-10
0.0010619	1.88177e-09
0.00107028	8.35609e-09
0.00107866	3.88231e-08
0.00108704	1.6235e-07
0.00109542	6.49638e-07
0.0011038	2.52609e-06
0.00111218	8.82342e-06
0.00112056	3.14923e-05
0.00112894	9.72941e-05
0.00113732	0.000314758
0.0011457	0.000870709
0.00115409	0.00252393
0.00116247	0.00631835
0.00117085	0.0162508
0.00117923	0.0371254
0.00118761	0.0841007
0.00119599	0.176357
0.00120437	0.350297
0.00121275	0.696974
0.00122113	1.22393
0.00122951	2.11785
0.00123789	3.3752
0.00124627	5.14603
0.00125466	7.41452
0.00126304	10.0625
0.00127142	13.0767
0.0012798	16.0068
0.00128818	18.8616
0.00129656	21.3335
0.00130494	23.4468
0.00131332	25.8469
0.0013217	28.544
0.00133008	33.4025
0.00133846	40.4096
0.00134684	51.8325
0.00135523	67.6618
0.00136361	89.3562
0.00137199	116.929
0.00138037	150.614
0.00138875	190.433
0.00139713	235.863
0.00140551	286.919
0.00141389	342.754
0.00142227	403.358
0.00143065	468.079
0.00143903	536.809
0.00144741	610.729
0.0014558	689.628
0.00146418	777.872
0.00147256	875.413
0.00148094	987.512
0.00148932	1114.61
0.0014977	1257.26
0.00150608	1416.28
0.00151446	1583.76
0.00152284	1760.28
0.00153122	1931.46
0.0015396	2097
0.00154798	2243.23
0.00155637	2368.74
0.00156475	2469.08
0.00157313	2542.35
0.00158151	2597.53
0.00158989	2633.71
0.00159827	2667.71
0.00160665	2700.91
0.00161503	2744.27
0.00162341	2800.75
0.00163179	2865.14
0.00164017	2939.2
0.00164855	3006.85
0.00165694	3067.27
0.00166532	3105.3
0.0016737	3123.48
0.00168208	3126.03
0.00169046	3108.6
0.00169884	3084.04
0.00170722	3055.4
0.0017156	3023.33
0.00172398	2990.94
0.00173236	2944.68
0.00174074	2883.53
0.00174912	2794.55
0.00175751	2672.8
0.00176589	2522.31
0.00177427	2339.57
0.00178265	2144.31
0.00179103	1938.57
0.00179941	1741.8
0.00180779	1559.83
0.00181617	1399.63
0.00182455	1265.9
0.00183293	1154.02
0.00184131	1064.96
0.00184969	990.259
0.00185808	928.133
0.00186646	871.959
0.00187484	819.275
0.00188322	766.888
0.0018916	712.833
0.00189998	657.138
0.00190836	598.765
0.00191674	540.253
0.00192512	481.855
0.0019335	426.65
0.00194188	376.065
0.00195026	330.997
0.00195865	292.782
0.00196703	259.478
0.00197541	230.952
0.00198379	204.785
0.00199217	179.626
0.00200055	155.029
0.00200893	129.999
0.00201731	105.864
0.00202569	82.8863
0.00203407	62.2558
0.00204245	44.8614
0.00205083	30.6694
0.00205922	20.1438
0.0020676	12.4648
0.00207598	7.38812
0.00208436	4.14371
0.00209274	2.15782
0.00210112	1.12518
0.0021095	0.51966
0.00211788	0.248292
0.00212626	0.104734
0.00213464	0.0442969
0.00214302	0.0172471
0.0021514	0.00637559
0.00215979	0.00214822
0.00216817	0.000739097
