0.000100103	0.000109897
0.00010312	0.000241636
0.000106137	0.000636852
0.000109154	0.00140786
0.000112171	0.00319059
0.000115188	0.0064998
0.000118205	0.0138238
0.000121222	0.0260979
0.000124239	0.0518271
0.000127256	0.0937786
0.000130273	0.168817
0.00013329	0.288207
0.000136307	0.477393
0.000139324	0.762888
0.000142341	1.17383
0.000145358	1.75278
0.000148375	2.52002
0.000151392	3.52172
0.000154408	4.75906
0.000157425	6.25784
0.000160442	8.00775
0.000163459	10.0027
0.000166476	12.2474
0.000169493	14.7311
0.00017251	17.4926
0.000175527	20.5681
0.000178544	24.0165
0.000181561	27.9392
0.000184578	32.3839
0.000187595	37.4739
0.000190612	43.2427
0.000193629	49.7951
0.000196646	57.1812
0.000199663	65.5225
0.00020268	74.8962
0.000205697	85.5052
0.000208714	97.4047
0.000211731	110.838
0.000214748	125.777
0.000217765	142.337
0.000220782	160.423
0.000223799	179.899
0.000226816	200.709
0.000229833	222.594
0.00023285	245.632
0.000235867	269.782
0.000238884	295.257
0.000241901	322.513
0.000244918	351.777
0.000247935	383.951
0.000250952	419.137
0.000253969	458.265
0.000256986	501.256
0.000260003	548.555
0.00026302	599.971
0.000266037	655.218
0.000269054	714.151
0.000272071	776.024
0.000275088	840.88
0.000278105	908.23
0.000281122	978.33
0.000284139	1051.69
0.000287156	1128.64
0.000290173	1210.87
0.00029319	1298.53
0.000296207	1393.71
0.000299224	1496.31
0.000302241	1607.5
0.000305258	1726.92
0.000308275	1853.86
0.000311292	1987.94
0.000314309	2126.6
0.000317326	2269.61
0.000320343	2413.53
0.00032336	2558.33
0.000326377	2700.94
0.000329394	2841.51
0.000332411	2978.36
0.000335428	3111.76
0.000338445	3242.2
0.000341462	3369.94
0.000344479	3497.64
0.000347496	3625.4
0.000350513	3756.64
0.00035353	3891.18
0.000356547	4030.48
0.000359564	4174.21
0.000362581	4319.55
0.000365598	4466.21
0.000368615	4607.33
0.000371632	4742.86
0.000374649	4864.92
0.000377666	4973.68
0.000380683	5064.2
0.0003837	5136.68
0.000386717	5191.46
0.000389734	5228.57
0.000392751	5250.13
0.000395768	5260.59
0.000398785	5261.03
0.000401802	5256.22
0.000404819	5250.19
0.000407836	5242.88
0.000410853	5241.78
0.00041387	5244.89
0.000416887	5252.62
0.000419904	5271.39
0.000422921	5295.68
0.000425938	5325.57
0.000428955	5354.68
0.000431972	5383.78
0.000434989	5389.83
0.000438006	5388.49
0.000441023	5380.55
0.00044404	5334.01
0.000447057	5262.48
0.000450074	5167.09
0.000453091	5050.19
0.000456108	4911.35
0.000459125	4760.35
0.000462142	4597.25
0.000465159	4431.87
0.000468176	4264.75
0.000471193	4101.9
0.00047421	3944
0.000477227	3792.25
0.000480244	3647.15
0.000483261	3506.54
0.000486278	3370.56
0.000489295	3236.09
0.000492312	3102.92
0.000495329	2969.02
0.000498346	2834
0.000501363	2697.89
0.00050438	2560.39
0.000507397	2423.23
0.000510414	2286.4
0.000513431	2152.12
0.000516448	2020.62
0.000519465	1893.44
0.000522482	1770.89
0.000525499	1653.46
0.000528516	1541.35
0.000531533	1434.42
0.00053455	1332.72
0.000537567	1236
0.000540584	1144.24
0.000543601	1057.24
0.000546618	974.98
0.000549635	897.205
0.000552652	823.89
0.000555669	754.773
0.000558686	689.784
0.000561703	628.83
0.00056472	571.829
0.000567737	518.958
0.000570754	470.207
0.000573771	425.842
0.000576788	385.971
0.000579805	350.553
0.000582822	319.745
0.000585839	292.888
0.000588856	270.02
0.000591873	249.941
0.00059489	232.438
0.000597907	216.267
0.000600924	200.991
0.000603941	185.901
0.000606958	170.556
0.000609975	155.006
0.000612992	139.039
0.000616009	123.208
0.000619026	107.602
0.000622043	92.7893
0.00062506	79.0318
0.000628077	66.5812
0.000631094	55.6641
0.000634111	46.2019
0.000637128	38.2646
0.000640145	31.631
0.000643162	26.235
0.000646179	21.8857
0.000649196	18.4781
0.000652213	15.8876
0.00065523	14.0274
0.000658247	12.811
0.000661264	12.0942
0.000664281	11.8747
0.000667298	11.9376
0.000670315	12.0271
0.000673332	12.1036
0.000676349	12.143
0.000679366	11.8978
0.000682383	11.3216
0.0006854	10.4672
0.000688417	9.39652
0.000691434	8.14552
0.000694451	6.82335
0.000697468	5.55807
0.000700485	4.30583
