3.33898e-05	2.36149e-36
3.59039e-05	6.40912e-35
3.8418e-05	2.4928e-34
4.09322e-05	5.96889e-33
4.34463e-05	2.30985e-32
4.59604e-05	4.8392e-31
4.84746e-05	1.87878e-30
5.09887e-05	3.44727e-29
5.35028e-05	1.34144e-28
5.6017e-05	2.15813e-27
5.85311e-05	8.40762e-27
6.10452e-05	1.18758e-25
6.35594e-05	4.62584e-25
6.60735e-05	5.74562e-24
6.85877e-05	2.23426e-23
7.11018e-05	2.44458e-22
7.36159e-05	9.47354e-22
7.61301e-05	9.14934e-21
7.86442e-05	3.52648e-20
8.11583e-05	3.01319e-19
8.36725e-05	1.15249e-18
8.61866e-05	8.73491e-18
8.87007e-05	3.3069e-17
9.12149e-05	2.22969e-16
9.3729e-05	8.33137e-16
9.62431e-05	5.01358e-15
9.87573e-05	1.84313e-14
0.000101271	9.9344e-14
0.000103786	3.58076e-13
0.0001063	1.73541e-12
0.000108814	6.10971e-12
0.000111328	2.67364e-11
0.000113842	9.15686e-11
0.000116356	3.63428e-10
0.00011887	1.20565e-09
0.000121384	4.36027e-09
0.000123899	1.39484e-08
0.000126413	4.61892e-08
0.000128927	1.41827e-07
0.000131441	4.32155e-07
0.000133955	1.26779e-06
0.000136469	3.57218e-06
0.000138983	9.96625e-06
0.000141498	2.60935e-05
0.000144012	6.89288e-05
0.000146526	0.000168476
0.00014904	0.000419642
0.000151554	0.000961716
0.000154068	0.00225033
0.000156582	0.00485486
0.000159096	0.0106379
0.000161611	0.0216811
0.000164125	0.0443778
0.000166639	0.0857011
0.000169153	0.163592
0.000171667	0.305494
0.000174181	0.540593
0.000176695	0.952985
0.00017921	1.58466
0.000181724	2.62143
0.000184238	4.12133
0.000186752	6.41294
0.000189266	9.56185
0.00019178	14.0506
0.000194294	19.9408
0.000196809	27.833
0.000199323	37.7855
0.000201837	50.4848
0.000204351	66.007
0.000206865	85.202
0.000209379	108.186
0.000211893	136.189
0.000214407	169.349
0.000216922	209.441
0.000219436	256.555
0.00022195	312.764
0.000224464	378.03
0.000226978	453.931
0.000229492	540.291
0.000232006	637.236
0.000234521	744.551
0.000237035	860.574
0.000239549	985.184
0.000242063	1115.71
0.000244577	1252.18
0.000247091	1392.41
0.000249605	1536.54
0.000252119	1683.99
0.000254634	1834.87
0.000257148	1990.17
0.000259662	2149.9
0.000262176	2315.58
0.00026469	2487.18
0.000267204	2665.91
0.000269718	2851.77
0.000272233	3045.69
0.000274747	3247.67
0.000277261	3458.59
0.000279775	3678.44
0.000282289	3907.39
0.000284803	4145.44
0.000287317	4390.95
0.000289831	4643.94
0.000292346	4900.83
0.00029486	5161.65
0.000297374	5422.38
0.000299888	5683
0.000302402	5940.38
0.000304916	6194.54
0.00030743	6442.37
0.000309945	6684.01
0.000312459	6913.61
0.000314973	7131.41
0.000317487	7327.34
0.000320001	7501.48
0.000322515	7643.56
0.000325029	7754.69
0.000327544	7809.76
0.000330058	7833.65
0.000332572	7831.35
0.000335086	7777.2
0.0003376	7698.45
0.000340114	7596.66
0.000342628	7489.3
0.000345142	7377.11
0.000347657	7275.66
0.000350171	7186.63
0.000352685	7114.8
0.000355199	7061.94
0.000357713	7020.94
0.000360227	6992.7
0.000362741	6962.96
0.000365256	6931.24
0.00036777	6883.52
0.000370284	6818.22
0.000372798	6727.56
0.000375312	6609.69
0.000377826	6465.1
0.00038034	6292.61
0.000382854	6098.84
0.000385369	5883.77
0.000387883	5655.75
0.000390397	5415.73
0.000392911	5170.09
0.000395425	4920.02
0.000397939	4668.94
0.000400453	4417.65
0.000402968	4167.9
0.000405482	3920.02
0.000407996	3675.72
0.00041051	3435.2
0.000413024	3200.49
0.000415538	2971.97
0.000418052	2751.21
0.000420566	2538.7
0.000423081	2334.87
0.000425595	2140.03
0.000428109	1953.76
0.000430623	1776.02
0.000433137	1606.52
0.000435651	1445.01
0.000438165	1291.97
0.00044068	1147.32
0.000443194	1012.08
0.000445708	886.524
0.000448222	771.461
0.000450736	667.351
0.00045325	574.076
0.000455764	491.979
0.000458279	419.866
0.000460793	357.671
0.000463307	303.632
0.000465821	257.233
0.000468335	216.883
0.000470849	181.854
0.000473363	151.191
0.000475877	124.283
0.000478392	100.76
0.000480906	80.3001
0.00048342	62.7471
0.000485934	47.9966
0.000488448	35.7982
0.000490962	26.0779
0.000493476	18.4388
0.000495991	12.7159
0.000498505	8.49013
0.000501019	5.51503
0.000503533	3.47266
0.000506047	2.11413
0.000508561	1.25689
0.000511075	0.712888
0.000513589	0.401617
0.000516104	0.208331
0.000518618	0.113412
0.000521132	0.055144
0.000523646	0.0281926
0.00052616	0.0129286
0.000528674	0.00616339
0.000531188	0.00242917
0.000533703	0.00118442
