0.000166815	0.00304725
0.000171844	0.00491471
0.000176872	0.0105171
0.000181901	0.0184243
0.000186929	0.0329942
0.000191958	0.0557199
0.000196986	0.0940907
0.000202014	0.152511
0.000207043	0.243906
0.000212071	0.378443
0.0002171	0.574849
0.000222128	0.852277
0.000227157	1.23235
0.000232185	1.74419
0.000237214	2.40512
0.000242242	3.24911
0.00024727	4.27979
0.000252299	5.52266
0.000257327	6.96195
0.000262356	8.5973
0.000267384	10.3985
0.000272413	12.3298
0.000277441	14.3634
0.000282469	16.4401
0.000287498	18.5554
0.000292526	20.6618
0.000297555	22.789
0.000302583	24.9429
0.000307612	27.1805
0.00031264	29.582
0.000317669	32.2124
0.000322697	35.2128
0.000327725	38.6397
0.000332754	42.6603
0.000337782	47.3198
0.000342811	52.7844
0.000347839	59.0946
0.000352868	66.4121
0.000357896	74.776
0.000362924	84.351
0.000367953	95.1705
0.000372981	107.398
0.00037801	121.057
0.000383038	136.297
0.000388067	153.139
0.000393095	171.719
0.000398123	192.072
0.000403152	214.354
0.00040818	238.608
0.000413209	265.046
0.000418237	293.691
0.000423266	324.77
0.000428294	358.258
0.000433323	394.266
0.000438351	432.724
0.000443379	473.504
0.000448408	516.536
0.000453436	561.477
0.000458465	608.314
0.000463493	656.718
0.000468522	706.753
0.00047355	758.389
0.000478578	811.727
0.000483607	867.145
0.000488635	924.697
0.000493664	984.944
0.000498692	1047.85
0.000503721	1113.7
0.000508749	1182.37
0.000513778	1253.55
0.000518806	1327.09
0.000523834	1402.01
0.000528863	1478.23
0.000533891	1554.5
0.00053892	1630.8
0.000543948	1706.07
0.000548977	1780.37
0.000554005	1853.23
0.000559033	1924.72
0.000564062	1994.99
0.00056909	2064.09
0.000574119	2132.57
0.000579147	2200.42
0.000584176	2268.15
0.000589204	2335.7
0.000594233	2403.17
0.000599261	2470.52
0.000604289	2537.31
0.000609318	2603.54
0.000614346	2668.49
0.000619375	2732.17
0.000624403	2794.01
0.000629432	2854.03
0.00063446	2912.06
0.000639488	2968.12
0.000644517	3022.44
0.000649545	3075
0.000654574	3126.03
0.000659602	3175.51
0.000664631	3223.08
0.000669659	3268.75
0.000674688	3311.17
0.000679716	3350.36
0.000684744	3384.05
0.000689773	3412.25
0.000694801	3432.31
0.00069983	3444.24
0.000704858	3445.07
0.000709887	3435.62
0.000714915	3415.84
0.000719943	3383.09
0.000724972	3339.36
0.00073	3284.65
0.000735029	3220.88
0.000740057	3148
0.000745086	3068.97
0.000750114	2983.82
0.000755143	2895.49
0.000760171	2804.08
0.000765199	2711.81
0.000770228	2618.81
0.000775256	2526.27
0.000780285	2434.3
0.000785313	2343.23
0.000790342	2253.11
0.00079537	2163.84
0.000800398	2075.42
0.000805427	1987.7
0.000810455	1900.66
0.000815484	1814.29
0.000820512	1728.56
0.000825541	1643.64
0.000830569	1559.5
0.000835598	1476.46
0.000840626	1394.51
0.000845654	1314.09
0.000850683	1235.19
0.000855711	1158.36
0.00086074	1083.62
0.000865768	1011.48
0.000870797	942.003
0.000875825	875.575
0.000880853	812.26
0.000885882	752.288
0.00089091	695.712
0.000895939	642.63
0.000900967	593.082
0.000905996	547.048
0.000911024	504.566
0.000916052	465.447
0.000921081	429.721
0.000926109	396.976
0.000931138	367.207
0.000936166	339.817
0.000941195	314.732
0.000946223	291.329
0.000951252	269.47
0.00095628	248.701
0.000961308	228.866
0.000966337	209.792
0.000971365	191.366
0.000976394	173.66
0.000981422	156.64
0.000986451	140.477
0.000991479	125.208
0.000996507	110.953
0.00100154	97.7727
0.00100656	85.6715
0.00101159	74.686
0.00101662	64.728
0.00102165	55.7911
0.00102668	47.7598
0.00103171	40.5972
0.00103673	34.209
0.00104176	28.5528
0.00104679	23.5642
0.00105182	19.2111
0.00105685	15.4413
0.00106188	12.2323
0.00106691	9.52571
0.00107193	7.29898
0.00107696	5.48331
0.00108199	4.04849
0.00108702	2.92477
0.00109205	2.0742
0.00109708	1.43807
0.0011021	0.976854
0.00110713	0.649326
0.00111216	0.421327
0.00111719	0.268506
0.00112222	0.16594
0.00112725	0.101488
0.00113228	0.0595367
0.0011373	0.0350151
0.00114233	0.019384
0.00114736	0.0110196
0.00115239	0.00572232
0.00115742	0.00316125
0.00116245	0.0014092
0.00116747	0.000825178
