0.000166815	1.50513e-42
0.00017352	8.2067e-41
0.000180225	3.23752e-40
0.000186929	1.51715e-38
0.000193634	5.99786e-38
0.000200339	2.40586e-36
0.000207043	9.57061e-36
0.000213748	3.28816e-34
0.000220453	1.31541e-33
0.000227157	3.87392e-32
0.000233862	1.55732e-31
0.000240566	3.93508e-30
0.000247271	1.58822e-29
0.000253976	3.44717e-28
0.00026068	1.39537e-27
0.000267385	2.60493e-26
0.00027409	1.05617e-25
0.000280794	1.69858e-24
0.000287499	6.88778e-24
0.000294204	9.56065e-23
0.000300908	3.87043e-22
0.000307613	4.64695e-21
0.000314317	1.87419e-20
0.000321022	1.95128e-19
0.000327727	7.82139e-19
0.000334431	7.08197e-18
0.000341136	2.81334e-17
0.000347841	2.2228e-16
0.000354545	8.72342e-16
0.00036125	6.03674e-15
0.000367955	2.33206e-14
0.000374659	1.41946e-13
0.000381364	5.37594e-13
0.000388068	2.89157e-12
0.000394773	1.06885e-11
0.000401478	5.10623e-11
0.000408182	1.83323e-10
0.000414887	7.82155e-10
0.000421592	2.71311e-09
0.000428296	1.03983e-08
0.000435001	3.46566e-08
0.000441706	1.20041e-07
0.00044841	3.82218e-07
0.000455115	1.20393e-06
0.000461819	3.64081e-06
0.000468524	1.04935e-05
0.000475229	2.99654e-05
0.000481933	7.95058e-05
0.000488638	0.000213193
0.000495343	0.000523715
0.000502047	0.00131182
0.000508752	0.0029993
0.000515457	0.0069849
0.000522161	0.0149327
0.000528866	0.0322034
0.000535571	0.0646224
0.000542275	0.128645
0.00054898	0.246393
0.000555684	0.449988
0.000562389	0.814986
0.000569094	1.37543
0.000575798	2.30291
0.000582503	3.63177
0.000589208	5.62756
0.000595912	8.30181
0.000602617	11.9259
0.000609322	16.4628
0.000616026	21.9858
0.000622731	28.4127
0.000629435	35.4153
0.00063614	42.9164
0.000642845	50.2228
0.000649549	57.3309
0.000656254	63.5984
0.000662959	69.1207
0.000669663	73.904
0.000676368	78.0935
0.000683073	82.6663
0.000689777	87.7317
0.000696482	94.9769
0.000703186	104.42
0.000709891	117.743
0.000716596	134.881
0.0007233	156.776
0.000730005	183.333
0.00073671	214.425
0.000743414	249.991
0.000750119	289.145
0.000756824	331.897
0.000763528	377.47
0.000770233	425.923
0.000776937	477.503
0.000783642	532.265
0.000790347	591.692
0.000797051	655.789
0.000803756	726.435
0.000810461	803.595
0.000817165	888.112
0.00082387	979.958
0.000830575	1077.96
0.000837279	1182.14
0.000843984	1289.59
0.000850689	1400.35
0.000857393	1511.29
0.000864098	1622.39
0.000870802	1732.01
0.000877507	1840.09
0.000884212	1947.13
0.000890916	2053.09
0.000897621	2159.75
0.000904326	2267.14
0.00091103	2376.28
0.000917735	2487.31
0.00092444	2598.41
0.000931144	2709.8
0.000937849	2816.31
0.000944553	2918.02
0.000951258	3008.25
0.000957963	3086.78
0.000964667	3149.28
0.000971372	3195.71
0.000978077	3222.08
0.000984781	3234.78
0.000991486	3235.78
0.000998191	3224.91
0.0010049	3209.48
0.0010116	3189.93
0.0010183	3170.13
0.00102501	3150.86
0.00103171	3130.88
0.00103842	3110.63
0.00104512	3085.76
0.00105183	3056.1
0.00105853	3017.82
0.00106524	2970.35
0.00107194	2912.54
0.00107865	2843.91
0.00108535	2765.57
0.00109206	2677.39
0.00109876	2581.27
0.00110546	2477.31
0.00111217	2367.36
0.00111887	2251.55
0.00112558	2131.77
0.00113228	2008.11
0.00113899	1882.93
0.00114569	1756.38
0.0011524	1631.27
0.0011591	1507.93
0.00116581	1389.02
0.00117251	1275.06
0.00117922	1167.81
0.00118592	1067.81
0.00119263	975.511
0.00119933	891.291
0.00120603	814.559
0.00121274	745.411
0.00121944	682.743
0.00122615	626.432
0.00123285	575.249
0.00123956	528.94
0.00124626	486.389
0.00125297	447.272
0.00125967	410.795
0.00126638	376.633
0.00127308	344.431
0.00127979	313.97
0.00128649	285.216
0.00129319	258.1
0.0012999	232.646
0.0013066	208.873
0.00131331	186.696
0.00132001	166.111
0.00132672	146.984
0.00133342	129.249
0.00134013	112.873
0.00134683	97.7929
0.00135354	84.1241
0.00136024	71.8872
0.00136695	61.2031
0.00137365	52.1758
0.00138035	44.7222
0.00138706	38.9166
0.00139376	34.4092
0.00140047	31.116
0.00140717	28.5832
0.00141388	26.5582
0.00142058	24.7335
0.00142729	22.8218
0.00143399	20.7853
0.0014407	18.4656
0.0014474	16.013
0.00145411	13.4514
0.00146081	10.9439
0.00146752	8.61607
0.00147422	6.53153
0.00148092	4.79712
0.00148763	3.38036
0.00149433	2.28609
0.00150104	1.51267
