0.000500379	4.65465e-191
0.000509598	1.41424e-184
0.000518817	5.65696e-184
0.000528036	1.2507e-177
0.000537255	5.05399e-177
0.000546474	8.12963e-171
0.000555693	3.31924e-170
0.000564912	3.88393e-164
0.000574131	1.6025e-163
0.00058335	1.36381e-157
0.000592569	5.68737e-157
0.000601788	3.51981e-151
0.000611007	1.48381e-150
0.000620226	6.67671e-145
0.000629445	2.84576e-144
0.000638664	9.30855e-139
0.000647883	4.0121e-138
0.000657101	9.5384e-133
0.00066632	4.15813e-132
0.000675539	7.18358e-127
0.000684758	3.16794e-126
0.000693977	3.97628e-121
0.000703196	1.77422e-120
0.000712415	1.61763e-115
0.000721634	7.30453e-115
0.000730853	4.83669e-110
0.000740072	2.21069e-109
0.000749291	1.06287e-104
0.00075851	4.9183e-104
0.000767729	1.71661e-99
0.000776948	8.04367e-99
0.000786167	2.03761e-94
0.000795386	9.67039e-94
0.000804605	1.77758e-89
0.000813823	8.54643e-89
0.000823042	1.1397e-84
0.000832261	5.55235e-84
0.00084148	5.37035e-80
0.000850699	2.65166e-79
0.000859918	1.8598e-75
0.000869137	9.30917e-75
0.000878356	4.7335e-71
0.000887575	2.40244e-70
0.000896794	8.8542e-67
0.000906013	4.5577e-66
0.000915232	1.21722e-62
0.000924451	6.35607e-62
0.00093367	1.22984e-58
0.000942889	6.516e-58
0.000952108	9.1325e-55
0.000961327	4.91048e-54
0.000970545	4.98434e-51
0.000979764	2.72031e-50
0.000988983	1.99949e-47
0.000998202	1.1078e-46
0.00100742	5.8959e-44
0.00101664	3.31636e-43
0.00102586	1.27802e-40
0.00103508	7.29821e-40
0.0010443	2.03676e-37
0.00105352	1.18067e-36
0.00106273	2.38689e-34
0.00107195	1.40412e-33
0.00108117	2.05745e-31
0.00109039	1.22758e-30
0.00109961	1.30493e-28
0.00110883	7.89e-28
0.00111805	6.09293e-26
0.00112727	3.7282e-25
0.00113649	2.09582e-23
0.00114571	1.2952e-22
0.00115492	5.31611e-21
0.00116414	3.30843e-20
0.00117336	9.95668e-19
0.00118258	6.21437e-18
0.0011918	1.37936e-16
0.00120102	8.58476e-16
0.00121024	1.41667e-14
0.00121946	8.72378e-14
0.00122868	1.08176e-12
0.00123789	6.52318e-12
0.00124711	6.16249e-11
0.00125633	3.59071e-10
0.00126555	2.62919e-09
0.00127477	1.45593e-08
0.00128399	8.4347e-08
0.00129321	4.35238e-07
0.00130243	2.04221e-06
0.00131165	9.60488e-06
0.00132087	3.74237e-05
0.00133008	0.000156756
0.0013393	0.000519871
0.00134852	0.00189682
0.00135774	0.00547599
0.00136696	0.0170784
0.00137618	0.0437088
0.0013854	0.11498
0.00139462	0.264187
0.00140384	0.582721
0.00141305	1.23847
0.00142227	2.32884
0.00143149	4.28085
0.00144071	7.09211
0.00144993	11.1383
0.00145915	16.4281
0.00146837	22.7326
0.00147759	30.0626
0.00148681	37.7972
0.00149603	45.8983
0.00150524	54.7451
0.00151446	64.2192
0.00152368	77.1114
0.0015329	93.319
0.00154212	117.359
0.00155134	149.344
0.00156056	192.167
0.00156978	246.206
0.001579	309.546
0.00158821	382.522
0.00159743	459.264
0.00160665	539.61
0.00161587	618.968
0.00162509	696.546
0.00163431	774.89
0.00164353	853.22
0.00165275	941.37
0.00166197	1039.89
0.00167118	1155.41
0.0016804	1289.92
0.00168962	1435.52
0.00169884	1593.04
0.00170806	1747.34
0.00171728	1896.3
0.0017265	2036.77
0.00173572	2166.47
0.00174494	2295.9
0.00175416	2426.2
0.00176337	2562.01
0.00177259	2706.5
0.00178181	2846.46
0.00179103	2982.06
0.00180025	3096.14
0.00180947	3184.55
0.00181869	3247.57
0.00182791	3284.04
0.00183713	3298.13
0.00184634	3303.5
0.00185556	3304.3
0.00186478	3295.85
0.001874	3276.12
0.00188322	3239.24
0.00189244	3177.65
0.00190166	3089.62
0.00191088	2976.84
0.0019201	2837.66
0.00192932	2681.37
0.00193853	2509.08
0.00194775	2329.67
0.00195697	2145.23
0.00196619	1962.22
0.00197541	1782.64
0.00198463	1610.57
0.00199385	1447.59
0.00200307	1295.91
0.00201229	1156.63
0.0020215	1030.56
0.00203072	918.71
0.00203994	819.389
0.00204916	732.937
0.00205838	655.638
0.0020676	586.328
0.00207682	522.62
0.00208604	463.021
0.00209526	407.508
0.00210448	355.717
0.00211369	307.694
0.00212291	263.567
0.00213213	222.661
0.00214135	184.574
0.00215057	149.416
0.00215979	116.858
0.00216901	87.9448
0.00217823	63.1864
0.00218745	42.8902
0.00219666	27.6978
0.00220588	16.6033
0.0022151	9.43555
0.00222432	4.96385
0.00223354	2.34281
0.00224276	1.14017
0.00225198	0.475149
0.0022612	0.197283
0.00227042	0.0738371
0.00227964	0.0255435
0.00228885	0.00874905
0.00229807	0.00246403
0.00230729	0.000786744
0.00231651	0.000176556
0.00232573	5.11716e-05
0.00233495	9.37678e-06
