3.33898e-05	1.7629e-13
3.55687e-05	9.03298e-13
3.77476e-05	3.08432e-12
3.99264e-05	1.4813e-11
4.21053e-05	4.73784e-11
4.42842e-05	2.04542e-10
4.64631e-05	6.39068e-10
4.8642e-05	2.4901e-09
5.08209e-05	7.57052e-09
5.29998e-05	2.67379e-08
5.51787e-05	7.87752e-08
5.73576e-05	2.53328e-07
5.95365e-05	7.20146e-07
6.17154e-05	2.11857e-06
6.38943e-05	5.78512e-06
6.60732e-05	1.56439e-05
6.82521e-05	4.08482e-05
7.0431e-05	0.000102026
7.26099e-05	0.000253584
7.47888e-05	0.000587804
7.69677e-05	0.00138455
7.91465e-05	0.00299216
8.13254e-05	0.00665123
8.35043e-05	0.0134596
8.56832e-05	0.0281269
8.78621e-05	0.0535104
9.0041e-05	0.104773
9.22199e-05	0.191856
9.43988e-05	0.346259
9.65777e-05	0.602769
9.87566e-05	1.01164
0.000100935	1.65752
0.000103114	2.60937
0.000105293	4.01931
0.000107472	5.95695
0.000109651	8.63218
0.00011183	12.0835
0.000114009	16.5156
0.000116188	21.9143
0.000118367	28.3832
0.000120546	35.8718
0.000122724	44.3331
0.000124903	53.7338
0.000127082	63.9505
0.000129261	75.0106
0.00013144	86.8794
0.000133619	99.6307
0.000135798	113.42
0.000137977	128.309
0.000140156	144.562
0.000142334	162.198
0.000144513	181.423
0.000146692	202.257
0.000148871	224.831
0.00015105	249.263
0.000153229	275.893
0.000155408	304.997
0.000157587	337.581
0.000159766	374.045
0.000161945	416.385
0.000164123	465.003
0.000166302	522.794
0.000168481	590.008
0.00017066	669.814
0.000172839	762.195
0.000175018	869.585
0.000177197	991.688
0.000179376	1129.18
0.000181555	1281.59
0.000183733	1447.27
0.000185912	1625.72
0.000188091	1813.12
0.00019027	2009.1
0.000192449	2208.51
0.000194628	2411.21
0.000196807	2612.05
0.000198986	2811.15
0.000201165	3004.94
0.000203344	3193.75
0.000205522	3376.91
0.000207701	3554.83
0.00020988	3730.15
0.000212059	3903.15
0.000214238	4078.73
0.000216417	4256.91
0.000218596	4442.51
0.000220775	4635.28
0.000222954	4837.12
0.000225132	5047.69
0.000227311	5263.77
0.00022949	5485.08
0.000231669	5703.04
0.000233848	5917.56
0.000236027	6117.27
0.000238206	6302.31
0.000240385	6463.43
0.000242564	6600.86
0.000244743	6712.14
0.000246921	6797.38
0.0002491	6862.2
0.000251279	6906.57
0.000253458	6941.32
0.000255637	6966.38
0.000257816	6992.9
0.000259995	7020.87
0.000262174	7057.6
0.000264353	7103.23
0.000266531	7159.1
0.00026871	7225.46
0.000270889	7297.57
0.000273068	7375.69
0.000275247	7450.44
0.000277426	7521.95
0.000279605	7580.17
0.000281784	7626.07
0.000283963	7634.71
0.000286142	7626.68
0.00028832	7605.13
0.000290499	7538.66
0.000292678	7445.3
0.000294857	7326.78
0.000297036	7187.75
0.000299215	7028.13
0.000301394	6856.29
0.000303573	6672.63
0.000305752	6482.92
0.00030793	6287.82
0.000310109	6089.05
0.000312288	5887.06
0.000314467	5680.96
0.000316646	5470.79
0.000318825	5255.56
0.000321004	5035.05
0.000323183	4809.76
0.000325362	4579.49
0.00032754	4346.29
0.000329719	4110.09
0.000331898	3873.9
0.000334077	3637.77
0.000336256	3405.22
0.000338435	3176.44
0.000340614	2955.19
0.000342793	2741.85
0.000344972	2539.9
0.000347151	2349.91
0.000349329	2174.11
0.000351508	2013.16
0.000353687	1867.28
0.000355866	1736.98
0.000358045	1620.42
0.000360224	1517.76
0.000362403	1425.79
0.000364582	1344.26
0.000366761	1269.45
0.000368939	1200.77
0.000371118	1134.85
0.000373297	1070.87
0.000375476	1006.53
0.000377655	940.954
0.000379834	873.513
0.000382013	803.522
0.000384192	732.197
0.000386371	659.336
0.00038855	587.388
0.000390728	516.782
0.000392907	449.995
0.000395086	387.903
0.000397265	331.89
0.000399444	282.83
0.000401623	240.601
0.000403802	205.642
0.000405981	176.736
0.00040816	153.735
0.000410338	135.153
0.000412517	120.435
0.000414696	108.509
0.000416875	98.7607
0.000419054	90.7276
0.000421233	84.019
0.000423412	78.5187
0.000425591	74.1047
0.00042777	70.6138
0.000429949	68.0197
0.000432127	65.9417
0.000434306	64.2445
0.000436485	62.4873
0.000438664	60.3851
0.000440843	57.7209
0.000443022	54.2129
0.000445201	49.9935
0.00044738	44.9747
0.000449559	39.5094
0.000451737	33.7539
0.000453916	28.038
0.000456095	22.6423
0.000458274	17.7146
0.000460453	13.4853
0.000462632	9.92063
0.000464811	7.06893
0.00046699	4.91362
