0.000100103	5.13339e-09
0.00010312	1.36633e-08
0.000106137	3.92529e-08
0.000109154	1.06084e-07
0.000112171	2.72933e-07
0.000115188	6.93343e-07
0.000118205	1.7259e-06
0.000121222	4.13295e-06
0.000124239	9.92725e-06
0.000127256	2.24729e-05
0.000130273	5.19512e-05
0.00013329	0.000111487
0.000136307	0.000247421
0.000139324	0.000504707
0.000142341	0.00107277
0.000145358	0.0020855
0.000148375	0.00423644
0.000151392	0.00786807
0.000154408	0.0152462
0.000157425	0.0273646
0.000160442	0.0501401
0.000163459	0.0873703
0.000166476	0.150924
0.000169493	0.252626
0.00017251	0.415024
0.000175527	0.666204
0.000178544	1.04404
0.000181561	1.60591
0.000184578	2.40679
0.000187595	3.54759
0.000190612	5.09593
0.000193629	7.20371
0.000196646	9.93884
0.000199663	13.4944
0.00020268	17.9208
0.000205697	23.4191
0.000208714	30.0063
0.000211731	37.8399
0.000214748	46.8967
0.000217765	57.2383
0.000220782	68.8053
0.000223799	81.529
0.000226816	95.3246
0.000229833	109.984
0.00023285	125.411
0.000235867	141.268
0.000238884	157.465
0.000241901	173.569
0.000244918	189.518
0.000247935	204.856
0.000250952	219.574
0.000253969	233.322
0.000256986	246.165
0.000260003	258.021
0.00026302	269.025
0.000266037	279.501
0.000269054	289.624
0.000272071	300.154
0.000275088	311.258
0.000278105	324.029
0.000281122	338.592
0.000284139	356.179
0.000287156	376.861
0.000290173	401.816
0.00029319	431.059
0.000296207	465.557
0.000299224	505.266
0.000302241	550.772
0.000305258	601.966
0.000308275	658.833
0.000311292	721.213
0.000314309	788.294
0.000317326	859.911
0.000320343	934.481
0.00032336	1011.9
0.000326377	1090.22
0.000329394	1169.45
0.000332411	1247.93
0.000335428	1325.77
0.000338445	1402.24
0.000341462	1477.47
0.000344479	1551.86
0.000347496	1625.49
0.000350513	1699.49
0.00035353	1773.87
0.000356547	1849.85
0.000359564	1927.37
0.000362581	2007.03
0.000365598	2088.75
0.000368615	2172.11
0.000371632	2257.04
0.000374649	2342.03
0.000377666	2427.01
0.000380683	2509.57
0.0003837	2589.7
0.000386717	2664.53
0.000389734	2734.11
0.000392751	2795.92
0.000395768	2849.99
0.000398785	2895.07
0.000401802	2931.16
0.000404819	2958.91
0.000407836	2978.28
0.000410853	2991.82
0.00041387	2999.48
0.000416887	3004.83
0.000419904	3007.85
0.000422921	3011.68
0.000425938	3016.37
0.000428955	3023.14
0.000431972	3032.12
0.000434989	3041.9
0.000438006	3052.64
0.000441023	3060.46
0.00044404	3065.2
0.000447057	3065.11
0.000450074	3055.44
0.000453091	3035.25
0.000456108	3003.49
0.000459125	2958.46
0.000462142	2899.96
0.000465159	2828.74
0.000468176	2744.53
0.000471193	2650.77
0.00047421	2547.33
0.000477227	2439.27
0.000480244	2326.68
0.000483261	2214.76
0.000486278	2103.84
0.000489295	1997.71
0.000492312	1896.82
0.000495329	1802.6
0.000498346	1715.48
0.000501363	1634.47
0.00050438	1559.81
0.000507397	1489.03
0.000510414	1422.05
0.000513431	1356.29
0.000516448	1291.43
0.000519465	1225.84
0.000522482	1159.15
0.000525499	1091.18
0.000528516	1021.64
0.000531533	951.53
0.00053455	880.802
0.000537567	810.955
0.000540584	742.145
0.000543601	675.72
0.000546618	611.943
0.000549635	551.618
0.000552652	494.996
0.000555669	442.278
0.000558686	393.617
0.000561703	348.787
0.00056472	307.822
0.000567737	270.314
0.000570754	236.21
0.000573771	205.12
0.000576788	176.95
0.000579805	151.423
0.000582822	128.453
0.000585839	107.858
0.000588856	89.5818
0.000591873	73.4696
0.00059489	59.4893
0.000597907	47.4471
0.000600924	37.3105
0.000603941	28.8272
0.000606958	21.942
0.000609975	16.3699
0.000612992	12.0269
0.000616009	8.64226
0.000619026	6.11373
0.000622043	4.22372
0.00062506	2.87061
0.000628077	1.90455
0.000631094	1.2408
0.000634111	0.790275
0.000637128	0.49234
0.000640145	0.301133
0.000643162	0.1789
0.000646179	0.105205
0.000649196	0.0593906
0.000652213	0.0336576
0.00065523	0.0178381
0.000658247	0.00988723
0.000661264	0.00500189
0.000664281	0.00265387
0.000667298	0.00128358
0.000670315	0.000650345
0.000673332	0.000301289
0.000676349	0.0001454
0.000679366	6.46579e-05
0.000682383	2.96411e-05
0.0006854	1.26813e-05
0.000688417	5.50705e-06
0.000691434	2.27227e-06
0.000694451	9.32083e-07
0.000697468	3.40771e-07
0.000700485	1.43667e-07
