3.33898e-05	6.56089e-32
3.59039e-05	1.49039e-30
3.8418e-05	5.76472e-30
4.09322e-05	1.15151e-28
4.34463e-05	4.41711e-28
4.59604e-05	7.68307e-27
4.84746e-05	2.95151e-26
5.09887e-05	4.47626e-25
5.35028e-05	1.7199e-24
5.6017e-05	2.27776e-23
5.85311e-05	8.74016e-23
6.10452e-05	1.01257e-21
6.35594e-05	3.87347e-21
6.60735e-05	3.93361e-20
6.85877e-05	1.49711e-19
7.11018e-05	1.3358e-18
7.36159e-05	5.04646e-18
7.61301e-05	3.96666e-17
7.86442e-05	1.4836e-16
8.11583e-05	1.03039e-15
8.36725e-05	3.80412e-15
8.61866e-05	2.34229e-14
8.87007e-05	8.50784e-14
9.12149e-05	4.66142e-13
9.3729e-05	1.65971e-12
9.62431e-05	8.12474e-12
9.87573e-05	2.82436e-11
0.000101271	1.24077e-10
0.000103786	4.19289e-10
0.0001063	1.66085e-09
0.000108814	5.43065e-09
0.000111328	1.94931e-08
0.000113842	6.13741e-08
0.000116356	2.00667e-07
0.00011887	6.05303e-07
0.000121384	1.81229e-06
0.000123899	5.21066e-06
0.000126413	1.43621e-05
0.000128927	3.91601e-05
0.000131441	9.98868e-05
0.000133955	0.000257013
0.000136469	0.000609728
0.000138983	0.00147369
0.000141498	0.00326692
0.000144012	0.00738643
0.000146526	0.0153664
0.00014904	0.0323882
0.000151554	0.0634681
0.000154068	0.124382
0.000156582	0.233867
0.000159096	0.422902
0.000161611	0.754007
0.000164125	1.26917
0.000166639	2.11519
0.000169153	3.34886
0.000171667	5.22869
0.000174181	7.81628
0.000176695	11.4804
0.00017921	16.273
0.000181724	22.6249
0.000184238	30.5749
0.000186752	40.5614
0.000189266	52.6222
0.00019178	67.2086
0.000194294	84.3661
0.000196809	104.615
0.000199323	127.992
0.000201837	155.072
0.000204351	185.847
0.000206865	220.761
0.000209379	259.744
0.000211893	302.818
0.000214407	349.864
0.000216922	400.259
0.000219436	453.88
0.00022195	509.433
0.000224464	566.867
0.000226978	624.632
0.000229492	682.844
0.000232006	740.832
0.000234521	798.911
0.000237035	858.931
0.000239549	921.275
0.000242063	991.185
0.000244577	1068.87
0.000247091	1161.59
0.000249605	1269.24
0.000252119	1397.65
0.000254634	1546.49
0.000257148	1716.96
0.000259662	1908.76
0.000262176	2118.15
0.00026469	2345.06
0.000267204	2583.69
0.000269718	2834.13
0.000272233	3092.3
0.000274747	3358.28
0.000277261	3631.5
0.000279775	3912
0.000282289	4201.98
0.000284803	4501.41
0.000287317	4812.92
0.000289831	5136.52
0.000292346	5471.89
0.00029486	5819.19
0.000297374	6171.39
0.000299888	6528.81
0.000302402	6875.91
0.000304916	7212.96
0.00030743	7519.45
0.000309945	7795.26
0.000312459	8023.6
0.000314973	8203.79
0.000317487	8332.87
0.000320001	8411.81
0.000322515	8424.04
0.000325029	8406.52
0.000327544	8366.34
0.000330058	8284.52
0.000332572	8187.79
0.000335086	8077.82
0.0003376	7965.88
0.000340114	7852.57
0.000342628	7746.8
0.000345142	7649.44
0.000347657	7563.66
0.000350171	7490.68
0.000352685	7424.62
0.000355199	7366.54
0.000357713	7301.47
0.000360227	7229.31
0.000362741	7132.7
0.000365256	7009.84
0.00036777	6851.13
0.000370284	6653.89
0.000372798	6422.45
0.000375312	6154.97
0.000377826	5867.11
0.00038034	5559.17
0.000382854	5249.15
0.000385369	4939.32
0.000387883	4641.41
0.000390397	4358.18
0.000392911	4092.13
0.000395425	3844.99
0.000397939	3613.01
0.000400453	3396.27
0.000402968	3190.11
0.000405482	2993.58
0.000407996	2804.66
0.00041051	2622.45
0.000413024	2447.61
0.000415538	2279.96
0.000418052	2120.6
0.000420566	1969.93
0.000423081	1827.61
0.000425595	1693.96
0.000428109	1567.29
0.000430623	1447.39
0.000433137	1332.59
0.000435651	1222.31
0.000438165	1115.97
0.00044068	1013.09
0.000443194	914.236
0.000445708	819.319
0.000448222	729.249
0.000450736	644.296
0.00045325	564.977
0.000455764	491.609
0.000458279	424.14
0.000460793	362.698
0.000463307	306.952
0.000465821	256.836
0.000468335	212.053
0.000470849	172.492
0.000473363	137.912
0.000475877	108.251
0.000478392	83.1445
0.000480906	62.5256
0.00048342	45.8019
0.000485934	32.7928
0.000488448	22.7826
0.000490962	15.4459
0.000493476	10.1414
0.000495991	6.47771
0.000498505	4.01403
0.000501019	2.4025
0.000503533	1.40644
0.000506047	0.782095
0.000508561	0.435203
0.000511075	0.221913
0.000513589	0.118938
0.000516104	0.0569659
0.000518618	0.0285643
0.000521132	0.0128967
0.000523646	0.00602023
0.00052616	0.00257288
0.000528674	0.00111234
0.000531188	0.00041311
0.000533703	0.000180033
