0.000100103	1.12057e-14
0.000103622	5.77775e-14
0.000107142	1.97493e-13
0.000110662	9.62485e-13
0.000114182	3.09014e-12
0.000117702	1.36471e-11
0.000121222	4.29282e-11
0.000124742	1.72378e-10
0.000128261	5.29508e-10
0.000131781	1.94019e-09
0.000135301	5.79965e-09
0.000138821	1.94645e-08
0.000142341	5.64112e-08
0.000145861	1.74092e-07
0.000149381	4.87308e-07
0.0001529	1.38849e-06
0.00015642	3.73904e-06
0.00015994	9.87644e-06
0.00016346	2.5485e-05
0.00016698	6.26608e-05
0.0001705	0.000154322
0.00017402	0.000354606
0.000177539	0.000830339
0.000181059	0.00178996
0.000184579	0.00397036
0.000188099	0.00805832
0.000191619	0.0168743
0.000195139	0.0323506
0.000198659	0.0637565
0.000202178	0.117277
0.000205698	0.215115
0.000209218	0.379867
0.000212738	0.64819
0.000216258	1.08157
0.000219778	1.7349
0.000223298	2.72897
0.000226817	4.1253
0.000230337	6.10894
0.000233857	8.71509
0.000237377	12.1435
0.000240897	16.3592
0.000244417	21.4505
0.000247937	27.2883
0.000251456	33.6878
0.000254976	40.4581
0.000258496	47.0611
0.000262016	53.3344
0.000265536	58.6211
0.000269056	62.6797
0.000272576	64.582
0.000276095	65.3711
0.000279615	64.5465
0.000283135	61.7095
0.000286655	58.0223
0.000290175	53.6137
0.000293695	49.3206
0.000297214	45.8063
0.000300734	45.6303
0.000304254	45.9545
0.000307774	48.3584
0.000311294	56.6128
0.000314814	68.7615
0.000318334	85.3389
0.000321853	107.22
0.000325373	134.367
0.000328893	167.183
0.000332413	205.636
0.000335933	249.876
0.000339453	299.899
0.000342973	355.788
0.000346492	417.566
0.000350012	485.417
0.000353532	559.364
0.000357052	639.701
0.000360572	726.42
0.000364092	819.743
0.000367612	919.616
0.000371131	1025.89
0.000374651	1138.47
0.000378171	1256.62
0.000381691	1380.25
0.000385211	1508.05
0.000388731	1640.02
0.000392251	1774.77
0.00039577	1912.37
0.00039929	2052.11
0.00040281	2194.12
0.00040633	2338.97
0.00040985	2486.75
0.00041337	2639.05
0.00041689	2795.85
0.000420409	2958.37
0.000423929	3126.5
0.000427449	3299.26
0.000430969	3476.56
0.000434489	3654.4
0.000438009	3832.77
0.000441529	4005.87
0.000445048	4173.74
0.000448568	4331.41
0.000452088	4478.9
0.000455608	4614.14
0.000459128	4737.1
0.000462648	4848.49
0.000466168	4948.31
0.000469687	5038.2
0.000473207	5118.17
0.000476727	5189.16
0.000480247	5251.19
0.000483767	5304.44
0.000487287	5348.88
0.000490807	5384.96
0.000494326	5412.67
0.000497846	5433.42
0.000501366	5447.66
0.000504886	5450.19
0.000508406	5448.65
0.000511926	5443.96
0.000515446	5425.18
0.000518965	5394.17
0.000522485	5351.7
0.000526005	5293.26
0.000529525	5218.51
0.000533045	5126.64
0.000536565	5017.21
0.000540085	4893.06
0.000543604	4753.95
0.000547124	4604.91
0.000550644	4446.09
0.000554164	4282.31
0.000557684	4113.99
0.000561204	3944.13
0.000564724	3773.16
0.000568243	3602.09
0.000571763	3431.15
0.000575283	3260.28
0.000578803	3089.49
0.000582323	2918.9
0.000585843	2748.33
0.000589362	2578.93
0.000592882	2410.56
0.000596402	2245.48
0.000599922	2083.73
0.000603442	1928.14
0.000606962	1778.99
0.000610482	1638.72
0.000614001	1507.81
0.000617521	1387.52
0.000621041	1278.34
0.000624561	1180.05
0.000628081	1092.97
0.000631601	1015.55
0.000635121	947.826
0.00063864	887.37
0.00064216	833.9
0.00064568	784.878
0.0006492	739.741
0.00065272	696.652
0.00065624	654.958
0.00065976	614.025
0.000663279	573.385
0.000666799	533.463
0.000670319	494.166
0.000673839	456.27
0.000677359	420.003
0.000680879	385.734
0.000684399	353.749
0.000687918	323.75
0.000691438	295.81
0.000694958	269.306
0.000698478	244.043
0.000701998	219.621
0.000705518	195.76
0.000709038	172.569
0.000712557	149.916
0.000716077	128.274
0.000719597	107.753
0.000723117	88.817
0.000726637	71.7213
0.000730157	56.6394
0.000733677	43.7876
0.000737196	33.0093
0.000740716	24.3585
0.000744236	17.4895
0.000747756	12.2881
0.000751276	8.39385
0.000754796	5.60096
0.000758316	3.63924
0.000761835	2.29943
0.000765355	1.42231
0.000768875	0.847786
0.000772395	0.500181
0.000775915	0.279647
0.000779435	0.158053
0.000782955	0.0818165
0.000786474	0.0448621
0.000789994	0.0220032
0.000793514	0.0113974
0.000797034	0.00479048
0.000800554	0.00258818
