0.000100103	2.86412e-07
0.00010312	5.95544e-07
0.000106137	1.52294e-06
0.000109154	3.33208e-06
0.000112171	7.51515e-06
0.000115188	1.57592e-05
0.000118205	3.44215e-05
0.000121222	6.93098e-05
0.000124239	0.000146375
0.000127256	0.000283514
0.000130273	0.000578051
0.00013329	0.00107884
0.000136307	0.00212065
0.000139324	0.00381981
0.000142341	0.00723011
0.000145358	0.0127215
0.000148375	0.0229619
0.000151392	0.0394065
0.000154408	0.0679254
0.000157425	0.113072
0.000160442	0.18706
0.000163459	0.301602
0.000166476	0.479906
0.000169493	0.748728
0.00017251	1.14799
0.000175527	1.73225
0.000178544	2.56336
0.000181561	3.74087
0.000184578	5.35059
0.000187595	7.55485
0.000190612	10.4594
0.000193629	14.3005
0.000196646	19.1927
0.000199663	25.4417
0.00020268	33.1551
0.000205697	42.6832
0.000208714	54.1131
0.000211731	67.7991
0.000214748	83.8022
0.000217765	102.441
0.000220782	123.757
0.000223799	148.012
0.000226816	175.24
0.000229833	205.658
0.00023285	239.303
0.000235867	276.379
0.000238884	316.931
0.000241901	361.184
0.000244918	409.192
0.000247935	461.223
0.000250952	517.34
0.000253969	577.867
0.000256986	642.87
0.000260003	712.742
0.00026302	787.538
0.000266037	867.702
0.000269054	953.254
0.000272071	1044.6
0.000275088	1141.68
0.000278105	1244.67
0.000281122	1353.41
0.000284139	1467.53
0.000287156	1586.79
0.000290173	1710.05
0.00029319	1837.03
0.000296207	1965.76
0.000299224	2096.03
0.000302241	2225.32
0.000305258	2353.52
0.000308275	2478.12
0.000311292	2599.16
0.000314309	2714.71
0.000317326	2824.92
0.000320343	2928.95
0.00032336	3027.02
0.000326377	3119.61
0.000329394	3206.91
0.000332411	3290.68
0.000335428	3371.06
0.000338445	3450.71
0.000341462	3529.71
0.000344479	3611
0.000347496	3694.54
0.000350513	3782.66
0.00035353	3875.23
0.000356547	3972.99
0.000359564	4075.74
0.000362581	4181.92
0.000365598	4291.34
0.000368615	4400
0.000371632	4507.81
0.000374649	4609.1
0.000377666	4703.89
0.000380683	4786.37
0.0003837	4856.62
0.000386717	4911.9
0.000389734	4951.95
0.000392751	4962.82
0.000395768	4965.91
0.000398785	4961.26
0.000401802	4930.94
0.000404819	4891.19
0.000407836	4841.99
0.000410853	4787.97
0.00041387	4729.12
0.000416887	4670.49
0.000419904	4612.12
0.000422921	4557.08
0.000425938	4505.46
0.000428955	4458.01
0.000431972	4414.83
0.000434989	4374.81
0.000438006	4338.02
0.000441023	4302.44
0.00044404	4268.07
0.000447057	4232.77
0.000450074	4196.52
0.000453091	4157.48
0.000456108	4115.62
0.000459125	4069.43
0.000462142	4018.88
0.000465159	3962.72
0.000468176	3900.91
0.000471193	3832.58
0.00047421	3757.62
0.000477227	3675.82
0.000480244	3587.05
0.000483261	3491.99
0.000486278	3390.53
0.000489295	3284.13
0.000492312	3172.77
0.000495329	3058.22
0.000498346	2940.57
0.000501363	2821.28
0.00050438	2700.52
0.000507397	2579.1
0.000510414	2457.15
0.000513431	2334.99
0.000516448	2212.66
0.000519465	2090.39
0.000522482	1968.15
0.000525499	1846.54
0.000528516	1725.51
0.000531533	1606.2
0.00053455	1488.62
0.000537567	1374.24
0.000540584	1263.2
0.000543601	1156.93
0.000546618	1055.66
0.000549635	960.44
0.000552652	871.524
0.000555669	789.389
0.000558686	714.258
0.000561703	646.014
0.00056472	584.784
0.000567737	529.964
0.000570754	481.562
0.000573771	438.651
0.000576788	401.119
0.000579805	367.909
0.000582822	338.811
0.000585839	312.826
0.000588856	289.683
0.000591873	268.598
0.00059489	249.293
0.000597907	231.28
0.000600924	214.327
0.000603941	198.233
0.000606958	182.854
0.000609975	168.186
0.000612992	154.179
0.000616009	140.903
0.000619026	128.376
0.000622043	116.64
0.00062506	105.73
0.000628077	95.6152
0.000631094	86.31
0.000634111	77.7216
0.000637128	69.8271
0.000640145	62.5238
0.000643162	55.7611
0.000646179	49.4714
0.000649196	43.6031
0.000652213	38.1378
0.00065523	33.0456
0.000658247	28.3405
0.000661264	24.0194
0.000664281	20.0986
0.000667298	16.5905
0.000670315	13.4912
0.000673332	10.8101
0.000676349	8.51808
0.000679366	6.60854
0.000682383	5.03614
0.0006854	3.77565
0.000688417	2.77955
0.000691434	2.01046
0.000694451	1.42912
0.000697468	0.980548
0.000700485	0.683575
