0.000500379	1.10736e-51
0.000507084	1.29829e-49
0.000513789	5.15994e-49
0.000520493	5.118e-47
0.000527198	2.04696e-46
0.000533903	1.71437e-44
0.000540607	6.91344e-44
0.000547312	4.89052e-42
0.000554017	1.98797e-41
0.000560721	1.18822e-39
0.000567426	4.86706e-39
0.000574131	2.45912e-37
0.000580835	1.01456e-36
0.00058754	4.33585e-35
0.000594244	1.80076e-34
0.000600949	6.51403e-33
0.000607654	2.72154e-32
0.000614358	8.34055e-31
0.000621063	3.50244e-30
0.000627768	9.10352e-29
0.000634472	3.83833e-28
0.000641177	8.47248e-27
0.000647882	3.58218e-26
0.000654586	6.72564e-25
0.000661291	2.84713e-24
0.000667995	4.55547e-23
0.0006747	1.92728e-22
0.000681405	2.63382e-21
0.000688109	1.11118e-20
0.000694814	1.30044e-19
0.000701519	5.45704e-19
0.000708223	5.48615e-18
0.000714928	2.28293e-17
0.000721633	1.97862e-16
0.000728337	8.13635e-16
0.000735042	6.10436e-15
0.000741746	2.47063e-14
0.000748451	1.61204e-13
0.000755156	6.39252e-13
0.00076186	3.64636e-12
0.000768565	1.40954e-11
0.00077527	7.06933e-11
0.000781974	2.64903e-10
0.000788679	1.17546e-09
0.000795384	4.24394e-09
0.000802088	1.67726e-08
0.000808793	5.79706e-08
0.000815497	2.0548e-07
0.000822202	6.75305e-07
0.000828907	2.16214e-06
0.000835611	6.71059e-06
0.000842316	1.95457e-05
0.000849021	5.6902e-05
0.000855725	0.000151813
0.00086243	0.000411875
0.000869135	0.00101308
0.000875839	0.00254613
0.000882544	0.0058074
0.000889249	0.0134501
0.000895953	0.0285903
0.000902658	0.0607622
0.000909362	0.120852
0.000916067	0.234987
0.000922772	0.448905
0.000929476	0.794261
0.000936181	1.40024
0.000942886	2.29736
0.00094959	3.71994
0.000956295	5.68812
0.000963	8.49291
0.000969704	12.1267
0.000976409	16.7954
0.000983113	22.4663
0.000989818	29.1163
0.000996523	36.7248
0.00100323	45.1066
0.00100993	54.2981
0.00101664	64.3357
0.00102334	75.3168
0.00103005	87.9681
0.00103675	102.396
0.00104346	120.136
0.00105016	141.238
0.00105686	167.59
0.00106357	199.154
0.00107027	237.334
0.00107698	282.031
0.00108368	333.399
0.00109039	391.334
0.00109709	454.526
0.0011038	522.928
0.0011105	594.362
0.00111721	668.844
0.00112391	744.43
0.00113062	821.163
0.00113732	898.102
0.00114402	975.272
0.00115073	1052.62
0.00115743	1130.16
0.00116414	1208.18
0.00117084	1286.66
0.00117755	1366.14
0.00118425	1446.62
0.00119096	1529.4
0.00119766	1614.45
0.00120437	1704
0.00121107	1798.03
0.00121778	1898.49
0.00122448	2005.44
0.00123119	2118.5
0.00123789	2237.81
0.00124459	2359.76
0.0012513	2484.43
0.001258	2606.61
0.00126471	2726.2
0.00127141	2839.21
0.00127812	2945.47
0.00128482	3043.27
0.00129153	3132.54
0.00129823	3212.08
0.00130494	3281.97
0.00131164	3339.76
0.00131835	3385.89
0.00132505	3413
0.00133175	3426.05
0.00133846	3426.42
0.00134516	3406.22
0.00135187	3372.18
0.00135857	3325
0.00136528	3268.21
0.00137198	3202.25
0.00137869	3128.88
0.00138539	3048.49
0.0013921	2960.65
0.0013988	2865.15
0.00140551	2763.04
0.00141221	2653.76
0.00141891	2542.34
0.00142562	2428.74
0.00143232	2319.78
0.00143903	2216.47
0.00144573	2122.24
0.00145244	2038.58
0.00145914	1962.69
0.00146585	1895.26
0.00147255	1829.58
0.00147926	1764.93
0.00148596	1695.77
0.00149267	1620.59
0.00149937	1538.27
0.00150608	1447.69
0.00151278	1351.55
0.00151948	1249.76
0.00152619	1146.24
0.00153289	1041.65
0.0015396	939.199
0.0015463	839.742
0.00155301	745.208
0.00155971	656.304
0.00156642	573.821
0.00157312	498.219
0.00157983	429.435
0.00158653	367.656
0.00159324	312.366
0.00159994	263.525
0.00160664	220.531
0.00161335	183.251
0.00162005	151.085
0.00162676	123.899
0.00163346	100.975
0.00164017	82.1398
0.00164687	66.5559
0.00165358	53.943
0.00166028	43.5622
0.00166699	35.0669
0.00167369	28.0106
0.0016804	22.1072
0.0016871	17.1765
0.00169381	13.0646
0.00170051	9.69139
0.00170721	6.99657
0.00171392	4.88371
0.00172062	3.30884
0.00172733	2.1545
0.00173403	1.358
0.00174074	0.822247
0.00174744	0.478107
0.00175415	0.269665
0.00176085	0.141724
0.00176756	0.0760036
0.00177426	0.0365381
0.00178097	0.0183318
0.00178767	0.0081984
0.00179437	0.00377235
0.00180108	0.00157905
0.00180778	0.000661743
0.00181449	0.000260962
0.00182119	9.89032e-05
0.0018279	3.41686e-05
0.0018346	1.25904e-05
