0.000166815	5.69345e-17
0.000172682	3.18794e-16
0.000178548	1.10437e-15
0.000184415	5.83773e-15
0.000190282	1.91147e-14
0.000196148	9.17184e-14
0.000202015	2.95218e-13
0.000207881	1.28964e-12
0.000213748	4.06871e-12
0.000219614	1.62325e-11
0.000225481	5.00414e-11
0.000231347	1.82944e-10
0.000237214	5.49266e-10
0.00024308	1.84654e-09
0.000248947	5.38079e-09
0.000254813	1.66954e-08
0.00026068	4.70492e-08
0.000266547	1.35242e-07
0.000272413	3.67234e-07
0.00027828	9.81668e-07
0.000284146	2.55899e-06
0.000290013	6.38569e-06
0.000295879	1.59218e-05
0.000301746	3.72285e-05
0.000307612	8.84695e-05
0.000313479	0.000194532
0.000319345	0.000439109
0.000325212	0.000911101
0.000331078	0.0019474
0.000336945	0.00382488
0.000342812	0.00771981
0.000348678	0.0143935
0.000354545	0.0273679
0.000360411	0.0496247
0.000366278	0.0875768
0.000372144	0.150946
0.000378011	0.2508
0.000383877	0.409401
0.000389744	0.643102
0.00039561	0.993318
0.000401477	1.47886
0.000407343	2.16187
0.00041321	3.05682
0.000419077	4.23518
0.000424943	5.69933
0.00043081	7.50347
0.000436676	9.63605
0.000442543	12.1052
0.000448409	14.8956
0.000454276	17.9665
0.000460142	21.3192
0.000466009	24.9124
0.000471875	28.7828
0.000477742	32.9831
0.000483608	37.5879
0.000489475	42.8375
0.000495342	48.8239
0.000501208	56.0013
0.000507075	64.4436
0.000512941	74.7331
0.000518808	86.8939
0.000524674	101.454
0.000530541	118.378
0.000536407	137.936
0.000542274	160.054
0.00054814	184.626
0.000554007	211.577
0.000559873	240.472
0.00056574	271.271
0.000571606	303.421
0.000577473	336.94
0.00058334	371.447
0.000589206	407.007
0.000595073	443.65
0.000600939	481.449
0.000606806	520.885
0.000612672	562.004
0.000618539	605.531
0.000624405	651.469
0.000630272	700.474
0.000636138	752.527
0.000642005	808.021
0.000647871	866.941
0.000653738	929.497
0.000659605	995.69
0.000665471	1065.75
0.000671338	1139.68
0.000677204	1217.75
0.000683071	1299.92
0.000688937	1386.16
0.000694804	1476.39
0.00070067	1569.71
0.000706537	1666.04
0.000712403	1763.35
0.00071827	1861.62
0.000724136	1958.06
0.000730003	2052.7
0.00073587	2142.96
0.000741736	2228.88
0.000747603	2309.05
0.000753469	2383.47
0.000759336	2452.32
0.000765202	2515.56
0.000771069	2574.56
0.000776935	2629.31
0.000782802	2681.53
0.000788668	2731.21
0.000794535	2779.58
0.000800401	2826.67
0.000806268	2872.72
0.000812135	2917.77
0.000818001	2960.96
0.000823868	3002.36
0.000829734	3040.3
0.000835601	3074.8
0.000841467	3103.99
0.000847334	3127.82
0.0008532	3145.06
0.000859067	3155.83
0.000864933	3157.44
0.0008708	3152.8
0.000876666	3142.57
0.000882533	3123.39
0.0008884	3097.06
0.000894266	3063.91
0.000900133	3023.26
0.000905999	2975.12
0.000911866	2918.9
0.000917732	2854.48
0.000923599	2782.13
0.000929465	2701.61
0.000935332	2614.81
0.000941198	2521.58
0.000947065	2425.14
0.000952931	2325.61
0.000958798	2226.3
0.000964665	2127.59
0.000970531	2031.46
0.000976398	1938.37
0.000982264	1848.29
0.000988131	1761.53
0.000993997	1676.54
0.000999864	1593.29
0.00100573	1510.05
0.0010116	1426.47
0.00101746	1341.9
0.00102333	1255.94
0.0010292	1169.53
0.00103506	1082.49
0.00104093	996.938
0.0010468	913.062
0.00105266	833.106
0.00105853	757.556
0.0010644	687.747
0.00107026	624.219
0.00107613	566.96
0.001082	516.294
0.00108786	471.16
0.00109373	431.533
0.00109959	395.995
0.00110546	364.249
0.00111133	335.124
0.00111719	308.236
0.00112306	282.911
0.00112893	258.837
0.00113479	235.773
0.00114066	213.54
0.00114653	192.159
0.00115239	171.564
0.00115826	151.905
0.00116413	133.19
0.00116999	115.624
0.00117586	99.2638
0.00118173	84.3089
0.00118759	70.8494
0.00119346	59.0029
0.00119933	48.8672
0.00120519	40.4077
0.00121106	33.6864
0.00121693	28.492
0.00122279	24.8062
0.00122866	22.2849
0.00123453	20.7515
0.00124039	20.0267
0.00124626	19.7337
0.00125212	19.5405
0.00125799	19.3572
0.00126386	19.0272
0.00126972	18.3644
0.00127559	17.3907
0.00128146	16.0617
0.00128732	14.4916
0.00129319	12.7204
0.00129906	10.8734
0.00130492	9.04607
0.00131079	7.31029
0.00131666	5.757
0.00132252	4.39549
0.00132839	3.26876
0.00133426	2.36207
