0.000500379	3.13233e-40
0.000507084	1.67075e-38
0.000513789	6.58901e-38
0.000520493	2.99704e-36
0.000527198	1.18405e-35
0.000533903	4.57393e-34
0.000540607	1.81769e-33
0.000547312	5.96755e-32
0.000554017	2.3838e-31
0.000560721	6.65707e-30
0.000567426	2.6707e-29
0.000574131	6.35093e-28
0.000580835	2.55616e-27
0.00058754	5.18271e-26
0.000594244	2.09008e-25
0.000600949	3.61876e-24
0.000607654	1.46002e-23
0.000614358	2.16262e-22
0.000621063	8.71328e-22
0.000627768	1.10655e-20
0.000634472	4.44264e-20
0.000641177	4.84961e-19
0.000647882	1.9353e-18
0.000654586	1.82131e-17
0.000661291	7.20311e-17
0.000667995	5.86431e-16
0.0006747	2.29072e-15
0.000681405	1.61972e-14
0.000688109	6.22486e-14
0.000694814	3.83972e-13
0.000701519	1.4455e-12
0.000708223	7.81721e-12
0.000714928	2.86863e-11
0.000721633	1.36758e-10
0.000728337	4.86567e-10
0.000735042	2.05709e-09
0.000741746	7.05466e-09
0.000748451	2.66184e-08
0.000755156	8.74467e-08
0.00076186	2.96438e-07
0.000768565	9.26897e-07
0.00077527	2.84232e-06
0.000781974	8.40333e-06
0.000788679	2.34697e-05
0.000795384	6.51849e-05
0.000802088	0.00016692
0.000808793	0.000432817
0.000815497	0.00102259
0.000822202	0.00246135
0.000828907	0.00539626
0.000835611	0.0119976
0.000842316	0.0245305
0.000849021	0.0501806
0.000855725	0.0969259
0.00086243	0.181378
0.000869135	0.333573
0.000875839	0.571438
0.000882544	0.968909
0.000889249	1.54623
0.000895953	2.42392
0.000902658	3.61635
0.000909362	5.2662
0.000916067	7.37452
0.000922772	10.0515
0.000929476	13.291
0.000936181	17.1402
0.000942886	21.6059
0.00094959	26.7363
0.000956295	32.5645
0.000963	39.2774
0.000969704	46.9175
0.000976409	55.8688
0.000983113	66.1422
0.000989818	78.1453
0.000996523	91.8302
0.00100323	107.273
0.00100993	124.386
0.00101664	142.653
0.00102334	162.001
0.00103005	181.43
0.00103675	200.934
0.00104346	219.545
0.00105016	237.332
0.00105686	254.036
0.00106357	269.769
0.00107027	285.443
0.00107698	301.156
0.00108368	318.947
0.00109039	338.85
0.00109709	363.41
0.0011038	392.595
0.0011105	428.541
0.00111721	471.186
0.00112391	521.498
0.00113062	579.416
0.00113732	644.375
0.00114402	716.343
0.00115073	793.31
0.00115743	875.281
0.00116414	959.555
0.00117084	1046.15
0.00117755	1133.09
0.00118425	1220.36
0.00119096	1307.92
0.00119766	1395.73
0.00120437	1485.37
0.00121107	1576.85
0.00121778	1671.63
0.00122448	1769.76
0.00123119	1870.94
0.00123789	1975.27
0.00124459	2080.55
0.0012513	2186.85
0.001258	2291.35
0.00126471	2394.01
0.00127141	2492.85
0.00127812	2587.73
0.00128482	2678.25
0.00129153	2764.29
0.00129823	2846.55
0.00130494	2925.07
0.00131164	3000.16
0.00131835	3071.98
0.00132505	3139.12
0.00133175	3201.71
0.00133846	3256.96
0.00134516	3304.77
0.00135187	3343.14
0.00135857	3372.71
0.00136528	3386
0.00137198	3391.11
0.00137869	3390.72
0.00138539	3374.17
0.0013921	3345.42
0.0013988	3305.91
0.00140551	3253.18
0.00141221	3187.05
0.00141891	3106.77
0.00142562	3011.94
0.00143232	2903.87
0.00143903	2782.2
0.00144573	2650.61
0.00145244	2509.02
0.00145914	2362.74
0.00146585	2212.18
0.00147255	2062.76
0.00147926	1915.36
0.00148596	1773.77
0.00149267	1639.01
0.00149937	1512.24
0.00150608	1394.19
0.00151278	1283.87
0.00151948	1181.41
0.00152619	1085.24
0.00153289	995.041
0.0015396	909.869
0.0015463	829.37
0.00155301	753.333
0.00155971	681.611
0.00156642	614.216
0.00157312	551.141
0.00157983	492.312
0.00158653	437.706
0.00159324	387.284
0.00159994	340.994
0.00160664	298.969
0.00161335	261.234
0.00162005	227.886
0.00162676	199.061
0.00163346	174.436
0.00164017	154.111
0.00164687	137.187
0.00165358	123.527
0.00166028	111.962
0.00166699	102.058
0.00167369	92.9357
0.0016804	84.0535
0.0016871	75.1892
0.00169381	65.9868
0.00170051	56.7792
0.00170721	47.5533
0.00171392	38.7728
0.00172062	30.6691
0.00172733	23.4733
0.00173403	17.4252
0.00174074	12.452
0.00174744	8.63562
0.00175415	5.74762
0.00176085	3.70725
0.00176756	2.29849
0.00177426	1.37109
0.00178097	0.794143
0.00178767	0.432565
0.00179437	0.236865
0.00180108	0.117105
0.00180778	0.0609151
0.00181449	0.0280818
0.00182119	0.0134603
0.0018279	0.00527971
0.0018346	0.00255285
