3.33898e-05	1.07375e-18
3.55687e-05	1.13609e-17
3.77476e-05	4.22222e-17
3.99264e-05	3.94217e-16
4.21053e-05	1.42073e-15
4.42842e-05	1.14748e-14
4.64631e-05	4.09139e-14
4.8642e-05	2.86853e-13
5.08209e-05	1.0085e-12
5.29998e-05	6.16232e-12
5.51787e-05	2.12809e-11
5.73576e-05	1.13835e-10
5.95365e-05	3.84495e-10
6.17154e-05	1.80944e-09
6.38943e-05	5.94922e-09
6.60732e-05	2.47648e-08
6.82521e-05	7.88484e-08
7.0431e-05	2.92033e-07
7.26099e-05	8.95368e-07
7.47888e-05	2.969e-06
7.69677e-05	8.71408e-06
7.91465e-05	2.60388e-05
8.13254e-05	7.27139e-05
8.35043e-05	0.000197103
8.56832e-05	0.000520473
8.78621e-05	0.00128837
9.0041e-05	0.00319766
9.22199e-05	0.00727549
9.43988e-05	0.0168762
9.65777e-05	0.0355121
9.87566e-05	0.0765976
0.000100935	0.14992
0.000103114	0.299451
0.000105293	0.559219
0.000107472	1.01852
0.000109651	1.79347
0.00011183	3.0072
0.000114009	4.92741
0.000116188	7.70074
0.000118367	11.758
0.000120546	17.22
0.000122724	24.6022
0.000124903	33.9491
0.000127082	45.6875
0.000129261	59.7856
0.00013144	76.4414
0.000133619	95.5932
0.000135798	117.223
0.000137977	141.264
0.000140156	167.566
0.000142334	196.029
0.000144513	226.329
0.000146692	258.321
0.000148871	291.375
0.00015105	325.382
0.000153229	359.512
0.000155408	393.83
0.000157587	427.836
0.000159766	461.847
0.000161945	496.438
0.000164123	532.136
0.000166302	571.155
0.000168481	614.08
0.00017066	664.799
0.000172839	723.702
0.000175018	795.474
0.000177197	880.052
0.000179376	980.995
0.000181555	1097.74
0.000183733	1230.52
0.000185912	1378.57
0.000188091	1537.95
0.00019027	1708.11
0.000192449	1882.53
0.000194628	2061.17
0.000196807	2238.21
0.000198986	2414.09
0.000201165	2586.73
0.000203344	2756.67
0.000205522	2926.3
0.000207701	3095.92
0.00020988	3270.28
0.000212059	3449.31
0.000214238	3636.69
0.000216417	3832.15
0.000218596	4036.14
0.000220775	4248.45
0.000222954	4466.86
0.000225132	4691.36
0.000227311	4919.63
0.00022949	5151.78
0.000231669	5387.36
0.000233848	5626.4
0.000236027	5869.63
0.000238206	6116.95
0.000240385	6367.2
0.000242564	6620.28
0.000244743	6870.56
0.000246921	7118.05
0.0002491	7353.2
0.000251279	7576.09
0.000253458	7776.48
0.000255637	7954.41
0.000257816	8102.51
0.000259995	8220.73
0.000262174	8308.9
0.000264353	8367.65
0.000266531	8377.15
0.00026871	8373.81
0.000270889	8361.44
0.000273068	8313.68
0.000275247	8256.24
0.000277426	8190.32
0.000279605	8121.2
0.000281784	8049.26
0.000283963	7976.35
0.000286142	7902.81
0.00028832	7826.15
0.000290499	7746.53
0.000292678	7659.58
0.000294857	7565.28
0.000297036	7459.07
0.000299215	7340.79
0.000301394	7206.62
0.000303573	7056.2
0.000305752	6888.05
0.00030793	6701.6
0.000310109	6499.54
0.000312288	6281.39
0.000314467	6053.67
0.000316646	5816.48
0.000318825	5576.72
0.000321004	5335.13
0.000323183	5095.13
0.000325362	4857.52
0.00032754	4621.83
0.000329719	4388.19
0.000331898	4155.71
0.000334077	3923.84
0.000336256	3694.81
0.000338435	3468.18
0.000340614	3249.3
0.000342793	3038.57
0.000344972	2840.94
0.000347151	2657.6
0.000349329	2489.45
0.000351508	2337.65
0.000353687	2198.32
0.000355866	2071.7
0.000358045	1951.71
0.000360224	1837.42
0.000362403	1724.17
0.000364582	1610.49
0.000366761	1495.4
0.000368939	1377.81
0.000371118	1260.16
0.000373297	1142.36
0.000375476	1028.03
0.000377655	918.012
0.000379834	814.718
0.000382013	719.192
0.000384192	631.74
0.000386371	552.918
0.00038855	481.753
0.000390728	418.156
0.000392907	361.206
0.000395086	310.554
0.000397265	265.843
0.000399444	226.879
0.000401623	193.474
0.000403802	165.634
0.000405981	142.808
0.00040816	124.978
0.000410338	111.127
0.000412517	101.016
0.000414696	93.4535
0.000416875	87.9636
0.000419054	83.6012
0.000421233	79.8015
0.000423412	76.16
0.000425591	72.2503
0.00042777	68.1927
0.000429949	63.8618
0.000432127	59.5849
0.000434306	55.5006
0.000436485	51.7835
0.000438664	48.6273
0.000440843	45.9264
0.000443022	43.7356
0.000445201	41.7973
0.00044738	39.9912
0.000449559	38.1107
0.000451737	35.9632
0.000453916	33.5129
0.000456095	30.629
0.000458274	27.4408
0.000460453	23.9588
0.000462632	20.3774
0.000464811	16.9052
0.00046699	13.4707
