0.000166815	0.000360805
0.000171844	0.000602047
0.000176872	0.00132577
0.000181901	0.00236407
0.000186929	0.00449262
0.000191958	0.00783158
0.000196986	0.0140596
0.000202014	0.0237963
0.000207043	0.0406356
0.000212071	0.0665297
0.0002171	0.10849
0.000222128	0.17148
0.000227157	0.26768
0.000232185	0.407907
0.000237214	0.610745
0.000242242	0.896529
0.00024727	1.28967
0.000252299	1.82303
0.000257327	2.52314
0.000262356	3.43498
0.000267384	4.58019
0.000272413	6.0088
0.000277441	7.72929
0.000282469	9.78221
0.000287498	12.1575
0.000292526	14.868
0.000297555	17.8874
0.000302583	21.1884
0.000307612	24.7399
0.00031264	28.4789
0.000317669	32.3874
0.000322697	36.394
0.000327725	40.5103
0.000332754	44.7015
0.000337782	49.0168
0.000342811	53.5046
0.000347839	58.2483
0.000352868	63.41
0.000357896	69.0937
0.000362924	75.5793
0.000367953	82.9752
0.000372981	91.6565
0.00037801	101.721
0.000383038	113.6
0.000388067	127.367
0.000393095	143.454
0.000398123	161.898
0.000403152	183.067
0.00040818	206.949
0.000413209	233.767
0.000418237	263.467
0.000423266	296.057
0.000428294	331.464
0.000433323	369.477
0.000438351	410.039
0.000443379	452.816
0.000448408	497.806
0.000453436	544.74
0.000458465	593.677
0.000463493	644.612
0.000468522	697.639
0.00047355	753.099
0.000478578	811.066
0.000483607	872.109
0.000488635	936.231
0.000493664	1003.92
0.000498692	1075.1
0.000503721	1149.83
0.000508749	1227.95
0.000513778	1308.87
0.000518806	1392.42
0.000523834	1477.35
0.000528863	1563.54
0.000533891	1649.36
0.00053892	1734.77
0.000543948	1818.16
0.000548977	1899.58
0.000554005	1977.86
0.000559033	2053.08
0.000564062	2124.78
0.00056909	2193.03
0.000574119	2258.05
0.000579147	2319.87
0.000584176	2379.11
0.000589204	2435.78
0.000594233	2490.54
0.000599261	2543.36
0.000604289	2594.67
0.000609318	2644.45
0.000614346	2692.84
0.000619375	2739.83
0.000624403	2785.4
0.000629432	2829.56
0.00063446	2872.3
0.000639488	2913.64
0.000644517	2953.58
0.000649545	2992.11
0.000654574	3029.06
0.000659602	3064.43
0.000664631	3097.56
0.000669659	3128.48
0.000674688	3155.92
0.000679716	3179.92
0.000684744	3199.33
0.000689773	3214.3
0.000694801	3216.87
0.00069983	3216.3
0.000704858	3212.9
0.000709887	3194.94
0.000714915	3168.61
0.000719943	3134.24
0.000724972	3091.55
0.00073	3040.48
0.000735029	2982.56
0.000740057	2917.77
0.000745086	2848.3
0.000750114	2774.17
0.000755143	2697.72
0.000760171	2619
0.000765199	2540.01
0.000770228	2460.84
0.000775256	2382.73
0.000780285	2305.81
0.000785313	2230.53
0.000790342	2156.96
0.00079537	2084.92
0.000800398	2014.46
0.000805427	1945.05
0.000810455	1876.66
0.000815484	1808.79
0.000820512	1741.38
0.000825541	1674.18
0.000830569	1607.13
0.000835598	1540.42
0.000840626	1474
0.000845654	1408.47
0.000850683	1343.82
0.000855711	1280.8
0.00086074	1219.5
0.000865768	1160.44
0.000870797	1103.75
0.000875825	1049.46
0.000880853	997.692
0.000885882	947.896
0.00089091	900.109
0.000895939	853.462
0.000900967	807.865
0.000905996	762.524
0.000911024	717.259
0.000916052	671.715
0.000921081	625.706
0.000926109	579.472
0.000931138	532.908
0.000936166	486.743
0.000941195	441.008
0.000946223	396.639
0.000951252	353.798
0.00095628	313.319
0.000961308	275.433
0.000966337	240.652
0.000971365	209.198
0.000976394	181.169
0.000981422	156.714
0.000986451	135.55
0.000991479	117.713
0.000996507	102.664
0.00100154	90.319
0.00100656	80.0456
0.00101159	71.6684
0.00101662	64.6181
0.00102165	58.6758
0.00102668	53.4427
0.00103171	48.7136
0.00103673	44.2931
0.00104176	40.0353
0.00104679	35.9124
0.00105182	31.8568
0.00105685	27.9334
0.00106188	24.142
0.00106691	20.5636
0.00107193	17.2352
0.00107696	14.2045
0.00108199	11.512
0.00108702	9.15783
0.00109205	7.16326
0.00109708	5.49244
0.0011021	4.14083
0.00110713	3.05796
0.00111216	2.2195
0.00111719	1.57827
0.00112222	1.10153
0.00112725	0.754374
0.00113228	0.505608
0.0011373	0.333682
0.00114233	0.214426
0.00114736	0.136515
0.00115239	0.0839436
0.00115742	0.0516346
0.00116245	0.028392
0.00116747	0.01805
