0.000500379	4.16241e-83
0.000507922	4.88753e-80
0.000515465	1.95376e-79
0.000523008	1.87945e-76
0.00053055	7.58668e-76
0.000538093	5.97719e-73
0.000545636	2.43723e-72
0.000553179	1.57252e-69
0.000560721	6.47766e-69
0.000568264	3.42253e-66
0.000575807	1.42439e-65
0.00058335	6.16266e-63
0.000590892	2.59145e-62
0.000598435	9.18085e-60
0.000605978	3.90099e-59
0.000613521	1.13167e-56
0.000621063	4.85895e-56
0.000628606	1.15426e-53
0.000636149	5.00797e-53
0.000643692	9.74263e-51
0.000651234	4.27123e-50
0.000658777	6.80575e-48
0.00066632	3.01464e-47
0.000673862	3.93506e-45
0.000681405	1.76089e-44
0.000688948	1.88348e-42
0.000696491	8.51267e-42
0.000704033	7.46393e-40
0.000711576	3.40615e-39
0.000719119	2.44936e-37
0.000726662	1.12811e-36
0.000734204	6.65744e-35
0.000741747	3.09289e-34
0.00074929	1.49914e-32
0.000756833	7.01991e-32
0.000764375	2.79761e-30
0.000771918	1.31913e-29
0.000779461	4.32807e-28
0.000787004	2.05246e-27
0.000794546	5.55321e-26
0.000802089	2.64444e-25
0.000809632	5.9122e-24
0.000817175	2.8217e-23
0.000824717	5.22583e-22
0.00083226	2.49377e-21
0.000839803	3.8375e-20
0.000847345	1.82569e-19
0.000854888	2.34292e-18
0.000862431	1.10735e-17
0.000869974	1.19027e-16
0.000877516	5.56549e-16
0.000885059	5.0365e-15
0.000892602	2.31823e-14
0.000900145	1.77683e-13
0.000907687	8.00451e-13
0.00091523	5.23191e-12
0.000922773	2.29161e-11
0.000930316	1.28721e-10
0.000937858	5.44121e-10
0.000945401	2.64892e-09
0.000952944	1.07186e-08
0.000960487	4.564e-08
0.000968029	1.75242e-07
0.000975572	6.58931e-07
0.000983115	2.37903e-06
0.000990658	7.97688e-06
0.0009982	2.68334e-05
0.00100574	8.10054e-05
0.00101329	0.000251642
0.00102083	0.000690212
0.00102837	0.00196393
0.00103591	0.00493485
0.00104346	0.0127711
0.001051	0.0296078
0.00105854	0.0693082
0.00106608	0.149091
0.00107363	0.314569
0.00108117	0.633385
0.00108871	1.20321
0.00109626	2.2978
0.0011038	3.96412
0.00111134	6.82567
0.00111888	10.9144
0.00112643	17.111
0.00113397	25.4096
0.00114151	36.603
0.00114906	50.6442
0.0011566	67.7376
0.00116414	87.8308
0.00117168	110.359
0.00117923	135.305
0.00118677	161.768
0.00119431	189.771
0.00120185	218.816
0.0012094	248.935
0.00121694	280.492
0.00122448	313.503
0.00123203	349.159
0.00123957	387.458
0.00124711	430.038
0.00125465	476.888
0.0012622	529.438
0.00126974	587.687
0.00127728	651.904
0.00128482	722.123
0.00129237	796.667
0.00129991	875.592
0.00130745	955.663
0.001315	1036.88
0.00132254	1116.36
0.00133008	1193.98
0.00133762	1269.36
0.00134517	1342.31
0.00135271	1415.39
0.00136025	1488.53
0.00136779	1565.38
0.00137534	1646.09
0.00138288	1732.66
0.00139042	1825.38
0.00139797	1923.13
0.00140551	2026.13
0.00141305	2131.14
0.00142059	2238.13
0.00142814	2343.89
0.00143568	2448.23
0.00144322	2549.04
0.00145076	2646.15
0.00145831	2738.12
0.00146585	2824.82
0.00147339	2905.38
0.00148094	2979.59
0.00148848	3047.93
0.00149602	3110.28
0.00150356	3168.02
0.00151111	3221.51
0.00151865	3270.04
0.00152619	3314.39
0.00153373	3348.91
0.00154128	3374.03
0.00154882	3379.66
0.00155636	3364.23
0.00156391	3328.6
0.00157145	3260.08
0.00157899	3163.28
0.00158653	3038.9
0.00159408	2893.9
0.00160162	2728.35
0.00160916	2552.85
0.0016167	2368.86
0.00162425	2184.75
0.00163179	2002.35
0.00163933	1826.6
0.00164688	1658.9
0.00165442	1501.78
0.00166196	1356.12
0.0016695	1222.9
0.00167705	1102.67
0.00168459	995.171
0.00169213	900.721
0.00169968	817.98
0.00170722	747.03
0.00171476	685.478
0.0017223	633.098
0.00172985	586.696
0.00173739	545.548
0.00174493	506.704
0.00175247	469.017
0.00176002	431.088
0.00176756	391.892
0.0017751	351.902
0.00178265	310.753
0.00179019	269.919
0.00179773	229.719
0.00180527	191.565
0.00181282	156.088
0.00182036	124.074
0.0018279	96.1109
0.00183544	72.2423
0.00184299	52.7937
0.00185053	37.2053
0.00185807	25.4462
0.00186562	16.687
0.00187316	10.5926
0.0018807	6.43238
0.00188824	3.75367
0.00189579	2.10917
0.00190333	1.1052
0.00191087	0.586612
0.00191841	0.27851
0.00192596	0.137345
0.0019335	0.0601582
0.00194104	0.0268979
0.00194859	0.0109435
0.00195613	0.00439306
0.00196367	0.00167313
0.00197121	0.000597064
0.00197876	0.000214614
0.0019863	6.74225e-05
0.00199384	2.15948e-05
0.00200138	6.31884e-06
