0.000166815	1.63632e-19
0.000172682	1.15406e-18
0.000178548	4.12536e-18
0.000184415	2.7075e-17
0.000190282	9.2639e-17
0.000196148	5.48277e-16
0.000202015	1.85303e-15
0.000207881	9.91585e-15
0.000213748	3.30187e-14
0.000219614	1.60209e-13
0.000225481	5.2415e-13
0.000231347	2.31315e-12
0.000237214	7.41321e-12
0.00024308	2.98546e-11
0.000248947	9.34233e-11
0.000254813	3.44541e-10
0.00026068	1.04919e-09
0.000266547	3.55647e-09
0.000272413	1.05017e-08
0.00027828	3.28447e-08
0.000284146	9.37013e-08
0.000290013	2.7145e-07
0.000295879	7.45404e-07
0.000301746	2.00815e-06
0.000307612	5.28807e-06
0.000313479	1.33006e-05
0.000319345	3.34641e-05
0.000325212	7.88861e-05
0.000331078	0.000188963
0.000336945	0.000419041
0.000342812	0.000952495
0.000348678	0.00199395
0.000354545	0.00428784
0.000360411	0.00850068
0.000366278	0.0172488
0.000372144	0.0324772
0.000378011	0.0620489
0.000383877	0.113328
0.000389744	0.201448
0.00039561	0.350564
0.000401477	0.586259
0.000407343	0.965908
0.00041321	1.52824
0.000419077	2.38241
0.000424943	3.575
0.00043081	5.27558
0.000436676	7.52315
0.000442543	10.524
0.000448409	14.2887
0.000454276	18.9919
0.000460142	24.6031
0.000466009	31.1716
0.000471875	38.6345
0.000477742	46.8539
0.000483608	55.7637
0.000489475	65.0661
0.000495342	74.7251
0.000501208	84.4045
0.000507075	94.1155
0.000512941	103.64
0.000518808	113.033
0.000524674	122.311
0.000530541	131.556
0.000536407	141.073
0.000542274	150.957
0.00054814	161.808
0.000554007	173.723
0.000559873	187.575
0.00056574	203.447
0.000571606	222.403
0.000577473	244.486
0.00058334	270.773
0.000589206	301.255
0.000595073	336.765
0.000600939	377.25
0.000606806	423.087
0.000612672	474.211
0.000618539	530.497
0.000624405	591.906
0.000630272	658.003
0.000636138	728.788
0.000642005	803.858
0.000647871	883.237
0.000653738	966.805
0.000659605	1054.58
0.000665471	1146.63
0.000671338	1242.94
0.000677204	1343.28
0.000683071	1447.57
0.000688937	1554.61
0.000694804	1664.32
0.00070067	1774.22
0.000706537	1884.29
0.000712403	1991.23
0.00071827	2095.05
0.000724136	2192.74
0.000730003	2284.33
0.00073587	2368.11
0.000741736	2444.13
0.000747603	2512.38
0.000753469	2572.89
0.000759336	2627.03
0.000765202	2674.8
0.000771069	2718.26
0.000776935	2757.39
0.000782802	2794.32
0.000788668	2829.03
0.000794535	2863.27
0.000800401	2897.04
0.000806268	2931.22
0.000812135	2965.88
0.000818001	3000.44
0.000823868	3035.02
0.000829734	3067.3
0.000835601	3097.39
0.000841467	3122.19
0.000847334	3142.29
0.0008532	3146.39
0.000859067	3144.48
0.000864933	3138.29
0.0008708	3112.6
0.000876666	3075.62
0.000882533	3028.3
0.0008884	2972.55
0.000894266	2908.3
0.000900133	2839.69
0.000905999	2766.89
0.000911866	2693.2
0.000917732	2618.98
0.000923599	2545.62
0.000929465	2473.42
0.000935332	2401.97
0.000941198	2331.42
0.000947065	2260.5
0.000952931	2189.15
0.000958798	2116.4
0.000964665	2042.07
0.000970531	1966.06
0.000976398	1888.23
0.000982264	1809.27
0.000988131	1729.18
0.000993997	1648.85
0.000999864	1568.38
0.00100573	1488.31
0.0010116	1408.77
0.00101746	1329.78
0.00102333	1251.39
0.0010292	1173.42
0.00103506	1095.83
0.00104093	1018.75
0.0010468	942.09
0.00105266	866.58
0.00105853	792.2
0.0010644	720.134
0.00107026	650.524
0.00107613	584.58
0.001082	522.583
0.00108786	465.341
0.00109373	413.174
0.00109959	366.242
0.00110546	324.782
0.00111133	288.31
0.00111719	256.886
0.00112306	229.591
0.00112893	206.283
0.00113479	185.94
0.00114066	168.265
0.00114653	152.461
0.00115239	138.185
0.00115826	125.035
0.00116413	112.753
0.00116999	101.279
0.00117586	90.5038
0.00118173	80.5118
0.00118759	71.3155
0.00119346	62.9463
0.00119933	55.4501
0.00120519	48.7361
0.00121106	42.8045
0.00121693	37.5017
0.00122279	32.7659
0.00122866	28.4786
0.00123453	24.5579
0.00124039	20.9668
0.00124626	17.6532
0.00125212	14.6365
0.00125799	11.91
0.00126386	9.49471
0.00126972	7.40785
0.00127559	5.6378
0.00128146	4.1935
0.00128732	3.03333
0.00129319	2.14193
0.00129906	1.46941
0.00130492	0.98148
0.00131079	0.63843
0.00131666	0.40188
0.00132252	0.248224
0.00132839	0.138578
0.00133426	0.0862578
