3.33898e-05	567.633
3.48982e-05	597.106
3.64066e-05	627.481
3.7915e-05	658.876
3.94234e-05	690.947
4.09318e-05	723.339
4.24402e-05	756.128
4.39487e-05	789.156
4.54571e-05	822.747
4.69655e-05	857.037
4.84739e-05	892.543
4.99823e-05	929.736
5.14907e-05	969.216
5.29991e-05	1011.74
5.45076e-05	1057.86
5.6016e-05	1108.49
5.75244e-05	1164
5.90328e-05	1225.25
6.05412e-05	1292.38
6.20496e-05	1366.01
6.3558e-05	1446.01
6.50665e-05	1532.62
6.65749e-05	1625.54
6.80833e-05	1724.57
6.95917e-05	1829.34
7.11001e-05	1939.3
7.26085e-05	2054.14
7.41169e-05	2173.12
7.56253e-05	2296.06
7.71338e-05	2422.26
7.86422e-05	2551.71
8.01506e-05	2683.94
8.1659e-05	2819.1
8.31674e-05	2957.08
8.46758e-05	3098.12
8.61842e-05	3242.52
8.76927e-05	3390.55
8.92011e-05	3542.83
9.07095e-05	3699.57
9.22179e-05	3861.55
9.37263e-05	4028.84
9.52347e-05	4202.12
9.67431e-05	4381.26
9.82516e-05	4566.51
9.976e-05	4757.54
0.000101268	4953.88
0.000102777	5155.02
0.000104285	5359.55
0.000105794	5566.87
0.000107302	5774.67
0.00010881	5982.39
0.000110319	6187.04
0.000111827	6388.24
0.000113336	6582.88
0.000114844	6770.82
0.000116353	6949.48
0.000117861	7118.94
0.000119369	7277.69
0.000120878	7425.99
0.000122386	7563.6
0.000123895	7690.8
0.000125403	7808.44
0.000126911	7916.67
0.00012842	8016.81
0.000129928	8108.81
0.000131437	8193.64
0.000132945	8271.11
0.000134453	8341.16
0.000135962	8403.55
0.00013747	8457.02
0.000138979	8501.36
0.000140487	8535.87
0.000141996	8558.7
0.000143504	8560.17
0.000145012	8556.24
0.000146521	8542.99
0.000148029	8505.9
0.000149538	8456.31
0.000151046	8393.11
0.000152554	8317.44
0.000154063	8229.48
0.000155571	8132.42
0.00015708	8026.35
0.000158588	7915.18
0.000160097	7798.94
0.000161605	7681.51
0.000163113	7562.85
0.000164622	7446.17
0.00016613	7331.42
0.000167639	7220.8
0.000169147	7114.25
0.000170655	7012.86
0.000172164	6916.6
0.000173672	6825.54
0.000175181	6739.67
0.000176689	6658.24
0.000178197	6581.22
0.000179706	6507.19
0.000181214	6436.13
0.000182723	6366.05
0.000184231	6296.96
0.00018574	6226.44
0.000187248	6154.5
0.000188756	6078.53
0.000190265	5998.54
0.000191773	5912.05
0.000193282	5819.06
0.00019479	5717.57
0.000196298	5607.57
0.000197807	5487.92
0.000199315	5358.58
0.000200824	5219.52
0.000202332	5070.69
0.000203841	4913.22
0.000205349	4747.03
0.000206857	4574.24
0.000208366	4394.82
0.000209874	4211.52
0.000211383	4024.34
0.000212891	3836.25
0.000214399	3647.3
0.000215908	3460.25
0.000217416	3275.2
0.000218925	3094.41
0.000220433	2918
0.000221941	2747.57
0.00022345	2583.24
0.000224958	2425.94
0.000226467	2275.77
0.000227975	2133.06
0.000229484	1997.9
0.000230992	1870.18
0.0002325	1749.94
0.000234009	1636.8
0.000235517	1530.77
0.000237026	1431.32
0.000238534	1338.43
0.000240042	1251.54
0.000241551	1170.61
0.000243059	1095.09
0.000244568	1024.94
0.000246076	959.654
0.000247585	899.182
0.000249093	843.063
0.000250601	791.247
0.00025211	743.298
0.000253618	699.168
0.000255127	658.429
0.000256635	621.032
0.000258143	586.542
0.000259652	554.906
0.00026116	525.679
0.000262669	498.799
0.000264177	473.814
0.000265685	450.651
0.000267194	428.867
0.000268702	408.379
0.000270211	388.78
0.000271719	369.976
0.000273228	351.635
0.000274736	333.66
0.000276244	315.827
0.000277753	298.045
0.000279261	280.227
0.00028077	262.304
0.000282278	244.325
0.000283786	226.257
0.000285295	208.26
0.000286803	190.348
0.000288312	172.746
0.00028982	155.508
0.000291329	138.866
0.000292837	122.906
0.000294345	107.811
0.000295854	93.6742
0.000297362	80.6
0.000298871	68.6657
0.000300379	57.8852
0.000301887	48.3032
0.000303396	39.8567
0.000304904	32.5496
0.000306413	26.2686
0.000307921	20.9798
0.000309429	16.5504
0.000310938	12.9186
0.000312446	9.95751
0.000313955	7.59189
0.000315463	5.71597
0.000316972	4.25437
0.00031848	3.12839
0.000319988	2.27179
0.000321497	1.63153
0.000323005	1.15528
0.000324514	0.810419
0.000326022	0.559201
0.00032753	0.383268
0.000329039	0.257525
0.000330547	0.17252
0.000332056	0.109127
0.000333564	0.0738957
