3.33898e-05	7.74583e-17
3.55687e-05	3.94267e-16
3.77476e-05	1.34469e-15
3.99264e-05	6.56657e-15
4.21053e-05	2.10947e-14
4.42842e-05	9.46387e-14
4.64631e-05	2.99075e-13
4.8642e-05	1.23591e-12
5.08209e-05	3.83278e-12
5.29998e-05	1.46296e-11
5.51787e-05	4.44077e-11
5.73576e-05	1.57018e-10
5.95365e-05	4.65268e-10
6.17154e-05	1.52854e-09
6.38943e-05	4.40914e-09
6.60732e-05	1.3501e-08
6.82521e-05	3.78031e-08
7.0431e-05	1.08234e-07
7.26099e-05	2.93332e-07
7.47888e-05	7.87799e-07
7.69677e-05	2.06064e-06
7.91465e-05	5.20804e-06
8.13254e-05	1.31108e-05
8.35043e-05	3.12821e-05
8.56832e-05	7.55859e-05
8.78621e-05	0.000170781
9.0041e-05	0.000395063
9.22199e-05	0.000847778
9.43988e-05	0.00187313
9.65777e-05	0.00382831
9.87566e-05	0.00806208
0.000100935	0.0157335
0.000103114	0.0315246
0.000105293	0.0588816
0.000107472	0.112093
0.000109651	0.203328
0.00011183	0.364717
0.000114009	0.638233
0.000116188	1.084
0.000118367	1.81423
0.000120546	2.93702
0.000122724	4.69782
0.000124903	7.26613
0.000127082	11.1067
0.000129261	16.4439
0.00013144	24.0334
0.000133619	34.1147
0.000135798	47.7245
0.000137977	65.0442
0.000140156	87.2274
0.000142334	114.314
0.000144513	147.236
0.000146692	185.842
0.000148871	230.415
0.00015105	280.642
0.000153229	335.835
0.000155408	395.623
0.000157587	458.354
0.000159766	523.737
0.000161945	589.579
0.000164123	655.785
0.000166302	720.352
0.000168481	783.423
0.00017066	843.976
0.000172839	902.341
0.000175018	959.03
0.000177197	1014.46
0.000179376	1070.81
0.000181555	1128.48
0.000183733	1190.99
0.000185912	1258.66
0.000188091	1335.8
0.00019027	1422.59
0.000192449	1523.53
0.000194628	1638.66
0.000196807	1772.12
0.000198986	1923.83
0.000201165	2096.92
0.000203344	2291.14
0.000205522	2507.67
0.000207701	2746.1
0.00020988	3004.31
0.000212059	3281.8
0.000214238	3572.16
0.000216417	3874.97
0.000218596	4179.95
0.000220775	4486.96
0.000222954	4784.28
0.000225132	5072.08
0.000227311	5341.04
0.00022949	5591.5
0.000231669	5819.83
0.000233848	6026.35
0.000236027	6214.01
0.000238206	6382.97
0.000240385	6540.78
0.000242564	6687.42
0.000244743	6831.19
0.000246921	6972
0.0002491	7115.06
0.000251279	7260.35
0.000253458	7407.89
0.000255637	7557.73
0.000257816	7704.99
0.000259995	7849.77
0.000262174	7984.6
0.000264353	8109.54
0.000266531	8217.74
0.00026871	8309.12
0.000270889	8381.01
0.000273068	8433.94
0.000275247	8454.52
0.000277426	8462.17
0.000279605	8459.41
0.000281784	8427.69
0.000283963	8379.41
0.000286142	8315.7
0.00028832	8235.92
0.000290499	8140.19
0.000292678	8028.07
0.000294857	7899.56
0.000297036	7754.33
0.000299215	7592.25
0.000301394	7414.36
0.000303573	7220.49
0.000305752	7013.37
0.00030793	6792.93
0.000310109	6562.89
0.000312288	6323.35
0.000314467	6077.9
0.000316646	5826.78
0.000318825	5572.77
0.000321004	5316.12
0.000323183	5058.75
0.000325362	4800.85
0.00032754	4543.86
0.000329719	4287.87
0.000331898	4034.5
0.000334077	3783.72
0.000336256	3537.89
0.000338435	3297
0.000340614	3064.44
0.000342793	2840.35
0.000344972	2628.72
0.000347151	2430.04
0.000349329	2247.66
0.000351508	2082.39
0.000353687	1935.34
0.000355866	1807.38
0.000358045	1696.35
0.000360224	1602.73
0.000362403	1521.44
0.000364582	1452.18
0.000366761	1388.63
0.000368939	1329.71
0.000371118	1270.16
0.000373297	1208.42
0.000375476	1142.09
0.000377655	1069.79
0.000379834	992.419
0.000382013	909.321
0.000384192	823.737
0.000386371	735.982
0.00038855	649.907
0.000390728	566.561
0.000392907	488.797
0.000395086	417.871
0.000397265	354.836
0.000399444	300.614
0.000401623	254.587
0.000403802	217.054
0.000405981	186.428
0.00040816	162.414
0.000410338	143.248
0.000412517	128.277
0.000414696	116.093
0.000416875	105.973
0.000419054	97.0767
0.000421233	88.8155
0.000423412	80.8909
0.000425591	72.9499
0.00042777	65.0664
0.000429949	57.1308
0.000432127	49.3759
0.000434306	41.8698
0.000436485	34.8207
0.000438664	28.3696
0.000440843	22.6015
0.000443022	17.6317
0.000445201	13.4187
0.00044738	9.99829
0.000449559	7.25767
0.000451737	5.15401
0.000453916	3.56651
0.000456095	2.40874
0.000458274	1.58963
0.000460453	1.01851
0.000462632	0.641913
0.000464811	0.370433
0.00046699	0.234691
