3.33898e-05	3.90034e-41
3.59039e-05	1.44208e-39
3.8418e-05	5.65131e-39
4.09322e-05	1.83512e-37
4.34463e-05	7.18389e-37
4.59604e-05	2.03634e-35
4.84746e-05	8.01221e-35
5.09887e-05	1.98399e-33
5.35028e-05	7.84057e-33
5.6017e-05	1.6975e-31
5.85311e-05	6.73237e-31
6.10452e-05	1.27569e-29
6.35594e-05	5.0727e-29
6.60735e-05	8.42273e-28
6.85877e-05	3.3542e-27
7.11018e-05	4.88695e-26
7.36159e-05	1.94647e-25
7.61301e-05	2.49244e-24
7.86442e-05	9.91404e-24
8.11583e-05	1.11777e-22
8.36725e-05	4.43237e-22
8.61866e-05	4.40927e-21
8.87007e-05	1.73958e-20
9.12149e-05	1.53051e-19
9.3729e-05	5.99412e-19
9.62431e-05	4.67664e-18
9.87573e-05	1.81355e-17
0.000101271	1.25849e-16
0.000103786	4.81857e-16
0.0001063	2.98389e-15
0.000108814	1.12448e-14
0.000111328	6.23644e-14
0.000113842	2.3052e-13
0.000116356	1.14954e-12
0.00011887	4.15209e-12
0.000121384	1.86961e-11
0.000123899	6.57233e-11
0.000126413	2.68427e-10
0.000128927	9.14467e-10
0.000131441	3.40365e-09
0.000133955	1.11874e-08
0.000136469	3.81324e-08
0.000138983	1.20375e-07
0.000141498	3.77605e-07
0.000144012	1.13956e-06
0.000146526	3.30616e-06
0.00014904	9.49515e-06
0.000151554	2.56024e-05
0.000154068	6.9667e-05
0.000156582	0.000175395
0.000159096	0.000450339
0.000161611	0.00106325
0.000164125	0.00256628
0.000166639	0.00570462
0.000169153	0.0129013
0.000171667	0.0270958
0.000174181	0.0572668
0.000176695	0.113973
0.00017921	0.224687
0.000181724	0.427665
0.000184238	0.7842
0.000186752	1.43386
0.000189266	2.452
0.00019178	4.19783
0.000194294	6.78097
0.000196809	10.8904
0.000199323	16.6546
0.000201837	25.1551
0.000204351	36.4987
0.000206865	52.0457
0.000209379	71.844
0.000211893	97.2305
0.000214407	128.199
0.000216922	165.782
0.000219436	209.977
0.00022195	261.567
0.000224464	320.61
0.000226978	388.102
0.000229492	464.14
0.000232006	550.324
0.000234521	646.695
0.000237035	755.116
0.000239549	875.503
0.000242063	1008.85
0.000244577	1154.98
0.000247091	1312.96
0.000249605	1482.62
0.000252119	1661.1
0.000254634	1848.36
0.000257148	2040.77
0.000259662	2238.38
0.000262176	2438.17
0.00026469	2640.21
0.000267204	2842.66
0.000269718	3045.56
0.000272233	3248.09
0.000274747	3450.28
0.000277261	3652.24
0.000279775	3853.99
0.000282289	4056.84
0.000284803	4260.78
0.000287317	4468.28
0.000289831	4679.3
0.000292346	4896.23
0.00029486	5119.11
0.000297374	5348.22
0.000299888	5583.67
0.000302402	5822.24
0.000304916	6064.09
0.00030743	6303.12
0.000309945	6539.38
0.000312459	6766.43
0.000314973	6984.14
0.000317487	7188.41
0.000320001	7379.03
0.000322515	7554.83
0.000325029	7715.75
0.000327544	7861.45
0.000330058	7992.12
0.000332572	8104.92
0.000335086	8200.17
0.0003376	8271.63
0.000340114	8320.34
0.000342628	8328.72
0.000345142	8307.4
0.000347657	8259.13
0.000350171	8161.9
0.000352685	8028.83
0.000355199	7861.15
0.000357713	7668.35
0.000360227	7450.24
0.000362741	7221.65
0.000365256	6983.49
0.00036777	6748.11
0.000370284	6517.13
0.000372798	6296.23
0.000375312	6087.02
0.000377826	5887.77
0.00038034	5699.37
0.000382854	5515.24
0.000385369	5335.15
0.000387883	5152.09
0.000390397	4964.88
0.000392911	4770.15
0.000395425	4566.56
0.000397939	4355.75
0.000400453	4137.14
0.000402968	3915.24
0.000405482	3690.56
0.000407996	3466.85
0.00041051	3245.13
0.000413024	3026.4
0.000415538	2811.27
0.000418052	2599.14
0.000420566	2389.8
0.000423081	2183.78
0.000425595	1980.55
0.000428109	1783.24
0.000430623	1591.93
0.000433137	1411.26
0.000435651	1242.3
0.000438165	1088.57
0.00044068	951.653
0.000443194	831.912
0.000445708	730.478
0.000448222	644.623
0.000450736	574.329
0.00045325	515.562
0.000455764	467.248
0.000458279	426.015
0.000460793	390.43
0.000463307	358.634
0.000465821	329.526
0.000468335	302.398
0.000470849	276.686
0.000473363	252.115
0.000475877	228.44
0.000478392	205.503
0.000480906	183.132
0.00048342	161.389
0.000485934	140.168
0.000488448	119.827
0.000490962	100.443
0.000493476	82.4612
0.000495991	66.1398
0.000498505	51.7028
0.000501019	39.4157
0.000503533	29.1586
0.000506047	21.0212
0.000508561	14.6622
0.000511075	9.95393
0.000513589	6.53696
0.000516104	4.16141
0.000518618	2.57514
0.000521132	1.52956
0.000523646	0.894549
0.00052616	0.491004
0.000528674	0.27378
0.000531188	0.123751
0.000533703	0.0737409
