0.000166815	1.04163e-27
0.000172682	1.78063e-26
0.000178548	6.81003e-26
0.000184415	1.02924e-24
0.000190282	3.8805e-24
0.000196148	5.11898e-23
0.000202015	1.92734e-22
0.000207881	2.22311e-21
0.000213748	8.34444e-21
0.000219614	8.43336e-20
0.000225481	3.14949e-19
0.000231347	2.79556e-18
0.000237214	1.03641e-17
0.00024308	8.10122e-17
0.000248947	2.97387e-16
0.000254813	2.05325e-15
0.00026068	7.4416e-15
0.000266547	4.55356e-14
0.000272413	1.62416e-13
0.00027828	8.84105e-13
0.000284146	3.09232e-12
0.000290013	1.50359e-11
0.000295879	5.13709e-11
0.000301746	2.24108e-10
0.000307612	7.4477e-10
0.000313479	2.92904e-09
0.000319345	9.42565e-09
0.000325212	3.35858e-08
0.000331078	1.04163e-07
0.000336945	3.38038e-07
0.000342812	1.00548e-06
0.000348678	2.98782e-06
0.000354545	8.48147e-06
0.000360411	2.32009e-05
0.000366278	6.25464e-05
0.000372144	0.000158337
0.000378011	0.000403468
0.000383877	0.000950033
0.000389744	0.00227811
0.00039561	0.0050133
0.000401477	0.011268
0.000407343	0.0232754
0.00041321	0.0488698
0.000419077	0.0951161
0.000424943	0.186074
0.00043081	0.347907
0.000436676	0.628423
0.000442543	1.11514
0.000448409	1.87564
0.000454276	3.11659
0.000460142	4.92814
0.000466009	7.67381
0.000471875	11.442
0.000477742	16.7321
0.000483608	23.5878
0.000489475	32.5068
0.000495342	43.4555
0.000501208	56.704
0.000507075	72.1498
0.000512941	89.6558
0.000518808	109.1
0.000524674	129.941
0.000530541	152.09
0.000536407	174.791
0.000542274	198.006
0.00054814	221.002
0.000554007	243.799
0.000559873	265.888
0.00056574	287.353
0.000571606	308.151
0.000577473	328.427
0.00058334	348.866
0.000589206	369.632
0.000595073	392.2
0.000600939	416.665
0.000606806	444.871
0.000612672	476.787
0.000618539	513.818
0.000624405	555.846
0.000630272	603.206
0.000636138	655.784
0.000642005	712.914
0.000647871	774.558
0.000653738	839.736
0.000659605	908.476
0.000665471	980.179
0.000671338	1054.88
0.000677204	1132.42
0.000683071	1212.82
0.000688937	1295.8
0.000694804	1381.33
0.00070067	1468.36
0.000706537	1556.84
0.000712403	1644.76
0.00071827	1732.13
0.000724136	1816.68
0.000730003	1898.45
0.00073587	1976.19
0.000741736	2049.94
0.000747603	2120.51
0.000753469	2187.88
0.000759336	2254.74
0.000765202	2321.05
0.000771069	2389.87
0.000776935	2461.21
0.000782802	2536.62
0.000788668	2616.15
0.000794535	2698.91
0.000800401	2784.99
0.000806268	2871.49
0.000812135	2958.47
0.000818001	3042.1
0.000823868	3122.39
0.000829734	3195.41
0.000835601	3261.14
0.000841467	3315.98
0.000847334	3359.86
0.0008532	3390.04
0.000859067	3406.37
0.000864933	3407.83
0.0008708	3394.09
0.000876666	3366.48
0.000882533	3324.76
0.0008884	3272.45
0.000894266	3209.49
0.000900133	3140.5
0.000905999	3065.69
0.000911866	2988.8
0.000917732	2910.28
0.000923599	2831.27
0.000929465	2752.2
0.000935332	2671.54
0.000941198	2589.39
0.000947065	2503.39
0.000952931	2413.2
0.000958798	2318.06
0.000964665	2217.47
0.000970531	2113.3
0.000976398	2005.34
0.000982264	1897.23
0.000988131	1789.21
0.000993997	1684.8
0.000999864	1584.59
0.00100573	1490.31
0.0010116	1402.59
0.00101746	1320.91
0.00102333	1245.59
0.0010292	1174.58
0.00103506	1107.75
0.00104093	1042.89
0.0010468	979.527
0.00105266	916.536
0.00105853	853.405
0.0010644	790.481
0.00107026	727.529
0.00107613	665.804
0.001082	605.448
0.00108786	547.685
0.00109373	492.878
0.00109959	441.582
0.00110546	394.118
0.00111133	350.328
0.00111719	310.327
0.00112306	273.606
0.00112893	240.079
0.00113479	209.291
0.00114066	181.072
0.00114653	155.209
0.00115239	131.571
0.00115826	110.135
0.00116413	90.8601
0.00116999	73.7521
0.00117586	58.8316
0.00118173	46.0009
0.00118759	35.2749
0.00119346	26.4178
0.00119933	19.3851
0.00120519	13.8627
0.00121106	9.73528
0.00121693	6.70818
0.00122279	4.60271
0.00122866	3.30066
0.00123453	2.5525
0.00124039	2.33085
0.00124626	2.51647
0.00125212	3.0148
0.00125799	3.8492
0.00126386	4.93087
0.00126972	6.23561
0.00127559	7.64845
0.00128146	9.11791
0.00128732	10.5005
0.00129319	11.7145
0.00129906	12.6022
0.00130492	13.0559
0.00131079	13.2029
0.00131666	12.85
0.00132252	12.0572
0.00132839	10.9949
0.00133426	9.60459
