0.000500379	5.87913e-136
0.00050876	3.94003e-131
0.000517141	1.57599e-130
0.000525522	8.10828e-126
0.000533903	3.27643e-125
0.000542284	1.29388e-120
0.000550665	5.28264e-120
0.000559045	1.60101e-115
0.000567426	6.60549e-115
0.000575807	1.53613e-110
0.000584188	6.40566e-110
0.000592569	1.14286e-105
0.00060095	4.81755e-105
0.00060933	6.5931e-101
0.000617711	2.8099e-100
0.000626092	2.94928e-96
0.000634473	1.27104e-95
0.000642854	1.02299e-91
0.000651235	4.45895e-91
0.000659615	2.75138e-87
0.000667996	1.21313e-86
0.000676377	5.73795e-83
0.000684758	2.55968e-82
0.000693139	9.27876e-79
0.00070152	4.18858e-78
0.0007099	1.16346e-74
0.000718281	5.31557e-74
0.000726662	1.13119e-70
0.000735043	5.23161e-70
0.000743424	8.52815e-67
0.000751805	3.99323e-66
0.000760186	4.98548e-63
0.000768566	2.36383e-62
0.000776947	2.25996e-59
0.000785328	1.0852e-58
0.000793709	7.94407e-56
0.00080209	3.86374e-55
0.000810471	2.16546e-52
0.000818851	1.06687e-51
0.000827232	4.57759e-49
0.000835613	2.28465e-48
0.000843994	7.50467e-46
0.000852375	3.79435e-45
0.000860756	9.54263e-43
0.000869136	4.88724e-42
0.000877517	9.41223e-40
0.000885898	4.88208e-39
0.000894279	7.20225e-37
0.00090266	3.78239e-36
0.000911041	4.27641e-34
0.000919421	2.27275e-33
0.000927802	1.97078e-31
0.000936183	1.05919e-30
0.000944564	7.05172e-29
0.000952945	3.82866e-28
0.000961326	1.95994e-26
0.000969707	1.07346e-25
0.000978087	4.23387e-24
0.000986468	2.33461e-23
0.000994849	7.11392e-22
0.00100323	3.93882e-21
0.00101161	9.3063e-20
0.00101999	5.15569e-19
0.00102837	9.49012e-18
0.00103675	5.23644e-17
0.00104513	7.55518e-16
0.00105351	4.12758e-15
0.0010619	4.70414e-14
0.00107028	2.52565e-13
0.00107866	2.29556e-12
0.00108704	1.20011e-11
0.00109542	8.80005e-11
0.0011038	4.43034e-10
0.00111218	2.65667e-09
0.00112056	1.27143e-08
0.00112894	6.33143e-08
0.00113732	2.83893e-07
0.0011457	1.19378e-06
0.00115409	4.93755e-06
0.00116247	1.78389e-05
0.00117085	6.69934e-05
0.00117923	0.000211529
0.00118761	0.000710584
0.00119599	0.00199187
0.00120437	0.00590864
0.00121275	0.0149035
0.00122113	0.0386656
0.00122951	0.088684
0.00123789	0.200193
0.00124627	0.421607
0.00125466	0.828814
0.00126304	1.63839
0.00127142	2.8604
0.0012798	4.94315
0.00128818	7.88723
0.00129656	12.221
0.00130494	17.9395
0.00131332	25.4856
0.0013217	34.8558
0.00133008	46.4438
0.00133846	60.247
0.00134684	76.8725
0.00135523	96.3135
0.00136361	119.47
0.00137199	146.337
0.00138037	177.727
0.00138875	213.65
0.00139713	254.366
0.00140551	299.879
0.00141389	350.187
0.00142227	405.239
0.00143065	466.078
0.00143903	532.624
0.00144741	607.44
0.0014558	690.63
0.00146418	783.314
0.00147256	885.886
0.00148094	994.228
0.00148932	1108.53
0.0014977	1222.16
0.00150608	1334.56
0.00151446	1444.61
0.00152284	1551.64
0.00153122	1661.02
0.0015396	1773.05
0.00154798	1890.86
0.00155637	2015.32
0.00156475	2142.51
0.00157313	2272.64
0.00158151	2399.97
0.00158989	2524.1
0.00159827	2641.31
0.00160665	2751.62
0.00161503	2849.82
0.00162341	2935.88
0.00163179	3003.72
0.00164017	3054.68
0.00164855	3072.16
0.00165694	3075.95
0.00166532	3075.29
0.0016737	3058.1
0.00168208	3042.24
0.00169046	3031.78
0.00169884	3028.81
0.00170722	3028.82
0.0017156	3028.07
0.00172398	3012.57
0.00173236	2976.41
0.00174074	2909.09
0.00174912	2809.77
0.00175751	2676.3
0.00176589	2523.62
0.00177427	2351.81
0.00178265	2182.65
0.00179103	2021.53
0.00179941	1878.2
0.00180779	1758.79
0.00181617	1655.45
0.00182455	1569.41
0.00183293	1486.77
0.00184131	1403.49
0.00184969	1314.11
0.00185808	1214.4
0.00186646	1109.46
0.00187484	998.963
0.00188322	890.079
0.0018916	785.328
0.00189998	687.453
0.00190836	598.462
0.00191674	517.651
0.00192512	445.342
0.0019335	380.608
0.00194188	323.188
0.00195026	272.519
0.00195865	228.483
0.00196703	190.143
0.00197541	157.19
0.00198379	128.71
0.00199217	104.151
0.00200055	83.274
0.00200893	65.8243
0.00201731	51.6979
0.00202569	40.9735
0.00203407	32.9259
0.00204245	27.3739
0.00205083	23.3332
0.00205922	20.1847
0.0020676	17.4962
0.00207598	14.7205
0.00208436	12.0314
0.00209274	9.33241
0.00210112	6.86295
0.0021095	4.78846
0.00211788	3.11164
0.00212626	1.92595
0.00213464	1.105
0.00214302	0.591141
0.0021514	0.306253
0.00215979	0.126128
0.00216817	0.0660865
