3.33898e-05	0.0103113
3.52334e-05	0.0163205
3.70771e-05	0.0319084
3.89207e-05	0.0536429
4.07644e-05	0.0915459
4.2608e-05	0.149222
4.44517e-05	0.243703
4.62953e-05	0.384563
4.8139e-05	0.602673
4.99827e-05	0.919858
5.18263e-05	1.38671
5.367e-05	2.04676
5.55136e-05	2.97495
5.73573e-05	4.24812
5.92009e-05	5.96683
6.10446e-05	8.2521
6.28882e-05	11.2268
6.47319e-05	15.0627
6.65755e-05	19.8978
6.84192e-05	25.9544
7.02628e-05	33.3775
7.21065e-05	42.433
7.39502e-05	53.2644
7.57938e-05	66.1714
7.76375e-05	81.2862
7.94811e-05	98.9279
8.13248e-05	119.205
8.31684e-05	142.431
8.50121e-05	168.677
8.68557e-05	198.216
8.86994e-05	231.067
9.0543e-05	267.417
9.23867e-05	307.236
9.42303e-05	350.588
9.6074e-05	397.416
9.79177e-05	447.656
9.97613e-05	501.25
0.000101605	558.052
0.000103449	618.03
0.000105292	681.027
0.000107136	747.058
0.00010898	816.036
0.000110823	888.026
0.000112667	963.087
0.000114511	1041.33
0.000116354	1122.99
0.000118198	1208.21
0.000120042	1297.42
0.000121885	1390.75
0.000123729	1488.8
0.000125572	1591.68
0.000127416	1700.06
0.00012926	1814.01
0.000131103	1934.22
0.000132947	2060.71
0.000134791	2194.09
0.000136634	2334.3
0.000138478	2481.67
0.000140322	2636.03
0.000142165	2797.14
0.000144009	2964.71
0.000145853	3137.58
0.000147696	3315.41
0.00014954	3496.08
0.000151384	3679.36
0.000153227	3862.69
0.000155071	4046.09
0.000156915	4227.6
0.000158758	4407.5
0.000160602	4585.51
0.000162446	4762
0.000164289	4938.65
0.000166133	5115.66
0.000167977	5295.74
0.00016982	5478.79
0.000171664	5666.7
0.000173507	5859.14
0.000175351	6055.59
0.000177195	6255.65
0.000179038	6455.99
0.000180882	6656.36
0.000182726	6851.68
0.000184569	7041.92
0.000186413	7222.13
0.000188257	7392.46
0.0001901	7549.66
0.000191944	7693.93
0.000193788	7824.29
0.000195631	7940.89
0.000197475	8044.57
0.000199319	8135.37
0.000201162	8214.99
0.000203006	8283.4
0.00020485	8342.2
0.000206693	8391.36
0.000208537	8431.79
0.000210381	8463.48
0.000212224	8486.92
0.000214068	8502.05
0.000215912	8503.66
0.000217755	8498.79
0.000219599	8487.2
0.000221442	8460.1
0.000223286	8421.55
0.00022513	8371.64
0.000226973	8308.93
0.000228817	8233.42
0.000230661	8144.84
0.000232504	8043.15
0.000234348	7928.58
0.000236192	7801.1
0.000238035	7661.15
0.000239879	7508.72
0.000241723	7344.37
0.000243566	7168.08
0.00024541	6980.71
0.000247254	6782.22
0.000249097	6574.16
0.000250941	6356.44
0.000252785	6131.65
0.000254628	5899.71
0.000256472	5664.2
0.000258316	5425.1
0.000260159	5186.48
0.000262003	4948.45
0.000263847	4714.69
0.00026569	4485.44
0.000267534	4263.19
0.000269377	4048.22
0.000271221	3841.35
0.000273065	3642.84
0.000274908	3451.94
0.000276752	3268.77
0.000278596	3091.64
0.000280439	2920.5
0.000282283	2753.54
0.000284127	2590.57
0.00028597	2430.47
0.000287814	2272.96
0.000289658	2118.03
0.000291501	1965.46
0.000293345	1816.34
0.000295189	1670.61
0.000297032	1530.06
0.000298876	1394.83
0.00030072	1266.81
0.000302563	1146.29
0.000304407	1034.56
0.000306251	932.012
0.000308094	838.883
0.000309938	755.482
0.000311782	680.959
0.000313625	615.417
0.000315469	557.256
0.000317312	506.32
0.000319156	460.831
0.000321	420.433
0.000322843	383.697
0.000324687	350.201
0.000326531	319.141
0.000328374	290.168
0.000330218	263.067
0.000332062	237.65
0.000333905	214.055
0.000335749	192.25
0.000337593	172.456
0.000339436	154.738
0.00034128	139.202
0.000343124	125.936
0.000344967	114.852
0.000346811	105.996
0.000348655	99.0993
0.000350498	94.1356
0.000352342	90.7086
0.000354186	88.5161
0.000356029	87.8499
0.000357873	87.875
0.000359717	87.948
0.00036156	88.5369
0.000363404	89.081
0.000365247	89.2458
0.000367091	89.2889
0.000368935	88.6229
0.000370778	87.1147
0.000372622	84.9282
0.000374466	81.989
0.000376309	78.2515
0.000378153	73.8379
0.000379997	68.7695
0.00038184	63.231
0.000383684	57.3098
0.000385528	51.2062
0.000387371	45.0565
0.000389215	39.0265
0.000391059	33.2679
0.000392902	27.8771
0.000394746	22.9812
0.00039659	18.5999
0.000398433	14.8007
0.000400277	11.5605
