0.000166815	1.0205e-05
0.000171844	1.95282e-05
0.000176872	4.74978e-05
0.000181901	9.59693e-05
0.000186929	0.000203606
0.000191958	0.000393783
0.000196986	0.000804214
0.000202014	0.00149209
0.000207043	0.00292877
0.000212071	0.00522349
0.0002171	0.00984099
0.000222128	0.0171977
0.000227157	0.0306056
0.000232185	0.0518477
0.000237214	0.0880157
0.000242242	0.144191
0.00024727	0.234265
0.000252299	0.370644
0.000257327	0.577774
0.000262356	0.882188
0.000267384	1.32228
0.000272413	1.94803
0.000277441	2.81273
0.000282469	3.99929
0.000287498	5.57193
0.000292526	7.65117
0.000297555	10.3019
0.000302583	13.6755
0.000307612	17.8223
0.00031264	22.9011
0.000317669	28.9329
0.000322697	36.0452
0.000327725	44.2216
0.000332754	53.5164
0.000337782	63.8802
0.000342811	75.2664
0.000347839	87.6117
0.000352868	100.775
0.000357896	114.705
0.000362924	129.213
0.000367953	144.28
0.000372981	159.747
0.00037801	175.634
0.000383038	191.879
0.000388067	208.535
0.000393095	225.674
0.000398123	243.368
0.000403152	261.821
0.00040818	281.117
0.000413209	301.582
0.000418237	323.316
0.000423266	346.773
0.000428294	372.069
0.000433323	399.813
0.000438351	430.105
0.000443379	463.674
0.000448408	500.549
0.000453436	541.386
0.000458465	586.095
0.000463493	634.902
0.000468522	687.589
0.00047355	743.59
0.000478578	802.622
0.000483607	863.197
0.000488635	925.09
0.000493664	986.214
0.000498692	1046.51
0.000503721	1104.05
0.000508749	1158.96
0.000513778	1210.37
0.000518806	1258.56
0.000523834	1304.24
0.000528863	1347.72
0.000533891	1391.28
0.00053892	1435.11
0.000543948	1482.34
0.000548977	1532.98
0.000554005	1589.88
0.000559033	1652.91
0.000564062	1723.59
0.00056909	1801.71
0.000574119	1886.94
0.000579147	1979.06
0.000584176	2075.95
0.000589204	2177.48
0.000594233	2280.4
0.000599261	2384.69
0.000604289	2486.98
0.000609318	2587.31
0.000614346	2683.05
0.000619375	2774.3
0.000624403	2859.7
0.000629432	2939.31
0.00063446	3013.04
0.000639488	3080.93
0.000644517	3143.71
0.000649545	3201.37
0.000654574	3254.81
0.000659602	3304.03
0.000664631	3349.5
0.000669659	3391.2
0.000674688	3428.85
0.000679716	3462.44
0.000684744	3490.87
0.000689773	3514.16
0.000694801	3530.69
0.00069983	3540.47
0.000704858	3541.13
0.000709887	3533.31
0.000714915	3516.87
0.000719943	3488.88
0.000724972	3450.13
0.00073	3400.7
0.000735029	3340.6
0.000740057	3269.77
0.000745086	3189.56
0.000750114	3099.88
0.000755143	3003.07
0.000760171	2899.09
0.000765199	2790.89
0.000770228	2678.52
0.000775256	2564.98
0.000780285	2450.38
0.000785313	2337.2
0.000790342	2225.61
0.00079537	2117.08
0.000800398	2011.81
0.000805427	1910.21
0.000810455	1812.43
0.000815484	1718.15
0.000820512	1627.42
0.000825541	1539.72
0.000830569	1455
0.000835598	1373
0.000840626	1293.62
0.000845654	1217.03
0.000850683	1143.17
0.000855711	1072.5
0.00086074	1005.05
0.000865768	941.217
0.000870797	881.101
0.000875825	824.788
0.000880853	772.369
0.000885882	723.505
0.00089091	678.235
0.000895939	635.93
0.000900967	596.544
0.000905996	559.418
0.000911024	524.444
0.000916052	491.14
0.000921081	459.39
0.000926109	428.942
0.000931138	399.717
0.000936166	371.619
0.000941195	344.611
0.000946223	318.647
0.000951252	293.712
0.00095628	269.771
0.000961308	246.807
0.000966337	224.829
0.000971365	203.815
0.000976394	183.864
0.000981422	164.971
0.000986451	147.306
0.000991479	130.902
0.000996507	115.917
0.00100154	102.417
0.00100656	90.4553
0.00101159	80.0953
0.00101662	71.2448
0.00102165	63.9261
0.00102668	57.9285
0.00103171	53.2154
0.00103673	49.5278
0.00104176	46.7808
0.00104679	44.7339
0.00105182	43.2814
0.00105685	42.2367
0.00106188	41.4997
0.00106691	40.9402
0.00107193	40.4776
0.00107696	40.0237
0.00108199	39.5181
0.00108702	38.9009
0.00109205	38.1261
0.00109708	37.1582
0.0011021	35.9614
0.00110713	34.5297
0.00111216	32.8396
0.00111719	30.92
0.00112222	28.7675
0.00112725	26.4423
0.00113228	23.9683
0.0011373	21.4209
0.00114233	18.8499
0.00114736	16.3233
0.00115239	13.9037
0.00115742	11.6332
0.00116245	9.57928
0.00116747	7.71874
