0.000500379	1.40121e-161
0.000509598	3.24686e-155
0.000518817	1.29874e-154
0.000528036	2.0924e-148
0.000537255	8.45521e-148
0.000546474	9.46975e-142
0.000555693	3.8664e-141
0.000564912	3.00984e-135
0.000574131	1.24185e-134
0.00058335	6.71829e-129
0.000592569	2.80165e-128
0.000601788	1.05313e-122
0.000611007	4.43954e-122
0.000620226	1.15933e-116
0.000629445	4.94131e-116
0.000638664	8.96269e-111
0.000647883	3.86302e-110
0.000657101	4.86598e-105
0.00066632	2.12124e-104
0.000675539	1.85524e-99
0.000684758	8.18151e-99
0.000693977	4.9674e-94
0.000703196	2.21644e-93
0.000712415	9.3401e-89
0.000721634	4.21752e-88
0.000730853	1.2333e-83
0.000740072	5.63686e-83
0.000749291	1.1436e-78
0.00075851	5.29171e-78
0.000767729	7.44685e-74
0.000776948	3.48925e-73
0.000786167	3.40533e-69
0.000795386	1.61602e-68
0.000804605	1.09354e-64
0.000813823	5.25701e-64
0.000823042	2.46603e-60
0.000832261	1.20118e-59
0.00084148	3.90532e-56
0.000850699	1.92778e-55
0.000859918	4.34322e-52
0.000869137	2.17311e-51
0.000878356	3.39215e-48
0.000887575	1.72063e-47
0.000896794	1.86063e-44
0.000906013	9.56904e-44
0.000915232	7.16786e-41
0.000924451	3.73792e-40
0.00093367	1.93955e-37
0.000942889	1.02559e-36
0.000952108	3.68678e-34
0.000961327	1.97651e-33
0.000970545	4.92392e-31
0.000979764	2.67555e-30
0.000988983	4.62179e-28
0.000998202	2.54402e-27
0.00100742	3.05015e-25
0.00101664	1.69914e-24
0.00102586	1.41613e-22
0.00103508	7.97175e-22
0.0010443	4.6294e-20
0.00105352	2.62732e-19
0.00106273	1.06689e-17
0.00107195	6.08328e-17
0.00108117	1.73637e-15
0.00109039	9.89625e-15
0.00109961	2.00044e-13
0.00110883	1.1313e-12
0.00111805	1.63663e-11
0.00112727	9.08969e-11
0.00113649	9.54742e-10
0.00114571	5.13486e-09
0.00115492	3.9907e-08
0.00116414	2.0404e-07
0.00117336	1.20157e-06
0.00118258	5.70696e-06
0.0011918	2.61925e-05
0.00120102	0.000112464
0.00121024	0.000414908
0.00121946	0.00156362
0.00122868	0.00478299
0.00123789	0.0153663
0.00124711	0.0400681
0.00125633	0.107006
0.00126555	0.242902
0.00127477	0.529697
0.00128399	1.11318
0.00129321	1.99391
0.00130243	3.34105
0.00131165	5.12454
0.00132087	7.07583
0.00133008	9.17033
0.0013393	10.6421
0.00134852	11.5137
0.00135774	11.425
0.00136696	10.295
0.00137618	8.72103
0.0013854	6.70754
0.00139462	5.21895
0.00140384	4.24273
0.00141305	4.29124
0.00142227	5.85147
0.00143149	9.05043
0.00144071	14.2505
0.00144993	21.2748
0.00145915	30.1462
0.00146837	39.4627
0.00147759	49.2362
0.00148681	57.8034
0.00149603	65.0612
0.00150524	72.2259
0.00151446	79.1329
0.00152368	90.3576
0.0015329	105.905
0.00154212	130.011
0.00155134	162.877
0.00156056	205.704
0.00156978	258.67
0.001579	320.905
0.00158821	392.517
0.00159743	471.576
0.00160665	558.237
0.00161587	648.69
0.00162509	742.883
0.00163431	836.876
0.00164353	929.985
0.00165275	1023.96
0.00166197	1118.17
0.00167118	1219.83
0.0016804	1329.75
0.00168962	1449.58
0.00169884	1580.83
0.00170806	1714.3
0.00171728	1849.64
0.0017265	1978.8
0.00173572	2099.61
0.00174494	2216.44
0.00175416	2328.74
0.00176337	2444.45
0.00177259	2565.79
0.00178181	2688.9
0.00179103	2815.33
0.00180025	2931.83
0.00180947	3036.61
0.00181869	3122.4
0.00182791	3186.19
0.00183713	3232.98
0.00184634	3263.2
0.00185556	3279.44
0.00186478	3287.61
0.001874	3288.68
0.00188322	3270.69
0.00189244	3228.41
0.00190166	3153.29
0.00191088	3043.97
0.0019201	2897.57
0.00192932	2730.81
0.00193853	2545.47
0.00194775	2358.9
0.00195697	2177.55
0.00196619	2003.25
0.00197541	1839.09
0.00198463	1679.88
0.00199385	1523.75
0.00200307	1371.94
0.00201229	1223.21
0.0020215	1083.48
0.00203072	954.89
0.00203994	838.664
0.00204916	736.825
0.00205838	645.405
0.0020676	563.615
0.00207682	488.524
0.00208604	418.366
0.00209526	353.387
0.00210448	292.901
0.00211369	238.462
0.00212291	190.365
0.00213213	150.192
0.00214135	118.936
0.00215057	96.6624
0.00215979	83.6875
0.00216901	79.8948
0.00217823	82.0172
0.00218745	84.7516
0.00219666	86.6992
0.00220588	87.554
0.0022151	82.533
0.00222432	72.9932
0.00223354	60.6397
0.00224276	47.3555
0.00225198	34.8898
0.0022612	23.8945
0.00227042	15.6109
0.00227964	9.42496
0.00228885	5.40397
0.00229807	2.88921
0.00230729	1.37889
0.00231651	0.678178
0.00232573	0.25859
0.00233495	0.118727
