0.000166815	8.9996e-23
0.000172682	8.02977e-22
0.000178548	2.94192e-21
0.000184415	2.41388e-20
0.000190282	8.5556e-20
0.000196148	6.2962e-19
0.000202015	2.21364e-18
0.000207881	1.4644e-17
0.000213748	5.096e-17
0.000219614	3.03799e-16
0.000225481	1.04389e-15
0.000231347	5.62345e-15
0.000237214	1.90292e-14
0.00024308	9.29076e-14
0.000248947	3.08725e-13
0.000254813	1.3705e-12
0.00026068	4.4582e-12
0.000266547	1.80563e-11
0.000272413	5.73115e-11
0.00027828	2.12545e-10
0.000284146	6.55969e-10
0.000290013	2.23604e-09
0.000295879	6.68585e-09
0.000301746	2.10302e-08
0.000307612	6.06939e-08
0.000313479	1.76873e-07
0.000319345	4.9084e-07
0.000325212	1.33055e-06
0.000331078	3.53707e-06
0.000336945	8.95448e-06
0.000342812	2.2718e-05
0.000348678	5.392e-05
0.000354545	0.00013009
0.000360411	0.00029054
0.000366278	0.000664361
0.000372144	0.00140097
0.000378011	0.00302692
0.000383877	0.00604549
0.000389744	0.0123084
0.00039561	0.0233453
0.000401477	0.0446876
0.000407343	0.0821275
0.00041321	0.146226
0.000419077	0.255846
0.000424943	0.428032
0.00043081	0.707258
0.000436676	1.11819
0.000442543	1.74327
0.000448409	2.60944
0.000454276	3.83836
0.000460142	5.44677
0.000466009	7.56687
0.000471875	10.1918
0.000477742	13.4013
0.000483608	17.1639
0.000489475	21.4426
0.000495342	26.2048
0.000501208	31.3039
0.000507075	36.7459
0.000512941	42.4127
0.000518808	48.378
0.000524674	54.785
0.000530541	61.7622
0.000536407	69.8914
0.000542274	79.3014
0.00054814	90.9668
0.000554007	104.96
0.000559873	122.362
0.00056574	143.176
0.000571606	168.256
0.000577473	197.565
0.00058334	231.582
0.000589206	270.272
0.000595073	313.821
0.000600939	362.201
0.000606806	415.417
0.000612672	473.427
0.000618539	535.996
0.000624405	603.061
0.000630272	673.965
0.000636138	748.646
0.000642005	826.004
0.000647871	906.014
0.000653738	987.418
0.000659605	1070.23
0.000665471	1153.47
0.000671338	1237.16
0.000677204	1320.77
0.000683071	1404.34
0.000688937	1487.64
0.000694804	1570.69
0.00070067	1653.24
0.000706537	1735.29
0.000712403	1816.31
0.00071827	1896.3
0.000724136	1974.39
0.000730003	2050.58
0.00073587	2123.84
0.000741736	2194.17
0.000747603	2260.84
0.000753469	2323.85
0.000759336	2383.41
0.000765202	2439.52
0.000771069	2493.77
0.000776935	2546.14
0.000782802	2599.27
0.000788668	2653.16
0.000794535	2710.29
0.000800401	2770.71
0.000806268	2835.25
0.000812135	2904.03
0.000818001	2975.3
0.000823868	3049.23
0.000829734	3121.61
0.000835601	3192.55
0.000841467	3256.43
0.000847334	3313.23
0.0008532	3358.46
0.000859067	3393.14
0.000864933	3400.29
0.0008708	3397.99
0.000876666	3389.96
0.000882533	3354.23
0.0008884	3305.19
0.000894266	3244.56
0.000900133	3175.85
0.000905999	3099.25
0.000911866	3019.06
0.000917732	2935.77
0.000923599	2850.78
0.000929465	2764.54
0.000935332	2675.74
0.000941198	2584.46
0.000947065	2488.76
0.000952931	2388.31
0.000958798	2282.7
0.000964665	2171.52
0.000970531	2056.75
0.000976398	1938.22
0.000982264	1819.46
0.000988131	1700.7
0.000993997	1585.29
0.000999864	1473.79
0.00100573	1367.99
0.0010116	1268.45
0.00101746	1175.18
0.00102333	1088.45
0.0010292	1007.29
0.00103506	931.607
0.00104093	860.593
0.0010468	793.979
0.00105266	731.787
0.00105853	673.853
0.0010644	620.805
0.00107026	572.751
0.00107613	530.079
0.001082	493.078
0.00108786	461.147
0.00109373	434.48
0.00109959	411.432
0.00110546	391.853
0.00111133	373.724
0.00111719	356.53
0.00112306	338.785
0.00112893	319.835
0.00113479	299.283
0.00114066	276.659
0.00114653	252.592
0.00115239	226.999
0.00115826	201.01
0.00116413	174.905
0.00116999	149.714
0.00117586	125.889
0.00118173	103.997
0.00118759	84.4346
0.00119346	67.2688
0.00119933	52.7048
0.00120519	40.4736
0.00121106	30.5758
0.00121693	22.6138
0.00122279	16.4478
0.00122866	11.7008
0.00123453	8.17519
0.00124039	5.58453
0.00124626	3.73695
0.00125212	2.44705
0.00125799	1.56245
0.00126386	0.979527
0.00126972	0.594141
0.00127559	0.356485
0.00128146	0.204326
0.00128732	0.117459
0.00129319	0.062805
0.00129906	0.0349636
0.00130492	0.017595
0.00131079	0.00936175
0.00131666	0.00447379
0.00132252	0.00224766
0.00132839	0.000924125
0.00133426	0.000482947
