0.000500379	1.36971e-18
0.000506246	9.83763e-18
0.000512113	3.52414e-17
0.000517979	2.33362e-16
0.000523846	7.99716e-16
0.000529712	4.73551e-15
0.000535579	1.60061e-14
0.000541445	8.501e-14
0.000547312	2.82564e-13
0.000553178	1.35045e-12
0.000559045	4.39991e-12
0.000564911	1.899e-11
0.000570778	6.0435e-11
0.000576644	2.36455e-10
0.000582511	7.32269e-10
0.000588378	2.60778e-09
0.000594244	7.82744e-09
0.000600111	2.54805e-08
0.000605977	7.38189e-08
0.000611844	2.20626e-07
0.00061771	6.14262e-07
0.000623577	1.69315e-06
0.000629443	4.51053e-06
0.00063531	1.1518e-05
0.000641176	2.92314e-05
0.000647043	6.94592e-05
0.000652909	0.000167223
0.000658776	0.000371333
0.000664643	0.000844629
0.000670509	0.00175981
0.000676376	0.00376781
0.000682242	0.007393
0.000688109	0.0148506
0.000693975	0.027705
0.000699842	0.05187
0.000705708	0.0933556
0.000711575	0.161567
0.000717441	0.273917
0.000723308	0.44492
0.000729174	0.70952
0.000735041	1.08551
0.000740908	1.62859
0.000746774	2.35397
0.000752641	3.32942
0.000758507	4.56141
0.000764374	6.1079
0.00077024	7.96761
0.000776107	10.1702
0.000781973	12.7193
0.00078784	15.6309
0.000793706	18.9306
0.000799573	22.6807
0.000805439	26.9328
0.000811306	31.8646
0.000817173	37.5344
0.000823039	44.2419
0.000828906	52.0195
0.000834772	61.1943
0.000840639	71.753
0.000846505	83.8978
0.000852372	97.5775
0.000858238	112.76
0.000864105	129.386
0.000869971	147.2
0.000875838	166.173
0.000881704	185.966
0.000887571	206.605
0.000893438	227.904
0.000899304	249.947
0.000905171	272.952
0.000911037	297.043
0.000916904	323.004
0.00092277	350.954
0.000928637	382.2
0.000934503	416.802
0.00094037	456.264
0.000946236	500.557
0.000952103	550.828
0.000957969	606.964
0.000963836	669.177
0.000969703	737.311
0.000975569	810.314
0.000981436	888.057
0.000987302	968.392
0.000993169	1051.27
0.000999035	1134.13
0.0010049	1217.01
0.00101077	1297.84
0.00101663	1376.71
0.0010225	1452.67
0.00102837	1525.81
0.00103423	1596.42
0.0010401	1664.53
0.00104597	1731.32
0.00105183	1796.79
0.0010577	1862.51
0.00106357	1928.48
0.00106943	1996.31
0.0010753	2066.01
0.00108117	2138.98
0.00108703	2215.22
0.0010929	2295.56
0.00109877	2380
0.00110463	2468.14
0.0011105	2560.02
0.00111637	2653.43
0.00112223	2748.45
0.0011281	2841.05
0.00113397	2931.29
0.00113983	3014.24
0.0011457	3089.88
0.00115157	3153.98
0.00115743	3206.42
0.0011633	3246.07
0.00116916	3273.57
0.00117503	3278.7
0.0011809	3277.52
0.00118676	3272.81
0.00119263	3250.98
0.0011985	3222.98
0.00120436	3189.93
0.00121023	3152.88
0.0012161	3112.1
0.00122196	3067.49
0.00122783	3019.22
0.0012337	2965.95
0.00123956	2907.61
0.00124543	2843.45
0.0012513	2773.25
0.00125716	2698
0.00126303	2617.55
0.0012689	2534.24
0.00127476	2448.15
0.00128063	2361.61
0.0012865	2274.92
0.00129236	2189.13
0.00129823	2104.57
0.0013041	2020.84
0.00130996	1938.06
0.00131583	1855.16
0.00132169	1772
0.00132756	1687.95
0.00133343	1602.75
0.00133929	1516.93
0.00134516	1430.3
0.00135103	1344.42
0.00135689	1259.36
0.00136276	1176.88
0.00136863	1097.31
0.00137449	1021.68
0.00138036	950.397
0.00138623	883.381
0.00139209	820.862
0.00139796	761.941
0.00140383	706.577
0.00140969	653.701
0.00141556	603.071
0.00142143	554.012
0.00142729	506.246
0.00143316	459.679
0.00143903	414.136
0.00144489	369.984
0.00145076	327.198
0.00145663	286.39
0.00146249	247.665
0.00146836	211.669
0.00147422	178.605
0.00148009	148.937
0.00148596	122.908
0.00149182	100.6
0.00149769	82.207
0.00150356	67.3445
0.00150942	56.0509
0.00151529	47.5854
0.00152116	41.7795
0.00152702	37.7911
0.00153289	35.2866
0.00153876	33.5885
0.00154462	32.3136
0.00155049	31.1011
0.00155636	29.6447
0.00156222	27.8976
0.00156809	25.7075
0.00157396	23.2237
0.00157982	20.4499
0.00158569	17.5814
0.00159156	14.718
0.00159742	11.9922
0.00160329	9.51937
0.00160916	7.33499
0.00161502	5.51096
0.00162089	4.01115
0.00162675	2.84697
0.00163262	1.95683
0.00163849	1.30886
0.00164435	0.850129
0.00165022	0.534084
0.00165609	0.32843
0.00166195	0.182146
0.00166782	0.112705
