3.33898e-05	4.6509
3.52334e-05	6.1329
3.70771e-05	8.00661
3.89207e-05	10.2588
4.07644e-05	12.928
4.2608e-05	16.0545
4.44517e-05	19.628
4.62953e-05	23.6625
4.8139e-05	28.128
4.99827e-05	33.0041
5.18263e-05	38.2637
5.367e-05	43.8632
5.55136e-05	49.8092
5.73573e-05	56.0694
5.92009e-05	62.7068
6.10446e-05	69.7481
6.28882e-05	77.3135
6.47319e-05	85.5254
6.65755e-05	94.5365
6.84192e-05	104.567
7.02628e-05	115.765
7.21065e-05	128.41
7.39502e-05	142.615
7.57938e-05	158.659
7.76375e-05	176.622
7.94811e-05	196.738
8.13248e-05	219.083
8.31684e-05	243.855
8.50121e-05	271.164
8.68557e-05	301.237
8.86994e-05	334.235
9.0543e-05	370.498
9.23867e-05	410.223
9.42303e-05	453.905
9.6074e-05	501.733
9.79177e-05	554.317
9.97613e-05	611.778
0.000101605	674.714
0.000103449	743.134
0.000105292	817.446
0.000107136	897.538
0.00010898	983.464
0.000110823	1075.03
0.000112667	1171.86
0.000114511	1273.75
0.000116354	1379.97
0.000118198	1490.38
0.000120042	1604.11
0.000121885	1721.14
0.000123729	1840.79
0.000125572	1963.14
0.000127416	2087.94
0.00012926	2215.34
0.000131103	2345.63
0.000132947	2478.94
0.000134791	2615.9
0.000136634	2756.54
0.000138478	2901.43
0.000140322	3050.47
0.000142165	3203.69
0.000144009	3360.84
0.000145853	3521.07
0.000147696	3684.05
0.00014954	3847.92
0.000151384	4012.38
0.000153227	4174.85
0.000155071	4335.14
0.000156915	4490.52
0.000158758	4641
0.000160602	4784.44
0.000162446	4921.05
0.000164289	5050.08
0.000166133	5171.82
0.000167977	5287.38
0.00016982	5397.05
0.000171664	5503.69
0.000173507	5607.52
0.000175351	5712.45
0.000177195	5818.54
0.000179038	5929.63
0.000180882	6045.6
0.000182726	6168.97
0.000184569	6299.5
0.000186413	6437.49
0.000188257	6582.72
0.0001901	6733.07
0.000191944	6888.36
0.000193788	7044.52
0.000195631	7201.46
0.000197475	7353.99
0.000199319	7502.1
0.000201162	7640.34
0.000203006	7768.75
0.00020485	7882.3
0.000206693	7981.06
0.000208537	8061.24
0.000210381	8122.85
0.000212224	8161.05
0.000214068	8179.61
0.000215912	8178.31
0.000217755	8152.73
0.000219599	8107.26
0.000221442	8041.87
0.000223286	7960
0.00022513	7861.6
0.000226973	7751.79
0.000228817	7630.53
0.000230661	7503.28
0.000232504	7370.02
0.000234348	7235.37
0.000236192	7099.39
0.000238035	6964.91
0.000239879	6832.04
0.000241723	6701.39
0.000243566	6573.09
0.00024541	6445.66
0.000247254	6319.22
0.000249097	6190.87
0.000250941	6060.64
0.000252785	5925.2
0.000254628	5784.47
0.000256472	5635.78
0.000258316	5478.93
0.000260159	5312.76
0.000262003	5137.02
0.000263847	4952.53
0.00026569	4759.06
0.000267534	4559.32
0.000269377	4353.19
0.000271221	4144.68
0.000273065	3933.86
0.000274908	3725.07
0.000276752	3518.58
0.000278596	3318.12
0.000280439	3124.07
0.000282283	2938.87
0.000284127	2762.92
0.00028597	2597.1
0.000287814	2441.71
0.000289658	2296.31
0.000291501	2161.04
0.000293345	2034.66
0.000295189	1917.13
0.000297032	1806.98
0.000298876	1704.07
0.00030072	1607.13
0.000302563	1515.94
0.000304407	1429.56
0.000306251	1347.82
0.000308094	1269.99
0.000309938	1195.94
0.000311782	1125.01
0.000313625	1057.11
0.000315469	991.578
0.000317312	928.298
0.000319156	866.71
0.000321	806.66
0.000322843	747.827
0.000324687	690.055
0.000326531	633.376
0.000328374	577.686
0.000330218	523.365
0.000332062	470.41
0.000333905	419.407
0.000335749	370.469
0.000337593	324.186
0.000339436	280.748
0.00034128	240.562
0.000343124	203.833
0.000344967	170.683
0.000346811	141.26
0.000348655	115.399
0.000350498	93.1473
0.000352342	74.1305
0.000354186	58.2826
0.000356029	45.1314
0.000357873	34.5205
0.000359717	25.9832
0.00036156	19.3133
0.000363404	14.1189
0.000365247	10.1871
0.000367091	7.22894
0.000368935	5.05728
0.000370778	3.48245
0.000372622	2.35939
0.000374466	1.57649
0.000376309	1.03303
0.000378153	0.669947
0.000379997	0.423962
0.00038184	0.267024
0.000383684	0.162921
0.000385528	0.0997499
0.000387371	0.0585647
0.000389215	0.034904
0.000391059	0.0196748
0.000392902	0.0114351
0.000394746	0.00614159
0.00039659	0.00350754
0.000398433	0.00163141
0.000400277	0.00100604
