0.000500379	2.52753e-52
0.000507084	2.87653e-50
0.000513789	1.14303e-49
0.000520493	1.10393e-47
0.000527198	4.41398e-47
0.000533903	3.61043e-45
0.000540607	1.45552e-44
0.000547312	1.00856e-42
0.000554017	4.09847e-42
0.000560721	2.40664e-40
0.000567426	9.85465e-40
0.000574131	4.90596e-38
0.000580835	2.02339e-37
0.00058754	8.54465e-36
0.000594244	3.54763e-35
0.000600949	1.2717e-33
0.000607654	5.31156e-33
0.000614358	1.61757e-31
0.000621063	6.79101e-31
0.000627768	1.75881e-29
0.000634472	7.41447e-29
0.000641177	1.63513e-27
0.000647882	6.913e-27
0.000654586	1.30011e-25
0.000661291	5.5043e-25
0.000667995	8.84383e-24
0.0006747	3.7428e-23
0.000681405	5.14862e-22
0.000688109	2.17352e-21
0.000694814	2.56632e-20
0.000701519	1.078e-19
0.000708223	1.09573e-18
0.000714928	4.56655e-18
0.000721633	4.00951e-17
0.000728337	1.65232e-16
0.000735042	1.25813e-15
0.000741746	5.10708e-15
0.000748451	3.38742e-14
0.000755156	1.34855e-13
0.00076186	7.83076e-13
0.000768565	3.04253e-12
0.00077527	1.55531e-11
0.000781974	5.86605e-11
0.000788679	2.65578e-10
0.000795384	9.66702e-10
0.000802088	3.90133e-09
0.000808793	1.36205e-08
0.000815497	4.93335e-08
0.000822202	1.64136e-07
0.000828907	5.37303e-07
0.000835611	1.69248e-06
0.000842316	5.04273e-06
0.000849021	1.49421e-05
0.000855725	4.08024e-05
0.00086243	0.000113035
0.000869135	0.000284761
0.000875839	0.000733462
0.000882544	0.00171509
0.000889249	0.00408794
0.000895953	0.0089209
0.000902658	0.0196055
0.000909362	0.0401136
0.000916067	0.0811029
0.000922772	0.157274
0.000929476	0.291918
0.000936181	0.54004
0.000942886	0.924686
0.00094959	1.58177
0.000956295	2.54003
0.000963	4.03754
0.000969704	6.101
0.000976409	9.05968
0.000983113	12.9263
0.000989818	18.0457
0.000996523	24.412
0.00100323	32.275
0.00100993	41.622
0.00101664	52.5627
0.00102334	65.1048
0.00103005	79.3626
0.00103675	95.3845
0.00104346	113.638
0.00105016	134.195
0.00105686	158.168
0.00106357	185.594
0.00107027	217.976
0.00107698	255.263
0.00108368	298.358
0.00109039	347.143
0.00109709	400.856
0.0011038	459.415
0.0011105	520.529
0.00111721	584.218
0.00112391	648.431
0.00113062	713.256
0.00113732	778.915
0.00114402	845.463
0.00115073	915.64
0.00115743	989.433
0.00116414	1070.11
0.00117084	1157.64
0.00117755	1253.4
0.00118425	1357.41
0.00119096	1468.35
0.00119766	1586.28
0.00120437	1708.21
0.00121107	1834.19
0.00121778	1960.98
0.00122448	2088.6
0.00123119	2214.22
0.00123789	2337.84
0.00124459	2456.87
0.0012513	2571.32
0.001258	2678.54
0.00126471	2778.48
0.00127141	2868.85
0.00127812	2949.52
0.00128482	3019.73
0.00129153	3079.29
0.00129823	3129.69
0.00130494	3170.87
0.00131164	3205.08
0.00131835	3232.58
0.00132505	3253.76
0.00133175	3269.41
0.00133846	3272.49
0.00134516	3267.56
0.00135187	3255.68
0.00135857	3225.48
0.00136528	3181.88
0.00137198	3125.5
0.00137869	3059.86
0.00138539	2984.86
0.0013921	2906.5
0.0013988	2825.38
0.00140551	2745.15
0.00141221	2666.63
0.00141891	2589.8
0.00142562	2515.12
0.00143232	2440.27
0.00143903	2365.18
0.00144573	2287.39
0.00145244	2206.49
0.00145914	2121.35
0.00146585	2031.51
0.00147255	1937.68
0.00147926	1839.58
0.00148596	1739.45
0.00149267	1637.39
0.00149937	1536.05
0.00150608	1435.92
0.00151278	1338.82
0.00151948	1245.37
0.00152619	1155.89
0.00153289	1070.77
0.0015396	989.256
0.0015463	911.322
0.00155301	836.082
0.00155971	763.251
0.00156642	692.589
0.00157312	623.823
0.00157983	557.501
0.00158653	493.58
0.00159324	432.986
0.00159994	375.938
0.00160664	323.158
0.00161335	274.981
0.00162005	231.565
0.00162676	193.152
0.00163346	159.364
0.00164017	130.226
0.00164687	105.12
0.00165358	83.8864
0.00166028	65.9437
0.00166699	51.0643
0.00167369	38.7852
0.0016804	28.8982
0.0016871	21.0065
0.00169381	14.9262
0.00170051	10.2912
0.00170721	6.91575
0.00171392	4.49168
0.00172062	2.83269
0.00172733	1.72647
0.00173403	1.01369
0.00174074	0.579571
0.00174744	0.311701
0.00175415	0.169426
0.00176085	0.0834505
0.00176756	0.0429478
0.00177426	0.0197273
0.00178097	0.00938672
0.00178767	0.00403923
0.00179437	0.00176491
0.00180108	0.000715287
0.00180778	0.000285004
0.00181449	0.000109418
0.00182119	3.94787e-05
0.0018279	1.33847e-05
0.0018346	4.68663e-06
