0.000500379	0.881551
0.000509598	1.27503
0.000518817	1.82146
0.000528036	2.51791
0.000537255	3.37289
0.000546474	4.40745
0.000555693	5.58419
0.000564912	6.89352
0.000574131	8.26553
0.00058335	9.64148
0.000592569	10.9457
0.000601788	12.0771
0.000611007	12.9946
0.000620226	13.627
0.000629445	13.9132
0.000638664	13.8398
0.000647883	13.5922
0.000657101	13.1133
0.00066632	12.5362
0.000675539	11.9777
0.000684758	11.6083
0.000693977	11.651
0.000703196	11.8135
0.000712415	12.3955
0.000721634	13.5622
0.000730853	15.0542
0.000740072	16.8429
0.000749291	18.7965
0.00075851	20.8071
0.000767729	22.6387
0.000776948	24.2242
0.000786167	25.3485
0.000795386	25.9343
0.000804605	25.7922
0.000813823	25.199
0.000823042	24.0207
0.000832261	22.2649
0.00084148	20.1999
0.000850699	17.8762
0.000859918	15.5378
0.000869137	13.2289
0.000878356	11.1903
0.000887575	9.43291
0.000896794	8.0406
0.000906013	7.18583
0.000915232	7.16247
0.000924451	7.21692
0.00093367	7.68781
0.000942889	9.03588
0.000952108	10.7488
0.000961327	12.9173
0.000970545	15.5007
0.000979764	18.4882
0.000988983	21.8185
0.000998202	25.4755
0.00100742	29.3799
0.00101664	33.5022
0.00102586	37.7051
0.00103508	41.945
0.0010443	45.9821
0.00105352	49.7753
0.00106273	52.9945
0.00107195	55.6286
0.00108117	57.3914
0.00109039	58.2886
0.00109961	58.1513
0.00110883	57.2328
0.00111805	55.6417
0.00112727	53.4755
0.00113649	51.2943
0.00114571	49.1438
0.00115492	47.7807
0.00116414	47.1192
0.00117336	47.4443
0.00118258	49.4061
0.0011918	52.8042
0.00120102	57.6422
0.00121024	63.7986
0.00121946	71.2141
0.00122868	79.3285
0.00123789	88.1004
0.00124711	96.685
0.00125633	105.075
0.00126555	112.413
0.00127477	118.729
0.00128399	123.577
0.00129321	126.959
0.00130243	128.574
0.00131165	129.291
0.00132087	129.178
0.00133008	128.49
0.0013393	128.379
0.00134852	128.523
0.00135774	129.144
0.00136696	131.693
0.00137618	135.708
0.0013854	141.211
0.00139462	148.383
0.00140384	157.223
0.00141305	167.806
0.00142227	180.131
0.00143149	194.544
0.00144071	211.04
0.00144993	230.333
0.00145915	252.415
0.00146837	278.263
0.00147759	307.869
0.00148681	342.282
0.00149603	381.502
0.00150524	426.475
0.00151446	477.212
0.00152368	534.386
0.0015329	598.029
0.00154212	668.286
0.00155134	745.218
0.00156056	828.089
0.00156978	916.99
0.001579	1010.02
0.00158821	1107.27
0.00159743	1205.79
0.00160665	1305.58
0.00161587	1403.36
0.00162509	1499
0.00163431	1590.02
0.00164353	1676.16
0.00165275	1756.7
0.00166197	1831.39
0.00167118	1901.42
0.0016804	1966.68
0.00168962	2029.39
0.00169884	2089.69
0.00170806	2149.33
0.00171728	2208.63
0.0017265	2267.6
0.00173572	2326.59
0.00174494	2383.54
0.00175416	2438.6
0.00176337	2488.26
0.00177259	2532.38
0.00178181	2567.51
0.00179103	2594.86
0.00180025	2602.18
0.00180947	2598.86
0.00181869	2590.14
0.00182791	2558.92
0.00183713	2511.77
0.00184634	2451.48
0.00185556	2378.73
0.00186478	2293.48
0.001874	2199.48
0.00188322	2097.09
0.00189244	1990.29
0.00190166	1879.81
0.00191088	1768.77
0.0019201	1658.01
0.00192932	1549.24
0.00193853	1443.1
0.00194775	1340.1
0.00195697	1240.52
0.00196619	1144.35
0.00197541	1051.59
0.00198463	962.366
0.00199385	876.609
0.00200307	794.78
0.00201229	716.926
0.0020215	643.63
0.00203072	575.086
0.00203994	511.623
0.00204916	453.476
0.00205838	400.505
0.0020676	352.831
0.00207682	309.91
0.00208604	271.666
0.00209526	237.408
0.00210448	206.899
0.00211369	179.561
0.00212291	155.107
0.00213213	133.182
0.00214135	113.556
0.00215057	96.0413
0.00215979	80.5009
0.00216901	66.8002
0.00217823	54.8614
0.00218745	44.5319
0.00219666	35.74
0.00220588	28.3077
0.0022151	22.1431
0.00222432	17.0676
0.00223354	12.9709
0.00224276	9.69707
0.00225198	7.13176
0.0022612	5.1512
0.00227042	3.64967
0.00227964	2.53692
0.00228885	1.72319
0.00229807	1.14899
0.00230729	0.744458
0.00231651	0.475207
0.00232573	0.279497
0.00233495	0.178471
