0.000500379	3.33229e-234
0.000510437	1.01372e-226
0.000520494	4.05486e-226
0.000530551	8.80814e-219
0.000540608	3.5593e-218
0.000550665	5.52001e-211
0.000560722	2.25376e-210
0.000570779	2.49506e-203
0.000580836	1.02945e-202
0.000590893	8.134e-196
0.00060095	3.39203e-195
0.000611007	1.91253e-188
0.000621064	8.06247e-188
0.000631121	3.24335e-181
0.000641178	1.38239e-180
0.000651235	3.96693e-174
0.000661292	1.7098e-173
0.000671349	3.49938e-167
0.000681406	1.52551e-166
0.000691463	2.22638e-160
0.00070152	9.81834e-160
0.000711577	1.0216e-153
0.000721634	4.55842e-153
0.000731691	3.38085e-147
0.000741748	1.52666e-146
0.000751806	8.06935e-141
0.000761863	3.68829e-140
0.00077192	1.38904e-134
0.000781977	6.42776e-134
0.000792034	1.72445e-128
0.000802091	8.08064e-128
0.000812148	1.54399e-122
0.000822205	7.32798e-122
0.000832262	9.96992e-117
0.000842319	4.79374e-116
0.000852376	4.64293e-111
0.000862433	2.26212e-110
0.00087249	1.55934e-105
0.000882547	7.70031e-105
0.000892604	3.77692e-100
0.000902661	1.89083e-99
0.000912718	6.59746e-95
0.000922775	3.34924e-94
0.000932832	8.31108e-90
0.000942889	4.27948e-89
0.000952946	7.55052e-85
0.000963003	3.94445e-84
0.00097306	4.94689e-80
0.000983117	2.6226e-79
0.000993175	2.33734e-75
0.00100323	1.25785e-74
0.00101329	7.96428e-71
0.00102335	4.35187e-70
0.0010334	1.95706e-66
0.00104346	1.08611e-65
0.00105352	3.46816e-62
0.00106357	1.95535e-61
0.00107363	4.43236e-58
0.00108369	2.53938e-57
0.00109374	4.08527e-54
0.0011038	2.37895e-53
0.00111386	2.71562e-50
0.00112392	1.60768e-49
0.00113397	1.30198e-46
0.00114403	7.83742e-46
0.00115409	4.50253e-43
0.00116414	2.75621e-42
0.0011742	1.12325e-39
0.00118426	6.99238e-39
0.00119432	2.02179e-36
0.00120437	1.27973e-35
0.00121443	2.62627e-33
0.00122449	1.6897e-32
0.00123454	2.46285e-30
0.0012446	1.60959e-29
0.00125466	1.6682e-27
0.00126471	1.10628e-26
0.00127477	8.16725e-25
0.00128483	5.48652e-24
0.00129489	2.89304e-22
0.00130494	1.96366e-21
0.001315	7.42477e-20
0.00132506	5.07282e-19
0.00133511	1.38319e-17
0.00134517	9.46142e-17
0.00135523	1.87521e-15
0.00136529	1.2745e-14
0.00137534	1.85613e-13
0.0013854	1.24057e-12
0.00139546	1.34686e-11
0.00140551	8.73178e-11
0.00141557	7.19879e-10
0.00142563	4.44864e-09
0.00143568	2.84874e-08
0.00144574	1.64292e-07
0.0014558	8.38826e-07
0.00146586	4.40706e-06
0.00147591	1.8456e-05
0.00148597	8.61142e-05
0.00149603	0.000304302
0.00150608	0.00123067
0.00151614	0.00376579
0.0015262	0.0129352
0.00153625	0.035007
0.00154631	0.10075
0.00155637	0.24477
0.00156643	0.587307
0.00157648	1.2966
0.00158654	2.61282
0.0015966	5.29835
0.00160665	9.32774
0.00161671	15.9213
0.00162677	25.1151
0.00163683	37.466
0.00164688	53.0686
0.00165694	71.0427
0.001667	91.4151
0.00167705	112.917
0.00168711	135.387
0.00169717	159.428
0.00170722	184.864
0.00171728	214.206
0.00172734	247.529
0.0017374	286.734
0.00174745	331.954
0.00175751	384.146
0.00176757	443.149
0.00177762	511.669
0.00178768	589.65
0.00179774	680.939
0.00180779	786.24
0.00181785	904.948
0.00182791	1037.9
0.00183797	1178.61
0.00184802	1326.55
0.00185808	1477.42
0.00186814	1629.82
0.00187819	1786.97
0.00188825	1949.31
0.00189831	2117.5
0.00190837	2293.65
0.00191842	2466.18
0.00192848	2634.71
0.00193854	2786.5
0.00194859	2918.61
0.00195865	3029.01
0.00196871	3116.52
0.00197876	3182.54
0.00198882	3230.48
0.00199888	3243.71
0.00200894	3237.77
0.00201899	3222.76
0.00202905	3178.09
0.00203911	3116.1
0.00204916	3042.89
0.00205922	2957
0.00206928	2859.52
0.00207933	2747.95
0.00208939	2621.32
0.00209945	2480.56
0.00210951	2324.06
0.00211956	2159.62
0.00212962	1987.6
0.00213968	1819.05
0.00214973	1657.8
0.00215979	1508.24
0.00216985	1374.52
0.00217991	1251.01
0.00218996	1137.32
0.00220002	1027.72
0.00221008	918.587
0.00222013	812.491
0.00223019	708.609
0.00224025	612.116
0.0022503	525.769
0.00226036	449.097
0.00227042	383.473
0.00228048	325.257
0.00229053	272.839
0.00230059	225.403
0.00231065	181.597
0.0023207	142.985
0.00233076	110.168
0.00234082	83.4064
0.00235088	63.5762
0.00236093	48.8519
0.00237099	38.722
0.00238105	31.3595
0.0023911	25.3802
0.00240116	20.4033
0.00241122	15.6162
0.00242127	11.4041
0.00243133	7.81121
0.00244139	4.931
0.00245145	2.93072
0.0024615	1.58045
0.00247156	0.768706
0.00248162	0.370887
0.00249167	0.140079
0.00250173	0.0631423
