0.000166815	5.6306e-24
0.000172682	6.80288e-23
0.000178548	2.55223e-22
0.000184415	2.76047e-21
0.000190282	1.01126e-20
0.000196148	9.61508e-20
0.000202015	3.50267e-19
0.000207881	2.93438e-18
0.000213748	1.0606e-17
0.000219614	7.84925e-17
0.000225481	2.80771e-16
0.000231347	1.84104e-15
0.000237214	6.4988e-15
0.00024308	3.78796e-14
0.000248947	1.31536e-13
0.000254813	6.83999e-13
0.00026068	2.32831e-12
0.000266547	1.08449e-11
0.000272413	3.60496e-11
0.00027828	1.51055e-10
0.000284146	4.88333e-10
0.000290013	1.84934e-09
0.000295879	5.78908e-09
0.000301746	1.99117e-08
0.000307612	6.00807e-08
0.000313479	1.88648e-07
0.000319345	5.4612e-07
0.000325212	1.57364e-06
0.000331078	4.35029e-06
0.000336945	1.15648e-05
0.000342812	3.03908e-05
0.000348678	7.49284e-05
0.000354545	0.000186364
0.000360411	0.000428314
0.000366278	0.00100434
0.000372144	0.0021621
0.000378011	0.0047635
0.000383877	0.00964847
0.000389744	0.0199193
0.00039561	0.0381142
0.000401477	0.0735973
0.000407343	0.135918
0.00041321	0.243033
0.000419077	0.426232
0.000424943	0.713799
0.00043081	1.17943
0.000436676	1.86424
0.000442543	2.90433
0.000448409	4.34674
0.000454276	6.39554
0.000460142	9.08685
0.000466009	12.6581
0.000471875	17.1155
0.000477742	22.6475
0.000483608	29.2268
0.000489475	36.9023
0.000495342	45.6391
0.000501208	55.3399
0.000507075	66.0093
0.000512941	77.5572
0.000518808	90.0557
0.000524674	103.677
0.000530541	118.527
0.000536407	135.156
0.000542274	153.61
0.00054814	174.551
0.000554007	197.899
0.000559873	223.847
0.00056574	252.228
0.000571606	282.379
0.000577473	314.183
0.00058334	346.429
0.000589206	379.157
0.000595073	411.539
0.000600939	443.754
0.000606806	476.179
0.000612672	508.998
0.000618539	543.791
0.000624405	580.626
0.000630272	621.43
0.000636138	666.141
0.000642005	715.983
0.000647871	770.835
0.000653738	830.686
0.000659605	895.441
0.000665471	964.07
0.000671338	1036.54
0.000677204	1111.5
0.000683071	1188.96
0.000688937	1267.97
0.000694804	1348.56
0.00070067	1430.65
0.000706537	1514.29
0.000712403	1600.32
0.00071827	1688.76
0.000724136	1780.92
0.000730003	1876.78
0.00073587	1976.95
0.000741736	2081.41
0.000747603	2188.93
0.000753469	2299.5
0.000759336	2409.84
0.000765202	2519.96
0.000771069	2625.81
0.000776935	2727.39
0.000782802	2821.79
0.000788668	2908.95
0.000794535	2987.91
0.000800401	3058.62
0.000806268	3121.26
0.000812135	3175.84
0.000818001	3222.48
0.000823868	3261.18
0.000829734	3291.92
0.000835601	3314.71
0.000841467	3329.2
0.000847334	3336.57
0.0008532	3337.14
0.000859067	3331.11
0.000864933	3319.21
0.0008708	3301.55
0.000876666	3277.48
0.000882533	3247.1
0.0008884	3208.64
0.000894266	3162.02
0.000900133	3106.04
0.000905999	3040.42
0.000911866	2966
0.000917732	2882.51
0.000923599	2792.77
0.000929465	2696.75
0.000935332	2597.88
0.000941198	2496.41
0.000947065	2394.98
0.000952931	2293.92
0.000958798	2194.42
0.000964665	2096.76
0.000970531	2000.93
0.000976398	1907.03
0.000982264	1814.65
0.000988131	1723.75
0.000993997	1634.15
0.000999864	1545.77
0.00100573	1458.83
0.0010116	1373.3
0.00101746	1289.55
0.00102333	1207.63
0.0010292	1127.83
0.00103506	1050.2
0.00104093	975.005
0.0010468	902.264
0.00105266	832.282
0.00105853	765.098
0.0010644	701.032
0.00107026	640.153
0.00107613	582.676
0.001082	528.673
0.00108786	478.213
0.00109373	431.333
0.00109959	388.033
0.00110546	348.325
0.00111133	312.191
0.00111719	279.658
0.00112306	250.6
0.00112893	225.064
0.00113479	202.651
0.00114066	183.362
0.00114653	166.497
0.00115239	151.916
0.00115826	138.845
0.00116413	126.997
0.00116999	115.864
0.00117586	105.137
0.00118173	94.7418
0.00118759	84.5104
0.00119346	74.6597
0.00119933	65.2152
0.00120519	56.3913
0.00121106	48.3114
0.00121693	41.0136
0.00122279	34.5811
0.00122866	28.9134
0.00123453	23.9999
0.00124039	19.7253
0.00124626	16.0278
0.00125212	12.8412
0.00125799	10.1124
0.00126386	7.80649
0.00126972	5.89497
0.00127559	4.33806
0.00128146	3.11316
0.00128732	2.16754
0.00129319	1.46781
0.00129906	0.963191
0.00130492	0.611717
0.00131079	0.378136
0.00131666	0.223816
0.00132252	0.130659
0.00132839	0.0654856
0.00133426	0.0396587
