3.33898e-05	0.207246
3.55687e-05	0.308078
3.77476e-05	0.486848
3.99264e-05	0.726824
4.21053e-05	1.07686
4.42842e-05	1.56325
4.64631e-05	2.24393
4.8642e-05	3.1663
5.08209e-05	4.408
5.29998e-05	6.04525
5.51787e-05	8.17039
5.73576e-05	10.8923
5.95365e-05	14.3058
6.17154e-05	18.5475
6.38943e-05	23.6969
6.60732e-05	29.9005
6.82521e-05	37.2037
7.0431e-05	45.7334
7.26099e-05	55.4888
7.47888e-05	66.5422
7.69677e-05	78.8468
7.91465e-05	92.3939
8.13254e-05	107.105
8.35043e-05	122.883
8.56832e-05	139.641
8.78621e-05	157.217
9.0041e-05	175.539
9.22199e-05	194.421
9.43988e-05	213.829
9.65777e-05	233.605
9.87566e-05	253.765
0.000100935	274.232
0.000103114	295.077
0.000105293	316.353
0.000107472	338.184
0.000109651	360.789
0.00011183	384.34
0.000114009	409.246
0.000116188	435.7
0.000118367	464.295
0.000120546	495.202
0.000122724	529.128
0.000124903	566.172
0.000127082	607.004
0.000129261	651.616
0.00013144	700.438
0.000133619	753.343
0.000135798	810.34
0.000137977	871.225
0.000140156	935.508
0.000142334	1002.99
0.000144513	1072.8
0.000146692	1144.84
0.000148871	1218.17
0.00015105	1292.81
0.000153229	1368.16
0.000155408	1444.38
0.000157587	1521.5
0.000159766	1599.72
0.000161945	1679.74
0.000164123	1761.73
0.000166302	1846.81
0.000168481	1935.03
0.00017066	2027.43
0.000172839	2123.94
0.000175018	2225.05
0.000177197	2330.62
0.000179376	2440.31
0.000181555	2553.95
0.000183733	2670.48
0.000185912	2789.75
0.000188091	2910.28
0.00019027	3032.01
0.000192449	3153.44
0.000194628	3274.6
0.000196807	3394.31
0.000198986	3512.63
0.000201165	3628.8
0.000203344	3742.87
0.000205522	3854.37
0.000207701	3963.32
0.00020988	4069.3
0.000212059	4172.31
0.000214238	4271.87
0.000216417	4367.97
0.000218596	4460.13
0.000220775	4548.38
0.000222954	4632.55
0.000225132	4712.68
0.000227311	4789.22
0.00022949	4862.23
0.000231669	4932.85
0.000233848	5001.11
0.000236027	5068.57
0.000238206	5135.2
0.000240385	5202.28
0.000242564	5269.76
0.000244743	5337.86
0.000246921	5406.56
0.0002491	5474.53
0.000251279	5541.81
0.000253458	5605.7
0.000255637	5666.23
0.000257816	5720.09
0.000259995	5767.28
0.000262174	5805.45
0.000264353	5834.76
0.000266531	5847.02
0.00026871	5851.86
0.000270889	5850.01
0.000273068	5830.68
0.000275247	5800.97
0.000277426	5761.28
0.000279605	5712.43
0.000281784	5654.42
0.000283963	5588.79
0.000286142	5515.59
0.00028832	5435.93
0.000290499	5349.85
0.000292678	5257.99
0.000294857	5160.38
0.000297036	5057.38
0.000299215	4948.98
0.000301394	4835.49
0.000303573	4716.9
0.000305752	4593.65
0.00030793	4465.73
0.000310109	4333.8
0.000312288	4197.84
0.000314467	4058.77
0.000316646	3916.57
0.000318825	3772.35
0.000321004	3626.14
0.000323183	3479.18
0.000325362	3331.51
0.00032754	3184.41
0.000329719	3037.98
0.000331898	2893.36
0.000334077	2750.7
0.000336256	2610.89
0.000338435	2474.08
0.000340614	2340.84
0.000342793	2211.28
0.000344972	2085.62
0.000347151	1963.93
0.000349329	1846.16
0.000351508	1732.33
0.000353687	1622.29
0.000355866	1516
0.000358045	1413.41
0.000360224	1314.44
0.000362403	1219.24
0.000364582	1127.76
0.000366761	1040.32
0.000368939	956.932
0.000371118	877.991
0.000373297	803.576
0.000375476	733.96
0.000377655	669.261
0.000379834	609.491
0.000382013	554.749
0.000384192	504.733
0.000386371	459.467
0.00038855	418.401
0.000390728	381.459
0.000392907	347.981
0.000395086	317.803
0.000397265	290.308
0.000399444	265.286
0.000401623	242.266
0.000403802	221.042
0.000405981	201.317
0.00040816	182.93
0.000410338	165.727
0.000412517	149.604
0.000414696	134.497
0.000416875	120.35
0.000419054	107.14
0.000421233	94.8426
0.000423412	83.4432
0.000425591	72.9323
0.00042777	63.2896
0.000429949	54.5086
0.000432127	46.5582
0.000434306	39.4288
0.000436485	33.0762
0.000438664	27.4837
0.000440843	22.5943
0.000443022	18.3814
0.000445201	14.7784
0.00044738	11.7479
0.000449559	9.22044
0.000451737	7.14905
0.000453916	5.46935
0.000456095	4.12944
0.000458274	3.076
0.000460453	2.2582
0.000462632	1.6366
0.000464811	1.15113
0.00046699	0.822346
