0.000500379	3.35272e-208
0.000510437	3.58028e-201
0.000520494	1.43211e-200
0.000530551	1.0909e-193
0.000540608	4.40822e-193
0.000550665	2.3949e-186
0.000560722	9.77813e-186
0.000570779	3.78816e-179
0.000580836	1.56298e-178
0.000590893	4.31721e-172
0.00060095	1.80036e-171
0.000611007	3.54496e-165
0.000621064	1.49441e-164
0.000631121	2.09725e-158
0.000641178	8.93893e-158
0.000651235	8.93957e-152
0.000661292	3.85307e-151
0.000671349	2.74543e-145
0.000681406	1.19683e-144
0.000691463	6.07473e-139
0.00070152	2.67895e-138
0.000711577	9.68424e-133
0.000721634	4.32116e-132
0.000731691	1.11231e-126
0.000741748	5.02273e-126
0.000751806	9.20448e-121
0.000761863	4.20711e-120
0.00077192	5.48769e-115
0.000781977	2.5394e-114
0.000792034	2.35717e-109
0.000802091	1.10454e-108
0.000812148	7.29462e-104
0.000822205	3.46209e-103
0.000832262	1.62638e-98
0.000842319	7.81981e-98
0.000852376	2.61243e-93
0.000862433	1.27279e-92
0.00087249	3.02322e-88
0.000882547	1.49287e-87
0.000892604	2.52055e-83
0.000902661	1.26179e-82
0.000912718	1.51398e-78
0.000922775	7.68524e-78
0.000932832	6.55152e-74
0.000942889	3.3731e-73
0.000952946	2.04249e-69
0.000963003	1.06686e-68
0.00097306	4.58752e-65
0.000983117	2.43156e-64
0.000993175	7.42328e-61
0.00100323	3.99364e-60
0.00101329	8.65406e-57
0.00102335	4.72671e-56
0.0010334	7.26874e-53
0.00104346	4.0314e-52
0.00105352	4.39875e-49
0.00106357	2.47779e-48
0.00107363	1.91802e-45
0.00108369	1.09745e-44
0.00109374	6.02646e-42
0.0011038	3.50289e-41
0.00111386	1.36461e-38
0.00112392	8.05741e-38
0.00113397	2.22725e-35
0.00114403	1.33568e-34
0.00115409	2.62087e-32
0.00116414	1.59573e-31
0.0011742	2.2243e-29
0.00118426	1.37402e-28
0.00119432	1.36217e-26
0.00120437	8.52766e-26
0.00121443	6.02374e-24
0.00122449	3.81513e-23
0.00123454	1.92546e-21
0.0012446	1.23052e-20
0.00125466	4.45488e-19
0.00126471	2.86187e-18
0.00127477	7.47464e-17
0.00128483	4.80065e-16
0.00129489	9.11777e-15
0.00130494	5.81019e-14
0.001315	8.11222e-13
0.00132506	5.07613e-12
0.00133511	5.28545e-11
0.00134517	3.20344e-10
0.00135523	2.53358e-09
0.00136529	1.46164e-08
0.00137534	8.97957e-08
0.0013854	4.82785e-07
0.00139546	2.36421e-06
0.00140551	1.15637e-05
0.00141557	4.64148e-05
0.00142563	0.000201311
0.00143568	0.00068095
0.00144574	0.00255508
0.0014558	0.0074689
0.00146586	0.0237386
0.00147591	0.061188
0.00148597	0.162284
0.00149603	0.373841
0.00150608	0.821704
0.00151614	1.75109
0.0015262	3.25966
0.00153625	5.85306
0.00154631	9.53488
0.00155637	14.4661
0.00156643	20.6761
0.00157648	27.2564
0.00158654	34.23
0.0015966	40.1744
0.00160665	45.0368
0.00161671	48.5994
0.00162677	50.7522
0.00163683	53.1987
0.00164688	55.8969
0.00165694	61.0957
0.001667	68.8488
0.00167705	80.6896
0.00168711	96.6386
0.00169717	118.177
0.00170722	145.32
0.00171728	179.649
0.00172734	221.333
0.0017374	270.446
0.00174745	327.054
0.00175751	390.633
0.00176757	460.797
0.00177762	540.396
0.00178768	629.158
0.00179774	732.739
0.00180779	852.003
0.00181785	987.318
0.00182791	1140.28
0.00183797	1300.35
0.00184802	1467.79
0.00185808	1628.23
0.00186814	1779.5
0.00187819	1916.81
0.00188825	2037.56
0.00189831	2149.99
0.00190837	2254.05
0.00191842	2359.58
0.00192848	2469.12
0.00193854	2581.78
0.00194859	2699.64
0.00195865	2811.8
0.00196871	2917.77
0.00197876	3006.25
0.00198882	3078.98
0.00199888	3109.51
0.00200894	3117.38
0.00201899	3117.29
0.00202905	3079.79
0.00203911	3023.24
0.00204916	2956.39
0.00205922	2878.05
0.00206928	2790.38
0.00207933	2688.48
0.00208939	2570.44
0.00209945	2438.4
0.00210951	2290.36
0.00211956	2137.25
0.00212962	1981.46
0.00213968	1830.36
0.00214973	1687.47
0.00215979	1553.48
0.00216985	1429.7
0.00217991	1315.05
0.00218996	1209.97
0.00220002	1111.8
0.00221008	1020.39
0.00222013	931.524
0.00223019	843.371
0.00224025	754.444
0.0022503	662.608
0.00226036	571.228
0.00227042	480.402
0.00228048	394.947
0.00229053	317.255
0.00230059	249.129
0.00231065	192.787
0.0023207	146.479
0.00233076	110.37
0.00234082	81.9174
0.00235088	59.8422
0.00236093	42.7691
0.00237099	29.5416
0.00238105	19.6059
0.0023911	12.39
0.00240116	7.36824
0.00241122	4.11338
0.00242127	2.16075
0.00243133	1.00541
0.00244139	0.482573
0.00245145	0.19813
0.0024615	0.080129
0.00247156	0.0295452
0.00248162	0.00978588
0.00249167	0.00310141
0.00250173	0.000873253
