0.000166815	0.000179739
0.000171844	0.00031846
0.000176872	0.000734626
0.000181901	0.00137597
0.000186929	0.00273464
0.000191958	0.0048952
0.000196986	0.00927375
0.000202014	0.0162038
0.000207043	0.0287078
0.000212071	0.0483279
0.0002171	0.0810411
0.000222128	0.131034
0.000227157	0.208685
0.000232185	0.323376
0.000237214	0.490433
0.000242242	0.727383
0.00024727	1.05283
0.000252299	1.49384
0.000257327	2.06763
0.000262356	2.80765
0.000267384	3.72346
0.000272413	4.84551
0.000277441	6.17168
0.000282469	7.7168
0.000287498	9.4701
0.000292526	11.4237
0.000297555	13.5697
0.000302583	15.8863
0.000307612	18.3834
0.00031264	21.0531
0.000317669	23.932
0.000322697	27.061
0.000327725	30.5002
0.000332754	34.3612
0.000337782	38.7139
0.000342811	43.7352
0.000347839	49.49
0.000352868	56.1924
0.000357896	63.8958
0.000362924	72.8217
0.000367953	83.0142
0.000372981	94.6885
0.00037801	107.882
0.000383038	122.805
0.000388067	139.48
0.000393095	158.1
0.000398123	178.66
0.000403152	201.284
0.00040818	225.924
0.000413209	252.555
0.000418237	281.096
0.000423266	311.32
0.000428294	343.154
0.000433323	376.22
0.000438351	410.503
0.000443379	445.668
0.000448408	481.777
0.000453436	518.771
0.000458465	556.761
0.000463493	596.078
0.000468522	636.813
0.00047355	679.564
0.000478578	724.354
0.000483607	771.741
0.000488635	821.683
0.000493664	874.429
0.000498692	929.916
0.000503721	988.042
0.000508749	1048.77
0.000513778	1111.81
0.000518806	1177.16
0.000523834	1244.56
0.000528863	1314.01
0.000533891	1385.32
0.00053892	1458.47
0.000543948	1533.22
0.000548977	1609.53
0.000554005	1686.97
0.000559033	1765.51
0.000564062	1844.54
0.00056909	1924.06
0.000574119	2003.42
0.000579147	2082.65
0.000584176	2161.2
0.000589204	2239.09
0.000594233	2315.92
0.000599261	2391.69
0.000604289	2466.05
0.000609318	2538.99
0.000614346	2610.19
0.000619375	2679.64
0.000624403	2747.09
0.000629432	2812.54
0.00063446	2875.96
0.000639488	2937.33
0.000644517	2996.85
0.000649545	3054.52
0.000654574	3110.52
0.000659602	3164.87
0.000664631	3217.37
0.000669659	3268.01
0.000674688	3315.77
0.000679716	3360.65
0.000684744	3400.6
0.000689773	3435.64
0.000694801	3463.73
0.00069983	3485.16
0.000704858	3488.84
0.000709887	3487.14
0.000714915	3480.76
0.000719943	3453.91
0.000724972	3415.23
0.00073	3365.28
0.000735029	3304.09
0.000740057	3231.6
0.000745086	3149.87
0.000750114	3058.87
0.000755143	2961.08
0.000760171	2856.49
0.000765199	2747.77
0.000770228	2634.93
0.000775256	2520.82
0.000780285	2405.48
0.000785313	2291.81
0.000790342	2179.91
0.00079537	2072.31
0.000800398	1969.17
0.000805427	1872.08
0.000810455	1781.26
0.000815484	1696.97
0.000820512	1619.42
0.000825541	1547.62
0.000830569	1481.67
0.000835598	1419.83
0.000840626	1362.04
0.000845654	1306.45
0.000850683	1252.88
0.000855711	1199.97
0.00086074	1147.47
0.000865768	1094.86
0.000870797	1041.93
0.000875825	989
0.000880853	935.975
0.000885882	883.695
0.00089091	832.203
0.000895939	782.391
0.000900967	734.407
0.000905996	688.818
0.000911024	645.787
0.000916052	605.457
0.000921081	567.928
0.000926109	533.051
0.000931138	500.847
0.000936166	471.058
0.000941195	443.66
0.000946223	418.357
0.000951252	395.12
0.00095628	373.575
0.000961308	353.682
0.000966337	334.963
0.000971365	317.336
0.000976394	300.3
0.000981422	283.717
0.000986451	267.216
0.000991479	250.639
0.000996507	233.872
0.00100154	216.794
0.00100656	199.556
0.00101159	182.127
0.00101662	164.818
0.00102165	147.691
0.00102668	131.076
0.00103171	115.095
0.00103673	99.9945
0.00104176	85.9035
0.00104679	72.9431
0.00105182	61.2118
0.00105685	50.7125
0.00106188	41.4943
0.00106691	33.4735
0.00107193	26.6485
0.00107696	20.8848
0.00108199	16.1387
0.00108702	12.2585
0.00109205	9.17167
0.00109708	6.73669
0.0011021	4.86768
0.00110713	3.45072
0.00111216	2.40176
0.00111719	1.64091
0.00112222	1.09725
0.00112725	0.72191
0.00113228	0.46248
0.0011373	0.293004
0.00114233	0.179284
0.00114736	0.109462
0.00115239	0.0637472
0.00115742	0.0375719
0.00116245	0.0188921
0.00116747	0.0118325
