3.33898e-05	0.0196159
3.52334e-05	0.0308911
3.70771e-05	0.058384
3.89207e-05	0.0966255
4.07644e-05	0.161585
4.2608e-05	0.259412
4.44517e-05	0.416078
4.62953e-05	0.647053
4.8139e-05	0.997615
4.99827e-05	1.50146
5.18263e-05	2.2296
5.367e-05	3.24637
5.55136e-05	4.65126
5.73573e-05	6.55258
5.92009e-05	9.07385
6.10446e-05	12.3757
6.28882e-05	16.5925
6.47319e-05	21.9336
6.65755e-05	28.5249
6.84192e-05	36.6048
7.02628e-05	46.2719
7.21065e-05	57.7612
7.39502e-05	71.1325
7.57938e-05	86.5823
7.76375e-05	104.129
7.94811e-05	123.905
8.13248e-05	145.888
8.31684e-05	170.131
8.50121e-05	196.569
8.68557e-05	225.158
8.86994e-05	255.794
9.0543e-05	288.311
9.23867e-05	322.581
9.42303e-05	358.305
9.6074e-05	395.374
9.79177e-05	433.406
9.97613e-05	472.389
0.000101605	512.013
0.000103449	552.439
0.000105292	593.696
0.000107136	636.147
0.00010898	680.445
0.000110823	727.099
0.000112667	777.529
0.000114511	832.255
0.000116354	893.32
0.000118198	961.09
0.000120042	1037.77
0.000121885	1123.46
0.000123729	1219.88
0.000125572	1326.84
0.000127416	1445.04
0.00012926	1574.12
0.000131103	1713.53
0.000132947	1862.91
0.000134791	2020.77
0.000136634	2186.9
0.000138478	2359.55
0.000140322	2538.71
0.000142165	2723.11
0.000144009	2912.9
0.000145853	3107.7
0.000147696	3307.64
0.00014954	3513.02
0.000151384	3723.8
0.000153227	3940.14
0.000155071	4161.75
0.000156915	4387.55
0.000158758	4617.08
0.000160602	4847.35
0.000162446	5077.91
0.000164289	5304.02
0.000166133	5525.46
0.000167977	5736.99
0.00016982	5938.71
0.000171664	6126.67
0.000173507	6301.23
0.000175351	6461.32
0.000177195	6607.36
0.000179038	6741.6
0.000180882	6864.35
0.000182726	6980.26
0.000184569	7089.38
0.000186413	7196.73
0.000188257	7302.14
0.0001901	7408.75
0.000191944	7516.28
0.000193788	7624.52
0.000195631	7733.22
0.000197475	7838.78
0.000199319	7941.07
0.000201162	8034.44
0.000203006	8118.93
0.00020485	8189
0.000206693	8244.78
0.000208537	8283.26
0.000210381	8304.44
0.000212224	8305.33
0.000214068	8291.04
0.000215912	8262.01
0.000217755	8217.07
0.000219599	8161.38
0.000221442	8094.91
0.000223286	8021.59
0.00022513	7941.42
0.000226973	7856.97
0.000228817	7768.3
0.000230661	7676.2
0.000232504	7580.72
0.000234348	7481.31
0.000236192	7378
0.000238035	7269.77
0.000239879	7156.6
0.000241723	7037.81
0.000243566	6913.37
0.00024541	6783.28
0.000247254	6647.5
0.000249097	6506.46
0.000250941	6360.17
0.000252785	6208.76
0.000254628	6052.31
0.000256472	5890.1
0.000258316	5722.2
0.000260159	5547.09
0.000262003	5364.73
0.000263847	5173.63
0.00026569	4973.6
0.000267534	4764.42
0.000269377	4545.78
0.000271221	4319.77
0.000273065	4086.1
0.000274908	3849.31
0.000276752	3609.33
0.000278596	3372.16
0.000280439	3138.08
0.000282283	2912.94
0.000284127	2697.33
0.00028597	2495.25
0.000287814	2307.48
0.000289658	2135.23
0.000291501	1979.14
0.000293345	1837.76
0.000295189	1711.38
0.000297032	1596.76
0.000298876	1493.77
0.00030072	1398.72
0.000302563	1311.13
0.000304407	1228.01
0.000306251	1148.73
0.000308094	1071.66
0.000309938	996.246
0.000311782	922.243
0.000313625	849.337
0.000315469	778.224
0.000317312	708.876
0.000319156	642.307
0.000321	578.703
0.000322843	518.858
0.000324687	463.038
0.000326531	411.541
0.000328374	364.58
0.000330218	321.956
0.000332062	283.751
0.000333905	249.445
0.000335749	218.978
0.000337593	191.742
0.000339436	167.576
0.00034128	145.957
0.000343124	126.691
0.000344967	109.415
0.000346811	93.9609
0.000348655	80.1124
0.000350498	67.7533
0.000352342	56.7588
0.000354186	47.0607
0.000356029	38.5612
0.000357873	31.2191
0.000359717	24.9239
0.00036156	19.6367
0.000363404	15.2271
0.000365247	11.643
0.000367091	8.74871
0.000368935	6.47776
0.000370778	4.70892
0.000372622	3.36989
0.000374466	2.36752
0.000376309	1.63479
0.000378153	1.10952
0.000379997	0.737988
0.00038184	0.483918
0.000383684	0.309505
0.000385528	0.19621
0.000387371	0.120431
0.000389215	0.0738993
0.000391059	0.0434287
0.000392902	0.02584
0.000394746	0.0144999
0.00039659	0.00838525
0.000398433	0.00399374
0.000400277	0.00252481
