0.000500379	6.79872e-75
0.000507922	5.36354e-72
0.000515465	2.14338e-71
0.000523008	1.38396e-68
0.00053055	5.58365e-68
0.000538093	2.94964e-65
0.000545636	1.20196e-64
0.000553179	5.19448e-62
0.000560721	2.13804e-61
0.000568264	7.55881e-59
0.000575807	3.14269e-58
0.00058335	9.08903e-56
0.000590892	3.81728e-55
0.000598435	9.03136e-53
0.000605978	3.83156e-52
0.000613521	7.41623e-50
0.000621063	3.17815e-49
0.000628606	5.03309e-47
0.000636149	2.17849e-46
0.000643692	2.8232e-44
0.000651234	1.23404e-43
0.000658777	1.30902e-41
0.00066632	5.77698e-41
0.000673862	5.01758e-39
0.000681405	2.23502e-38
0.000688948	1.5902e-36
0.000696491	7.14631e-36
0.000704033	4.16764e-34
0.000711576	1.88848e-33
0.000719119	9.03445e-32
0.000726662	4.12466e-31
0.000734204	1.6203e-29
0.000741747	7.44599e-29
0.00074929	2.40494e-27
0.000756833	1.11105e-26
0.000764375	2.95519e-25
0.000771918	1.37039e-24
0.000779461	3.00769e-23
0.000787004	1.39724e-22
0.000794546	2.5367e-21
0.000802089	1.17774e-20
0.000809632	1.77403e-19
0.000817175	8.20732e-19
0.000824717	1.02947e-17
0.00083226	4.729e-17
0.000839803	4.96105e-16
0.000847345	2.25318e-15
0.000854888	1.98716e-14
0.000862431	8.87831e-14
0.000869974	6.62237e-13
0.000877516	2.89358e-12
0.000885059	1.83807e-11
0.000892602	7.80159e-11
0.000900145	4.25334e-10
0.000907687	1.74045e-09
0.00091523	8.21399e-09
0.000922773	3.21351e-08
0.000930316	1.32503e-07
0.000937858	4.91204e-07
0.000945401	1.78677e-06
0.000952944	6.21823e-06
0.000960487	2.01512e-05
0.000968029	6.52202e-05
0.000975572	0.000190123
0.000983115	0.000567075
0.000990658	0.00150056
0.0009982	0.00409
0.00100574	0.0099044
0.00101329	0.0244892
0.00102083	0.0546426
0.00102837	0.121847
0.00103591	0.251816
0.00104346	0.504391
0.001051	0.991732
0.00105854	1.78109
0.00106608	3.18469
0.00107363	5.23291
0.00108117	8.41858
0.00108871	12.728
0.00109626	18.5345
0.0011038	25.7645
0.00111134	34.1729
0.00111888	43.6654
0.00112643	53.1175
0.00113397	62.4911
0.00114151	70.321
0.00114906	76.6254
0.0011566	80.2798
0.00116414	81.976
0.00117168	81.7268
0.00117923	80.0066
0.00118677	79.1662
0.00119431	78.8488
0.00120185	79.808
0.0012094	86.9949
0.00121694	100.954
0.00122448	122.335
0.00123203	154.379
0.00123957	197.039
0.00124711	251.209
0.00125465	316.879
0.0012622	391.253
0.00126974	474.374
0.00127728	561.002
0.00128482	651.157
0.00129237	740.328
0.00129991	828.442
0.00130745	914.384
0.001315	998.011
0.00132254	1081.96
0.00133008	1166.13
0.00133762	1255.02
0.00134517	1348.69
0.00135271	1450.35
0.00136025	1560.26
0.00136779	1677.56
0.00137534	1802.55
0.00138288	1930.44
0.00139042	2061.26
0.00139797	2189.81
0.00140551	2315.79
0.00141305	2436.79
0.00142059	2552.53
0.00142814	2662.93
0.00143568	2767.91
0.00144322	2867.66
0.00145076	2962.18
0.00145831	3051.63
0.00146585	3136.07
0.00147339	3215.23
0.00148094	3289.57
0.00148848	3355.26
0.00149602	3413.1
0.00150356	3452.27
0.00151111	3472.36
0.00151865	3473.91
0.00152619	3440.27
0.00153373	3375.64
0.00154128	3280.64
0.00154882	3162.1
0.00155636	3019.48
0.00156391	2866.3
0.00157145	2703.64
0.00157899	2544.15
0.00158653	2389.83
0.00159408	2248.93
0.00160162	2123.75
0.00160916	2015.89
0.0016167	1927.3
0.00162425	1852.17
0.00163179	1791.07
0.00163933	1733.83
0.00164688	1678.96
0.00165442	1618.06
0.00166196	1548.42
0.0016695	1468.05
0.00167705	1374.83
0.00168459	1273.09
0.00169213	1162.54
0.00169968	1050
0.00170722	936.888
0.00171476	828.471
0.0017223	726.745
0.00172985	633.656
0.00173739	550.622
0.00174493	476.897
0.00175247	412.851
0.00176002	356.775
0.00176756	308.278
0.0017751	265.988
0.00178265	229.346
0.00179019	197.545
0.00179773	170.194
0.00180527	146.717
0.00181282	126.859
0.00182036	110.071
0.0018279	96.1267
0.00183544	84.501
0.00184299	74.9704
0.00185053	67.0251
0.00185807	60.4287
0.00186562	54.7034
0.00187316	49.5662
0.0018807	44.7142
0.00188824	39.8672
0.00189579	35.0233
0.00190333	30.0387
0.00191087	25.135
0.00191841	20.371
0.00192596	15.9615
0.0019335	12.0758
0.00194104	8.75968
0.00194859	6.1328
0.00195613	4.09219
0.00196367	2.63053
0.00197121	1.6119
0.00197876	0.942418
0.0019863	0.532186
0.00199384	0.252245
0.00200138	0.14676
