0.000500379	1.1224e-228
0.000510437	2.96356e-221
0.000520494	1.18543e-220
0.000530551	2.22843e-213
0.000540608	9.0049e-213
0.000550665	1.20502e-205
0.000560722	4.91996e-205
0.000570779	4.68593e-198
0.000580836	1.93341e-197
0.000590893	1.3104e-190
0.00060095	5.46464e-190
0.000611007	2.63523e-183
0.000621064	1.11091e-182
0.000631121	3.81097e-176
0.000641178	1.62432e-175
0.000651235	3.96325e-169
0.000661292	1.70822e-168
0.000671349	2.96392e-162
0.000681406	1.29208e-161
0.000691463	1.59396e-155
0.00070152	7.02934e-155
0.000711577	6.16425e-149
0.000721634	2.75052e-148
0.000731691	1.71425e-142
0.000741748	7.74091e-142
0.000751806	3.42814e-136
0.000761863	1.56691e-135
0.00077192	4.92979e-130
0.000781977	2.28125e-129
0.000792034	5.09778e-124
0.000802091	2.38878e-123
0.000812148	3.79066e-118
0.000822205	1.7991e-117
0.000832262	2.02688e-112
0.000842319	9.74562e-112
0.000852376	7.79319e-107
0.000862433	3.79698e-106
0.00087249	2.15465e-101
0.000882547	1.064e-100
0.000892604	4.28358e-96
0.000902661	2.14446e-95
0.000912718	6.12358e-91
0.000922775	3.10864e-90
0.000932832	6.29462e-86
0.000942889	3.24114e-85
0.000952946	4.65261e-81
0.000963003	2.43052e-80
0.00097306	2.47278e-76
0.000983117	1.31091e-75
0.000993175	9.45008e-72
0.00100323	5.0854e-71
0.00101329	2.59685e-67
0.00102335	1.4189e-66
0.0010334	5.13123e-63
0.00104346	2.84745e-62
0.00105352	7.29061e-59
0.00106357	4.10997e-58
0.00107363	7.44873e-55
0.00108369	4.26679e-54
0.00109374	5.47255e-51
0.0011038	3.18602e-50
0.00111386	2.89139e-47
0.00112392	1.71113e-46
0.00113397	1.09866e-43
0.00114403	6.61018e-43
0.00115409	3.00268e-40
0.00116414	1.83673e-39
0.0011742	5.90348e-37
0.00118426	3.67106e-36
0.00119432	8.3514e-34
0.00120437	5.27799e-33
0.00121443	8.5036e-31
0.00122449	5.45881e-30
0.00123454	6.23508e-28
0.0012446	4.06172e-27
0.00125466	3.29429e-25
0.00126471	2.17443e-24
0.00127477	1.25536e-22
0.00128483	8.37646e-22
0.00129489	3.45478e-20
0.00130494	2.32239e-19
0.001315	6.87847e-18
0.00132506	4.63524e-17
0.00133511	9.93154e-16
0.00134517	6.66225e-15
0.00135523	1.04315e-13
0.00136529	6.89886e-13
0.00137534	8.00148e-12
0.0013854	5.15007e-11
0.00139546	4.5029e-10
0.00140551	2.77393e-09
0.00141557	1.86852e-08
0.00142563	1.07925e-07
0.00143568	5.7455e-07
0.00144574	3.03783e-06
0.0014558	1.31449e-05
0.00146586	6.19882e-05
0.00147591	0.000224338
0.00148597	0.000919471
0.00149603	0.002858
0.00150608	0.00994928
0.00151614	0.0271527
0.0015262	0.0788979
0.00153625	0.192018
0.00154631	0.461249
0.00155637	1.02188
0.00156643	2.04617
0.00157648	4.03556
0.00158654	6.98518
0.0015966	11.4541
0.00160665	17.4741
0.00161671	24.866
0.00162677	33.6503
0.00163683	43.2435
0.00164688	53.5559
0.00165694	65.364
0.001667	78.5255
0.00167705	95.7699
0.00168711	117.147
0.00169717	144.928
0.00170722	179.383
0.00171728	220.081
0.00172734	267.161
0.0017374	318.938
0.00174745	375.229
0.00175751	435.891
0.00176757	500.663
0.00177762	571.437
0.00178768	648.03
0.00179774	733.998
0.00180779	829.318
0.00181785	938.56
0.00182791	1062.26
0.00183797	1202.46
0.00184802	1360.19
0.00185808	1531.49
0.00186814	1717.11
0.00187819	1907.7
0.00188825	2103.37
0.00189831	2291.43
0.00190837	2471.19
0.00191842	2629.16
0.00192848	2763.2
0.00193854	2866.47
0.00194859	2940.28
0.00195865	2966.29
0.00196871	2971.91
0.00197876	2971.74
0.00198882	2950.42
0.00199888	2930.25
0.00200894	2918.27
0.00201899	2915.38
0.00202905	2926.76
0.00203911	2939.12
0.00204916	2949.63
0.00205922	2952.46
0.00206928	2925.04
0.00207933	2860.42
0.00208939	2757.28
0.00209945	2622.35
0.00210951	2453.66
0.00211956	2270.59
0.00212962	2077.69
0.00213968	1888.02
0.00214973	1707.49
0.00215979	1538.71
0.00216985	1384.86
0.00217991	1242.67
0.00218996	1111.96
0.00220002	989.832
0.00221008	874.755
0.00222013	766.938
0.00223019	665.806
0.00224025	572.68
0.0022503	487.914
0.00226036	412.376
0.00227042	346.766
0.00228048	290.637
0.00229053	244.619
0.00230059	206.109
0.00231065	174.391
0.0023207	146.828
0.00233076	121.566
0.00234082	98.4495
0.00235088	76.5399
0.00236093	57.0043
0.00237099	40.3534
0.00238105	26.8087
0.0023911	16.9331
0.00240116	9.89309
0.00241122	5.4299
0.00242127	2.81153
0.00243133	1.29004
0.00244139	0.608983
0.00245145	0.247688
0.0024615	0.0987133
0.00247156	0.0361968
0.00248162	0.0118499
0.00249167	0.00374614
0.00250173	0.00104487
