0.000166815	1.39718
0.000171844	1.90826
0.000176872	2.58029
0.000181901	3.40808
0.000186929	4.40677
0.000191958	5.59709
0.000196986	6.96069
0.000202014	8.50033
0.000207043	10.1714
0.000212071	11.9447
0.0002171	13.7582
0.000222128	15.5457
0.000227157	17.2479
0.000232185	18.7737
0.000237214	20.091
0.000242242	21.1223
0.00024727	21.8591
0.000252299	22.2788
0.000257327	22.4346
0.000262356	22.3387
0.000267384	22.1244
0.000272413	21.8471
0.000277441	21.6289
0.000282469	21.6816
0.000287498	21.8775
0.000292526	22.437
0.000297555	23.6099
0.000302583	25.2795
0.000307612	27.5074
0.00031264	30.3531
0.000317669	33.8047
0.000322697	37.8689
0.000327725	42.5452
0.000332754	47.8271
0.000337782	53.736
0.000342811	60.2957
0.000347839	67.5471
0.000352868	75.5718
0.000357896	84.4172
0.000362924	94.2204
0.000367953	105.018
0.000372981	116.97
0.00037801	130.089
0.000383038	144.508
0.000388067	160.21
0.000393095	177.25
0.000398123	195.592
0.000403152	215.185
0.00040818	235.99
0.000413209	257.866
0.000418237	280.792
0.000423266	304.603
0.000428294	329.315
0.000433323	354.842
0.000438351	381.248
0.000443379	408.638
0.000448408	437.112
0.000453436	467.04
0.000458465	498.532
0.000463493	532.209
0.000468522	568.158
0.00047355	607.137
0.000478578	649.183
0.000483607	695.008
0.000488635	744.589
0.000493664	798.39
0.000498692	856.343
0.000503721	918.516
0.000508749	984.818
0.000513778	1054.88
0.000518806	1128.6
0.000523834	1205.23
0.000528863	1284.7
0.000533891	1366
0.00053892	1449.07
0.000543948	1532.79
0.000548977	1617.15
0.000554005	1701.03
0.000559033	1784.44
0.000564062	1866.36
0.00056909	1946.81
0.000574119	2024.98
0.000579147	2100.9
0.000584176	2174.07
0.000589204	2244.54
0.000594233	2312.26
0.000599261	2377.28
0.000604289	2440.06
0.000609318	2500.62
0.000614346	2559.78
0.000619375	2617.52
0.000624403	2674.63
0.000629432	2731.08
0.00063446	2787.19
0.000639488	2842.92
0.000644517	2897.82
0.000649545	2951.86
0.000654574	3003.87
0.000659602	3053.83
0.000664631	3100.19
0.000669659	3142.95
0.000674688	3180.63
0.000679716	3213.24
0.000684744	3239.73
0.000689773	3260.11
0.000694801	3273.86
0.00069983	3280.99
0.000704858	3281.28
0.000709887	3274.85
0.000714915	3261.75
0.000719943	3241.83
0.000724972	3215.17
0.00073	3181.8
0.000735029	3141.71
0.000740057	3094.9
0.000745086	3041.61
0.000750114	2981.8
0.000755143	2916.18
0.000760171	2844.71
0.000765199	2768.72
0.000770228	2688.17
0.000775256	2604.93
0.000780285	2519.01
0.000785313	2432.48
0.000790342	2345.39
0.00079537	2259.55
0.000800398	2175.09
0.000805427	2093.17
0.000810455	2013.94
0.000815484	1937.81
0.000820512	1864.87
0.000825541	1794.87
0.000830569	1727.88
0.000835598	1663.21
0.000840626	1600.86
0.000845654	1540.01
0.000850683	1480.62
0.000855711	1421.9
0.00086074	1363.78
0.000865768	1305.67
0.000870797	1247.48
0.000875825	1188.88
0.000880853	1129.77
0.000885882	1070.21
0.00089091	1010.09
0.000895939	949.841
0.000900967	889.417
0.000905996	829.507
0.000911024	770.154
0.000916052	712.145
0.000921081	655.596
0.000926109	601.188
0.000931138	549.074
0.000936166	499.68
0.000941195	453.15
0.000946223	409.619
0.000951252	369.179
0.00095628	331.746
0.000961308	297.348
0.000966337	265.79
0.000971365	237.052
0.000976394	210.914
0.000981422	187.334
0.000986451	166.1
0.000991479	147.163
0.000996507	130.309
0.00100154	115.489
0.00100656	102.461
0.00101159	91.1686
0.00101662	81.3406
0.00102165	72.9018
0.00102668	65.5752
0.00103171	59.2647
0.00103673	53.7225
0.00104176	48.8413
0.00104679	44.4365
0.00105182	40.406
0.00105685	36.6459
0.00106188	33.0777
0.00106691	29.6728
0.00107193	26.3878
0.00107696	23.245
0.00108199	20.2362
0.00108702	17.4012
0.00109205	14.7564
0.00109708	12.331
0.0011021	10.1488
0.00110713	8.21461
0.00111216	6.54427
0.00111719	5.11933
0.00112222	3.93979
0.00112725	2.97427
0.00113228	2.20762
0.0011373	1.60712
0.00114233	1.14882
0.00114736	0.806293
0.00115239	0.554281
0.00115742	0.375162
0.00116245	0.241152
0.00116747	0.161768
