0.000500379	2.92644e-15
0.000507922	2.01803e-14
0.000515465	7.19417e-14
0.000523008	4.4765e-13
0.00053055	1.51657e-12
0.000538093	8.25927e-12
0.000545636	2.74155e-11
0.000553179	1.31273e-10
0.000560721	4.25018e-10
0.000568264	1.7983e-09
0.000575807	5.65095e-09
0.00058335	2.12434e-08
0.000590892	6.4442e-08
0.000598435	2.165e-07
0.000605978	6.30363e-07
0.000613521	1.9043e-06
0.000621063	5.28971e-06
0.000628606	1.44606e-05
0.000636149	3.80847e-05
0.000643692	9.48185e-05
0.000651234	0.000235296
0.000658777	0.000536875
0.00066632	0.00124769
0.000673862	0.0026247
0.000681405	0.00567969
0.000688948	0.0110762
0.000696491	0.0222013
0.000704033	0.0413144
0.000711576	0.0751066
0.000719119	0.131364
0.000726662	0.218728
0.000734204	0.354507
0.000741747	0.546224
0.00074929	0.818348
0.000756833	1.16993
0.000764375	1.61899
0.000771918	2.14953
0.000779461	2.7487
0.000787004	3.3885
0.000794546	4.00849
0.000802089	4.58415
0.000809632	5.05135
0.000817175	5.34821
0.000824717	5.34494
0.00083226	5.28227
0.000839803	5.05031
0.000847345	4.55063
0.000854888	3.98657
0.000862431	3.34677
0.000869974	2.72315
0.000877516	2.11686
0.000885059	1.59581
0.000892602	1.15093
0.000900145	0.801375
0.000907687	0.537926
0.00091523	0.344361
0.000922773	0.216105
0.000930316	0.126397
0.000937858	0.0745963
0.000945401	0.0393632
0.000952944	0.0218811
0.000960487	0.0106678
0.000968029	0.00547932
0.000975572	0.00306814
0.000983115	0.00198936
0.000990658	0.00226858
0.0009982	0.0040551
0.00100574	0.00756683
0.00101329	0.0155747
0.00102083	0.030378
0.00102837	0.0568341
0.00103591	0.106719
0.00104346	0.183998
0.001051	0.318751
0.00105854	0.515832
0.00106608	0.828787
0.00107363	1.26202
0.00108117	1.89075
0.00108871	2.71695
0.00109626	3.82146
0.0011038	5.20315
0.00111134	6.9251
0.00111888	8.9843
0.00112643	11.4109
0.00113397	14.2016
0.00114151	17.3505
0.00114906	20.854
0.0011566	24.665
0.00116414	28.7802
0.00117168	33.1037
0.00117923	37.6361
0.00118677	42.2733
0.00119431	47.0222
0.00120185	51.9045
0.0012094	56.9304
0.00121694	62.4145
0.00122448	68.3624
0.00123203	75.4199
0.00123957	83.5841
0.00124711	93.6269
0.00125465	105.542
0.0012622	119.844
0.00126974	136.533
0.00127728	155.503
0.00128482	176.77
0.00129237	199.498
0.00129991	223.704
0.00130745	248.118
0.001315	272.737
0.00132254	296.508
0.00133008	319.389
0.00133762	341.205
0.00134517	361.892
0.00135271	382.305
0.00136025	402.414
0.00136779	423.49
0.00137534	445.584
0.00138288	469.367
0.00139042	494.949
0.00139797	521.781
0.00140551	549.946
0.00141305	578
0.00142059	605.919
0.00142814	632.346
0.00143568	657.166
0.00144322	679.854
0.00145076	700.3
0.00145831	718.726
0.00146585	735.109
0.00147339	749.801
0.00148094	762.844
0.00148848	774.321
0.00149602	784.265
0.00150356	792.586
0.00151111	799.283
0.00151865	804.326
0.00152619	807.9
0.00153373	808.74
0.00154128	808.031
0.00154882	806.276
0.00155636	801.129
0.00156391	792.744
0.00157145	781.43
0.00157899	766.474
0.00158653	747.7
0.00159408	725.33
0.00160162	699.233
0.00160916	670.296
0.0016167	638.518
0.00162425	605.131
0.00163179	570.263
0.00163933	535.17
0.00164688	500.067
0.00165442	466.004
0.00166196	433.242
0.0016695	402.42
0.00167705	373.802
0.00168459	347.451
0.00169213	323.55
0.00169968	301.595
0.00170722	281.602
0.00171476	262.766
0.0017223	244.914
0.00172985	227.372
0.00173739	209.862
0.00174493	192.187
0.00175247	174.123
0.00176002	155.988
0.00176756	137.738
0.0017751	119.955
0.00178265	102.788
0.00179019	86.7463
0.00179773	72.0701
0.00180527	58.9873
0.00181282	47.6985
0.00182036	38.1228
0.0018279	30.3405
0.00183544	24.0634
0.00184299	19.2376
0.00185053	15.5122
0.00185807	12.7377
0.00186562	10.6254
0.00187316	8.99599
0.0018807	7.68854
0.00188824	6.55879
0.00189579	5.56559
0.00190333	4.63485
0.00191087	3.78604
0.00191841	3.00669
0.00192596	2.31742
0.0019335	1.73154
0.00194104	1.2463
0.00194859	0.869356
0.00195613	0.582
0.00196367	0.376806
0.00197121	0.234691
0.00197876	0.140145
0.0019863	0.0815195
0.00199384	0.0408797
0.00200138	0.0243677
