0.000500379	2.43722e-213
0.000510437	1.8305e-206
0.000520494	7.32199e-206
0.000530551	4.00568e-199
0.000540608	1.61866e-198
0.000550665	6.44922e-192
0.000560722	2.63315e-191
0.000570779	7.63944e-185
0.000580836	3.15202e-184
0.000590893	6.6579e-178
0.00060095	2.77647e-177
0.000611007	4.26905e-171
0.000621064	1.79966e-170
0.000631121	2.01392e-164
0.000641178	8.58378e-164
0.000651235	6.98985e-158
0.000661292	3.01272e-157
0.000671349	1.78487e-151
0.000681406	7.7809e-151
0.000691463	3.35317e-145
0.00070152	1.47874e-144
0.000711577	4.63459e-139
0.000721634	2.06798e-138
0.000731691	4.71275e-133
0.000741748	2.12809e-132
0.000751806	3.52565e-127
0.000761863	1.61148e-126
0.00077192	1.94047e-121
0.000781977	8.97942e-121
0.000792034	7.85725e-116
0.000802091	3.68182e-115
0.000812148	2.34062e-110
0.000822205	1.11088e-109
0.000832262	5.12961e-105
0.000842319	2.46637e-104
0.000852376	8.27042e-100
0.000862433	4.0294e-99
0.00087249	9.80978e-95
0.000882547	4.84408e-94
0.000892604	8.56005e-90
0.000902661	4.28519e-89
0.000912718	5.49512e-85
0.000922775	2.78944e-84
0.000932832	2.59513e-80
0.000942889	1.33614e-79
0.000952946	9.01614e-76
0.000963003	4.70951e-75
0.00097306	2.30442e-71
0.000983117	1.22148e-70
0.000993175	4.33294e-67
0.00100323	2.33122e-66
0.00101329	5.99357e-63
0.00102335	3.27393e-62
0.0010334	6.09922e-59
0.00104346	3.38332e-58
0.00105352	4.56622e-55
0.00106357	2.5728e-54
0.00107363	2.51505e-51
0.00108369	1.43965e-50
0.00109374	1.0192e-47
0.0011038	5.92784e-47
0.00111386	3.03897e-44
0.00112392	1.79609e-43
0.00113397	6.66787e-41
0.00114403	4.00456e-40
0.00115409	1.07672e-37
0.00116414	6.57022e-37
0.0011742	1.27985e-34
0.00118426	7.93247e-34
0.00119432	1.12015e-31
0.00120437	7.04773e-31
0.00121443	7.22146e-29
0.00122449	4.60802e-28
0.00123454	3.43122e-26
0.0012446	2.21728e-25
0.00125466	1.20249e-23
0.00126471	7.85228e-23
0.00127477	3.11153e-21
0.00128483	2.04679e-20
0.00129489	5.95319e-19
0.00130494	3.92743e-18
0.001315	8.43775e-17
0.00132506	5.5485e-16
0.00133511	8.88105e-15
0.00134517	5.77279e-14
0.00135523	6.96283e-13
0.00136529	4.42485e-12
0.00137534	4.08098e-11
0.0013854	2.50003e-10
0.00139546	1.79538e-09
0.00140551	1.042e-08
0.00141557	5.95328e-08
0.00142563	3.20738e-07
0.00143568	1.49349e-06
0.00144574	7.30338e-06
0.0014558	2.84298e-05
0.00146586	0.000123324
0.00147591	0.000411419
0.00148597	0.00154982
0.00149603	0.00453089
0.00150608	0.0145723
0.00151614	0.0380117
0.0015262	0.103313
0.00153625	0.243539
0.00154631	0.558515
0.00155637	1.20534
0.00156643	2.36088
0.00157648	4.677
0.00158654	8.12727
0.0015966	13.929
0.00160665	22.0725
0.00161671	33.8822
0.00162677	49.3873
0.00163683	69.3926
0.00164688	93.9725
0.00165694	122.849
0.001667	156.088
0.00167705	192.575
0.00168711	232.286
0.00169717	274.383
0.00170722	318.783
0.00171728	365.475
0.00172734	414.423
0.0017374	465.872
0.00174745	519.816
0.00175751	576.531
0.00176757	635.965
0.00177762	698.907
0.00178768	765.37
0.00179774	836.193
0.00180779	911.526
0.00181785	991.196
0.00182791	1075.13
0.00183797	1163.62
0.00184802	1256.14
0.00185808	1356.71
0.00186814	1465.21
0.00187819	1587.71
0.00188825	1725.66
0.00189831	1878.29
0.00190837	2047.68
0.00191842	2221.29
0.00192848	2398.91
0.00193854	2565.35
0.00194859	2717.63
0.00195865	2850.37
0.00196871	2961.3
0.00197876	3052.41
0.00198882	3124.23
0.00199888	3175.03
0.00200894	3204.82
0.00201899	3211.13
0.00202905	3190.28
0.00203911	3146.38
0.00204916	3079.11
0.00205922	2996.65
0.00206928	2901.34
0.00207933	2795.56
0.00208939	2681.5
0.00209945	2555.28
0.00210951	2416.17
0.00211956	2262.46
0.00212962	2092.14
0.00213968	1910.13
0.00214973	1715.77
0.00215979	1519.06
0.00216985	1321.91
0.00217991	1134.53
0.00218996	960.972
0.00220002	806.064
0.00221008	673.64
0.00222013	561.564
0.00223019	471.015
0.00224025	396.505
0.0022503	336.514
0.00226036	286.563
0.00227042	244.246
0.00228048	207.741
0.00229053	175.421
0.00230059	147.161
0.00231065	122.551
0.0023207	101.352
0.00233076	83.5382
0.00234082	68.3037
0.00235088	55.2223
0.00236093	43.8572
0.00237099	33.7325
0.00238105	25.015
0.0023911	17.6815
0.00240116	11.7821
0.00241122	7.45046
0.00242127	4.36342
0.00243133	2.3938
0.00244139	1.23868
0.00245145	0.566381
0.0024615	0.266525
0.00247156	0.108199
0.00248162	0.0428945
0.00249167	0.0145757
0.00250173	0.00513606
