3.33898e-05	100.575
3.52334e-05	101.89
3.70771e-05	103.471
3.89207e-05	105.422
4.07644e-05	107.438
4.2608e-05	109.279
4.44517e-05	110.81
4.62953e-05	111.803
4.8139e-05	112.218
4.99827e-05	111.921
5.18263e-05	111.002
5.367e-05	109.43
5.55136e-05	107.343
5.73573e-05	104.854
5.92009e-05	102.115
6.10446e-05	99.3183
6.28882e-05	96.6285
6.47319e-05	94.1657
6.65755e-05	92.4341
6.84192e-05	91.9017
7.02628e-05	91.7049
7.21065e-05	92.8407
7.39502e-05	96.5095
7.57938e-05	102.21
7.76375e-05	110.617
7.94811e-05	122.476
8.13248e-05	138.149
8.31684e-05	158.521
8.50121e-05	183.859
8.68557e-05	215.055
8.86994e-05	252.206
9.0543e-05	296.003
9.23867e-05	346.329
9.42303e-05	403.45
9.6074e-05	467.038
9.79177e-05	536.761
9.97613e-05	612.136
0.000101605	692.17
0.000103449	776.324
0.000105292	863.032
0.000107136	951.808
0.00010898	1040.75
0.000110823	1129.52
0.000112667	1216.22
0.000114511	1300.72
0.000116354	1381.49
0.000118198	1458.61
0.000120042	1531.25
0.000121885	1599.67
0.000123729	1663.94
0.000125572	1724.45
0.000127416	1782.22
0.00012926	1837.72
0.000131103	1892.82
0.000132947	1947.99
0.000134791	2005.79
0.000136634	2066.57
0.000138478	2133.25
0.000140322	2206.08
0.000142165	2287.99
0.000144009	2379.1
0.000145853	2482.02
0.000147696	2596.79
0.00014954	2725.44
0.000151384	2867.92
0.000153227	3025.52
0.000155071	3198.07
0.000156915	3385.84
0.000158758	3588.55
0.000160602	3805.12
0.000162446	4035.16
0.000164289	4275.87
0.000166133	4526.78
0.000167977	4783.17
0.00016982	5044.63
0.000171664	5304.76
0.000173507	5563.26
0.000175351	5812.86
0.000177195	6053.48
0.000179038	6278.24
0.000180882	6487.26
0.000182726	6675.48
0.000184569	6843.18
0.000186413	6988.23
0.000188257	7110.95
0.0001901	7212.59
0.000191944	7293.41
0.000193788	7357.61
0.000195631	7405.3
0.000197475	7442.43
0.000199319	7468.99
0.000201162	7491.05
0.000203006	7508.52
0.00020485	7526.12
0.000206693	7543.75
0.000208537	7563.91
0.000210381	7586.53
0.000212224	7611.8
0.000214068	7639.7
0.000215912	7668.71
0.000217755	7698.85
0.000219599	7727.77
0.000221442	7755.48
0.000223286	7779.48
0.00022513	7799.78
0.000226973	7813.87
0.000228817	7821.71
0.000230661	7821.81
0.000232504	7812.19
0.000234348	7792.38
0.000236192	7760.14
0.000238035	7713.3
0.000239879	7651.94
0.000241723	7572.81
0.000243566	7475.81
0.00024541	7358.89
0.000247254	7221.88
0.000249097	7064.68
0.000250941	6887.07
0.000252785	6691.46
0.000254628	6477.63
0.000256472	6250.37
0.000258316	6009.55
0.000260159	5761.52
0.000262003	5506.35
0.000263847	5250.7
0.00026569	4994.82
0.000267534	4744.42
0.000269377	4499.91
0.000271221	4265.09
0.000273065	4040.43
0.000274908	3827.45
0.000276752	3626.55
0.000278596	3437.21
0.000280439	3259.67
0.000282283	3092.07
0.000284127	2934.41
0.00028597	2784.43
0.000287814	2641.92
0.000289658	2504.97
0.000291501	2373.29
0.000293345	2245.81
0.000295189	2122.26
0.000297032	2002.52
0.000298876	1886.4
0.00030072	1774.44
0.000302563	1666.64
0.000304407	1563.7
0.000306251	1465.76
0.000308094	1373.28
0.000309938	1286.43
0.000311782	1205.17
0.000313625	1129.63
0.000315469	1059.24
0.000317312	994.013
0.000319156	933.049
0.000321	876.236
0.000322843	822.627
0.000324687	772.014
0.000326531	723.649
0.000328374	677.295
0.000330218	632.529
0.000332062	589.156
0.000333905	547.067
0.000335749	506.152
0.000337593	466.522
0.000339436	428.155
0.00034128	391.252
0.000343124	355.858
0.000344967	322.155
0.000346811	290.217
0.000348655	260.145
0.000350498	232.007
0.000352342	205.811
0.000354186	181.594
0.000356029	159.295
0.000357873	138.916
0.000359717	120.353
0.00036156	103.582
0.000363404	88.4824
0.000365247	75.0112
0.000367091	63.0447
0.000368935	52.5285
0.000370778	43.3351
0.000372622	35.4028
0.000374466	28.6
0.000376309	22.8562
0.000378153	18.0403
0.000379997	14.0728
0.00038184	10.8315
0.000383684	8.23119
0.000385528	6.16818
0.000387371	4.55825
0.000389215	3.32183
0.000391059	2.3833
0.000392902	1.6878
0.000394746	1.17385
0.00039659	0.80756
0.000398433	0.530749
0.000400277	0.363341
