0.000166815	8.33528e-24
0.000172682	8.38114e-23
0.000178548	3.1024e-22
0.000184415	2.84497e-21
0.000190282	1.0231e-20
0.000196148	8.36865e-20
0.000202015	2.9894e-19
0.000207881	2.18582e-18
0.000213748	7.73944e-18
0.000219614	5.07076e-17
0.000225481	1.77543e-16
0.000231347	1.04509e-15
0.000237214	3.60892e-15
0.00024308	1.91417e-14
0.000248947	6.50056e-14
0.000254813	3.11665e-13
0.00026068	1.03763e-12
0.000266547	4.51239e-12
0.000272413	1.46783e-11
0.00027828	5.81116e-11
0.000284146	1.84028e-10
0.000290013	6.65859e-10
0.000295879	2.04506e-09
0.000301746	6.79017e-09
0.000307612	2.0146e-08
0.000313479	6.16403e-08
0.000319345	1.75954e-07
0.000325212	4.98233e-07
0.000331078	1.36276e-06
0.000336945	3.58653e-06
0.000342812	9.36179e-06
0.000348678	2.29973e-05
0.000354545	5.70649e-05
0.000360411	0.000131382
0.000366278	0.000308781
0.000372144	0.000668909
0.000378011	0.00148418
0.000383877	0.00303628
0.000389744	0.00634266
0.00039561	0.0122948
0.000401477	0.0241298
0.000407343	0.0448516
0.00041321	0.0822216
0.000419077	0.147112
0.000424943	0.252032
0.00043081	0.426482
0.000436676	0.69136
0.000442543	1.10764
0.000448409	1.70596
0.000454276	2.59421
0.000460142	3.8114
0.000466009	5.52331
0.000471875	7.77424
0.000477742	10.791
0.000483608	14.6198
0.000489475	19.5453
0.000495342	25.6118
0.000501208	33.1526
0.000507075	42.2021
0.000512941	53.115
0.000518808	65.9055
0.000524674	80.8889
0.000530541	98.0523
0.000536407	117.588
0.000542274	139.461
0.00054814	163.68
0.000554007	190.205
0.000559873	218.865
0.00056574	249.63
0.000571606	282.22
0.000577473	316.62
0.00058334	352.529
0.000589206	389.945
0.000595073	428.609
0.000600939	468.524
0.000606806	509.489
0.000612672	551.497
0.000618539	594.344
0.000624405	638.012
0.000630272	682.19
0.000636138	726.864
0.000642005	771.609
0.000647871	816.442
0.000653738	861.068
0.000659605	905.552
0.000665471	950.226
0.000671338	995.189
0.000677204	1041.9
0.000683071	1090.46
0.000688937	1143.55
0.000694804	1201.21
0.00070067	1266.76
0.000706537	1340.17
0.000712403	1424.15
0.00071827	1518.62
0.000724136	1624.33
0.000730003	1741.2
0.00073587	1867.32
0.000741736	2002.66
0.000747603	2143
0.000753469	2288.36
0.000759336	2433.37
0.000765202	2578.08
0.000771069	2717.2
0.000776935	2850.74
0.000782802	2974.18
0.000788668	3087.53
0.000794535	3187.2
0.000800401	3273.16
0.000806268	3342.89
0.000812135	3396.33
0.000818001	3432.07
0.000823868	3450.39
0.000829734	3451.4
0.000835601	3435.45
0.000841467	3405.26
0.000847334	3360.61
0.0008532	3306.83
0.000859067	3243.82
0.000864933	3178.48
0.0008708	3110.9
0.000876666	3047.91
0.000882533	2989.9
0.0008884	2941.18
0.000894266	2902.4
0.000900133	2873.12
0.000905999	2854.01
0.000911866	2839.33
0.000917732	2829.36
0.000923599	2815.28
0.000929465	2796.68
0.000935332	2765.81
0.000941198	2721.67
0.000947065	2661.26
0.000952931	2583.52
0.000958798	2490.97
0.000964665	2383.1
0.000970531	2265.74
0.000976398	2139.16
0.000982264	2009.19
0.000988131	1876.59
0.000993997	1745.2
0.000999864	1615.75
0.00100573	1490.04
0.0010116	1368.49
0.00101746	1252.02
0.00102333	1140.75
0.0010292	1035.71
0.00103506	936.984
0.00104093	845.815
0.0010468	762.429
0.00105266	687.701
0.00105853	621.991
0.0010644	565.124
0.00107026	517.413
0.00107613	477.39
0.001082	445.1
0.00108786	418.157
0.00109373	396.228
0.00109959	376.808
0.00110546	359.262
0.00111133	341.773
0.00111719	323.63
0.00112306	304.136
0.00112893	282.763
0.00113479	259.861
0.00114066	235.242
0.00114653	209.882
0.00115239	183.935
0.00115826	158.482
0.00116413	133.894
0.00116999	110.95
0.00117586	90.0614
0.00118173	71.5169
0.00118759	55.6108
0.00119346	42.1866
0.00119933	31.3377
0.00120519	22.6506
0.00121106	16.0301
0.00121693	11.0174
0.00122279	7.40738
0.00122866	4.83556
0.00123453	3.07872
0.00124039	1.90883
0.00124626	1.14642
0.00125212	0.675936
0.00125799	0.380992
0.00126386	0.214291
0.00126972	0.111523
0.00127559	0.06094
0.00128146	0.0299621
0.00128732	0.0154618
0.00129319	0.00720099
0.00129906	0.00349584
0.00130492	0.00154702
0.00131079	0.000703657
0.00131666	0.000296898
0.00132252	0.000125993
0.00132839	4.65405e-05
0.00133426	2.00563e-05
