0.000166815	8.44178e-50
0.00017352	7.16218e-48
0.000180225	2.83955e-47
0.000186929	2.0627e-45
0.000193634	8.21868e-45
0.000200339	5.09804e-43
0.000207043	2.04689e-42
0.000213748	1.08458e-40
0.000220453	4.38659e-40
0.000227157	1.98632e-38
0.000233862	8.08914e-38
0.000240566	3.13196e-36
0.000247271	1.28358e-35
0.000253976	4.25226e-34
0.00026068	1.75262e-33
0.000267385	4.97195e-32
0.00027409	2.05923e-31
0.000280794	5.00743e-30
0.000287499	2.08197e-29
0.000294204	4.34487e-28
0.000300908	1.81135e-27
0.000307613	3.24875e-26
0.000314317	1.35612e-25
0.000321022	2.0939e-24
0.000327727	8.73701e-24
0.000334431	1.16368e-22
0.000341136	4.84406e-22
0.000347841	5.57836e-21
0.000354545	2.31126e-20
0.00036125	2.30754e-19
0.000367955	9.49058e-19
0.000374659	8.24045e-18
0.000381364	3.35396e-17
0.000388068	2.54168e-16
0.000394773	1.02015e-15
0.000401478	6.77456e-15
0.000408182	2.67078e-14
0.000414887	1.5612e-13
0.000421592	6.01871e-13
0.000428296	3.1123e-12
0.000435001	1.16761e-11
0.000441706	5.37003e-11
0.00044841	1.95014e-10
0.000455115	8.0233e-10
0.000461819	2.80451e-09
0.000468524	1.03847e-08
0.000475229	3.47325e-08
0.000481933	1.16481e-07
0.000488638	3.70496e-07
0.000495343	1.13251e-06
0.000502047	3.40485e-06
0.000508752	9.54609e-06
0.000515457	2.69655e-05
0.000522161	6.97635e-05
0.000528866	0.000184113
0.000535571	0.000442025
0.000542275	0.00108432
0.00054898	0.00242812
0.000555684	0.00551242
0.000562389	0.0115644
0.000569094	0.0242166
0.000575798	0.0477693
0.000582503	0.0920812
0.000589208	0.174799
0.000595912	0.308993
0.000602617	0.545869
0.000609322	0.900639
0.000616026	1.47535
0.000622731	2.2873
0.000629435	3.49494
0.00063614	5.11465
0.000642845	7.35162
0.000649549	10.2221
0.000656254	13.9732
0.000662959	18.6266
0.000669663	24.5073
0.000676368	31.6418
0.000683073	40.4841
0.000689777	51.0505
0.000696482	63.8724
0.000703186	78.9367
0.000709891	96.6239
0.000716596	116.896
0.0007233	139.743
0.000730005	165.14
0.00073671	192.774
0.000743414	222.673
0.000750119	254.8
0.000756824	289.228
0.000763528	326.944
0.000770233	368.022
0.000776937	414.769
0.000783642	467.206
0.000790347	528.304
0.000797051	598.016
0.000803756	678.45
0.000810461	769.533
0.000817165	870.925
0.00082387	982.591
0.000830575	1101.26
0.000837279	1226.94
0.000843984	1354.55
0.000850689	1484.11
0.000857393	1610.7
0.000864098	1734.33
0.000870802	1851.91
0.000877507	1963.39
0.000884212	2068.1
0.000890916	2165.97
0.000897621	2258.35
0.000904326	2345.19
0.00091103	2428.5
0.000917735	2508.35
0.00092444	2585.65
0.000931144	2660.56
0.000937849	2731.82
0.000944553	2799.54
0.000951258	2860.96
0.000957963	2916.05
0.000964667	2962.51
0.000971372	3000.14
0.000978077	3028.9
0.000984781	3049.21
0.000991486	3056.59
0.000998191	3059
0.0010049	3058.41
0.0010116	3048.68
0.0010183	3035.41
0.00102501	3019.34
0.00103171	3001.93
0.00103842	2983.51
0.00104512	2964.04
0.00105183	2943.97
0.00105853	2920.34
0.00106524	2893.31
0.00107194	2858.06
0.00107865	2814.18
0.00108535	2758.04
0.00109206	2688.73
0.00109876	2606.56
0.00110546	2510.76
0.00111217	2405.71
0.00111887	2291.33
0.00112558	2173.71
0.00113228	2053.57
0.00113899	1935.8
0.00114569	1821.46
0.0011524	1712.79
0.0011591	1610.66
0.00116581	1514.72
0.00117251	1425.39
0.00117922	1340.8
0.00118592	1260.82
0.00119263	1183.45
0.00119933	1108.17
0.00120603	1034.02
0.00121274	960.449
0.00121944	887.933
0.00122615	816.247
0.00123285	746.795
0.00123956	679.789
0.00124626	616.542
0.00125297	557.521
0.00125967	503.232
0.00126638	454.08
0.00127308	409.681
0.00127979	370.176
0.00128649	334.626
0.00129319	302.881
0.0012999	273.881
0.0013066	247.27
0.00131331	222.26
0.00132001	198.427
0.00132672	175.518
0.00133342	153.222
0.00134013	131.82
0.00134683	111.257
0.00135354	92.0453
0.00136024	74.3812
0.00136695	58.6082
0.00137365	44.9999
0.00138035	33.5182
0.00138706	24.3079
0.00139376	17.027
0.00140047	11.6052
0.00140717	7.62251
0.00141388	4.85867
0.00142058	2.99077
0.00142729	1.77251
0.00143399	1.02464
0.0014407	0.55761
0.0014474	0.306166
0.00145411	0.15234
0.00146081	0.0796716
0.00146752	0.0370874
0.00147422	0.0179855
0.00148092	0.00786925
0.00148763	0.00351796
0.00149433	0.00132626
0.00150104	0.000595698
