0.000166815	0.0945336
0.000171844	0.146459
0.000176872	0.243548
0.000181901	0.37663
0.000186929	0.572483
0.000191958	0.847857
0.000196986	1.22775
0.000202014	1.73898
0.000207043	2.40261
0.000212071	3.25183
0.0002171	4.29155
0.000222128	5.54877
0.000227157	7.00142
0.000232185	8.65028
0.000237214	10.4457
0.000242242	12.3444
0.00024727	14.2841
0.000252299	16.1774
0.000257327	17.976
0.000262356	19.5751
0.000267384	20.9639
0.000272413	22.067
0.000277441	22.9142
0.000282469	23.4988
0.000287498	23.8716
0.000292526	24.0975
0.000297555	24.2182
0.000302583	24.3315
0.000307612	24.4537
0.00031264	24.6624
0.000317669	24.96
0.000322697	25.3822
0.000327725	25.9488
0.000332754	26.691
0.000337782	27.6722
0.000342811	28.9965
0.000347839	30.7684
0.000352868	33.2246
0.000357896	36.4746
0.000362924	40.8716
0.000367953	46.4818
0.000372981	53.6681
0.00037801	62.424
0.000383038	72.9764
0.000388067	85.2566
0.000393095	99.2589
0.000398123	114.896
0.000403152	131.949
0.00040818	150.362
0.000413209	169.835
0.000418237	190.37
0.000423266	211.757
0.000428294	234.063
0.000433323	257.307
0.000438351	281.607
0.000443379	307.295
0.000448408	334.528
0.000453436	364.002
0.000458465	395.897
0.000463493	431.294
0.000468522	470.362
0.00047355	514.498
0.000478578	563.806
0.000483607	619.75
0.000488635	682.312
0.000493664	752.578
0.000498692	830.382
0.000503721	915.901
0.000508749	1008.86
0.000513778	1108.13
0.000518806	1213.42
0.000523834	1322.3
0.000528863	1434.56
0.000533891	1546.93
0.00053892	1659.36
0.000543948	1768.62
0.000548977	1874.8
0.000554005	1975.65
0.000559033	2071.33
0.000564062	2161.19
0.00056909	2245.42
0.000574119	2324.97
0.000579147	2399.96
0.000584176	2472.35
0.000589204	2542.16
0.000594233	2611.31
0.000599261	2679.72
0.000604289	2748.23
0.000609318	2816.72
0.000614346	2884.39
0.000619375	2951.16
0.000624403	3014.72
0.000629432	3075.07
0.00063446	3129.3
0.000639488	3177.44
0.000644517	3217.13
0.000649545	3248.43
0.000654574	3270.99
0.000659602	3284.79
0.000664631	3286.39
0.000669659	3283.46
0.000674688	3276.46
0.000679716	3261.42
0.000684744	3244.08
0.000689773	3224.46
0.000694801	3204.71
0.00069983	3184.86
0.000704858	3165.8
0.000709887	3147.59
0.000714915	3129.41
0.000719943	3111.33
0.000724972	3091.23
0.00073	3069.15
0.000735029	3042.49
0.000740057	3011.22
0.000745086	2973.1
0.000750114	2928.04
0.000755143	2874.85
0.000760171	2813.38
0.000765199	2743.84
0.000770228	2666.07
0.000775256	2581.65
0.000780285	2490.5
0.000785313	2395.25
0.000790342	2295.9
0.00079537	2195.57
0.000800398	2094.36
0.000805427	1995.19
0.000810455	1898.26
0.000815484	1805.62
0.000820512	1717.54
0.000825541	1634.87
0.000830569	1557.85
0.000835598	1486.13
0.000840626	1419.85
0.000845654	1357.81
0.000850683	1300.01
0.000855711	1244.91
0.00086074	1192.38
0.000865768	1141.06
0.000870797	1090.76
0.000875825	1040.6
0.000880853	990.387
0.000885882	939.838
0.00089091	888.811
0.000895939	837.485
0.000900967	785.801
0.000905996	734.232
0.000911024	682.791
0.000916052	632.089
0.000921081	582.192
0.000926109	533.731
0.000931138	486.809
0.000936166	441.972
0.000941195	399.349
0.000946223	359.306
0.000951252	321.971
0.00095628	287.469
0.000961308	255.896
0.000966337	227.144
0.000971365	201.248
0.000976394	177.94
0.000981422	157.192
0.000986451	138.671
0.000991479	122.303
0.000996507	107.761
0.00100154	94.9514
0.00100656	83.5856
0.00101159	73.567
0.00101662	64.6541
0.00102165	56.7539
0.00102668	49.6802
0.00103171	43.3478
0.00103673	37.6347
0.00104176	32.4713
0.00104679	27.7971
0.00105182	23.5668
0.00105685	19.7603
0.00106188	16.3576
0.00106691	13.3484
0.00107193	10.7282
0.00107696	8.47427
0.00108199	6.58242
0.00108702	5.012
0.00109205	3.74905
0.00109708	2.74372
0.0011021	1.97076
0.00110713	1.38385
0.00111216	0.952135
0.00111719	0.641032
0.00112222	0.42148
0.00112725	0.272133
0.00113228	0.170555
0.0011373	0.105725
0.00114233	0.0629743
0.00114736	0.0375553
0.00115239	0.021184
0.00115742	0.0121903
0.00116245	0.00578745
0.00116747	0.00361479
