3.33898e-05	4.39896e-56
3.59039e-05	5.85364e-52
3.8418e-05	2.34132e-51
4.09322e-05	1.90636e-47
4.34463e-05	7.70248e-47
4.59604e-05	3.83689e-43
4.84746e-05	1.56624e-42
5.09887e-05	4.77271e-39
5.35028e-05	1.96853e-38
5.6017e-05	3.66924e-35
5.85311e-05	1.52927e-34
6.10452e-05	1.74356e-31
6.35594e-05	7.34321e-31
6.60735e-05	5.12143e-28
6.85877e-05	2.17944e-27
7.11018e-05	9.30053e-25
7.36159e-05	3.99822e-24
7.61301e-05	1.04449e-21
7.86442e-05	4.53368e-21
8.11583e-05	7.25743e-19
8.36725e-05	3.17765e-18
8.61866e-05	3.12225e-16
8.87007e-05	1.3767e-15
9.12149e-05	8.32715e-14
9.3729e-05	3.687e-13
9.62431e-05	1.37956e-11
9.87573e-05	6.10431e-11
0.000101271	1.42425e-09
0.000103786	6.24865e-09
0.0001063	9.20812e-08
0.000108814	3.95565e-07
0.000111328	3.75511e-06
0.000113842	1.54917e-05
0.000116356	9.75395e-05
0.00011887	0.000375598
0.000121384	0.00163262
0.000123899	0.00564435
0.000126413	0.0178066
0.000128927	0.0526909
0.000131441	0.127458
0.000133955	0.306906
0.000136469	0.653547
0.000138983	1.17466
0.000141498	1.91806
0.000144012	2.81059
0.000146526	3.67053
0.00014904	4.52502
0.000151554	5.25679
0.000154068	6.03653
0.000156582	7.29804
0.000159096	9.04193
0.000161611	11.6981
0.000164125	14.9636
0.000166639	18.2831
0.000169153	21.3492
0.000171667	22.7685
0.000174181	23.3586
0.000176695	23.0072
0.00017921	22.153
0.000181724	22.6421
0.000184238	25.368
0.000186752	31.0414
0.000189266	40.9245
0.00019178	54.089
0.000194294	70.4774
0.000196809	89.0449
0.000199323	109.869
0.000201837	132.682
0.000204351	157.315
0.000206865	182.683
0.000209379	208.7
0.000211893	233.33
0.000214407	257.492
0.000216922	284.86
0.000219436	316.142
0.00022195	359.853
0.000224464	415.08
0.000226978	482.986
0.000229492	562.325
0.000232006	643.829
0.000234521	727.651
0.000237035	806.508
0.000239549	881.366
0.000242063	954.921
0.000244577	1027.75
0.000247091	1108.07
0.000249605	1196.31
0.000252119	1305.7
0.000254634	1436.16
0.000257148	1600.68
0.000259662	1798.18
0.000262176	2022.51
0.00026469	2273.05
0.000267204	2528.43
0.000269718	2789.15
0.000272233	3046.19
0.000274747	3299.97
0.000277261	3558.18
0.000279775	3820.7
0.000282289	4088.93
0.000284803	4362.85
0.000287317	4628.95
0.000289831	4887.25
0.000292346	5131.58
0.00029486	5361.66
0.000297374	5589.02
0.000299888	5813.64
0.000302402	6044.91
0.000304916	6283.24
0.00030743	6526.04
0.000309945	6773.77
0.000312459	7014.88
0.000314973	7249.31
0.000317487	7466.95
0.000320001	7667.1
0.000322515	7850.79
0.000325029	8018.19
0.000327544	8167.59
0.000330058	8299.76
0.000332572	8405.38
0.000335086	8487.38
0.0003376	8505.09
0.000340114	8502.76
0.000342628	8491.44
0.000345142	8426.88
0.000347657	8347.18
0.000350171	8258.55
0.000352685	8157.21
0.000355199	8045.24
0.000357713	7906.01
0.000360227	7736.78
0.000362741	7539.7
0.000365256	7310.99
0.00036777	7079.93
0.000370284	6849.56
0.000372798	6634.62
0.000375312	6442.62
0.000377826	6245.22
0.00038034	6041.55
0.000382854	5803.87
0.000385369	5522.45
0.000387883	5217.62
0.000390397	4886.42
0.000392911	4567.92
0.000395425	4270.88
0.000397939	4000.42
0.000400453	3763.65
0.000402968	3536.29
0.000405482	3314.17
0.000407996	3088.01
0.00041051	2851.68
0.000413024	2618.85
0.000415538	2391.16
0.000418052	2177.37
0.000420566	1981.66
0.000423081	1799.59
0.000425595	1631.24
0.000428109	1472.19
0.000430623	1320.2
0.000433137	1178.03
0.000435651	1045.65
0.000438165	926.155
0.00044068	821.402
0.000443194	728.846
0.000445708	648.558
0.000448222	577.167
0.000450736	513.493
0.00045325	456.183
0.000455764	404.649
0.000458279	357.676
0.000460793	314.647
0.000463307	275.097
0.000465821	238.48
0.000468335	205.431
0.000470849	176.221
0.000473363	150.659
0.000475877	128.925
0.000478392	110.184
0.000480906	94.1015
0.00048342	80.25
0.000485934	68.4104
0.000488448	58.1306
0.000490962	49.1831
0.000493476	41.1447
0.000495991	33.6037
0.000498505	26.7766
0.000501019	20.5986
0.000503533	15.4275
0.000506047	11.5798
0.000508561	8.83272
0.000511075	7.04404
0.000513589	6.40337
0.000516104	6.38267
0.000518618	6.37679
0.000521132	6.93944
0.000523646	7.46391
0.00052616	7.4668
0.000528674	7.46767
0.000531188	6.77823
0.000533703	5.28032
