0.000166815	6.3792e-06
0.000171844	1.27044e-05
0.000176872	3.168e-05
0.000181901	6.61982e-05
0.000186929	0.000144189
0.000191958	0.00028725
0.000196986	0.00060152
0.000202014	0.001145
0.000207043	0.00230036
0.000212071	0.00419261
0.0002171	0.00806567
0.000222128	0.0142754
0.000227157	0.0259757
0.000232185	0.0446436
0.000237214	0.0768421
0.000242242	0.127306
0.00024727	0.208612
0.000252299	0.332399
0.000257327	0.519887
0.000262356	0.795477
0.000267384	1.18993
0.000272413	1.74685
0.000277441	2.50338
0.000282469	3.5252
0.000287498	4.84729
0.000292526	6.55067
0.000297555	8.65655
0.000302583	11.2414
0.000307612	14.3047
0.00031264	17.8909
0.000317669	21.9815
0.000322697	26.5714
0.000327725	31.6423
0.000332754	37.1524
0.000337782	43.1085
0.000342811	49.4827
0.000347839	56.3204
0.000352868	63.6733
0.000357896	71.6158
0.000362924	80.3149
0.000367953	89.8435
0.000372981	100.454
0.00037801	112.186
0.000383038	125.29
0.000388067	139.759
0.000393095	155.744
0.000398123	173.208
0.000403152	192.159
0.00040818	212.557
0.000413209	234.298
0.000418237	257.366
0.000423266	281.634
0.000428294	307.124
0.000433323	333.789
0.000438351	361.699
0.000443379	390.995
0.000448408	421.794
0.000453436	454.528
0.000458465	489.352
0.000463493	527.067
0.000468522	567.831
0.00047355	612.791
0.000478578	662.049
0.000483607	716.884
0.000488635	777.287
0.000493664	844.248
0.000498692	917.632
0.000503721	997.653
0.000508749	1084.09
0.000513778	1176.08
0.000518806	1273.4
0.000523834	1374.21
0.000528863	1478.4
0.000533891	1583.68
0.00053892	1690.03
0.000543948	1795.48
0.000548977	1900.06
0.000554005	2002.56
0.000559033	2103.03
0.000564062	2200.98
0.00056909	2296.44
0.000574119	2389.22
0.000579147	2479.27
0.000584176	2566.13
0.000589204	2649.75
0.000594233	2729.14
0.000599261	2804.26
0.000604289	2873.84
0.000609318	2937.88
0.000614346	2995.41
0.000619375	3046.47
0.000624403	3090.89
0.000629432	3128.71
0.00063446	3160.65
0.000639488	3186.71
0.000644517	3208.07
0.000649545	3224.71
0.000654574	3237.73
0.000659602	3247.1
0.000664631	3251.58
0.000669659	3253.57
0.000674688	3252.98
0.000679716	3247
0.000684744	3236.87
0.000689773	3222.61
0.000694801	3203.83
0.00069983	3180.54
0.000704858	3152.86
0.000709887	3120.8
0.000714915	3084.51
0.000719943	3044.01
0.000724972	2999.08
0.00073	2949.77
0.000735029	2895.53
0.000740057	2836.37
0.000745086	2771.98
0.000750114	2702.31
0.000755143	2628
0.000760171	2548.97
0.000765199	2467.18
0.000770228	2382.56
0.000775256	2297.99
0.000780285	2213.53
0.000785313	2132
0.000790342	2053.58
0.00079537	1979.98
0.000800398	1911.45
0.000805427	1848.06
0.000810455	1790.03
0.000815484	1735.97
0.000820512	1685.97
0.000825541	1637.9
0.000830569	1591.7
0.000835598	1545.35
0.000840626	1498.64
0.000845654	1450.22
0.000850683	1399.87
0.000855711	1347.03
0.00086074	1291.54
0.000865768	1233.55
0.000870797	1172.98
0.000875825	1110.44
0.000880853	1045.93
0.000885882	980.328
0.00089091	913.691
0.000895939	847.048
0.000900967	780.488
0.000905996	715.094
0.000911024	650.997
0.000916052	589.227
0.000921081	529.956
0.000926109	474.018
0.000931138	421.61
0.000936166	373.233
0.000941195	329.069
0.000946223	289.218
0.000951252	253.802
0.00095628	222.563
0.000961308	195.535
0.000966337	172.232
0.000971365	152.599
0.000976394	136.065
0.000981422	122.518
0.000986451	111.387
0.000991479	102.532
0.000996507	95.4088
0.00100154	89.868
0.00100656	85.3949
0.00101159	81.8273
0.00101662	78.7134
0.00102165	75.8765
0.00102668	72.9927
0.00103171	69.8899
0.00103673	66.4315
0.00104176	62.4882
0.00104679	58.1183
0.00105182	53.2718
0.00105685	48.1415
0.00106188	42.7665
0.00106691	37.374
0.00107193	32.0662
0.00107696	27.0148
0.00108199	22.3365
0.00108702	18.1045
0.00109205	14.4044
0.00109708	11.2188
0.0011021	8.57954
0.00110713	6.41656
0.00111216	4.71181
0.00111719	3.38319
0.00112222	2.38289
0.00112725	1.64302
0.00113228	1.10852
0.0011373	0.734476
0.00114233	0.473901
0.00114736	0.302082
0.00115239	0.186011
0.00115742	0.114268
0.00116245	0.0627619
0.00116747	0.0397435
