3.33898e-05	0.0314704
3.52334e-05	0.0493365
3.70771e-05	0.0889798
3.89207e-05	0.143979
4.07644e-05	0.233084
4.2608e-05	0.364751
4.44517e-05	0.565917
4.62953e-05	0.855348
4.8139e-05	1.27445
4.99827e-05	1.85907
5.18263e-05	2.66498
5.367e-05	3.75127
5.55136e-05	5.18274
5.73573e-05	7.04309
5.92009e-05	9.39585
6.10446e-05	12.3418
6.28882e-05	15.9324
6.47319e-05	20.2692
6.65755e-05	25.3887
6.84192e-05	31.3762
7.02628e-05	38.2645
7.21065e-05	46.121
7.39502e-05	54.9988
7.57938e-05	64.9747
7.76375e-05	76.1486
7.94811e-05	88.6603
8.13248e-05	102.668
8.31684e-05	118.434
8.50121e-05	136.158
8.68557e-05	156.255
8.86994e-05	178.928
9.0543e-05	204.71
9.23867e-05	233.766
9.42303e-05	266.659
9.6074e-05	303.482
9.79177e-05	344.716
9.97613e-05	390.379
0.000101605	440.784
0.000103449	495.904
0.000105292	555.862
0.000107136	620.638
0.00010898	690.24
0.000110823	764.702
0.000112667	844.067
0.000114511	928.441
0.000116354	1018.06
0.000118198	1113.08
0.000120042	1214.02
0.000121885	1321.02
0.000123729	1434.8
0.000125572	1555.44
0.000127416	1683.66
0.00012926	1819.41
0.000131103	1963.12
0.000132947	2114.64
0.000134791	2273.88
0.000136634	2440.63
0.000138478	2614.21
0.000140322	2794.38
0.000142165	2979.95
0.000144009	3170.74
0.000145853	3365.22
0.000147696	3563.28
0.00014954	3763.33
0.000151384	3965.35
0.000153227	4168.04
0.000155071	4371.47
0.000156915	4574.95
0.000158758	4778.64
0.000160602	4982.71
0.000162446	5187.3
0.000164289	5393.33
0.000166133	5600.85
0.000167977	5810.95
0.00016982	6023.52
0.000171664	6238.85
0.000173507	6456.69
0.000175351	6675.66
0.000177195	6895.42
0.000179038	7112.49
0.000180882	7326.61
0.000182726	7532.55
0.000184569	7730.19
0.000186413	7913.58
0.000188257	8082.75
0.0001901	8232.31
0.000191944	8362.39
0.000193788	8469.24
0.000195631	8553.03
0.000197475	8613.84
0.000199319	8651.02
0.000201162	8654.31
0.000203006	8644.32
0.00020485	8620.41
0.000206693	8568.54
0.000208537	8503.85
0.000210381	8426.03
0.000212224	8340.3
0.000214068	8246.61
0.000215912	8150.3
0.000217755	8051.33
0.000219599	7953.02
0.000221442	7855.37
0.000223286	7759.11
0.00022513	7664.26
0.000226973	7569.21
0.000228817	7474.01
0.000230661	7375.76
0.000232504	7274.47
0.000234348	7167.26
0.000236192	7054.08
0.000238035	6933.06
0.000239879	6804.12
0.000241723	6666.76
0.000243566	6520.9
0.00024541	6367.14
0.000247254	6205.42
0.000249097	6036.83
0.000250941	5861.37
0.000252785	5680.05
0.000254628	5492.91
0.000256472	5300.68
0.000258316	5103.36
0.000260159	4901.6
0.000262003	4695.36
0.000263847	4485.63
0.00026569	4272.33
0.000267534	4057.22
0.000269377	3840.2
0.000271221	3623.99
0.000273065	3408.55
0.000274908	3197.35
0.000276752	2990.47
0.000278596	2791.55
0.000280439	2600.83
0.000282283	2421.35
0.000284127	2253.48
0.00028597	2098.93
0.000287814	1958.11
0.000289658	1831.01
0.000291501	1717.94
0.000293345	1617.25
0.000295189	1529.06
0.000297032	1450.61
0.000298876	1381.77
0.00030072	1319.48
0.000302563	1263.37
0.000304407	1210.75
0.000306251	1161.15
0.000308094	1112.67
0.000309938	1064.83
0.000311782	1016.59
0.000313625	967.578
0.000315469	917.488
0.000317312	866.093
0.000319156	813.663
0.000321	760.107
0.000322843	706.1
0.000324687	651.681
0.000326531	597.746
0.000328374	544.451
0.000330218	492.698
0.000332062	442.725
0.000333905	395.235
0.000335749	350.491
0.000337593	308.856
0.000339436	270.547
0.00034128	235.575
0.000343124	204.052
0.000344967	175.728
0.000346811	150.599
0.000348655	128.297
0.000350498	108.727
0.000352342	91.5246
0.000354186	76.5522
0.000356029	63.5123
0.000357873	52.2663
0.000359717	42.5842
0.00036156	34.3482
0.000363404	27.3714
0.000365247	21.5553
0.000367091	16.7351
0.000368935	12.8216
0.000370778	9.6665
0.000372622	7.18293
0.000374466	5.24558
0.000376309	3.77066
0.000378153	2.66278
0.000379997	1.84745
0.00038184	1.26042
0.000383684	0.842289
0.000385528	0.555055
0.000387371	0.35653
0.000389215	0.227039
0.000391059	0.139867
0.000392902	0.0861643
0.000394746	0.050783
0.00039659	0.0303172
0.000398433	0.0156431
0.000400277	0.00988524
