0.000500379	8.72769e-76
0.000507922	1.42901e-72
0.000515465	5.71342e-72
0.000523008	7.38641e-69
0.00053055	2.98244e-68
0.000538093	3.04367e-65
0.000545636	1.24144e-64
0.000553179	9.99995e-62
0.000560721	4.12059e-61
0.000568264	2.61964e-58
0.000575807	1.09061e-57
0.00058335	5.47188e-55
0.000590892	2.30176e-54
0.000598435	9.11371e-52
0.000605978	3.87373e-51
0.000613521	1.21041e-48
0.000621063	5.19849e-48
0.000628606	1.28195e-45
0.000636149	5.56295e-45
0.000643692	1.08277e-42
0.000651234	4.74694e-42
0.000658777	7.29395e-40
0.00066632	3.23001e-39
0.000673862	3.91921e-37
0.000681405	1.75258e-36
0.000688948	1.67997e-34
0.000696491	7.58297e-34
0.000704033	5.74581e-32
0.000711576	2.61632e-31
0.000719119	1.56835e-29
0.000726662	7.19838e-29
0.000734204	3.41748e-27
0.000741747	1.57935e-26
0.00074929	5.94698e-25
0.000756833	2.76333e-24
0.000764375	8.26831e-23
0.000771918	3.8557e-22
0.000779461	9.19004e-21
0.000787004	4.29049e-20
0.000794546	8.1716e-19
0.000802089	3.80768e-18
0.000809632	5.81785e-17
0.000817175	2.69519e-16
0.000824717	3.31996e-15
0.00083226	1.52168e-14
0.000839803	1.52035e-13
0.000847345	6.85334e-13
0.000854888	5.59481e-12
0.000862431	2.46253e-11
0.000869974	1.65695e-10
0.000877516	7.06035e-10
0.000885059	3.9554e-09
0.000892602	1.61557e-08
0.000900145	7.62222e-08
0.000907687	2.95116e-07
0.00091523	1.18731e-06
0.000922773	4.30497e-06
0.000930316	1.49651e-05
0.000937858	5.01694e-05
0.000945401	0.000152714
0.000952944	0.000467333
0.000960487	0.00126173
0.000968029	0.00348191
0.000975572	0.00843543
0.000983115	0.0207667
0.000990658	0.0455847
0.0009982	0.0992468
0.00100574	0.202242
0.00101329	0.386047
0.00102083	0.723067
0.00102837	1.22392
0.00103591	2.01224
0.00104346	3.07823
0.001051	4.48204
0.00105854	6.19236
0.00106608	8.06608
0.00107363	10.0778
0.00108117	11.9106
0.00108871	13.5782
0.00109626	14.8852
0.0011038	15.8756
0.00111134	16.7402
0.00111888	17.5145
0.00112643	18.6977
0.00113397	20.3079
0.00114151	22.9699
0.00114906	26.7076
0.0011566	32.3857
0.00116414	40.0328
0.00117168	50.9348
0.00117923	65.0925
0.00118677	83.8905
0.00119431	107.29
0.00120185	135.973
0.0012094	169.891
0.00121694	208.428
0.00122448	251.562
0.00123203	297.59
0.00123957	346.522
0.00124711	396.51
0.00125465	447.571
0.0012622	498.655
0.00126974	549.76
0.00127728	600.812
0.00128482	651.796
0.00129237	703.28
0.00129991	755.233
0.00130745	809.069
0.001315	864.725
0.00132254	925.006
0.00133008	989.885
0.00133762	1062.64
0.00134517	1143.39
0.00135271	1233.17
0.00136025	1332.24
0.00136779	1437.84
0.00137534	1550.07
0.00138288	1664.82
0.00139042	1781.83
0.00139797	1899.76
0.00140551	2018.28
0.00141305	2139.44
0.00142059	2263.38
0.00142814	2391
0.00143568	2522.95
0.00144322	2654.31
0.00145076	2785.54
0.00145831	2907.18
0.00146585	3018.72
0.00147339	3112.91
0.00148094	3188.55
0.00148848	3245.9
0.00149602	3285.66
0.00150356	3302.45
0.00151111	3308.78
0.00151865	3308.75
0.00152619	3291.62
0.00153373	3261.56
0.00154128	3220.23
0.00154882	3165.74
0.00155636	3097.62
0.00156391	3017.58
0.00157145	2925.29
0.00157899	2824.69
0.00158653	2715.9
0.00159408	2603.82
0.00160162	2489.07
0.00160916	2375.7
0.0016167	2264.79
0.00162425	2157.29
0.00163179	2054.09
0.00163933	1953.07
0.00164688	1854.11
0.00165442	1755.2
0.00166196	1655.58
0.0016695	1555.48
0.00167705	1454.63
0.00168459	1354.17
0.00169213	1254.42
0.00169968	1155.64
0.00170722	1057.93
0.00171476	961.487
0.0017223	866.041
0.00172985	773.162
0.00173739	682.952
0.00174493	597.62
0.00175247	517.939
0.00176002	444.934
0.00176756	379.35
0.0017751	320.809
0.00178265	269.432
0.00179019	224.644
0.00179773	186.261
0.00180527	153.949
0.00181282	127.693
0.00182036	106.714
0.0018279	90.951
0.00183544	78.9896
0.00184299	70.3365
0.00185053	63.691
0.00185807	58.3029
0.00186562	53.534
0.00187316	48.8048
0.0018807	44.0201
0.00188824	38.9061
0.00189579	33.6549
0.00190333	28.2364
0.00191087	22.9568
0.00191841	17.9721
0.00192596	13.4896
0.0019335	9.72236
0.00194104	6.64733
0.00194859	4.36193
0.00195613	2.69843
0.00196367	1.59297
0.00197121	0.892875
0.00197876	0.46019
0.0019863	0.23968
0.00199384	0.0988464
0.00200138	0.0519019
