3.33898e-05	240.608
3.48982e-05	255.101
3.64066e-05	271.667
3.7915e-05	290.116
3.94234e-05	310.999
4.09318e-05	334.681
4.24402e-05	361.613
4.39487e-05	392.29
4.54571e-05	427.132
4.69655e-05	466.71
4.84739e-05	511.336
4.99823e-05	561.561
5.14907e-05	617.543
5.29991e-05	679.706
5.45076e-05	748.043
5.6016e-05	822.769
5.75244e-05	903.758
5.90328e-05	990.99
6.05412e-05	1084.3
6.20496e-05	1183.47
6.3558e-05	1288.39
6.50665e-05	1398.76
6.65749e-05	1514.56
6.80833e-05	1635.57
6.95917e-05	1761.86
7.11001e-05	1893.39
7.26085e-05	2030.28
7.41169e-05	2172.69
7.56253e-05	2320.7
7.71338e-05	2474.57
7.86422e-05	2634.23
8.01506e-05	2799.82
8.1659e-05	2971.03
8.31674e-05	3147.58
8.46758e-05	3328.94
8.61842e-05	3514.15
8.76927e-05	3702.52
8.92011e-05	3892.33
9.07095e-05	4082.92
9.22179e-05	4271.99
9.37263e-05	4459.06
9.52347e-05	4641.73
9.67431e-05	4819.84
9.82516e-05	4991.51
9.976e-05	5156.93
0.000101268	5315.29
0.000102777	5467.03
0.000104285	5612.63
0.000105794	5752.63
0.000107302	5888.63
0.00010881	6021.04
0.000110319	6152.02
0.000111827	6281.72
0.000113336	6412.1
0.000114844	6543.05
0.000116353	6675.64
0.000117861	6809.61
0.000119369	6944.82
0.000120878	7080.95
0.000122386	7216.79
0.000123895	7352.08
0.000125403	7484.98
0.000126911	7615.35
0.00012842	7741.27
0.000129928	7862.73
0.000131437	7978.24
0.000132945	8087.86
0.000134453	8190.74
0.000135962	8286.96
0.00013747	8376.23
0.000138979	8458.6
0.000140487	8534.03
0.000141996	8602.51
0.000143504	8663.85
0.000145012	8717.99
0.000146521	8764.32
0.000148029	8802.74
0.000149538	8833.46
0.000151046	8854.98
0.000152554	8857.31
0.000154063	8857.09
0.000155571	8851.1
0.00015708	8822.94
0.000158588	8783.34
0.000160097	8731.26
0.000161605	8665.35
0.000163113	8585.67
0.000164622	8492.46
0.00016613	8385.75
0.000167639	8266.48
0.000169147	8134.68
0.000170655	7991.85
0.000172164	7838.01
0.000173672	7675.06
0.000175181	7503
0.000176689	7323.95
0.000178197	7137.89
0.000179706	6946.95
0.000181214	6751.11
0.000182723	6552.38
0.000184231	6350.73
0.00018574	6147.99
0.000187248	5944.15
0.000188756	5740.94
0.000190265	5538.34
0.000191773	5338.13
0.000193282	5140.3
0.00019479	4946.75
0.000196298	4757.46
0.000197807	4574.35
0.000199315	4397.42
0.000200824	4228.28
0.000202332	4066.95
0.000203841	3914.34
0.000205349	3770.51
0.000206857	3635.36
0.000208366	3508.98
0.000209874	3390.29
0.000211383	3279.35
0.000212891	3174.42
0.000214399	3075.5
0.000215908	2980.72
0.000217416	2890.01
0.000218925	2801.82
0.000220433	2716.05
0.000221941	2631.71
0.00022345	2548.71
0.000224958	2466.57
0.000226467	2385.23
0.000227975	2304.49
0.000229484	2224.33
0.000230992	2144.53
0.0002325	2065.1
0.000234009	1985.66
0.000235517	1906.2
0.000237026	1826.24
0.000238534	1745.74
0.000240042	1664.32
0.000241551	1581.89
0.000243059	1498.4
0.000244568	1413.77
0.000246076	1328.41
0.000247585	1242.25
0.000249093	1156.15
0.000250601	1070.12
0.00025211	985.284
0.000253618	901.742
0.000255127	820.651
0.000256635	742.18
0.000258143	667.298
0.000259652	596.206
0.00026116	529.528
0.000262669	467.456
0.000264177	410.213
0.000265685	357.938
0.000267194	310.494
0.000268702	267.941
0.000270211	229.883
0.000271719	196.3
0.000273228	166.659
0.000274736	140.873
0.000276244	118.389
0.000277753	99.0782
0.000279261	82.4419
0.00028077	68.3362
0.000282278	56.3572
0.000283786	46.3671
0.000285295	38.0606
0.000286803	31.3193
0.000288312	25.9221
0.00028982	21.7747
0.000291329	18.7098
0.000292837	16.4532
0.000294345	15.6301
0.000295854	15.5791
0.000297362	15.58
0.000298871	16.6106
0.000300379	18.4064
0.000301887	20.5724
0.000303396	23.096
0.000304904	25.9209
0.000306413	28.8735
0.000307921	31.8772
0.000309429	34.7583
0.000310938	37.4205
0.000312446	39.7227
0.000313955	41.6195
0.000315463	42.8424
0.000316972	43.3981
0.00031848	43.5693
0.000319988	42.9785
0.000321497	41.6698
0.000323005	39.8287
0.000324514	37.5124
0.000326022	34.7835
0.00032753	31.7734
0.000329039	28.5826
0.000330547	25.3203
0.000332056	22.1381
0.000333564	18.9841
