0.000166815	0.000628951
0.000171844	0.00100136
0.000176872	0.00211858
0.000181901	0.00367917
0.000186929	0.00662246
0.000191958	0.0111971
0.000196986	0.0192138
0.000202014	0.0315112
0.000207043	0.0517399
0.000212071	0.0821411
0.0002171	0.129337
0.000222128	0.198467
0.000227157	0.300225
0.000232185	0.444835
0.000237214	0.647498
0.000242242	0.925889
0.00024727	1.2987
0.000252299	1.79234
0.000257327	2.42626
0.000262356	3.23407
0.000267384	4.23259
0.000272413	5.45766
0.000277441	6.9221
0.000282469	8.65778
0.000287498	10.6777
0.000292526	13.0089
0.000297555	15.6757
0.000302583	18.713
0.000307612	22.1716
0.00031264	26.1254
0.000317669	30.6616
0.000322697	35.9346
0.000327725	42.063
0.000332754	49.3111
0.000337782	57.8027
0.000342811	67.8993
0.000347839	79.6876
0.000352868	93.5504
0.000357896	109.497
0.000362924	127.799
0.000367953	148.371
0.000372981	171.232
0.00037801	196.215
0.000383038	223.004
0.000388067	251.402
0.000393095	280.779
0.000398123	310.977
0.000403152	341.205
0.00040818	371.393
0.000413209	400.827
0.000418237	429.544
0.000423266	457.14
0.000428294	483.737
0.000433323	509.385
0.000438351	534.241
0.000443379	558.805
0.000448408	583.22
0.000453436	608.294
0.000458465	634.118
0.000463493	661.587
0.000468522	690.726
0.00047355	722.294
0.000478578	756.267
0.000483607	793.115
0.000488635	832.795
0.000493664	875.47
0.000498692	921.105
0.000503721	969.658
0.000508749	1021.13
0.000513778	1075.44
0.000518806	1132.63
0.000523834	1192.75
0.000528863	1255.85
0.000533891	1322.17
0.00053892	1391.74
0.000543948	1464.89
0.000548977	1541.6
0.000554005	1622.09
0.000559033	1706.29
0.000564062	1794.02
0.00056909	1885.22
0.000574119	1979.13
0.000579147	2075.7
0.000584176	2173.58
0.000589204	2272.72
0.000594233	2371.34
0.000599261	2469.41
0.000604289	2564.95
0.000609318	2657.96
0.000614346	2746.53
0.000619375	2830.69
0.000624403	2908.81
0.000629432	2980.93
0.00063446	3045.84
0.000639488	3103.56
0.000644517	3153.33
0.000649545	3195.17
0.000654574	3228.79
0.000659602	3254.2
0.000664631	3271.9
0.000669659	3281.88
0.000674688	3282.72
0.000679716	3278.19
0.000684744	3268.59
0.000689773	3252.01
0.000694801	3231.28
0.00069983	3206.41
0.000704858	3178.7
0.000709887	3148.16
0.000714915	3115.69
0.000719943	3081.35
0.000724972	3045.4
0.00073	3007.88
0.000735029	2968.54
0.000740057	2927.4
0.000745086	2883.93
0.000750114	2838.11
0.000755143	2789.4
0.000760171	2737.76
0.000765199	2682.84
0.000770228	2624.59
0.000775256	2562.99
0.000780285	2497.98
0.000785313	2429.95
0.000790342	2358.85
0.00079537	2285.46
0.000800398	2209.77
0.000805427	2132.87
0.000810455	2054.79
0.000815484	1976.77
0.000820512	1898.86
0.000825541	1822.15
0.000830569	1746.76
0.000835598	1673.34
0.000840626	1602.03
0.000845654	1532.92
0.000850683	1466.11
0.000855711	1401.15
0.00086074	1338.08
0.000865768	1276.16
0.000870797	1215.33
0.000875825	1154.93
0.000880853	1094.82
0.000885882	1034.75
0.00089091	974.581
0.000895939	914.602
0.000900967	854.733
0.000905996	795.758
0.000911024	737.703
0.000916052	681.554
0.000921081	627.454
0.000926109	576.239
0.000931138	528.119
0.000936166	483.505
0.000941195	442.595
0.000946223	405.287
0.000951252	371.69
0.00095628	341.296
0.000961308	314.086
0.000966337	289.378
0.000971365	267.038
0.000976394	246.445
0.000981422	227.41
0.000986451	209.523
0.000991479	192.608
0.000996507	176.502
0.00100154	161.09
0.00100656	146.388
0.00101159	132.358
0.00101662	119.086
0.00102165	106.589
0.00102668	94.9293
0.00103171	84.145
0.00103673	74.2309
0.00104176	65.21
0.00104679	57.0187
0.00105182	49.65
0.00105685	43.016
0.00106188	37.0849
0.00106691	31.7766
0.00107193	27.0501
0.00107696	22.847
0.00108199	19.1308
0.00108702	15.8603
0.00109205	13.0085
0.00109708	10.5402
0.0011021	8.43415
0.00110713	6.65328
0.00111216	5.17621
0.00111719	3.96331
0.00112222	2.98943
0.00112725	2.21688
0.00113228	1.61741
0.0011373	1.16008
0.00114233	0.817061
0.00114736	0.56646
0.00115239	0.384444
0.00115742	0.25763
0.00116245	0.163214
0.00116747	0.109005
