0.000500379	8.60333e-225
0.000510437	2.76492e-217
0.000520494	1.10597e-216
0.000530551	2.49764e-209
0.000540608	1.00928e-208
0.000550665	1.6014e-201
0.000560722	6.53836e-201
0.000570779	7.28774e-194
0.000580836	3.00691e-193
0.000590893	2.354e-186
0.00060095	9.81662e-186
0.000611007	5.3968e-179
0.000621064	2.27507e-178
0.000631121	8.78178e-172
0.000641178	3.74299e-171
0.000651235	1.01424e-164
0.000661292	4.37153e-164
0.000671349	8.31408e-158
0.000681406	3.62442e-157
0.000691463	4.83721e-151
0.00070152	2.13321e-150
0.000711577	1.99748e-144
0.000721634	8.91288e-144
0.000731691	5.8543e-138
0.000741748	2.64358e-137
0.000751806	1.21778e-131
0.000761863	5.56616e-131
0.00077192	1.79789e-125
0.000781977	8.31971e-125
0.000792034	1.88388e-119
0.000802091	8.82774e-119
0.000812148	1.401e-113
0.000822205	6.64935e-113
0.000832262	7.39462e-108
0.000842319	3.55547e-107
0.000852376	2.77001e-102
0.000862433	1.3496e-101
0.00087249	7.36432e-97
0.000882547	3.63661e-96
0.000892604	1.38953e-91
0.000902661	6.9563e-91
0.000912718	1.86073e-86
0.000922775	9.44597e-86
0.000932832	1.76838e-81
0.000942889	9.10545e-81
0.000952946	1.19274e-76
0.000963003	6.23079e-76
0.00097306	5.70938e-72
0.000983117	3.02671e-71
0.000993175	1.93957e-67
0.00100323	1.04372e-66
0.00101329	4.67624e-63
0.00102335	2.55497e-62
0.0010334	8.00137e-59
0.00104346	4.43989e-58
0.00105352	9.71657e-55
0.00106357	5.47703e-54
0.00107363	8.37437e-51
0.00108369	4.79628e-50
0.00109374	5.12267e-47
0.0011038	2.98161e-46
0.00111386	2.22418e-43
0.00112392	1.31579e-42
0.00113397	6.85506e-40
0.00114403	4.12202e-39
0.00115409	1.49994e-36
0.00116414	9.16703e-36
0.0011742	2.33046e-33
0.00118426	1.44725e-32
0.00119432	2.57181e-30
0.00120437	1.62204e-29
0.00121443	2.01671e-27
0.00122449	1.2906e-26
0.00123454	1.12439e-24
0.0012446	7.2904e-24
0.00125466	4.46103e-22
0.00126471	2.92386e-21
0.00127477	1.26104e-19
0.00128483	8.32607e-19
0.00129489	2.54418e-17
0.00130494	1.68362e-16
0.001315	3.67203e-15
0.00132506	2.41787e-14
0.00133511	3.80327e-13
0.00134517	2.4666e-12
0.00135523	2.83801e-11
0.00136529	1.78804e-10
0.00137534	1.53291e-09
0.0013854	9.21419e-09
0.00139546	6.02391e-08
0.00140551	3.37765e-07
0.00141557	1.73062e-06
0.00142563	8.8153e-06
0.00143568	3.64816e-05
0.00144574	0.000164009
0.0014558	0.000565159
0.00146586	0.00217899
0.00147591	0.00642768
0.00148597	0.0207214
0.00149603	0.0534867
0.00150608	0.141491
0.00151614	0.324041
0.0015262	0.696738
0.00153625	1.47458
0.00154631	2.66005
0.00155637	4.51909
0.00156643	7.06153
0.00157648	10.1294
0.00158654	13.7276
0.0015966	17.5321
0.00160665	21.488
0.00161671	26.4443
0.00162677	32.3247
0.00163683	41.3307
0.00164688	53.5126
0.00165694	70.2648
0.001667	91.7231
0.00167705	117.516
0.00168711	147.669
0.00169717	181.627
0.00170722	219.351
0.00171728	260.679
0.00172734	305.543
0.0017374	354.324
0.00174745	406.804
0.00175751	465.405
0.00176757	530.048
0.00177762	604.22
0.00178768	688.314
0.00179774	783.342
0.00180779	889.767
0.00181785	1005.6
0.00182791	1130.9
0.00183797	1263.11
0.00184802	1402.08
0.00185808	1545.56
0.00186814	1693.48
0.00187819	1843.19
0.00188825	1994.94
0.00189831	2143.55
0.00190837	2289.13
0.00191842	2423.95
0.00192848	2546.41
0.00193854	2654.88
0.00194859	2747.44
0.00195865	2831.46
0.00196871	2908.23
0.00197876	2980.26
0.00198882	3049.87
0.00199888	3110.06
0.00200894	3162.86
0.00201899	3188.96
0.00202905	3197.78
0.00203911	3198.33
0.00204916	3163.2
0.00205922	3097.92
0.00206928	3006.89
0.00207933	2892.97
0.00208939	2756.63
0.00209945	2604.37
0.00210951	2438.49
0.00211956	2260.36
0.00212962	2069.43
0.00213968	1872.36
0.00214973	1668.78
0.00215979	1471.98
0.00216985	1286.44
0.00217991	1118.23
0.00218996	972.175
0.00220002	844.278
0.00221008	734.534
0.00222013	639.279
0.00223019	556.753
0.00224025	486.426
0.0022503	428.441
0.00226036	379.713
0.00227042	339.897
0.00228048	303.948
0.00229053	269.117
0.00230059	234.179
0.00231065	196.838
0.0023207	160.071
0.00233076	124.413
0.00234082	92.6744
0.00235088	66.9484
0.00236093	47.103
0.00237099	34.1468
0.00238105	26.2992
0.0023911	22.3523
0.00240116	20.1538
0.00241122	18.4209
0.00242127	16.7138
0.00243133	14.0856
0.00244139	11.1995
0.00245145	8.21706
0.0024615	5.49455
0.00247156	3.44781
0.00248162	1.93118
0.00249167	0.943329
0.00250173	0.484721
