3.33898e-05	84.545
3.48982e-05	93.3423
3.64066e-05	103.225
3.7915e-05	114.141
3.94234e-05	126.245
4.09318e-05	139.639
4.24402e-05	154.447
4.39487e-05	170.803
4.54571e-05	188.826
4.69655e-05	208.674
4.84739e-05	230.445
4.99823e-05	254.299
5.14907e-05	280.3
5.29991e-05	308.587
5.45076e-05	339.18
5.6016e-05	372.173
5.75244e-05	407.541
5.90328e-05	445.316
6.05412e-05	485.441
6.20496e-05	527.876
6.3558e-05	572.544
6.50665e-05	619.344
6.65749e-05	668.189
6.80833e-05	718.93
6.95917e-05	771.479
7.11001e-05	825.652
7.26085e-05	881.361
7.41169e-05	938.398
7.56253e-05	996.67
7.71338e-05	1055.94
7.86422e-05	1116.12
8.01506e-05	1176.95
8.1659e-05	1238.32
8.31674e-05	1299.93
8.46758e-05	1361.71
8.61842e-05	1423.34
8.76927e-05	1484.74
8.92011e-05	1545.62
9.07095e-05	1605.95
9.22179e-05	1665.47
9.37263e-05	1724.23
9.52347e-05	1782.1
9.67431e-05	1839.15
9.82516e-05	1895.46
9.976e-05	1951.14
0.000101268	2006.5
0.000102777	2061.65
0.000104285	2117.1
0.000105794	2172.95
0.000107302	2229.8
0.00010881	2287.71
0.000110319	2347.22
0.000111827	2408.32
0.000113336	2471.33
0.000114844	2536.14
0.000116353	2602.7
0.000117861	2670.84
0.000119369	2740.03
0.000120878	2810.11
0.000122386	2880.11
0.000123895	2949.86
0.000125403	3018.1
0.000126911	3084.73
0.00012842	3148.35
0.000129928	3208.91
0.000131437	3265.14
0.000132945	3317.01
0.000134453	3363.5
0.000135962	3404.65
0.00013747	3439.78
0.000138979	3468.94
0.000140487	3491.98
0.000141996	3508.76
0.000143504	3518.55
0.000145012	3523.03
0.000146521	3521.92
0.000148029	3514.26
0.000149538	3501.25
0.000151046	3482.8
0.000152554	3459.32
0.000154063	3430.81
0.000155571	3397.73
0.00015708	3360.09
0.000158588	3318.42
0.000160097	3272.7
0.000161605	3223.55
0.000163113	3170.96
0.000164622	3115.64
0.00016613	3057.61
0.000167639	2997.66
0.000169147	2935.79
0.000170655	2872.84
0.000172164	2808.82
0.000173672	2744.5
0.000175181	2679.87
0.000176689	2615.6
0.000178197	2551.67
0.000179706	2488.54
0.000181214	2426.21
0.000182723	2364.94
0.000184231	2304.73
0.00018574	2245.68
0.000187248	2187.8
0.000188756	2131.06
0.000190265	2075.48
0.000191773	2020.97
0.000193282	1967.52
0.00019479	1915
0.000196298	1863.41
0.000197807	1812.56
0.000199315	1762.46
0.000200824	1712.85
0.000202332	1663.76
0.000203841	1614.89
0.000205349	1566.25
0.000206857	1517.57
0.000208366	1468.83
0.000209874	1419.83
0.000211383	1370.55
0.000212891	1320.9
0.000214399	1270.88
0.000215908	1220.58
0.000217416	1169.97
0.000218925	1119.38
0.000220433	1068.78
0.000221941	1018.65
0.00022345	969.004
0.000224958	920.409
0.000226467	872.887
0.000227975	826.998
0.000229484	782.78
0.000230992	740.659
0.0002325	700.687
0.000234009	663.072
0.000235517	627.866
0.000237026	595.021
0.000238534	564.578
0.000240042	536.257
0.000241551	510.073
0.000243059	485.583
0.000244568	462.772
0.000246076	441.131
0.000247585	420.613
0.000249093	400.743
0.000250601	381.453
0.00025211	362.382
0.000253618	343.458
0.000255127	324.486
0.000256635	305.403
0.000258143	286.199
0.000259652	266.833
0.00026116	247.458
0.000262669	228.064
0.000264177	208.916
0.000265685	190.039
0.000267194	171.737
0.000268702	154.066
0.000270211	137.303
0.000271719	121.518
0.000273228	106.908
0.000274736	93.5421
0.000276244	81.5021
0.000277753	70.8436
0.000279261	61.5282
0.00028077	53.5836
0.000282278	46.8717
0.000283786	41.3855
0.000285295	36.9215
0.000286803	33.4389
0.000288312	30.7098
0.00028982	28.6671
0.000291329	27.098
0.000292837	25.9207
0.000294345	24.9674
0.000295854	24.1566
0.000297362	23.3813
0.000298871	22.5737
0.000300379	21.6891
0.000301887	20.6828
0.000303396	19.5609
0.000304904	18.3052
0.000306413	16.9532
0.000307921	15.5107
0.000309429	14.0257
0.000310938	12.5199
0.000312446	11.0357
0.000313955	9.60055
0.000315463	8.24152
0.000316972	6.9833
0.00031848	5.83562
0.000319988	4.81437
0.000321497	3.91553
0.000323005	3.14434
0.000324514	2.4888
0.000326022	1.94496
0.00032753	1.49837
0.000329039	1.13922
0.000330547	0.854382
0.000332056	0.626454
0.000333564	0.461399
