3.33898e-05	273.744
3.48982e-05	295.898
3.64066e-05	321.338
3.7915e-05	350.112
3.94234e-05	382.078
4.09318e-05	417.144
4.24402e-05	455.18
4.39487e-05	496.036
4.54571e-05	539.622
4.69655e-05	585.783
4.84739e-05	634.502
4.99823e-05	685.68
5.14907e-05	739.368
5.29991e-05	795.561
5.45076e-05	854.348
5.6016e-05	915.812
5.75244e-05	980.038
5.90328e-05	1047.15
6.05412e-05	1117.22
6.20496e-05	1190.36
6.3558e-05	1266.64
6.50665e-05	1346.17
6.65749e-05	1429.05
6.80833e-05	1515.44
6.95917e-05	1605.55
7.11001e-05	1699.67
7.26085e-05	1798.12
7.41169e-05	1901.42
7.56253e-05	2009.91
7.71338e-05	2124.34
7.86422e-05	2244.94
8.01506e-05	2372.53
8.1659e-05	2507.15
8.31674e-05	2649.36
8.46758e-05	2798.97
8.61842e-05	2956.05
8.76927e-05	3120.2
8.92011e-05	3290.84
9.07095e-05	3467.54
9.22179e-05	3649.12
9.37263e-05	3835.24
9.52347e-05	4024.45
9.67431e-05	4216.54
9.82516e-05	4410.17
9.976e-05	4605.23
0.000101268	4800.68
0.000102777	4996.49
0.000104285	5191.91
0.000105794	5386.84
0.000107302	5580.62
0.00010881	5773.07
0.000110319	5963.31
0.000111827	6151.07
0.000113336	6335.08
0.000114844	6515.09
0.000116353	6689.51
0.000117861	6858.19
0.000119369	7019.54
0.000120878	7173.59
0.000122386	7319.2
0.000123895	7456.53
0.000125403	7585.33
0.000126911	7705.82
0.00012842	7818.75
0.000129928	7924.34
0.000131437	8024.15
0.000132945	8118.32
0.000134453	8208.77
0.000135962	8295.53
0.00013747	8380.27
0.000138979	8462.87
0.000140487	8544.19
0.000141996	8624.03
0.000143504	8701.97
0.000145012	8777.77
0.000146521	8849.61
0.000148029	8917.24
0.000149538	8977.57
0.000151046	9030.43
0.000152554	9073.79
0.000154063	9105.7
0.000155571	9109.38
0.00015708	9109.06
0.000158588	9100.12
0.000160097	9056.89
0.000161605	8995.69
0.000163113	8915.18
0.000164622	8814.26
0.00016613	8693.11
0.000167639	8554.33
0.000169147	8398.05
0.000170655	8228.97
0.000172164	8047.13
0.000173672	7858.54
0.000175181	7663.17
0.000176689	7467.14
0.000178197	7270.38
0.000179706	7077.87
0.000181214	6889.56
0.000182723	6708.32
0.000184231	6534.13
0.00018574	6367.35
0.000187248	6208.01
0.000188756	6054.24
0.000190265	5906.07
0.000191773	5760.24
0.000193282	5616.77
0.00019479	5472.14
0.000196298	5326.33
0.000197807	5176.57
0.000199315	5022.79
0.000200824	4863.7
0.000202332	4699.17
0.000203841	4529.55
0.000205349	4354.72
0.000206857	4176.36
0.000208366	3994.42
0.000209874	3811.4
0.000211383	3627.29
0.000212891	3444.85
0.000214399	3264.12
0.000215908	3087.69
0.000217416	2915.65
0.000218925	2750.16
0.000220433	2591.31
0.000221941	2440.75
0.00022345	2298.58
0.000224958	2165.85
0.000226467	2042.68
0.000227975	1929.4
0.000229484	1826.16
0.000230992	1732.5
0.0002325	1648.54
0.000234009	1572.98
0.000235517	1505.88
0.000237026	1445.25
0.000238534	1391.05
0.000240042	1340.9
0.000241551	1294.64
0.000243059	1249.96
0.000244568	1206.61
0.000246076	1162.82
0.000247585	1118.27
0.000249093	1072.04
0.000250601	1023.84
0.00025211	973.629
0.000253618	921.232
0.000255127	867.3
0.000256635	811.798
0.000258143	755.751
0.000259652	699.257
0.00026116	643.378
0.000262669	588.296
0.000264177	534.874
0.000265685	483.32
0.000267194	434.194
0.000268702	387.675
0.000270211	344.035
0.000271719	303.395
0.000273228	265.809
0.000274736	231.339
0.000276244	199.894
0.000277753	171.489
0.000279261	145.941
0.00028077	123.234
0.000282278	103.125
0.000283786	85.5716
0.000285295	70.294
0.000286803	57.2254
0.000288312	46.0693
0.00028982	36.7386
0.000291329	28.9419
0.000292837	22.5775
0.000294345	17.3822
0.000295854	13.2481
0.000297362	9.95767
0.000298871	7.40683
0.000300379	5.43086
0.000301887	3.93857
0.000303396	2.81563
0.000304904	1.98902
0.000306413	1.38595
0.000307921	0.952815
0.000309429	0.647088
0.000310938	0.432532
0.000312446	0.286346
0.000313955	0.185912
0.000315463	0.120024
0.000316972	0.0756091
0.00031848	0.0476319
0.000319988	0.0290776
0.000321497	0.0178904
0.000323005	0.0105689
0.000324514	0.00635793
0.000326022	0.00362894
0.00032753	0.00213745
0.000329039	0.00117396
0.000330547	0.000679761
0.000332056	0.000323236
0.000333564	0.000204394
