0.000100103	1.8606e-11
0.00010312	8.0463e-11
0.000106137	2.66034e-10
0.000109154	1.09239e-09
0.000112171	3.34146e-09
0.000115188	1.24051e-08
0.000118205	3.68767e-08
0.000121222	1.24324e-07
0.000124239	3.5769e-07
0.000127256	1.10017e-06
0.000130273	3.05034e-06
0.00013329	8.60073e-06
0.000136307	2.28796e-05
0.000139324	5.9428e-05
0.000142341	0.000151013
0.000145358	0.000363111
0.000148375	0.000877596
0.000151392	0.00196286
0.000154408	0.00449346
0.000157425	0.00939198
0.000160442	0.0202873
0.000163459	0.0397992
0.000166476	0.0808444
0.000169493	0.14994
0.00017251	0.284925
0.000175527	0.511421
0.000178544	0.894755
0.000181561	1.5182
0.000184578	2.48794
0.000187595	3.98169
0.000190612	6.13867
0.000193629	9.26047
0.000196646	13.4773
0.000199663	19.1818
0.00020268	26.4313
0.000205697	35.578
0.000208714	46.5674
0.000211731	59.5264
0.000214748	74.3304
0.000217765	90.7944
0.000220782	108.849
0.000223799	128.172
0.000226816	148.873
0.000229833	170.906
0.00023285	194.565
0.000235867	220.448
0.000238884	248.886
0.000241901	281.086
0.000244918	317.218
0.000247935	358.575
0.000250952	405.073
0.000253969	457.411
0.000256986	515.315
0.000260003	578.52
0.00026302	646.708
0.000266037	718.76
0.000269054	794.413
0.000272071	872.069
0.000275088	951.541
0.000278105	1031.07
0.000281122	1110.57
0.000284139	1188.37
0.000287156	1264.57
0.000290173	1338.1
0.00029319	1409.33
0.000296207	1478.74
0.000299224	1546.93
0.000302241	1616.77
0.000305258	1688.83
0.000308275	1768.1
0.000311292	1854.79
0.000314309	1954.1
0.000317326	2065.72
0.000320343	2192.32
0.00032336	2333.28
0.000326377	2487.01
0.000329394	2652.94
0.000332411	2825.8
0.000335428	3005.33
0.000338445	3185.01
0.000341462	3364.93
0.000344479	3540.04
0.000347496	3710.6
0.000350513	3874.42
0.00035353	4031.67
0.000356547	4182.45
0.000359564	4326.77
0.000362581	4465.1
0.000365598	4597.35
0.000368615	4722.73
0.000371632	4841.17
0.000374649	4950.69
0.000377666	5051.34
0.000380683	5141.88
0.0003837	5222.4
0.000386717	5294.42
0.000389734	5358
0.000392751	5417.14
0.000395768	5471.83
0.000398785	5525.57
0.000401802	5578.34
0.000404819	5629.5
0.000407836	5679.08
0.000410853	5722.42
0.00041387	5759.87
0.000416887	5770.1
0.000419904	5772.38
0.000422921	5766.9
0.000425938	5725.2
0.000428955	5663.85
0.000431972	5583.47
0.000434989	5488.01
0.000438006	5377.37
0.000441023	5259.18
0.00044404	5133.57
0.000447057	5006.12
0.000450074	4877.12
0.000453091	4748.74
0.000456108	4621.24
0.000459125	4494.5
0.000462142	4368.62
0.000465159	4242.82
0.000468176	4117.08
0.000471193	3990.74
0.00047421	3863.74
0.000477227	3735.68
0.000480244	3606.47
0.000483261	3476.11
0.000486278	3344.51
0.000489295	3212.23
0.000492312	3079.24
0.000495329	2946.38
0.000498346	2813.74
0.000501363	2681.71
0.00050438	2550.44
0.000507397	2419.47
0.000510414	2288.85
0.000513431	2157.74
0.000516448	2025.99
0.000519465	1893.51
0.000522482	1760
0.000525499	1627.02
0.000528516	1494.36
0.000531533	1365.11
0.00053455	1239.4
0.000537567	1120.77
0.000540584	1009.73
0.000543601	908.804
0.000546618	818.71
0.000549635	739.862
0.000552652	672.864
0.000555669	615.919
0.000558686	569.189
0.000561703	529.532
0.00056472	496.568
0.000567737	467.143
0.000570754	440.513
0.000573771	414.599
0.000576788	388.632
0.000579805	361.945
0.000582822	334.04
0.000585839	305.305
0.000588856	275.604
0.000591873	245.794
0.00059489	216.008
0.000597907	187.131
0.000600924	159.427
0.000603941	133.562
0.000606958	109.829
0.000609975	88.5538
0.000612992	69.9746
0.000616009	54.0379
0.000619026	40.8618
0.000622043	30.0926
0.00062506	21.6939
0.000628077	15.1839
0.000631094	10.4001
0.000634111	6.90277
0.000637128	4.47692
0.000640145	2.81538
0.000643162	1.72246
0.000646179	1.02694
0.000649196	0.589907
0.000652213	0.334183
0.00065523	0.17763
0.000658247	0.0972179
0.000661264	0.0483777
0.000664281	0.02517
0.000667298	0.0118241
0.000670315	0.00578307
0.000673332	0.00257229
0.000676349	0.00117741
0.000679366	0.000497555
0.000682383	0.000212134
0.0006854	8.54827e-05
0.000688417	3.37808e-05
0.000691434	1.30314e-05
0.000694451	4.74927e-06
0.000697468	1.62901e-06
0.000700485	5.88923e-07
