3.33898e-05	322.09
3.48982e-05	343.383
3.64066e-05	368.466
3.7915e-05	397.263
3.94234e-05	429.996
4.09318e-05	466.89
4.24402e-05	507.901
4.39487e-05	553.127
4.54571e-05	602.382
4.69655e-05	655.583
4.84739e-05	712.449
4.99823e-05	772.691
5.14907e-05	836.06
5.29991e-05	902.14
5.45076e-05	970.879
5.6016e-05	1041.94
5.75244e-05	1115.58
5.90328e-05	1191.79
6.05412e-05	1271.07
6.20496e-05	1353.93
6.3558e-05	1440.96
6.50665e-05	1533.08
6.65749e-05	1630.77
6.80833e-05	1735.1
6.95917e-05	1846.29
7.11001e-05	1965.25
7.26085e-05	2091.96
7.41169e-05	2226.9
7.56253e-05	2369.88
7.71338e-05	2520.95
7.86422e-05	2679.8
8.01506e-05	2846.06
8.1659e-05	3019.33
8.31674e-05	3198.84
8.46758e-05	3384.09
8.61842e-05	3573.83
8.76927e-05	3767.45
8.92011e-05	3963.21
9.07095e-05	4160.54
9.22179e-05	4357.3
9.37263e-05	4553.1
9.52347e-05	4745.85
9.67431e-05	4935.42
9.82516e-05	5120.25
9.976e-05	5300.44
0.000101268	5475.27
0.000102777	5644.9
0.000104285	5809.32
0.000105794	5968.54
0.000107302	6122.72
0.00010881	6271.69
0.000110319	6415.16
0.000111827	6552.92
0.000113336	6684.09
0.000114844	6808.6
0.000116353	6925.49
0.000117861	7034.97
0.000119369	7136.9
0.000120878	7231.7
0.000122386	7320.68
0.000123895	7404.25
0.000125403	7484.97
0.000126911	7563.02
0.00012842	7641.13
0.000129928	7719.16
0.000131437	7798.64
0.000132945	7879.16
0.000134453	7960.16
0.000135962	8041.21
0.00013747	8119.8
0.000138979	8195.69
0.000140487	8265.59
0.000141996	8329.52
0.000143504	8384.91
0.000145012	8431.96
0.000146521	8469.76
0.000148029	8498.52
0.000149538	8519.61
0.000151046	8532.32
0.000152554	8533.29
0.000154063	8531.33
0.000155571	8525.13
0.00015708	8507.03
0.000158588	8481.27
0.000160097	8447.21
0.000161605	8401.95
0.000163113	8345.48
0.000164622	8275.29
0.00016613	8191.5
0.000167639	8093.06
0.000169147	7980.13
0.000170655	7854.1
0.000172164	7715.06
0.000173672	7566.75
0.000175181	7409.18
0.000176689	7247.35
0.000178197	7081.21
0.000179706	6915.43
0.000181214	6749.97
0.000182723	6587.72
0.000184231	6428.66
0.00018574	6273.16
0.000187248	6121.24
0.000188756	5970.94
0.000190265	5822.3
0.000191773	5672.11
0.000193282	5520.4
0.00019479	5364.25
0.000196298	5203.61
0.000197807	5037.23
0.000199315	4864.99
0.000200824	4687.86
0.000202332	4505.71
0.000203841	4321.38
0.000205349	4134.81
0.000206857	3949.55
0.000208366	3765.66
0.000209874	3586.19
0.000211383	3411.29
0.000212891	3242.71
0.000214399	3080.62
0.000215908	2925.38
0.000217416	2777.11
0.000218925	2635.31
0.000220433	2500
0.000221941	2370.45
0.00022345	2246.64
0.000224958	2128.03
0.000226467	2014.57
0.000227975	1905.96
0.000229484	1802.2
0.000230992	1703.03
0.0002325	1608.47
0.000234009	1518.16
0.000235517	1432.11
0.000237026	1349.88
0.000238534	1271.43
0.000240042	1196.43
0.000241551	1124.81
0.000243059	1056.5
0.000244568	991.463
0.000246076	929.921
0.000247585	871.872
0.000249093	817.642
0.000250601	767.298
0.00025211	720.944
0.000253618	678.68
0.000255127	640.18
0.000256635	605.505
0.000258143	573.922
0.000259652	545.394
0.00026116	519.018
0.000262669	494.655
0.000264177	471.527
0.000265685	449.446
0.000267194	427.921
0.000268702	406.792
0.000270211	385.841
0.000271719	364.972
0.000273228	344.123
0.000274736	323.252
0.000276244	302.357
0.000277753	281.414
0.000279261	260.478
0.00028077	239.526
0.000282278	218.721
0.000283786	198.059
0.000285295	177.836
0.000286803	158.098
0.000288312	139.226
0.00028982	121.33
0.000291329	104.749
0.000292837	89.6409
0.000294345	76.1814
0.000295854	64.5156
0.000297362	54.5983
0.000298871	46.5045
0.000300379	39.9912
0.000301887	35.03
0.000303396	31.2703
0.000304904	28.5858
0.000306413	26.6301
0.000307921	25.2192
0.000309429	24.1
0.000310938	23.0878
0.000312446	22.0623
0.000313955	20.8884
0.000315463	19.5655
0.000316972	18.0342
0.00031848	16.3647
0.000319988	14.5683
0.000321497	12.73
0.000323005	10.9033
0.000324514	9.14805
0.000326022	7.52463
0.00032753	6.05408
0.000329039	4.77744
0.000330547	3.68447
0.000332056	2.77942
0.000333564	2.06083
