0.000166815	35.3804
0.000171844	41.3726
0.000176872	48.0682
0.000181901	55.4889
0.000186929	63.5718
0.000191958	72.2837
0.000196986	81.548
0.000202014	91.2963
0.000207043	101.444
0.000212071	111.893
0.0002171	122.568
0.000222128	133.357
0.000227157	144.213
0.000232185	155.034
0.000237214	165.813
0.000242242	176.484
0.00024727	187.079
0.000252299	197.594
0.000257327	208.086
0.000262356	218.617
0.000267384	229.255
0.000272413	240.111
0.000277441	251.242
0.000282469	262.78
0.000287498	274.748
0.000292526	287.258
0.000297555	300.29
0.000302583	313.891
0.000307612	328.001
0.00031264	342.57
0.000317669	357.512
0.000322697	372.676
0.000327725	387.969
0.000332754	403.16
0.000337782	418.176
0.000342811	432.755
0.000347839	446.866
0.000352868	460.288
0.000357896	473.04
0.000362924	485.013
0.000367953	496.278
0.000372981	506.891
0.00037801	516.958
0.000383038	526.721
0.000388067	536.293
0.000393095	546.074
0.000398123	556.159
0.000403152	567.027
0.00040818	578.736
0.000413209	591.742
0.000418237	606.056
0.000423266	622.011
0.000428294	639.574
0.000433323	658.884
0.000438351	679.882
0.000443379	702.493
0.000448408	726.654
0.000453436	752.115
0.000458465	778.825
0.000463493	806.436
0.000468522	834.921
0.00047355	863.925
0.000478578	893.439
0.000483607	923.17
0.000488635	953.118
0.000493664	983.074
0.000498692	1013.04
0.000503721	1042.86
0.000508749	1072.52
0.000513778	1101.88
0.000518806	1130.92
0.000523834	1159.42
0.000528863	1187.37
0.000533891	1214.47
0.00053892	1240.7
0.000543948	1265.7
0.000548977	1289.45
0.000554005	1311.57
0.000559033	1332.07
0.000564062	1350.62
0.00056909	1367.22
0.000574119	1381.67
0.000579147	1393.98
0.000584176	1404.06
0.000589204	1411.94
0.000594233	1417.83
0.000599261	1421.6
0.000604289	1421.99
0.000609318	1421.52
0.000614346	1419.98
0.000619375	1415.26
0.000624403	1408.95
0.000629432	1400.99
0.00063446	1391.4
0.000639488	1380.18
0.000644517	1367.48
0.000649545	1353.3
0.000654574	1337.82
0.000659602	1321.04
0.000664631	1303.13
0.000669659	1284.11
0.000674688	1264.15
0.000679716	1243.24
0.000684744	1221.54
0.000689773	1199.04
0.000694801	1175.82
0.00069983	1151.9
0.000704858	1127.29
0.000709887	1102
0.000714915	1076.05
0.000719943	1049.43
0.000724972	1022.17
0.00073	994.269
0.000735029	965.828
0.000740057	936.839
0.000745086	907.489
0.000750114	877.772
0.000755143	847.95
0.000760171	818.022
0.000765199	788.288
0.000770228	758.754
0.000775256	729.697
0.000780285	701.131
0.000785313	673.259
0.000790342	646.099
0.00079537	619.744
0.000800398	594.212
0.000805427	569.486
0.000810455	545.579
0.000815484	522.389
0.000820512	499.92
0.000825541	478.031
0.000830569	456.718
0.000835598	435.85
0.000840626	415.412
0.000845654	395.322
0.000850683	375.562
0.000855711	356.112
0.00086074	336.958
0.000865768	318.14
0.000870797	299.653
0.000875825	281.581
0.000880853	263.926
0.000885882	246.796
0.00089091	230.2
0.000895939	214.243
0.000900967	198.94
0.000905996	184.369
0.000911024	170.549
0.000916052	157.519
0.000921081	145.295
0.000926109	133.871
0.000931138	123.259
0.000936166	113.409
0.000941195	104.324
0.000946223	95.9241
0.000951252	88.2021
0.00095628	81.0625
0.000961308	74.4889
0.000966337	68.3872
0.000971365	62.7353
0.000976394	57.4549
0.000981422	52.5219
0.000986451	47.8822
0.000991479	43.5147
0.000996507	39.3908
0.00100154	35.4953
0.00100656	31.8203
0.00101159	28.358
0.00101662	25.1123
0.00102165	22.0819
0.00102668	19.2728
0.00103171	16.6877
0.00103673	14.3275
0.00104176	12.1955
0.00104679	10.2839
0.00105182	8.59355
0.00105685	7.1084
0.00106188	5.82513
0.00106691	4.72198
0.00107193	3.79136
0.00107696	3.00964
0.00108199	2.36597
0.00108702	1.83823
0.00109205	1.414
0.00109708	1.07488
0.0011021	0.808586
0.00110713	0.601258
0.00111216	0.4421
0.00111719	0.321553
0.00112222	0.230983
0.00112725	0.164337
0.00113228	0.115266
0.0011373	0.0802336
0.00114233	0.0549168
0.00114736	0.0374106
0.00115239	0.0249719
0.00115742	0.0166554
0.00116245	0.010463
0.00116747	0.00707899
