0.000500379	5.63594e-82
0.000507922	7.31645e-79
0.000515465	2.92489e-78
0.000523008	3.0861e-75
0.00053055	1.24587e-74
0.000538093	1.06809e-71
0.000545636	4.35567e-71
0.000553179	3.03378e-68
0.000560721	1.24985e-67
0.000568264	7.07197e-65
0.000575807	2.94361e-64
0.00058335	1.35296e-61
0.000590892	5.69014e-61
0.000598435	2.12435e-58
0.000605978	9.02789e-58
0.000613521	2.73763e-55
0.000621063	1.17563e-54
0.000628606	2.89565e-52
0.000636149	1.25654e-51
0.000643692	2.51397e-49
0.000651234	1.10232e-48
0.000658777	1.7916e-46
0.00066632	7.93711e-46
0.000673862	1.04814e-43
0.000681405	4.69077e-43
0.000688948	5.03423e-41
0.000696491	2.27539e-40
0.000704033	1.98534e-38
0.000711576	9.05943e-38
0.000719119	6.42959e-36
0.000726662	2.96063e-35
0.000734204	1.71024e-33
0.000741747	7.94169e-33
0.00074929	3.73727e-31
0.000756833	1.74862e-30
0.000764375	6.7111e-29
0.000771918	3.16039e-28
0.000779461	9.90653e-27
0.000787004	4.68884e-26
0.000794546	1.20259e-24
0.000802089	5.71066e-24
0.000809632	1.20117e-22
0.000817175	5.7099e-22
0.000824717	9.87735e-21
0.00083226	4.68729e-20
0.000839803	6.69173e-19
0.000847345	3.15941e-18
0.000854888	3.73821e-17
0.000862431	1.74877e-16
0.000869974	1.72359e-15
0.000877516	7.95007e-15
0.000885059	6.56629e-14
0.000892602	2.96896e-13
0.000900145	2.06936e-12
0.000907687	9.11058e-12
0.00091523	5.40165e-11
0.000922773	2.29794e-10
0.000930316	1.16936e-09
0.000937858	4.76619e-09
0.000945401	2.10205e-08
0.000952944	8.13354e-08
0.000960487	3.14133e-07
0.000968029	1.14281e-06
0.000975572	3.90664e-06
0.000983115	1.32325e-05
0.000990658	4.04649e-05
0.0009982	0.000126411
0.00100574	0.000349327
0.00101329	0.000997784
0.00102083	0.00251482
0.00102837	0.00651901
0.00103591	0.0151055
0.00104346	0.0353343
0.001051	0.0757543
0.00105854	0.15932
0.00106608	0.320112
0.00107363	0.604474
0.00108117	1.14274
0.00108871	1.95737
0.00109626	3.32913
0.0011038	5.26895
0.00111134	8.13184
0.00111888	11.904
0.00112643	16.8014
0.00113397	22.788
0.00114151	29.6859
0.00114906	37.4671
0.0011566	45.5877
0.00116414	54.0593
0.00117168	62.4703
0.00117923	70.8664
0.00118677	79.603
0.00119431	88.7206
0.00120185	99.4867
0.0012094	111.911
0.00121694	127.696
0.00122448	146.832
0.00123203	170.953
0.00123957	200.047
0.00124711	235.677
0.00125465	277.83
0.0012622	328.29
0.00126974	387.043
0.00127728	456.054
0.00128482	535.324
0.00129237	626.112
0.00129991	728.483
0.00130745	841.328
0.001315	964.794
0.00132254	1094.23
0.00133008	1229.76
0.00133762	1364.35
0.00134517	1497.96
0.00135271	1624.58
0.00136025	1743.96
0.00136779	1853.97
0.00137534	1954.32
0.00138288	2046.56
0.00139042	2130.52
0.00139797	2209.51
0.00140551	2283.5
0.00141305	2356.44
0.00142059	2428.41
0.00142814	2503.29
0.00143568	2581.46
0.00144322	2664.19
0.00145076	2752.18
0.00145831	2841.11
0.00146585	2931.5
0.00147339	3014.32
0.00148094	3089.2
0.00148848	3148.91
0.00149602	3194.8
0.00150356	3207.97
0.00151111	3209.38
0.00151865	3207.46
0.00152619	3181.98
0.00153373	3150.75
0.00154128	3117.78
0.00154882	3085.78
0.00155636	3056.72
0.00156391	3026.1
0.00157145	2994.92
0.00157899	2952.48
0.00158653	2897.62
0.00159408	2821.91
0.00160162	2722.71
0.00160916	2600.72
0.0016167	2453.89
0.00162425	2291.84
0.00163179	2114.7
0.00163933	1935.07
0.00164688	1755.14
0.00165442	1584.19
0.00166196	1425.12
0.0016695	1280.96
0.00167705	1153.81
0.00168459	1041.44
0.00169213	944.386
0.00169968	858.165
0.00170722	781.953
0.00171476	712.062
0.0017223	647.102
0.00172985	585.807
0.00173739	527.167
0.00174493	471.964
0.00175247	420.113
0.00176002	372.571
0.00176756	329.868
0.0017751	291.638
0.00178265	258.147
0.00179019	228.091
0.00179773	201.06
0.00180527	176.246
0.00181282	153.057
0.00182036	131.708
0.0018279	112.052
0.00183544	94.58
0.00184299	79.556
0.00185053	66.9536
0.00185807	56.9735
0.00186562	49.084
0.00187316	43.1493
0.0018807	38.6217
0.00188824	35.1705
0.00189579	32.5333
0.00190333	30.4611
0.00191087	28.8644
0.00191841	27.657
0.00192596	26.6777
0.0019335	25.8492
0.00194104	24.939
0.00194859	23.7597
0.00195613	22.2335
0.00196367	20.1807
0.00197121	17.7764
0.00197876	15.0374
0.0019863	12.2162
0.00199384	9.58493
0.00200138	7.05041
