0.000500379	2.67585e-103
0.000507922	1.3357e-99
0.000515465	5.34198e-99
0.000523008	2.14009e-95
0.00053055	8.64573e-95
0.000538093	2.77927e-91
0.000545636	1.13438e-90
0.000553179	2.92569e-87
0.000560721	1.20664e-86
0.000568264	2.49646e-83
0.000575807	1.04054e-82
0.00058335	1.72671e-79
0.000590892	7.2744e-79
0.000598435	9.68099e-76
0.000605978	4.12286e-75
0.000613521	4.39973e-72
0.000621063	1.89437e-71
0.000628606	1.62085e-68
0.000636149	7.05659e-68
0.000643692	4.84037e-65
0.000651234	2.13104e-64
0.000658777	1.17177e-61
0.00066632	5.21745e-61
0.000673862	2.29955e-58
0.000681405	1.03561e-57
0.000688948	3.65846e-55
0.000696491	1.66653e-54
0.000704033	4.71877e-52
0.000711576	2.17425e-51
0.000719119	4.93466e-49
0.000726662	2.29981e-48
0.000734204	4.18426e-46
0.000741747	1.97228e-45
0.00074929	2.87708e-43
0.000756833	1.37135e-42
0.000764375	1.6044e-40
0.000771918	7.73108e-40
0.000779461	7.2571e-38
0.000787004	3.53394e-37
0.000794546	2.66312e-35
0.000802089	1.30985e-34
0.000809632	7.93049e-33
0.000817175	3.93683e-32
0.000824717	1.917e-30
0.00083226	9.59537e-30
0.000839803	3.7629e-28
0.000847345	1.8967e-27
0.000854888	6.00072e-26
0.000862431	3.04084e-25
0.000869974	7.77887e-24
0.000877516	3.95456e-23
0.000885059	8.20287e-22
0.000892602	4.1723e-21
0.000900145	7.04239e-20
0.000907687	3.57191e-19
0.00091523	4.9274e-18
0.000922773	2.48183e-17
0.000930316	2.81301e-16
0.000937858	1.39995e-15
0.000945401	1.31211e-14
0.000952944	6.41328e-14
0.000960487	5.0081e-13
0.000968029	2.38711e-12
0.000975572	1.56675e-11
0.000983115	7.22345e-11
0.000990658	4.02442e-10
0.0009982	1.77836e-09
0.00100574	8.50272e-09
0.00101329	3.56544e-08
0.00102083	1.48018e-07
0.00102837	5.82851e-07
0.00103591	2.12665e-06
0.00104346	7.78091e-06
0.001051	2.52565e-05
0.00105854	8.49959e-05
0.00106608	0.00024831
0.00107363	0.000761651
0.00108117	0.00202406
0.00108871	0.00561664
0.00109626	0.0137033
0.0011038	0.0342181
0.00111134	0.0772228
0.00111888	0.173043
0.00112643	0.363275
0.00113397	0.730493
0.00114151	1.45305
0.00114906	2.63885
0.0011566	4.84189
0.00116414	8.09848
0.00117168	13.4708
0.00117923	20.9731
0.00118677	31.9682
0.00119431	46.4374
0.00120185	65.4759
0.0012094	89.0444
0.00121694	117.264
0.00122448	150.11
0.00123203	186.586
0.00123957	226.698
0.00124711	269.291
0.00125465	314.376
0.0012622	362.336
0.00126974	413.147
0.00127728	469.679
0.00128482	531.897
0.00129237	603.694
0.00129991	685.121
0.00130745	777.608
0.001315	881.325
0.00132254	993.171
0.00133008	1113.28
0.00133762	1236.13
0.00134517	1361.67
0.00135271	1485.86
0.00136025	1608.52
0.00136779	1728.46
0.00137534	1845.51
0.00138288	1960.35
0.00139042	2072.85
0.00139797	2185.22
0.00140551	2297.44
0.00141305	2412.31
0.00142059	2530.2
0.00142814	2650.59
0.00143568	2774.16
0.00144322	2894.15
0.00145076	3010.76
0.00145831	3114.67
0.00146585	3205.11
0.00147339	3277.38
0.00148094	3331.48
0.00148848	3361.16
0.00149602	3375.03
0.00150356	3376.18
0.00151111	3356.36
0.00151865	3319.71
0.00152619	3267.22
0.00153373	3199.64
0.00154128	3116.28
0.00154882	3023.34
0.00155636	2920.72
0.00156391	2817.2
0.00157145	2714.11
0.00157899	2616.19
0.00158653	2525.38
0.00159408	2438.89
0.00160162	2357.42
0.00160916	2274.53
0.0016167	2189.16
0.00162425	2097.62
0.00163179	1998.36
0.00163933	1892.74
0.00164688	1780.07
0.00165442	1664.6
0.00166196	1546.8
0.0016695	1430.76
0.00167705	1317.56
0.00168459	1209.25
0.00169213	1106.83
0.00169968	1010.18
0.00170722	919.644
0.00171476	834.339
0.0017223	754.036
0.00172985	678.466
0.00173739	607.362
0.00174493	541.159
0.00175247	479.89
0.00176002	424.006
0.00176756	373.76
0.0017751	329.032
0.00178265	290.056
0.00179019	255.913
0.00179773	226.548
0.00180527	200.546
0.00181282	177.412
0.00182036	156.072
0.0018279	135.83
0.00183544	116.57
0.00184299	97.8989
0.00185053	80.3795
0.00185807	64.1287
0.00186562	49.6248
0.00187316	37.2166
0.0018807	26.8796
0.00188824	18.8061
0.00189579	12.5997
0.00190333	8.16466
0.00191087	5.05579
0.00191841	3.00729
0.00192596	1.71964
0.0019335	0.91996
0.00194104	0.492445
0.00194859	0.235822
0.00195613	0.117777
0.00196367	0.0518279
0.00197121	0.0233013
0.00197876	0.00948739
0.0019863	0.00379233
0.00199384	0.0013273
0.00200138	0.000505627
