0.000500379	1.30695e-241
0.000510437	2.11689e-233
0.000520494	8.46754e-233
0.000530551	9.31636e-225
0.000540608	3.76467e-224
0.000550665	2.81318e-216
0.000560722	1.14859e-215
0.000570779	5.82839e-208
0.000580836	2.40478e-207
0.000590893	8.28511e-200
0.00060095	3.45505e-199
0.000611007	8.08061e-192
0.000621064	3.40646e-191
0.000631121	5.40735e-184
0.000641178	2.30473e-183
0.000651235	2.48266e-176
0.000661292	1.07006e-175
0.000671349	7.82058e-169
0.000681406	3.40929e-168
0.000691463	1.69024e-161
0.00070152	7.45397e-161
0.000711577	2.50637e-154
0.000721634	1.11836e-153
0.000731691	2.5499e-147
0.000741748	1.15144e-146
0.000751806	1.77984e-140
0.000761863	8.1352e-140
0.00077192	8.5235e-134
0.000781977	3.94425e-133
0.000792034	2.80046e-127
0.000802091	1.31228e-126
0.000812148	6.31268e-121
0.000822205	2.9961e-120
0.000832262	9.76265e-115
0.000842319	4.6941e-114
0.000852376	1.03583e-108
0.000862433	5.04679e-108
0.00087249	7.54003e-103
0.000882547	3.72344e-102
0.000892604	3.76546e-97
0.000902661	1.88512e-96
0.000912718	1.29009e-91
0.000922775	6.54936e-91
0.000932832	3.03235e-86
0.000942889	1.56144e-85
0.000952946	4.88979e-81
0.000963003	2.55455e-80
0.00097306	5.4094e-76
0.000983117	2.86794e-75
0.000993175	4.10541e-71
0.00100323	2.20947e-70
0.00101329	2.13751e-66
0.00102335	1.16808e-65
0.0010334	7.63495e-62
0.00104346	4.2376e-61
0.00105352	1.8709e-57
0.00106357	1.05495e-56
0.00107363	3.14519e-53
0.00108369	1.80222e-52
0.00109374	3.62745e-49
0.0011038	2.11275e-48
0.00111386	2.87032e-45
0.00112392	1.69963e-44
0.00113397	1.55832e-41
0.00114403	9.38263e-41
0.00115409	5.80526e-38
0.00116414	3.55439e-37
0.0011742	1.48417e-34
0.00118426	9.24007e-34
0.00119432	2.60461e-31
0.00120437	1.6484e-30
0.00121443	3.13862e-28
0.00122449	2.01805e-27
0.00123454	2.59833e-25
0.0012446	1.6955e-24
0.00125466	1.47889e-22
0.00126471	9.77632e-22
0.00127477	5.79366e-20
0.00128483	3.86894e-19
0.00129489	1.5648e-17
0.00130494	1.05097e-16
0.001315	2.92066e-15
0.00132506	1.95986e-14
0.00133511	3.77962e-13
0.00134517	2.50954e-12
0.00135523	3.40625e-11
0.00136529	2.20714e-10
0.00137534	2.14973e-09
0.0013854	1.33395e-08
0.00139546	9.56228e-08
0.00140551	5.54396e-07
0.00141557	3.01732e-06
0.00142563	1.58605e-05
0.00143568	6.78957e-05
0.00144574	0.000312801
0.0014558	0.0010923
0.00146586	0.00426167
0.00147591	0.0125514
0.00148597	0.0402259
0.00149603	0.102556
0.00150608	0.264081
0.00151614	0.604062
0.0015262	1.24997
0.00153625	2.46531
0.00154631	4.25226
0.00155637	6.67538
0.00156643	9.7529
0.00157648	12.847
0.00158654	15.9491
0.0015966	18.6782
0.00160665	20.9553
0.00161671	24.1245
0.00162677	28.1396
0.00163683	35.1112
0.00164688	45.1367
0.00165694	58.7996
0.001667	76.2285
0.00167705	96.3472
0.00168711	119.138
0.00169717	143.694
0.00170722	169.766
0.00171728	199.034
0.00172734	231.241
0.0017374	270.834
0.00174745	318.132
0.00175751	375.194
0.00176757	442.757
0.00177762	516.895
0.00178768	597.435
0.00179774	681.389
0.00180779	767.395
0.00181785	862.279
0.00182791	965.71
0.00183797	1088.07
0.00184802	1231.47
0.00185808	1394.45
0.00186814	1578.9
0.00187819	1772
0.00188825	1973.1
0.00189831	2170.55
0.00190837	2363.06
0.00191842	2541.66
0.00192848	2705.22
0.00193854	2846.19
0.00194859	2962.8
0.00195865	3053.53
0.00196871	3120.59
0.00197876	3148.66
0.00198882	3157.42
0.00199888	3157.84
0.00200894	3129.4
0.00201899	3086.78
0.00202905	3035.5
0.00203911	2978.51
0.00204916	2918.09
0.00205922	2852.86
0.00206928	2784.44
0.00207933	2704.78
0.00208939	2612.04
0.00209945	2502.13
0.00210951	2371.43
0.00211956	2227.16
0.00212962	2069.81
0.00213968	1906.97
0.00214973	1741.76
0.00215979	1575.23
0.00216985	1407.81
0.00217991	1242.23
0.00218996	1078.13
0.00220002	922.461
0.00221008	777.399
0.00222013	647.607
0.00223019	536.225
0.00224025	442.405
0.0022503	367.735
0.00226036	307.239
0.00227042	259.807
0.00228048	220.496
0.00229053	186.536
0.00230059	156.348
0.00231065	128.078
0.0023207	102.376
0.00233076	78.9393
0.00234082	58.6413
0.00235088	41.929
0.00236093	29.0326
0.00237099	19.9193
0.00238105	15.6329
0.0023911	14.4862
0.00240116	14.1337
0.00241122	15.2892
0.00242127	16.3011
0.00243133	15.9467
0.00244139	14.9359
0.00245145	12.5799
0.0024615	9.60583
0.00247156	6.78575
0.00248162	4.26835
0.00249167	2.49242
0.00250173	1.30769
