3.33898e-05	2.73659e-15
3.55687e-05	1.41967e-14
3.77476e-05	4.85772e-14
3.99264e-05	2.39022e-13
4.21053e-05	7.69275e-13
4.42842e-05	3.44216e-12
4.64631e-05	1.08689e-11
4.8642e-05	4.43643e-11
5.08209e-05	1.3702e-10
5.29998e-05	5.11881e-10
5.51787e-05	1.54141e-09
5.73576e-05	5.28877e-09
5.95365e-05	1.54748e-08
6.17154e-05	4.89437e-08
6.38943e-05	1.38663e-07
6.60732e-05	4.05781e-07
6.82521e-05	1.1091e-06
7.0431e-05	3.01452e-06
7.26099e-05	7.91986e-06
7.47888e-05	2.00695e-05
7.69677e-05	5.04966e-05
7.91465e-05	0.000119753
8.13254e-05	0.000287524
8.35043e-05	0.000640455
8.56832e-05	0.00146228
8.78621e-05	0.00306998
9.0041e-05	0.0066438
9.22199e-05	0.0131887
9.43988e-05	0.0269732
9.65777e-05	0.0507744
9.87566e-05	0.0978792
0.000100935	0.178345
0.000103114	0.319673
0.000105293	0.556388
0.000107472	0.935091
0.000109651	1.54114
0.00011183	2.44439
0.000114009	3.8085
0.000116188	5.71422
0.000118367	8.41169
0.000120546	11.9593
0.000122724	16.6417
0.000124903	22.4548
0.000127082	29.5896
0.000129261	37.9686
0.00013144	47.5451
0.000133619	58.2237
0.000135798	69.7095
0.000137977	82.0039
0.000140156	94.8289
0.000142334	108.382
0.000144513	122.903
0.000146692	138.772
0.000148871	157.174
0.00015105	178.515
0.000153229	204.861
0.000155408	236.425
0.000157587	275.432
0.000159766	321.763
0.000161945	376.713
0.000164123	439.891
0.000166302	510.864
0.000168481	589.197
0.00017066	672.827
0.000172839	761.539
0.000175018	852.748
0.000177197	946.605
0.000179376	1041.64
0.000181555	1138.32
0.000183733	1237.64
0.000185912	1340.16
0.000188091	1449.64
0.00019027	1566.5
0.000192449	1696.24
0.000194628	1838.95
0.000196807	1999.87
0.000198986	2178.76
0.000201165	2378.45
0.000203344	2598.51
0.000205522	2838.07
0.000207701	3096.71
0.00020988	3370.04
0.000212059	3657.77
0.000214238	3953.35
0.000216417	4256.65
0.000218596	4560.5
0.000220775	4864.91
0.000222954	5163.1
0.000225132	5455.13
0.000227311	5735.09
0.00022949	6003.05
0.000231669	6254.39
0.000233848	6489.19
0.000236027	6704.79
0.000238206	6901.27
0.000240385	7078.44
0.000242564	7236.33
0.000244743	7376.89
0.000246921	7500.12
0.0002491	7608.85
0.000251279	7703.05
0.000253458	7785.03
0.000255637	7854.76
0.000257816	7913.36
0.000259995	7960.81
0.000262174	7997.83
0.000264353	8024.49
0.000266531	8039.03
0.00026871	8045.91
0.000270889	8045.75
0.000273068	8037.24
0.000275247	8024.58
0.000277426	8007.84
0.000279605	7989.54
0.000281784	7969.85
0.000283963	7948.8
0.000286142	7926.65
0.00028832	7899.82
0.000290499	7868.57
0.000292678	7826.02
0.000294857	7772.29
0.000297036	7698.8
0.000299215	7605.35
0.000301394	7484.19
0.000303573	7334.75
0.000305752	7153.01
0.00030793	6938.11
0.000310109	6692.24
0.000312288	6414.54
0.000314467	6114.04
0.000316646	5790.33
0.000318825	5457.19
0.000321004	5115.01
0.000323183	4778.11
0.000325362	4447.7
0.00032754	4134.33
0.000329719	3839.61
0.000331898	3567.98
0.000334077	3320.83
0.000336256	3096.99
0.000338435	2897.11
0.000340614	2716.76
0.000342793	2555.81
0.000344972	2409.23
0.000347151	2276.4
0.000349329	2153.3
0.000351508	2039.24
0.000353687	1931.63
0.000355866	1829.9
0.000358045	1732.53
0.000360224	1639.14
0.000362403	1548.7
0.000364582	1460.97
0.000366761	1375.12
0.000368939	1290.95
0.000371118	1207.79
0.000373297	1125.43
0.000375476	1043.56
0.000377655	961.941
0.000379834	880.848
0.000382013	800.123
0.000384192	720.747
0.000386371	642.757
0.00038855	567.604
0.000390728	495.601
0.000392907	428.101
0.000395086	365.612
0.000397265	308.828
0.000399444	258.225
0.000401623	213.655
0.000403802	175.334
0.000405981	142.524
0.00040816	115.121
0.000410338	92.2429
0.000412517	73.5748
0.000414696	58.4177
0.000416875	46.4208
0.000419054	37.1422
0.000421233	30.3096
0.000423412	25.652
0.000425591	22.8774
0.00042777	22.0689
0.000429949	22.7735
0.000432127	24.5334
0.000434306	27.4533
0.000436485	30.9526
0.000438664	34.7918
0.000440843	38.4911
0.000443022	41.7761
0.000445201	44.1614
0.00044738	45.3565
0.000449559	45.7317
0.000451737	44.6842
0.000453916	42.3594
0.000456095	39.0652
0.000458274	35.0601
0.000460453	30.573
0.000462632	25.9038
0.000464811	21.4523
0.00046699	17.0816
