0.000500379	8.4187e-98
0.000509598	3.16603e-94
0.000518817	1.26616e-93
0.000528036	3.81667e-90
0.000537255	1.54177e-89
0.000546474	3.72437e-86
0.000555693	1.51997e-85
0.000564912	2.94204e-82
0.000574131	1.21322e-81
0.00058335	1.88136e-78
0.000592569	7.84026e-78
0.000601788	9.73926e-75
0.000611007	4.10211e-74
0.000620226	4.08143e-71
0.000629445	1.73768e-70
0.000638664	1.38464e-67
0.000647883	5.95966e-67
0.000657101	3.80279e-64
0.00066632	1.65485e-63
0.000675539	8.45506e-61
0.000684758	3.72033e-60
0.000693977	1.52192e-57
0.000703196	6.77161e-57
0.000712415	2.21788e-54
0.000721634	9.97905e-54
0.000730853	2.61682e-51
0.000740072	1.19063e-50
0.000749291	2.49989e-48
0.00075851	1.15014e-47
0.000767729	1.93379e-45
0.000776948	8.99528e-45
0.000786167	1.21137e-42
0.000795386	5.69602e-42
0.000804605	6.14566e-40
0.000813823	2.92027e-39
0.000823042	2.5255e-37
0.000832261	1.21219e-36
0.00084148	8.40797e-35
0.000850699	4.074e-34
0.000859918	2.26828e-32
0.000869137	1.10861e-31
0.000878356	4.96007e-30
0.000887575	2.44258e-29
0.000896794	8.79466e-28
0.000906013	4.35756e-27
0.000915232	1.26497e-25
0.000924451	6.2947e-25
0.00093367	1.47675e-23
0.000942889	7.36308e-23
0.000952108	1.40019e-21
0.000961327	6.97458e-21
0.000970545	1.07911e-19
0.000979764	5.35032e-19
0.000988983	6.76616e-18
0.000998202	3.32416e-17
0.00100742	3.45535e-16
0.00101664	1.67291e-15
0.00102586	1.43894e-14
0.00103508	6.8205e-14
0.0010443	4.89296e-13
0.00105352	2.25318e-12
0.00106273	1.36045e-11
0.00107195	6.03288e-11
0.00108117	3.09728e-10
0.00109039	1.30962e-09
0.00109961	5.78126e-09
0.00110883	2.30595e-08
0.00111805	8.85707e-08
0.00112727	3.29523e-07
0.00113649	1.11467e-06
0.00114571	3.82458e-06
0.00115492	1.15297e-05
0.00116414	3.60886e-05
0.00117336	9.80382e-05
0.00118258	0.00027721
0.0011918	0.000685291
0.00120102	0.00173632
0.00121024	0.00393748
0.00121946	0.0088877
0.00122868	0.0185977
0.00123789	0.0372845
0.00124711	0.0740271
0.00125633	0.132398
0.00126555	0.235869
0.00127477	0.38539
0.00128399	0.614275
0.00129321	0.921447
0.00130243	1.32786
0.00131165	1.83066
0.00132087	2.41012
0.00133008	3.06374
0.0013393	3.72601
0.00134852	4.39689
0.00135774	5.00238
0.00136696	5.54461
0.00137618	5.99914
0.0013854	6.36818
0.00139462	6.71429
0.00140384	7.03807
0.00141305	7.48389
0.00142227	8.05078
0.00143149	8.92126
0.00144071	10.0942
0.00144993	11.7331
0.00145915	13.8378
0.00146837	16.5149
0.00147759	19.7658
0.00148681	23.6253
0.00149603	28.0968
0.00150524	33.1301
0.00151446	38.7295
0.00152368	44.7603
0.0015329	51.2242
0.00154212	57.9573
0.00155134	64.956
0.00156056	72.1114
0.00156978	79.4158
0.001579	86.8519
0.00158821	94.4089
0.00159743	102.184
0.00160665	110.157
0.00161587	118.628
0.00162509	127.58
0.00163431	137.503
0.00164353	148.424
0.00165275	160.672
0.00166197	174.333
0.00167118	189.071
0.0016804	204.968
0.00168962	220.997
0.00169884	237.136
0.00170806	252.33
0.00171728	266.444
0.0017265	279.1
0.00173572	290.167
0.00174494	299.969
0.00175416	308.487
0.00176337	316.176
0.00177259	323.119
0.00178181	329.408
0.00179103	335.121
0.00180025	339.993
0.00180947	344.022
0.00181869	346.914
0.00182791	348.623
0.00183713	348.976
0.00184634	347.975
0.00185556	345.671
0.00186478	341.872
0.001874	336.475
0.00188322	329.493
0.00189244	320.814
0.00190166	310.349
0.00191088	298.362
0.0019201	284.806
0.00192932	270.263
0.00193853	254.806
0.00194775	239.014
0.00195697	223.043
0.00196619	207.218
0.00197541	191.675
0.00198463	176.502
0.00199385	161.757
0.00200307	147.463
0.00201229	133.62
0.0020215	120.319
0.00203072	107.566
0.00203994	95.5042
0.00204916	84.18
0.00205838	73.684
0.0020676	64.0778
0.00207682	55.3353
0.00208604	47.4828
0.00209526	40.4215
0.00210448	34.1271
0.00211369	28.5131
0.00212291	23.5368
0.00213213	19.1537
0.00214135	15.3366
0.00215057	12.0521
0.00215979	9.28762
0.00216901	6.99067
0.00217823	5.14425
0.00218745	3.67847
0.00219666	2.56216
0.00220588	1.72492
0.0022151	1.12545
0.00222432	0.706894
0.00223354	0.426789
0.00224276	0.248423
0.00225198	0.136163
0.0022612	0.0737587
0.00227042	0.0359456
0.00227964	0.0183105
0.00228885	0.00818052
0.00229807	0.003753
0.00230729	0.00154725
0.00231651	0.000631032
0.00232573	0.000222757
0.00233495	8.66658e-05
