0.000500379	7.9684e-213
0.000510437	6.9356e-206
0.000520494	2.77424e-205
0.000530551	1.74811e-198
0.000540608	7.06398e-198
0.000550665	3.22195e-191
0.000560722	1.31549e-190
0.000570779	4.34242e-184
0.000580836	1.79167e-183
0.000590893	4.27963e-177
0.00060095	1.78469e-176
0.000611007	3.08417e-170
0.000621064	1.30016e-169
0.000631121	1.62528e-163
0.000641178	6.9273e-163
0.000651235	6.26284e-157
0.000661292	2.69937e-156
0.000671349	1.76469e-150
0.000681406	7.69293e-150
0.000691463	3.63593e-144
0.00070152	1.60344e-143
0.000711577	5.47785e-138
0.000721634	2.44424e-137
0.000731691	6.03463e-132
0.000741748	2.725e-131
0.000751806	4.86109e-126
0.000761863	2.22187e-125
0.00077192	2.86324e-120
0.000781977	1.32495e-119
0.000792034	1.23316e-114
0.000802091	5.77847e-114
0.000812148	3.88346e-109
0.000822205	1.84312e-108
0.000832262	8.94231e-104
0.000842319	4.29957e-103
0.000852376	1.50561e-98
0.000862433	7.33542e-98
0.00087249	1.85354e-93
0.000882547	9.15279e-93
0.000892604	1.66846e-88
0.000902661	8.35238e-88
0.000912718	1.09813e-83
0.000922775	5.57437e-83
0.000932832	5.28463e-79
0.000942889	2.72088e-78
0.000952946	1.8595e-74
0.000963003	9.71295e-74
0.00097306	4.78405e-70
0.000983117	2.53583e-69
0.000993175	8.99947e-66
0.00100323	4.84193e-65
0.00101329	1.23783e-61
0.00102335	6.76153e-61
0.0010334	1.2449e-57
0.00104346	6.90558e-57
0.00105352	9.15474e-54
0.00106357	5.15805e-53
0.00107363	4.92276e-50
0.00108369	2.81775e-49
0.00109374	1.93573e-46
0.0011038	1.12578e-45
0.00111386	5.56657e-43
0.00112392	3.28959e-42
0.00113397	1.1708e-39
0.00114403	7.03028e-39
0.00115409	1.80137e-36
0.00116414	1.09889e-35
0.0011742	2.0279e-33
0.00118426	1.2563e-32
0.00119432	1.67092e-30
0.00120437	1.05054e-29
0.00121443	1.00816e-27
0.00122449	6.42585e-27
0.00123454	4.45708e-25
0.0012446	2.87528e-24
0.00125466	1.44515e-22
0.00126471	9.4126e-22
0.00127477	3.44079e-20
0.00128483	2.25468e-19
0.00129489	6.0258e-18
0.00130494	3.95278e-17
0.001315	7.77952e-16
0.00132506	5.07343e-15
0.00133511	7.42542e-14
0.00134517	4.76955e-13
0.00135523	5.25856e-12
0.00136529	3.28632e-11
0.00137534	2.77465e-10
0.0013854	1.66109e-09
0.00139546	1.09582e-08
0.00140551	6.16722e-08
0.00141557	3.2542e-07
0.00142563	1.68491e-06
0.00143568	7.29592e-06
0.00144574	3.39573e-05
0.0014558	0.000123868
0.00146586	0.000506552
0.00147591	0.0015954
0.00148597	0.00561821
0.00149603	0.0156017
0.00150608	0.046597
0.00151614	0.115898
0.0015262	0.291065
0.00153625	0.654619
0.00154631	1.38071
0.00155637	2.89116
0.00156643	5.26897
0.00157648	9.35369
0.00158654	15.1579
0.0015966	23.1103
0.00160665	33.2812
0.00161671	44.5953
0.00162677	57.1103
0.00163683	68.7362
0.00164688	79.3682
0.00165694	88.4635
0.001667	95.7583
0.00167705	104.117
0.00168711	113.329
0.00169717	128.757
0.00170722	150.381
0.00171728	184.235
0.00172734	230.63
0.0017374	293.555
0.00174745	373.95
0.00175751	468.094
0.00176757	576.996
0.00177762	687.898
0.00178768	800.107
0.00179774	904.187
0.00180779	997.647
0.00181785	1087.45
0.00182791	1172.33
0.00183797	1268.55
0.00184802	1377.92
0.00185808	1508.02
0.00186814	1661.54
0.00187819	1832.25
0.00188825	2021.26
0.00189831	2215.44
0.00190837	2414.41
0.00191842	2603.06
0.00192848	2779.97
0.00193854	2931.44
0.00194859	3054.75
0.00195865	3144.19
0.00196871	3199.33
0.00197876	3212.23
0.00198882	3196.23
0.00199888	3158.69
0.00200894	3092.8
0.00201899	3011.42
0.00202905	2916.92
0.00203911	2818.07
0.00204916	2717.27
0.00205922	2619.25
0.00206928	2526.71
0.00207933	2436.98
0.00208939	2350.77
0.00209945	2262.53
0.00210951	2170.87
0.00211956	2072.85
0.00212962	1967.04
0.00213968	1853.18
0.00214973	1730.26
0.00215979	1600.81
0.00216985	1464.36
0.00217991	1326.66
0.00218996	1189.11
0.00220002	1056.66
0.00221008	931.869
0.00222013	815.576
0.00223019	709.029
0.00224025	611.263
0.0022503	521.992
0.00226036	441.386
0.00227042	369.396
0.00228048	306.318
0.00229053	252.724
0.00230059	207.163
0.00231065	169.484
0.0023207	137.542
0.00233076	110.128
0.00234082	86.4698
0.00235088	65.6293
0.00236093	47.936
0.00237099	33.3988
0.00238105	21.9267
0.0023911	13.684
0.00240116	7.92378
0.00241122	4.29244
0.00242127	2.21229
0.00243133	1.00813
0.00244139	0.472027
0.00245145	0.191307
0.0024615	0.0758363
0.00247156	0.0278122
0.00248162	0.0091107
0.00249167	0.00288831
0.00250173	0.000814182
