3.33898e-05	8.37442e-39
3.59039e-05	4.49495e-37
3.8418e-05	1.77286e-36
4.09322e-05	8.07508e-35
4.34463e-05	3.19035e-34
4.59604e-05	1.22818e-32
4.84746e-05	4.88036e-32
5.09887e-05	1.58913e-30
5.35028e-05	6.34624e-30
5.6017e-05	1.74951e-28
5.85311e-05	7.01513e-28
6.10452e-05	1.63918e-26
6.35594e-05	6.59195e-26
6.60735e-05	1.30738e-24
6.85877e-05	5.26571e-24
7.11018e-05	8.87905e-23
7.36159e-05	3.57579e-22
7.61301e-05	5.13657e-21
7.86442e-05	2.06428e-20
8.11583e-05	2.53216e-19
8.36725e-05	1.01312e-18
8.61866e-05	1.06419e-17
8.87007e-05	4.22724e-17
9.12149e-05	3.81477e-16
9.3729e-05	1.49962e-15
9.62431e-05	1.16704e-14
9.87573e-05	4.52333e-14
0.000101271	3.04881e-13
0.000103786	1.16016e-12
0.0001063	6.80581e-12
0.000108814	2.53045e-11
0.000111328	1.29904e-10
0.000113842	4.69408e-10
0.000116356	2.1215e-09
0.00011887	7.407e-09
0.000121384	2.96635e-08
0.000123899	9.944e-08
0.000126413	3.55324e-07
0.000128927	1.13611e-06
0.000131441	3.64821e-06
0.000133955	1.10502e-05
0.000136469	3.21212e-05
0.000138983	9.15405e-05
0.000141498	0.000242623
0.000144012	0.000646281
0.000146526	0.00157272
0.00014904	0.00389189
0.000151554	0.00875199
0.000154068	0.0200138
0.000156582	0.0418314
0.000159096	0.0880238
0.000161611	0.171849
0.000164125	0.331809
0.000166639	0.624012
0.000169153	1.09467
0.000171667	1.90091
0.000174181	3.09862
0.000176695	4.97119
0.00017921	7.56452
0.000181724	11.2504
0.000184238	16.0291
0.000186752	22.2024
0.000189266	29.7023
0.00019178	38.5191
0.000194294	48.5375
0.000196809	59.2723
0.000199323	70.6355
0.000201837	81.8016
0.000204351	92.8125
0.000206865	103.098
0.000209379	112.898
0.000211893	122.866
0.000214407	133.392
0.000216922	147.148
0.000219436	164.477
0.00022195	189.799
0.000224464	223.182
0.000226978	269.007
0.000229492	327.002
0.000232006	399.062
0.000234521	484.775
0.000237035	582.348
0.000239549	691.533
0.000242063	808.229
0.000244577	932.509
0.000247091	1061.19
0.000249605	1194.57
0.000252119	1333.1
0.000254634	1477.05
0.000257148	1630.72
0.000259662	1794.22
0.000262176	1973.56
0.00026469	2168.66
0.000267204	2384.34
0.000269718	2620.45
0.000272233	2878.28
0.000274747	3157.68
0.000277261	3454.9
0.000279775	3769.88
0.000282289	4093.68
0.000284803	4426.35
0.000287317	4755.88
0.000289831	5082.35
0.000292346	5394.8
0.00029486	5693.22
0.000297374	5970.83
0.000299888	6227.57
0.000302402	6460.75
0.000304916	6670.31
0.00030743	6855.69
0.000309945	7016.81
0.000312459	7154.88
0.000314973	7269.69
0.000317487	7365.93
0.000320001	7443.38
0.000322515	7510.29
0.000325029	7566.72
0.000327544	7620.3
0.000330058	7671.6
0.000332572	7722.2
0.000335086	7772.82
0.0003376	7818.21
0.000340114	7859.61
0.000342628	7879.08
0.000345142	7886.54
0.000347657	7884.49
0.000350171	7849.17
0.000352685	7790.67
0.000355199	7710.66
0.000357713	7612.3
0.000360227	7495.47
0.000362741	7367.12
0.000365256	7228.02
0.00036777	7081.37
0.000370284	6928.28
0.000372798	6765.73
0.000375312	6594.01
0.000377826	6407.87
0.00038034	6206.23
0.000382854	5989.02
0.000385369	5754.85
0.000387883	5511.29
0.000390397	5258.47
0.000392911	5005.52
0.000395425	4754.36
0.000397939	4507.66
0.000400453	4267.28
0.000402968	4028.64
0.000405482	3791.59
0.000407996	3551.43
0.00041051	3306.29
0.000413024	3058.11
0.000415538	2805.54
0.000418052	2556.68
0.000420566	2312.35
0.000423081	2080.75
0.000425595	1864.3
0.000428109	1666.05
0.000430623	1488.13
0.000433137	1328.05
0.000435651	1186.29
0.000438165	1058.27
0.00044068	942.935
0.000443194	837.145
0.000445708	739.494
0.000448222	649.271
0.000450736	565.749
0.00045325	489.416
0.000455764	420.315
0.000458279	358.606
0.000460793	304.54
0.000463307	257.492
0.000465821	217.461
0.000468335	183.425
0.000470849	155.107
0.000473363	131.464
0.000475877	112.092
0.000478392	96.0561
0.000480906	82.8902
0.00048342	71.923
0.000485934	62.6869
0.000488448	54.95
0.000490962	48.412
0.000493476	43.1746
0.000495991	39.0634
0.000498505	36.6333
0.000501019	35.5943
0.000503533	35.2798
0.000506047	36.1765
0.000508561	37.5387
0.000511075	38.9522
0.000513589	39.7381
0.000516104	39.4155
0.000518618	38.4948
0.000521132	36.1484
0.000523646	32.6147
0.00052616	28.386
0.000528674	23.782
0.000531188	19.3193
0.000533703	14.821
