3.33898e-05	1.78459e-17
3.59039e-05	1.30763e-16
3.8418e-05	4.69515e-16
4.09322e-05	3.15285e-15
4.34463e-05	1.08311e-14
4.59604e-05	6.47031e-14
4.84746e-05	2.19087e-13
5.09887e-05	1.16806e-12
5.35028e-05	3.88594e-12
5.6017e-05	1.85557e-11
5.85311e-05	6.04404e-11
6.10452e-05	2.59486e-10
6.35594e-05	8.24388e-10
6.60735e-05	3.19538e-09
6.85877e-05	9.86126e-09
7.11018e-05	3.46611e-08
7.36159e-05	1.03456e-07
7.61301e-05	3.31281e-07
7.86442e-05	9.52008e-07
8.11583e-05	2.79051e-06
8.36725e-05	7.6846e-06
8.61866e-05	2.07194e-05
8.87007e-05	5.44184e-05
9.12149e-05	0.000135619
9.3729e-05	0.000338117
9.62431e-05	0.000782552
9.87573e-05	0.00184353
0.000101271	0.00398037
0.000103786	0.00882192
0.0001063	0.0178432
0.000108814	0.0370587
0.000111328	0.0704763
0.000113842	0.136686
0.000116356	0.251077
0.00011887	0.446914
0.000121384	0.77461
0.000123899	1.28343
0.000126413	2.08352
0.000128927	3.23169
0.000131441	4.90514
0.000133955	7.13625
0.000136469	10.1208
0.000138983	13.822
0.000141498	18.3206
0.000144012	23.4893
0.000146526	29.123
0.00014904	35.0453
0.000151554	40.7017
0.000154068	45.9672
0.000156582	50.2991
0.000159096	53.3787
0.000161611	54.2562
0.000164125	54.5915
0.000166639	53.8014
0.000169153	51.3626
0.000171667	48.8026
0.000174181	46.1571
0.000176695	44.6879
0.00017921	44.0592
0.000181724	44.8142
0.000184238	48.3297
0.000186752	54.1575
0.000189266	62.5054
0.00019178	73.8672
0.000194294	88.3315
0.000196809	106.591
0.000199323	128.738
0.000201837	155.774
0.000204351	187.659
0.000206865	225.105
0.000209379	267.877
0.000211893	315.406
0.000214407	367.37
0.000216922	421.455
0.000219436	477.483
0.00022195	532.282
0.000224464	585.992
0.000226978	636.664
0.000229492	684.718
0.000232006	731.446
0.000234521	777.324
0.000237035	827.409
0.000239549	882.005
0.000242063	948.575
0.000244577	1027.16
0.000247091	1125.25
0.000249605	1242.67
0.000252119	1384.72
0.000254634	1551.15
0.000257148	1743.62
0.000259662	1961.86
0.000262176	2203.1
0.00026469	2467.14
0.000267204	2746.63
0.000269718	3041.49
0.000272233	3340.86
0.000274747	3644.8
0.000277261	3941.67
0.000279775	4231.6
0.000282289	4505.96
0.000284803	4764.83
0.000287317	5005.6
0.000289831	5228.22
0.000292346	5436.59
0.00029486	5630.61
0.000297374	5818.34
0.000299888	5999.72
0.000302402	6183.26
0.000304916	6369.04
0.00030743	6562.79
0.000309945	6764.72
0.000312459	6976.14
0.000314973	7197.35
0.000317487	7424.8
0.000320001	7658.83
0.000322515	7891.06
0.000325029	8121.82
0.000327544	8338.47
0.000330058	8541.15
0.000332572	8714.78
0.000335086	8859.11
0.0003376	8959.7
0.000340114	9015.36
0.000342628	9020.97
0.000345142	8969.43
0.000347657	8863.3
0.000350171	8701.89
0.000352685	8494.8
0.000355199	8241.24
0.000357713	7958.97
0.000360227	7648.34
0.000362741	7328.42
0.000365256	7000.81
0.00036777	6678.57
0.000370284	6363.94
0.000372798	6059.77
0.000375312	5767.77
0.000377826	5482.41
0.00038034	5203.84
0.000382854	4924.95
0.000385369	4644.38
0.000387883	4360.57
0.000390397	4071.86
0.000392911	3784.51
0.000395425	3498.14
0.000397939	3222.79
0.000400453	2959.88
0.000402968	2716.36
0.000405482	2494.52
0.000407996	2294.19
0.00041051	2116.82
0.000413024	1956.79
0.000415538	1813.76
0.000418052	1681.72
0.000420566	1559.12
0.000423081	1443.33
0.000425595	1332.98
0.000428109	1228.8
0.000430623	1130.47
0.000433137	1039.51
0.000435651	956.418
0.000438165	881.289
0.00044068	814.624
0.000443194	754.843
0.000445708	701.874
0.000448222	653.578
0.000450736	609.356
0.00045325	567.642
0.000455764	527.702
0.000458279	488.981
0.000460793	450.983
0.000463307	413.942
0.000465821	377.744
0.000468335	342.866
0.000470849	309.478
0.000473363	277.823
0.000475877	248.106
0.000478392	220.227
0.000480906	194.233
0.00048342	169.925
0.000485934	147.201
0.000488448	126.034
0.000490962	106.335
0.000493476	88.2677
0.000495991	71.8749
0.000498505	57.3001
0.000501019	44.6736
0.000503533	33.942
0.000506047	25.178
0.000508561	18.1337
0.000511075	12.7349
0.000513589	8.66817
0.000516104	5.73782
0.000518618	3.6878
0.000521132	2.29028
0.000523646	1.39163
0.00052616	0.806373
0.000528674	0.46477
0.000531188	0.225586
0.000533703	0.137189
