0.000500379	1.06222e-229
0.000510437	4.05674e-222
0.000520494	1.62269e-221
0.000530551	4.36028e-214
0.000540608	1.76196e-213
0.000550665	3.33059e-206
0.000560722	1.35985e-205
0.000570779	1.80799e-198
0.000580836	7.45971e-198
0.000590893	6.97484e-191
0.00060095	2.90864e-190
0.000611007	1.91221e-183
0.000621064	8.06112e-183
0.000631121	3.72563e-176
0.000641178	1.58795e-175
0.000651235	5.15848e-169
0.000661292	2.22338e-168
0.000671349	5.07576e-162
0.000681406	2.21272e-161
0.000691463	3.54924e-155
0.00070152	1.56521e-154
0.000711577	1.76369e-148
0.000721634	7.86967e-148
0.000731691	6.22812e-142
0.000741748	2.81238e-141
0.000751806	1.56293e-135
0.000761863	7.14376e-135
0.00077192	2.7872e-129
0.000781977	1.28977e-128
0.000792034	3.53215e-123
0.000802091	1.65514e-122
0.000812148	3.18089e-117
0.000822205	1.5097e-116
0.000832262	2.03562e-111
0.000842319	9.78765e-111
0.000852376	9.25715e-106
0.000862433	4.51025e-105
0.00087249	2.9915e-100
0.000882547	1.47726e-99
0.000892604	6.86958e-95
0.000902661	3.43909e-94
0.000912718	1.12098e-89
0.000922775	5.69069e-89
0.000932832	1.29983e-84
0.000942889	6.69297e-84
0.000952946	1.07102e-79
0.000963003	5.59507e-79
0.00097306	6.2709e-75
0.000983117	3.32448e-74
0.000993175	2.60903e-70
0.00100323	1.40403e-69
0.00101329	7.71343e-66
0.00102335	4.21465e-65
0.0010334	1.62045e-61
0.00104346	8.99252e-61
0.00105352	2.41908e-57
0.00106357	1.36376e-56
0.00107363	2.56623e-53
0.00108369	1.47004e-52
0.00109374	1.93458e-49
0.0011038	1.12631e-48
0.00111386	1.03645e-45
0.00112392	6.13385e-45
0.00113397	3.94644e-42
0.00114403	2.37441e-41
0.00115409	1.0681e-38
0.00116414	6.53332e-38
0.0011742	2.05515e-35
0.00118426	1.27785e-34
0.00119432	2.81192e-32
0.00120437	1.77666e-31
0.00121443	2.73683e-29
0.00122449	1.75604e-28
0.00123454	1.89586e-26
0.0012446	1.23395e-25
0.00125466	9.35421e-24
0.00126471	6.16502e-23
0.00127477	3.29089e-21
0.00128483	2.19032e-20
0.00129489	8.26765e-19
0.00130494	5.53476e-18
0.001315	1.48633e-16
0.00132506	9.9501e-16
0.00133511	1.9175e-14
0.00134517	1.27309e-13
0.00135523	1.78168e-12
0.00136529	1.1599e-11
0.00137534	1.19776e-10
0.0013854	7.53072e-10
0.00139546	5.85652e-09
0.00140551	3.48777e-08
0.00141557	2.09432e-07
0.00142563	1.15388e-06
0.00143568	5.50535e-06
0.00144574	2.73214e-05
0.0014558	0.000106778
0.00146586	0.000464158
0.00147591	0.00153064
0.00148597	0.00567654
0.00149603	0.0162085
0.00150608	0.0501836
0.00151614	0.12651
0.0015262	0.322325
0.00153625	0.729279
0.00154631	1.52501
0.00155637	3.14803
0.00156643	5.59487
0.00157648	9.35849
0.00158654	14.4753
0.0015966	20.4214
0.00160665	27.2478
0.00161671	33.3431
0.00162677	38.65
0.00163683	42.5851
0.00164688	44.9549
0.00165694	48.0904
0.001667	51.8718
0.00167705	60.1986
0.00168711	73.1776
0.00169717	93.8382
0.00170722	122.375
0.00171728	160.125
0.00172734	207.306
0.0017374	263.416
0.00174745	328.567
0.00175751	401.228
0.00176757	481.171
0.00177762	568.603
0.00178768	663.075
0.00179774	768.449
0.00180779	884.877
0.00181785	1015.92
0.00182791	1162.93
0.00183797	1320.72
0.00184802	1490.3
0.00185808	1658.78
0.00186814	1824.81
0.00187819	1981
0.00188825	2125.03
0.00189831	2260.39
0.00190837	2386.08
0.00191842	2510.95
0.00192848	2635.58
0.00193854	2768.62
0.00194859	2913.24
0.00195865	3065
0.00196871	3228.48
0.00197876	3376.28
0.00198882	3518.18
0.00199888	3565.12
0.00200894	3562.63
0.00201899	3550.95
0.00202905	3427.87
0.00203911	3254.67
0.00204916	3055.98
0.00205922	2852.16
0.00206928	2653.19
0.00207933	2467.16
0.00208939	2300.35
0.00209945	2146.22
0.00210951	2004.78
0.00211956	1869.9
0.00212962	1739.53
0.00213968	1611.65
0.00214973	1484.83
0.00215979	1359.64
0.00216985	1235.27
0.00217991	1114.89
0.00218996	998.943
0.00220002	891.057
0.00221008	793.133
0.00222013	705.226
0.00223019	628.705
0.00224025	560.072
0.0022503	498.537
0.00226036	441.101
0.00227042	385.861
0.00228048	332.84
0.00229053	281.023
0.00230059	232.453
0.00231065	187.737
0.0023207	148.337
0.00233076	115.565
0.00234082	88.7144
0.00235088	68.184
0.00236093	52.1646
0.00237099	39.7759
0.00238105	30.0255
0.0023911	21.9469
0.00240116	15.4872
0.00241122	10.3488
0.00242127	6.46845
0.00243133	3.80246
0.00244139	2.05085
0.00245145	0.993632
0.0024615	0.480125
0.00247156	0.198915
0.00248162	0.0813766
0.00249167	0.0277637
0.00250173	0.00989267
