0.000166815	7.06771e-16
0.000172682	4.01217e-15
0.000178548	1.39284e-14
0.000184415	7.40765e-14
0.000190282	2.42885e-13
0.000196148	1.1647e-12
0.000202015	3.7481e-12
0.000207881	1.62597e-11
0.000213748	5.11879e-11
0.000219614	2.01616e-10
0.000225481	6.18752e-10
0.000231347	2.22128e-09
0.000237214	6.62087e-09
0.00024308	2.17516e-08
0.000248947	6.27239e-08
0.000254813	1.89377e-07
0.00026068	5.26206e-07
0.000266547	1.46638e-06
0.000272413	3.9101e-06
0.00027828	1.01012e-05
0.000284146	2.57429e-05
0.000290013	6.19179e-05
0.000295879	0.000150217
0.000301746	0.000337823
0.000307612	0.000777247
0.000313479	0.00164094
0.000319345	0.00356785
0.000325212	0.00709789
0.000331078	0.0145389
0.000336945	0.0273472
0.000342812	0.0526325
0.000348678	0.0958814
0.000354545	0.170738
0.000360411	0.295617
0.000366278	0.493073
0.000372144	0.806212
0.000378011	1.26683
0.000383877	1.95359
0.000389744	2.8991
0.00039561	4.21526
0.000401477	5.91706
0.000407343	8.11526
0.00041321	10.7862
0.000419077	13.9673
0.000424943	17.5887
0.00043081	21.5328
0.000436676	25.704
0.000442543	29.8005
0.000448409	33.7481
0.000454276	37.1438
0.000460142	39.9849
0.000466009	42.0792
0.000471875	43.3
0.000477742	43.3976
0.000483608	43.4127
0.000489475	43.2902
0.000495342	43.0222
0.000501208	43.3739
0.000507075	45.1441
0.000512941	48.5092
0.000518808	54.0832
0.000524674	62.2181
0.000530541	72.8795
0.000536407	86.2169
0.000542274	102.104
0.00054814	120.095
0.000554007	140.135
0.000559873	161.579
0.00056574	184.501
0.000571606	208.683
0.000577473	234.292
0.00058334	262.001
0.000589206	291.97
0.000595073	325.686
0.000600939	363.203
0.000606806	406.157
0.000612672	454.466
0.000618539	509.031
0.000624405	569.685
0.000630272	636.003
0.000636138	707.818
0.000642005	783.38
0.000647871	862.592
0.000653738	942.947
0.000659605	1024.45
0.000665471	1104.71
0.000671338	1183.82
0.000677204	1260.4
0.000683071	1334.56
0.000688937	1406.49
0.000694804	1476.27
0.00070067	1545.6
0.000706537	1614.5
0.000712403	1685.49
0.00071827	1758.54
0.000724136	1835.92
0.000730003	1917.6
0.00073587	2004.74
0.000741736	2097.32
0.000747603	2195.15
0.000753469	2298.21
0.000759336	2405.29
0.000765202	2516.39
0.000771069	2629.78
0.000776935	2745.46
0.000782802	2861.24
0.000788668	2977.17
0.000794535	3090.09
0.000800401	3200.08
0.000806268	3302.5
0.000812135	3397.43
0.000818001	3479.15
0.000823868	3547.65
0.000829734	3598.39
0.000835601	3631.82
0.000841467	3636.94
0.000847334	3625.7
0.0008532	3600.22
0.000859067	3548.58
0.000864933	3482.26
0.0008708	3401.95
0.000876666	3313.69
0.000882533	3217.66
0.0008884	3120.16
0.000894266	3021.58
0.000900133	2925.96
0.000905999	2833.74
0.000911866	2746.26
0.000917732	2663.88
0.000923599	2585.74
0.000929465	2512.03
0.000935332	2440.63
0.000941198	2371.55
0.000947065	2302.41
0.000952931	2233.04
0.000958798	2161.56
0.000964665	2087.7
0.000970531	2010.5
0.000976398	1929.7
0.000982264	1845.31
0.000988131	1757.18
0.000993997	1666.15
0.000999864	1572.15
0.00100573	1476.64
0.0010116	1379.65
0.00101746	1283.03
0.00102333	1186.94
0.0010292	1093.31
0.00103506	1002.46
0.00104093	915.908
0.0010468	834.075
0.00105266	757.536
0.00105853	686.655
0.0010644	620.905
0.00107026	560.406
0.00107613	504.022
0.001082	451.566
0.00108786	402.114
0.00109373	355.325
0.00109959	311.013
0.00110546	268.938
0.00111133	229.558
0.00111719	192.879
0.00112306	159.486
0.00112893	129.576
0.00113479	103.393
0.00114066	81.1458
0.00114653	62.606
0.00115239	47.8473
0.00115826	36.3203
0.00116413	27.9346
0.00116999	22.0288
0.00117586	18.0815
0.00118173	16.6763
0.00118759	16.4782
0.00119346	16.4395
0.00119933	17.495
0.00120519	18.9716
0.00121106	20.3423
0.00121693	21.453
0.00122279	22.0516
0.00122866	22.2257
0.00123453	21.7006
0.00124039	20.5677
0.00124626	18.9156
0.00125212	16.9162
0.00125799	14.6595
0.00126386	12.3321
0.00126972	10.0695
0.00127559	7.9639
0.00128146	6.12609
0.00128732	4.55519
0.00129319	3.29895
0.00129906	2.30776
0.00130492	1.57135
0.00131079	1.03567
0.00131666	0.661419
0.00132252	0.411778
0.00132839	0.2336
0.00133426	0.145084
