3.33898e-05	5.50094e-38
3.59039e-05	1.95792e-36
3.8418e-05	7.66666e-36
4.09322e-05	2.37617e-34
4.34463e-05	9.2876e-34
4.59604e-05	2.49092e-32
4.84746e-05	9.77983e-32
5.09887e-05	2.27168e-30
5.35028e-05	8.95144e-30
5.6017e-05	1.80264e-28
5.85311e-05	7.12185e-28
6.10452e-05	1.24491e-26
6.35594e-05	4.92535e-26
6.60735e-05	7.48384e-25
6.85877e-05	2.96096e-24
7.11018e-05	3.91728e-23
7.36159e-05	1.54734e-22
7.61301e-05	1.78584e-21
7.86442e-05	7.02928e-21
8.11583e-05	7.09314e-20
8.36725e-05	2.776e-19
8.61866e-05	2.45543e-18
8.87007e-05	9.53072e-18
9.12149e-05	7.41103e-17
9.3729e-05	2.8448e-16
9.62431e-05	1.95108e-15
9.87573e-05	7.38284e-15
0.000101271	4.48238e-14
0.000103786	1.66598e-13
0.0001063	8.99045e-13
0.000108814	3.2691e-12
0.000111328	1.57506e-11
0.000113842	5.57889e-11
0.000116356	2.41134e-10
0.00011887	8.28109e-10
0.000121384	3.22746e-09
0.000123899	1.06935e-08
0.000126413	3.77823e-08
0.000128927	1.20153e-07
0.000131441	3.86996e-07
0.000133955	1.17504e-06
0.000136469	3.46946e-06
0.000138983	1.00048e-05
0.000141498	2.72319e-05
0.000144012	7.41976e-05
0.000146526	0.000187182
0.00014904	0.000479539
0.000151554	0.001127
0.000154068	0.00270274
0.000156582	0.00594522
0.000159096	0.0132957
0.000161611	0.0274882
0.000164125	0.0571531
0.000166639	0.111453
0.000169153	0.215003
0.000171667	0.404073
0.000174181	0.718541
0.000176695	1.27014
0.00017921	2.11152
0.000181724	3.48395
0.000184238	5.45348
0.000186752	8.42242
0.000189266	12.453
0.00019178	18.0804
0.000194294	25.3429
0.000196809	34.8011
0.000199323	46.4674
0.000201837	60.8155
0.000204351	77.8544
0.000206865	97.9743
0.000209379	121.206
0.000211893	147.996
0.000214407	178.395
0.000216922	213.043
0.000219436	251.99
0.00022195	296.064
0.000224464	345.31
0.000226978	400.695
0.000229492	462.27
0.000232006	531.222
0.000234521	607.601
0.000237035	692.893
0.000239549	787.107
0.000242063	891.74
0.000244577	1006.73
0.000247091	1132.93
0.000249605	1270.23
0.000252119	1418.39
0.000254634	1577.35
0.000257148	1746.18
0.000259662	1924.89
0.000262176	2112.74
0.00026469	2309.77
0.000267204	2515.98
0.000269718	2731.38
0.000272233	2956.36
0.000274747	3190.88
0.000277261	3434.81
0.000279775	3688.12
0.000282289	3949.31
0.000284803	4218.37
0.000287317	4491.99
0.000289831	4770.21
0.000292346	5048.28
0.00029486	5326.25
0.000297374	5599.19
0.000299888	5867.11
0.000302402	6126.12
0.000304916	6376.21
0.00030743	6614.28
0.000309945	6840.34
0.000312459	7050.76
0.000314973	7245.56
0.000317487	7420.6
0.000320001	7575.72
0.000322515	7709.24
0.000325029	7820.71
0.000327544	7914.26
0.000330058	7989.48
0.000332572	8055.55
0.000335086	8112.65
0.0003376	8168.84
0.000340114	8225.15
0.000342628	8281.01
0.000345142	8337.76
0.000347657	8383.33
0.000350171	8418.15
0.000352685	8424.22
0.000355199	8396.49
0.000357713	8334.35
0.000360227	8215.08
0.000362741	8042.86
0.000365256	7818.07
0.00036777	7549.18
0.000370284	7234.77
0.000372798	6896.45
0.000375312	6534.81
0.000377826	6173.74
0.00038034	5815.87
0.000382854	5477.9
0.000385369	5163.49
0.000387883	4876.15
0.000390397	4618.8
0.000392911	4382.61
0.000395425	4168.12
0.000397939	3961.7
0.000400453	3761.31
0.000402968	3558.13
0.000405482	3349.07
0.000407996	3135.16
0.00041051	2914.59
0.000413024	2695.59
0.000415538	2478.8
0.000418052	2272.66
0.000420566	2079.49
0.000423081	1902.49
0.000425595	1743.82
0.000428109	1600.76
0.000430623	1473.94
0.000433137	1357.73
0.000435651	1251.11
0.000438165	1149.41
0.00044068	1050.82
0.000443194	953.879
0.000445708	857.195
0.000448222	762.345
0.000450736	669.071
0.00045325	580.196
0.000455764	496.493
0.000458279	420.027
0.000460793	351.922
0.000463307	292.457
0.000465821	242.366
0.000468335	200.348
0.000470849	166.379
0.000473363	138.534
0.000475877	116.144
0.000478392	97.6327
0.000480906	82.1201
0.00048342	68.8203
0.000485934	57.0684
0.000488448	46.7148
0.000490962	37.4742
0.000493476	29.4102
0.000495991	22.4991
0.000498505	16.7148
0.000501019	12.0815
0.000503533	8.43562
0.000506047	5.72473
0.000508561	3.74591
0.000511075	2.3742
0.000513589	1.45645
0.000516104	0.857145
0.000518618	0.494592
0.000521132	0.266719
0.000523646	0.146642
0.00052616	0.0725676
0.000528674	0.0379075
0.000531188	0.0158732
0.000533703	0.0085284
