3.33898e-05	4.40068e-33
3.59039e-05	1.18257e-31
3.8418e-05	4.59824e-31
4.09322e-05	1.07742e-29
4.34463e-05	4.16536e-29
4.59604e-05	8.4404e-28
4.84746e-05	3.27119e-27
5.09887e-05	5.73929e-26
5.35028e-05	2.22718e-25
5.6017e-05	3.38818e-24
5.85311e-05	1.31464e-23
6.10452e-05	1.737e-22
6.35594e-05	6.72764e-22
6.60735e-05	7.73536e-21
6.85877e-05	2.98494e-20
7.11018e-05	2.99331e-19
7.36159e-05	1.14824e-18
7.61301e-05	1.00686e-17
7.86442e-05	3.82969e-17
8.11583e-05	2.94507e-16
8.36725e-05	1.1075e-15
8.61866e-05	7.49405e-15
8.87007e-05	2.77711e-14
9.12149e-05	1.65966e-13
9.3729e-05	6.03846e-13
9.62431e-05	3.20038e-12
9.87573e-05	1.1386e-11
0.000101271	5.376e-11
0.000103786	1.8619e-10
0.0001063	7.87012e-10
0.000108814	2.64069e-09
0.000111328	1.00449e-08
0.000113842	3.24863e-08
0.000116356	1.11818e-07
0.00011887	3.46704e-07
0.000121384	1.08594e-06
0.000123899	3.21041e-06
0.000126413	9.20292e-06
0.000128927	2.57981e-05
0.000131441	6.8066e-05
0.000133955	0.000179949
0.000136469	0.000439385
0.000138983	0.00108989
0.000141498	0.00247551
0.000144012	0.00573422
0.000146526	0.0121723
0.00014904	0.0262224
0.000151554	0.0522358
0.000154068	0.104312
0.000156582	0.198086
0.000159096	0.364023
0.000161611	0.657391
0.000164125	1.11631
0.000166639	1.87496
0.000169153	2.98135
0.000171667	4.66499
0.000174181	6.96997
0.000176695	10.1972
0.00017921	14.3715
0.000181724	19.7864
0.000184238	26.4558
0.000186752	34.614
0.000189266	44.3076
0.00019178	55.8321
0.000194294	69.3108
0.000196809	85.4217
0.000199323	104.342
0.000201837	127.384
0.000204351	154.66
0.000206865	187.836
0.000209379	226.822
0.000211893	272.625
0.000214407	324.941
0.000216922	382.936
0.000219436	446.268
0.00022195	512.06
0.000224464	580.205
0.000226978	647.344
0.000229492	713.722
0.000232006	778.108
0.000234521	840.925
0.000237035	904.608
0.000239549	969.449
0.000242063	1040.47
0.000244577	1117.67
0.000247091	1205.85
0.000249605	1304.86
0.000252119	1417.36
0.000254634	1543.24
0.000257148	1683.46
0.000259662	1838.01
0.000262176	2007.76
0.00026469	2192.7
0.000267204	2394.08
0.000269718	2611.87
0.000272233	2846.34
0.000274747	3097.45
0.000277261	3362.74
0.000279775	3642.21
0.000282289	3930.41
0.000284803	4227.4
0.000287317	4526.67
0.000289831	4828.24
0.000292346	5127.16
0.00029486	5423.4
0.000297374	5714.55
0.000299888	6000.59
0.000302402	6280.34
0.000304916	6553.86
0.00030743	6819.08
0.000309945	7076.11
0.000312459	7320.76
0.000314973	7553.16
0.000317487	7767.31
0.000320001	7963.24
0.000322515	8134.82
0.000325029	8281.87
0.000327544	8400.48
0.000330058	8490.27
0.000332572	8551.54
0.000335086	8584.38
0.0003376	8588.31
0.000340114	8569.59
0.000342628	8529.95
0.000345142	8469.16
0.000347657	8389.91
0.000350171	8292.78
0.000352685	8175.71
0.000355199	8038.97
0.000357713	7878.17
0.000360227	7692.86
0.000362741	7481.04
0.000365256	7241.66
0.00036777	6979.23
0.000370284	6692.87
0.000372798	6393.63
0.000375312	6081.65
0.000377826	5770.22
0.00038034	5460.64
0.000382854	5163.02
0.000385369	4879.21
0.000387883	4613.2
0.000390397	4366.52
0.000392911	4137.53
0.000395425	3926.95
0.000397939	3729.66
0.000400453	3545.55
0.000402968	3368.13
0.000405482	3196.58
0.000407996	3025.13
0.00041051	2852.37
0.000413024	2675.74
0.000415538	2493.68
0.000418052	2308.58
0.000420566	2119.65
0.000423081	1933.28
0.000425595	1750.21
0.000428109	1577.12
0.000430623	1416
0.000433137	1269.84
0.000435651	1140.64
0.000438165	1026.41
0.00044068	927.854
0.000443194	840.116
0.000445708	762.244
0.000448222	690.016
0.000450736	621.673
0.00045325	555.777
0.000455764	491.001
0.000458279	428.439
0.000460793	367.857
0.000463307	311.163
0.000465821	258.985
0.000468335	212.529
0.000470849	172.597
0.000473363	139.179
0.000475877	112.726
0.000478392	92.2555
0.000480906	77.7048
0.00048342	67.6044
0.000485934	61.4444
0.000488448	57.7521
0.000490962	55.7416
0.000493476	54.3714
0.000495991	52.8321
0.000498505	50.7674
0.000501019	47.6306
0.000503533	43.669
0.000506047	38.7636
0.000508561	33.4053
0.000511075	27.8272
0.000513589	22.3965
0.000516104	17.4504
0.000518618	13.0851
0.000521132	9.51748
0.000523646	6.64741
0.00052616	4.50334
0.000528674	2.93413
0.000531188	1.79109
0.000533703	1.12514
