0.000500379	5.65177e-99
0.000507922	8.17908e-95
0.000515465	3.27146e-94
0.000523008	3.57671e-90
0.00053055	1.44518e-89
0.000538093	1.19348e-85
0.000545636	4.87224e-85
0.000553179	3.03881e-81
0.000560721	1.25359e-80
0.000568264	5.90406e-77
0.000575807	2.46155e-76
0.00058335	8.75299e-73
0.000590892	3.68879e-72
0.000598435	9.90197e-69
0.000605978	4.21872e-68
0.000613521	8.54769e-65
0.000621063	3.68215e-64
0.000628606	5.63042e-61
0.000636149	2.4527e-60
0.000643692	2.83011e-57
0.000651234	1.24684e-56
0.000658777	1.08553e-53
0.00066632	4.83726e-53
0.000673862	3.17741e-50
0.000681405	1.43223e-49
0.000688948	7.09756e-47
0.000696491	3.23629e-46
0.000704033	1.20997e-43
0.000711576	5.58094e-43
0.000719119	1.57433e-40
0.000726662	7.34502e-40
0.000734204	1.56358e-37
0.000741747	7.37744e-37
0.00074929	1.1855e-34
0.000756833	5.65521e-34
0.000764375	6.86314e-32
0.000771918	3.30845e-31
0.000779461	3.0345e-29
0.000787004	1.4772e-28
0.000794546	1.02503e-26
0.000802089	5.03382e-26
0.000809632	2.64642e-24
0.000817175	1.30921e-23
0.000824717	5.22523e-22
0.00083226	2.59891e-21
0.000839803	7.89595e-20
0.000847345	3.93782e-19
0.000854888	9.14069e-18
0.000862431	4.5544e-17
0.000869974	8.11652e-16
0.000877516	4.02114e-15
0.000885059	5.53668e-14
0.000892602	2.71055e-13
0.000900145	2.90693e-12
0.000907687	1.39513e-11
0.00091523	1.17727e-10
0.000922773	5.48412e-10
0.000930316	3.68666e-09
0.000937858	1.64683e-08
0.000945401	8.94953e-08
0.000952944	3.77911e-07
0.000960487	1.68814e-06
0.000968029	6.63038e-06
0.000975572	2.47912e-05
0.000983115	8.89956e-05
0.000990658	0.00028378
0.0009982	0.000914647
0.00100574	0.00253258
0.00101329	0.00720615
0.00102083	0.0176085
0.00102837	0.0435959
0.00103591	0.0952423
0.00104346	0.203044
0.001051	0.414158
0.00105854	0.756319
0.00106608	1.34113
0.00107363	2.16827
0.00108117	3.3361
0.00108871	4.83228
0.00109626	6.63352
0.0011038	8.74462
0.00111134	11.1558
0.00111888	13.9025
0.00112643	17.3182
0.00113397	21.4237
0.00114151	26.7942
0.00114906	33.3996
0.0011566	41.407
0.00116414	50.7907
0.00117168	61.2717
0.00117923	72.8827
0.00118677	85.9074
0.00119431	100.384
0.00120185	117.524
0.0012094	137.317
0.00121694	160.828
0.00122448	188.033
0.00123203	219.219
0.00123957	254.382
0.00124711	293.651
0.00125465	337.025
0.0012622	384.868
0.00126974	437.173
0.00127728	494.589
0.00128482	557.102
0.00129237	625.792
0.00129991	700.672
0.00130745	782.16
0.001315	870.329
0.00132254	963.596
0.00133008	1061.97
0.00133762	1163.76
0.00134517	1268.79
0.00135271	1378.51
0.00136025	1492.83
0.00136779	1614.5
0.00137534	1743.83
0.00138288	1879.42
0.00139042	2021.61
0.00139797	2164.85
0.00140551	2308.95
0.00141305	2450.28
0.00142059	2588.46
0.00142814	2723.1
0.00143568	2854.47
0.00144322	2979.28
0.00145076	3098.11
0.00145831	3202.07
0.00146585	3290.87
0.00147339	3356.94
0.00148094	3400.71
0.00148848	3409.76
0.00149602	3398.84
0.00150356	3373.64
0.00151111	3322.61
0.00151865	3257.31
0.00152619	3179.79
0.00153373	3093.55
0.00154128	2998.93
0.00154882	2900.34
0.00155636	2798.11
0.00156391	2696.83
0.00157145	2597.1
0.00157899	2502.33
0.00158653	2413.42
0.00159408	2330.79
0.00160162	2255.41
0.00160916	2183.5
0.0016167	2115.23
0.00162425	2044.67
0.00163179	1970.64
0.00163933	1890.04
0.00164688	1801.3
0.00165442	1706.15
0.00166196	1604.12
0.0016695	1498.88
0.00167705	1391.02
0.00168459	1283.48
0.00169213	1177.04
0.00169968	1073.7
0.00170722	974.111
0.00171476	879.532
0.0017223	790.547
0.00172985	707.447
0.00173739	630.58
0.00174493	559.507
0.00175247	494.215
0.00176002	434.236
0.00176756	379.355
0.0017751	329.532
0.00178265	284.679
0.00179019	244.888
0.00179773	210.302
0.00180527	180.491
0.00181282	155.515
0.00182036	134.397
0.0018279	116.833
0.00183544	101.96
0.00184299	89.3143
0.00185053	78.4531
0.00185807	69.0915
0.00186562	60.8596
0.00187316	53.5583
0.0018807	46.7945
0.00188824	40.2536
0.00189579	33.9165
0.00190333	27.5742
0.00191087	21.5933
0.00191841	16.1164
0.00192596	11.3787
0.0019335	7.64538
0.00194104	4.78374
0.00194859	2.84667
0.00195613	1.57408
0.00196367	0.797737
0.00197121	0.40283
0.00197876	0.177395
0.0019863	0.0795928
0.00199384	0.0289645
0.00200138	0.0120884
