0.000166815	1.66888e-44
0.00017352	1.41704e-42
0.000180225	5.6181e-42
0.000186929	4.01076e-40
0.000193634	1.59766e-39
0.000200339	9.565e-38
0.000207043	3.83806e-37
0.000213748	1.9279e-35
0.000220453	7.78883e-35
0.000227157	3.28462e-33
0.000233862	1.33527e-32
0.000240566	4.731e-31
0.000247271	1.93377e-30
0.000253976	5.762e-29
0.00026068	2.36584e-28
0.000267385	5.93533e-27
0.00027409	2.44518e-26
0.000280794	5.17231e-25
0.000287499	2.13497e-24
0.000294204	3.81443e-23
0.000300908	1.57483e-22
0.000307613	2.38146e-21
0.000314317	9.81397e-21
0.000321022	1.25924e-19
0.000327727	5.16701e-19
0.000334431	5.64209e-18
0.000341136	2.29843e-17
0.000347841	2.14326e-16
0.000354545	8.63856e-16
0.00036125	6.90681e-15
0.000367955	2.74342e-14
0.000374659	1.88945e-13
0.000381364	7.36231e-13
0.000388068	4.39085e-12
0.000394773	1.66973e-11
0.000401478	8.67421e-11
0.000408182	3.20063e-10
0.000414887	1.45776e-09
0.000421592	5.18615e-09
0.000428296	2.0855e-08
0.000435001	7.10482e-08
0.000441706	2.54131e-07
0.00044841	8.23114e-07
0.000455115	2.63905e-06
0.000461819	8.06668e-06
0.000468524	2.33635e-05
0.000475229	6.69e-05
0.000481933	0.000176372
0.000488638	0.000469757
0.000495343	0.00113546
0.000502047	0.00279463
0.000508752	0.00623399
0.000515457	0.0140982
0.000522161	0.0291892
0.000528866	0.060382
0.000535571	0.117675
0.000542275	0.221283
0.00054898	0.40903
0.000555684	0.700166
0.000562389	1.18454
0.000569094	1.87979
0.000575798	2.9192
0.000582503	4.30604
0.000589208	6.16332
0.000595912	8.46921
0.000602617	11.237
0.000609322	14.4274
0.000616026	17.8746
0.000622731	21.5485
0.000629435	25.1597
0.00063614	28.7128
0.000642845	31.98
0.000649549	35.0038
0.000656254	37.8203
0.000662959	40.4913
0.000669663	43.4133
0.000676368	46.6431
0.000683073	50.8911
0.000689777	56.195
0.000696482	63.4419
0.000703186	72.6524
0.000709891	84.7663
0.000716596	99.7988
0.0007233	118.728
0.000730005	141.57
0.00073671	169.4
0.000743414	202.218
0.000750119	241.115
0.000756824	286.064
0.000763528	337.805
0.000770233	396.295
0.000776937	461.552
0.000783642	533.548
0.000790347	611.65
0.000797051	695.855
0.000803756	785.352
0.000810461	880.146
0.000817165	979.412
0.00082387	1083.15
0.000830575	1190.02
0.000837279	1300.03
0.000843984	1410.98
0.000850689	1522.89
0.000857393	1633.49
0.000864098	1742.76
0.000870802	1849.6
0.000877507	1953.96
0.000884212	2055.82
0.000890916	2155.18
0.000897621	2251.79
0.000904326	2345.69
0.00091103	2435.95
0.000917735	2522.53
0.00092444	2605.17
0.000931144	2683.76
0.000937849	2760.03
0.000944553	2833.91
0.000951258	2908.08
0.000957963	2982.75
0.000964667	3058.32
0.000971372	3135.24
0.000978077	3209.23
0.000984781	3280.6
0.000991486	3341.95
0.000998191	3393.84
0.0010049	3422.62
0.0010116	3435.64
0.0010183	3435.4
0.00102501	3407.16
0.00103171	3360.23
0.00103842	3295.92
0.00104512	3218.37
0.00105183	3127.79
0.00105853	3029.19
0.00106524	2923.02
0.00107194	2812.9
0.00107865	2699.18
0.00108535	2584.62
0.00109206	2469.5
0.00109876	2356.12
0.00110546	2244.87
0.00111217	2136.84
0.00111887	2032.53
0.00112558	1930.97
0.00113228	1832.36
0.00113899	1734.67
0.00114569	1637.46
0.0011524	1540.28
0.0011591	1442.44
0.00116581	1346.45
0.00117251	1252.28
0.00117922	1163.5
0.00118592	1081.04
0.00119263	1006.06
0.00119933	939.663
0.00120603	879.301
0.00121274	825.121
0.00121944	773.124
0.00122615	722.286
0.00123285	670.551
0.00123956	616.647
0.00124626	561.744
0.00125297	505.418
0.00125967	450.505
0.00126638	397.663
0.00127308	348.93
0.00127979	305.35
0.00128649	266.996
0.00129319	234.449
0.0012999	206.397
0.0013066	182.682
0.00131331	161.854
0.00132001	143.332
0.00132672	126.325
0.00133342	110.287
0.00134013	95.1482
0.00134683	80.6589
0.00135354	67.1178
0.00136024	54.5664
0.00136695	43.2784
0.00137365	33.4268
0.00138035	25.0391
0.00138706	18.2383
0.00139376	12.8155
0.00140047	8.74857
0.00140717	5.74141
0.00141388	3.65069
0.00142058	2.2339
0.00142729	1.31352
0.00143399	0.750592
0.0014407	0.401221
0.0014474	0.217362
0.00145411	0.105891
0.00146081	0.0540414
0.00146752	0.0245011
0.00147422	0.0114816
0.00148092	0.00487086
0.00148763	0.00208009
0.00149433	0.000760616
0.00150104	0.000320793
