0.000100103	8.77164e-15
0.000103622	4.26486e-14
0.000107142	1.4428e-13
0.000110662	6.68148e-13
0.000114182	2.11671e-12
0.000117702	8.92765e-12
0.000121222	2.76989e-11
0.000124742	1.06743e-10
0.000128261	3.23314e-10
0.000131781	1.14229e-09
0.000135301	3.36642e-09
0.000138821	1.09431e-08
0.000142341	3.12692e-08
0.000145861	9.38675e-08
0.000149381	2.59118e-07
0.0001529	7.2105e-07
0.00015642	1.91578e-06
0.00015994	4.96066e-06
0.00016346	1.26385e-05
0.00016698	3.05681e-05
0.0001705	7.44048e-05
0.00017402	0.000168718
0.000177539	0.000390943
0.000181059	0.000834085
0.000184579	0.00183359
0.000188099	0.00369305
0.000191619	0.00767818
0.000195139	0.0146436
0.000198659	0.0287138
0.000202178	0.0526414
0.000205698	0.0963281
0.000209218	0.169805
0.000212738	0.289958
0.000216258	0.484317
0.000219778	0.779543
0.000223298	1.23142
0.000226817	1.87352
0.000230337	2.79686
0.000233857	4.03049
0.000237377	5.68836
0.000240897	7.77803
0.000244417	10.3941
0.000247937	13.5114
0.000251456	17.1448
0.000254976	21.2441
0.000258496	25.7076
0.000262016	30.4876
0.000265536	35.3978
0.000269056	40.4216
0.000272576	45.3851
0.000276095	50.3086
0.000279615	55.1251
0.000283135	59.8738
0.000286655	64.6157
0.000290175	69.3938
0.000293695	74.3618
0.000297214	79.5815
0.000300734	85.3167
0.000304254	91.6795
0.000307774	99.1874
0.000311294	108.006
0.000314814	119.082
0.000318334	132.581
0.000321853	149.854
0.000325373	170.982
0.000328893	197.358
0.000332413	228.924
0.000335933	266.535
0.000339453	310.022
0.000342973	359.267
0.000346492	414.093
0.000350012	473.461
0.000353532	537.284
0.000357052	604.188
0.000360572	674.217
0.000364092	746.449
0.000367612	821.014
0.000371131	897.974
0.000374651	977.465
0.000378171	1060.53
0.000381691	1147.26
0.000385211	1239.26
0.000388731	1336.56
0.000392251	1440.9
0.00039577	1552.28
0.00039929	1672.4
0.00040281	1801.25
0.00040633	1940.47
0.00040985	2090.04
0.00041337	2251.34
0.00041689	2424.3
0.000420409	2609.31
0.000423929	2806.24
0.000427449	3013.38
0.000430969	3230.63
0.000434489	3453.42
0.000438009	3681.73
0.000441529	3908.49
0.000445048	4133.72
0.000448568	4349.21
0.000452088	4555
0.000455608	4743.54
0.000459128	4914.84
0.000462648	5063.53
0.000466168	5189.57
0.000469687	5290.78
0.000473207	5367.06
0.000476727	5420.84
0.000480247	5452.43
0.000483767	5456.7
0.000487287	5449.77
0.000490807	5433.97
0.000494326	5402.82
0.000497846	5367.91
0.000501366	5329.71
0.000504886	5292.8
0.000508406	5257.51
0.000511926	5224.97
0.000515446	5195.54
0.000518965	5166.53
0.000522485	5138.15
0.000526005	5105.44
0.000529525	5068.37
0.000533045	5021.7
0.000536565	4965.16
0.000540085	4895.03
0.000543604	4810.88
0.000547124	4711.64
0.000550644	4596.85
0.000554164	4468.45
0.000557684	4326.13
0.000561204	4174.11
0.000564724	4012.42
0.000568243	3845.91
0.000571763	3674.96
0.000575283	3503.31
0.000578803	3331.48
0.000582323	3161.33
0.000585843	2993.26
0.000589362	2827.79
0.000592882	2665.04
0.000596402	2505.38
0.000599922	2348.76
0.000603442	2196.06
0.000606962	2047.29
0.000610482	1903.65
0.000614001	1765.28
0.000617521	1633.07
0.000621041	1507.23
0.000624561	1388.01
0.000628081	1275.54
0.000631601	1169.6
0.000635121	1070.2
0.00063864	977.034
0.00064216	890.03
0.00064568	808.982
0.0006492	733.846
0.00065272	664.435
0.00065624	600.741
0.00065976	542.456
0.000663279	489.56
0.000666799	441.604
0.000670319	398.514
0.000673839	359.793
0.000677359	325.324
0.000680879	294.635
0.000684399	267.603
0.000687918	243.75
0.000691438	222.958
0.000694958	204.692
0.000698478	188.801
0.000701998	174.747
0.000705518	162.319
0.000709038	151.131
0.000712557	140.954
0.000716077	131.67
0.000719597	123.131
0.000723117	115.436
0.000726637	108.58
0.000730157	102.666
0.000733677	97.7911
0.000737196	93.8404
0.000740716	90.8763
0.000744236	88.5153
0.000747756	86.6561
0.000751276	84.8149
0.000754796	82.7156
0.000758316	80.0415
0.000761835	76.4747
0.000765355	72.0332
0.000768875	66.5435
0.000772395	60.313
0.000775915	53.415
0.000779435	46.2441
0.000782955	39.068
0.000786474	32.1669
0.000789994	25.8472
0.000793514	20.1919
0.000797034	15.4005
0.000800554	11.4046
