0.000100103	7.9257e-08
0.00010312	1.94007e-07
0.000106137	5.38256e-07
0.000109154	1.34669e-06
0.000112171	3.31567e-06
0.000115188	7.80887e-06
0.000118205	1.85294e-05
0.000121222	4.12013e-05
0.000124239	9.39663e-05
0.000127256	0.000197846
0.000130273	0.000432556
0.00013329	0.000864851
0.000136307	0.00180826
0.000139324	0.00344268
0.000142341	0.00686882
0.000145358	0.0124849
0.000148375	0.023727
0.000151392	0.0420546
0.000154408	0.0748955
0.000157425	0.12781
0.000160442	0.215603
0.000163459	0.353021
0.000166476	0.566821
0.000169493	0.889695
0.00017251	1.36446
0.000175527	2.05374
0.000178544	3.01835
0.000181561	4.36319
0.000184578	6.16609
0.000187595	8.58307
0.000190612	11.7064
0.000193629	15.7478
0.000196646	20.8113
0.000199663	27.1677
0.00020268	34.928
0.000205697	44.4243
0.000208714	55.7573
0.000211731	69.3046
0.000214748	85.1194
0.000217765	103.553
0.000220782	124.563
0.000223799	148.323
0.000226816	174.678
0.000229833	203.443
0.00023285	234.403
0.000235867	266.953
0.000238884	300.949
0.000241901	335.589
0.000244918	370.936
0.000247935	406.517
0.000250952	442.65
0.000253969	479.775
0.000256986	518.377
0.000260003	560.075
0.00026302	605.318
0.000266037	656.591
0.000269054	714.102
0.000272071	780.353
0.000275088	855.22
0.000278105	940.188
0.000281122	1034.85
0.000284139	1138.92
0.000287156	1251.87
0.000290173	1371.46
0.00029319	1497.24
0.000296207	1625.57
0.000299224	1756.23
0.000302241	1885.3
0.000305258	2012.85
0.000308275	2136
0.000311292	2255.04
0.000314309	2369.13
0.000317326	2478.61
0.000320343	2584.75
0.00032336	2687.76
0.000326377	2790.15
0.000329394	2891.93
0.000332411	2995.4
0.000335428	3100.41
0.000338445	3208.01
0.000341462	3318.05
0.000344479	3430.23
0.000347496	3544.49
0.000350513	3660.1
0.00035353	3777.12
0.000356547	3895.53
0.000359564	4015.43
0.000362581	4138
0.000365598	4263.27
0.000368615	4392.95
0.000371632	4526.98
0.000374649	4666.05
0.000377666	4810.03
0.000380683	4957.06
0.0003837	5107.04
0.000386717	5255.08
0.000389734	5401.16
0.000392751	5538.37
0.000395768	5666.75
0.000398785	5779.4
0.000401802	5876.37
0.000404819	5953.85
0.000407836	6011.95
0.000410853	6036.91
0.00041387	6047.15
0.000416887	6043.51
0.000419904	6007.97
0.000422921	5954.09
0.000425938	5882.26
0.000428955	5795.2
0.000431972	5692.87
0.000434989	5579.45
0.000438006	5454.96
0.000441023	5323
0.00044404	5183.63
0.000447057	5039.32
0.000450074	4890.18
0.000453091	4737.67
0.000456108	4581.84
0.000459125	4423.89
0.000462142	4263.79
0.000465159	4103.28
0.000468176	3942.31
0.000471193	3783.32
0.00047421	3626.36
0.000477227	3473.93
0.000480244	3326.21
0.000483261	3184.7
0.000486278	3049.68
0.000489295	2920.96
0.000492312	2798.77
0.000495329	2681.4
0.000498346	2568.89
0.000501363	2458.86
0.00050438	2351.14
0.000507397	2243.76
0.000510414	2136.4
0.000513431	2028.21
0.000516448	1918.89
0.000519465	1808.86
0.000522482	1697.94
0.000525499	1587.44
0.000528516	1477.4
0.000531533	1369.43
0.00053455	1263.7
0.000537567	1161.63
0.000540584	1063.45
0.000543601	970.127
0.000546618	881.874
0.000549635	799.173
0.000552652	722.189
0.000555669	651.021
0.000558686	585.775
0.000561703	526.218
0.00056472	472.407
0.000567737	423.791
0.000570754	380.355
0.000573771	341.312
0.000576788	306.546
0.000579805	275.226
0.000582822	247.15
0.000585839	221.667
0.000588856	198.551
0.000591873	177.448
0.00059489	158.19
0.000597907	140.661
0.000600924	124.784
0.000603941	110.531
0.000606958	97.8898
0.000609975	86.7967
0.000612992	77.2525
0.000616009	69.1199
0.000619026	62.3785
0.000622043	56.8351
0.00062506	52.4424
0.000628077	48.9684
0.000631094	46.3416
0.000634111	44.3018
0.000637128	42.7486
0.000640145	41.4257
0.000643162	40.2027
0.000646179	38.8908
0.000649196	37.352
0.000652213	35.5237
0.00065523	33.306
0.000658247	30.7704
0.000661264	27.895
0.000664281	24.8301
0.000667298	21.6358
0.000670315	18.4593
0.000673332	15.4057
0.000676349	12.5597
0.000679366	10.0181
0.000682383	7.79147
0.0006854	5.93098
0.000688417	4.39765
0.000691434	3.19054
0.000694451	2.25569
0.000697468	1.53594
0.000700485	1.05086
