0.000100103	4.25296e-14
0.000103622	2.00651e-13
0.000107142	6.75015e-13
0.000110662	3.03449e-12
0.000114182	9.5351e-12
0.000117702	3.90099e-11
0.000121222	1.19878e-10
0.000124742	4.47848e-10
0.000128261	1.34145e-09
0.000131781	4.59255e-09
0.000135301	1.33614e-08
0.000138821	4.20763e-08
0.000142341	1.18467e-07
0.000145861	3.44476e-07
0.000149381	9.3506e-07
0.0001529	2.52047e-06
0.00015642	6.57071e-06
0.00015994	1.64833e-05
0.00016346	4.11109e-05
0.00016698	9.63544e-05
0.0001705	0.000229045
0.00017402	0.00050345
0.000177539	0.00113648
0.000181059	0.00235111
0.000184579	0.00502285
0.000188099	0.00981238
0.000191619	0.0197774
0.000195139	0.0366558
0.000198659	0.0694311
0.000202178	0.125015
0.000205698	0.219011
0.000209218	0.373721
0.000212738	0.615283
0.000216258	0.992362
0.000219778	1.54039
0.000223298	2.34469
0.000226817	3.43902
0.000230337	4.93846
0.000233857	6.85507
0.000237377	9.2932
0.000240897	12.2248
0.000244417	15.6726
0.000247937	19.5697
0.000251456	23.7961
0.000254976	28.2763
0.000258496	32.7582
0.000262016	37.2021
0.000265536	41.3338
0.000269056	45.1763
0.000272576	48.5899
0.000276095	51.651
0.000279615	54.4571
0.000283135	57.1059
0.000286655	59.928
0.000290175	63.0159
0.000293695	66.8615
0.000297214	71.5417
0.000300734	77.6363
0.000304254	85.1984
0.000307774	94.8221
0.000311294	106.524
0.000314814	120.803
0.000318334	137.64
0.000321853	157.325
0.000325373	179.84
0.000328893	205.287
0.000332413	233.69
0.000335933	265.191
0.000339453	299.878
0.000342973	338.246
0.000346492	380.42
0.000350012	427.422
0.000353532	479.364
0.000357052	537.708
0.000360572	602.52
0.000364092	675.433
0.000367612	756.457
0.000371131	847.08
0.000374651	947.252
0.000378171	1057.96
0.000381691	1179.08
0.000385211	1310.62
0.000388731	1452.4
0.000392251	1602.95
0.00039577	1762.08
0.00039929	1926.6
0.00040281	2096.38
0.00040633	2266.86
0.00040985	2438.02
0.00041337	2604.82
0.00041689	2767.3
0.000420409	2920.94
0.000423929	3065.81
0.000427449	3198.8
0.000430969	3319.98
0.000434489	3428.39
0.000438009	3524.12
0.000441529	3609.11
0.000445048	3683.41
0.000448568	3752.11
0.000452088	3815.19
0.000455608	3879.88
0.000459128	3946.13
0.000462648	4020.72
0.000466168	4103.69
0.000469687	4198.3
0.000473207	4304.71
0.000476727	4421.01
0.000480247	4547.38
0.000483767	4677.63
0.000487287	4811.85
0.000490807	4942.4
0.000494326	5069.24
0.000497846	5185.87
0.000501366	5292.16
0.000504886	5383.47
0.000508406	5459.68
0.000511926	5518.03
0.000515446	5559.71
0.000518965	5567.53
0.000522485	5560.12
0.000526005	5541.08
0.000529525	5486.4
0.000533045	5411.15
0.000536565	5316.92
0.000540085	5209.63
0.000543604	5089.26
0.000547124	4965.28
0.000550644	4838.36
0.000554164	4714.67
0.000557684	4595.36
0.000561204	4479.98
0.000564724	4369.46
0.000568243	4257.39
0.000571763	4143.83
0.000575283	4020.67
0.000578803	3886.98
0.000582323	3738.03
0.000585843	3572.42
0.000589362	3391.52
0.000592882	3194.34
0.000596402	2987.53
0.000599922	2771.07
0.000603442	2553.65
0.000606962	2336.2
0.000610482	2126.05
0.000614001	1924.58
0.000617521	1735.89
0.000621041	1561.22
0.000624561	1401.5
0.000628081	1257.44
0.000631601	1127.96
0.000635121	1013.22
0.00063864	911.313
0.00064216	822.055
0.00064568	743.46
0.0006492	675.193
0.00065272	615.362
0.00065624	563.613
0.00065976	518.067
0.000663279	478.34
0.000666799	442.575
0.000670319	410.298
0.000673839	379.929
0.000677359	350.906
0.000680879	322.318
0.000684399	293.641
0.000687918	264.854
0.000691438	235.661
0.000694958	206.762
0.000698478	178.201
0.000701998	150.906
0.000705518	125.202
0.000709038	101.731
0.000712557	80.8889
0.000716077	62.794
0.000719597	47.6967
0.000723117	35.2709
0.000726637	25.5283
0.000730157	17.949
0.000733677	12.3501
0.000737196	8.24912
0.000740716	5.38245
0.000744236	3.41578
0.000747756	2.10712
0.000751276	1.27207
0.000754796	0.738996
0.000758316	0.425459
0.000761835	0.230326
0.000765355	0.127894
0.000768875	0.0647509
0.000772395	0.034497
0.000775915	0.016552
0.000779435	0.00832747
0.000782955	0.00379739
0.000786474	0.00179756
0.000789994	0.000781479
0.000793514	0.000346718
0.000797034	0.000131471
0.000800554	5.97226e-05
