0.000500379	9.14829e-96
0.000507922	2.67657e-92
0.000515465	1.07035e-91
0.000523008	2.53167e-88
0.00053055	1.02259e-87
0.000538093	1.9549e-84
0.000545636	7.97735e-84
0.000553179	1.23245e-80
0.000560721	5.08162e-80
0.000568264	6.34373e-77
0.000575807	2.6432e-76
0.00058335	2.66594e-73
0.000590892	1.12265e-72
0.000598435	9.14724e-70
0.000605978	3.89352e-69
0.000613521	2.56253e-66
0.000621063	1.10262e-65
0.000628606	5.86129e-63
0.000636149	2.54974e-62
0.000643692	1.09464e-59
0.000651234	4.81448e-59
0.000658777	1.66921e-56
0.00066632	7.42317e-56
0.000673862	2.07841e-53
0.000681405	9.34579e-53
0.000688948	2.11323e-50
0.000696491	9.60794e-50
0.000704033	1.75461e-47
0.000711576	8.06553e-47
0.000719119	1.18978e-44
0.000726662	5.52873e-44
0.000734204	6.58937e-42
0.000741747	3.09465e-41
0.00074929	2.98098e-39
0.000756833	1.41447e-38
0.000764375	1.10173e-36
0.000771918	5.27929e-36
0.000779461	3.32714e-34
0.000787004	1.60903e-33
0.000794546	8.21195e-32
0.000802089	4.00467e-31
0.000809632	1.65701e-29
0.000817175	8.13943e-29
0.000824717	2.73438e-27
0.00083226	1.35102e-26
0.000839803	3.6918e-25
0.000847345	1.83141e-24
0.000854888	4.08035e-23
0.000862431	2.02766e-22
0.000869974	3.69418e-21
0.000877516	1.83369e-20
0.000885059	2.74182e-19
0.000892602	1.35464e-18
0.000900145	1.66979e-17
0.000907687	8.17622e-17
0.00091523	8.35322e-16
0.000922773	4.03278e-15
0.000930316	3.43676e-14
0.000937858	1.62592e-13
0.000945401	1.16451e-12
0.000952944	5.36044e-12
0.000960487	3.25453e-11
0.000968029	1.44591e-10
0.000975572	7.514e-10
0.000983115	3.19324e-09
0.000990658	1.43552e-08
0.0009982	5.7797e-08
0.00100574	2.27317e-07
0.00101329	8.58533e-07
0.00102083	2.98875e-06
0.00102837	1.04857e-05
0.00103591	3.26869e-05
0.00104346	0.000105567
0.001051	0.000297973
0.00105854	0.000879073
0.00106608	0.00226976
0.00107363	0.00608147
0.00108117	0.0144931
0.00108871	0.0351491
0.00109626	0.0778929
0.0011038	0.170874
0.00111134	0.354172
0.00111888	0.70405
0.00112643	1.38699
0.00113397	2.51392
0.00114151	4.62609
0.00114906	7.77575
0.0011566	13.0994
0.00116414	20.6327
0.00117168	32.0402
0.00117923	47.312
0.00118677	68.0615
0.00119431	94.2264
0.00120185	126.241
0.0012094	164.037
0.00121694	206.068
0.00122448	252.316
0.00123203	300.01
0.00123957	349.182
0.00124711	398.072
0.00125465	446.699
0.0012622	496.066
0.00126974	546.148
0.00127728	600.104
0.00128482	657.917
0.00129237	722.49
0.00129991	793.873
0.00130745	872.721
0.001315	959.127
0.00132254	1051.3
0.00133008	1149.31
0.00133762	1250.21
0.00134517	1353.99
0.00135271	1458.25
0.00136025	1562.89
0.00136779	1666.93
0.00137534	1770.26
0.00138288	1873.01
0.00139042	1975.13
0.00139797	2077.09
0.00140551	2178.92
0.00141305	2280.82
0.00142059	2382.87
0.00142814	2484.46
0.00143568	2585.69
0.00144322	2684.86
0.00145076	2782.02
0.00145831	2874.78
0.00146585	2963.11
0.00147339	3044.45
0.00148094	3118.76
0.00148848	3183.29
0.00149602	3237.97
0.00150356	3280.3
0.00151111	3311.67
0.00151865	3319.19
0.00152619	3314.29
0.00153373	3301.81
0.00154128	3263.27
0.00154882	3206.61
0.00155636	3134.25
0.00156391	3047.75
0.00157145	2946.87
0.00157899	2837.47
0.00158653	2719.91
0.00159408	2600.45
0.00160162	2480.28
0.00160916	2362.55
0.0016167	2248.68
0.00162425	2136.85
0.00163179	2027.58
0.00163933	1916.51
0.00164688	1802.7
0.00165442	1684.22
0.00166196	1559.56
0.0016695	1432.01
0.00167705	1301.11
0.00168459	1173.34
0.00169213	1050
0.00169968	935.854
0.00170722	833.036
0.00171476	741.413
0.0017223	662.17
0.00172985	591.764
0.00173739	529.607
0.00174493	472.72
0.00175247	419.7
0.00176002	370.265
0.00176756	323.687
0.0017751	281.155
0.00178265	243.001
0.00179019	209.63
0.00179773	181.595
0.00180527	157.878
0.00181282	138.418
0.00182036	121.836
0.0018279	107.514
0.00183544	94.7771
0.00184299	83.0665
0.00185053	72.4072
0.00185807	62.6497
0.00186562	53.8887
0.00187316	46.1949
0.0018807	39.4054
0.00188824	33.4933
0.00189579	28.2371
0.00190333	23.4839
0.00191087	19.193
0.00191841	15.2668
0.00192596	11.7866
0.0019335	8.78096
0.00194104	6.27143
0.00194859	4.3104
0.00195613	2.81452
0.00196367	1.76376
0.00197121	1.04982
0.00197876	0.591894
0.0019863	0.323113
0.00199384	0.142121
0.00200138	0.0817902
