0.000100103	3.44774e-09
0.00010312	1.02469e-08
0.000106137	3.06442e-08
0.000109154	9.05847e-08
0.000112171	2.43862e-07
0.000115188	6.6873e-07
0.000118205	1.73806e-06
0.000121222	4.43829e-06
0.000124239	1.10993e-05
0.000127256	2.64941e-05
0.000130273	6.35421e-05
0.00013329	0.000142322
0.000136307	0.000326326
0.000139324	0.000688408
0.000142341	0.00150461
0.000145358	0.00300036
0.000148375	0.00623479
0.000151392	0.0117931
0.000154408	0.0232494
0.000157425	0.0421581
0.000160442	0.0782688
0.000163459	0.137557
0.000166476	0.238853
0.000169493	0.401319
0.00017251	0.659652
0.000175527	1.05832
0.000178544	1.65364
0.000181561	2.53344
0.000184578	3.77649
0.000187595	5.53138
0.000190612	7.892
0.000193629	11.0739
0.000196646	15.1705
0.000199663	20.449
0.00020268	26.9832
0.000205697	35.0524
0.000208714	44.6955
0.000211731	56.1492
0.000214748	69.4148
0.000217765	84.6366
0.000220782	101.792
0.000223799	120.915
0.000226816	141.988
0.000229833	164.978
0.00023285	189.904
0.000235867	216.766
0.000238884	245.63
0.000241901	276.642
0.000244918	309.883
0.000247935	345.661
0.000250952	384.005
0.000253969	425.231
0.000256986	469.277
0.000260003	516.204
0.00026302	565.898
0.000266037	618.035
0.000269054	672.557
0.000272071	728.985
0.000275088	787.416
0.000278105	847.757
0.000281122	910.251
0.000284139	975.677
0.000287156	1044.31
0.000290173	1117.81
0.00029319	1196.34
0.000296207	1281.89
0.000299224	1374.45
0.000302241	1475.58
0.000305258	1585.13
0.000308275	1703.71
0.000311292	1831.14
0.000314309	1967.02
0.000317326	2111.2
0.000320343	2262.54
0.00032336	2420.92
0.000326377	2584.7
0.000329394	2753.75
0.000332411	2925.94
0.000335428	3101.15
0.000338445	3276.65
0.000341462	3452.34
0.000344479	3624.98
0.000347496	3794.54
0.000350513	3957.72
0.00035353	4114.58
0.000356547	4262.47
0.000359564	4401.49
0.000362581	4530.2
0.000365598	4648.68
0.000368615	4756.73
0.000371632	4854.38
0.000374649	4942.15
0.000377666	5020.04
0.000380683	5088.69
0.0003837	5148.08
0.000386717	5198.77
0.000389734	5240.77
0.000392751	5274.92
0.000395768	5301.24
0.000398785	5321.34
0.000401802	5335.2
0.000404819	5345.12
0.000407836	5351.11
0.000410853	5354.46
0.00041387	5356.13
0.000416887	5356.06
0.000419904	5353.58
0.000422921	5348.37
0.000425938	5338.19
0.000428955	5320.51
0.000431972	5295.4
0.000434989	5259.13
0.000438006	5211.58
0.000441023	5151
0.00044404	5077.24
0.000447057	4990.93
0.000450074	4891.95
0.000453091	4782.61
0.000456108	4662.88
0.000459125	4535.53
0.000462142	4400.59
0.000465159	4260.65
0.000468176	4115.73
0.000471193	3968.48
0.00047421	3818.89
0.000477227	3670.13
0.000480244	3522.23
0.000483261	3378.57
0.000486278	3239.36
0.000489295	3107.02
0.000492312	2981.92
0.000495329	2864.36
0.000498346	2754.7
0.000501363	2651.05
0.00050438	2553.54
0.000507397	2459.22
0.000510414	2367.89
0.000513431	2277.07
0.000516448	2186.38
0.000519465	2094.56
0.000522482	2001.29
0.000525499	1906.49
0.000528516	1809.99
0.000531533	1712.43
0.00053455	1613.77
0.000537567	1515.02
0.000540584	1416.22
0.000543601	1318.63
0.000546618	1222.37
0.000549635	1128.73
0.000552652	1037.93
0.000555669	951.04
0.000558686	868.316
0.000561703	790.315
0.00056472	717.271
0.000567737	649.193
0.000570754	586.2
0.000573771	527.949
0.000576788	474.431
0.000579805	425.21
0.000582822	380.198
0.000585839	339.028
0.000588856	301.597
0.000591873	267.625
0.00059489	237.034
0.000597907	209.56
0.000600924	185.15
0.000603941	163.48
0.000606958	144.489
0.000609975	127.771
0.000612992	113.226
0.000616009	100.413
0.000619026	89.1798
0.000622043	79.1534
0.00062506	70.1526
0.000628077	61.9657
0.000631094	54.4365
0.000634111	47.5405
0.000637128	41.1983
0.000640145	35.5069
0.000643162	30.4784
0.000646179	26.2132
0.000649196	22.7798
0.000652213	20.1756
0.00065523	18.2808
0.000658247	17.5521
0.000661264	17.5454
0.000664281	17.5461
0.000667298	18.1571
0.000670315	19.0662
0.000673332	19.9365
0.000676349	20.4459
0.000679366	20.5017
0.000682383	20.519
0.0006854	19.9224
0.000688417	18.7104
0.000691434	17.1825
0.000694451	15.3781
0.000697468	13.4479
0.000700485	11.3402
