3.33898e-05	5.54547e-14
3.55687e-05	2.50545e-13
3.77476e-05	8.35816e-13
3.99264e-05	3.61606e-12
4.21053e-05	1.12385e-11
4.42842e-05	4.43844e-11
4.64631e-05	1.34829e-10
4.8642e-05	4.87725e-10
5.08209e-05	1.44345e-09
5.29998e-05	4.79967e-09
5.51787e-05	1.37924e-08
5.73576e-05	4.23135e-08
5.95365e-05	1.17648e-07
6.17154e-05	3.34285e-07
6.38943e-05	8.96079e-07
6.60732e-05	2.36734e-06
6.82521e-05	6.09608e-06
7.0431e-05	1.50329e-05
7.26099e-05	3.70557e-05
7.47888e-05	8.56245e-05
7.69677e-05	0.00020135
7.91465e-05	0.000437599
8.13254e-05	0.000978542
8.35043e-05	0.00200743
8.56832e-05	0.0042563
8.78621e-05	0.00826964
9.0041e-05	0.0165837
9.22199e-05	0.0306145
9.43988e-05	0.0579448
9.65777e-05	0.104216
9.87566e-05	0.183229
0.000100935	0.313666
0.000103114	0.52054
0.000105293	0.846795
0.000107472	1.33152
0.000109651	2.05746
0.00011183	3.07477
0.000114009	4.51614
0.000116188	6.4315
0.000118367	8.99448
0.000120546	12.2376
0.000122724	16.3374
0.000124903	21.295
0.000127082	27.2298
0.000129261	34.1116
0.00013144	41.9515
0.000133619	50.7064
0.000135798	60.276
0.000137977	70.6352
0.000140156	81.6399
0.000142334	93.3078
0.000144513	105.572
0.000146692	118.491
0.000148871	132.181
0.00015105	146.708
0.000153229	162.364
0.000155408	179.172
0.000157587	197.435
0.000159766	217.104
0.000161945	238.242
0.000164123	260.757
0.000166302	284.346
0.000168481	308.954
0.00017066	334.1
0.000172839	359.837
0.000175018	385.96
0.000177197	412.616
0.000179376	440.277
0.000181555	469.103
0.000183733	500.233
0.000185912	533.759
0.000188091	571.078
0.00019027	612.195
0.000192449	658.287
0.000194628	709.314
0.000196807	766.015
0.000198986	828.337
0.000201165	896.589
0.000203344	970.703
0.000205522	1050.5
0.000207701	1135.89
0.00020988	1226
0.000212059	1320.73
0.000214238	1418.42
0.000216417	1519.02
0.000218596	1620.44
0.000220775	1722.7
0.000222954	1824.1
0.000225132	1924.69
0.000227311	2023.85
0.00022949	2121.61
0.000231669	2218.35
0.000233848	2314.09
0.000236027	2409.25
0.000238206	2503.81
0.000240385	2597
0.000242564	2688.79
0.000244743	2776.62
0.000246921	2860.5
0.0002491	2936.84
0.000251279	3005.66
0.000253458	3064.13
0.000255637	3112.26
0.000257816	3149.59
0.000259995	3176.08
0.000262174	3194.19
0.000264353	3203.98
0.000266531	3205.21
0.00026871	3203.58
0.000270889	3199.78
0.000273068	3191.33
0.000275247	3179.82
0.000277426	3165.48
0.000279605	3146
0.000281784	3121.4
0.000283963	3089.2
0.000286142	3049.26
0.00028832	3000.65
0.000290499	2943.13
0.000292678	2878.17
0.000294857	2805.62
0.000297036	2728.58
0.000299215	2647.09
0.000301394	2564.25
0.000303573	2480.26
0.000305752	2396.82
0.00030793	2314.16
0.000310109	2232.35
0.000312288	2151.51
0.000314467	2070.9
0.000316646	1990.49
0.000318825	1909.84
0.000321004	1828.82
0.000323183	1747.84
0.000325362	1666.8
0.00032754	1586.71
0.000329719	1507.6
0.000331898	1430.51
0.000334077	1355.56
0.000336256	1283.32
0.000338435	1213.95
0.000340614	1147.42
0.000342793	1083.83
0.000344972	1022.74
0.000347151	964.131
0.000349329	907.436
0.000351508	852.573
0.000353687	799.088
0.000355866	746.858
0.000358045	695.761
0.000360224	645.679
0.000362403	596.913
0.000364582	549.408
0.000366761	503.824
0.000368939	460.216
0.000371118	419.343
0.000373297	381.379
0.000375476	346.82
0.000377655	315.894
0.000379834	288.559
0.000382013	264.982
0.000384192	244.555
0.000386371	227.28
0.00038855	212.219
0.000390728	199.186
0.000392907	187.267
0.000395086	176.155
0.000397265	165.251
0.000399444	154.248
0.000401623	142.97
0.000403802	131.218
0.000405981	119.173
0.00040816	106.787
0.000410338	94.4265
0.000412517	82.1805
0.000414696	70.4113
0.000416875	59.2831
0.000419054	49.0263
0.000421233	39.8031
0.000423412	31.6672
0.000425591	24.7191
0.00042777	18.865
0.000429949	14.1193
0.000432127	10.3107
0.000434306	7.3788
0.000436485	5.1459
0.000438664	3.51118
0.000440843	2.3356
0.000443022	1.51463
0.000445201	0.960713
0.00044738	0.589954
0.000449559	0.357119
0.000451737	0.206731
0.000453916	0.119694
0.000456095	0.064624
0.000458274	0.0361339
0.000460453	0.018276
0.000462632	0.00980259
0.000464811	0.00423916
0.00046699	0.00238469
