0.000500379	4.76016e-136
0.00050876	2.88789e-131
0.000517141	1.15514e-130
0.000525522	5.40868e-126
0.000533903	2.18556e-125
0.000542284	7.89673e-121
0.000550665	3.22406e-120
0.000559045	8.98779e-116
0.000567426	3.7082e-115
0.000575807	7.97461e-111
0.000584188	3.3254e-110
0.000592569	5.51593e-106
0.00060095	2.32514e-105
0.00060933	2.97429e-101
0.000617711	1.2676e-100
0.000626092	1.25028e-96
0.000634473	5.38827e-96
0.000642854	4.09724e-92
0.000651235	1.78588e-91
0.000659615	1.04674e-87
0.000667996	4.61524e-87
0.000676377	2.08477e-83
0.000684758	9.29999e-83
0.000693139	3.23706e-79
0.00070152	1.46124e-78
0.0007099	3.91854e-75
0.000718281	1.79027e-74
0.000726662	3.69816e-71
0.000735043	1.71032e-70
0.000743424	2.7211e-67
0.000751805	1.27411e-66
0.000760186	1.56103e-63
0.000768566	7.40137e-63
0.000776947	6.98233e-60
0.000785328	3.35276e-59
0.000793709	2.43517e-56
0.00080209	1.18437e-55
0.000810471	6.62244e-53
0.000818851	3.2627e-52
0.000827232	1.40441e-49
0.000835613	7.00941e-49
0.000843994	2.32269e-46
0.000852375	1.17439e-45
0.000860756	2.99608e-43
0.000869136	1.53456e-42
0.000877517	3.01464e-40
0.000885898	1.5639e-39
0.000894279	2.3665e-37
0.00090266	1.24311e-36
0.000911041	1.44964e-34
0.000919421	7.70726e-34
0.000927802	6.93117e-32
0.000936183	3.7274e-31
0.000944564	2.58762e-29
0.000952945	1.40621e-28
0.000961326	7.54621e-27
0.000969707	4.13873e-26
0.000978087	1.72003e-24
0.000986468	9.50361e-24
0.000994849	3.06643e-22
0.00100323	1.70278e-21
0.00101161	4.27963e-20
0.00101999	2.38083e-19
0.00102837	4.681e-18
0.00103675	2.59813e-17
0.00104513	4.0181e-16
0.00105351	2.21325e-15
0.0010619	2.71117e-14
0.00107028	1.4721e-13
0.00107866	1.44067e-12
0.00108704	7.64706e-12
0.00109542	6.04162e-11
0.0011038	3.10353e-10
0.00111218	2.00396e-09
0.00112056	9.84486e-09
0.00112894	5.26897e-08
0.00113732	2.44228e-07
0.0011457	1.10033e-06
0.00115409	4.74152e-06
0.00116247	1.82789e-05
0.00117085	7.21044e-05
0.00117923	0.000241777
0.00118761	0.000859834
0.00119599	0.00254695
0.00120437	0.00805167
0.00121275	0.0213587
0.00122113	0.0593109
0.00122951	0.142448
0.00123789	0.344425
0.00124627	0.754626
0.00125466	1.58094
0.00126304	3.24969
0.00127142	5.95297
0.0012798	10.7727
0.00128818	17.7038
0.00129656	27.8995
0.00130494	41.3177
0.00131332	57.6188
0.0013217	76.7782
0.00133008	96.1772
0.00133846	115.834
0.00134684	132.692
0.00135523	146.748
0.00136361	157.736
0.00137199	165.588
0.00138037	173.657
0.00138875	181.868
0.00139713	195.233
0.00140551	213.702
0.00141389	242.781
0.00142227	282.44
0.00143065	338.593
0.00143903	411.414
0.00144741	503.887
0.0014558	616.586
0.00146418	743.986
0.00147256	886.608
0.00148094	1031.93
0.00148932	1179.58
0.0014977	1320.89
0.00150608	1454.74
0.00151446	1583.46
0.00152284	1706.49
0.00153122	1831.23
0.0015396	1958.33
0.00154798	2089.71
0.00155637	2226.4
0.00156475	2362.2
0.00157313	2497.21
0.00158151	2623.86
0.00158989	2741.18
0.00159827	2847.4
0.00160665	2941.85
0.00161503	3026.36
0.00162341	3101.52
0.00163179	3165.27
0.00164017	3219.03
0.00164855	3250.97
0.00165694	3266.04
0.00166532	3267.33
0.0016737	3242.09
0.00168208	3201.77
0.00169046	3148.45
0.00169884	3089.09
0.00170722	3025.87
0.0017156	2958.62
0.00172398	2888.92
0.00173236	2809.59
0.00174074	2719.48
0.00174912	2614.9
0.00175751	2493.36
0.00176589	2360.86
0.00177427	2216.87
0.00178265	2071.59
0.00179103	1927.27
0.00179941	1789.29
0.00180779	1660.24
0.00181617	1538.73
0.00182455	1425.46
0.00183293	1316.99
0.00184131	1212.33
0.00184969	1110.57
0.00185808	1010.75
0.00186646	914.568
0.00187484	822.233
0.00188322	735.095
0.0018916	653.933
0.00189998	578.247
0.00190836	508.184
0.00191674	442.854
0.00192512	381.782
0.0019335	325.21
0.00194188	272.937
0.00195026	225.804
0.00195865	184.141
0.00196703	148.256
0.00197541	118.527
0.00198379	94.4969
0.00199217	76.2873
0.00200055	62.8138
0.00200893	53.869
0.00201731	47.9204
0.00202569	44.3035
0.00203407	41.6908
0.00204245	39.119
0.00205083	36.2011
0.00205922	32.2569
0.0020676	27.7663
0.00207598	22.7156
0.00208436	17.6971
0.00209274	13.1139
0.00210112	9.13837
0.0021095	6.08556
0.00211788	3.78021
0.00212626	2.23952
0.00213464	1.24502
0.00214302	0.634899
0.0021514	0.325607
0.00215979	0.131825
0.00216817	0.0672306
