0.000100103	3.16576e-20
0.000103622	2.77973e-19
0.000107142	1.01692e-18
0.000110662	8.1242e-18
0.000114182	2.86864e-17
0.000117702	2.03368e-16
0.000121222	7.10652e-16
0.000124742	4.48303e-15
0.000128261	1.54612e-14
0.000131781	8.70552e-14
0.000135301	2.95426e-13
0.000138821	1.48972e-12
0.000142341	4.95787e-12
0.000145861	2.24727e-11
0.000149381	7.30815e-11
0.0001529	2.98952e-10
0.00015642	9.46271e-10
0.00015994	3.50826e-09
0.00016346	1.07636e-08
0.00016698	3.63303e-08
0.0001705	1.07569e-07
0.00017402	3.32094e-07
0.000177539	9.44636e-07
0.000181059	2.68029e-06
0.000184579	7.29076e-06
0.000188099	1.91043e-05
0.000191619	4.94673e-05
0.000195139	0.00012028
0.000198659	0.00029515
0.000202178	0.000669034
0.000205698	0.0015493
0.000209218	0.00328836
0.000212738	0.00715894
0.000216258	0.0142854
0.000219778	0.0291424
0.000223298	0.0548721
0.000226817	0.104624
0.000230337	0.19119
0.000233857	0.335493
0.000237377	0.577174
0.000240897	0.949745
0.000244417	1.53622
0.000247937	2.38027
0.000251456	3.62131
0.000254976	5.29985
0.000258496	7.59804
0.000262016	10.5326
0.000265536	14.2718
0.000269056	18.7925
0.000272576	24.1616
0.000276095	30.3182
0.000279615	37.1544
0.000283135	44.5971
0.000286655	52.3616
0.000290175	60.4045
0.000293695	68.3726
0.000297214	76.2962
0.000300734	83.9771
0.000304254	91.5426
0.000307774	99.2337
0.000311294	107.248
0.000314814	116.453
0.000318334	127.033
0.000321853	140.364
0.000325373	156.524
0.000328893	176.918
0.000332413	201.502
0.000335933	231.165
0.000339453	265.826
0.000342973	305.734
0.000346492	350.878
0.000350012	401.344
0.000353532	457.217
0.000357052	519.053
0.000360572	586.942
0.000364092	661.974
0.000367612	744.117
0.000371131	834.176
0.000374651	931.968
0.000378171	1036.88
0.000381691	1148.7
0.000385211	1265.09
0.000388731	1385.98
0.000392251	1508.47
0.00039577	1632.68
0.00039929	1757.16
0.00040281	1882.09
0.00040633	2008.45
0.00040985	2136.33
0.00041337	2267.88
0.00041689	2403.02
0.000420409	2542.52
0.000423929	2686.25
0.000427449	2832.17
0.000430969	2980.28
0.000434489	3127.26
0.000438009	3273.19
0.000441529	3416.73
0.000445048	3557.91
0.000448568	3699.14
0.000452088	3840.39
0.000455608	3986.25
0.000459128	4136.71
0.000462648	4294.74
0.000466168	4460.42
0.000469687	4631.87
0.000473207	4809.28
0.000476727	4985.33
0.000480247	5160.19
0.000483767	5323.3
0.000487287	5474.67
0.000490807	5603.96
0.000494326	5710.97
0.000497846	5790.09
0.000501366	5842.05
0.000504886	5850.4
0.000508406	5837.28
0.000511926	5806.72
0.000515446	5740.69
0.000518965	5658.59
0.000522485	5561.71
0.000526005	5458.54
0.000529525	5349.69
0.000533045	5240.52
0.000536565	5131.87
0.000540085	5022.9
0.000543604	4914.08
0.000547124	4801.09
0.000550644	4683.68
0.000554164	4558.99
0.000557684	4426.34
0.000561204	4287.2
0.000564724	4141.19
0.000568243	3992.62
0.000571763	3841.84
0.000575283	3691.93
0.000578803	3543.66
0.000582323	3396.39
0.000585843	3250.56
0.000589362	3103.09
0.000592882	2953.65
0.000596402	2800.29
0.000599922	2642.2
0.000603442	2480.94
0.000606962	2315.99
0.000610482	2151.75
0.000614001	1988.52
0.000617521	1830.89
0.000621041	1679.77
0.000624561	1537.65
0.000628081	1405.46
0.000631601	1283.06
0.000635121	1170.89
0.00063864	1067.3
0.00064216	972.168
0.00064568	883.776
0.0006492	801.716
0.00065272	724.933
0.00065624	653.063
0.00065976	585.632
0.000663279	522.43
0.000666799	463.245
0.000670319	407.957
0.000673839	356.528
0.000677359	308.867
0.000680879	265.186
0.000684399	225.472
0.000687918	190.099
0.000691438	159.193
0.000694958	132.955
0.000698478	111.601
0.000701998	94.7969
0.000705518	82.6714
0.000709038	74.2553
0.000712557	69.1103
0.000716077	66.9979
0.000719597	66.367
0.000723117	65.9589
0.000726637	65.6271
0.000730157	65.0175
0.000733677	63.0549
0.000737196	59.7181
0.000740716	55.0974
0.000744236	49.5594
0.000747756	43.2132
0.000751276	36.6115
0.000754796	30.0801
0.000758316	23.9402
0.000761835	18.5098
0.000765355	13.8255
0.000768875	10.0486
0.000772395	7.0451
0.000775915	4.80596
0.000779435	3.16664
0.000782955	2.02237
0.000786474	1.25538
0.000789994	0.747662
0.000793514	0.438962
0.000797034	0.222709
0.000800554	0.135399
