3.33898e-05	1.68915e-08
3.55687e-05	4.26466e-08
3.77476e-05	1.19912e-07
3.99264e-05	3.09414e-07
4.21053e-05	7.75833e-07
4.42842e-05	1.88751e-06
4.64631e-05	4.57508e-06
4.8642e-05	1.05225e-05
5.08209e-05	2.45914e-05
5.29998e-05	5.36098e-05
5.51787e-05	0.000120491
5.73576e-05	0.000249607
5.95365e-05	0.000538201
6.17154e-05	0.00106205
6.38943e-05	0.00219179
6.60732e-05	0.00412941
6.82521e-05	0.00813896
7.0431e-05	0.0146994
7.26099e-05	0.0275731
7.47888e-05	0.0486396
7.69677e-05	0.0855659
7.91465e-05	0.145104
8.13254e-05	0.242231
8.35043e-05	0.393866
8.56832e-05	0.625702
8.78621e-05	0.973727
9.0041e-05	1.47525
9.22199e-05	2.19496
9.43988e-05	3.1769
9.65777e-05	4.51771
9.87566e-05	6.25578
0.000100935	8.50642
0.000103114	11.2866
0.000105293	14.6953
0.000107472	18.7202
0.000109651	23.4003
0.00011183	28.7064
0.000114009	34.6001
0.000116188	41.0719
0.000118367	48.0547
0.000120546	55.602
0.000122724	63.7427
0.000124903	72.6111
0.000127082	82.4769
0.000129261	93.5247
0.00013144	106.326
0.000133619	121.045
0.000135798	138.448
0.000137977	158.609
0.000140156	182.236
0.000142334	209.288
0.000144513	240.147
0.000146692	274.699
0.000148871	312.885
0.00015105	354.598
0.000153229	399.459
0.000155408	447.429
0.000157587	498.093
0.000159766	551.491
0.000161945	607.445
0.000164123	666.045
0.000166302	727.474
0.000168481	791.833
0.00017066	859.636
0.000172839	930.967
0.000175018	1006.56
0.000177197	1086.46
0.000179376	1171.48
0.000181555	1261.62
0.000183733	1357.6
0.000185912	1459.39
0.000188091	1567.44
0.00019027	1681.73
0.000192449	1802.44
0.000194628	1929.59
0.000196807	2063.38
0.000198986	2203.89
0.000201165	2351.8
0.000203344	2507.23
0.000205522	2671.57
0.000207701	2844.87
0.00020988	3028.76
0.000212059	3223.12
0.000214238	3428.49
0.000216417	3644.62
0.000218596	3869.37
0.000220775	4102.47
0.000222954	4338.46
0.000225132	4577.16
0.000227311	4810.79
0.00022949	5039.4
0.000231669	5255.5
0.000233848	5459.31
0.000236027	5646.81
0.000238206	5818.23
0.000240385	5975
0.000242564	6117.23
0.000244743	6251.34
0.000246921	6377.32
0.0002491	6503.67
0.000251279	6630.33
0.000253458	6763.84
0.000255637	6904.2
0.000257816	7052.92
0.000259995	7210.07
0.000262174	7371.47
0.000264353	7537.24
0.000266531	7699.4
0.00026871	7858.02
0.000270889	8004.36
0.000273068	8138.37
0.000275247	8252.8
0.000277426	8347.54
0.000279605	8418.27
0.000281784	8465.83
0.000283963	8473.31
0.000286142	8458.43
0.00028832	8423.76
0.000290499	8344.77
0.000292678	8233.55
0.000294857	8091.47
0.000297036	7919.76
0.000299215	7717.98
0.000301394	7493.61
0.000303573	7246.43
0.000305752	6986.81
0.00030793	6714.99
0.000310109	6441.26
0.000312288	6166.32
0.000314467	5897.44
0.000316646	5635.51
0.000318825	5383.41
0.000321004	5141.85
0.000323183	4910.1
0.000325362	4688.44
0.00032754	4474.6
0.000329719	4268.44
0.000331898	4068.19
0.000334077	3873.5
0.000336256	3684.01
0.000338435	3499.47
0.000340614	3320.61
0.000342793	3147.42
0.000344972	2980.82
0.000347151	2820.97
0.000349329	2668.23
0.000351508	2522.79
0.000353687	2384.21
0.000355866	2252.57
0.000358045	2126.9
0.000360224	2007.11
0.000362403	1892.1
0.000364582	1781.67
0.000366761	1674.93
0.000368939	1571.65
0.000371118	1471.37
0.000373297	1373.89
0.000375476	1279.29
0.000377655	1187.45
0.000379834	1098.9
0.000382013	1013.68
0.000384192	932.468
0.000386371	855.453
0.00038855	783.125
0.000390728	715.733
0.000392907	653.277
0.000395086	595.942
0.000397265	543.189
0.000399444	495.017
0.000401623	450.569
0.000403802	409.63
0.000405981	371.389
0.00040816	335.499
0.000410338	301.496
0.000412517	269.057
0.000414696	238.152
0.000416875	208.616
0.000419054	180.717
0.000421233	154.484
0.000423412	130.232
0.000425591	108.12
0.00042777	88.2982
0.000429949	70.9295
0.000432127	55.9231
0.000434306	43.3419
0.000436485	32.9103
0.000438664	24.5528
0.000440843	17.9262
0.000443022	12.8487
0.000445201	9.01211
0.00044738	6.19413
0.000449559	4.17296
0.000451737	2.74481
0.000453916	1.77693
0.000456095	1.11597
0.000458274	0.695024
0.000460453	0.41563
0.000462632	0.24949
0.000464811	0.130817
0.00046699	0.0821407
