0.000500379	1.12288e-48
0.000507084	1.27284e-46
0.000513789	5.05766e-46
0.000520493	4.80699e-44
0.000527198	1.92171e-43
0.000533903	1.52842e-41
0.000540607	6.15949e-41
0.000547312	4.10088e-39
0.000554017	1.66542e-38
0.000560721	9.28584e-37
0.000567426	3.79863e-36
0.000574131	1.77472e-34
0.000580835	7.30896e-34
0.00058754	2.86331e-32
0.000594244	1.18635e-31
0.000600949	3.90044e-30
0.000607654	1.62443e-29
0.000614358	4.48706e-28
0.000621063	1.8764e-27
0.000627768	4.36038e-26
0.000634472	1.82849e-25
0.000641177	3.5804e-24
0.000647882	1.50317e-23
0.000654586	2.48507e-22
0.000661291	1.04252e-21
0.000667995	1.45857e-20
0.0006747	6.09993e-20
0.000681405	7.24272e-19
0.000688109	3.01128e-18
0.000694814	3.04436e-17
0.000701519	1.25423e-16
0.000708223	1.08386e-15
0.000714928	4.40783e-15
0.000721633	3.27049e-14
0.000728337	1.30714e-13
0.000735042	8.36994e-13
0.000741746	3.27119e-12
0.000748451	1.8181e-11
0.000755156	6.909e-11
0.00076186	3.35438e-10
0.000768565	1.23171e-09
0.00077527	5.2603e-09
0.000781974	1.85375e-08
0.000788679	7.01598e-08
0.000795384	2.35579e-07
0.000802088	7.96303e-07
0.000808793	2.5286e-06
0.000815497	7.69417e-06
0.000822202	2.29317e-05
0.000828907	6.33083e-05
0.000835611	0.000175796
0.000842316	0.000443655
0.000849021	0.00113995
0.000855725	0.00264826
0.00086243	0.00625842
0.000869135	0.013467
0.000875839	0.0291296
0.000882544	0.0583646
0.000889249	0.115176
0.000895953	0.22062
0.000902658	0.394595
0.000909362	0.699601
0.000916067	1.15552
0.000922772	1.88223
0.000929476	2.89792
0.000936181	4.36746
0.000942886	6.30181
0.00094959	8.8743
0.000956295	12.0905
0.000963	16.1068
0.000969704	20.9313
0.000976409	26.7268
0.000983113	33.5026
0.000989818	41.4499
0.000996523	50.5652
0.00100323	60.9937
0.00100993	72.7202
0.00101664	85.7453
0.00102334	100.077
0.00103005	115.724
0.00103675	132.749
0.00104346	151.653
0.00105016	172.529
0.00105686	196.729
0.00106357	224.296
0.00107027	257.027
0.00107698	294.867
0.00108368	338.928
0.00109039	389.105
0.00109709	444.966
0.0011038	506.448
0.0011105	572.001
0.00111721	641.649
0.00112391	714.26
0.00113062	789.894
0.00113732	869.076
0.00114402	951.83
0.00115073	1039.93
0.00115743	1133.35
0.00116414	1233.12
0.00117084	1339.25
0.00117755	1450.03
0.00118425	1565.51
0.00119096	1681.14
0.00119766	1796.98
0.00120437	1907.84
0.00121107	2013.68
0.00121778	2111.71
0.00122448	2201.81
0.00123119	2285.11
0.00123789	2361.47
0.00124459	2434.63
0.0012513	2504.64
0.001258	2574.48
0.00126471	2644.39
0.00127141	2713.86
0.00127812	2783.12
0.00128482	2848.5
0.00129153	2909.99
0.00129823	2964.17
0.00130494	3010.68
0.00131164	3049.57
0.00131835	3080.48
0.00132505	3106.58
0.00133175	3127.91
0.00133846	3147.44
0.00134516	3165.58
0.00135187	3182.16
0.00135857	3197.87
0.00136528	3206.82
0.00137198	3210.8
0.00137869	3210.41
0.00138539	3195.44
0.0013921	3166.25
0.0013988	3123.68
0.00140551	3065.26
0.00141221	2990.48
0.00141891	2900.16
0.00142562	2793.94
0.00143232	2674.67
0.00143903	2542.2
0.00144573	2400.98
0.00145244	2251.17
0.00145914	2098.1
0.00146585	1942.29
0.00147255	1788.84
0.00147926	1638.56
0.00148596	1495.13
0.00149267	1359.43
0.00149937	1233.06
0.00150608	1116.67
0.00151278	1010.05
0.00151948	913.472
0.00152619	825.87
0.00153289	747.159
0.0015396	676.261
0.0015463	612.957
0.00155301	556.411
0.00155971	506.424
0.00156642	462.311
0.00157312	423.927
0.00157983	390.565
0.00158653	362.125
0.00159324	337.666
0.00159994	317.076
0.00160664	299.039
0.00161335	283.304
0.00162005	268.367
0.00162676	253.738
0.00163346	238.314
0.00164017	221.47
0.00164687	203.076
0.00165358	182.692
0.00166028	161.211
0.00166699	138.664
0.00167369	116.373
0.0016804	94.8358
0.0016871	75.0111
0.00169381	57.5378
0.00170051	42.6035
0.00170721	30.6047
0.00171392	21.1169
0.00172062	14.141
0.00172733	9.07088
0.00173403	5.63269
0.00174074	3.35983
0.00174744	1.92103
0.00175415	1.06916
0.00176085	0.549875
0.00176756	0.2929
0.00177426	0.138923
0.00178097	0.0686331
0.00178767	0.0303137
0.00179437	0.0137204
0.00180108	0.00567642
0.00180778	0.00233638
0.00181449	0.000911196
0.00182119	0.000338465
0.0018279	0.000115868
0.0018346	4.16696e-05
