0.000166815	1.05619e-05
0.000172682	2.10365e-05
0.000178548	5.24604e-05
0.000184415	0.000109349
0.000190282	0.000237669
0.000196148	0.000471157
0.000202015	0.000982298
0.000207881	0.0018566
0.000213748	0.00370469
0.000219614	0.00669117
0.000225481	0.0127529
0.000231347	0.0224679
0.000237214	0.0401789
0.00024308	0.0683379
0.000248947	0.115677
0.000254813	0.189105
0.00026068	0.304265
0.000266547	0.47699
0.000272413	0.731231
0.00027828	1.09752
0.000284146	1.60586
0.000290013	2.30515
0.000295879	3.22307
0.000301746	4.42212
0.000307612	5.91316
0.000313479	7.75238
0.000319345	9.91867
0.000325212	12.4263
0.000331078	15.2164
0.000336945	18.223
0.000342812	21.3618
0.000348678	24.4711
0.000354545	27.4729
0.000360411	30.1417
0.000366278	32.4433
0.000372144	34.2446
0.000378011	35.4153
0.000383877	35.7908
0.000389744	35.937
0.00039561	35.6507
0.000401477	34.9446
0.000407343	34.2882
0.00041321	33.7632
0.000419077	33.8683
0.000424943	34.3989
0.00043081	35.6581
0.000436676	38.118
0.000442543	41.5129
0.000448409	45.8572
0.000454276	51.0689
0.000460142	57.0574
0.000466009	63.5177
0.000471875	70.3888
0.000477742	77.2835
0.000483608	84.1886
0.000489475	90.7888
0.000495342	97.1136
0.000501208	103.027
0.000507075	108.585
0.000512941	113.867
0.000518808	118.944
0.000524674	124.111
0.000530541	129.455
0.000536407	135.501
0.000542274	142.351
0.00054814	150.803
0.000554007	160.961
0.000559873	173.893
0.00056574	189.677
0.000571606	209.534
0.000577473	233.485
0.00058334	262.639
0.000589206	296.948
0.000595073	337.073
0.000600939	382.907
0.000606806	434.383
0.000612672	491.374
0.000618539	552.987
0.000624405	619.122
0.000630272	688.252
0.000636138	760.337
0.000642005	833.667
0.000647871	908.272
0.000653738	982.848
0.000659605	1057.47
0.000665471	1131.7
0.000671338	1205.61
0.000677204	1279.71
0.000683071	1354.04
0.000688937	1429.65
0.000694804	1506.53
0.00070067	1585.6
0.000706537	1666.83
0.000712403	1750.4
0.00071827	1836.27
0.000724136	1923.74
0.000730003	2012.79
0.00073587	2102.09
0.000741736	2191.63
0.000747603	2279.91
0.000753469	2366.91
0.000759336	2451.15
0.000765202	2532.62
0.000771069	2609.7
0.000776935	2682.38
0.000782802	2748.74
0.000788668	2808.79
0.000794535	2860.48
0.000800401	2903.81
0.000806268	2937.83
0.000812135	2962.81
0.000818001	2972.98
0.000823868	2976.93
0.000829734	2975.82
0.000835601	2962.57
0.000841467	2943.72
0.000847334	2919.71
0.0008532	2892.18
0.000859067	2861.28
0.000864933	2827.79
0.0008708	2791.86
0.000876666	2752.94
0.000882533	2711.08
0.0008884	2665.4
0.000894266	2615.79
0.000900133	2562.21
0.000905999	2504.49
0.000911866	2443.77
0.000917732	2380
0.000923599	2314.88
0.000929465	2248.51
0.000935332	2182.12
0.000941198	2115.92
0.000947065	2050.03
0.000952931	1984.61
0.000958798	1918.97
0.000964665	1853.07
0.000970531	1786.27
0.000976398	1718.4
0.000982264	1649.54
0.000988131	1579.56
0.000993997	1509.39
0.000999864	1439.02
0.00100573	1369.66
0.0010116	1301.5
0.00101746	1235.29
0.00102333	1171.26
0.0010292	1109.41
0.00103506	1049.87
0.00104093	992.113
0.0010468	936.097
0.00105266	881.353
0.00105853	827.714
0.0010644	775.215
0.00107026	723.72
0.00107613	673.797
0.001082	625.458
0.00108786	579.478
0.00109373	536.028
0.00109959	495.666
0.00110546	458.629
0.00111133	424.994
0.00111719	394.937
0.00112306	368.039
0.00112893	344.329
0.00113479	323.069
0.00114066	304.128
0.00114653	286.707
0.00115239	270.558
0.00115826	255.049
0.00116413	239.897
0.00116999	224.763
0.00117586	209.412
0.00118173	193.817
0.00118759	177.849
0.00119346	161.724
0.00119933	145.441
0.00120519	129.34
0.00121106	113.528
0.00121693	98.3444
0.00122279	83.9588
0.00122866	70.603
0.00123453	58.4494
0.00124039	47.5727
0.00124626	38.0905
0.00125212	29.9311
0.00125799	23.1246
0.00126386	17.5074
0.00126972	13.024
0.00127559	9.48582
0.00128146	6.78098
0.00128732	4.74672
0.00129319	3.25395
0.00129906	2.18847
0.00130492	1.43546
0.00131079	0.927883
0.00131666	0.580865
0.00132252	0.36125
0.00132839	0.203102
0.00133426	0.129002
