0.000166815	1.60669e-24
0.000172682	3.02425e-23
0.000178548	1.1615e-22
0.000184415	1.87687e-21
0.000190282	7.10894e-21
0.000196148	9.7537e-20
0.000202015	3.68421e-19
0.000207881	4.30272e-18
0.000213748	1.61697e-17
0.000219614	1.61217e-16
0.000225481	6.0111e-16
0.000231347	5.1341e-15
0.000237214	1.89318e-14
0.00024308	1.39068e-13
0.000248947	5.05268e-13
0.000254813	3.20663e-12
0.00026068	1.14306e-11
0.000266547	6.29967e-11
0.000272413	2.19271e-10
0.00027828	1.05544e-09
0.000284146	3.56805e-09
0.000290013	1.50945e-08
0.000295879	4.92746e-08
0.000301746	1.84455e-07
0.000307612	5.77824e-07
0.000313479	1.92778e-06
0.000319345	5.7574e-06
0.000325212	1.72471e-05
0.000331078	4.87798e-05
0.000336945	0.000132197
0.000342812	0.00035173
0.000348678	0.000868764
0.000354545	0.00216057
0.000360411	0.00489822
0.000366278	0.011319
0.000372144	0.0237074
0.000378011	0.0506414
0.000383877	0.0985546
0.000389744	0.193784
0.00039561	0.362047
0.000401477	0.643731
0.000407343	1.11783
0.00041321	1.83296
0.000419077	2.93992
0.000424943	4.47679
0.00043081	6.6376
0.000436676	9.4153
0.000442543	12.9417
0.000448409	17.1479
0.000454276	21.961
0.000460142	27.2846
0.000466009	32.8011
0.000471875	38.4598
0.000477742	43.8694
0.000483608	49.0712
0.000489475	53.8929
0.000495342	58.4405
0.000501208	62.9262
0.000507075	67.4529
0.000512941	72.5256
0.000518808	78.2048
0.000524674	85.0737
0.000530541	93.1575
0.000536407	102.98
0.000542274	114.547
0.00054814	128.279
0.000554007	144.161
0.000559873	162.458
0.00056574	183.143
0.000571606	206.28
0.000577473	231.856
0.00058334	259.83
0.000589206	290.231
0.000595073	323.163
0.000600939	358.689
0.000606806	397.276
0.000612672	438.992
0.000618539	484.691
0.000624405	534.407
0.000630272	589.17
0.000636138	648.952
0.000642005	714.485
0.000647871	785.677
0.000653738	862.357
0.000659605	944.419
0.000665471	1030.54
0.000671338	1120.68
0.000677204	1212.88
0.000683071	1307.17
0.000688937	1401.88
0.000694804	1497.05
0.00070067	1591.74
0.000706537	1685.97
0.000712403	1779.38
0.00071827	1871.99
0.000724136	1964.01
0.000730003	2055.45
0.00073587	2147.43
0.000741736	2239.95
0.000747603	2334.75
0.000753469	2431.8
0.000759336	2531.89
0.000765202	2635.02
0.000771069	2739.28
0.000776935	2844.74
0.000782802	2946.69
0.000788668	3045.21
0.000794535	3134.77
0.000800401	3215.35
0.000806268	3282.96
0.000812135	3337.5
0.000818001	3378.62
0.000823868	3406.93
0.000829734	3412.08
0.000835601	3411.26
0.000841467	3407.07
0.000847334	3385.07
0.0008532	3356.65
0.000859067	3322.87
0.000864933	3284.45
0.0008708	3241.64
0.000876666	3194.21
0.000882533	3142.25
0.0008884	3084.94
0.000894266	3022.16
0.000900133	2954.11
0.000905999	2880.69
0.000911866	2802.99
0.000917732	2721.09
0.000923599	2635.53
0.000929465	2546.44
0.000935332	2453.51
0.000941198	2356.64
0.000947065	2256.24
0.000952931	2151.98
0.000958798	2046.48
0.000964665	1939.57
0.000970531	1835.5
0.000976398	1734.61
0.000982264	1640.47
0.000988131	1553.85
0.000993997	1475.48
0.000999864	1406.09
0.00100573	1343.13
0.0010116	1286.79
0.00101746	1232.84
0.00102333	1180.76
0.0010292	1127.16
0.00103506	1071.14
0.00104093	1011.92
0.0010468	948.786
0.00105266	883.468
0.00105853	815.857
0.0010644	748.67
0.00107026	682.37
0.00107613	619.061
0.001082	559.417
0.00108786	504.189
0.00109373	453.88
0.00109959	408.068
0.00110546	366.892
0.00111133	329.429
0.00111719	295.5
0.00112306	264.36
0.00112893	235.714
0.00113479	209.287
0.00114066	184.889
0.00114653	162.539
0.00115239	142.214
0.00115826	123.892
0.00116413	107.611
0.00116999	93.1576
0.00117586	80.5095
0.00118173	69.3652
0.00118759	59.6214
0.00119346	51.0331
0.00119933	43.4788
0.00120519	36.8043
0.00121106	30.9148
0.00121693	25.7163
0.00122279	21.1426
0.00122866	17.1379
0.00123453	13.6589
0.00124039	10.672
0.00124626	8.1543
0.00125212	6.06767
0.00125799	4.39647
0.00126386	3.08205
0.00126972	2.09715
0.00127559	1.37441
0.00128146	0.870464
0.00128732	0.531423
0.00129319	0.310368
0.00129906	0.176708
0.00130492	0.0932588
0.00131079	0.050342
0.00131666	0.0242213
0.00132252	0.012229
0.00132839	0.00495065
0.00133426	0.00252453
