0.000500379	5.64173e-32
0.000506246	2.36196e-30
0.000512113	9.2786e-30
0.000517979	3.24467e-28
0.000523846	1.2731e-27
0.000529712	3.70048e-26
0.000535579	1.45735e-25
0.000541445	3.52569e-24
0.000547312	1.39188e-23
0.000553178	2.8072e-22
0.000559045	1.10915e-21
0.000564911	1.86859e-20
0.000570778	7.3747e-20
0.000576644	1.04033e-18
0.000582511	4.09155e-18
0.000588378	4.84693e-17
0.000594244	1.89427e-16
0.000600111	1.89091e-15
0.000605977	7.31866e-15
0.000611844	6.18128e-14
0.00061771	2.35988e-13
0.000623577	1.6944e-12
0.000629443	6.35121e-12
0.00063531	3.89796e-11
0.000641176	1.42685e-10
0.000647043	7.53204e-10
0.000652909	2.67616e-09
0.000658776	1.22355e-08
0.000664643	4.19116e-08
0.000670509	1.67235e-07
0.000676376	5.48203e-07
0.000682242	1.92476e-06
0.000688109	5.99045e-06
0.000693975	1.86666e-05
0.000699842	5.47089e-05
0.000705708	0.000152631
0.000711575	0.000417801
0.000717441	0.0010527
0.000723308	0.00267006
0.000729174	0.00612663
0.000735041	0.0142952
0.000740908	0.0301019
0.000746774	0.0642235
0.000752641	0.125365
0.000758507	0.24312
0.000764374	0.453453
0.00077024	0.789837
0.000776107	1.34846
0.000781973	2.16744
0.00078784	3.40167
0.000793706	5.08345
0.000799573	7.39747
0.000805439	10.3685
0.000811306	14.1769
0.000817173	18.8586
0.000823039	24.6248
0.000828906	31.5336
0.000834772	39.9155
0.000840639	49.8143
0.000846505	61.6431
0.000852372	75.3745
0.000858238	91.2386
0.000864105	109.146
0.000869971	128.908
0.000875838	150.461
0.000881704	173.36
0.000887571	197.628
0.000893438	223.013
0.000899304	249.589
0.000905171	277.523
0.000911037	306.855
0.000916904	337.95
0.00092277	370.791
0.000928637	405.588
0.000934503	442.314
0.00094037	480.944
0.000946236	521.491
0.000952103	563.978
0.000957969	608.485
0.000963836	655.568
0.000969703	705.35
0.000975569	759.329
0.000981436	817.598
0.000987302	882.448
0.000993169	953.844
0.000999035	1033.71
0.0010049	1121.84
0.00101077	1217.88
0.00101663	1321.57
0.0010225	1429.01
0.00102837	1540.07
0.00103423	1648.43
0.0010401	1754.16
0.00104597	1851.84
0.00105183	1941.63
0.0010577	2022.09
0.00106357	2093.35
0.00106943	2158.46
0.0010753	2217.42
0.00108117	2275.63
0.00108703	2333.05
0.0010929	2394.36
0.00109877	2459.55
0.00110463	2530.42
0.0011105	2607.03
0.00111637	2688.08
0.00112223	2773.63
0.0011281	2860.35
0.00113397	2948.31
0.00113983	3032.95
0.0011457	3114.35
0.00115157	3187
0.00115743	3250.91
0.0011633	3301.86
0.00116916	3340.4
0.00117503	3354.78
0.0011809	3359.7
0.00118676	3357.96
0.00119263	3337.65
0.0011985	3311.48
0.00120436	3280.5
0.00121023	3247.73
0.0012161	3213.72
0.00122196	3177.46
0.00122783	3139.28
0.0012337	3095.18
0.00123956	3044.99
0.00124543	2985.54
0.0012513	2916.35
0.00125716	2837.22
0.00126303	2747.75
0.0012689	2650.32
0.00127476	2544.81
0.00128063	2434.76
0.0012865	2320.32
0.00129236	2204.95
0.00129823	2088.98
0.0013041	1974.99
0.00130996	1863.4
0.00131583	1755.46
0.00132169	1651.55
0.00132756	1551.59
0.00133343	1455.77
0.00133929	1363.24
0.00134516	1273.92
0.00135103	1187.14
0.00135689	1102.65
0.00136276	1020.6
0.00136863	940.836
0.00137449	864.159
0.00138036	790.651
0.00138623	721.03
0.00139209	655.509
0.00139796	594.245
0.00140383	537.38
0.00140969	484.662
0.00141556	436.086
0.00142143	391.377
0.00142729	350.464
0.00143316	313.198
0.00143903	279.539
0.00144489	249.341
0.00145076	222.613
0.00145663	199.02
0.00146249	178.557
0.00146836	160.653
0.00147422	145.215
0.00148009	131.573
0.00148596	119.532
0.00149182	108.519
0.00149769	98.294
0.00150356	88.5209
0.00150942	78.9809
0.00151529	69.6367
0.00152116	60.359
0.00152702	51.3678
0.00153289	42.6759
0.00153876	34.5833
0.00154462	27.2271
0.00155049	20.7673
0.00155636	15.3569
0.00156222	10.9285
0.00156809	7.53753
0.00157396	4.97688
0.00157982	3.18098
0.00158569	1.94475
0.00159156	1.14328
0.00159742	0.648356
0.00160329	0.343901
0.00160916	0.184305
0.00161502	0.0886718
0.00162089	0.0444995
0.00162675	0.0198354
0.00163262	0.00908248
0.00163849	0.00377475
0.00164435	0.00156397
0.00165022	0.000610279
0.00165609	0.000226831
0.00166195	7.74601e-05
0.00166782	2.76699e-05
