0.000500379	2.36579e-164
0.000509598	3.50454e-158
0.000518817	1.40182e-157
0.000528036	1.48105e-151
0.000537255	5.98479e-151
0.000546474	4.50901e-145
0.000555693	1.84098e-144
0.000564912	9.88933e-139
0.000574131	4.08031e-138
0.00058335	1.56251e-132
0.000592569	6.51596e-132
0.000601788	1.77848e-126
0.000611007	7.49732e-126
0.000620226	1.45828e-120
0.000629445	6.21549e-120
0.000638664	8.61388e-115
0.000647883	3.71267e-114
0.000657101	3.66538e-109
0.00066632	1.59786e-108
0.000675539	1.12357e-103
0.000684758	4.95487e-103
0.000693977	2.48108e-98
0.000703196	1.10705e-97
0.000712415	3.94673e-93
0.000721634	1.78214e-92
0.000730853	4.52262e-88
0.000740072	2.06708e-87
0.000749291	3.73332e-83
0.00075851	1.72748e-82
0.000767729	2.21999e-78
0.000776948	1.04018e-77
0.000786167	9.50952e-74
0.000795386	4.51277e-73
0.000804605	2.93438e-69
0.000813823	1.41064e-68
0.000823042	6.52264e-65
0.000832261	3.17711e-64
0.00084148	1.04444e-60
0.000850699	5.15567e-60
0.000859918	1.20475e-56
0.000869137	6.02807e-56
0.000878356	1.0011e-52
0.000887575	5.07821e-52
0.000896794	5.99277e-49
0.000906013	3.08235e-48
0.000915232	2.58445e-45
0.000924451	1.34802e-44
0.00093367	8.03018e-42
0.000942889	4.24766e-41
0.000952108	1.79777e-38
0.000961327	9.64377e-38
0.000970545	2.90037e-35
0.000979764	1.57758e-34
0.000988983	3.37256e-32
0.000998202	1.85944e-31
0.00100742	2.82731e-29
0.00101664	1.57918e-28
0.00102586	1.70945e-26
0.00103508	9.66374e-26
0.0010443	7.45848e-24
0.00105352	4.26123e-23
0.00106273	2.3501e-21
0.00107195	1.354e-20
0.00108117	5.35344e-19
0.00109039	3.10044e-18
0.00109961	8.82939e-17
0.00110883	5.11667e-16
0.00111805	1.05644e-14
0.00112727	6.08645e-14
0.00113649	9.19413e-13
0.00114571	5.21954e-12
0.00115492	5.83925e-11
0.00116414	3.22777e-10
0.00117336	2.71701e-09
0.00118258	1.4399e-08
0.0011918	9.30249e-08
0.00120102	4.63605e-07
0.00121024	2.35363e-06
0.00121946	1.0781e-05
0.00122868	4.4161e-05
0.00123789	0.00018126
0.00124711	0.000615711
0.00125633	0.00220629
0.00126555	0.00637855
0.00127477	0.0194769
0.00128399	0.048987
0.00129321	0.124989
0.00130243	0.279387
0.00131165	0.588587
0.00132087	1.20619
0.00133008	2.13201
0.0013393	3.54517
0.00134852	5.4262
0.00135774	7.54079
0.00136696	9.87404
0.00137618	11.7077
0.0013854	13.0453
0.00139462	13.1461
0.00140384	12.4542
0.00141305	11.1751
0.00142227	9.31032
0.00143149	8.81946
0.00144071	8.74138
0.00144993	9.23353
0.00145915	12.9739
0.00146837	19.3263
0.00147759	28.2354
0.00148681	40.9383
0.00149603	57.4106
0.00150524	79.2505
0.00151446	106.47
0.00152368	140.374
0.0015329	181.084
0.00154212	227.765
0.00155134	280.552
0.00156056	336.518
0.00156978	395.537
0.001579	456.244
0.00158821	518.252
0.00159743	584.778
0.00160665	655.714
0.00161587	735.58
0.00162509	824.826
0.00163431	923.862
0.00164353	1033.01
0.00165275	1150.05
0.00166197	1274.75
0.00167118	1406.7
0.0016804	1545.87
0.00168962	1691.76
0.00169884	1844.87
0.00170806	2000.58
0.00171728	2159.29
0.0017265	2312.4
0.00173572	2459.83
0.00174494	2591.08
0.00175416	2705.04
0.00176337	2794.77
0.00177259	2857.63
0.00178181	2899.92
0.00179103	2919.57
0.00180025	2936.19
0.00180947	2952.08
0.00181869	2980.59
0.00182791	3027.62
0.00183713	3081.69
0.00184634	3147.68
0.00185556	3186.25
0.00186478	3200.7
0.001874	3200.72
0.00188322	3138.08
0.00189244	3032.35
0.00190166	2890.98
0.00191088	2728.04
0.0019201	2546.05
0.00192932	2362.05
0.00193853	2180.8
0.00194775	2010.56
0.00195697	1855.87
0.00196619	1714.11
0.00197541	1586.96
0.00198463	1466.15
0.00199385	1349.22
0.00200307	1233.44
0.00201229	1116.19
0.0020215	1001.46
0.00203072	889.891
0.00203994	784.101
0.00204916	685.476
0.00205838	593.979
0.0020676	509.684
0.00207682	433.4
0.00208604	365.421
0.00209526	306.309
0.00210448	256.853
0.00211369	215.504
0.00212291	182.15
0.00213213	154.652
0.00214135	131.996
0.00215057	113.161
0.00215979	97.3694
0.00216901	84.2499
0.00217823	73.5876
0.00218745	64.613
0.00219666	56.9769
0.00220588	49.898
0.0022151	42.6764
0.00222432	35.4759
0.00223354	28.0074
0.00224276	20.9767
0.00225198	14.7863
0.0022612	9.64099
0.00227042	5.93633
0.00227964	3.32501
0.00228885	1.71399
0.00229807	0.848401
0.00230729	0.365443
0.00231651	0.158576
0.00232573	0.0557998
0.00233495	0.0215411
