0.000500379	6.37837e-256
0.000510437	7.77056e-248
0.000520494	3.10822e-247
0.000530551	2.65438e-239
0.000540608	1.07261e-238
0.000550665	6.41996e-231
0.000560722	2.62121e-230
0.000570779	1.09941e-222
0.000580836	4.53615e-222
0.000590893	1.33304e-214
0.00060095	5.55905e-214
0.000611007	1.14441e-206
0.000621064	4.82437e-206
0.000631121	6.95618e-199
0.000641178	2.96488e-198
0.000651235	2.99371e-191
0.000661292	1.29033e-190
0.000671349	9.12213e-184
0.000681406	3.97668e-183
0.000691463	1.96801e-176
0.00070152	8.67893e-176
0.000711577	3.00609e-169
0.000721634	1.34134e-168
0.000731691	3.251e-162
0.000741748	1.46803e-161
0.000751806	2.48926e-155
0.000761863	1.13778e-154
0.00077192	1.34946e-148
0.000781977	6.24461e-148
0.000792034	5.17941e-142
0.000802091	2.42704e-141
0.000812148	1.40744e-135
0.000822205	6.67996e-135
0.000832262	2.70776e-129
0.000842319	1.30195e-128
0.000852376	3.68818e-123
0.000862433	1.79697e-122
0.00087249	3.55661e-117
0.000882547	1.75634e-116
0.000892604	2.42817e-111
0.000902661	1.21563e-110
0.000912718	1.17364e-105
0.000922775	5.95821e-105
0.000932832	4.01611e-100
0.000942889	2.06802e-99
0.000952946	9.72936e-95
0.000963003	5.08294e-94
0.00097306	1.66866e-89
0.000983117	8.84707e-89
0.000993175	2.02608e-84
0.00100323	1.09045e-83
0.00101329	1.74159e-79
0.00102335	9.51778e-79
0.0010334	1.05983e-74
0.00104346	5.88286e-74
0.00105352	4.56583e-70
0.00106357	2.57492e-69
0.00107363	1.39253e-65
0.00108369	7.98112e-65
0.00109374	3.00669e-61
0.0011038	1.75182e-60
0.00111386	4.59597e-57
0.00112392	2.72295e-56
0.00113397	4.97371e-53
0.00114403	2.99724e-52
0.00115409	3.81078e-49
0.00116414	2.33633e-48
0.0011742	2.06729e-45
0.00118426	1.28969e-44
0.00119432	7.94111e-42
0.00120437	5.04174e-41
0.00121443	2.16028e-38
0.00122449	1.39582e-37
0.00123454	4.16268e-35
0.0012446	2.73685e-34
0.00125466	5.68326e-32
0.00126471	3.80067e-31
0.00127477	5.50004e-29
0.00128483	3.73843e-28
0.00129489	3.77527e-26
0.00130494	2.60482e-25
0.001315	1.83963e-23
0.00132506	1.28584e-22
0.00133511	6.37185e-21
0.00134517	4.49779e-20
0.00135523	1.57155e-18
0.00136529	1.11515e-17
0.00137534	2.76691e-16
0.0013854	1.96047e-15
0.00139546	3.489e-14
0.00140551	2.44523e-13
0.00141557	3.16455e-12
0.00142563	2.1655e-11
0.00143568	2.07542e-10
0.00144574	1.36321e-09
0.0014558	9.90108e-09
0.00146586	6.10984e-08
0.00147591	3.4571e-07
0.00148597	1.95411e-06
0.00149603	8.88382e-06
0.00150608	4.4742e-05
0.00151614	0.000168715
0.0015262	0.000736678
0.00153625	0.00237393
0.00154631	0.00877676
0.00155637	0.0247828
0.00156643	0.0763051
0.00157648	0.192267
0.00158654	0.48957
0.0015966	1.11261
0.00160665	2.35196
0.00161671	4.94754
0.00162677	9.02628
0.00163683	16.1323
0.00164688	26.2741
0.00165694	40.8385
0.001667	59.9282
0.00167705	83.6134
0.00168711	111.985
0.00169717	144.063
0.00170722	179.774
0.00171728	218.902
0.00172734	261.239
0.0017374	308.639
0.00174745	361.07
0.00175751	420.918
0.00176757	488.57
0.00177762	563.455
0.00178768	645.96
0.00179774	732.393
0.00180779	822.376
0.00181785	914.461
0.00182791	1007.82
0.00183797	1106.41
0.00184802	1210.08
0.00185808	1324.58
0.00186814	1450.75
0.00187819	1590.87
0.00188825	1746.47
0.00189831	1911.72
0.00190837	2087.49
0.00191842	2261.49
0.00192848	2431.92
0.00193854	2592.32
0.00194859	2740.14
0.00195865	2878.92
0.00196871	3009.28
0.00197876	3131.07
0.00198882	3246.68
0.00199888	3344.62
0.00200894	3431.07
0.00201899	3458.96
0.00202905	3455.18
0.00203911	3443.18
0.00204916	3361.94
0.00205922	3239.14
0.00206928	3088.44
0.00207933	2919.45
0.00208939	2736.41
0.00209945	2547.97
0.00210951	2358.22
0.00211956	2167.63
0.00212962	1975.88
0.00213968	1788.47
0.00214973	1604.74
0.00215979	1437.25
0.00216985	1291.07
0.00217991	1168.24
0.00218996	1074.37
0.00220002	995.13
0.00221008	927.618
0.00222013	860.013
0.00223019	784.907
0.00224025	704.611
0.0022503	616.795
0.00226036	528.552
0.00227042	442.494
0.00228048	361.851
0.00229053	289.056
0.00230059	224.538
0.00231065	169.244
0.0023207	122.903
0.00233076	85.8734
0.00234082	57.1488
0.00235088	36.627
0.00236093	22.6557
0.00237099	13.7341
0.00238105	10.839
0.0023911	10.9999
0.00240116	11.4531
0.00241122	13.7509
0.00242127	16.4694
0.00243133	17.9544
0.00244139	18.5386
0.00245145	17.3453
0.0024615	14.9632
0.00247156	11.8638
0.00248162	8.59108
0.00249167	5.88998
0.00250173	3.50539
