0.000166815	1.25466e-07
0.000171844	2.93754e-07
0.000176872	7.98616e-07
0.000181901	1.91916e-06
0.000186929	4.60892e-06
0.000191958	1.04409e-05
0.000196986	2.41247e-05
0.000202014	5.16764e-05
0.000207043	0.000114582
0.000212071	0.000232768
0.0002171	0.000494049
0.000222128	0.00095451
0.000227157	0.00193492
0.000232185	0.00356472
0.000237214	0.00688753
0.000242242	0.0122907
0.00024727	0.0223504
0.000252299	0.0385888
0.000257327	0.0661294
0.000262356	0.109561
0.000267384	0.178234
0.000272413	0.282783
0.000277441	0.437959
0.000282469	0.66461
0.000287498	0.982114
0.000292526	1.42476
0.000297555	2.01241
0.000302583	2.79118
0.000307612	3.77387
0.00031264	5.00775
0.000317669	6.49035
0.000322697	8.24993
0.000327725	10.2651
0.000332754	12.5226
0.000337782	14.988
0.000342811	17.5959
0.000347839	20.3141
0.000352868	23.0413
0.000357896	25.7666
0.000362924	28.3978
0.000367953	30.9595
0.000372981	33.4302
0.00037801	35.8717
0.000383038	38.3865
0.000388067	41.0614
0.000393095	44.1443
0.000398123	47.7248
0.000403152	52.1705
0.00040818	57.5474
0.000413209	64.2666
0.000418237	72.3474
0.000423266	82.1286
0.000428294	93.5717
0.000433323	106.816
0.000438351	121.774
0.000443379	138.298
0.000448408	156.282
0.000453436	175.295
0.000458465	195.256
0.000463493	215.577
0.000468522	236.234
0.00047355	256.699
0.000478578	277.01
0.000483607	296.909
0.000488635	316.476
0.000493664	335.831
0.000498692	355.057
0.000503721	374.616
0.000508749	394.563
0.000513778	415.544
0.000518806	437.578
0.000523834	461.298
0.000528863	486.689
0.000533891	514.202
0.00053892	543.796
0.000543948	575.614
0.000548977	609.603
0.000554005	645.545
0.000559033	683.392
0.000564062	722.605
0.00056909	763.155
0.000574119	804.311
0.000579147	846.064
0.000584176	887.649
0.000589204	929.066
0.000594233	969.605
0.000599261	1009.27
0.000604289	1047.4
0.000609318	1083.99
0.000614346	1118.42
0.000619375	1150.7
0.000624403	1180.26
0.000629432	1207.13
0.00063446	1230.97
0.000639488	1251.78
0.000644517	1269.55
0.000649545	1284.26
0.000654574	1296.18
0.000659602	1305.28
0.000664631	1312.08
0.000669659	1316.57
0.000674688	1317.22
0.000679716	1316.91
0.000684744	1315.71
0.000689773	1310.98
0.000694801	1304.61
0.00069983	1296.63
0.000704858	1287.39
0.000709887	1276.86
0.000714915	1265.8
0.000719943	1254.21
0.000724972	1242.82
0.00073	1231.66
0.000735029	1221.09
0.000740057	1211.15
0.000745086	1201.53
0.000750114	1192.26
0.000755143	1182.35
0.000760171	1171.82
0.000765199	1159.32
0.000770228	1144.83
0.000775256	1127.25
0.000780285	1106.48
0.000785313	1082.17
0.000790342	1054.22
0.00079537	1023.12
0.000800398	988.831
0.000805427	952.395
0.000810455	913.836
0.000815484	874.227
0.000820512	833.654
0.000825541	792.803
0.000830569	751.768
0.000835598	710.809
0.000840626	669.974
0.000845654	629.361
0.000850683	588.962
0.000855711	549.023
0.00086074	509.518
0.000865768	470.948
0.000870797	433.323
0.000875825	397.251
0.000880853	362.803
0.000885882	330.444
0.00089091	300.277
0.000895939	272.455
0.000900967	247.064
0.000905996	223.943
0.000911024	203.125
0.000916052	184.268
0.000921081	167.345
0.000926109	151.997
0.000931138	138.16
0.000936166	125.559
0.000941195	114.127
0.000946223	103.687
0.000951252	94.1904
0.00095628	85.5224
0.000961308	77.6524
0.000966337	70.4858
0.000971365	64.0011
0.000976394	58.1035
0.000981422	52.7714
0.000986451	47.913
0.000991479	43.5035
0.000996507	39.4638
0.00100154	35.768
0.00100656	32.3545
0.00101159	29.1995
0.00101662	26.2595
0.00102165	23.5138
0.00102668	20.9379
0.00103171	18.5158
0.00103673	16.2421
0.00104176	14.1075
0.00104679	12.1208
0.00105182	10.2815
0.00105685	8.60156
0.00106188	7.08711
0.00106691	5.74241
0.00107193	4.5743
0.00107696	3.5734
0.00108199	2.74139
0.00108702	2.05746
0.00109205	1.51529
0.00109708	1.0899
0.0011021	0.768475
0.00110713	0.528954
0.00111216	0.356137
0.00111719	0.234476
0.00112222	0.150341
0.00112725	0.0947274
0.00113228	0.0576625
0.0011373	0.0348239
0.00114233	0.02005
0.00114736	0.0116369
0.00115239	0.00627746
0.00115742	0.0035334
0.00116245	0.00161345
0.00116747	0.000973463
