3.33898e-05	405.282
3.48982e-05	426.378
3.64066e-05	450.645
3.7915e-05	478.067
3.94234e-05	508.692
4.09318e-05	542.535
4.24402e-05	579.682
4.39487e-05	620.189
4.54571e-05	664.188
4.69655e-05	711.81
4.84739e-05	763.187
4.99823e-05	818.506
5.14907e-05	877.844
5.29991e-05	941.379
5.45076e-05	1009.1
5.6016e-05	1081.09
5.75244e-05	1157.26
5.90328e-05	1237.56
6.05412e-05	1321.89
6.20496e-05	1410.1
6.3558e-05	1502.15
6.50665e-05	1597.91
6.65749e-05	1697.5
6.80833e-05	1800.94
6.95917e-05	1908.53
7.11001e-05	2020.63
7.26085e-05	2137.63
7.41169e-05	2260.24
7.56253e-05	2388.86
7.71338e-05	2524.46
7.86422e-05	2667.25
8.01506e-05	2818.18
8.1659e-05	2977.22
8.31674e-05	3144.92
8.46758e-05	3320.92
8.61842e-05	3505.06
8.76927e-05	3696.69
8.92011e-05	3894.72
9.07095e-05	4098.36
9.22179e-05	4305.57
9.37263e-05	4515.62
9.52347e-05	4725.81
9.67431e-05	4935.56
9.82516e-05	5142.01
9.976e-05	5344.84
0.000101268	5541.52
0.000102777	5731.99
0.000104285	5914.48
0.000105794	6089.11
0.000107302	6255.01
0.00010881	6412.37
0.000110319	6561.15
0.000111827	6701.48
0.000113336	6833.8
0.000114844	6958.17
0.000116353	7075.09
0.000117861	7184.55
0.000119369	7286.85
0.000120878	7381.91
0.000122386	7469.72
0.000123895	7550.21
0.000125403	7623.1
0.000126911	7688.38
0.00012842	7745.69
0.000129928	7795.05
0.000131437	7836.25
0.000132945	7869.35
0.000134453	7895.03
0.000135962	7912.47
0.00013747	7919.13
0.000138979	7921.88
0.000140487	7919.29
0.000141996	7907.22
0.000143504	7890.47
0.000145012	7868.68
0.000146521	7843.32
0.000148029	7814.47
0.000149538	7784.08
0.000151046	7752.19
0.000152554	7720.76
0.000154063	7689.79
0.000155571	7660.88
0.00015708	7633.96
0.000158588	7609.84
0.000160097	7588.4
0.000161605	7569.3
0.000163113	7552.43
0.000164622	7536.14
0.00016613	7520.35
0.000167639	7502.31
0.000169147	7481.98
0.000170655	7455.94
0.000172164	7424.21
0.000173672	7383.35
0.000175181	7333.42
0.000176689	7271.66
0.000178197	7198.12
0.000179706	7111.27
0.000181214	7011.14
0.000182723	6897.69
0.000184231	6770.93
0.00018574	6632.25
0.000187248	6481.62
0.000188756	6321.54
0.000190265	6151.99
0.000191773	5976.04
0.000193282	5793.69
0.00019479	5608.14
0.000196298	5419.39
0.000197807	5230.36
0.000199315	5041.09
0.000200824	4854.03
0.000202332	4669.2
0.000203841	4488.49
0.000205349	4311.95
0.000206857	4140.85
0.000208366	3975.25
0.000209874	3815.81
0.000211383	3662.6
0.000212891	3515.63
0.000214399	3374.98
0.000215908	3240.06
0.000217416	3110.91
0.000218925	2986.46
0.000220433	2866.72
0.000221941	2750.35
0.00022345	2637.32
0.000224958	2526.33
0.000226467	2417.28
0.000227975	2309.23
0.000229484	2202.06
0.000230992	2095.35
0.0002325	1988.99
0.000234009	1883.17
0.000235517	1777.79
0.000237026	1673.56
0.000238534	1570.44
0.000240042	1469.45
0.000241551	1370.61
0.000243059	1275.01
0.000244568	1182.73
0.000246076	1094.72
0.000247585	1011.1
0.000249093	932.489
0.000250601	859.034
0.00025211	790.947
0.000253618	728.348
0.000255127	671.025
0.000256635	619.048
0.000258143	571.827
0.000259652	529.361
0.00026116	490.805
0.000262669	456.077
0.000264177	424.249
0.000265685	395.166
0.000267194	367.997
0.000268702	342.547
0.000270211	318.223
0.000271719	294.83
0.000273228	272.085
0.000274736	249.839
0.000276244	228.09
0.000277753	206.766
0.000279261	186.057
0.00028077	165.971
0.000282278	146.768
0.000283786	128.512
0.000285295	111.423
0.000286803	95.5892
0.000288312	81.12
0.00028982	68.093
0.000291329	56.4906
0.000292837	46.3522
0.000294345	37.5596
0.000295854	30.1042
0.000297362	23.812
0.000298871	18.6329
0.000300379	14.3816
0.000301887	10.9818
0.000303396	8.26942
0.000304904	6.15959
0.000306413	4.52483
0.000307921	3.28635
0.000309429	2.35533
0.000310938	1.66729
0.000312446	1.16607
0.000313955	0.804121
0.000315463	0.548983
0.000316972	0.36859
0.00031848	0.245756
0.000319988	0.160542
0.000321497	0.104599
0.000323005	0.0664324
0.000324514	0.042327
0.000326022	0.0261118
0.00032753	0.0162839
0.000329039	0.00974737
0.000330547	0.00595584
0.000332056	0.00320218
0.000333564	0.00207103
