0.000100103	1.5759e-05
0.00010312	3.1352e-05
0.000106137	7.81309e-05
0.000109154	0.000162993
0.000112171	0.000354551
0.000115188	0.000704836
0.000118205	0.00147328
0.000121222	0.00279784
0.000124239	0.00560882
0.000127256	0.0101987
0.000130273	0.0195749
0.00013329	0.034595
0.000136307	0.062777
0.000139324	0.107692
0.000142341	0.18506
0.000145358	0.30616
0.000148375	0.501329
0.000151392	0.798324
0.000154408	1.24901
0.000157425	1.91207
0.000160442	2.86441
0.000163459	4.21273
0.000166476	6.05316
0.000169493	8.55109
0.00017251	11.8018
0.000175527	16.018
0.000178544	21.2611
0.000181561	27.7437
0.000184578	35.4593
0.000187595	44.5377
0.000190612	54.8905
0.000193629	66.4761
0.000196646	79.1496
0.000199663	92.6591
0.00020268	106.866
0.000205697	121.374
0.000208714	136.125
0.000211731	150.748
0.000214748	165.307
0.000217765	179.67
0.000220782	193.999
0.000223799	208.523
0.000226816	223.427
0.000229833	239.249
0.00023285	256.12
0.000235867	274.675
0.000238884	294.968
0.000241901	317.518
0.000244918	342.359
0.000247935	369.857
0.000250952	400.111
0.000253969	433.555
0.000256986	470.403
0.000260003	511.486
0.00026302	557.095
0.000266037	608.645
0.000269054	666.382
0.000272071	732.114
0.000275088	805.919
0.000278105	889.421
0.000281122	982.47
0.000284139	1085.79
0.000287156	1199.04
0.000290173	1321.54
0.00029319	1452.89
0.000296207	1590.94
0.000299224	1735.39
0.000302241	1883.13
0.000305258	2034.01
0.000308275	2184.81
0.000311292	2335.54
0.000314309	2483.67
0.000317326	2629.31
0.000320343	2771.12
0.00032336	2909.27
0.000326377	3043.64
0.000329394	3174.35
0.000332411	3302.22
0.000335428	3427.31
0.000338445	3550.79
0.000341462	3672.66
0.000344479	3793.92
0.000347496	3914.51
0.000350513	4034.82
0.00035353	4154.78
0.000356547	4273.97
0.000359564	4392.33
0.000362581	4508.79
0.000365598	4623.32
0.000368615	4734.55
0.000371632	4842.48
0.000374649	4945.82
0.000377666	5044.57
0.000380683	5137.65
0.0003837	5225.07
0.000386717	5305.79
0.000389734	5379.82
0.000392751	5446.02
0.000395768	5504.42
0.000398785	5553.86
0.000401802	5594.35
0.000404819	5625.97
0.000407836	5648.8
0.000410853	5652.68
0.00041387	5652.73
0.000416887	5649.51
0.000419904	5626.97
0.000422921	5594.12
0.000425938	5551.35
0.000428955	5496.61
0.000431972	5429.92
0.000434989	5350.32
0.000438006	5257.77
0.000441023	5152.2
0.00044404	5033.51
0.000447057	4903.27
0.000450074	4761.34
0.000453091	4611.06
0.000456108	4452.33
0.000459125	4289.61
0.000462142	4122.94
0.000465159	3956.89
0.000468176	3791.62
0.000471193	3630.88
0.00047421	3474.91
0.000477227	3326.03
0.000480244	3184.51
0.000483261	3051.08
0.000486278	2925.96
0.000489295	2808.49
0.000492312	2698.8
0.000495329	2595.17
0.000498346	2497.65
0.000501363	2403.82
0.00050438	2313.61
0.000507397	2224.34
0.000510414	2135.83
0.000513431	2045.71
0.000516448	1953.67
0.000519465	1858.37
0.000522482	1759.43
0.000525499	1657.12
0.000528516	1551.11
0.000531533	1443.33
0.00053455	1333.68
0.000537567	1225.09
0.000540584	1117.81
0.000543601	1014.72
0.000546618	916.339
0.000549635	824.515
0.000552652	739.827
0.000555669	662.672
0.000558686	593.446
0.000561703	531.309
0.00056472	476.342
0.000567737	427.126
0.000570754	383.452
0.000573771	344.002
0.000576788	308.426
0.000579805	275.896
0.000582822	246.096
0.000585839	218.683
0.000588856	193.477
0.000591873	170.384
0.00059489	149.351
0.000597907	130.289
0.000600924	113.195
0.000603941	97.8838
0.000606958	84.3281
0.000609975	72.2829
0.000612992	61.6772
0.000616009	52.2904
0.000619026	44.031
0.000622043	36.75
0.00062506	30.3696
0.000628077	24.7998
0.000631094	19.9903
0.000634111	15.8708
0.000637128	12.4092
0.000640145	9.52727
0.000643162	7.1933
0.000646179	5.31943
0.000649196	3.8647
0.000652213	2.74564
0.00065523	1.91414
0.000658247	1.30469
0.000661264	0.870673
0.000664281	0.569219
0.000667298	0.362744
0.000670315	0.227621
0.000673332	0.13815
0.000676349	0.0833387
0.000679366	0.0480218
0.000682383	0.0279198
0.0006854	0.0151511
0.000688417	0.00856089
0.000691434	0.00439583
0.000694451	0.00240016
0.000697468	0.00106108
0.000700485	0.00061472
