0.000500379	1.20176e-140
0.00050876	1.9149e-135
0.000517141	7.65958e-135
0.000525522	9.12075e-130
0.000533903	3.68559e-129
0.000542284	3.27914e-124
0.000550665	1.33882e-123
0.000559045	8.89885e-119
0.000567426	3.67159e-118
0.000575807	1.82285e-113
0.000584188	7.60148e-113
0.000592569	2.81845e-108
0.00060095	1.18811e-107
0.00060933	3.28933e-103
0.000617711	1.40193e-102
0.000626092	2.89763e-98
0.000634473	1.24885e-97
0.000642854	1.92671e-93
0.000651235	8.39863e-93
0.000659615	9.66991e-89
0.000667996	4.26401e-88
0.000676377	3.66322e-84
0.000684758	1.63433e-83
0.000693139	1.04746e-79
0.00070152	4.72906e-79
0.0007099	2.2607e-75
0.000718281	1.03305e-74
0.000726662	3.68282e-71
0.000735043	1.70365e-70
0.000743424	4.52849e-67
0.000751805	2.12104e-66
0.000760186	4.20303e-63
0.000768566	1.99357e-62
0.000776947	2.9445e-59
0.000785328	1.41457e-58
0.000793709	1.55708e-55
0.00080209	7.57759e-55
0.000810471	6.21536e-52
0.000818851	3.06442e-51
0.000827232	1.87282e-48
0.000835613	9.35578e-48
0.000843994	4.26013e-45
0.000852375	2.15638e-44
0.000860756	7.31604e-42
0.000869136	3.75218e-41
0.000877517	9.48637e-39
0.000885898	4.92902e-38
0.000894279	9.28871e-36
0.00090266	4.8883e-35
0.000911041	6.8695e-33
0.000919421	3.65998e-32
0.000927802	3.83816e-30
0.000936183	2.06885e-29
0.000944564	1.6207e-27
0.000952945	8.82911e-27
0.000961326	5.1746e-25
0.000969707	2.84482e-24
0.000978087	1.25004e-22
0.000986468	6.9208e-22
0.000994849	2.28673e-20
0.00100323	1.27129e-19
0.00101161	3.17133e-18
0.00101999	1.76338e-17
0.00102837	3.33908e-16
0.00103675	1.84716e-15
0.00104513	2.67399e-14
0.00105351	1.46142e-13
0.0010619	1.63229e-12
0.00107028	8.73442e-12
0.00107866	7.61482e-11
0.00108704	3.94441e-10
0.00109542	2.72253e-09
0.0011038	1.34636e-08
0.00111218	7.48147e-08
0.00112056	3.47501e-07
0.00112894	1.58428e-06
0.00113732	6.78607e-06
0.0011457	2.59029e-05
0.00115409	0.000100341
0.00116247	0.000327297
0.00117085	0.00112451
0.00117923	0.00319502
0.00118761	0.00956379
0.00119599	0.0240582
0.00120437	0.0618259
0.00121275	0.139374
0.00122113	0.304407
0.00122951	0.637976
0.00123789	1.18875
0.00124627	2.15175
0.00125466	3.52155
0.00126304	5.42078
0.00127142	7.83108
0.0012798	10.4684
0.00128818	13.3261
0.00129656	15.8371
0.00130494	18.0175
0.00131332	19.8159
0.0013217	21.2469
0.00133008	23.4177
0.00133846	26.3219
0.00134684	31.9876
0.00135523	40.3979
0.00136361	53.813
0.00137199	72.2289
0.00138037	97.3143
0.00138875	129.097
0.00139713	167.916
0.00140551	213.801
0.00141389	266.251
0.00142227	325.241
0.00143065	390.857
0.00143903	463.049
0.00144741	542.755
0.0014558	629.974
0.00146418	725.633
0.00147256	829.827
0.00148094	942.323
0.00148932	1063.36
0.0014977	1189.85
0.00150608	1321.95
0.00151446	1454.34
0.00152284	1586.66
0.00153122	1716.54
0.0015396	1843.3
0.00154798	1970.31
0.00155637	2097.67
0.00156475	2228.09
0.00157313	2362.65
0.00158151	2495.6
0.00158989	2627.35
0.00159827	2747.96
0.00160665	2856.06
0.00161503	2949.28
0.00162341	3026.26
0.00163179	3092.45
0.00164017	3148.44
0.00164855	3196.41
0.00165694	3237.59
0.00166532	3267.4
0.0016737	3285.39
0.00168208	3288.75
0.00169046	3273.74
0.00169884	3239.71
0.00170722	3185.56
0.0017156	3111.91
0.00172398	3017.66
0.00173236	2909.94
0.00174074	2788.16
0.00174912	2665.46
0.00175751	2544.3
0.00176589	2432.23
0.00177427	2333.61
0.00178265	2241.02
0.00179103	2155.68
0.00179941	2063.13
0.00180779	1959.34
0.00181617	1840.03
0.00182455	1700.59
0.00183293	1551.23
0.00184131	1392.31
0.00184969	1236.05
0.00185808	1086.74
0.00186646	947.936
0.00187484	822.579
0.00188322	708.362
0.0018916	605.049
0.00189998	511.781
0.00190836	427.779
0.00191674	354.346
0.00192512	291.992
0.0019335	240.623
0.00194188	200.938
0.00195026	170.526
0.00195865	149.04
0.00196703	133.477
0.00197541	122.699
0.00198379	114.324
0.00199217	107.012
0.00200055	99.5022
0.00200893	90.6114
0.00201731	80.5664
0.00202569	68.8605
0.00203407	56.7063
0.00204245	44.5136
0.00205083	33.2369
0.00205922	23.6547
0.0020676	15.8048
0.00207598	10.0889
0.00208436	5.99467
0.00209274	3.37778
0.00210112	1.79252
0.0021095	0.852703
0.00211788	0.42096
0.00212626	0.179107
0.00213464	0.0765694
0.00214302	0.0295404
0.0021514	0.0107196
0.00215979	0.00354208
0.00216817	0.00114956
