0.000166815	2.74363e-36
0.00017352	9.8886e-35
0.000180225	3.87313e-34
0.000186929	1.20462e-32
0.000193634	4.709e-32
0.000200339	1.25618e-30
0.000207043	4.93092e-30
0.000213748	1.1293e-28
0.000220453	4.44697e-28
0.000227157	8.7541e-27
0.000233862	3.45414e-26
0.000240566	5.85275e-25
0.000247271	2.3108e-24
0.000253976	3.37576e-23
0.00026068	1.33148e-22
0.000267385	1.68026e-21
0.00027409	6.60799e-21
0.000280794	7.21978e-20
0.000287499	2.82469e-19
0.000294204	2.67905e-18
0.000300908	1.04005e-17
0.000307613	8.58874e-17
0.000314317	3.29862e-16
0.000321022	2.37994e-15
0.000327727	9.01201e-15
0.000334431	5.70301e-14
0.000341136	2.12101e-13
0.000347841	1.18238e-12
0.000354545	4.30055e-12
0.00036125	2.12202e-11
0.000367955	7.51263e-11
0.000374659	3.29833e-10
0.000381364	1.1308e-09
0.000388068	4.44212e-09
0.000394773	1.46672e-08
0.000401478	5.1858e-08
0.000408182	1.63957e-07
0.000414887	5.24942e-07
0.000421592	1.57978e-06
0.000428296	4.60869e-06
0.000435001	1.31227e-05
0.000441706	3.50965e-05
0.00044841	9.3995e-05
0.000455115	0.000231828
0.000461819	0.000580699
0.000468524	0.00132809
0.000475229	0.00309531
0.000481933	0.00659707
0.000488638	0.0142412
0.000495343	0.028406
0.000502047	0.0565881
0.000508752	0.107753
0.000515457	0.19635
0.000522161	0.352448
0.000528866	0.592451
0.000535571	0.983377
0.000542275	1.54202
0.00054898	2.37018
0.000555684	3.47574
0.000562389	4.96372
0.000569094	6.826
0.000575798	9.11215
0.000582503	11.8064
0.000589208	14.8749
0.000595912	18.3182
0.000602617	22.0935
0.000609322	26.2346
0.000616026	30.8452
0.000622731	35.9754
0.000629435	41.955
0.00063614	48.8062
0.000642845	56.9359
0.000649549	66.3092
0.000656254	77.0876
0.000662959	89.1955
0.000669663	102.309
0.000676368	116.361
0.000683073	130.604
0.000689777	145.024
0.000696482	158.824
0.000703186	172.062
0.000709891	184.443
0.000716596	196.083
0.0007233	207.726
0.000730005	219.502
0.00073671	233.452
0.000743414	249.657
0.000750119	271.106
0.000756824	297.789
0.000763528	332.577
0.000770233	375.379
0.000776937	427.583
0.000783642	489.078
0.000790347	558.951
0.000797051	637.136
0.000803756	720.755
0.000810461	809.808
0.000817165	900.703
0.00082387	993.471
0.000830575	1085.09
0.000837279	1175.59
0.000843984	1263.22
0.000850689	1347.97
0.000857393	1429.62
0.000864098	1508.14
0.000870802	1585.04
0.000877507	1660.26
0.000884212	1737.17
0.000890916	1815.69
0.000897621	1900.38
0.000904326	1991.24
0.00091103	2092.19
0.000917735	2203.4
0.00092444	2325.58
0.000931144	2459.11
0.000937849	2599.5
0.000944553	2747.14
0.000951258	2892.49
0.000957963	3035.68
0.000964667	3165.03
0.000971372	3280.18
0.000978077	3372.99
0.000984781	3444.41
0.000991486	3475.83
0.000998191	3487.97
0.0010049	3486.51
0.0010116	3451.25
0.0010183	3400.47
0.00102501	3336.38
0.00103171	3265.59
0.00103842	3188.81
0.00104512	3111
0.00105183	3032.9
0.00105853	2956.06
0.00106524	2880.89
0.00107194	2807.3
0.00107865	2735.41
0.00108535	2664.64
0.00109206	2595.08
0.00109876	2525.46
0.00110546	2455.89
0.00111217	2383.93
0.00111887	2309.48
0.00112558	2229.69
0.00113228	2144.07
0.00113899	2051.08
0.00114569	1950.02
0.0011524	1841.89
0.0011591	1726.25
0.00116581	1606.3
0.00117251	1482.16
0.00117922	1357.89
0.00118592	1234.1
0.00119263	1114.36
0.00119933	999.496
0.00120603	891.801
0.00121274	792.057
0.00121944	701.129
0.00122615	619.558
0.00123285	547.03
0.00123956	483.779
0.00124626	428.693
0.00125297	381.725
0.00125967	341.313
0.00126638	307.174
0.00127308	277.624
0.00127979	252.183
0.00128649	229.456
0.00129319	208.858
0.0012999	189.669
0.0013066	171.395
0.00131331	154.071
0.00132001	137.489
0.00132672	122.098
0.00133342	108.006
0.00134013	95.5602
0.00134683	85.0103
0.00135354	76.2661
0.00136024	69.4781
0.00136695	64.1319
0.00137365	60.1292
0.00138035	56.8231
0.00138706	53.8908
0.00139376	50.9075
0.00140047	47.505
0.00140717	43.6637
0.00141388	39.1826
0.00142058	34.3515
0.00142729	29.2275
0.00143399	24.1448
0.0014407	19.3271
0.0014474	14.9425
0.00145411	11.2024
0.00146081	8.07897
0.00146752	5.65336
0.00147422	3.80035
0.00148092	2.47297
0.00148763	1.55194
0.00149433	0.894521
0.00150104	0.549592
