0.000500379	2.82947e-16
0.000506246	1.42674e-15
0.000512113	4.85812e-15
0.000517979	2.34193e-14
0.000523846	7.49842e-14
0.000529712	3.3084e-13
0.000535579	1.04047e-12
0.000541445	4.21337e-12
0.000547312	1.29799e-11
0.000553178	4.83844e-11
0.000559045	1.45589e-10
0.000564911	5.01123e-10
0.000570778	1.46838e-09
0.000576644	4.68207e-09
0.000582511	1.3318e-08
0.000588378	3.94704e-08
0.000594244	1.08638e-07
0.000600111	3.00276e-07
0.000605977	7.9712e-07
0.000611844	2.06183e-06
0.00061771	5.26176e-06
0.000623577	1.27797e-05
0.000629443	3.12523e-05
0.00063531	7.15103e-05
0.000641176	0.000167058
0.000647043	0.000361267
0.000652909	0.000803875
0.000658776	0.00164786
0.000664643	0.00348312
0.000670509	0.00678668
0.000676376	0.0135939
0.000682242	0.0252377
0.000688109	0.0478054
0.000693975	0.0864373
0.000699842	0.152742
0.000705708	0.26366
0.000711575	0.439986
0.000717441	0.722012
0.000723308	1.14227
0.000729174	1.77948
0.000735041	2.6742
0.000740908	3.95263
0.000746774	5.6499
0.000752641	7.92412
0.000758507	10.7838
0.000764374	14.3624
0.00077024	18.6244
0.000776107	23.589
0.000781973	29.1807
0.00078784	35.2308
0.000793706	41.659
0.000799573	48.1276
0.000805439	54.6051
0.000811306	60.7418
0.000817173	66.5932
0.000823039	72.047
0.000828906	77.2374
0.000834772	82.4889
0.000840639	87.9584
0.000846505	94.4088
0.000852372	101.948
0.000858238	111.539
0.000864105	123.196
0.000869971	137.715
0.000875838	155.02
0.000881704	175.423
0.000887571	198.798
0.000893438	224.843
0.000899304	253.43
0.000905171	283.719
0.000911037	315.619
0.000916904	347.974
0.00092277	380.754
0.000928637	412.818
0.000934503	444.209
0.00094037	474.2
0.000946236	502.904
0.000952103	530.405
0.000957969	556.852
0.000963836	583.378
0.000969703	610.115
0.000975569	639.149
0.000981436	670.556
0.000987302	706.922
0.000993169	748.25
0.000999035	796.982
0.0010049	853.061
0.00101077	918.168
0.00101663	992.215
0.0010225	1075.65
0.00102837	1168.39
0.00103423	1269.34
0.0010401	1378.44
0.00104597	1492.98
0.00105183	1612.93
0.0010577	1734.27
0.00106357	1857.03
0.00106943	1976.72
0.0010753	2093.38
0.00108117	2203.28
0.00108703	2306.44
0.0010929	2401.02
0.00109877	2487.03
0.00110463	2565.01
0.0011105	2634.94
0.00111637	2699.33
0.00112223	2758.14
0.0011281	2814.52
0.00113397	2868.5
0.00113983	2922.25
0.0011457	2975.87
0.00115157	3029.42
0.00115743	3083.05
0.0011633	3134.64
0.00116916	3184.29
0.00117503	3228.75
0.0011809	3267.99
0.00118676	3299.62
0.00119263	3324.28
0.0011985	3331.72
0.00120436	3333.37
0.00121023	3331.57
0.0012161	3312.3
0.00122196	3283.39
0.00122783	3246.02
0.0012337	3200.32
0.00123956	3146.31
0.00124543	3085.18
0.0012513	3017.01
0.00125716	2942.67
0.00126303	2862.26
0.0012689	2776.32
0.00127476	2684.9
0.00128063	2588.34
0.0012865	2486.64
0.00129236	2380.19
0.00129823	2268.91
0.0013041	2153.7
0.00130996	2034.44
0.00131583	1912.95
0.00132169	1789.15
0.00132756	1665.9
0.00133343	1543.3
0.00133929	1424.78
0.00134516	1310.71
0.00135103	1204.13
0.00135689	1105.65
0.00136276	1016.78
0.00136863	938.171
0.00137449	869.176
0.00138036	810.202
0.00138623	758.722
0.00139209	714.661
0.00139796	674.711
0.00140383	638.307
0.00140969	602.713
0.00141556	567.112
0.00142143	530.282
0.00142729	491.511
0.00143316	451.259
0.00143903	409.209
0.00144489	366.956
0.00145076	324.664
0.00145663	284.181
0.00146249	246.027
0.00146836	211.511
0.00147422	181.244
0.00148009	155.602
0.00148596	135.023
0.00149182	118.987
0.00149769	107.607
0.00150356	99.7947
0.00150942	94.9877
0.00151529	93.2456
0.00152116	92.8075
0.00152702	92.6891
0.00153289	92.9299
0.00153876	93.0947
0.00154462	92.3121
0.00155049	90.3257
0.00155636	87.1615
0.00156222	82.8514
0.00156809	77.319
0.00157396	70.9205
0.00157982	63.7584
0.00158569	56.2369
0.00159156	48.5762
0.00159742	41.0914
0.00160329	34.031
0.00160916	27.5476
0.00161502	21.8325
0.00162089	16.8816
0.00162675	12.7799
0.00163262	9.42696
0.00163849	6.80365
0.00164435	4.78431
0.00165022	3.28475
0.00165609	2.20209
0.00166195	1.39719
0.00166782	0.9177
