0.000100103	2.51656e-20
0.000103622	1.9422e-19
0.000107142	7.01383e-19
0.000110662	5.00433e-18
0.000114182	1.73683e-17
0.000117702	1.11319e-16
0.000121222	3.82144e-16
0.000124742	2.20582e-15
0.000128261	7.47115e-15
0.000131781	3.8947e-14
0.000135301	1.29796e-13
0.000138821	6.12936e-13
0.000142341	2.00393e-12
0.000145861	8.60061e-12
0.000149381	2.74971e-11
0.0001529	1.07636e-10
0.00015642	3.35369e-10
0.00015994	1.2018e-09
0.00016346	3.63622e-09
0.00016698	1.19756e-08
0.0001705	3.50544e-08
0.00017402	1.06532e-07
0.000177539	3.00536e-07
0.000181059	8.46283e-07
0.000184579	2.29207e-06
0.000188099	6.00528e-06
0.000191619	1.55556e-05
0.000195139	3.80773e-05
0.000198659	9.39856e-05
0.000202178	0.000215803
0.000205698	0.000505817
0.000209218	0.00109364
0.000212738	0.00242655
0.000216258	0.00495814
0.000219778	0.0103858
0.000223298	0.020121
0.000226817	0.0397047
0.000230337	0.0736172
0.000233857	0.13615
0.000237377	0.244105
0.000240897	0.421365
0.000244417	0.716105
0.000247937	1.16897
0.000251456	1.88261
0.000254976	2.91616
0.000258496	4.45381
0.000262016	6.56524
0.000265536	9.52598
0.000269056	13.3979
0.000272576	18.5172
0.000276095	24.9151
0.000279615	32.908
0.000283135	42.4812
0.000286655	53.8219
0.000290175	66.8723
0.000293695	81.6009
0.000297214	97.928
0.000300734	115.584
0.000304254	134.496
0.000307774	154.227
0.000311294	174.738
0.000314814	195.561
0.000318334	216.711
0.000321853	237.863
0.000325373	259.09
0.000328893	280.401
0.000332413	301.93
0.000335933	324.225
0.000339453	347.477
0.000342973	372.975
0.000346492	400.934
0.000350012	433.46
0.000353532	470.718
0.000357052	515.372
0.000360572	567.456
0.000364092	629.469
0.000367612	701.291
0.000371131	784.296
0.000374651	878.273
0.000378171	982.862
0.000381691	1097.88
0.000385211	1221.49
0.000388731	1353.62
0.000392251	1491.99
0.00039577	1636.64
0.00039929	1785.87
0.00040281	1939.71
0.00040633	2097.08
0.00040985	2257.93
0.00041337	2420.62
0.00041689	2585.03
0.000420409	2747.55
0.000423929	2908.11
0.000427449	3061.06
0.000430969	3206.44
0.000434489	3338.66
0.000438009	3457.86
0.000441529	3561.93
0.000445048	3650.99
0.000448568	3728.88
0.000452088	3795.59
0.000455608	3860.3
0.000459128	3922.93
0.000462648	3994.27
0.000466168	4074.3
0.000469687	4170.75
0.000473207	4283.76
0.000476727	4415.01
0.000480247	4564.75
0.000483767	4728.35
0.000487287	4906.07
0.000490807	5088.54
0.000494326	5275.94
0.000497846	5456.19
0.000501366	5629.33
0.000504886	5782.59
0.000508406	5915.8
0.000511926	6019.62
0.000515446	6096.08
0.000518965	6111.03
0.000522485	6100.66
0.000526005	6072.41
0.000529525	5981.82
0.000533045	5857.92
0.000536565	5704.03
0.000540085	5528.87
0.000543604	5332.56
0.000547124	5128.46
0.000550644	4917.4
0.000554164	4709.26
0.000557684	4505.27
0.000561204	4309.22
0.000564724	4122.17
0.000568243	3942.32
0.000571763	3770.07
0.000575283	3601.1
0.000578803	3435.05
0.000582323	3268.66
0.000585843	3101.19
0.000589362	2932.5
0.000592882	2762.01
0.000596402	2592.35
0.000599922	2423.48
0.000603442	2258.95
0.000606962	2099.22
0.000610482	1946.84
0.000614001	1802.48
0.000617521	1666.8
0.000621041	1540.27
0.000624561	1421.99
0.000628081	1312.07
0.000631601	1209
0.000635121	1112.57
0.00063864	1021.63
0.00064216	935.822
0.00064568	854.745
0.0006492	778.151
0.00065272	706.197
0.00065624	638.83
0.00065976	576.35
0.000663279	518.852
0.000666799	466.388
0.000670319	419.089
0.000673839	376.57
0.000677359	338.879
0.000680879	305.229
0.000684399	275.511
0.000687918	248.759
0.000691438	224.698
0.000694958	202.508
0.000698478	181.826
0.000701998	162.237
0.000705518	143.431
0.000709038	125.445
0.000712557	108.144
0.000716077	91.8296
0.000719597	76.5623
0.000723117	62.6261
0.000726637	50.184
0.000730157	39.3119
0.000733677	30.1406
0.000737196	22.5201
0.000740716	16.4645
0.000744236	11.7036
0.000747756	8.13612
0.000751276	5.49532
0.000754796	3.62228
0.000758316	2.32448
0.000761835	1.44812
0.000765355	0.883901
0.000768875	0.518343
0.000772395	0.301675
0.000775915	0.165056
0.000779435	0.092371
0.000782955	0.0470394
0.000786474	0.0253459
0.000789994	0.0122312
0.000793514	0.00621629
0.000797034	0.00257517
0.000800554	0.00136147
