0.000500379	4.80559e-92
0.000507922	7.57231e-88
0.000515465	3.02878e-87
0.000523008	3.51444e-83
0.00053055	1.42003e-82
0.000538093	1.21317e-78
0.000545636	4.95265e-78
0.000553179	3.11481e-74
0.000560721	1.28495e-73
0.000568264	5.94822e-70
0.000575807	2.47995e-69
0.00058335	8.44867e-66
0.000590892	3.56049e-65
0.000598435	8.92559e-62
0.000605978	3.80263e-61
0.000613521	7.01354e-58
0.000621063	3.02111e-57
0.000628606	4.09916e-54
0.000636149	1.78549e-53
0.000643692	1.78204e-50
0.000651234	7.84978e-50
0.000658777	5.7626e-47
0.00066632	2.56724e-46
0.000673862	1.38617e-43
0.000681405	6.24574e-43
0.000688948	2.48048e-40
0.000696491	1.13035e-39
0.000704033	3.30228e-37
0.000711576	1.52178e-36
0.000719119	3.27117e-34
0.000726662	1.52407e-33
0.000734204	2.41143e-31
0.000741747	1.13547e-30
0.00074929	1.32321e-28
0.000756833	6.29312e-28
0.000764375	5.40637e-26
0.000771918	2.59468e-25
0.000779461	1.64547e-23
0.000787004	7.95865e-23
0.000794546	3.73287e-21
0.000802089	1.81612e-20
0.000809632	6.317e-19
0.000817175	3.0833e-18
0.000824717	7.98285e-17
0.00083226	3.89479e-16
0.000839803	7.54387e-15
0.000847345	3.66088e-14
0.000854888	5.34077e-13
0.000862431	2.5608e-12
0.000869974	2.839e-11
0.000877516	1.33332e-10
0.000885059	1.13621e-09
0.000892602	5.16867e-09
0.000900145	3.4342e-08
0.000907687	1.49236e-07
0.00091523	7.86496e-07
0.000922773	3.21117e-06
0.000930316	1.36914e-05
0.000937858	5.15358e-05
0.000945401	0.00018165
0.000952944	0.000617646
0.000960487	0.00184005
0.000968029	0.00553792
0.000975572	0.0142413
0.000983115	0.0372487
0.000990658	0.0842055
0.0009982	0.188713
0.00100574	0.39231
0.00101329	0.743802
0.00102083	1.3603
0.00102837	2.24301
0.00103591	3.51164
0.00104346	5.13315
0.001051	7.02429
0.00105854	9.14646
0.00106608	11.1745
0.00107363	13.1055
0.00108117	14.6244
0.00108871	15.7647
0.00109626	16.4979
0.0011038	16.8623
0.00111134	17.1608
0.00111888	17.4045
0.00112643	17.9933
0.00113397	19.1721
0.00114151	21.4942
0.00114906	24.9729
0.0011566	30.3084
0.00116414	37.481
0.00117168	46.8608
0.00117923	58.445
0.00118677	72.5393
0.00119431	89.1623
0.00120185	109.108
0.0012094	132.37
0.00121694	159.721
0.00122448	191.136
0.00123203	226.417
0.00123957	265.561
0.00124711	308.073
0.00125465	353.957
0.0012622	403.865
0.00126974	457.785
0.00127728	517.226
0.00128482	582.189
0.00129237	653.656
0.00129991	731.651
0.00130745	816.129
0.001315	907.141
0.00132254	1003.37
0.00133008	1104.89
0.00133762	1208.84
0.00134517	1315.21
0.00135271	1421.59
0.00136025	1527.77
0.00136779	1634.55
0.00137534	1741.8
0.00138288	1851.96
0.00139042	1965.22
0.00139797	2081.8
0.00140551	2201.92
0.00141305	2323.58
0.00142059	2446.83
0.00142814	2569.15
0.00143568	2690.65
0.00144322	2807.63
0.00145076	2920.3
0.00145831	3022.57
0.00146585	3114.21
0.00147339	3189.68
0.00148094	3247.79
0.00148848	3290.45
0.00149602	3316.7
0.00150356	3335.39
0.00151111	3348.75
0.00151865	3351.85
0.00152619	3351.65
0.00153373	3349.26
0.00154128	3319.33
0.00154882	3261.03
0.00155636	3174.8
0.00156391	3066.53
0.00157145	2934.9
0.00157899	2796.99
0.00158653	2655.77
0.00159408	2518.32
0.00160162	2387.51
0.00160916	2260.51
0.0016167	2137.21
0.00162425	2016.22
0.00163179	1896.72
0.00163933	1780.63
0.00164688	1668.46
0.00165442	1560.13
0.00166196	1456.01
0.0016695	1354.69
0.00167705	1255.5
0.00168459	1159.48
0.00169213	1066.36
0.00169968	978.555
0.00170722	896.848
0.00171476	821.77
0.0017223	754.149
0.00172985	692.033
0.00173739	635.367
0.00174493	581.532
0.00175247	529.634
0.00176002	478.412
0.00176756	426.9
0.0017751	375.804
0.00178265	324.82
0.00179019	275.676
0.00179773	228.82
0.00180527	185.721
0.00181282	147.152
0.00182036	113.598
0.0018279	85.6751
0.00183544	62.8157
0.00184299	45.1416
0.00185053	31.5419
0.00185807	21.6331
0.00186562	14.4402
0.00187316	9.39687
0.0018807	5.93246
0.00188824	3.59676
0.00189579	2.09768
0.00190333	1.14678
0.00191087	0.608438
0.00191841	0.287175
0.00192596	0.139927
0.0019335	0.0588068
0.00194104	0.024727
0.00194859	0.00935866
0.00195613	0.00330752
0.00196367	0.00114582
0.00197121	0.000332164
0.00197876	0.000107177
0.0019863	2.49367e-05
0.00199384	7.28138e-06
0.00200138	1.39627e-06
