0.000500379	3.88833e-102
0.000507922	3.18501e-98
0.000515465	1.27389e-97
0.000523008	8.17141e-94
0.00053055	3.30148e-93
0.000538093	1.65813e-89
0.000545636	6.76857e-89
0.000553179	2.66124e-85
0.000560721	1.09773e-84
0.000568264	3.3783e-81
0.000575807	1.40833e-80
0.00058335	3.39202e-77
0.000590892	1.4293e-76
0.000598435	2.69381e-73
0.000605978	1.1475e-72
0.000613521	1.6921e-69
0.000621063	7.28767e-69
0.000628606	8.40691e-66
0.000636149	3.6613e-65
0.000643692	3.30374e-62
0.000651234	1.4551e-61
0.000658777	1.02693e-58
0.00066632	4.57466e-58
0.000673862	2.52491e-55
0.000681405	1.13772e-54
0.000688948	4.91066e-52
0.000696491	2.23832e-51
0.000704033	7.55505e-49
0.000711576	3.48353e-48
0.000719119	9.19521e-46
0.000726662	4.28873e-45
0.000734204	8.85409e-43
0.000741747	4.17687e-42
0.00074929	6.74566e-40
0.000756833	3.21801e-39
0.000764375	4.06683e-37
0.000771918	1.96129e-36
0.000779461	1.94048e-34
0.000787004	9.45621e-34
0.000794546	7.32947e-32
0.000802089	3.60676e-31
0.000809632	2.19212e-29
0.000817175	1.0883e-28
0.000824717	5.19323e-27
0.00083226	2.59789e-26
0.000839803	9.74948e-25
0.000847345	4.90619e-24
0.000854888	1.45125e-22
0.000862431	7.33049e-22
0.000869974	1.71406e-20
0.000877516	8.66581e-20
0.000885059	1.60772e-18
0.000892602	8.10586e-18
0.000900145	1.19885e-16
0.000907687	5.99985e-16
0.00091523	7.11597e-15
0.000922773	3.51465e-14
0.000930316	3.36718e-13
0.000937858	1.62965e-12
0.000945401	1.27228e-11
0.000952944	5.98226e-11
0.000960487	3.84562e-10
0.000968029	1.73909e-09
0.000975572	9.31556e-09
0.000983115	4.00534e-08
0.000990658	1.81164e-07
0.0009982	7.31229e-07
0.00100574	2.8328e-06
0.00101329	1.059e-05
0.00102083	3.5658e-05
0.00102837	0.000121794
0.00103591	0.000361608
0.00104346	0.00111404
0.001051	0.00295572
0.00105854	0.00812158
0.00106608	0.0194801
0.00107363	0.0473323
0.00108117	0.103591
0.00108871	0.221479
0.00109626	0.45194
0.0011038	0.850813
0.00111134	1.59224
0.00111888	2.69284
0.00112643	4.46867
0.00113397	6.92197
0.00114151	10.3738
0.00114906	14.8162
0.0011566	20.444
0.00116414	27.2576
0.00117168	35.424
0.00117923	44.9665
0.00118677	56.4373
0.00119431	69.8672
0.00120185	86.5349
0.0012094	106.448
0.00121694	131.331
0.00122448	161.164
0.00123203	197.281
0.00123957	239.659
0.00124711	288.692
0.00125465	344.373
0.0012622	406.346
0.00126974	474.618
0.00127728	548.321
0.00128482	627.477
0.00129237	710.424
0.00129991	797.191
0.00130745	885.469
0.001315	975.224
0.00132254	1065.26
0.00133008	1155.43
0.00133762	1247.76
0.00134517	1342.15
0.00135271	1442.56
0.00136025	1549.25
0.00136779	1662.28
0.00137534	1782.22
0.00138288	1901.38
0.00139042	2019.86
0.00139797	2128.46
0.00140551	2226.15
0.00141305	2314.2
0.00142059	2391.4
0.00142814	2471.11
0.00143568	2553.78
0.00144322	2650.29
0.00145076	2762.94
0.00145831	2885.13
0.00146585	3018.7
0.00147339	3142.28
0.00148094	3254.92
0.00148848	3339.15
0.00149602	3393.78
0.00150356	3405.19
0.00151111	3389.95
0.00151865	3356.95
0.00152619	3303.36
0.00153373	3249.33
0.00154128	3197.87
0.00154882	3154.93
0.00155636	3123.83
0.00156391	3095.2
0.00157145	3070.16
0.00157899	3031.52
0.00158653	2977.01
0.00159408	2894.98
0.00160162	2781.04
0.00160916	2639.7
0.0016167	2468.08
0.00162425	2284.57
0.00163179	2090.86
0.00163933	1904.61
0.00164688	1730.83
0.00165442	1574.35
0.00166196	1438.99
0.0016695	1318.44
0.00167705	1212.72
0.00168459	1114.35
0.00169213	1021.03
0.00169968	930.477
0.00170722	840.99
0.00171476	754.301
0.0017223	670.42
0.00172985	590.954
0.00173739	516.591
0.00174493	447.373
0.00175247	383.482
0.00176002	324.819
0.00176756	271.24
0.0017751	223.283
0.00178265	181.155
0.00179019	144.986
0.00179773	115.158
0.00180527	90.6517
0.00181282	71.3814
0.00182036	55.9208
0.0018279	43.6732
0.00183544	33.7773
0.00184299	25.6462
0.00185053	19.0313
0.00185807	13.6643
0.00186562	9.43462
0.00187316	6.26153
0.0018807	3.94076
0.00188824	2.37593
0.00189579	1.35166
0.00190333	0.720662
0.00191087	0.376847
0.00191841	0.175934
0.00192596	0.0848644
0.0019335	0.0359152
0.00194104	0.0152866
0.00194859	0.00592971
0.00195613	0.00219509
0.00196367	0.000789931
0.00197121	0.000250703
0.00197876	8.47197e-05
0.0019863	2.27378e-05
0.00199384	6.91131e-06
0.00200138	1.63582e-06
