3.33898e-05	25.7235
3.52334e-05	30.2484
3.70771e-05	35.0692
3.89207e-05	40.2104
4.07644e-05	45.6009
4.2608e-05	51.1667
4.44517e-05	56.9265
4.62953e-05	62.8526
4.8139e-05	69.0056
4.99827e-05	75.4244
5.18263e-05	82.1697
5.367e-05	89.3259
5.55136e-05	96.9082
5.73573e-05	104.988
5.92009e-05	113.516
6.10446e-05	122.488
6.28882e-05	131.815
6.47319e-05	141.396
6.65755e-05	151.158
6.84192e-05	160.949
7.02628e-05	170.769
7.21065e-05	180.513
7.39502e-05	190.284
7.57938e-05	200.122
7.76375e-05	210.217
7.94811e-05	220.81
8.13248e-05	232.129
8.31684e-05	244.596
8.50121e-05	258.441
8.68557e-05	274.199
8.86994e-05	292.088
9.0543e-05	312.704
9.23867e-05	336.257
9.42303e-05	363.392
9.6074e-05	394.316
9.79177e-05	429.729
9.97613e-05	469.802
0.000101605	515.254
0.000103449	566.16
0.000105292	623.123
0.000107136	686.073
0.00010898	755.285
0.000110823	830.555
0.000112667	911.648
0.000114511	998.309
0.000116354	1089.8
0.000118198	1185.96
0.000120042	1285.84
0.000121885	1389.46
0.000123729	1496.23
0.000125572	1606.43
0.000127416	1720.38
0.00012926	1838.6
0.000131103	1962.68
0.000132947	2093.2
0.000134791	2232.93
0.000136634	2382.22
0.000138478	2544.28
0.000140322	2719.08
0.000142165	2909
0.000144009	3113.57
0.000145853	3333.02
0.000147696	3566.56
0.00014954	3811.44
0.000151384	4066.78
0.000153227	4326.97
0.000155071	4591.33
0.000156915	4852.46
0.000158758	5110.05
0.000160602	5356.73
0.000162446	5592.59
0.000164289	5812.02
0.000166133	6015.38
0.000167977	6199.95
0.00016982	6366.19
0.000171664	6514.44
0.000173507	6645.08
0.000175351	6760.95
0.000177195	6862.3
0.000179038	6953.52
0.000180882	7034.76
0.000182726	7111.06
0.000184569	7182.45
0.000186413	7253.73
0.000188257	7324.82
0.0001901	7399.29
0.000191944	7476.94
0.000193788	7558.97
0.000195631	7645.16
0.000197475	7733.53
0.000199319	7823.92
0.000201162	7911.35
0.000203006	7995.78
0.00020485	8070.6
0.000206693	8135.88
0.000208537	8186.98
0.000210381	8223.63
0.000212224	8228.61
0.000214068	8224.13
0.000215912	8209.74
0.000217755	8162.62
0.000219599	8098.96
0.000221442	8018.79
0.000223286	7923.76
0.00022513	7813.85
0.000226973	7692.18
0.000228817	7558.75
0.000230661	7416.15
0.000232504	7264.38
0.000234348	7105.66
0.000236192	6939.99
0.000238035	6769.66
0.000239879	6594.64
0.000241723	6417.59
0.000243566	6238.5
0.00024541	6060.33
0.000247254	5883.1
0.000249097	5709.72
0.000250941	5540.27
0.000252785	5377.02
0.000254628	5220.11
0.000256472	5070.48
0.000258316	4928.35
0.000260159	4792.74
0.000262003	4663.88
0.000263847	4538.84
0.00026569	4417.72
0.000267534	4296.37
0.000269377	4174.67
0.000271221	4048.64
0.000273065	3917.93
0.000274908	3780.21
0.000276752	3635
0.000278596	3482.43
0.000280439	3322.13
0.000282283	3156.41
0.000284127	2985.18
0.00028597	2811.84
0.000287814	2636.6
0.000289658	2462.78
0.000291501	2290.75
0.000293345	2122.96
0.000295189	1959.81
0.000297032	1802.76
0.000298876	1652.12
0.00030072	1508.58
0.000302563	1372.35
0.000304407	1243.71
0.000306251	1122.76
0.000308094	1009.57
0.000309938	904.2
0.000311782	806.551
0.000313625	716.657
0.000315469	634.269
0.000317312	559.396
0.000319156	491.628
0.000321	430.945
0.000322843	376.767
0.000324687	329.036
0.000326531	287.024
0.000328374	250.62
0.000330218	219.005
0.000332062	192.011
0.000333905	168.826
0.000335749	149.235
0.000337593	132.539
0.000339436	118.506
0.00034128	106.605
0.000343124	96.6275
0.000344967	88.1962
0.000346811	81.1515
0.000348655	75.207
0.000350498	70.2452
0.000352342	66.0114
0.000354186	62.4046
0.000356029	59.185
0.000357873	56.2449
0.000359717	53.3924
0.00036156	50.5138
0.000363404	47.5136
0.000365247	44.2979
0.000367091	40.888
0.000368935	37.2418
0.000370778	33.468
0.000372622	29.5899
0.000374466	25.742
0.000376309	21.9958
0.000378153	18.4523
0.000379997	15.1948
0.00038184	12.2616
0.000383684	9.71205
0.000385528	7.52793
0.000387371	5.72747
0.000389215	4.26138
0.000391059	3.11062
0.000392902	2.22144
0.000394746	1.55386
0.00039659	1.06564
0.000398433	0.697687
0.000400277	0.470232
