0.000500379	9.47929e-19
0.000506246	5.775e-18
0.000512113	2.02562e-17
0.000517979	1.16458e-16
0.000523846	3.88414e-16
0.000529712	2.032e-15
0.000535579	6.68341e-15
0.000541445	3.18973e-14
0.000547312	1.03203e-13
0.000553178	4.50576e-13
0.000559045	1.43021e-12
0.000564911	5.72888e-12
0.000570778	1.77891e-11
0.000576644	6.55794e-11
0.000582511	1.98604e-10
0.000588378	6.76028e-10
0.000594244	1.99045e-09
0.000600111	6.27711e-09
0.000605977	1.791e-08
0.000611844	5.2511e-08
0.00061771	1.44707e-07
0.000623577	3.95846e-07
0.000629443	1.05006e-06
0.00063531	2.68953e-06
0.000641176	6.84509e-06
0.000647043	1.64735e-05
0.000652909	4.0097e-05
0.000658776	9.09796e-05
0.000664643	0.000211142
0.000670509	0.00045316
0.000676376	0.00099994
0.000682242	0.00203623
0.000688109	0.00426158
0.000693975	0.00825707
0.000699842	0.0163567
0.000705708	0.0302653
0.000711575	0.05662
0.000717441	0.102118
0.000723308	0.178463
0.000729174	0.306506
0.000735041	0.507669
0.000740908	0.829502
0.000746774	1.30626
0.000752641	2.03043
0.000758507	3.04786
0.000764374	4.51115
0.00077024	6.46986
0.000776107	9.1351
0.000781973	12.5466
0.00078784	16.9432
0.000793706	22.3416
0.000799573	28.95
0.000805439	36.7569
0.000811306	45.8763
0.000817173	56.2762
0.000823039	67.9412
0.000828906	80.8367
0.000834772	94.8367
0.000840639	109.923
0.000846505	125.936
0.000852372	142.886
0.000858238	160.685
0.000864105	179.372
0.000869971	199.021
0.000875838	219.677
0.000881704	241.584
0.000887571	264.76
0.000893438	289.494
0.000899304	315.765
0.000905171	343.702
0.000911037	373.265
0.000916904	404.321
0.00092277	436.858
0.000928637	470.651
0.000934503	505.754
0.00094037	542.269
0.000946236	580.306
0.000952103	620.678
0.000957969	663.492
0.000963836	710.26
0.000969703	761.025
0.000975569	817.51
0.000981436	879.67
0.000987302	948.71
0.000993169	1024.53
0.000999035	1107.24
0.0010049	1196.73
0.00101077	1291.79
0.00101663	1392.34
0.0010225	1495.99
0.00102837	1602.71
0.00103423	1709.34
0.0010401	1815.89
0.00104597	1919.14
0.00105183	2019.13
0.0010577	2113.47
0.00106357	2202.19
0.00106943	2284.54
0.0010753	2360.54
0.00108117	2431.29
0.00108703	2496.79
0.0010929	2559.37
0.00109877	2619.04
0.00110463	2677.96
0.0011105	2736.17
0.00111637	2794.25
0.00112223	2852.26
0.0011281	2908.5
0.00113397	2963.07
0.00113983	3012.54
0.0011457	3056.95
0.00115157	3093.19
0.00115743	3121.51
0.0011633	3134.49
0.00116916	3139.85
0.00117503	3138.76
0.0011809	3122.88
0.00118676	3099.07
0.00119263	3067.79
0.0011985	3031.33
0.00120436	2989.8
0.00121023	2945.1
0.0012161	2897.4
0.00122196	2847.08
0.00122783	2794.25
0.0012337	2738.37
0.00123956	2679.41
0.00124543	2617.04
0.0012513	2551.15
0.00125716	2482.31
0.00126303	2410.43
0.0012689	2336.75
0.00127476	2261.33
0.00128063	2185.25
0.0012865	2108.67
0.00129236	2031.88
0.00129823	1955.03
0.0013041	1877.66
0.00130996	1799.78
0.00131583	1720.9
0.00132169	1640.89
0.00132756	1559.95
0.00133343	1477.94
0.00133929	1396
0.00134516	1314.09
0.00135103	1233.88
0.00135689	1155.53
0.00136276	1080.47
0.00136863	1009.01
0.00137449	941.777
0.00138036	879.072
0.00138623	820.688
0.00139209	766.749
0.00139796	716.565
0.00140383	670.069
0.00140969	626.549
0.00141556	585.837
0.00142143	547.473
0.00142729	511.31
0.00143316	477.093
0.00143903	444.758
0.00144489	414.034
0.00145076	384.894
0.00145663	356.928
0.00146249	330.054
0.00146836	303.843
0.00147422	278.127
0.00148009	252.724
0.00148596	227.455
0.00149182	202.546
0.00149769	177.933
0.00150356	154.148
0.00150942	131.309
0.00151529	109.961
0.00152116	90.3495
0.00152702	72.7631
0.00153289	57.4393
0.00153876	44.3195
0.00154462	33.5128
0.00155049	24.7094
0.00155636	17.8549
0.00156222	12.5598
0.00156809	8.65379
0.00157396	5.80379
0.00157982	3.80423
0.00158569	2.43302
0.00159156	1.51305
0.00159742	0.923884
0.00160329	0.543247
0.00160916	0.317411
0.00161502	0.175253
0.00162089	0.0986461
0.00162675	0.0508771
0.00163262	0.0277291
0.00163849	0.013597
0.00164435	0.00703086
0.00165022	0.00328588
0.00165609	0.00160694
0.00166195	0.000649889
0.00166782	0.000330874
