0.000500379	5.72365e-156
0.000509598	1.21742e-150
0.000518817	4.86968e-150
0.000528036	7.87367e-145
0.000537255	3.18167e-144
0.000546474	3.90995e-139
0.000555693	1.59638e-138
0.000564912	1.49081e-133
0.000574131	6.15099e-133
0.00058335	4.36447e-128
0.000592569	1.82004e-127
0.000601788	9.81054e-123
0.000611007	4.13564e-122
0.000620226	1.69319e-117
0.000629445	7.21658e-117
0.000638664	2.24373e-112
0.000647883	9.67044e-112
0.000657101	2.28288e-107
0.00066632	9.95146e-107
0.000675539	1.78337e-102
0.000684758	7.86417e-102
0.000693977	1.06966e-97
0.000703196	4.77248e-97
0.000712415	4.92598e-93
0.000721634	2.22413e-92
0.000730853	1.74173e-88
0.000740072	7.9598e-88
0.000749291	4.72836e-84
0.00075851	2.1876e-83
0.000767729	9.85553e-80
0.000776948	4.61699e-79
0.000786167	1.57721e-75
0.000795386	7.48297e-75
0.000804605	1.93794e-71
0.000813823	9.31351e-71
0.000823042	1.82824e-67
0.000832261	8.90178e-67
0.00084148	1.32425e-63
0.000850699	6.53378e-63
0.000859918	7.36481e-60
0.000869137	3.68279e-59
0.000878356	3.14494e-56
0.000887575	1.59409e-55
0.000896794	1.03118e-52
0.000906013	5.29877e-52
0.000915232	2.59625e-49
0.000924451	1.35258e-48
0.00093367	5.01966e-46
0.000942889	2.65141e-45
0.000952108	7.45332e-43
0.000961327	3.99135e-42
0.000970545	8.50003e-40
0.000979764	4.61416e-39
0.000988983	7.44648e-37
0.000998202	4.09638e-36
0.00100742	5.01219e-34
0.00101664	2.79284e-33
0.00102586	2.59278e-31
0.00103508	1.4623e-30
0.0010443	1.03115e-28
0.00105352	5.88001e-28
0.00106273	3.1543e-26
0.00107195	1.81587e-25
0.00108117	7.42645e-24
0.00109039	4.30696e-23
0.00109961	1.34682e-21
0.00110883	7.84616e-21
0.00111805	1.88341e-19
0.00112727	1.09793e-18
0.00113649	2.03359e-17
0.00114571	1.1802e-16
0.00115492	1.69813e-15
0.00116414	9.7467e-15
0.00117336	1.09881e-13
0.00118258	6.1851e-13
0.0011918	5.522e-12
0.00120102	3.0166e-11
0.00121024	2.1605e-10
0.00121946	1.13108e-09
0.00122868	6.59746e-09
0.00123789	3.26163e-08
0.00124711	1.57598e-07
0.00125633	7.23712e-07
0.00126555	2.95015e-06
0.00127477	1.23645e-05
0.00128399	4.33199e-05
0.00129321	0.000162799
0.00130243	0.000499011
0.00131165	0.00165391
0.00132087	0.00450549
0.00133008	0.0129857
0.0013393	0.0318363
0.00134852	0.0789783
0.00135774	0.175763
0.00136696	0.373344
0.00137618	0.77562
0.0013854	1.42915
0.00139462	2.59315
0.00140384	4.26612
0.00141305	6.72687
0.00142227	9.97308
0.00143149	14.0548
0.00144071	18.9728
0.00144993	24.6309
0.00145915	31.0245
0.00146837	38.3301
0.00147759	46.5345
0.00148681	56.2113
0.00149603	67.3462
0.00150524	80.7545
0.00151446	96.4058
0.00152368	115.675
0.0015329	138.533
0.00154212	166.906
0.00155134	200.879
0.00156056	241.198
0.00156978	288.076
0.001579	339.415
0.00158821	395.291
0.00159743	452.538
0.00160665	510.788
0.00161587	570.536
0.00162509	631.152
0.00163431	699.34
0.00164353	774.999
0.00165275	866.548
0.00166197	974.956
0.00167118	1101.81
0.0016804	1248.26
0.00168962	1407.5
0.00169884	1579.43
0.00170806	1757.23
0.00171728	1940.04
0.0017265	2125.67
0.00173572	2314.41
0.00174494	2500.9
0.00175416	2686.39
0.00176337	2855.67
0.00177259	3008.12
0.00178181	3129.24
0.00179103	3222.35
0.00180025	3247.69
0.00180947	3246.7
0.00181869	3240.93
0.00182791	3185.53
0.00183713	3112.3
0.00184634	3031.04
0.00185556	2948.05
0.00186478	2865.57
0.001874	2790.02
0.00188322	2723.82
0.00189244	2666.67
0.00190166	2620.78
0.00191088	2576.91
0.0019201	2535.03
0.00192932	2482.05
0.00193853	2414.63
0.00194775	2326.48
0.00195697	2213.27
0.00196619	2081.04
0.00197541	1928.5
0.00198463	1768.08
0.00199385	1602.68
0.00200307	1440.84
0.00201229	1286.51
0.0020215	1141.02
0.00203072	1006.05
0.00203994	880.458
0.00204916	763.797
0.00205838	657.16
0.0020676	560.387
0.00207682	475.859
0.00208604	404.841
0.00209526	347.121
0.00210448	303.929
0.00211369	271.342
0.00212291	248.714
0.00213213	231.295
0.00214135	216.794
0.00215057	202.727
0.00215979	186.943
0.00216901	169.552
0.00217823	149.676
0.00218745	128.685
0.00219666	106.853
0.00220588	85.6361
0.0022151	65.9212
0.00222432	48.4568
0.00223354	34.1204
0.00224276	22.6708
0.00225198	14.4089
0.0022612	8.57592
0.00227042	4.83438
0.00227964	2.58286
0.00228885	1.23542
0.00229807	0.615292
0.00230729	0.264338
0.00231651	0.114575
0.00232573	0.0410939
0.00233495	0.0166
