0.000100103	4.18514e-06
0.00010312	8.45192e-06
0.000106137	2.12523e-05
0.000109154	4.51716e-05
0.000112171	9.97117e-05
0.000115188	0.000202827
0.000118205	0.00043231
0.000121222	0.000843222
0.000124239	0.00173234
0.000127256	0.00324602
0.000130273	0.00641723
0.00013329	0.0115715
0.000136307	0.0219803
0.000139324	0.0386853
0.000142341	0.0697658
0.000145358	0.119449
0.000148375	0.20508
0.000151392	0.339708
0.000154408	0.557926
0.000157425	0.892436
0.000160442	1.40504
0.000163459	2.16722
0.000166476	3.2762
0.000169493	4.8684
0.00017251	7.07571
0.000175527	10.1238
0.000178544	14.1607
0.000181561	19.5042
0.000184578	26.2771
0.000187595	34.8445
0.000190612	45.2483
0.000193629	57.7905
0.000196646	72.3845
0.000199663	89.1096
0.00020268	107.743
0.000205697	127.995
0.000208714	149.561
0.000211731	171.741
0.000214748	194.26
0.000217765	216.151
0.000220782	237.286
0.000223799	256.766
0.000226816	274.685
0.000229833	290.617
0.00023285	304.876
0.000235867	317.828
0.000238884	329.921
0.000241901	342.399
0.000244918	355.713
0.000247935	371.783
0.000250952	390.94
0.000253969	415.352
0.000256986	445.156
0.000260003	482.242
0.00026302	526.54
0.000266037	579.188
0.000269054	639.941
0.000272071	708.873
0.000275088	785.637
0.000278105	869.159
0.000281122	959.08
0.000284139	1053.36
0.000287156	1151.71
0.000290173	1251.53
0.00029319	1352.7
0.000296207	1452.65
0.000299224	1551.42
0.000302241	1647.13
0.000305258	1739.97
0.000308275	1829.29
0.000311292	1915.35
0.000314309	1999.03
0.000317326	2080.64
0.000320343	2162.57
0.00032336	2245.06
0.000326377	2331.69
0.000329394	2422.57
0.000332411	2521.68
0.000335428	2629
0.000338445	2747.81
0.000341462	2877.92
0.000344479	3020.71
0.000347496	3175.86
0.000350513	3341.78
0.00035353	3518.17
0.000356547	3700.22
0.000359564	3887.72
0.000362581	4073.51
0.000365598	4257.56
0.000368615	4432.32
0.000371632	4597.9
0.000374649	4748.68
0.000377666	4884.87
0.000380683	5004.5
0.0003837	5107.72
0.000386717	5196.46
0.000389734	5270.75
0.000392751	5334.89
0.000395768	5388.84
0.000398785	5436.73
0.000401802	5478.52
0.000404819	5515.87
0.000407836	5548.81
0.000410853	5576.56
0.00041387	5599.38
0.000416887	5603.5
0.000419904	5603.37
0.000422921	5599.17
0.000425938	5569.91
0.000428955	5525.78
0.000431972	5467.27
0.000434989	5394.43
0.000438006	5307.11
0.000441023	5209.29
0.00044404	5100.92
0.000447057	4986.56
0.000450074	4866.31
0.000453091	4743.49
0.000456108	4618.29
0.000459125	4492.14
0.000462142	4365.17
0.000465159	4237.48
0.000468176	4109.09
0.000471193	3979.89
0.00047421	3849.82
0.000477227	3719.41
0.000480244	3588.59
0.000483261	3458.64
0.000486278	3329.57
0.000489295	3202.82
0.000492312	3078.52
0.000495329	2957.62
0.000498346	2840.29
0.000501363	2726.69
0.00050438	2616.92
0.000507397	2510.48
0.000510414	2407.39
0.000513431	2306.89
0.000516448	2208.92
0.000519465	2112.83
0.000522482	2018.54
0.000525499	1925.68
0.000528516	1834.17
0.000531533	1743.8
0.00053455	1654.54
0.000537567	1566.14
0.000540584	1478.58
0.000543601	1391.6
0.000546618	1305.11
0.000549635	1219.01
0.000552652	1133.17
0.000555669	1047.94
0.000558686	963.21
0.000561703	879.905
0.00056472	798.038
0.000567737	718.966
0.000570754	642.885
0.000573771	571.149
0.000576788	504.112
0.000579805	442.64
0.000582822	387.122
0.000585839	337.65
0.000588856	294.489
0.000591873	256.998
0.00059489	225.207
0.000597907	198.054
0.000600924	175.328
0.000603941	155.954
0.000606958	139.574
0.000609975	125.399
0.000612992	113.064
0.000616009	102.167
0.000619026	92.4475
0.000622043	83.8002
0.00062506	76.1074
0.000628077	69.3758
0.000631094	63.5944
0.000634111	58.7169
0.000637128	54.76
0.000640145	51.557
0.000643162	49.0796
0.000646179	47.0782
0.000649196	45.4523
0.000652213	43.9647
0.00065523	42.4685
0.000658247	40.8263
0.000661264	38.9022
0.000664281	36.6906
0.000667298	34.1199
0.000670315	31.2865
0.000673332	28.2029
0.000676349	25.0027
0.000679366	21.7633
0.000682383	18.5943
0.0006854	15.595
0.000688417	12.8194
0.000691434	10.3466
0.000694451	8.17637
0.000697468	6.33728
0.000700485	4.81954
