0.000100103	1.17279e-25
0.000103622	1.11188e-24
0.000107142	4.09567e-24
0.000110662	3.58798e-23
0.000114182	1.28291e-22
0.000117702	1.0141e-21
0.000121222	3.60475e-21
0.000124742	2.57604e-20
0.000128261	9.08675e-20
0.000131781	5.88291e-19
0.000135301	2.05518e-18
0.000138821	1.20821e-17
0.000142341	4.17119e-17
0.000145861	2.23227e-16
0.000149381	7.59807e-16
0.0001529	3.71162e-15
0.00015642	1.24238e-14
0.00015994	5.55584e-14
0.00016346	1.82388e-13
0.00016698	7.48978e-13
0.0001705	2.40448e-12
0.00017402	9.09672e-12
0.000177539	2.84729e-11
0.000181059	9.95776e-11
0.000184579	3.0293e-10
0.000188099	9.8279e-10
0.000191619	2.89655e-09
0.000195139	8.74865e-09
0.000198659	2.48995e-08
0.000202178	7.02676e-08
0.000205698	1.92497e-07
0.000209218	5.0939e-07
0.000212738	1.33892e-06
0.000216258	3.33402e-06
0.000219778	8.38258e-06
0.000223298	1.9708e-05
0.000226817	4.72605e-05
0.000230337	0.000105246
0.000233857	0.000240077
0.000237377	0.000507908
0.000240897	0.00109949
0.000244417	0.00221573
0.000247937	0.00454257
0.000251456	0.00874068
0.000254976	0.0169436
0.000258496	0.0313989
0.000262016	0.0573081
0.000265536	0.102829
0.000269056	0.176539
0.000272576	0.301078
0.000276095	0.491335
0.000279615	0.796106
0.000283135	1.23758
0.000286655	1.90534
0.000290175	2.82614
0.000293695	4.13802
0.000297214	5.86497
0.000300734	8.18064
0.000304254	11.0967
0.000307774	14.7811
0.000311294	19.2275
0.000314814	24.5403
0.000318334	30.7
0.000321853	37.7087
0.000325373	45.548
0.000328893	54.1375
0.000332413	63.4734
0.000335933	73.4713
0.000339453	84.1435
0.000342973	95.4837
0.000346492	107.505
0.000350012	120.285
0.000353532	133.818
0.000357052	148.16
0.000360572	163.281
0.000364092	179.063
0.000367612	195.469
0.000371131	212.139
0.000374651	229.051
0.000378171	245.714
0.000381691	262.136
0.000385211	277.947
0.000388731	293.182
0.000392251	307.828
0.00039577	321.924
0.00039929	335.867
0.00040281	349.676
0.00040633	363.975
0.00040985	378.76
0.00041337	394.591
0.00041689	411.451
0.000420409	429.642
0.000423929	449.15
0.000427449	470.035
0.000430969	492.292
0.000434489	515.887
0.000438009	540.821
0.000441529	567.083
0.000445048	594.671
0.000448568	623.555
0.000452088	653.737
0.000455608	685.009
0.000459128	717.375
0.000462648	750.31
0.000466168	783.825
0.000469687	817.072
0.000473207	850.062
0.000476727	881.786
0.000480247	912.244
0.000483767	940.519
0.000487287	966.597
0.000490807	989.88
0.000494326	1010.34
0.000497846	1027.82
0.000501366	1042.27
0.000504886	1053.88
0.000508406	1062.65
0.000511926	1069.01
0.000515446	1073.1
0.000518965	1073.82
0.000522485	1073.18
0.000526005	1071.56
0.000529525	1067.02
0.000533045	1060.6
0.000536565	1052.49
0.000540085	1042.39
0.000543604	1030.32
0.000547124	1015.91
0.000550644	999.155
0.000554164	979.591
0.000557684	957.175
0.000561204	931.608
0.000564724	902.8
0.000568243	870.967
0.000571763	836.011
0.000575283	798.831
0.000578803	759.384
0.000582323	719.086
0.000585843	678.004
0.000589362	637.622
0.000592882	598.118
0.000596402	560.559
0.000599922	525.172
0.000603442	492.324
0.000606962	462.201
0.000610482	434.48
0.000614001	409.243
0.000617521	385.73
0.000621041	363.893
0.000624561	342.901
0.000628081	322.607
0.000631601	302.429
0.000635121	282.187
0.00063864	261.727
0.00064216	240.91
0.00064568	219.996
0.0006492	198.943
0.00065272	178.255
0.00065624	157.997
0.00065976	138.694
0.000663279	120.482
0.000666799	103.732
0.000670319	88.5921
0.000673839	75.2001
0.000677359	63.6668
0.000680879	53.9001
0.000684399	45.9465
0.000687918	39.5407
0.000691438	34.657
0.000694958	30.9358
0.000698478	28.2868
0.000701998	26.3431
0.000705518	24.9702
0.000709038	23.8765
0.000712557	22.9155
0.000716077	21.9262
0.000719597	20.7885
0.000723117	19.4804
0.000726637	17.9384
0.000730157	16.2391
0.000733677	14.3834
0.000737196	12.4805
0.000740716	10.5775
0.000744236	8.758
0.000747756	7.08183
0.000751276	5.58068
0.000754796	4.29734
0.000758316	3.21832
0.000761835	2.35634
0.000765355	1.67608
0.000768875	1.16487
0.000772395	0.78714
0.000775915	0.518212
0.000779435	0.333013
0.000782955	0.207113
0.000786474	0.12683
0.000789994	0.0742463
0.000793514	0.0434647
0.000797034	0.021726
0.000800554	0.0133999
