0.000100103	1.15979e-10
0.000103622	4.28566e-10
0.000107142	1.36633e-09
0.000110662	4.8796e-09
0.000114182	1.423e-08
0.000117702	4.63907e-08
0.000121222	1.31024e-07
0.000124742	3.91532e-07
0.000128261	1.06665e-06
0.000131781	2.93411e-06
0.000135301	7.67793e-06
0.000138821	1.95263e-05
0.000142341	4.88719e-05
0.000145861	0.000115407
0.000149381	0.000275112
0.0001529	0.000605778
0.00015642	0.00136976
0.00015994	0.00282386
0.00016346	0.00603283
0.00016698	0.0116884
0.0001705	0.0235075
0.00017402	0.0433122
0.000177539	0.0812162
0.000181059	0.144233
0.000184579	0.249596
0.000188099	0.418881
0.000191619	0.678405
0.000195139	1.07239
0.000198659	1.63086
0.000202178	2.4234
0.000205698	3.4675
0.000209218	4.83911
0.000212738	6.52108
0.000216258	8.54564
0.000219778	10.8495
0.000223298	13.3573
0.000226817	15.9775
0.000230337	18.5003
0.000233857	20.8546
0.000237377	22.7893
0.000240897	24.2423
0.000244417	24.9815
0.000247937	25.2838
0.000251456	25.055
0.000254976	24.4611
0.000258496	23.9539
0.000262016	23.5591
0.000265536	23.8509
0.000269056	25.1912
0.000272576	27.7829
0.000276095	32.1025
0.000279615	38.2161
0.000283135	46.0699
0.000286655	55.6143
0.000290175	66.6688
0.000293695	78.6569
0.000297214	91.4294
0.000300734	104.083
0.000304254	116.575
0.000307774	128.072
0.000311294	138.659
0.000314814	147.988
0.000318334	156.237
0.000321853	163.783
0.000325373	170.842
0.000328893	178.547
0.000332413	187.115
0.000335933	198.339
0.000339453	212.392
0.000342973	231.503
0.000346492	255.742
0.000350012	287.291
0.000353532	326.072
0.000357052	373.482
0.000360572	429.336
0.000364092	493.668
0.000367612	566.308
0.000371131	646.087
0.000374651	732.963
0.000378171	825.555
0.000381691	923.948
0.000385211	1027.64
0.000388731	1136.72
0.000392251	1251.76
0.00039577	1372.76
0.00039929	1500.36
0.00040281	1634.44
0.00040633	1774.42
0.00040985	1920.17
0.00041337	2069.36
0.00041689	2221.95
0.000420409	2374.62
0.000423929	2527.4
0.000427449	2677.38
0.000430969	2824.61
0.000434489	2967.53
0.000438009	3106.17
0.000441529	3240.24
0.000445048	3369.76
0.000448568	3494.91
0.000452088	3615.7
0.000455608	3731.99
0.000459128	3843.79
0.000462648	3950.67
0.000466168	4052.6
0.000469687	4149.74
0.000473207	4242.05
0.000476727	4331.21
0.000480247	4417.18
0.000483767	4503.09
0.000487287	4588.95
0.000490807	4677.45
0.000494326	4768.79
0.000497846	4862.38
0.000501366	4958.58
0.000504886	5051.73
0.000508406	5142.16
0.000511926	5220.57
0.000515446	5287.34
0.000518965	5328.09
0.000522485	5347.78
0.000526005	5347.48
0.000529525	5311.56
0.000533045	5248.55
0.000536565	5159.15
0.000540085	5049.12
0.000543604	4918.25
0.000547124	4776.21
0.000550644	4623.32
0.000554164	4468.63
0.000557684	4312.87
0.000561204	4162.11
0.000564724	4017.25
0.000568243	3880.15
0.000571763	3751.6
0.000575283	3629.3
0.000578803	3513.63
0.000582323	3399.65
0.000585843	3287.11
0.000589362	3171.17
0.000592882	3051.03
0.000596402	2924.56
0.000599922	2790.85
0.000603442	2651.57
0.000606962	2506.22
0.000610482	2359.21
0.000614001	2210.78
0.000617521	2065.73
0.000621041	1924.91
0.000624561	1791.47
0.000628081	1666.39
0.000631601	1550.33
0.000635121	1443.97
0.00063864	1345.89
0.00064216	1256.24
0.00064568	1172.59
0.0006492	1094.59
0.00065272	1019.95
0.00065624	948.026
0.00065976	877.532
0.000663279	807.827
0.000666799	738.955
0.000670319	670.546
0.000673839	603.724
0.000677359	538.535
0.000680879	476.525
0.000684399	418.109
0.000687918	364.511
0.000691438	316.303
0.000694958	273.878
0.000698478	237.691
0.000701998	207.215
0.000705518	182.578
0.000709038	162.646
0.000712557	147.17
0.000716077	134.886
0.000719597	125.292
0.000723117	117.376
0.000726637	110.583
0.000730157	104.315
0.000733677	98.1227
0.000737196	91.8009
0.000740716	85.0798
0.000744236	78.034
0.000747756	70.5769
0.000751276	62.9331
0.000754796	55.1624
0.000758316	47.5178
0.000761835	40.1478
0.000765355	33.2354
0.000768875	26.9463
0.000772395	21.3428
0.000775915	16.5405
0.000779435	12.4898
0.000782955	9.21952
0.000786474	6.61949
0.000789994	4.63796
0.000793514	3.1614
0.000797034	2.05134
0.000800554	1.35522
