3.33898e-05	63.5976
3.48982e-05	77.7258
3.64066e-05	94.6016
3.7915e-05	114.076
3.94234e-05	136.584
4.09318e-05	162.426
4.24402e-05	191.925
4.39487e-05	225.433
4.54571e-05	263.295
4.69655e-05	305.922
4.84739e-05	353.662
4.99823e-05	406.985
5.14907e-05	466.209
5.29991e-05	531.844
5.45076e-05	604.13
5.6016e-05	683.56
5.75244e-05	770.251
5.90328e-05	864.595
6.05412e-05	966.546
6.20496e-05	1076.29
6.3558e-05	1193.61
6.50665e-05	1318.39
6.65749e-05	1450.28
6.80833e-05	1588.79
6.95917e-05	1733.49
7.11001e-05	1883.58
7.26085e-05	2038.61
7.41169e-05	2197.59
7.56253e-05	2360.15
7.71338e-05	2525.25
7.86422e-05	2692.7
8.01506e-05	2861.61
8.1659e-05	3031.97
8.31674e-05	3203.2
8.46758e-05	3375.39
8.61842e-05	3548.32
8.76927e-05	3722.07
8.92011e-05	3896.68
9.07095e-05	4072.11
9.22179e-05	4248.41
9.37263e-05	4425.43
9.52347e-05	4602.93
9.67431e-05	4780.69
9.82516e-05	4958.08
9.976e-05	5134.86
0.000101268	5310.08
0.000102777	5483.56
0.000104285	5654.27
0.000105794	5822.12
0.000107302	5986.25
0.00010881	6146.66
0.000110319	6302.78
0.000111827	6454.61
0.000113336	6601.82
0.000114844	6744.33
0.000116353	6881.78
0.000117861	7014
0.000119369	7140.3
0.000120878	7260.52
0.000122386	7373.57
0.000123895	7479.35
0.000125403	7576.64
0.000126911	7665.47
0.00012842	7745
0.000129928	7815.4
0.000131437	7876.69
0.000132945	7929.13
0.000134453	7973.87
0.000135962	8011.14
0.00013747	8043.02
0.000138979	8069.62
0.000140487	8093.32
0.000141996	8114.12
0.000143504	8133.9
0.000145012	8152.53
0.000146521	8170.76
0.000148029	8188.39
0.000149538	8204.74
0.000151046	8219.62
0.000152554	8231.32
0.000154063	8239.5
0.000155571	8239.7
0.00015708	8235.12
0.000158588	8224.53
0.000160097	8201.68
0.000161605	8168.97
0.000163113	8126.14
0.000164622	8072.27
0.00016613	8007.46
0.000167639	7932.45
0.000169147	7847.33
0.000170655	7754.03
0.000172164	7652.6
0.000173672	7545.77
0.000175181	7433.55
0.000176689	7318.9
0.000178197	7201.8
0.000179706	7084.87
0.000181214	6968.08
0.000182723	6853.12
0.000184231	6739.97
0.00018574	6628.98
0.000187248	6520.15
0.000188756	6412.3
0.000190265	6305.47
0.000191773	6197.11
0.000193282	6087.25
0.00019479	5972.49
0.000196298	5852.85
0.000197807	5724.9
0.000199315	5588.61
0.000200824	5441.45
0.000202332	5283.33
0.000203841	5113.47
0.000205349	4931.71
0.000206857	4739.44
0.000208366	4536.48
0.000209874	4326.24
0.000211383	4108.62
0.000212891	3888.38
0.000214399	3665.54
0.000215908	3445.2
0.000217416	3227.51
0.000218925	3016.89
0.000220433	2813.6
0.000221941	2620.6
0.00022345	2438.18
0.000224958	2267.55
0.000226467	2108.98
0.000227975	1962.07
0.000229484	1827
0.000230992	1702.3
0.0002325	1588.02
0.000234009	1482.25
0.000235517	1384.92
0.000237026	1294.24
0.000238534	1210.04
0.000240042	1130.96
0.000241551	1056.82
0.000243059	986.772
0.000244568	920.653
0.000246076	858.057
0.000247585	798.881
0.000249093	743.015
0.000250601	690.407
0.00025211	641.11
0.000253618	595.111
0.000255127	552.502
0.000256635	513.303
0.000258143	477.543
0.000259652	445.258
0.00026116	416.327
0.000262669	390.785
0.000264177	368.297
0.000265685	348.873
0.000267194	331.953
0.000268702	317.494
0.000270211	304.767
0.000271719	293.662
0.000273228	283.408
0.000274736	273.829
0.000276244	264.27
0.000277753	254.518
0.000279261	244.17
0.00028077	233.027
0.000282278	220.999
0.000283786	207.956
0.000285295	194.095
0.000286803	179.387
0.000288312	164.216
0.00028982	148.655
0.000291329	133.141
0.000292837	117.821
0.000294345	103.064
0.000295854	89.0413
0.000297362	75.9782
0.000298871	64.0249
0.000300379	53.2466
0.000301887	43.7361
0.000303396	35.4305
0.000304904	28.3529
0.000306413	22.3648
0.000307921	17.429
0.000309429	13.3839
0.000310938	10.1533
0.000312446	7.58985
0.000313955	5.60267
0.000315463	4.07726
0.000316972	2.9273
0.00031848	2.07434
0.000319988	1.44771
0.000321497	0.99928
0.000323005	0.677512
0.000324514	0.455754
0.000326022	0.299958
0.00032753	0.196774
0.000329039	0.125605
0.000330547	0.0804198
0.000332056	0.0473371
0.000333564	0.0311105
