3.33898e-05	4.71078e-08
3.55687e-05	1.13124e-07
3.77476e-05	3.11174e-07
3.99264e-05	7.68644e-07
4.21053e-05	1.87823e-06
4.42842e-05	4.38837e-06
4.64631e-05	1.03601e-05
4.8642e-05	2.29544e-05
5.08209e-05	5.22295e-05
5.29998e-05	0.000110015
5.51787e-05	0.0002407
5.73576e-05	0.000483177
5.95365e-05	0.00101424
6.17154e-05	0.00194479
6.38943e-05	0.00390875
6.60732e-05	0.00717493
6.82521e-05	0.0137823
7.0431e-05	0.0245558
7.26099e-05	0.0445884
7.47888e-05	0.0770618
7.69677e-05	0.132366
7.91465e-05	0.220137
8.13254e-05	0.360157
8.35043e-05	0.575353
8.56832e-05	0.899043
8.78621e-05	1.37825
9.0041e-05	2.06164
9.22199e-05	3.03236
9.43988e-05	4.35089
9.65777e-05	6.14332
9.87566e-05	8.47158
0.000100935	11.4974
0.000103114	15.2697
0.000105293	19.9598
0.000107472	25.592
0.000109651	32.3087
0.00011183	40.1099
0.000114009	49.0779
0.000116188	59.2015
0.000118367	70.502
0.000120546	82.9781
0.000122724	96.6272
0.000124903	111.475
0.000127082	127.556
0.000129261	144.929
0.00013144	163.727
0.000133619	184.035
0.000135798	206.122
0.000137977	230.096
0.000140156	256.377
0.000142334	285.092
0.000144513	316.828
0.000146692	351.738
0.000148871	390.606
0.00015105	433.617
0.000153229	481.811
0.000155408	535.397
0.000157587	595.729
0.000159766	663.008
0.000161945	738.87
0.000164123	823.443
0.000166302	918.414
0.000168481	1023.76
0.00017066	1140.7
0.000172839	1269
0.000175018	1408.74
0.000177197	1559.47
0.000179376	1719.49
0.000181555	1888.29
0.000183733	2062.22
0.000185912	2240.9
0.000188091	2419.37
0.00019027	2597.48
0.000192449	2770.35
0.000194628	2938.15
0.000196807	3097.71
0.000198986	3249.41
0.000201165	3393.06
0.000203344	3529.06
0.000205522	3660.29
0.000207701	3787.04
0.00020988	3914.09
0.000212059	4041.48
0.000214238	4173.95
0.000216417	4311.36
0.000218596	4456.67
0.000220775	4609.69
0.000222954	4771.02
0.000225132	4940.57
0.000227311	5117.3
0.00022949	5301.19
0.000231669	5490.86
0.000233848	5686.31
0.000236027	5886.38
0.000238206	6091.04
0.000240385	6298.7
0.000242564	6509.33
0.000244743	6719.46
0.000246921	6929.09
0.0002491	7131.98
0.000251279	7328.17
0.000253458	7509.35
0.000255637	7675.57
0.000257816	7818.82
0.000259995	7939.08
0.000262174	8033.13
0.000264353	8101.39
0.000266531	8127.7
0.00026871	8137.66
0.000270889	8133.9
0.000273068	8096.51
0.000275247	8044.61
0.000277426	7979.03
0.000279605	7904.57
0.000281784	7821.48
0.000283963	7732.19
0.000286142	7637.03
0.00028832	7534.13
0.000290499	7423.7
0.000292678	7301.26
0.000294857	7166.76
0.000297036	7016.02
0.000299215	6848.7
0.000301394	6663.56
0.000303573	6460.12
0.000305752	6241.15
0.00030793	6006.31
0.000310109	5761.63
0.000312288	5507.08
0.000314467	5249.97
0.000316646	4990.65
0.000318825	4735.63
0.000321004	4485.48
0.000323183	4244.59
0.000325362	4013.57
0.00032754	3794.42
0.000329719	3587.61
0.000331898	3393.21
0.000334077	3211.48
0.000336256	3041.3
0.000338435	2882.72
0.000340614	2734.11
0.000342793	2595.36
0.000344972	2464.82
0.000347151	2342.31
0.000349329	2226.4
0.000351508	2116.9
0.000353687	2012.67
0.000355866	1913.54
0.000358045	1818.44
0.000360224	1727.25
0.000362403	1638.77
0.000364582	1552.86
0.000366761	1468.22
0.000368939	1384.61
0.000371118	1301.05
0.000373297	1217.18
0.000375476	1132.82
0.000377655	1047.67
0.000379834	962.603
0.000382013	877.541
0.000384192	794.175
0.000386371	712.769
0.00038855	635.108
0.000390728	561.746
0.000392907	493.822
0.000395086	431.936
0.000397265	376.22
0.000399444	327.044
0.000401623	283.681
0.000403802	246.13
0.000405981	213.296
0.00040816	184.863
0.000410338	159.867
0.000412517	137.866
0.000414696	118.283
0.000416875	100.746
0.000419054	85.0336
0.000421233	70.9389
0.000423412	58.4119
0.000425591	47.3852
0.00042777	37.8061
0.000429949	29.6609
0.000432127	22.8202
0.000434306	17.2482
0.000436485	12.758
0.000438664	9.26406
0.000440843	6.57705
0.000443022	4.57818
0.000445201	3.11802
0.00044738	2.07638
0.000449559	1.35706
0.000451737	0.862715
0.000453916	0.541696
0.000456095	0.327931
0.000458274	0.198199
0.000460453	0.113911
0.000462632	0.0664499
0.000464811	0.0326377
0.00046699	0.0204121
