0.000166815	2.81572e-53
0.00017352	2.57483e-51
0.000180225	1.02148e-50
0.000186929	8.04799e-49
0.000193634	3.21021e-48
0.000200339	2.1737e-46
0.000207043	8.73991e-46
0.000213748	5.08768e-44
0.000220453	2.06144e-43
0.000227157	1.03204e-41
0.000233862	4.21254e-41
0.000240566	1.81463e-39
0.000247271	7.45845e-39
0.000253976	2.76608e-37
0.00026068	1.14422e-36
0.000267385	3.65596e-35
0.00027409	1.52108e-34
0.000280794	4.19074e-33
0.000287499	1.7523e-32
0.000294204	4.16711e-31
0.000300908	1.74951e-30
0.000307613	3.59545e-29
0.000314317	1.51396e-28
0.000321022	2.69265e-27
0.000327727	1.13566e-26
0.000334431	1.75093e-25
0.000341136	7.38534e-25
0.000347841	9.88995e-24
0.000354545	4.16428e-23
0.00036125	4.85454e-22
0.000367955	2.03622e-21
0.000374659	2.07179e-20
0.000381364	8.63574e-20
0.000388068	7.69168e-19
0.000394773	3.17725e-18
0.000401478	2.48562e-17
0.000408182	1.01433e-16
0.000414887	6.99618e-16
0.000421592	2.81058e-15
0.000428296	1.71629e-14
0.000435001	6.76123e-14
0.000441706	3.67224e-13
0.00044841	1.41258e-12
0.000455115	6.85789e-12
0.000461819	2.56404e-11
0.000468524	1.11862e-10
0.000475229	4.04521e-10
0.000481933	1.59482e-09
0.000488638	5.54975e-09
0.000495343	1.98874e-08
0.000502047	6.62461e-08
0.000508752	2.17049e-07
0.000515457	6.88445e-07
0.000522161	2.07449e-06
0.000528866	6.23312e-06
0.000535571	1.73732e-05
0.000542275	4.92055e-05
0.00054898	0.000127552
0.000555684	0.000338989
0.000562389	0.00082139
0.000569094	0.00204016
0.000575798	0.00464174
0.000582503	0.0107387
0.000589208	0.023031
0.000595912	0.0495023
0.000602617	0.100395
0.000609322	0.200139
0.000616026	0.386569
0.000622731	0.713788
0.000629435	1.32502
0.00063614	2.27371
0.000642845	3.92531
0.000649549	6.35041
0.000656254	10.2253
0.000662959	15.618
0.000669663	23.5164
0.000676368	33.9465
0.000683073	47.9603
0.000689777	65.511
0.000696482	87.2085
0.000703186	112.95
0.000709891	142.428
0.000716596	175.556
0.0007233	211.183
0.000730005	249.316
0.00073671	288.856
0.000743414	329.91
0.000750119	372.673
0.000756824	417.264
0.000763528	465.635
0.000770233	517.817
0.000776937	576.425
0.000783642	641.383
0.000790347	713.893
0.000797051	793.852
0.000803756	879.669
0.000810461	971.3
0.000817165	1064.88
0.00082387	1160.43
0.000830575	1253.74
0.000837279	1344.85
0.000843984	1431.01
0.000850689	1512.22
0.000857393	1587.97
0.000864098	1658.21
0.000870802	1724.55
0.000877507	1786.93
0.000884212	1848.53
0.000890916	1909.31
0.000897621	1972.9
0.000904326	2039.34
0.00091103	2111.02
0.000917735	2188.08
0.00092444	2270.28
0.000931144	2357.78
0.000937849	2447.67
0.000944553	2540.03
0.000951258	2630.79
0.000957963	2719.88
0.000964667	2804.13
0.000971372	2883.3
0.000978077	2956.21
0.000984781	3022.65
0.000991486	3083.05
0.000998191	3137.35
0.0010049	3186.16
0.0010116	3229.64
0.0010183	3266.97
0.00102501	3298.44
0.00103171	3320.68
0.00103842	3333.35
0.00104512	3334.84
0.00105183	3319.87
0.00105853	3287.04
0.00106524	3234.98
0.00107194	3163.19
0.00107865	3071
0.00108535	2962.88
0.00109206	2838.52
0.00109876	2705.46
0.00110546	2564.39
0.00111217	2421.53
0.00111887	2278.11
0.00112558	2136.51
0.00113228	1997.56
0.00113899	1861.01
0.00114569	1726.86
0.0011524	1595.5
0.0011591	1466.53
0.00116581	1342.6
0.00117251	1223.78
0.00117922	1113.45
0.00118592	1012.42
0.00119263	922.152
0.00119933	843.614
0.00120603	775.296
0.00121274	717.525
0.00121944	667.074
0.00122615	623.413
0.00123285	583.732
0.00123956	547.088
0.00124626	512.311
0.00125297	478.691
0.00125967	446.411
0.00126638	415.299
0.00127308	385.811
0.00127979	358.132
0.00128649	332.203
0.00129319	308.178
0.0012999	285.493
0.0013066	264.045
0.00131331	243.263
0.00132001	222.873
0.00132672	202.7
0.00133342	182.519
0.00134013	162.583
0.00134683	142.86
0.00135354	123.793
0.00136024	105.534
0.00136695	88.462
0.00137365	72.803
0.00138035	58.7352
0.00138706	46.4463
0.00139376	35.8882
0.00140047	27.1411
0.00140717	19.9906
0.00141388	14.3901
0.00142058	10.0611
0.00142729	6.86011
0.00143399	4.53888
0.0014407	2.91618
0.0014474	1.82303
0.00145411	1.09709
0.00146081	0.648343
0.00146752	0.362455
0.00147422	0.20332
0.00148092	0.103737
0.00148763	0.056075
0.00149433	0.0241713
0.00150104	0.0135367
