0.000500379	1.48297e-256
0.000510437	5.61e-248
0.000520494	2.244e-247
0.000530551	5.71978e-239
0.000540608	2.31132e-238
0.000550665	3.96893e-230
0.000560722	1.62047e-229
0.000570779	1.87432e-221
0.000580836	7.73338e-221
0.000590893	6.02401e-213
0.00060095	2.51213e-212
0.000611007	1.31765e-204
0.000621064	5.55469e-204
0.000631121	1.96149e-196
0.000641178	8.36031e-196
0.000651235	1.98718e-188
0.000661292	8.56503e-188
0.000671349	1.37011e-180
0.000681406	5.97283e-180
0.000691463	6.42889e-173
0.00070152	2.83514e-172
0.000711577	2.05295e-165
0.000721634	9.16038e-165
0.000731691	4.46146e-158
0.000741748	2.01463e-157
0.000751806	6.59832e-151
0.000761863	3.01592e-150
0.00077192	6.64113e-144
0.000781977	3.07318e-143
0.000792034	4.54885e-137
0.000802091	2.13157e-136
0.000812148	2.12035e-130
0.000822205	1.00636e-129
0.000832262	6.72606e-124
0.000842319	3.23405e-123
0.000852376	1.45196e-117
0.000862433	7.07429e-117
0.00087249	2.13299e-111
0.000882547	1.05332e-110
0.000892604	2.13234e-105
0.000902661	1.06753e-104
0.000912718	1.45064e-99
0.000922775	7.36446e-99
0.000932832	6.71569e-94
0.000942889	3.45813e-93
0.000952946	2.11567e-88
0.000963003	1.10531e-87
0.00097306	4.53555e-83
0.000983117	2.40472e-82
0.000993175	6.61654e-78
0.00100323	3.5611e-77
0.00101329	6.56826e-73
0.00102335	3.58959e-72
0.0010334	4.43695e-68
0.00104346	2.46289e-67
0.00105352	2.03955e-63
0.00106357	1.15023e-62
0.00107363	6.37967e-59
0.00108369	3.65646e-58
0.00109374	1.35794e-54
0.0011038	7.91184e-54
0.00111386	1.96691e-50
0.00112392	1.16529e-49
0.00113397	1.93877e-46
0.00114403	1.16823e-45
0.00115409	1.30054e-42
0.00116414	7.97196e-42
0.0011742	5.9376e-39
0.00118426	3.70292e-38
0.00119432	1.8452e-35
0.00120437	1.17076e-34
0.00121443	3.90396e-32
0.00122449	2.51966e-31
0.00123454	5.62509e-29
0.0012446	3.69125e-28
0.00125466	5.52226e-26
0.00126471	3.68106e-25
0.00127477	3.69636e-23
0.00128483	2.49896e-22
0.00129489	1.68874e-20
0.00130494	1.15494e-19
0.001315	5.27429e-18
0.00132506	3.63424e-17
0.00133511	1.1287e-15
0.00134517	7.78741e-15
0.00135523	1.66045e-13
0.00136529	1.13658e-12
0.00137534	1.68671e-11
0.0013854	1.13031e-10
0.00139546	1.18996e-09
0.00140551	7.66378e-09
0.00141557	5.87086e-08
0.00142563	3.54599e-07
0.00143568	2.04039e-06
0.00144574	1.12129e-05
0.0014558	5.02766e-05
0.00146586	0.000242875
0.00147591	0.000882007
0.00148597	0.0036167
0.00149603	0.0110286
0.00150608	0.0372359
0.00151614	0.0981641
0.0015262	0.267361
0.00153625	0.62105
0.00154631	1.35612
0.00155637	2.8934
0.00156643	5.26992
0.00157648	9.0793
0.00158654	14.3503
0.0015966	20.8673
0.00160665	28.6952
0.00161671	36.2638
0.00162677	43.5872
0.00163683	48.8786
0.00164688	52.0144
0.00165694	53.2647
0.001667	53.5983
0.00167705	54.8804
0.00168711	61.2125
0.00169717	74.8346
0.00170722	97.1531
0.00171728	127.315
0.00172734	165.355
0.0017374	209.583
0.00174745	259.412
0.00175751	318.749
0.00176757	387.866
0.00177762	468.772
0.00178768	562.681
0.00179774	661.95
0.00180779	766.198
0.00181785	869.661
0.00182791	970.558
0.00183797	1074.48
0.00184802	1181.19
0.00185808	1298.17
0.00186814	1426.43
0.00187819	1568.97
0.00188825	1726.21
0.00189831	1900.85
0.00190837	2094.5
0.00191842	2301.78
0.00192848	2525.64
0.00193854	2742.14
0.00194859	2949.52
0.00195865	3124.86
0.00196871	3260.97
0.00197876	3361.33
0.00198882	3422.21
0.00199888	3462.97
0.00200894	3487.79
0.00201899	3502.3
0.00202905	3510.85
0.00203911	3511.82
0.00204916	3484.12
0.00205922	3418.02
0.00206928	3300.71
0.00207933	3134.11
0.00208939	2914.13
0.00209945	2669.73
0.00210951	2405.13
0.00211956	2148.65
0.00212962	1911.12
0.00213968	1699.79
0.00214973	1521.69
0.00215979	1369.62
0.00216985	1244.4
0.00217991	1135.25
0.00218996	1039.24
0.00220002	948.325
0.00221008	858.248
0.00222013	767.408
0.00223019	672.877
0.00224025	579.038
0.0022503	486.145
0.00226036	399.671
0.00227042	322.28
0.00228048	255.872
0.00229053	203.022
0.00230059	160.869
0.00231065	129.486
0.0023207	104.602
0.00233076	83.7921
0.00234082	65.8975
0.00235088	49.1588
0.00236093	34.7111
0.00237099	22.8588
0.00238105	13.6976
0.0023911	7.65072
0.00240116	3.84776
0.00241122	1.69931
0.00242127	0.761119
0.00243133	0.290439
0.00244139	0.10394
0.00245145	0.035342
0.0024615	0.00975052
0.00247156	0.00304262
0.00248162	0.000626674
0.00249167	0.000177333
0.00250173	2.7552e-05
