3.33898e-05	1.144e-32
3.59039e-05	2.52493e-31
3.8418e-05	9.7565e-31
4.09322e-05	1.90591e-29
4.34463e-05	7.30212e-29
4.59604e-05	1.24978e-27
4.84746e-05	4.79624e-27
5.09887e-05	7.20106e-26
5.35028e-05	2.76479e-25
5.6017e-05	3.6466e-24
5.85311e-05	1.39877e-23
6.10452e-05	1.62337e-22
6.35594e-05	6.21113e-22
6.60735e-05	6.35487e-21
6.85877e-05	2.42077e-20
7.11018e-05	2.1882e-19
7.36159e-05	8.28166e-19
7.61301e-05	6.62985e-18
7.86442e-05	2.48706e-17
8.11583e-05	1.76812e-16
8.36725e-05	6.55674e-16
8.61866e-05	4.15218e-15
8.87007e-05	1.5176e-14
9.12149e-05	8.58955e-14
9.3729e-05	3.08411e-13
9.62431e-05	1.56592e-12
9.87573e-05	5.50364e-12
0.000101271	2.51683e-11
0.000103786	8.62521e-11
0.0001063	3.56775e-10
0.000108814	1.18726e-09
0.000111328	4.46227e-09
0.000113842	1.43563e-08
0.000116356	4.92597e-08
0.00011887	1.52525e-07
0.000121384	4.80101e-07
0.000123899	1.42405e-06
0.000126413	4.13226e-06
0.000128927	1.16869e-05
0.000131441	3.14151e-05
0.000133955	8.43286e-05
0.000136469	0.00021098
0.000138983	0.000535169
0.000141498	0.00125176
0.000144012	0.00298815
0.000146526	0.00656116
0.00014904	0.0146857
0.000151554	0.0303816
0.000154068	0.0635599
0.000156582	0.124278
0.000159096	0.242404
0.000161611	0.45561
0.000164125	0.822678
0.000166639	1.46954
0.000169153	2.475
0.000171667	4.13657
0.000174181	6.55726
0.000176695	10.2592
0.00017921	15.337
0.000181724	22.4966
0.000184238	31.7686
0.000186752	43.8139
0.000189266	58.564
0.00019178	76.2754
0.000194294	96.8152
0.000196809	119.818
0.000199323	145.185
0.000201837	172.149
0.000204351	200.722
0.000206865	230.328
0.000209379	261.066
0.000211893	292.999
0.000214407	326.218
0.000216922	361.293
0.000219436	398.261
0.00022195	437.769
0.000224464	479.871
0.000226978	525.366
0.000229492	574.411
0.000232006	628.776
0.000234521	688.677
0.000237035	757.493
0.000239549	835.34
0.000242063	926.474
0.000244577	1030.81
0.000247091	1151.48
0.000249605	1288.28
0.000252119	1441.61
0.000254634	1611.28
0.000257148	1795.25
0.000259662	1993.49
0.000262176	2203.42
0.00026469	2425.1
0.000267204	2657.06
0.000269718	2899.33
0.000272233	3151.14
0.000274747	3412.47
0.000277261	3681.33
0.000279775	3957.71
0.000282289	4236.96
0.000284803	4519.13
0.000287317	4797.33
0.000289831	5071.63
0.000292346	5334.69
0.00029486	5586.53
0.000297374	5821.31
0.000299888	6038.98
0.000302402	6236.79
0.000304916	6414.59
0.00030743	6573.95
0.000309945	6714.63
0.000312459	6842.61
0.000314973	6957.71
0.000317487	7068.54
0.000320001	7175.17
0.000322515	7285.51
0.000325029	7399.95
0.000327544	7521.91
0.000330058	7652.06
0.000332572	7786.54
0.000335086	7926.08
0.0003376	8059.21
0.000340114	8186.29
0.000342628	8293.4
0.000345142	8384.56
0.000347657	8406.3
0.000350171	8404.73
0.000352685	8392.75
0.000355199	8296.28
0.000357713	8149.16
0.000360227	7958.42
0.000362741	7726.95
0.000365256	7454.14
0.00036777	7155.33
0.000370284	6830.87
0.000372798	6497.83
0.000375312	6157.46
0.000377826	5824.71
0.00038034	5501.38
0.000382854	5197.66
0.000385369	4915.46
0.000387883	4659
0.000390397	4429.94
0.000392911	4226.26
0.000395425	4049.07
0.000397939	3890.72
0.000400453	3751.35
0.000402968	3619.8
0.000405482	3494.88
0.000407996	3365.8
0.00041051	3230.22
0.000413024	3082.13
0.000415538	2918.95
0.000418052	2741.83
0.000420566	2549.22
0.000423081	2348.14
0.000425595	2138.88
0.000428109	1930.33
0.000430623	1724.36
0.000433137	1527.83
0.000435651	1343.09
0.000438165	1173.19
0.00044068	1019.93
0.000443194	882.985
0.000445708	763.111
0.000448222	658.11
0.000450736	567.805
0.00045325	489.484
0.000455764	422.421
0.000458279	364.216
0.000460793	313.962
0.000463307	269.931
0.000465821	231.286
0.000468335	197.027
0.000470849	166.536
0.000473363	139.377
0.000475877	115.199
0.000478392	93.857
0.000480906	75.2131
0.00048342	59.1439
0.000485934	45.6082
0.000488448	34.3621
0.000490962	25.3385
0.000493476	18.1863
0.000495991	12.7555
0.000498505	8.68638
0.000501019	5.76686
0.000503533	3.71784
0.000506047	2.3249
0.000508561	1.41852
0.000511075	0.830861
0.000513589	0.480647
0.000516104	0.260576
0.000518618	0.144396
0.000521132	0.0724432
0.000523646	0.0383684
0.00052616	0.0181419
0.000528674	0.00898896
0.000531188	0.0036381
0.000533703	0.00185448
