0.000500379	2.70879e-33
0.000507084	6.97096e-32
0.000513789	2.70712e-31
0.000520493	6.09147e-30
0.000527198	2.35062e-29
0.000533903	4.58518e-28
0.000540607	1.77338e-27
0.000547312	3.00237e-26
0.000554017	1.16243e-25
0.000560721	1.71058e-24
0.000567426	6.62047e-24
0.000574131	8.48205e-23
0.000580835	3.27619e-22
0.00058754	3.66153e-21
0.000594244	1.4087e-20
0.000600949	1.37646e-19
0.000607654	5.26311e-19
0.000614358	4.50771e-18
0.000621063	1.70866e-17
0.000627768	1.28648e-16
0.000634472	4.82024e-16
0.000641177	3.20095e-15
0.000647882	1.18168e-14
0.000654586	6.94654e-14
0.000661291	2.5175e-13
0.000667995	1.3154e-12
0.0006747	4.66119e-12
0.000681405	2.17438e-11
0.000688109	7.50091e-11
0.000694814	3.13893e-10
0.000701519	1.04918e-09
0.000708223	3.95879e-09
0.000714928	1.27571e-08
0.000721633	4.36338e-08
0.000728337	1.34853e-07
0.000735042	4.20415e-07
0.000741746	1.23946e-06
0.000748451	3.54167e-06
0.000755156	9.90693e-06
0.00076186	2.60887e-05
0.000768565	6.88747e-05
0.00077527	0.000168038
0.000781974	0.000416575
0.000788679	0.000946297
0.000795384	0.00219262
0.000802088	0.00465833
0.000808793	0.0100467
0.000815497	0.0200408
0.000822202	0.0400944
0.000828907	0.076209
0.000835611	0.140403
0.000842316	0.254165
0.000849021	0.432329
0.000855725	0.727524
0.00086243	1.15767
0.000869135	1.81183
0.000875839	2.70339
0.000882544	3.94207
0.000889249	5.52599
0.000895953	7.53482
0.000902658	9.9484
0.000909362	12.7554
0.000916067	15.93
0.000922772	19.3589
0.000929476	23.0307
0.000936181	26.8043
0.000942886	30.6907
0.00094959	34.6262
0.000956295	38.6329
0.000963	42.7647
0.000969704	47.0425
0.000976409	51.6071
0.000983113	56.4826
0.000989818	61.9018
0.000996523	67.9004
0.00100323	74.8818
0.00100993	82.8817
0.00101664	92.4873
0.00102334	103.712
0.00103005	117.166
0.00103675	132.843
0.00104346	151.221
0.00105016	172.308
0.00105686	196.581
0.00106357	224.074
0.00107027	255.587
0.00107698	291.148
0.00108368	331.881
0.00109039	377.765
0.00109709	429.642
0.0011038	487.449
0.0011105	550.969
0.00111721	620.146
0.00112391	693.519
0.00113062	771.077
0.00113732	850.772
0.00114402	932.628
0.00115073	1015.02
0.00115743	1097.98
0.00116414	1181.08
0.00117084	1264.32
0.00117755	1348.85
0.00118425	1434.66
0.00119096	1524.27
0.00119766	1617.67
0.00120437	1717.66
0.00121107	1824.27
0.00121778	1938.34
0.00122448	2060.02
0.00123119	2186.08
0.00123789	2316.72
0.00124459	2444.8
0.0012513	2570.37
0.001258	2685.49
0.00126471	2789.94
0.00127141	2879.17
0.00127812	2952.73
0.00128482	3011.61
0.00129153	3055.41
0.00129823	3089.38
0.00130494	3113.47
0.00131164	3133.74
0.00131835	3150.52
0.00132505	3167.23
0.00133175	3184.45
0.00133846	3201.19
0.00134516	3218.27
0.00135187	3227.53
0.00135857	3231.38
0.00136528	3230.51
0.00137198	3210.97
0.00137869	3173.8
0.00138539	3119.94
0.0013921	3047.86
0.0013988	2956.75
0.00140551	2851.11
0.00141221	2730.61
0.00141891	2602.71
0.00142562	2467.75
0.00143232	2333.66
0.00143903	2201.39
0.00144573	2076.62
0.00145244	1960.64
0.00145914	1854.77
0.00146585	1760.11
0.00147255	1673.47
0.00147926	1595.09
0.00148596	1519.84
0.00149267	1446.9
0.00149937	1372.81
0.00150608	1296.33
0.00151278	1217.78
0.00151948	1136.43
0.00152619	1055.48
0.00153289	975.197
0.0015396	898.837
0.0015463	827.386
0.00155301	761.874
0.00155971	703.178
0.00156642	649.905
0.00157312	602.211
0.00157983	557.718
0.00158653	515.86
0.00159324	474.978
0.00159994	434.264
0.00160664	393.622
0.00161335	352.562
0.00162005	312.229
0.00162676	272.725
0.00163346	235.41
0.00164017	200.817
0.00164687	169.603
0.00165358	142.301
0.00166028	118.638
0.00166699	98.7932
0.00167369	82.0001
0.0016804	68.0523
0.0016871	56.2608
0.00169381	46.2638
0.00170051	37.7096
0.00170721	30.3194
0.00171392	23.9877
0.00172062	18.5908
0.00172733	14.0733
0.00173403	10.3959
0.00174074	7.45513
0.00174744	5.20748
0.00175415	3.51798
0.00176085	2.30969
0.00176756	1.46699
0.00177426	0.90019
0.00178097	0.538066
0.00178767	0.3066
0.00179437	0.173114
0.00180108	0.089876
0.00180778	0.0488521
0.00181449	0.0236506
0.00182119	0.012048
0.0018279	0.00495681
0.0018346	0.00259308
