3.33898e-05	372.582
3.48982e-05	395.318
3.64066e-05	421.965
3.7915e-05	452.389
3.94234e-05	486.983
4.09318e-05	526.028
4.24402e-05	569.79
4.39487e-05	618.604
4.54571e-05	672.661
4.69655e-05	732.299
4.84739e-05	797.55
4.99823e-05	868.656
5.14907e-05	945.42
5.29991e-05	1027.85
5.45076e-05	1115.49
5.6016e-05	1207.99
5.75244e-05	1304.69
5.90328e-05	1404.82
6.05412e-05	1507.64
6.20496e-05	1612.02
6.3558e-05	1717.32
6.50665e-05	1822.21
6.65749e-05	1926.34
6.80833e-05	2028.49
6.95917e-05	2128.61
7.11001e-05	2225.96
7.26085e-05	2320.76
7.41169e-05	2412.9
7.56253e-05	2502.81
7.71338e-05	2591.02
7.86422e-05	2678.03
8.01506e-05	2764.86
8.1659e-05	2851.93
8.31674e-05	2940.48
8.46758e-05	3030.8
8.61842e-05	3124.09
8.76927e-05	3220.53
8.92011e-05	3321.1
9.07095e-05	3425.92
9.22179e-05	3535.74
9.37263e-05	3650.65
9.52347e-05	3771.26
9.67431e-05	3897.64
9.82516e-05	4030.32
9.976e-05	4169.31
0.000101268	4315.01
0.000102777	4467.33
0.000104285	4626.37
0.000105794	4791.9
0.000107302	4963.46
0.00010881	5140.67
0.000110319	5322.28
0.000111827	5507.84
0.000113336	5695.25
0.000114844	5884.03
0.000116353	6071.4
0.000117861	6256.94
0.000119369	6437.49
0.000120878	6612.78
0.000122386	6779.69
0.000123895	6938.1
0.000125403	7085.33
0.000126911	7221.38
0.00012842	7344.3
0.000129928	7454.18
0.000131437	7549.9
0.000132945	7631.6
0.000134453	7699.03
0.000135962	7752.33
0.00013747	7793.3
0.000138979	7820.34
0.000140487	7828.33
0.000141996	7831.33
0.000143504	7826.65
0.000145012	7805.15
0.000146521	7776.13
0.000148029	7738.7
0.000149538	7694.19
0.000151046	7642.62
0.000152554	7585.53
0.000154063	7522.91
0.000155571	7456.05
0.00015708	7384.92
0.000158588	7310.56
0.000160097	7232.95
0.000161605	7152.96
0.000163113	7070.57
0.000164622	6986.52
0.00016613	6900.79
0.000167639	6813.94
0.000169147	6725.94
0.000170655	6636.97
0.000172164	6547.01
0.000173672	6455.68
0.000175181	6362.96
0.000176689	6267.78
0.000178197	6170.16
0.000179706	6068.46
0.000181214	5962.72
0.000182723	5851.12
0.000184231	5733.69
0.00018574	5608.97
0.000187248	5476.97
0.000188756	5337.11
0.000190265	5189.39
0.000191773	5034.45
0.000193282	4872.26
0.00019479	4704.75
0.000196298	4531.88
0.000197807	4356.57
0.000199315	4178.8
0.000200824	4001.98
0.000202332	3826.11
0.000203841	3654.48
0.000205349	3487.13
0.000206857	3326.64
0.000208366	3173.1
0.000209874	3028
0.000211383	2891.47
0.000212891	2763.79
0.000214399	2645.06
0.000215908	2534.49
0.000217416	2432.17
0.000218925	2336.54
0.000220433	2247.61
0.000221941	2163.54
0.00022345	2084.25
0.000224958	2007.98
0.000226467	1934.61
0.000227975	1862.76
0.000229484	1792.29
0.000230992	1722.34
0.0002325	1652.77
0.000234009	1583.24
0.000235517	1513.66
0.000237026	1444.07
0.000238534	1374.44
0.000240042	1305.07
0.000241551	1235.97
0.000243059	1167.57
0.000244568	1099.9
0.000246076	1033.42
0.000247585	968.193
0.000249093	904.637
0.000250601	842.81
0.00025211	783.072
0.000253618	725.482
0.000255127	670.304
0.000256635	617.596
0.000258143	567.517
0.000259652	520.116
0.00026116	475.442
0.000262669	433.533
0.000264177	394.331
0.000265685	357.857
0.000267194	323.966
0.000268702	292.656
0.000270211	263.725
0.000271719	237.147
0.000273228	212.692
0.000274736	190.317
0.000276244	169.794
0.000277753	151.07
0.000279261	133.941
0.00028077	118.35
0.000282278	104.131
0.000283786	91.2285
0.000285295	79.5145
0.000286803	68.9412
0.000288312	59.4064
0.00028982	50.8716
0.000291329	43.2488
0.000292837	36.506
0.000294345	30.5595
0.000295854	25.3793
0.000297362	20.8814
0.000298871	17.034
0.000300379	13.7535
0.000301887	11.0044
0.000303396	8.70777
0.000304904	6.82533
0.000306413	5.28752
0.000307921	4.05574
0.000309429	3.07355
0.000310938	2.30493
0.000312446	1.70776
0.000313955	1.25108
0.000315463	0.905934
0.000316972	0.647829
0.00031848	0.458409
0.000319988	0.31974
0.000321497	0.221098
0.000323005	0.150306
0.000324514	0.101591
0.000326022	0.0672577
0.00032753	0.0444504
0.000329039	0.028634
0.000330547	0.0185145
0.000332056	0.0110715
0.000333564	0.00733949
