0.000100103	2.67761e-19
0.000103622	2.24403e-18
0.000107142	8.17282e-18
0.000110662	6.2307e-17
0.000114182	2.18496e-16
0.000117702	1.47634e-15
0.000121222	5.11667e-15
0.000124742	3.07331e-14
0.000128261	1.04962e-13
0.000131781	5.6231e-13
0.000135301	1.88633e-12
0.000138821	9.0464e-12
0.000142341	2.97024e-11
0.000145861	1.28025e-10
0.000149381	4.09836e-10
0.0001529	1.59449e-09
0.00015642	4.95615e-09
0.00015994	1.74843e-08
0.00016346	5.25387e-08
0.00016698	1.68871e-07
0.0001705	4.88339e-07
0.00017402	1.43719e-06
0.000177539	3.98103e-06
0.000181059	1.07817e-05
0.000184579	2.84745e-05
0.000188099	7.13218e-05
0.000191619	0.000178767
0.000195139	0.000416151
0.000198659	0.000985618
0.000202178	0.00214237
0.000205698	0.00477514
0.000209218	0.00973357
0.000212738	0.0203438
0.000216258	0.0390391
0.000219778	0.0762807
0.000223298	0.140884
0.000226817	0.253945
0.000230337	0.445342
0.000233857	0.747098
0.000237377	1.23021
0.000240897	1.93689
0.000244417	2.99175
0.000247937	4.43243
0.000251456	6.4234
0.000254976	8.97111
0.000258496	12.2127
0.000262016	16.1016
0.000265536	20.6364
0.000269056	25.7256
0.000272576	31.1445
0.000276095	36.8049
0.000279615	42.3029
0.000283135	47.6193
0.000286655	52.3852
0.000290175	56.687
0.000293695	60.4869
0.000297214	63.9548
0.000300734	67.5806
0.000304254	71.5474
0.000307774	76.8279
0.000311294	83.5388
0.000314814	92.8349
0.000318334	104.721
0.000321853	120.097
0.000325373	138.875
0.000328893	161.359
0.000332413	187.456
0.000335933	216.917
0.000339453	249.753
0.000342973	285.729
0.000346492	325.003
0.000350012	368.148
0.000353532	415.389
0.000357052	468.462
0.000360572	527.498
0.000364092	594.809
0.000367612	670.34
0.000371131	755.751
0.000374651	850.861
0.000378171	955.775
0.000381691	1070.32
0.000385211	1193.17
0.000388731	1324.23
0.000392251	1461.55
0.00039577	1605.09
0.00039929	1752.88
0.00040281	1904.9
0.00040633	2059.23
0.00040985	2215.88
0.00041337	2373.18
0.00041689	2531.2
0.000420409	2689.37
0.000423929	2847.77
0.000427449	3007.74
0.000430969	3169.3
0.000434489	3334.93
0.000438009	3504.55
0.000441529	3678.88
0.000445048	3857.86
0.000448568	4037.48
0.000452088	4217.77
0.000455608	4390.08
0.000459128	4554.49
0.000462648	4701.96
0.000466168	4832.45
0.000469687	4942.17
0.000473207	5030.94
0.000476727	5102.4
0.000480247	5156.38
0.000483767	5200.58
0.000487287	5235.08
0.000490807	5265.5
0.000494326	5292.16
0.000497846	5315.39
0.000501366	5335.76
0.000504886	5345.34
0.000508406	5349.22
0.000511926	5347.86
0.000515446	5330.04
0.000518965	5300.93
0.000522485	5261.07
0.000526005	5211.52
0.000529525	5152.29
0.000533045	5085.25
0.000536565	5010.61
0.000540085	4928.76
0.000543604	4839.88
0.000547124	4743.14
0.000550644	4638.53
0.000554164	4525.17
0.000557684	4402.88
0.000561204	4271.8
0.000564724	4131.69
0.000568243	3984.18
0.000571763	3829.17
0.000575283	3669.38
0.000578803	3504.94
0.000582323	3338.69
0.000585843	3170.91
0.000589362	3003.72
0.000592882	2837.41
0.000596402	2673.39
0.000599922	2511.83
0.000603442	2354.03
0.000606962	2200.11
0.000610482	2051.53
0.000614001	1908.5
0.000617521	1772.13
0.000621041	1642.74
0.000624561	1520.47
0.000628081	1405.54
0.000631601	1297.3
0.000635121	1195.7
0.00063864	1100.16
0.00064216	1010.47
0.00064568	926.698
0.0006492	848.75
0.00065272	777.075
0.00065624	711.819
0.00065976	653.005
0.000663279	600.859
0.000666799	554.558
0.000670319	514.127
0.000673839	478.193
0.000677359	446.493
0.000680879	417.671
0.000684399	391.31
0.000687918	366.384
0.000691438	342.482
0.000694958	318.954
0.000698478	295.441
0.000701998	271.729
0.000705518	247.539
0.000709038	223.209
0.000712557	198.647
0.000716077	174.638
0.000719597	151.389
0.000723117	129.692
0.000726637	109.98
0.000730157	92.5713
0.000733677	77.8536
0.000737196	65.5343
0.000740716	55.7021
0.000744236	47.7366
0.000747756	41.3966
0.000751276	36.1489
0.000754796	31.6166
0.000758316	27.5765
0.000761835	23.7478
0.000765355	20.1631
0.000768875	16.7345
0.000772395	13.5674
0.000775915	10.7071
0.000779435	8.19894
0.000782955	6.10637
0.000786474	4.39429
0.000789994	3.07424
0.000793514	2.07634
0.000797034	1.33123
0.000800554	0.862658
