3.33898e-05	8.99813
3.59039e-05	9.79293
3.8418e-05	10.6879
4.09322e-05	11.6885
4.34463e-05	12.779
4.59604e-05	13.9504
4.84746e-05	15.185
5.09887e-05	16.4652
5.35028e-05	17.7749
5.6017e-05	19.0924
5.85311e-05	20.407
6.10452e-05	21.6989
6.35594e-05	22.9632
6.60735e-05	24.1862
6.85877e-05	25.3671
7.11018e-05	26.499
7.36159e-05	27.5819
7.61301e-05	28.6135
7.86442e-05	29.5916
8.11583e-05	30.5142
8.36725e-05	31.3771
8.61866e-05	32.1746
8.87007e-05	32.9026
9.12149e-05	33.552
9.3729e-05	34.1218
9.62431e-05	34.604
9.87573e-05	35.003
0.000101271	35.3186
0.000103786	35.5614
0.0001063	35.7448
0.000108814	35.8832
0.000111328	36.0056
0.000113842	36.1258
0.000116356	36.2833
0.00011887	36.4871
0.000121384	36.7765
0.000123899	37.1525
0.000126413	37.6416
0.000128927	38.2366
0.000131441	38.9414
0.000133955	39.7443
0.000136469	40.6245
0.000138983	41.5711
0.000141498	42.5471
0.000144012	43.548
0.000146526	44.5377
0.00014904	45.5212
0.000151554	46.4835
0.000154068	47.4385
0.000156582	48.4081
0.000159096	49.4112
0.000161611	50.5111
0.000164125	51.7266
0.000166639	53.1525
0.000169153	54.8022
0.000171667	56.7817
0.000174181	59.0961
0.000176695	61.8372
0.00017921	65.0019
0.000181724	68.6469
0.000184238	72.7639
0.000186752	77.365
0.000189266	82.4408
0.00019178	87.9641
0.000194294	93.9282
0.000196809	100.284
0.000199323	107.029
0.000201837	114.115
0.000204351	121.544
0.000206865	129.285
0.000209379	137.342
0.000211893	145.709
0.000214407	154.388
0.000216922	163.39
0.000219436	172.716
0.00022195	182.378
0.000224464	192.374
0.000226978	202.701
0.000229492	213.359
0.000232006	224.329
0.000234521	235.61
0.000237035	247.18
0.000239549	259.041
0.000242063	271.189
0.000244577	283.626
0.000247091	296.382
0.000249605	309.46
0.000252119	322.919
0.000254634	336.76
0.000257148	351.043
0.000259662	365.766
0.000262176	380.939
0.00026469	396.557
0.000267204	412.532
0.000269718	428.859
0.000272233	445.325
0.000274747	461.929
0.000277261	478.353
0.000279775	494.599
0.000282289	510.309
0.000284803	525.485
0.000287317	539.819
0.000289831	553.313
0.000292346	565.793
0.00029486	577.258
0.000297374	587.722
0.000299888	597.178
0.000302402	605.823
0.000304916	613.652
0.00030743	620.987
0.000309945	627.825
0.000312459	634.52
0.000314973	641.075
0.000317487	647.773
0.000320001	654.626
0.000322515	661.76
0.000325029	669.191
0.000327544	676.844
0.000330058	684.737
0.000332572	692.597
0.000335086	700.437
0.0003376	707.838
0.000340114	714.8
0.000342628	720.841
0.000345142	725.95
0.000347657	729.696
0.000350171	732.091
0.000352685	732.497
0.000355199	731.242
0.000357713	728.449
0.000360227	723.372
0.000362741	716.366
0.000365256	707.497
0.00036777	696.893
0.000370284	684.547
0.000372798	670.744
0.000375312	655.496
0.000377826	639.112
0.00038034	621.615
0.000382854	603.282
0.000385369	584.144
0.000387883	564.418
0.000390397	544.134
0.000392911	523.458
0.000395425	502.411
0.000397939	481.131
0.000400453	459.634
0.000402968	438.051
0.000405482	416.397
0.000407996	394.813
0.00041051	373.316
0.000413024	352.054
0.000415538	331.05
0.000418052	310.448
0.000420566	290.274
0.000423081	270.65
0.000425595	251.606
0.000428109	233.229
0.000430623	215.547
0.000433137	198.613
0.000435651	182.447
0.000438165	167.072
0.00044068	152.502
0.000443194	138.739
0.000445708	125.788
0.000448222	113.638
0.000450736	102.29
0.00045325	91.7194
0.000455764	81.9243
0.000458279	72.8713
0.000460793	64.5541
0.000463307	56.9307
0.000465821	49.9907
0.000468335	43.6852
0.000470849	37.9992
0.000473363	32.8803
0.000475877	28.3095
0.000478392	24.2342
0.000480906	20.6324
0.00048342	17.4544
0.000485934	14.6766
0.000488448	12.2538
0.000490962	10.1621
0.000493476	8.36132
0.000495991	6.82832
0.000498505	5.5282
0.000501019	4.43882
0.000503533	3.53064
0.000506047	2.78297
0.000508561	2.17169
0.000511075	1.67799
0.000513589	1.28306
0.000516104	0.970457
0.000518618	0.72638
0.000521132	0.537136
0.000523646	0.39325
0.00052616	0.283966
0.000528674	0.203244
0.000531188	0.140794
0.000533703	0.10014
