3.33898e-05	517.215
3.48982e-05	546.92
3.64066e-05	579.881
3.7915e-05	616.249
3.94234e-05	655.584
4.09318e-05	697.505
4.24402e-05	741.909
4.39487e-05	788.498
4.54571e-05	837.393
4.69655e-05	888.517
4.84739e-05	942.163
4.99823e-05	998.534
5.14907e-05	1057.97
5.29991e-05	1120.9
5.45076e-05	1187.58
5.6016e-05	1258.49
5.75244e-05	1333.68
5.90328e-05	1413.51
6.05412e-05	1497.78
6.20496e-05	1586.52
6.3558e-05	1679.38
6.50665e-05	1775.97
6.65749e-05	1875.89
6.80833e-05	1978.42
6.95917e-05	2083.19
7.11001e-05	2189.33
7.26085e-05	2296.58
7.41169e-05	2404.1
7.56253e-05	2511.79
7.71338e-05	2619.03
7.86422e-05	2725.89
8.01506e-05	2832.08
8.1659e-05	2937.86
8.31674e-05	3043.41
8.46758e-05	3149.16
8.61842e-05	3255.85
8.76927e-05	3364.05
8.92011e-05	3475.14
9.07095e-05	3589.71
9.22179e-05	3709.72
9.37263e-05	3835.65
9.52347e-05	3969.72
9.67431e-05	4112.19
9.82516e-05	4265.02
9.976e-05	4428.12
0.000101268	4602.6
0.000102777	4787.97
0.000104285	4983.92
0.000105794	5189.69
0.000107302	5403.25
0.00010881	5623.7
0.000110319	5847.46
0.000111827	6073.69
0.000113336	6297.73
0.000114844	6518.97
0.000116353	6732.45
0.000117861	6937.86
0.000119369	7130.73
0.000120878	7311.01
0.000122386	7475.33
0.000123895	7623.85
0.000125403	7754.62
0.000126911	7867.89
0.00012842	7963.21
0.000129928	8040.88
0.000131437	8101.75
0.000132945	8146.15
0.000134453	8177.05
0.000135962	8193.33
0.00013747	8193.57
0.000138979	8188.13
0.000140487	8175.68
0.000141996	8152.84
0.000143504	8126.72
0.000145012	8096.94
0.000146521	8066.8
0.000148029	8036.27
0.000149538	8008.18
0.000151046	7982.42
0.000152554	7960.7
0.000154063	7942.85
0.000155571	7929.11
0.00015708	7919.27
0.000158588	7911.87
0.000160097	7906.75
0.000161605	7900.82
0.000163113	7893.98
0.000164622	7882.02
0.00016613	7864.92
0.000167639	7838.17
0.000169147	7801.81
0.000170655	7752.03
0.000172164	7688.92
0.000173672	7610.27
0.000175181	7516.17
0.000176689	7406.53
0.000178197	7281.41
0.000179706	7142.82
0.000181214	6990.76
0.000182723	6828.82
0.000184231	6656.97
0.00018574	6479.52
0.000187248	6296.43
0.000188756	6111.92
0.000190265	5925.96
0.000191773	5742.04
0.000193282	5560.17
0.00019479	5382.79
0.000196298	5209.93
0.000197807	5042.91
0.000199315	4881.77
0.000200824	4726.78
0.000202332	4577.98
0.000203841	4434.73
0.000205349	4297.07
0.000206857	4163.71
0.000208366	4034.67
0.000209874	3908.36
0.000211383	3784.75
0.000212891	3662.37
0.000214399	3541.14
0.000215908	3420.07
0.000217416	3299.05
0.000218925	3177.71
0.000220433	3055.99
0.000221941	2934.1
0.00022345	2812
0.000224958	2690.29
0.000226467	2568.99
0.000227975	2448.77
0.000229484	2329.69
0.000230992	2212.3
0.0002325	2096.67
0.000234009	1983.16
0.000235517	1871.8
0.000237026	1762.8
0.000238534	1656.17
0.000240042	1552.06
0.000241551	1450.48
0.000243059	1351.64
0.000244568	1255.53
0.000246076	1162.51
0.000247585	1072.58
0.000249093	986.191
0.000250601	903.379
0.00025211	824.624
0.000253618	749.989
0.000255127	679.868
0.000256635	614.346
0.000258143	553.632
0.000259652	497.811
0.00026116	446.85
0.000262669	400.81
0.000264177	359.409
0.000265685	322.664
0.000267194	290.093
0.000268702	261.655
0.000270211	236.746
0.000271719	215.274
0.000273228	196.599
0.000274736	180.588
0.000276244	166.654
0.000277753	154.639
0.000279261	144.068
0.00028077	134.784
0.000282278	126.45
0.000283786	118.932
0.000285295	112.028
0.000286803	105.64
0.000288312	99.6699
0.00028982	94.0585
0.000291329	88.7658
0.000292837	83.765
0.000294345	79.0292
0.000295854	74.5483
0.000297362	70.2827
0.000298871	66.2224
0.000300379	62.3135
0.000301887	58.5358
0.000303396	54.8385
0.000304904	51.1923
0.000306413	47.571
0.000307921	43.9472
0.000309429	40.3308
0.000310938	36.7094
0.000312446	33.1243
0.000313955	29.5852
0.000315463	26.1469
0.000316972	22.8385
0.00031848	19.707
0.000319988	16.7898
0.000321497	14.1113
0.000323005	11.7032
0.000324514	9.56438
0.000326022	7.71015
0.00032753	6.11989
0.000329039	4.78982
0.000330547	3.69004
0.000332056	2.78768
0.000333564	2.09398
