0.000166815	8.6518e-46
0.00017352	5.89829e-44
0.000180225	2.33336e-43
0.000186929	1.36237e-41
0.000193634	5.40948e-41
0.000200339	2.69608e-39
0.000207043	1.07802e-38
0.000213748	4.58858e-37
0.000220453	1.84672e-36
0.000227157	6.71711e-35
0.000233862	2.71944e-34
0.000240566	8.45873e-33
0.000247271	3.44243e-32
0.000253976	9.16472e-31
0.00026068	3.74595e-30
0.000267385	8.54495e-29
0.00027409	3.50409e-28
0.000280794	6.85762e-27
0.000287499	2.81782e-26
0.000294204	4.73833e-25
0.000300908	1.94798e-24
0.000307613	2.81965e-23
0.000314317	1.15771e-22
0.000321022	1.44555e-21
0.000327727	5.91521e-21
0.000334431	6.38716e-20
0.000341136	2.59845e-19
0.000347841	2.43337e-18
0.000354545	9.81419e-18
0.00036125	7.99722e-17
0.000367955	3.18724e-16
0.000374659	2.26844e-15
0.000381364	8.9008e-15
0.000388068	5.55664e-14
0.000394773	2.13765e-13
0.000401478	1.17609e-12
0.000408182	4.41561e-12
0.000414887	2.15214e-11
0.000421592	7.84607e-11
0.000428296	3.40679e-10
0.000435001	1.1995e-09
0.000441706	4.66775e-09
0.00044841	1.57809e-08
0.000455115	5.53825e-08
0.000461819	1.78719e-07
0.000468524	5.69289e-07
0.000475229	1.74286e-06
0.000481933	5.0716e-06
0.000488638	1.46419e-05
0.000495343	3.91684e-05
0.000502047	0.000106024
0.000508752	0.000262301
0.000515457	0.000662163
0.000522161	0.00152338
0.000528866	0.00356964
0.000535571	0.00767415
0.000542275	0.0166268
0.00054898	0.0335389
0.000555684	0.0669938
0.000562389	0.128767
0.000569094	0.235974
0.000575798	0.429544
0.000582503	0.727229
0.000589208	1.22363
0.000595912	1.93787
0.000602617	3.0211
0.000609322	4.484
0.000616026	6.49784
0.000622731	9.0545
0.000629435	12.2567
0.00063614	16.0817
0.000642845	20.4864
0.000649549	25.4595
0.000656254	30.8723
0.000662959	36.758
0.000669663	43.1698
0.000676368	50.1915
0.000683073	58.4026
0.000689777	67.9001
0.000696482	79.9085
0.000703186	94.4819
0.000709891	113.18
0.000716596	135.986
0.0007233	164.199
0.000730005	197.751
0.00073671	237.182
0.000743414	282.416
0.000750119	333.085
0.000756824	389.139
0.000763528	449.479
0.000770233	514.09
0.000776937	581.556
0.000783642	651.895
0.000790347	724.004
0.000797051	797.921
0.000803756	873.493
0.000810461	950.746
0.000817165	1030.6
0.00082387	1113.04
0.000830575	1199.29
0.000837279	1289.33
0.000843984	1383.43
0.000850689	1481.58
0.000857393	1582.36
0.000864098	1685.79
0.000870802	1789.24
0.000877507	1892.72
0.000884212	1993.8
0.000890916	2092.44
0.000897621	2187.53
0.000904326	2279
0.00091103	2367.04
0.000917735	2451.63
0.00092444	2533.21
0.000931144	2611.84
0.000937849	2687.09
0.000944553	2759.07
0.000951258	2826.02
0.000957963	2887.98
0.000964667	2942.52
0.000971372	2989.51
0.000978077	3027.46
0.000984781	3056.09
0.000991486	3076.63
0.000998191	3089.27
0.0010049	3093.69
0.0010116	3095.23
0.0010183	3095.27
0.00102501	3092.72
0.00103171	3088.59
0.00103842	3083.52
0.00104512	3074.01
0.00105183	3060.17
0.00105853	3037.22
0.00106524	3004.74
0.00107194	2959.54
0.00107865	2900.91
0.00108535	2828.84
0.00109206	2742.77
0.00109876	2645.64
0.00110546	2537.31
0.00111217	2422.37
0.00111887	2301.13
0.00112558	2178.31
0.00113228	2054.57
0.00113899	1933.34
0.00114569	1815.44
0.0011524	1702.09
0.0011591	1593.98
0.00116581	1490.17
0.00117251	1390.87
0.00117922	1294.15
0.00118592	1199.66
0.00119263	1106.09
0.00119933	1012.84
0.00120603	920.354
0.00121274	828.228
0.00121944	738.594
0.00122615	651.595
0.00123285	569.849
0.00123956	494.02
0.00124626	425.845
0.00125297	366.133
0.00125967	315.057
0.00126638	273.15
0.00127308	239.177
0.00127979	213.18
0.00128649	193.158
0.00129319	178.687
0.0012999	167.7
0.0013066	159.486
0.00131331	152.453
0.00132001	145.832
0.00132672	138.794
0.00133342	130.725
0.00134013	121.569
0.00134683	111.009
0.00135354	99.5476
0.00136024	87.2065
0.00136695	74.6963
0.00137365	62.3045
0.00138035	50.5948
0.00138706	39.9479
0.00139376	30.5691
0.00140047	22.7374
0.00140717	16.32
0.00141388	11.3854
0.00142058	7.64305
0.00142729	4.97818
0.00143399	3.12318
0.0014407	1.8887
0.0014474	1.10939
0.00145411	0.617106
0.00146081	0.34183
0.00146752	0.172067
0.00147422	0.0913272
0.00148092	0.0429096
0.00148763	0.0210702
0.00149433	0.00841256
0.00150104	0.00419333
