3.33898e-05	8.05533
3.52334e-05	10.865
3.70771e-05	14.5305
3.89207e-05	19.0156
4.07644e-05	24.4255
4.2608e-05	30.8726
4.44517e-05	38.32
4.62953e-05	46.8153
4.8139e-05	56.2239
4.99827e-05	66.477
5.18263e-05	77.3748
5.367e-05	88.7142
5.55136e-05	100.303
5.73573e-05	111.848
5.92009e-05	123.254
6.10446e-05	134.248
6.28882e-05	144.896
6.47319e-05	155.088
6.65755e-05	165.048
6.84192e-05	174.942
7.02628e-05	185.067
7.21065e-05	195.863
7.39502e-05	207.569
7.57938e-05	220.749
7.76375e-05	235.451
7.94811e-05	252.1
8.13248e-05	270.502
8.31684e-05	290.674
8.50121e-05	312.246
8.68557e-05	334.706
8.86994e-05	357.679
9.0543e-05	380.266
9.23867e-05	402.283
9.42303e-05	422.835
9.6074e-05	442.06
9.79177e-05	459.565
9.97613e-05	475.812
0.000101605	491.297
0.000103449	506.691
0.000105292	523.485
0.000107136	542.394
0.00010898	565.704
0.000110823	594.032
0.000112667	630.059
0.000114511	674.228
0.000116354	729.183
0.000118198	795.169
0.000120042	874.444
0.000121885	967.054
0.000123729	1074.61
0.000125572	1196.96
0.000127416	1334.85
0.00012926	1487.93
0.000131103	1655.85
0.000132947	1838.1
0.000134791	2033.06
0.000136634	2240.14
0.000138478	2456.43
0.000140322	2681.4
0.000142165	2911.19
0.000144009	3145.43
0.000145853	3379.98
0.000147696	3614.71
0.00014954	3846.07
0.000151384	4074.18
0.000153227	4296.82
0.000155071	4514.27
0.000156915	4726.04
0.000158758	4932.42
0.000160602	5134.44
0.000162446	5332.28
0.000164289	5527.73
0.000166133	5720.78
0.000167977	5912.96
0.00016982	6104.11
0.000171664	6294.58
0.000173507	6484.14
0.000175351	6671.58
0.000177195	6856.69
0.000179038	7037.04
0.000180882	7212.53
0.000182726	7380.35
0.000184569	7540.55
0.000186413	7690.9
0.000188257	7831.51
0.0001901	7961.31
0.000191944	8080.36
0.000193788	8188.49
0.000195631	8285.69
0.000197475	8371.83
0.000199319	8446.87
0.000201162	8509.83
0.000203006	8560.69
0.00020485	8598.05
0.000206693	8621.69
0.000208537	8623.53
0.000210381	8612.98
0.000212224	8589.38
0.000214068	8541.68
0.000215912	8477.57
0.000217755	8396.98
0.000219599	8302.46
0.000221442	8193.97
0.000223286	8076.45
0.00022513	7949.85
0.000226973	7819.19
0.000228817	7684.48
0.000230661	7549.13
0.000232504	7413.22
0.000234348	7277.58
0.000236192	7142.33
0.000238035	7005.82
0.000239879	6868.16
0.000241723	6726.29
0.000243566	6580.19
0.00024541	6426.91
0.000247254	6266.32
0.000249097	6096.91
0.000250941	5918.46
0.000252785	5731.6
0.000254628	5536.14
0.000256472	5334.65
0.000258316	5127.07
0.000260159	4917.04
0.000262003	4704.66
0.000263847	4493.47
0.00026569	4283.7
0.000267534	4077.82
0.000269377	3876.12
0.000271221	3679.69
0.000273065	3488.74
0.000274908	3303.3
0.000276752	3123.44
0.000278596	2948.77
0.000280439	2779.28
0.000282283	2614.74
0.000284127	2455.09
0.00028597	2300.56
0.000287814	2151.09
0.000289658	2007.25
0.000291501	1869.07
0.000293345	1737.15
0.000295189	1611.57
0.000297032	1492.71
0.000298876	1380.68
0.00030072	1275.49
0.000302563	1177.21
0.000304407	1085.46
0.000306251	1000.28
0.000308094	921.008
0.000309938	847.595
0.000311782	779.271
0.000313625	715.923
0.000315469	656.842
0.000317312	601.878
0.000319156	550.504
0.000321	502.575
0.000322843	457.765
0.000324687	415.968
0.000326531	376.985
0.000328374	340.756
0.000330218	307.103
0.000332062	275.992
0.000333905	247.207
0.000335749	220.707
0.000337593	196.253
0.000339436	173.779
0.00034128	153.076
0.000343124	134.066
0.000344967	116.613
0.000346811	100.648
0.000348655	86.1032
0.000350498	72.9393
0.000352342	61.1139
0.000354186	50.6123
0.000356029	41.3706
0.000357873	33.3792
0.000359717	26.5287
0.00036156	20.7929
0.000363404	16.0255
0.000365247	12.1734
0.000367091	9.0807
0.000368935	6.67242
0.000370778	4.81099
0.000372622	3.41377
0.000374466	2.37747
0.000376309	1.62655
0.000378153	1.09393
0.000379997	0.72043
0.00038184	0.468052
0.000383684	0.296192
0.000385528	0.186041
0.000387371	0.112896
0.000389215	0.0686473
0.000391059	0.0398503
0.000392902	0.0235027
0.000394746	0.0129925
0.00039659	0.00746404
0.000398433	0.00351421
0.000400277	0.0021976
