3.33898e-05	0.898948
3.52334e-05	1.42296
3.70771e-05	2.29434
3.89207e-05	3.4857
4.07644e-05	5.07702
4.2608e-05	7.15364
4.44517e-05	9.68854
4.62953e-05	12.7092
4.8139e-05	16.1408
4.99827e-05	19.9167
5.18263e-05	24.0068
5.367e-05	28.3226
5.55136e-05	32.9348
5.73573e-05	37.8658
5.92009e-05	43.205
6.10446e-05	49.0965
6.28882e-05	55.5001
6.47319e-05	62.4891
6.65755e-05	69.8818
6.84192e-05	77.493
7.02628e-05	85.1935
7.21065e-05	92.6471
7.39502e-05	99.9953
7.57938e-05	107.141
7.76375e-05	114.513
7.94811e-05	122.578
8.13248e-05	131.856
8.31684e-05	143.325
8.50121e-05	157.363
8.68557e-05	175.084
8.86994e-05	196.635
9.0543e-05	222.878
9.23867e-05	253.764
9.42303e-05	289.725
9.6074e-05	330.56
9.79177e-05	376.215
9.97613e-05	426.367
0.000101605	480.414
0.000103449	538.062
0.000105292	598.303
0.000107136	661.14
0.00010898	725.804
0.000110823	792.744
0.000112667	862.33
0.000114511	935.227
0.000116354	1013.22
0.000118198	1096.72
0.000120042	1188.01
0.000121885	1286.9
0.000123729	1394.6
0.000125572	1510.5
0.000127416	1633.77
0.00012926	1763.88
0.000131103	1898.63
0.000132947	2037.96
0.000134791	2180.04
0.000136634	2325.24
0.000138478	2473.48
0.000140322	2625.11
0.000142165	2781.47
0.000144009	2942.48
0.000145853	3108.98
0.000147696	3280.57
0.00014954	3456.15
0.000151384	3635.56
0.000153227	3816.91
0.000155071	4000.67
0.000156915	4187.36
0.000158758	4377.79
0.000160602	4576.55
0.000162446	4783.92
0.000164289	5005.58
0.000166133	5240.73
0.000167977	5489.97
0.00016982	5751.95
0.000171664	6018.73
0.000173507	6289.43
0.000175351	6550.97
0.000177195	6803.48
0.000179038	7036.44
0.000180882	7250.62
0.000182726	7443.2
0.000184569	7614.84
0.000186413	7769.21
0.000188257	7906.44
0.0001901	8031.35
0.000191944	8143.72
0.000193788	8245.31
0.000195631	8335.91
0.000197475	8414.14
0.000199319	8479.97
0.000201162	8531.93
0.000203006	8570
0.00020485	8592.15
0.000206693	8602.69
0.000208537	8601.94
0.000210381	8589.22
0.000212224	8568.22
0.000214068	8538.92
0.000215912	8503.39
0.000217755	8461.62
0.000219599	8413.82
0.000221442	8360.03
0.000223286	8297.71
0.00022513	8226.94
0.000226973	8142.61
0.000228817	8044.77
0.000230661	7928.29
0.000232504	7793.04
0.000234348	7637.7
0.000236192	7462.01
0.000238035	7270.31
0.000239879	7062.38
0.000241723	6846.25
0.000243566	6621.94
0.00024541	6397.3
0.000247254	6172.55
0.000249097	5952.84
0.000250941	5738.46
0.000252785	5531.77
0.000254628	5332.99
0.000256472	5142.64
0.000258316	4960.9
0.000260159	4786.81
0.000262003	4620.52
0.000263847	4459.49
0.00026569	4303.82
0.000267534	4149.68
0.000269377	3996.99
0.000271221	3841.85
0.000273065	3683.93
0.000274908	3520.77
0.000276752	3351.87
0.000278596	3177.37
0.000280439	2996.78
0.000282283	2813.15
0.000284127	2626.26
0.00028597	2441.3
0.000287814	2258.48
0.000289658	2083.41
0.000291501	1916.76
0.000293345	1762.44
0.000295189	1621.42
0.000297032	1494.34
0.000298876	1382.02
0.00030072	1281.55
0.000302563	1193.15
0.000304407	1111.88
0.000306251	1037.11
0.000308094	964.831
0.000309938	893.841
0.000311782	823.421
0.000313625	752.651
0.000315469	683.923
0.000317312	617.27
0.000319156	555.679
0.000321	500.003
0.000322843	451.285
0.000324687	410.386
0.000326531	375.902
0.000328374	347.996
0.000330218	324.234
0.000332062	304.067
0.000333905	285.676
0.000335749	268.313
0.000337593	251.351
0.000339436	234.324
0.00034128	217.348
0.000343124	200.328
0.000344967	183.465
0.000346811	166.827
0.000348655	150.464
0.000350498	134.394
0.000352342	118.703
0.000354186	103.357
0.000356029	88.6777
0.000357873	74.7132
0.000359717	61.9332
0.00036156	50.544
0.000363404	40.8495
0.000365247	33.1182
0.000367091	27.2501
0.000368935	23.1797
0.000370778	21.1396
0.000372622	20.3734
0.000374466	20.1454
0.000376309	20.6672
0.000378153	21.0988
0.000379997	21.0952
0.00038184	21.0827
0.000383684	20.2435
0.000385528	18.6182
0.000387371	16.576
0.000389215	14.2404
0.000391059	11.7715
0.000392902	9.34598
0.000394746	7.16135
0.00039659	5.24888
0.000398433	3.71371
0.000400277	2.51983
