0.000500379	1.07887e-191
0.00050876	5.12514e-184
0.000517141	2.05006e-183
0.000525522	6.32673e-176
0.000533903	2.55658e-175
0.000542284	5.12485e-168
0.000550665	2.09242e-167
0.000559045	2.72402e-160
0.000567426	1.12392e-159
0.000575807	9.50085e-153
0.000584188	3.96204e-152
0.000592569	2.17439e-145
0.00060095	9.16637e-145
0.00060933	3.26539e-138
0.000617711	1.39178e-137
0.000626092	3.21773e-131
0.000634473	1.38688e-130
0.000642854	2.08056e-124
0.000651235	9.06994e-124
0.000659615	8.82726e-118
0.000667996	3.89282e-117
0.000676377	2.45744e-111
0.000684758	1.09652e-110
0.000693139	4.48899e-105
0.00070152	2.02706e-104
0.0007099	5.38049e-99
0.000718281	2.45928e-98
0.000726662	4.23156e-93
0.000735043	1.95814e-92
0.000743424	2.18363e-87
0.000751805	1.02323e-86
0.000760186	7.39366e-82
0.000768566	3.5091e-81
0.000776947	1.64262e-76
0.000785328	7.89789e-76
0.000793709	2.39447e-71
0.00080209	1.16659e-70
0.000810471	2.29021e-66
0.000818851	1.13089e-65
0.000827232	1.43725e-61
0.000835613	7.19472e-61
0.000843994	5.91813e-57
0.000852375	3.004e-56
0.000860756	1.59894e-52
0.000869136	8.23147e-52
0.000877517	2.83451e-48
0.000885898	1.48029e-47
0.000894279	3.29712e-44
0.00090266	1.74707e-43
0.000911041	2.51663e-40
0.000919421	1.35321e-39
0.000927802	1.26055e-36
0.000936183	6.87884e-36
0.000944564	4.1439e-33
0.000952945	2.29489e-32
0.000961326	8.94219e-30
0.000969707	5.0247e-29
0.000978087	1.26704e-26
0.000986468	7.22045e-26
0.000994849	1.17936e-23
0.00100323	6.80981e-23
0.00101161	7.2165e-21
0.00101999	4.2154e-20
0.00102837	2.90614e-18
0.00103675	1.71278e-17
0.00104513	7.71542e-16
0.00105351	4.56837e-15
0.0010619	1.35387e-13
0.00107028	7.99992e-13
0.00107866	1.5762e-11
0.00108704	9.19974e-11
0.00109542	1.22396e-09
0.0011038	6.95011e-09
0.00111218	6.3838e-08
0.00112056	3.45134e-07
0.00112894	2.25515e-06
0.00113732	1.12762e-05
0.0011457	5.4422e-05
0.00115409	0.000242744
0.00116247	0.000903321
0.00117085	0.00345115
0.00117923	0.0103441
0.00118761	0.0325338
0.00119599	0.0816101
0.00120437	0.204859
0.00121275	0.45713
0.00122113	0.909067
0.00122951	1.68781
0.00123789	2.79582
0.00124627	4.34645
0.00125466	6.3607
0.00126304	9.28584
0.00127142	13.1534
0.0012798	19.2819
0.00128818	27.6318
0.00129656	38.6689
0.00130494	52.3234
0.00131332	65.9124
0.0013217	79.4534
0.00133008	90.1537
0.00133846	98.0388
0.00134684	104.874
0.00135523	110.626
0.00136361	119.439
0.00137199	131.318
0.00138037	148.482
0.00138875	170.956
0.00139713	199.559
0.00140551	234.28
0.00141389	276.217
0.00142227	325.381
0.00143065	382.675
0.00143903	448.206
0.00144741	520.937
0.0014558	600.96
0.00146418	685.726
0.00147256	775.019
0.00148094	869.136
0.00148932	967.725
0.0014977	1075.36
0.00150608	1192.21
0.00151446	1321.45
0.00152284	1464.04
0.00153122	1613.99
0.0015396	1772.07
0.00154798	1924.59
0.00155637	2070.51
0.00156475	2202.92
0.00157313	2319.56
0.00158151	2429.83
0.00158989	2533.6
0.00159827	2642.25
0.00160665	2758.82
0.00161503	2875.13
0.00162341	2992.27
0.00163179	3094.13
0.00164017	3177.98
0.00164855	3241.94
0.00165694	3286.56
0.00166532	3303.85
0.0016737	3309.27
0.00168208	3309.21
0.00169046	3292.3
0.00169884	3268.72
0.00170722	3243.03
0.0017156	3206.74
0.00172398	3160.56
0.00173236	3091.62
0.00174074	2995.82
0.00174912	2875.63
0.00175751	2728.24
0.00176589	2568.55
0.00177427	2398.66
0.00178265	2229.56
0.00179103	2064.52
0.00179941	1907.42
0.00180779	1760.28
0.00181617	1623.04
0.00182455	1497.09
0.00183293	1377.69
0.00184131	1264
0.00184969	1152.51
0.00185808	1040.62
0.00186646	932.474
0.00187484	828.468
0.00188322	732.297
0.0018916	646.269
0.00189998	568.104
0.00190836	497.675
0.00191674	433.077
0.00192512	373.14
0.0019335	318.64
0.00194188	269.607
0.00195026	226.483
0.00195865	189.684
0.00196703	158.591
0.00197541	133.277
0.00198379	112.548
0.00199217	96.0179
0.00200055	82.5863
0.00200893	71.5568
0.00201731	62.6342
0.00202569	55.5375
0.00203407	49.9649
0.00204245	45.892
0.00205083	42.4591
0.00205922	39.1825
0.0020676	35.6151
0.00207598	31.1562
0.00208436	26.2413
0.00209274	20.8389
0.00210112	15.5836
0.0021095	10.9354
0.00211788	7.04371
0.00212626	4.26534
0.00213464	2.32365
0.00214302	1.14299
0.0021514	0.543885
0.00215979	0.202015
0.00216817	0.0880579
