0.000500379	7.77849e-57
0.000507084	1.08979e-54
0.000513789	4.33584e-54
0.000520493	5.16502e-52
0.000527198	2.06935e-51
0.000533903	2.09252e-49
0.000540607	8.45645e-49
0.000547312	7.26025e-47
0.000554017	2.95905e-46
0.000560721	2.15753e-44
0.000567426	8.86627e-44
0.000574131	5.49209e-42
0.000580835	2.27496e-41
0.00058754	1.19771e-39
0.000594244	4.99885e-39
0.000600949	2.23802e-37
0.000607654	9.40708e-37
0.000614358	3.58393e-35
0.000621063	1.5162e-34
0.000627768	4.91961e-33
0.000634472	2.09318e-32
0.000641177	5.79009e-31
0.000647882	2.47536e-30
0.000654586	5.84455e-29
0.000661291	2.50783e-28
0.000667995	5.06145e-27
0.0006747	2.17686e-26
0.000681405	3.76204e-25
0.000688109	1.61917e-24
0.000694814	2.40099e-23
0.000701519	1.03215e-22
0.000708223	1.31642e-21
0.000714928	5.63977e-21
0.000721633	6.20411e-20
0.000728337	2.64196e-19
0.000735042	2.51489e-18
0.000741746	1.06129e-17
0.000748451	8.77438e-17
0.000755156	3.65677e-16
0.00076186	2.63691e-15
0.000768565	1.08105e-14
0.00077527	6.83135e-14
0.000781974	2.74297e-13
0.000788679	1.52692e-12
0.000795384	5.97584e-12
0.000802088	2.94716e-11
0.000808793	1.11835e-10
0.000815497	4.91644e-10
0.000822202	1.7988e-09
0.000828907	7.09475e-09
0.000835611	2.48818e-08
0.000842316	8.86402e-08
0.000849021	2.96199e-07
0.000855725	9.5959e-07
0.00086243	3.03701e-06
0.000869135	9.0082e-06
0.000875839	2.68467e-05
0.000882544	7.3386e-05
0.000889249	0.000204835
0.000895953	0.000519196
0.000902658	0.00135069
0.000909362	0.00319247
0.000916067	0.00770927
0.000922772	0.0170755
0.000929476	0.0381556
0.000936181	0.0795254
0.000942886	0.164098
0.00094959	0.322902
0.000956295	0.61478
0.000963	1.16706
0.000969704	2.04903
0.000976409	3.62135
0.000983113	5.96372
0.000989818	9.79277
0.000996523	15.1914
0.00100323	23.2638
0.00100993	34.0557
0.00101664	48.8473
0.00102334	67.6088
0.00103005	91.2818
0.00103675	119.764
0.00104346	153.076
0.00105016	191.101
0.00105686	232.761
0.00106357	277.998
0.00107027	325.157
0.00107698	374.264
0.00108368	424.014
0.00109039	474.467
0.00109709	525.213
0.0011038	576.285
0.0011105	627.857
0.00111721	679.93
0.00112391	732.639
0.00113062	785.986
0.00113732	840.113
0.00114402	895.042
0.00115073	951.77
0.00115743	1010.31
0.00116414	1073.07
0.00117084	1140.02
0.00117755	1214.35
0.00118425	1296.02
0.00119096	1387.54
0.00119766	1488.94
0.00120437	1601.03
0.00121107	1723.85
0.00121778	1856.03
0.00122448	1997.66
0.00123119	2144.76
0.00123789	2297.46
0.00124459	2449.28
0.0012513	2600.28
0.001258	2743.02
0.00126471	2877.39
0.00127141	2997.57
0.00127812	3103.3
0.00128482	3192.15
0.00129153	3263.84
0.00129823	3319.41
0.00130494	3359.63
0.00131164	3377.26
0.00131835	3384.36
0.00132505	3383.5
0.00133175	3363.13
0.00133846	3331.17
0.00134516	3288.63
0.00135187	3237.71
0.00135857	3178.43
0.00136528	3114.46
0.00137198	3046.01
0.00137869	2976.11
0.00138539	2905.12
0.0013921	2834.58
0.0013988	2764.87
0.00140551	2695.79
0.00141221	2627.61
0.00141891	2558.58
0.00142562	2488.75
0.00143232	2415.6
0.00143903	2338.88
0.00144573	2256.63
0.00145244	2168.38
0.00145914	2073.9
0.00146585	1972.76
0.00147255	1866.72
0.00147926	1755.64
0.00148596	1642.49
0.00149267	1527.54
0.00149937	1413.86
0.00150608	1302
0.00151278	1194.27
0.00151948	1091.3
0.00152619	994.202
0.00153289	903.493
0.0015396	819.106
0.0015463	741.261
0.00155301	669.251
0.00155971	602.966
0.00156642	541.895
0.00157312	485.786
0.00157983	434.781
0.00158653	388.806
0.00159324	348.237
0.00159994	313.3
0.00160664	283.676
0.00161335	259.626
0.00162005	239.684
0.00162676	223.707
0.00163346	209.695
0.00164017	196.965
0.00164687	184.168
0.00165358	170.457
0.00166028	155.795
0.00166699	139.73
0.00167369	123.151
0.0016804	106.207
0.0016871	89.8121
0.00169381	74.4399
0.00170051	60.4752
0.00170721	48.3026
0.00171392	37.8266
0.00172062	29.1636
0.00172733	22.0359
0.00173403	16.3634
0.00174074	11.8823
0.00174744	8.44528
0.00175415	5.84811
0.00176085	3.94411
0.00176756	2.58327
0.00177426	1.6378
0.00178097	1.00895
0.00178767	0.595516
0.00179437	0.344588
0.00180108	0.186288
0.00180778	0.102241
0.00181449	0.0504224
0.00182119	0.0262179
0.0018279	0.0108929
0.0018346	0.00578464
