0.000100103	5.37492e-20
0.000103622	4.19318e-19
0.000107142	1.51602e-18
0.000110662	1.08991e-17
0.000114182	3.78733e-17
0.000117702	2.43906e-16
0.000121222	8.38035e-16
0.000124742	4.84729e-15
0.000128261	1.64249e-14
0.000131781	8.5575e-14
0.000135301	2.85148e-13
0.000138821	1.34244e-12
0.000142341	4.38509e-12
0.000145861	1.87183e-11
0.000149381	5.97375e-11
0.0001529	2.32053e-10
0.00015642	7.20941e-10
0.00015994	2.5584e-09
0.00016346	7.70835e-09
0.00016698	2.50909e-08
0.0001705	7.30241e-08
0.00017402	2.18937e-07
0.000177539	6.12989e-07
0.000181059	1.69999e-06
0.000184579	4.56004e-06
0.000188099	1.17476e-05
0.000191619	3.00659e-05
0.000195139	7.22531e-05
0.000198659	0.00017573
0.000202178	0.000395533
0.000205698	0.000910712
0.000209218	0.0019272
0.000212738	0.00418615
0.000216258	0.0083578
0.000219778	0.0170738
0.000223298	0.0322629
0.000226817	0.0618294
0.000230337	0.113211
0.000233857	0.200831
0.000237377	0.348704
0.000240897	0.580303
0.000244417	0.95025
0.000247937	1.49208
0.000251456	2.30434
0.000254976	3.42496
0.000258496	4.99754
0.000262016	7.05428
0.000265536	9.76164
0.000269056	13.1404
0.000272576	17.3455
0.000276095	22.3943
0.000279615	28.4224
0.000283135	35.4616
0.000286655	43.6763
0.000290175	53.1188
0.000293695	64.0516
0.000297214	76.5243
0.000300734	90.8891
0.000304254	107.155
0.000307774	125.621
0.000311294	146.243
0.000314814	169.086
0.000318334	194.087
0.000321853	221.036
0.000325373	249.898
0.000328893	280.358
0.000332413	312.434
0.000335933	345.948
0.000339453	380.954
0.000342973	417.55
0.000346492	455.801
0.000350012	496.097
0.000353532	538.521
0.000357052	583.8
0.000360572	632.047
0.000364092	684.51
0.000367612	741.32
0.000371131	804.407
0.000374651	873.858
0.000378171	952.065
0.000381691	1038.99
0.000385211	1136.6
0.000388731	1244.71
0.000392251	1363.49
0.00039577	1492.7
0.00039929	1629.8
0.00040281	1774.6
0.00040633	1922.33
0.00040985	2072.97
0.00041337	2221.52
0.00041689	2368.1
0.000420409	2509.91
0.000423929	2647.12
0.000427449	2780.32
0.000430969	2909.59
0.000434489	3038.08
0.000438009	3165.8
0.000441529	3296.31
0.000445048	3429.57
0.000448568	3567.55
0.000452088	3710.23
0.000455608	3857.13
0.000459128	4008.27
0.000462648	4160.9
0.000466168	4315.07
0.000469687	4466.6
0.000473207	4615.54
0.000476727	4757.48
0.000480247	4892.4
0.000483767	5017.01
0.000487287	5131.21
0.000490807	5233.86
0.000494326	5324.83
0.000497846	5405.07
0.000501366	5474.52
0.000504886	5534.77
0.000508406	5585.94
0.000511926	5628.33
0.000515446	5662.5
0.000518965	5682.25
0.000522485	5691.65
0.000526005	5691.14
0.000529525	5668.89
0.000533045	5626.12
0.000536565	5563.5
0.000540085	5478.69
0.000543604	5371.15
0.000547124	5243.73
0.000550644	5096.08
0.000554164	4934.03
0.000557684	4757.67
0.000561204	4573.23
0.000564724	4381.21
0.000568243	4186.16
0.000571763	3988.67
0.000575283	3791.16
0.000578803	3594.03
0.000582323	3398.51
0.000585843	3204.71
0.000589362	3013.86
0.000592882	2825.97
0.000596402	2642.82
0.000599922	2464.48
0.000603442	2293.1
0.000606962	2128.89
0.000610482	1973.84
0.000614001	1828.27
0.000617521	1693.47
0.000621041	1569.81
0.000624561	1457.5
0.000628081	1356.89
0.000631601	1266.82
0.000635121	1187.51
0.00063864	1116.43
0.00064216	1053.48
0.00064568	995.309
0.0006492	941.38
0.00065272	888.607
0.00065624	836.103
0.00065976	782.187
0.000663279	725.979
0.000666799	667.692
0.000670319	606.854
0.000673839	545.127
0.000677359	482.633
0.000680879	421.473
0.000684399	362.227
0.000687918	306.523
0.000691438	255.073
0.000694958	208.615
0.000698478	167.696
0.000701998	132.211
0.000705518	102.399
0.000709038	77.5954
0.000712557	57.7324
0.000716077	41.9179
0.000719597	29.861
0.000723117	20.712
0.000726637	14.0771
0.000730157	9.30501
0.000733677	6.01092
0.000737196	3.78104
0.000740716	2.3117
0.000744236	1.38367
0.000747756	0.796679
0.000751276	0.454461
0.000754796	0.24314
0.000758316	0.134009
0.000761835	0.0671952
0.000765355	0.0353383
0.000768875	0.0167649
0.000772395	0.00830855
0.000775915	0.00373977
0.000779435	0.0017394
0.000782955	0.000745232
0.000786474	0.000323906
0.000789994	0.000132565
0.000793514	5.36095e-05
0.000797034	1.93134e-05
0.000800554	7.88138e-06
