3.33898e-05	219.743
3.48982e-05	260.054
3.64066e-05	305.222
3.7915e-05	355.341
3.94234e-05	410.133
4.09318e-05	469.457
4.24402e-05	532.961
4.39487e-05	600.321
4.54571e-05	671.181
4.69655e-05	745.097
4.84739e-05	821.801
4.99823e-05	900.835
5.14907e-05	982.075
5.29991e-05	1065.17
5.45076e-05	1150.14
5.6016e-05	1236.82
5.75244e-05	1325.34
5.90328e-05	1415.74
6.05412e-05	1508.17
6.20496e-05	1602.83
6.3558e-05	1699.85
6.50665e-05	1799.49
6.65749e-05	1901.83
6.80833e-05	2007.12
6.95917e-05	2115.39
7.11001e-05	2226.85
7.26085e-05	2341.53
7.41169e-05	2459.6
7.56253e-05	2581.12
7.71338e-05	2706.26
7.86422e-05	2835.11
8.01506e-05	2967.9
8.1659e-05	3104.7
8.31674e-05	3245.78
8.46758e-05	3391.17
8.61842e-05	3541.11
8.76927e-05	3695.54
8.92011e-05	3854.56
9.07095e-05	4018
9.22179e-05	4185.69
9.37263e-05	4357.38
9.52347e-05	4532.53
9.67431e-05	4710.85
9.82516e-05	4891.42
9.976e-05	5073.95
0.000101268	5257.26
0.000102777	5441.15
0.000104285	5624.36
0.000105794	5806.83
0.000107302	5987.54
0.00010881	6166.56
0.000110319	6343.4
0.000111827	6518.23
0.000113336	6691.2
0.000114844	6862.48
0.000116353	7032.76
0.000117861	7202.1
0.000119369	7371.3
0.000120878	7540.23
0.000122386	7709.19
0.000123895	7877.86
0.000125403	8045.42
0.000126911	8211.41
0.00012842	8373.51
0.000129928	8531.24
0.000131437	8680.86
0.000132945	8821.99
0.000134453	8950.02
0.000135962	9064.74
0.00013747	9161.55
0.000138979	9240.47
0.000140487	9300.13
0.000141996	9337.87
0.000143504	9339.98
0.000145012	9332.15
0.000146521	9308.93
0.000148029	9250.21
0.000149538	9174.03
0.000151046	9078.74
0.000152554	8966.85
0.000154063	8838.46
0.000155571	8697.55
0.00015708	8544.14
0.000158588	8382.05
0.000160097	8211.24
0.000161605	8034.98
0.000163113	7853.22
0.000164622	7668.59
0.00016613	7481.05
0.000167639	7292.8
0.000169147	7103.82
0.000170655	6916.14
0.000172164	6729.76
0.000173672	6546.74
0.000175181	6367.08
0.000176689	6192.84
0.000178197	6023.99
0.000179706	5862.34
0.000181214	5707.84
0.000182723	5561.61
0.000184231	5423.64
0.00018574	5293.93
0.000187248	5172.5
0.000188756	5058.09
0.000190265	4950.75
0.000191773	4848.09
0.000193282	4750.16
0.00019479	4653.94
0.000196298	4559.43
0.000197807	4463.65
0.000199315	4366.56
0.000200824	4265.85
0.000202332	4161.46
0.000203841	4052.25
0.000205349	3938.11
0.000206857	3819.2
0.000208366	3695.44
0.000209874	3568.13
0.000211383	3437.2
0.000212891	3304.71
0.000214399	3170.65
0.000215908	3037.35
0.000217416	2904.85
0.000218925	2775.3
0.000220433	2648.81
0.000221941	2527
0.00022345	2409.99
0.000224958	2298.64
0.000226467	2193.1
0.000227975	2093.36
0.000229484	1999.55
0.000230992	1910.86
0.0002325	1827.35
0.000234009	1747.64
0.000235517	1671.71
0.000237026	1597.95
0.000238534	1526.24
0.000240042	1455.19
0.000241551	1384.59
0.000243059	1313.64
0.000244568	1242.11
0.000246076	1169.97
0.000247585	1097.06
0.000249093	1024.1
0.000250601	951.046
0.00025211	879.111
0.000253618	808.379
0.000255127	740.188
0.000256635	674.737
0.000258143	613.082
0.000259652	555.479
0.00026116	502.445
0.000262669	454.21
0.000264177	410.681
0.000265685	371.991
0.000267194	337.552
0.000268702	307.364
0.000270211	280.578
0.000271719	257.064
0.000273228	235.966
0.000274736	217.073
0.000276244	199.71
0.000277753	183.65
0.000279261	168.49
0.00028077	154.044
0.000282278	140.171
0.000283786	126.758
0.000285295	113.849
0.000286803	101.409
0.000288312	89.5625
0.00028982	78.3344
0.000291329	67.8422
0.000292837	58.1374
0.000294345	49.2785
0.000295854	41.3132
0.000297362	34.2271
0.000298871	28.0431
0.000300379	22.6881
0.000301887	18.1534
0.000303396	14.334
0.000304904	11.1938
0.000306413	8.62322
0.000307921	6.5694
0.000309429	4.93645
0.000310938	3.66706
0.000312446	2.68774
0.000313955	1.94597
0.000315463	1.3913
0.000316972	0.981283
0.00031848	0.684528
0.000319988	0.470042
0.000321497	0.320031
0.000323005	0.213807
0.000324514	0.142149
0.000326022	0.092325
0.00032753	0.0599758
0.000329039	0.0378364
0.000330547	0.0240345
0.000332056	0.0139433
0.000333564	0.00914719
