0.000500379	2.91695e-155
0.00050876	7.12012e-150
0.000517141	2.84804e-149
0.000525522	5.24929e-144
0.000533903	2.12118e-143
0.000542284	2.95164e-138
0.000550665	1.20512e-137
0.000559045	1.26584e-132
0.000567426	5.22278e-132
0.000575807	4.14044e-127
0.000584188	1.72662e-126
0.000592569	1.03292e-121
0.00060095	4.35431e-121
0.00060933	1.96538e-116
0.000617711	8.3767e-116
0.000626092	2.85223e-111
0.000634473	1.22931e-110
0.000642854	3.15707e-106
0.000651235	1.37623e-105
0.000659615	2.66533e-101
0.000667996	1.17534e-100
0.000676377	1.71628e-96
0.000684758	7.65755e-96
0.000693139	8.42955e-92
0.00070152	3.80606e-91
0.0007099	3.15795e-87
0.000718281	1.44321e-86
0.000726662	9.02403e-83
0.000735043	4.17506e-82
0.000743424	1.96698e-78
0.000751805	9.21478e-78
0.000760186	3.27054e-74
0.000768566	1.55171e-73
0.000776947	4.14831e-70
0.000785328	1.99366e-69
0.000793709	4.01399e-66
0.00080209	1.95446e-65
0.000810471	2.96317e-62
0.000818851	1.46203e-61
0.000827232	1.66894e-58
0.000835613	8.34568e-58
0.000843994	7.17234e-55
0.000852375	3.63552e-54
0.000860756	2.35212e-51
0.000869136	1.20865e-50
0.000877517	5.8869e-48
0.000885898	3.06687e-47
0.000894279	1.12461e-44
0.00090266	5.94e-44
0.000911041	1.64016e-41
0.000919421	8.78246e-41
0.000927802	1.82655e-38
0.000936183	9.91361e-38
0.000944564	1.55366e-35
0.000952945	8.54448e-35
0.000961326	1.00974e-32
0.000969707	5.6239e-32
0.000978087	5.01623e-30
0.000986468	2.82718e-29
0.000994849	1.9059e-27
0.00100323	1.08571e-26
0.00101161	5.5421e-25
0.00101999	3.18565e-24
0.00102837	1.23446e-22
0.00103675	7.14342e-22
0.00104513	2.10855e-20
0.00105351	1.22447e-19
0.0010619	2.76554e-18
0.00107028	1.60489e-17
0.00107866	2.78993e-16
0.00108704	1.60894e-15
0.00109542	2.16916e-14
0.0011038	1.23422e-13
0.00111218	1.30286e-12
0.00112056	7.24757e-12
0.00112894	6.06109e-11
0.00113732	3.25954e-10
0.0011457	2.19014e-09
0.00115409	1.12342e-08
0.00116247	6.16408e-08
0.00117085	2.96936e-07
0.00117923	1.3546e-06
0.00118761	6.0242e-06
0.00119599	2.32868e-05
0.00120437	9.39128e-05
0.00121275	0.000313484
0.00122113	0.00112652
0.00122951	0.00330494
0.00123789	0.0104162
0.00124627	0.0272668
0.00125466	0.074414
0.00126304	0.175832
0.00127142	0.41203
0.0012798	0.88755
0.00128818	1.78197
0.00129656	3.58352
0.00130494	6.29789
0.00131332	10.7989
0.0013217	17.0766
0.00133008	25.6694
0.00133846	36.5723
0.00134684	49.3865
0.00135523	64.117
0.00136361	80.029
0.00137199	97.1058
0.00138037	115.747
0.00138875	135.906
0.00139713	159.438
0.00140551	186.303
0.00141389	219.039
0.00142227	257.603
0.00143065	305.266
0.00143903	362.008
0.00144741	431.491
0.0014558	513.889
0.00146418	610.359
0.00147256	721.254
0.00148094	843.135
0.00148932	976.138
0.0014977	1115.18
0.00150608	1260.01
0.00151446	1407.97
0.00152284	1558.97
0.00153122	1710.77
0.0015396	1863.85
0.00154798	2011.13
0.00155637	2152.73
0.00156475	2279.24
0.00157313	2389.35
0.00158151	2482.06
0.00158989	2555.6
0.00159827	2621.52
0.00160665	2679.84
0.00161503	2743.82
0.00162341	2815.89
0.00163179	2896.61
0.00164017	2988.5
0.00164855	3077.57
0.00165694	3163.67
0.00166532	3230.99
0.0016737	3278.56
0.00168208	3290.34
0.00169046	3277.34
0.00169884	3247.05
0.00170722	3189.96
0.0017156	3119.03
0.00172398	3037.7
0.00173236	2947.74
0.00174074	2850.14
0.00174912	2745.06
0.00175751	2632.05
0.00176589	2514.51
0.00177427	2392.74
0.00178265	2270.38
0.00179103	2148.77
0.00179941	2027.73
0.00180779	1907.87
0.00181617	1787.13
0.00182455	1665.19
0.00183293	1540.53
0.00184131	1412.54
0.00184969	1281.08
0.00185808	1145.13
0.00186646	1008.17
0.00187484	869.739
0.00188322	737.243
0.0018916	612.455
0.00189998	501.539
0.00190836	407.823
0.00191674	331.236
0.00192512	273.74
0.0019335	230.367
0.00194188	200.282
0.00195026	178.472
0.00195865	162.715
0.00196703	150.406
0.00197541	139.794
0.00198379	129.953
0.00199217	120.002
0.00200055	109.608
0.00200893	98.2806
0.00201731	86.2481
0.00202569	73.2811
0.00203407	60.2443
0.00204245	47.4203
0.00205083	35.6395
0.00205922	25.5398
0.0020676	17.2197
0.00207598	11.0784
0.00208436	6.63193
0.00209274	3.7694
0.00210112	2.00595
0.0021095	0.95816
0.00211788	0.475229
0.00212626	0.202817
0.00213464	0.0870943
0.00214302	0.0337008
0.0021514	0.0122984
0.00215979	0.00407558
0.00216817	0.00133463
