0.000166815	40.9098
0.000171844	43.0126
0.000176872	45.3794
0.000181901	47.9964
0.000186929	50.9045
0.000191958	54.1359
0.000196986	57.7103
0.000202014	61.6587
0.000207043	65.9894
0.000212071	70.7253
0.0002171	75.8619
0.000222128	81.4082
0.000227157	87.348
0.000232185	93.6729
0.000237214	100.359
0.000242242	107.38
0.00024727	114.712
0.000252299	122.313
0.000257327	130.163
0.000262356	138.218
0.000267384	146.464
0.000272413	154.861
0.000277441	163.407
0.000282469	172.076
0.000287498	180.873
0.000292526	189.791
0.000297555	198.845
0.000302583	208.046
0.000307612	217.414
0.00031264	226.978
0.000317669	236.759
0.000322697	246.803
0.000327725	257.134
0.000332754	267.811
0.000337782	278.859
0.000342811	290.35
0.000347839	302.309
0.000352868	314.821
0.000357896	327.904
0.000362924	341.645
0.000367953	356.055
0.000372981	371.206
0.00037801	387.094
0.000383038	403.755
0.000388067	421.168
0.000393095	439.311
0.000398123	458.149
0.000403152	477.59
0.00040818	497.592
0.000413209	517.999
0.000418237	538.776
0.000423266	559.731
0.000428294	580.848
0.000433323	601.949
0.000438351	623.043
0.000443379	644.021
0.000448408	664.912
0.000453436	685.722
0.000458465	706.488
0.000463493	727.338
0.000468522	748.301
0.00047355	769.587
0.000478578	791.208
0.000483607	813.373
0.000488635	836.07
0.000493664	859.413
0.000498692	883.366
0.000503721	907.864
0.000508749	932.859
0.000513778	958.07
0.000518806	983.449
0.000523834	1008.53
0.000528863	1033.28
0.000533891	1057.12
0.00053892	1080.04
0.000543948	1101.5
0.000548977	1121.49
0.000554005	1139.61
0.000559033	1155.86
0.000564062	1170.07
0.00056909	1182.24
0.000574119	1192.41
0.000579147	1200.61
0.000584176	1207.05
0.000589204	1211.75
0.000594233	1215.12
0.000599261	1217.08
0.000604289	1217.25
0.000609318	1216.9
0.000614346	1215.94
0.000619375	1213.47
0.000624403	1210.16
0.000629432	1205.97
0.00063446	1200.73
0.000639488	1194.42
0.000644517	1186.8
0.000649545	1177.87
0.000654574	1167.33
0.000659602	1155.19
0.000664631	1141.19
0.000669659	1125.33
0.000674688	1107.45
0.000679716	1087.56
0.000684744	1065.68
0.000689773	1041.8
0.000694801	1016.14
0.00069983	988.696
0.000704858	959.859
0.000709887	929.621
0.000714915	898.511
0.000719943	866.525
0.000724972	834.248
0.00073	801.68
0.000735029	769.39
0.000740057	737.384
0.000745086	706.144
0.000750114	675.682
0.000755143	646.353
0.000760171	618.171
0.000765199	591.342
0.000770228	565.884
0.000775256	541.853
0.000780285	519.266
0.000785313	498.043
0.000790342	478.197
0.00079537	459.532
0.000800398	442.056
0.000805427	425.487
0.000810455	409.826
0.000815484	394.745
0.000820512	380.234
0.000825541	365.972
0.000830569	351.937
0.000835598	337.871
0.000840626	323.741
0.000845654	309.398
0.000850683	294.808
0.000855711	279.957
0.00086074	264.818
0.000865768	249.511
0.000870797	234.025
0.000875825	218.584
0.000880853	203.196
0.000885882	188.137
0.00089091	173.433
0.000895939	159.347
0.000900967	145.919
0.000905996	133.339
0.000911024	121.654
0.000916052	110.946
0.000921081	101.252
0.000926109	92.5405
0.000931138	84.8323
0.000936166	77.9985
0.000941195	72.0379
0.000946223	66.7665
0.000951252	62.1598
0.00095628	58.0257
0.000961308	54.323
0.000966337	50.8914
0.000971365	47.6838
0.000976394	44.5965
0.000981422	41.5871
0.000986451	38.6146
0.000991479	35.6501
0.000996507	32.7039
0.00100154	29.7647
0.00100656	26.8731
0.00101159	24.034
0.00101662	21.2957
0.00102165	18.6735
0.00102668	16.2057
0.00103171	13.9106
0.00103673	11.8074
0.00104176	9.911
0.00104679	8.22008
0.00105182	6.74206
0.00105685	5.46032
0.00106188	4.37368
0.00106691	3.45744
0.00107193	2.70337
0.00107696	2.08538
0.00108199	1.59107
0.00108702	1.19755
0.00109205	0.891213
0.00109708	0.654508
0.0011021	0.474915
0.00110713	0.340356
0.00111216	0.240686
0.00111719	0.168367
0.00112222	0.115975
0.00112725	0.0792163
0.00113228	0.053119
0.0011373	0.0354448
0.00114233	0.0231211
0.00114736	0.015081
0.00115239	0.00956191
0.00115742	0.0061011
0.00116245	0.00356686
0.00116747	0.00234677
