0.000500379	5.05836e-17
0.000506246	2.7346e-16
0.000512113	9.42089e-16
0.000517979	4.84033e-15
0.000523846	1.57441e-14
0.000529712	7.38115e-14
0.000535579	2.3612e-13
0.000541445	1.01294e-12
0.000547312	3.17833e-12
0.000553178	1.25141e-11
0.000559045	3.84047e-11
0.000564911	1.39222e-10
0.000570778	4.16643e-10
0.000576644	1.39525e-09
0.000582511	4.05907e-09
0.000588378	1.26e-08
0.000594244	3.55198e-08
0.000600111	1.02565e-07
0.000605977	2.79262e-07
0.000611844	7.52793e-07
0.00061771	1.97324e-06
0.000623577	4.9834e-06
0.000629443	1.2535e-05
0.00063531	2.97629e-05
0.000641176	7.16168e-05
0.000647043	0.000160417
0.000652909	0.00036817
0.000658776	0.000780496
0.000664643	0.00170393
0.000670509	0.00342902
0.000676376	0.0071036
0.000682242	0.0136078
0.000688109	0.0266952
0.000693975	0.0490753
0.000699842	0.0906999
0.000705708	0.161782
0.000711575	0.280038
0.000717441	0.475802
0.000723308	0.780558
0.000729174	1.26165
0.000735041	1.96713
0.000740908	3.02336
0.000746774	4.49015
0.000752641	6.56529
0.000758507	9.30529
0.000764374	12.9617
0.00077024	17.5671
0.000776107	23.3664
0.000781973	30.3551
0.00078784	38.6877
0.000793706	48.3308
0.000799573	59.2962
0.000805439	71.5508
0.000811306	84.9987
0.000817173	99.6338
0.000823039	115.365
0.000828906	132.207
0.000834772	150.16
0.000840639	169.222
0.000846505	189.417
0.000852372	210.687
0.000858238	232.867
0.000864105	255.85
0.000869971	279.099
0.000875838	302.523
0.000881704	325.304
0.000887571	347.443
0.000893438	368.262
0.000899304	387.875
0.000905171	406.257
0.000911037	423.58
0.000916904	440.695
0.00092277	457.739
0.000928637	476.175
0.000934503	496.048
0.00094037	518.854
0.000946236	544.56
0.000952103	574.21
0.000957969	607.757
0.000963836	645.728
0.000969703	688.111
0.000975569	735.245
0.000981436	787.148
0.000987302	844.325
0.000993169	906.787
0.000999035	975.178
0.0010049	1049.47
0.00101077	1129.95
0.00101663	1216.56
0.0010225	1308.63
0.00102837	1406.1
0.00103423	1507.2
0.0010401	1611.9
0.00104597	1717.88
0.00105183	1825.14
0.0010577	1931.72
0.00106357	2037.65
0.00106943	2141.94
0.0010753	2244.6
0.00108117	2345.43
0.00108703	2444.43
0.0010929	2541.42
0.00109877	2636.41
0.00110463	2728.6
0.0011105	2818
0.00111637	2903.18
0.00112223	2984.14
0.0011281	3059.35
0.00113397	3128.8
0.00113983	3191.41
0.0011457	3247.14
0.00115157	3295.5
0.00115743	3336.45
0.0011633	3369.8
0.00116916	3395.54
0.00117503	3413.43
0.0011809	3423.53
0.00118676	3424.56
0.00119263	3417.26
0.0011985	3401.68
0.00120436	3375.52
0.00121023	3338.83
0.0012161	3291.76
0.00122196	3233.47
0.00122783	3163.86
0.0012337	3083.24
0.00123956	2991.45
0.00124543	2890.05
0.0012513	2778.92
0.00125716	2660.8
0.00126303	2535.66
0.0012689	2407.03
0.00127476	2275.02
0.00128063	2143.4
0.0012865	2012.42
0.00129236	1885.42
0.00129823	1762.78
0.0013041	1646.77
0.00130996	1537.8
0.00131583	1436.76
0.00132169	1343.98
0.00132756	1259.01
0.00133343	1182.04
0.00133929	1111.69
0.00134516	1047.94
0.00135103	989.027
0.00135689	934.778
0.00136276	883.431
0.00136863	834.721
0.00137449	787.207
0.00138036	740.576
0.00138623	693.948
0.00139209	647.012
0.00139796	599.63
0.00140383	551.565
0.00140969	503.462
0.00141556	455.247
0.00142143	408.139
0.00142729	362.288
0.00143316	319.024
0.00143903	278.694
0.00144489	242.195
0.00145076	209.938
0.00145663	182.041
0.00146249	158.788
0.00146836	139.549
0.00147422	124.347
0.00148009	112.15
0.00148596	102.721
0.00149182	95.0733
0.00149769	88.8257
0.00150356	83.3462
0.00150942	78.2761
0.00151529	73.4053
0.00152116	68.5166
0.00152702	63.6867
0.00153289	58.867
0.00153876	54.2075
0.00154462	49.768
0.00155049	45.6123
0.00155636	41.8115
0.00156222	38.3082
0.00156809	35.1147
0.00157396	32.1227
0.00157982	29.2812
0.00158569	26.5239
0.00159156	23.7851
0.00159742	21.0808
0.00160329	18.3833
0.00160916	15.7621
0.00161502	13.2431
0.00162089	10.8913
0.00162675	8.7603
0.00163262	6.87238
0.00163849	5.26963
0.00164435	3.93113
0.00165022	2.86505
0.00165609	2.02985
0.00166195	1.38481
0.00166782	0.943883
