0.000500379	7.69313e-113
0.000507922	6.68507e-108
0.000515465	2.67401e-107
0.000523008	1.66781e-102
0.00053055	6.73937e-102
0.000538093	3.01657e-97
0.000545636	1.23161e-96
0.000553179	3.95558e-92
0.000560721	1.63201e-91
0.000568264	3.7604e-87
0.000575807	1.56809e-86
0.00058335	2.59169e-82
0.000590892	1.09248e-81
0.000598435	1.29496e-77
0.000605978	5.5189e-77
0.000613521	4.69087e-73
0.000621063	2.02156e-72
0.000628606	1.2319e-68
0.000636149	5.36931e-68
0.000643692	2.34542e-64
0.000651234	1.03406e-63
0.000658777	3.23737e-60
0.00066632	1.444e-59
0.000673862	3.23963e-56
0.000681405	1.46213e-55
0.000688948	2.35036e-52
0.000696491	1.07349e-51
0.000704033	1.23629e-48
0.000711576	5.71488e-48
0.000719119	4.71481e-45
0.000726662	2.20604e-44
0.000734204	1.30374e-41
0.000741747	6.1747e-41
0.00074929	2.61417e-38
0.000756833	1.25319e-37
0.000764375	3.80136e-35
0.000771918	1.84426e-34
0.000779461	4.00932e-32
0.000787004	1.96802e-31
0.000794546	3.06781e-29
0.000802089	1.52282e-28
0.000809632	1.70353e-26
0.000817175	8.54451e-26
0.000824717	6.86794e-24
0.00083226	3.47662e-23
0.000839803	2.01156e-21
0.000847345	1.02583e-20
0.000854888	4.28401e-19
0.000862431	2.1952e-18
0.000869974	6.64207e-17
0.000877516	3.40715e-16
0.000885059	7.50935e-15
0.000892602	3.8361e-14
0.000900145	6.20429e-13
0.000907687	3.13373e-12
0.00091523	3.75655e-11
0.000922773	1.85799e-10
0.000930316	1.67262e-09
0.000937858	7.99901e-09
0.000945401	5.49893e-08
0.000952944	2.50232e-07
0.000960487	1.34072e-06
0.000968029	5.69392e-06
0.000975572	2.43468e-05
0.000983115	9.43842e-05
0.000990658	0.000330494
0.0009982	0.0011423
0.00100574	0.00336196
0.00101329	0.0101268
0.00102083	0.0256612
0.00102837	0.0660773
0.00103591	0.14705
0.00104346	0.319559
0.001051	0.658734
0.00105854	1.20297
0.00106608	2.11236
0.00107363	3.38066
0.00108117	5.10659
0.00108871	7.27106
0.00109626	9.79076
0.0011038	12.6761
0.00111134	15.9171
0.00111888	19.5508
0.00112643	23.9581
0.00113397	29.132
0.00114151	35.4084
0.00114906	42.7252
0.0011566	50.5892
0.00116414	58.9845
0.00117168	67.0972
0.00117923	74.9983
0.00118677	83.0925
0.00119431	91.4448
0.00120185	101.944
0.0012094	114.596
0.00121694	131.654
0.00122448	153.102
0.00123203	181.055
0.00123957	215.495
0.00124711	258.451
0.00125465	309.903
0.0012622	370.565
0.00126974	440.46
0.00127728	517.103
0.00128482	600.554
0.00129237	685.982
0.00129991	773.374
0.00130745	859.419
0.001315	943.971
0.00132254	1027.88
0.00133008	1111
0.00133762	1197.24
0.00134517	1286.63
0.00135271	1382.54
0.00136025	1485.22
0.00136779	1594.46
0.00137534	1710.48
0.00138288	1830.09
0.00139042	1953.25
0.00139797	2077.29
0.00140551	2202.12
0.00141305	2325.98
0.00142059	2449.06
0.00142814	2567.26
0.00143568	2680.57
0.00144322	2784.45
0.00145076	2878.21
0.00145831	2962.48
0.00146585	3036.96
0.00147339	3104.53
0.00148094	3166.02
0.00148848	3218.66
0.00149602	3264.87
0.00150356	3283.9
0.00151111	3289.61
0.00151865	3288.08
0.00152619	3256.21
0.00153373	3213.03
0.00154128	3162.5
0.00154882	3110.28
0.00155636	3059.04
0.00156391	3004
0.00157145	2945.84
0.00157899	2875.74
0.00158653	2791.42
0.00159408	2693.31
0.00160162	2579.65
0.00160916	2458.86
0.0016167	2331.98
0.00162425	2204.99
0.00163179	2079.93
0.00163933	1956.53
0.00164688	1835.49
0.00165442	1714.54
0.00166196	1592.94
0.0016695	1471.07
0.00167705	1348.18
0.00168459	1227.75
0.00169213	1110.24
0.00169968	998.883
0.00170722	894.925
0.00171476	798.918
0.0017223	711.717
0.00172985	631.663
0.00173739	558.626
0.00174493	490.839
0.00175247	427.386
0.00176002	368.613
0.00176756	314.063
0.0017751	265.468
0.00178265	223.595
0.00179019	188.447
0.00179773	160.77
0.00180527	138.375
0.00181282	120.74
0.00182036	105.995
0.0018279	93.0614
0.00183544	81.5451
0.00184299	70.9476
0.00185053	61.281
0.00185807	52.4475
0.00186562	44.3824
0.00187316	36.925
0.0018807	30.3956
0.00188824	24.8711
0.00189579	20.685
0.00190333	18.0343
0.00191087	17.1195
0.00191841	17.4885
0.00192596	18.0742
0.0019335	18.752
0.00194104	19.1398
0.00194859	18.4424
0.00195613	16.8352
0.00196367	14.3971
0.00197121	11.5809
0.00197876	8.73848
0.0019863	6.10175
0.00199384	4.0435
0.00200138	2.43606
