0.000100103	0.174734
0.00010312	0.271196
0.000106137	0.444155
0.000109154	0.680525
0.000112171	1.01852
0.000115188	1.48531
0.000118205	2.10719
0.000121222	2.92074
0.000124239	3.93426
0.000127256	5.18009
0.000130273	6.63386
0.00013329	8.29918
0.000136307	10.1183
0.000139324	12.0435
0.000142341	14.0067
0.000145358	15.9106
0.000148375	17.7178
0.000151392	19.3234
0.000154408	20.7574
0.000157425	21.9787
0.000160442	23.0892
0.000163459	24.173
0.000166476	25.368
0.000169493	26.888
0.00017251	28.8492
0.000175527	31.5274
0.000178544	34.9719
0.000181561	39.4119
0.000184578	44.823
0.000187595	51.3005
0.000190612	58.7802
0.000193629	67.2086
0.000196646	76.5362
0.000199663	86.632
0.00020268	97.507
0.000205697	109.077
0.000208714	121.429
0.000211731	134.642
0.000214748	148.861
0.000217765	164.385
0.000220782	181.374
0.000223799	200.321
0.000226816	221.359
0.000229833	245.077
0.00023285	271.55
0.000235867	301.326
0.000238884	334.408
0.000241901	371.166
0.000244918	411.531
0.000247935	455.588
0.000250952	503.225
0.000253969	554.21
0.000256986	608.436
0.000260003	665.442
0.00026302	725.177
0.000266037	787.15
0.000269054	851.399
0.000272071	917.664
0.000275088	986.07
0.000278105	1056.82
0.000281122	1130.07
0.000284139	1206.6
0.000287156	1286.52
0.000290173	1370.98
0.00029319	1460.01
0.000296207	1554.65
0.000299224	1654.77
0.000302241	1760.7
0.000305258	1872.22
0.000308275	1988.51
0.000311292	2109.34
0.000314309	2232.81
0.000317326	2358.79
0.000320343	2484.89
0.00032336	2611.1
0.000326377	2735.33
0.000329394	2857.67
0.000332411	2976.97
0.000335428	3093.39
0.000338445	3207.02
0.000341462	3318.01
0.000344479	3427.65
0.000347496	3536.01
0.000350513	3645.08
0.00035353	3754.85
0.000356547	3867.08
0.000359564	3981.68
0.000362581	4099.17
0.000365598	4219.44
0.000368615	4341.18
0.000371632	4464.33
0.000374649	4586.09
0.000377666	4706.48
0.000380683	4822.33
0.0003837	4933.67
0.000386717	5038
0.000389734	5135.36
0.000392751	5224.07
0.000395768	5304.14
0.000398785	5373.98
0.000401802	5433.6
0.000404819	5481.81
0.000407836	5518.76
0.000410853	5530.11
0.00041387	5533.52
0.000416887	5529.27
0.000419904	5496.14
0.000422921	5446.79
0.000425938	5381.61
0.000428955	5302.33
0.000431972	5208.83
0.000434989	5106.32
0.000438006	4994.78
0.000441023	4879.68
0.00044404	4761.1
0.000447057	4643.23
0.000450074	4526.24
0.000453091	4412.5
0.000456108	4302.16
0.000459125	4196.05
0.000462142	4094.29
0.000465159	3996.54
0.000468176	3902.89
0.000471193	3811.99
0.00047421	3723.92
0.000477227	3636.43
0.000480244	3549.53
0.000483261	3460.63
0.000486278	3369.59
0.000489295	3274.3
0.000492312	3174.52
0.000495329	3069.33
0.000498346	2958.49
0.000501363	2842.52
0.00050438	2721.24
0.000507397	2596.31
0.000510414	2467.69
0.000513431	2337.6
0.000516448	2206.16
0.000519465	2075.55
0.000522482	1946
0.000525499	1819.29
0.000528516	1695.68
0.000531533	1576.39
0.00053455	1461.63
0.000537567	1352.11
0.000540584	1247.98
0.000543601	1149.56
0.000546618	1056.94
0.000549635	970.208
0.000552652	889.411
0.000555669	814.456
0.000558686	745.369
0.000561703	681.917
0.00056472	624.097
0.000567737	571.567
0.000570754	524.299
0.000573771	481.863
0.000576788	444.218
0.000579805	410.794
0.000582822	381.54
0.000585839	355.657
0.000588856	333.046
0.000591873	312.685
0.00059489	294.362
0.000597907	277.034
0.000600924	260.361
0.000603941	243.622
0.000606958	226.437
0.000609975	208.657
0.000612992	190.023
0.000616009	170.945
0.000619026	151.399
0.000622043	132.07
0.00062506	113.165
0.000628077	95.2826
0.000631094	78.7344
0.000634111	63.8038
0.000637128	50.7488
0.000640145	39.5196
0.000643162	30.2228
0.000646179	22.601
0.000649196	16.6046
0.000652213	11.9223
0.00065523	8.40696
0.000658247	5.79651
0.000661264	3.91813
0.000664281	2.59505
0.000667298	1.67848
0.000670315	1.06845
0.000673332	0.659652
0.000676349	0.403917
0.000679366	0.237262
0.000682383	0.139946
0.0006854	0.0777855
0.000688417	0.0443591
0.000691434	0.0231357
0.000694451	0.0128407
0.000697468	0.00574786
0.000700485	0.00338359
