3.33898e-05	2.44684e-22
3.59039e-05	2.61777e-21
3.8418e-05	9.73702e-21
4.09322e-05	9.388e-20
4.34463e-05	3.39632e-19
4.59604e-05	2.89093e-18
4.84746e-05	1.03838e-17
5.09887e-05	7.82205e-17
5.35028e-05	2.78283e-16
5.6017e-05	1.86021e-15
5.85311e-05	6.53737e-15
6.10452e-05	3.88962e-14
6.35594e-05	1.34624e-13
6.60735e-05	7.15342e-13
6.85877e-05	2.43031e-12
7.11018e-05	1.15754e-11
7.36159e-05	3.84625e-11
7.61301e-05	1.64866e-10
7.86442e-05	5.33671e-10
8.11583e-05	2.06749e-09
8.36725e-05	6.4923e-09
8.61866e-05	2.28356e-08
8.87007e-05	6.92539e-08
9.12149e-05	2.22206e-07
9.3729e-05	6.47812e-07
9.62431e-05	1.90532e-06
9.87573e-05	5.31445e-06
0.000101271	1.43986e-05
0.000103786	3.82408e-05
0.0001063	9.59046e-05
0.000108814	0.00024139
0.000111328	0.000563027
0.000113842	0.00133695
0.000116356	0.00291309
0.00011887	0.0064984
0.000121384	0.0132814
0.000123899	0.0277277
0.000126413	0.0533465
0.000128927	0.103894
0.000131441	0.192588
0.000133955	0.345249
0.000136469	0.605226
0.000138983	1.00978
0.000141498	1.65678
0.000144012	2.59153
0.000146526	3.97637
0.00014904	5.84452
0.000151554	8.39085
0.000154068	11.6079
0.000156582	15.6244
0.000159096	20.3804
0.000161611	25.8137
0.000164125	31.8427
0.000166639	38.1804
0.000169153	44.7915
0.000171667	51.33
0.000174181	57.8633
0.000176695	64.314
0.00017921	70.8451
0.000181724	77.9255
0.000184238	85.7406
0.000186752	95.3065
0.000189266	106.741
0.00019178	121.281
0.000194294	138.921
0.000196809	160.617
0.000199323	186.249
0.000201837	216.045
0.000204351	249.849
0.000206865	287.059
0.000209379	327.594
0.000211893	370.473
0.000214407	415.779
0.000216922	463.086
0.000219436	512.621
0.00022195	565.383
0.000224464	621.597
0.000226978	683.694
0.000229492	751.729
0.000232006	828.342
0.000234521	913.365
0.000237035	1007.84
0.000239549	1111.49
0.000242063	1222.74
0.000244577	1341.41
0.000247091	1464.09
0.000249605	1590.82
0.000252119	1718.62
0.000254634	1847.68
0.000257148	1977.65
0.000259662	2108.75
0.000262176	2244.05
0.00026469	2383.67
0.000267204	2533.19
0.000269718	2692.58
0.000272233	2867.72
0.000274747	3058.5
0.000277261	3268.29
0.000279775	3497.01
0.000282289	3743.16
0.000284803	4006.74
0.000287317	4280.8
0.000289831	4565.43
0.000292346	4850.35
0.00029486	5135.63
0.000297374	5411.8
0.000299888	5678.78
0.000302402	5931.92
0.000304916	6170.97
0.00030743	6397.77
0.000309945	6612.09
0.000312459	6820.35
0.000314973	7022.57
0.000317487	7224.61
0.000320001	7426.93
0.000322515	7628.78
0.000325029	7830.92
0.000327544	8022.91
0.000330058	8205.3
0.000332572	8361.44
0.000335086	8492.01
0.0003376	8571.11
0.000340114	8609.33
0.000342628	8609.59
0.000345142	8545.44
0.000347657	8435.79
0.000350171	8281.9
0.000352685	8099.04
0.000355199	7887.35
0.000357713	7666.17
0.000360227	7437.07
0.000362741	7212.53
0.000365256	6994.76
0.00036777	6785.05
0.000370284	6585.02
0.000372798	6387.04
0.000375312	6191.22
0.000377826	5988
0.00038034	5776.05
0.000382854	5550.62
0.000385369	5309.98
0.000387883	5056.84
0.000390397	4790.22
0.000392911	4518.4
0.000395425	4241.7
0.000397939	3969.68
0.000400453	3703.78
0.000402968	3450.77
0.000405482	3212.52
0.000407996	2990.72
0.00041051	2786.84
0.000413024	2597.72
0.000415538	2423.71
0.000418052	2259.27
0.000420566	2103.51
0.000423081	1951.89
0.000425595	1802.85
0.000428109	1655.31
0.000430623	1508.01
0.000433137	1363.4
0.000435651	1221.3
0.000438165	1085.66
0.00044068	957.414
0.000443194	839.466
0.000445708	733.177
0.000448222	638.919
0.000450736	557.613
0.00045325	487.344
0.000455764	428.096
0.000458279	377.082
0.000460793	333.472
0.000463307	295.088
0.000465821	260.842
0.000468335	229.851
0.000470849	201.35
0.000473363	175.478
0.000475877	152.036
0.000478392	131.387
0.000480906	113.725
0.00048342	98.9639
0.000485934	87.288
0.000488448	78.0288
0.000490962	71.0525
0.000493476	65.4859
0.000495991	60.873
0.000498505	56.6286
0.000501019	52.2375
0.000503533	47.6193
0.000506047	42.4871
0.000508561	37.1147
0.000511075	31.5339
0.000513589	26.0621
0.000516104	20.9195
0.000518618	16.2558
0.000521132	12.2769
0.000523646	8.94722
0.00052616	6.34031
0.000528674	4.33303
0.000531188	2.8226
0.000533703	1.84422
