0.000500379	4.34084e-84
0.000507922	2.25494e-80
0.000515465	9.01845e-80
0.000523008	3.57052e-76
0.00053055	1.44245e-75
0.000538093	4.3517e-72
0.000545636	1.77615e-71
0.000553179	4.08262e-68
0.000560721	1.68371e-67
0.000568264	2.94832e-64
0.000575807	1.22876e-63
0.00058335	1.63896e-60
0.000590892	6.90362e-60
0.000598435	7.01339e-57
0.000605978	2.98604e-56
0.000613521	2.31025e-53
0.000621063	9.9432e-53
0.000628606	5.85834e-50
0.000636149	2.54898e-49
0.000643692	1.14364e-46
0.000651234	5.03058e-46
0.000658777	1.71879e-43
0.00066632	7.6433e-43
0.000673862	1.98889e-40
0.000681405	8.94039e-40
0.000688948	1.77209e-37
0.000696491	8.05093e-37
0.000704033	1.21593e-34
0.000711576	5.58151e-34
0.000719119	6.42611e-32
0.000726662	2.97904e-31
0.000734204	2.61639e-29
0.000741747	1.22412e-28
0.00074929	8.20919e-27
0.000756833	3.8726e-26
0.000764375	1.9857e-24
0.000771918	9.43231e-24
0.000779461	3.70479e-22
0.000787004	1.76881e-21
0.000794546	5.33509e-20
0.000802089	2.55393e-19
0.000809632	5.93504e-18
0.000817175	2.83937e-17
0.000824717	5.106e-16
0.00083226	2.43079e-15
0.000839803	3.40175e-14
0.000847345	1.60259e-13
0.000854888	1.75793e-12
0.000862431	8.13771e-12
0.000869974	7.06011e-11
0.000877516	3.18312e-10
0.000885059	2.20836e-09
0.000892602	9.59332e-09
0.000900145	5.39221e-08
0.000907687	2.2283e-07
0.00091523	1.03006e-06
0.000922773	3.99054e-06
0.000930316	1.54234e-05
0.000937858	5.5126e-05
0.000945401	0.00018126
0.000952944	0.000587799
0.000960487	0.00167279
0.000968029	0.00484176
0.000975572	0.012117
0.000983115	0.0308409
0.000990658	0.0687898
0.0009982	0.152106
0.00100574	0.313894
0.00101329	0.595343
0.00102083	1.0964
0.00102837	1.81966
0.00103591	2.88013
0.00104346	4.2451
0.001051	5.83626
0.00105854	7.60688
0.00106608	9.20058
0.00107363	10.5902
0.00108117	11.2899
0.00108871	11.5953
0.00109626	11.5089
0.0011038	11.1581
0.00111134	11.2559
0.00111888	12.1945
0.00112643	14.263
0.00113397	18.5614
0.00114151	25.0654
0.00114906	33.7834
0.0011566	44.7285
0.00116414	57.8775
0.00117168	72.8745
0.00117923	89.7133
0.00118677	107.982
0.00119431	127.658
0.00120185	147.815
0.0012094	168.449
0.00121694	188.252
0.00122448	207.27
0.00123203	225.776
0.00123957	243.804
0.00124711	264.845
0.00125465	288.875
0.0012622	321.002
0.00126974	361.206
0.00127728	412.493
0.00128482	474.922
0.00129237	547.281
0.00129991	629.662
0.00130745	717.913
0.001315	812.028
0.00132254	908.552
0.00133008	1007.3
0.00133762	1109.02
0.00134517	1213.5
0.00135271	1325.64
0.00136025	1445.55
0.00136779	1576.5
0.00137534	1719.17
0.00138288	1868.25
0.00139042	2024.36
0.00139797	2174.54
0.00140551	2318.46
0.00141305	2445.88
0.00142059	2555.43
0.00142814	2648.8
0.00143568	2724.86
0.00144322	2795.12
0.00145076	2859.91
0.00145831	2929.32
0.00146585	3005.05
0.00147339	3085.74
0.00148094	3172.95
0.00148848	3254.3
0.00149602	3329.38
0.00150356	3387.23
0.00151111	3427.82
0.00151865	3437.47
0.00152619	3433.13
0.00153373	3422.57
0.00154128	3395.28
0.00154882	3358.21
0.00155636	3315.33
0.00156391	3254.48
0.00157145	3174.94
0.00157899	3066.62
0.00158653	2925.61
0.00159408	2758.47
0.00160162	2562.67
0.00160916	2358.75
0.0016167	2148.86
0.00162425	1950.94
0.00163179	1769.92
0.00163933	1610.47
0.00164688	1476.14
0.00165442	1361.07
0.00166196	1265.67
0.0016695	1181.53
0.00167705	1106.83
0.00168459	1036.33
0.00169213	967.823
0.00169968	900.785
0.00170722	834.236
0.00171476	769.759
0.0017223	707.757
0.00172985	648.494
0.00173739	592.407
0.00174493	538.464
0.00175247	486.321
0.00176002	435.833
0.00176756	386.607
0.0017751	339.66
0.00178265	295.21
0.00179019	254.06
0.00179773	216.607
0.00180527	183.114
0.00181282	153.799
0.00182036	128.73
0.0018279	108.166
0.00183544	91.5092
0.00184299	78.8717
0.00185053	68.8092
0.00185807	60.7743
0.00186562	53.6275
0.00187316	46.4678
0.0018807	39.3612
0.00188824	31.9171
0.00189579	24.8079
0.00190333	18.3175
0.00191087	12.7409
0.00191841	8.44493
0.00192596	5.20639
0.0019335	3.05893
0.00194104	1.67528
0.00194859	0.83978
0.00195613	0.424306
0.00196367	0.186989
0.00197121	0.0840197
0.00197876	0.0335504
0.0019863	0.0129555
0.00199384	0.00440332
0.00200138	0.00155258
