3.33898e-05	0.0249165
3.52334e-05	0.0391956
3.70771e-05	0.0735047
3.89207e-05	0.121209
4.07644e-05	0.201682
4.2608e-05	0.322565
4.44517e-05	0.514852
4.62953e-05	0.797458
4.8139e-05	1.22346
4.99827e-05	1.83336
5.18263e-05	2.7084
5.367e-05	3.92438
5.55136e-05	5.59131
5.73573e-05	7.83332
5.92009e-05	10.7803
6.10446e-05	14.6094
6.28882e-05	19.4511
6.47319e-05	25.5235
6.65755e-05	32.9342
6.84192e-05	41.9102
7.02628e-05	52.5204
7.21065e-05	64.959
7.39502e-05	79.2595
7.57938e-05	95.5554
7.76375e-05	113.871
7.94811e-05	134.288
8.13248e-05	156.859
8.31684e-05	181.67
8.50121e-05	208.829
8.68557e-05	238.508
8.86994e-05	270.864
9.0543e-05	306.214
9.23867e-05	344.735
9.42303e-05	386.882
9.6074e-05	432.81
9.79177e-05	483.04
9.97613e-05	537.673
0.000101605	597.195
0.000103449	661.66
0.000105292	731.447
0.000107136	806.584
0.00010898	887.345
0.000110823	973.75
0.000112667	1066.01
0.000114511	1164.11
0.000116354	1268.19
0.000118198	1378.18
0.000120042	1494.03
0.000121885	1615.54
0.000123729	1742.28
0.000125572	1873.97
0.000127416	2009.63
0.00012926	2149.01
0.000131103	2290.72
0.000132947	2434.65
0.000134791	2579.46
0.000136634	2725.23
0.000138478	2871.27
0.000140322	3017.81
0.000142165	3165.13
0.000144009	3313.47
0.000145853	3463.89
0.000147696	3616.43
0.00014954	3772.21
0.000151384	3931.05
0.000153227	4093.22
0.000155071	4258.42
0.000156915	4425.6
0.000158758	4594.48
0.000160602	4762.94
0.000162446	4930.87
0.000164289	5095.88
0.000166133	5258.04
0.000167977	5415.63
0.00016982	5568.83
0.000171664	5717.16
0.000173507	5860.81
0.000175351	6000.54
0.000177195	6136.51
0.000179038	6270.36
0.000180882	6402.18
0.000182726	6534
0.000184569	6665.83
0.000186413	6799.65
0.000188257	6935.39
0.0001901	7074.46
0.000191944	7216.75
0.000193788	7362.53
0.000195631	7511.65
0.000197475	7662.67
0.000199319	7815.46
0.000201162	7966.51
0.000203006	8115.74
0.00020485	8257.75
0.000206693	8392.54
0.000208537	8513.7
0.000210381	8621.26
0.000212224	8709.51
0.000214068	8778.45
0.000215912	8820.35
0.000217755	8840.56
0.000219599	8838.84
0.000221442	8807.56
0.000223286	8752.67
0.00022513	8674.18
0.000226973	8575.25
0.000228817	8455.81
0.000230661	8320.56
0.000232504	8169.48
0.000234348	8007.06
0.000236192	7833.34
0.000238035	7651.72
0.000239879	7462.29
0.000241723	7267.16
0.000243566	7066.41
0.00024541	6861.11
0.000247254	6651.32
0.000249097	6437.59
0.000250941	6219.94
0.000252785	5998.94
0.000254628	5774.58
0.000256472	5547.76
0.000258316	5318.45
0.000260159	5087.94
0.000262003	4856.21
0.000263847	4624.72
0.00026569	4393.51
0.000267534	4163.91
0.000269377	3936.01
0.000271221	3710.86
0.000273065	3488.52
0.000274908	3269.82
0.000276752	3054.77
0.000278596	2844.19
0.000280439	2638.07
0.000282283	2437.47
0.000284127	2242.37
0.00028597	2054.24
0.000287814	1873.1
0.000289658	1700.63
0.000291501	1536.99
0.000293345	1383.71
0.000295189	1241.04
0.000297032	1109.98
0.000298876	990.813
0.00030072	883.718
0.000302563	788.924
0.000304407	705.725
0.000306251	634.228
0.000308094	572.994
0.000309938	521.965
0.000311782	479.292
0.000313625	444.754
0.000315469	416.468
0.000317312	394.093
0.000319156	376.037
0.000321	361.916
0.000322843	350.599
0.000324687	341.745
0.000326531	334.667
0.000328374	329.124
0.000330218	324.699
0.000332062	321.261
0.000333905	318.437
0.000335749	316.155
0.000337593	313.939
0.000339436	311.701
0.00034128	308.859
0.000343124	305.256
0.000344967	300.343
0.000346811	293.895
0.000348655	285.594
0.000350498	275.212
0.000352342	262.803
0.000354186	248.23
0.000356029	231.923
0.000357873	213.912
0.000359717	194.872
0.00036156	175.014
0.000363404	155.043
0.000365247	135.297
0.000367091	116.322
0.000368935	98.4771
0.000370778	82.0444
0.000372622	67.304
0.000374466	54.2772
0.000376309	43.103
0.000378153	33.6211
0.000379997	25.8242
0.00038184	19.4738
0.000383684	14.4551
0.000385528	10.536
0.000387371	7.55112
0.000389215	5.32019
0.000391059	3.67772
0.000392902	2.50561
0.000394746	1.66861
0.00039659	1.10001
0.000398433	0.680147
0.000400277	0.449991
