0.000500379	1.51074e-89
0.000507922	3.42408e-86
0.000515465	1.36918e-85
0.000523008	2.50282e-82
0.00053055	1.01081e-81
0.000538093	1.48988e-78
0.000545636	6.07877e-78
0.000553179	7.22367e-75
0.000560721	2.97784e-74
0.000568264	2.85267e-71
0.000575807	1.1883e-70
0.00058335	9.17566e-68
0.000590892	3.86268e-67
0.000598435	2.40391e-64
0.000605978	1.0228e-63
0.000613521	5.12983e-61
0.000621063	2.20613e-60
0.000628606	8.9166e-58
0.000636149	3.87623e-57
0.000643692	1.26246e-54
0.000651234	5.5479e-54
0.000658777	1.45605e-51
0.00066632	6.46825e-51
0.000673862	1.36803e-48
0.000681405	6.14307e-48
0.000688948	1.04712e-45
0.000696491	4.75254e-45
0.000704033	6.53004e-43
0.000711576	2.99509e-42
0.000719119	3.31814e-40
0.000726662	1.53759e-39
0.000734204	1.374e-37
0.000741747	6.43009e-37
0.00074929	4.63722e-35
0.000756833	2.19051e-34
0.000764375	1.27583e-32
0.000771918	6.079e-32
0.000779461	2.86221e-30
0.000787004	1.3743e-29
0.000794546	5.23735e-28
0.000802089	2.53106e-27
0.000809632	7.81968e-26
0.000817175	3.79758e-25
0.000824717	9.5309e-24
0.00083226	4.64203e-23
0.000839803	9.48837e-22
0.000847345	4.62303e-21
0.000854888	7.7207e-20
0.000862431	3.75134e-19
0.000869974	5.13899e-18
0.000877516	2.4804e-17
0.000885059	2.80068e-16
0.000892602	1.33652e-15
0.000900145	1.25105e-14
0.000907687	5.86955e-14
0.00091523	4.58599e-13
0.000922773	2.10128e-12
0.000930316	1.3813e-11
0.000937858	6.13356e-11
0.000945401	3.42307e-10
0.000952944	1.46022e-09
0.000960487	6.98842e-09
0.000968029	2.83647e-08
0.000975572	1.17679e-07
0.000983115	4.49798e-07
0.000990658	1.63616e-06
0.0009982	5.82698e-06
0.00100574	1.87984e-05
0.00101329	6.17254e-05
0.00102083	0.000178587
0.00102837	0.00053534
0.00103591	0.0014035
0.00104346	0.00380793
0.001051	0.00912893
0.00105854	0.0222671
0.00106608	0.049181
0.00107363	0.10739
0.00108117	0.219776
0.00108871	0.429098
0.00109626	0.83743
0.0011038	1.47105
0.00111134	2.58232
0.00111888	4.18838
0.00112643	6.6777
0.00113397	10.0567
0.00114151	14.7565
0.00114906	20.7736
0.0011566	28.4698
0.00116414	37.8421
0.00117168	49.1955
0.00117923	62.5343
0.00118677	78.252
0.00119431	96.3516
0.00120185	117.354
0.0012094	141.247
0.00121694	168.324
0.00122448	198.562
0.00123203	231.329
0.00123957	266.62
0.00124711	302.668
0.00125465	339.488
0.0012622	375.675
0.00126974	411.207
0.00127728	447.913
0.00128482	485.698
0.00129237	530.73
0.00129991	582.947
0.00130745	649.446
0.001315	730.37
0.00132254	828.21
0.00133008	943.279
0.00133762	1071.51
0.00134517	1213.11
0.00135271	1360.74
0.00136025	1514.34
0.00136779	1667.73
0.00137534	1820.7
0.00138288	1969.92
0.00139042	2115.2
0.00139797	2254.92
0.00140551	2389.05
0.00141305	2515.85
0.00142059	2635.35
0.00142814	2745.31
0.00143568	2845.59
0.00144322	2934.9
0.00145076	3012.95
0.00145831	3080.79
0.00146585	3138.31
0.00147339	3187.61
0.00148094	3229.01
0.00148848	3262.96
0.00149602	3291.29
0.00150356	3301.44
0.00151111	3303.82
0.00151865	3302.34
0.00152619	3276.86
0.00153373	3234.89
0.00154128	3178.56
0.00154882	3110.26
0.00155636	3029.76
0.00156391	2944.02
0.00157145	2853.85
0.00157899	2764.3
0.00158653	2676.92
0.00159408	2591.01
0.00160162	2507.72
0.00160916	2421.09
0.0016167	2330.66
0.00162425	2230.52
0.00163179	2118.78
0.00163933	1995.45
0.00164688	1858.82
0.00165442	1715.67
0.00166196	1566.12
0.0016695	1419.12
0.00167705	1276.62
0.00168459	1144.46
0.00169213	1025.06
0.00169968	919.067
0.00170722	827.986
0.00171476	748.383
0.0017223	680.24
0.00172985	618.801
0.00173739	562.769
0.00174493	508.93
0.00175247	455.583
0.00176002	402.616
0.00176756	349.017
0.0017751	297.172
0.00178265	247.369
0.00179019	202.271
0.00179773	163.114
0.00180527	130.717
0.00181282	106.203
0.00182036	88.1117
0.0018279	76.5481
0.00183544	69.0497
0.00184299	64.6872
0.00185053	61.6276
0.00185807	58.6447
0.00186562	55.2272
0.00187316	50.6037
0.0018807	45.2068
0.00188824	38.9392
0.00189579	32.4403
0.00190333	26.0284
0.00191087	20.07
0.00191841	14.9228
0.00192596	10.5975
0.0019335	7.26305
0.00194104	4.73318
0.00194859	2.96837
0.00195613	1.77323
0.00196367	1.00677
0.00197121	0.553325
0.00197876	0.27496
0.0019863	0.143243
0.00199384	0.0587129
0.00200138	0.0305361
