0.000500379	1.75345e-215
0.000510437	2.24305e-208
0.000520494	8.97221e-208
0.000530551	8.22596e-201
0.000540608	3.32404e-200
0.000550665	2.18387e-193
0.000560722	8.91652e-193
0.000570779	4.19719e-186
0.000580836	1.73175e-185
0.000590893	5.83957e-179
0.00060095	2.43521e-178
0.000611007	5.88155e-172
0.000621064	2.47942e-171
0.000631121	4.28835e-165
0.000641178	1.82779e-164
0.000651235	2.26347e-158
0.000661292	9.75586e-158
0.000671349	8.64858e-152
0.000681406	3.77024e-151
0.000691463	2.39221e-145
0.00070152	1.05496e-144
0.000711577	4.79001e-139
0.000721634	2.13733e-138
0.000731691	6.94315e-133
0.000741748	3.13525e-132
0.000751806	7.28549e-127
0.000761863	3.33e-126
0.00077192	5.53404e-121
0.000781977	2.56086e-120
0.000792034	3.04304e-115
0.000802091	1.42594e-114
0.000812148	1.21131e-109
0.000822205	5.74901e-109
0.000832262	3.49049e-104
0.000842319	1.67828e-103
0.000852376	7.28117e-99
0.000862433	3.54746e-98
0.00087249	1.09952e-93
0.000882547	5.42949e-93
0.000892604	1.20197e-88
0.000902661	6.01719e-88
0.000912718	9.51212e-84
0.000922775	4.82866e-83
0.000932832	5.44954e-79
0.000942889	2.80585e-78
0.000952946	2.2602e-74
0.000963003	1.18064e-73
0.00097306	6.78656e-70
0.000983117	3.59743e-69
0.000993175	1.47529e-65
0.00100323	7.93784e-65
0.00101329	2.32191e-61
0.00102335	1.26841e-60
0.0010334	2.64591e-57
0.00104346	1.46785e-56
0.00105352	2.18318e-53
0.00106357	1.23022e-52
0.00107363	1.30443e-49
0.00108369	7.46763e-49
0.00109374	5.64433e-46
0.0011038	3.28329e-45
0.00111386	1.76897e-42
0.00112392	1.04565e-41
0.00113397	4.01627e-39
0.00114403	2.41242e-38
0.00115409	6.60717e-36
0.00116414	4.03218e-35
0.0011742	7.87834e-33
0.00118426	4.88311e-32
0.00119432	6.81179e-30
0.00120437	4.28522e-29
0.00121443	4.27308e-27
0.00122449	2.72541e-26
0.00123454	1.94628e-24
0.0012446	1.25645e-23
0.00125466	6.44323e-22
0.00126471	4.19956e-21
0.00127477	1.55253e-19
0.00128483	1.01791e-18
0.00129489	2.72781e-17
0.00130494	1.78972e-16
0.001315	3.50327e-15
0.00132506	2.28342e-14
0.00133511	3.29871e-13
0.00134517	2.11495e-12
0.00135523	2.28582e-11
0.00136529	1.42286e-10
0.00137534	1.17064e-09
0.0013854	6.95756e-09
0.00139546	4.45089e-08
0.00140551	2.47488e-07
0.00141557	1.26166e-06
0.00142563	6.41087e-06
0.00143568	2.67492e-05
0.00144574	0.000121097
0.0014558	0.000424845
0.00146586	0.00167086
0.00147591	0.0050525
0.00148597	0.0168759
0.00149603	0.0448847
0.00150608	0.125097
0.00151614	0.296708
0.0015262	0.682706
0.00153625	1.48928
0.00154631	2.87113
0.00155637	5.33928
0.00156643	8.90103
0.00157648	13.7239
0.00158654	19.8526
0.0015966	26.2234
0.00160665	32.8463
0.00161671	38.4532
0.00162677	42.907
0.00163683	47.3788
0.00164688	51.6828
0.00165694	59.7949
0.001667	71.7487
0.00167705	91.1362
0.00168711	118.244
0.00169717	153.543
0.00170722	197.348
0.00171728	247.028
0.00172734	302.7
0.0017374	360.402
0.00174745	419.856
0.00175751	479.026
0.00176757	537.275
0.00177762	597.436
0.00178768	659.024
0.00179774	728.987
0.00180779	807.536
0.00181785	901.47
0.00182791	1011.92
0.00183797	1139.71
0.00184802	1286.41
0.00185808	1443.09
0.00186814	1609.94
0.00187819	1774.6
0.00188825	1934.72
0.00189831	2088.49
0.00190837	2233.77
0.00191842	2379.38
0.00192848	2527.05
0.00193854	2677.71
0.00194859	2834.64
0.00195865	2981.92
0.00196871	3118.98
0.00197876	3228.42
0.00198882	3311.35
0.00199888	3335.48
0.00200894	3328.11
0.00201899	3308.99
0.00202905	3244.5
0.00203911	3156.86
0.00204916	3056.32
0.00205922	2942
0.00206928	2816
0.00207933	2675.48
0.00208939	2518.82
0.00209945	2350.08
0.00210951	2166.75
0.00211956	1985.6
0.00212962	1809.49
0.00213968	1653.92
0.00214973	1527.19
0.00215979	1425.05
0.00216985	1352.18
0.00217991	1288.52
0.00218996	1229.04
0.00220002	1159.61
0.00221008	1071.1
0.00222013	967.503
0.00223019	845.085
0.00224025	718.363
0.0022503	591.58
0.00226036	475.242
0.00227042	376.313
0.00228048	294.864
0.00229053	234.397
0.00230059	188.543
0.00231065	155.781
0.0023207	130.58
0.00233076	109.322
0.00234082	90.7196
0.00235088	72.6183
0.00236093	56.1308
0.00237099	41.2785
0.00238105	28.6894
0.0023911	18.9809
0.00240116	11.6839
0.00241122	6.83544
0.00242127	3.71406
0.00243133	1.83292
0.00244139	0.911132
0.00245145	0.391201
0.0024615	0.169228
0.00247156	0.0650865
0.00248162	0.0234577
0.00249167	0.00766645
0.00250173	0.00240271
