0.000500379	0
0.000510437	0
0.000520494	0
0.000530551	0
0.000540608	0
0.000550665	5.6905e-314
0.000560722	2.32337e-313
0.000570779	2.55613e-302
0.000580836	1.05465e-301
0.000590893	6.90128e-291
0.00060095	2.87797e-290
0.000611007	1.11992e-279
0.000621064	4.72112e-279
0.000631121	1.09233e-268
0.000641178	4.65574e-268
0.000651235	6.4036e-258
0.000661292	2.76004e-257
0.000671349	2.25632e-247
0.000681406	9.83616e-247
0.000691463	4.77838e-237
0.00070152	2.10726e-236
0.000711577	6.08219e-227
0.000721634	2.71391e-226
0.000731691	4.65304e-217
0.000741748	2.10114e-216
0.000751806	2.13948e-207
0.000761863	9.77903e-207
0.00077192	5.91253e-198
0.000781977	2.73602e-197
0.000792034	9.82038e-189
0.000802091	4.60178e-188
0.000812148	9.80326e-180
0.000822205	4.6528e-179
0.000832262	5.88163e-171
0.000842319	2.82803e-170
0.000852376	2.12083e-162
0.000862433	1.03332e-161
0.00087249	4.59616e-154
0.000882547	2.26971e-153
0.000892604	5.98632e-146
0.000902661	2.997e-145
0.000912718	4.68596e-138
0.000922775	2.37895e-137
0.000932832	2.20449e-130
0.000942889	1.13518e-129
0.000952946	6.23284e-123
0.000963003	3.25634e-122
0.00097306	1.05908e-115
0.000983117	5.61537e-115
0.000993175	1.08152e-108
0.00100323	5.82119e-108
0.00101329	6.63749e-102
0.00102335	3.62771e-101
0.0010334	2.44811e-95
0.00104346	1.35907e-94
0.00105352	5.42647e-89
0.00106357	3.06086e-88
0.00107363	7.22873e-83
0.00108369	4.1442e-82
0.00109374	5.78717e-77
0.0011038	3.37318e-76
0.00111386	2.78441e-71
0.00112392	1.65061e-70
0.00113397	8.0513e-66
0.00114403	4.85587e-65
0.00115409	1.39918e-60
0.00116414	8.5885e-60
0.0011742	1.46141e-55
0.00118426	9.13294e-55
0.00119432	9.17438e-51
0.00120437	5.83938e-50
0.00121443	3.46193e-46
0.00122449	2.24497e-45
0.00123454	7.85307e-42
0.0012446	5.19013e-41
0.00125466	1.07104e-37
0.00126471	7.21625e-37
0.00127477	8.78438e-34
0.00128483	6.03489e-33
0.00129489	4.33418e-30
0.00130494	3.03619e-29
0.001315	1.28713e-26
0.00132506	9.19162e-26
0.00133511	2.30258e-23
0.00134517	1.67492e-22
0.00135523	2.48457e-20
0.00136529	1.83789e-19
0.00137534	1.62045e-17
0.0013854	1.2151e-16
0.00139546	6.40914e-15
0.00140551	4.84418e-14
0.00141557	1.54522e-12
0.00142563	1.16577e-11
0.00143568	2.28888e-10
0.00144574	1.69611e-09
0.0014558	2.10679e-08
0.00146586	1.4952e-07
0.00147591	1.22293e-06
0.00148597	8.0116e-06
0.00149603	4.55091e-05
0.00150608	0.000262126
0.00151614	0.00110106
0.0015262	0.00527222
0.00153625	0.0174425
0.00154631	0.0658363
0.00155637	0.180728
0.00156643	0.51794
0.00157648	1.24001
0.00158654	2.69944
0.0015966	5.48986
0.00160665	9.61805
0.00161671	15.3873
0.00162677	22.8051
0.00163683	31.9481
0.00164688	42.7227
0.00165694	56.7612
0.001667	74.0917
0.00167705	96.0291
0.00168711	122.789
0.00169717	153.076
0.00170722	186.881
0.00171728	222.994
0.00172734	261.131
0.0017374	302.605
0.00174745	346.854
0.00175751	400.508
0.00176757	463.497
0.00177762	544.403
0.00178768	645.008
0.00179774	761.122
0.00180779	894.229
0.00181785	1028.34
0.00182791	1160.81
0.00183797	1291.8
0.00184802	1418.44
0.00185808	1559.84
0.00186814	1719.54
0.00187819	1897.01
0.00188825	2096.25
0.00189831	2293.45
0.00190837	2486.22
0.00191842	2659.38
0.00192848	2809.44
0.00193854	2932.99
0.00194859	3027.68
0.00195865	3098.6
0.00196871	3144.93
0.00197876	3177.21
0.00198882	3199.64
0.00199888	3205.25
0.00200894	3198.61
0.00201899	3181.96
0.00202905	3132.87
0.00203911	3058.06
0.00204916	2960.16
0.00205922	2848.09
0.00206928	2724.06
0.00207933	2594.78
0.00208939	2462.6
0.00209945	2330.09
0.00210951	2198.59
0.00211956	2068.67
0.00212962	1941.61
0.00213968	1813.97
0.00214973	1684.45
0.00215979	1553.33
0.00216985	1419.9
0.00217991	1286.41
0.00218996	1153.84
0.00220002	1021.94
0.00221008	889.668
0.00222013	761.464
0.00223019	637.957
0.00224025	524.702
0.0022503	424.866
0.00226036	338.45
0.00227042	266.746
0.00228048	207.747
0.00229053	161.005
0.00230059	124.974
0.00231065	99.3885
0.0023207	81.4277
0.00233076	70.2213
0.00234082	62.2141
0.00235088	54.9958
0.00236093	47.7601
0.00237099	38.717
0.00238105	29.7421
0.0023911	21.4467
0.00240116	14.7641
0.00241122	10.5843
0.00242127	8.93958
0.00243133	8.81537
0.00244139	8.67751
0.00245145	8.32259
0.0024615	7.53852
0.00247156	5.97572
0.00248162	4.22131
0.00249167	2.76563
0.00250173	1.44076
