0.000500379	4.56588e-88
0.000507922	3.53842e-84
0.000515465	1.41523e-83
0.000523008	8.28239e-80
0.00053055	3.34627e-79
0.000538093	1.47862e-75
0.000545636	6.03567e-75
0.000553179	2.0134e-71
0.000560721	8.30463e-71
0.000568264	2.09109e-67
0.000575807	8.71657e-67
0.00058335	1.65649e-63
0.000590892	6.97914e-63
0.000598435	1.00088e-59
0.000605978	4.26273e-59
0.000613521	4.61275e-56
0.000621063	1.98612e-55
0.000628606	1.62154e-52
0.000636149	7.05914e-52
0.000643692	4.34809e-49
0.000651234	1.91394e-48
0.000658777	8.89385e-46
0.00066632	3.95857e-45
0.000673862	1.38779e-42
0.000681405	6.24567e-42
0.000688948	1.65209e-39
0.000696491	7.51715e-39
0.000704033	1.5006e-36
0.000711576	6.9018e-36
0.000719119	1.0401e-33
0.000726662	4.83402e-33
0.000734204	5.5023e-31
0.000741747	2.58282e-30
0.00074929	2.22221e-28
0.000756833	1.05275e-27
0.000764375	6.85399e-26
0.000771918	3.27349e-25
0.000779461	1.61516e-23
0.000787004	7.76529e-23
0.000794546	2.90975e-21
0.000802089	1.40533e-20
0.000809632	4.01056e-19
0.000817175	1.94041e-18
0.000824717	4.23348e-17
0.00083226	2.04421e-16
0.000839803	3.4268e-15
0.000847345	1.64328e-14
0.000854888	2.13043e-13
0.000862431	1.00808e-12
0.000869974	1.01921e-11
0.000877516	4.72007e-11
0.000885059	3.7605e-10
0.000892602	1.68715e-09
0.000900145	1.07271e-08
0.000907687	4.6051e-08
0.00091523	2.37174e-07
0.000922773	9.6023e-07
0.000930316	4.07414e-06
0.000937858	1.53039e-05
0.000945401	5.44783e-05
0.000952944	0.000186575
0.000960487	0.00056775
0.000968029	0.00174188
0.000975572	0.00461314
0.000983115	0.0124739
0.000990658	0.0292129
0.0009982	0.0686889
0.00100574	0.144888
0.00101329	0.293297
0.00102083	0.576106
0.00102837	1.00477
0.00103591	1.69633
0.00104346	2.64526
0.001051	3.92025
0.00105854	5.50613
0.00106608	7.35327
0.00107363	9.46422
0.00108117	11.7937
0.00108871	14.3712
0.00109626	17.3779
0.0011038	20.8405
0.00111134	25.1541
0.00111888	30.3187
0.00112643	36.7013
0.00113397	44.2829
0.00114151	53.217
0.00114906	63.4782
0.0011566	74.913
0.00116414	87.5007
0.00117168	100.78
0.00117923	114.749
0.00118677	128.888
0.00119431	143.219
0.00120185	157.605
0.0012094	172.079
0.00121694	187.411
0.00122448	203.63
0.00123203	222.909
0.00123957	245.251
0.00124711	274.228
0.00125465	309.815
0.0012622	356.043
0.00126974	412.896
0.00127728	482.956
0.00128482	566.281
0.00129237	661.643
0.00129991	769.189
0.00130745	882.883
0.001315	1002.83
0.00132254	1120.88
0.00133008	1236.86
0.00133762	1346.35
0.00134517	1448.94
0.00135271	1547.5
0.00136025	1641.84
0.00136779	1737.81
0.00137534	1835.8
0.00138288	1936.55
0.00139042	2040.6
0.00139797	2142.53
0.00140551	2242.22
0.00141305	2335.27
0.00142059	2421.05
0.00142814	2501.03
0.00143568	2574.91
0.00144322	2646.79
0.00145076	2717.09
0.00145831	2786.83
0.00146585	2856.64
0.00147339	2923.05
0.00148094	2986.17
0.00148848	3041.32
0.00149602	3088.06
0.00150356	3124.18
0.00151111	3150.74
0.00151865	3157.14
0.00152619	3153.98
0.00153373	3145.5
0.00154128	3115.01
0.00154882	3069.7
0.00155636	3011.69
0.00156391	2943.09
0.00157145	2864.18
0.00157899	2778.23
0.00158653	2686
0.00159408	2588.11
0.00160162	2484.81
0.00160916	2376.15
0.0016167	2261.93
0.00162425	2143.38
0.00163179	2020.28
0.00163933	1895.39
0.00164688	1768.72
0.00165442	1644.48
0.00166196	1523.41
0.0016695	1408.88
0.00167705	1302.29
0.00168459	1203.34
0.00169213	1112.85
0.00169968	1027.68
0.00170722	947.292
0.00171476	869.271
0.0017223	792.459
0.00172985	717.104
0.00173739	642.541
0.00174493	571.026
0.00175247	502.857
0.00176002	440.442
0.00176756	384.834
0.0017751	336.652
0.00178265	296.887
0.00179019	263.773
0.00179773	237.322
0.00180527	214.819
0.00181282	195.232
0.00182036	176.901
0.0018279	158.616
0.00183544	140.458
0.00184299	121.918
0.00185053	103.951
0.00185807	86.8482
0.00186562	71.2375
0.00187316	57.6358
0.0018807	45.9238
0.00188824	36.2848
0.00189579	28.2838
0.00190333	21.7414
0.00191087	16.3901
0.00191841	12.0088
0.00192596	8.50777
0.0019335	5.78616
0.00194104	3.74158
0.00194859	2.30584
0.00195613	1.33784
0.00196367	0.724493
0.00197121	0.379907
0.00197876	0.176104
0.0019863	0.0845528
0.00199384	0.0320788
0.00200138	0.0145874
