0.000100103	9.81225e-18
0.000103622	6.40425e-17
0.000107142	2.26733e-16
0.000110662	1.37733e-15
0.000114182	4.64494e-15
0.000117702	2.53927e-14
0.000121222	8.43681e-14
0.000124742	4.16291e-13
0.000128261	1.35873e-12
0.000131781	6.07071e-12
0.000135301	1.94029e-11
0.000138821	7.87714e-11
0.000142341	2.45707e-10
0.000145861	9.09738e-10
0.000149381	2.75944e-09
0.0001529	9.35428e-09
0.00015642	2.74871e-08
0.00015994	8.56587e-08
0.00016346	2.42887e-07
0.00016698	6.98733e-07
0.0001705	1.90424e-06
0.00017402	5.07844e-06
0.000177539	1.32488e-05
0.000181059	3.28942e-05
0.000184579	8.1825e-05
0.000188099	0.000189915
0.000191619	0.000448745
0.000195139	0.000977517
0.000198659	0.00218624
0.000202178	0.00448634
0.000205698	0.00946688
0.000209218	0.0183633
0.000212738	0.0364594
0.000216258	0.0675701
0.000219778	0.125349
0.000223298	0.224154
0.000226817	0.3865
0.000230337	0.653493
0.000233857	1.06113
0.000237377	1.69392
0.000240897	2.59815
0.000244417	3.91428
0.000247937	5.68348
0.000251456	8.08602
0.000254976	11.1334
0.000258496	14.9811
0.000262016	19.5918
0.000265536	24.9944
0.000269056	31.1094
0.000272576	37.7618
0.000276095	44.8716
0.000279615	52.0937
0.000283135	59.4052
0.000286655	66.4744
0.000290175	73.3671
0.000293695	80.0217
0.000297214	86.5663
0.000300734	93.3603
0.000304254	100.52
0.000307774	108.72
0.000311294	117.996
0.000314814	128.998
0.000318334	141.674
0.000321853	156.314
0.000325373	172.843
0.000328893	191.138
0.000332413	211.189
0.000335933	232.794
0.000339453	256.046
0.000342973	281.181
0.000346492	308.368
0.000350012	338.641
0.000353532	372.173
0.000357052	410.766
0.000360572	454.533
0.000364092	505.668
0.000367612	564.199
0.000371131	632.202
0.000374651	709.637
0.000378171	798.043
0.000381691	897.335
0.000385211	1008.23
0.000388731	1130.59
0.000392251	1264.04
0.00039577	1408.4
0.00039929	1561.77
0.00040281	1724
0.00040633	1891.36
0.00040985	2063.76
0.00041337	2236.04
0.00041689	2408.2
0.000420409	2575.15
0.000423929	2737
0.000427449	2890.95
0.000430969	3037.13
0.000434489	3176.65
0.000438009	3309.56
0.000441529	3440.31
0.000445048	3568.88
0.000448568	3700.51
0.000452088	3835.15
0.000455608	3975.89
0.000459128	4122.74
0.000462648	4275.17
0.000466168	4433.24
0.000469687	4593.16
0.000473207	4755.01
0.000476727	4912.95
0.000480247	5067.03
0.000483767	5210.5
0.000487287	5343.39
0.000490807	5459.13
0.000494326	5557.63
0.000497846	5635.45
0.000501366	5694.05
0.000504886	5708.36
0.000508406	5710.3
0.000511926	5704.95
0.000515446	5658.03
0.000518965	5593.14
0.000522485	5512.53
0.000526005	5421.48
0.000529525	5320.18
0.000533045	5215.83
0.000536565	5108.99
0.000540085	5003.17
0.000543604	4899.03
0.000547124	4795.58
0.000550644	4693.22
0.000554164	4588.24
0.000557684	4480.52
0.000561204	4366.67
0.000564724	4246.22
0.000568243	4118.17
0.000571763	3982.05
0.000575283	3839.35
0.000578803	3689.89
0.000582323	3536.36
0.000585843	3378.93
0.000589362	3220.11
0.000592882	3060.23
0.000596402	2901.07
0.000599922	2742.92
0.000603442	2586.97
0.000606962	2433.41
0.000610482	2283.22
0.000614001	2136.53
0.000617521	1994.27
0.000621041	1856.59
0.000624561	1724.19
0.000628081	1597.26
0.000631601	1476.01
0.000635121	1360.6
0.00063864	1250.74
0.00064216	1146.45
0.00064568	1047.26
0.0006492	953.058
0.00065272	863.547
0.00065624	778.581
0.00065976	698.246
0.000663279	622.467
0.000666799	551.595
0.000670319	485.682
0.000673839	425.058
0.000677359	369.869
0.000680879	320.149
0.000684399	276.041
0.000687918	237.156
0.000691438	203.529
0.000694958	174.403
0.000698478	149.64
0.000701998	128.347
0.000705518	110.228
0.000709038	94.5278
0.000712557	80.8879
0.000716077	68.861
0.000719597	58.1513
0.000723117	48.6015
0.000726637	40.0505
0.000730157	32.4847
0.000733677	25.8615
0.000737196	20.1617
0.000740716	15.3879
0.000744236	11.4508
0.000747756	8.33138
0.000751276	5.89155
0.000754796	4.06864
0.000758316	2.72779
0.000761835	1.78107
0.000765355	1.13159
0.000768875	0.695709
0.000772395	0.419413
0.000775915	0.241607
0.000779435	0.138637
0.000782955	0.0738457
0.000786474	0.0408643
0.000789994	0.0203462
0.000793514	0.0107169
0.000797034	0.00455207
0.000800554	0.00249714
