3.33898e-05	480.711
3.48982e-05	507.937
3.64066e-05	539.291
3.7915e-05	574.82
3.94234e-05	614.386
4.09318e-05	657.903
4.24402e-05	705.239
4.39487e-05	756.242
4.54571e-05	810.832
4.69655e-05	868.863
4.84739e-05	930.317
4.99823e-05	995.105
5.14907e-05	1063.26
5.29991e-05	1134.75
5.45076e-05	1209.64
5.6016e-05	1287.97
5.75244e-05	1369.76
5.90328e-05	1455.09
6.05412e-05	1543.97
6.20496e-05	1636.45
6.3558e-05	1732.52
6.50665e-05	1832.22
6.65749e-05	1935.51
6.80833e-05	2042.41
6.95917e-05	2152.87
7.11001e-05	2266.87
7.26085e-05	2384.37
7.41169e-05	2505.32
7.56253e-05	2629.66
7.71338e-05	2757.3
7.86422e-05	2888.17
8.01506e-05	3022.12
8.1659e-05	3159.05
8.31674e-05	3298.75
8.46758e-05	3441.08
8.61842e-05	3585.76
8.76927e-05	3732.64
8.92011e-05	3881.34
9.07095e-05	4031.72
9.22179e-05	4183.3
9.37263e-05	4335.92
9.52347e-05	4489.02
9.67431e-05	4642.45
9.82516e-05	4795.55
9.976e-05	4948.18
0.000101268	5099.64
0.000102777	5249.83
0.000104285	5398.09
0.000105794	5544.41
0.000107302	5688.3
0.00010881	5829.85
0.000110319	5968.94
0.000111827	6105.71
0.000113336	6240.52
0.000114844	6373.54
0.000116353	6505.54
0.000117861	6636.64
0.000119369	6767.81
0.000120878	6899.07
0.000122386	7031.19
0.000123895	7164.05
0.000125403	7297.8
0.000126911	7432.19
0.00012842	7566.44
0.000129928	7700.23
0.000131437	7831.72
0.000132945	7960.64
0.000134453	8084.27
0.000135962	8202.41
0.00013747	8311.9
0.000138979	8412.63
0.000140487	8501.52
0.000141996	8578.56
0.000143504	8641.21
0.000145012	8689.54
0.000146521	8722.13
0.000148029	8738.82
0.000149538	8737.57
0.000151046	8721.44
0.000152554	8689.99
0.000154063	8641.48
0.000155571	8578.71
0.00015708	8501.62
0.000158588	8412.14
0.000160097	8310.34
0.000161605	8198.64
0.000163113	8077.09
0.000164622	7948.24
0.00016613	7812.09
0.000167639	7671.07
0.000169147	7525.15
0.000170655	7376.42
0.000172164	7224.83
0.000173672	7072
0.000175181	6917.88
0.000176689	6763.54
0.000178197	6608.96
0.000179706	6454.71
0.000181214	6300.77
0.000182723	6147.28
0.000184231	5994.23
0.00018574	5841.47
0.000187248	5689
0.000188756	5536.52
0.000190265	5384.04
0.000191773	5231.33
0.000193282	5078.39
0.00019479	4925.26
0.000196298	4771.92
0.000197807	4618.82
0.000199315	4465.93
0.000200824	4314.13
0.000202332	4163.42
0.000203841	4015.02
0.000205349	3868.93
0.000206857	3726.55
0.000208366	3587.91
0.000209874	3454.28
0.000211383	3325.73
0.000212891	3203.16
0.000214399	3086.63
0.000215908	2976.46
0.000217416	2872.72
0.000218925	2775.02
0.000220433	2683.43
0.000221941	2596.89
0.00022345	2515.44
0.000224958	2437.57
0.000226467	2363.26
0.000227975	2290.83
0.000229484	2220.21
0.000230992	2149.9
0.0002325	2079.77
0.000234009	2008.81
0.000235517	1936.85
0.000237026	1863.5
0.000238534	1788.63
0.000240042	1712.46
0.000241551	1634.9
0.000243059	1556.66
0.000244568	1477.73
0.000246076	1399.05
0.000247585	1320.69
0.000249093	1243.56
0.000250601	1167.8
0.00025211	1094.14
0.000253618	1022.72
0.000255127	953.987
0.000256635	888.061
0.000258143	825.108
0.000259652	765.209
0.00026116	708.307
0.000262669	654.434
0.000264177	603.406
0.000265685	555.214
0.000267194	509.635
0.000268702	466.63
0.000270211	426.004
0.000271719	387.706
0.000273228	351.596
0.000274736	317.628
0.000276244	285.718
0.000277753	255.832
0.000279261	227.922
0.00028077	201.97
0.000282278	177.937
0.000283786	155.814
0.000285295	135.546
0.000286803	117.127
0.000288312	100.469
0.00028982	85.5592
0.000291329	72.2731
0.000292837	60.5838
0.000294345	50.3376
0.000295854	41.4901
0.000297362	33.8728
0.000298871	27.425
0.000300379	21.9795
0.000301887	17.4648
0.000303396	13.7294
0.000304904	10.6975
0.000306413	8.24314
0.000307921	6.29317
0.000309429	4.75068
0.000310938	3.55104
0.000312446	2.625
0.000313955	1.91971
0.000315463	1.38919
0.000316972	0.993262
0.00031848	0.7035
0.000319988	0.491405
0.000321497	0.34064
0.000323005	0.23228
0.000324514	0.157603
0.000326022	0.104824
0.00032753	0.0696332
0.000329039	0.0451352
0.000330547	0.0293655
0.000332056	0.017735
0.000333564	0.0118155
