0.000500379	3.25927e-17
0.000506246	1.96051e-16
0.000512113	6.86426e-16
0.000517979	3.8649e-15
0.000523846	1.28333e-14
0.000529712	6.52151e-14
0.000535579	2.12991e-13
0.000541445	9.79857e-13
0.000547312	3.1382e-12
0.000553178	1.3113e-11
0.000559045	4.10501e-11
0.000564911	1.56345e-10
0.000570778	4.76742e-10
0.000576644	1.66119e-09
0.000582511	4.91601e-09
0.000588378	1.57327e-08
0.000594244	4.50125e-08
0.000600111	1.3284e-07
0.000605977	3.66002e-07
0.000611844	1.00014e-06
0.00061771	2.64307e-06
0.000623577	6.7151e-06
0.000629443	1.69539e-05
0.00063531	4.02106e-05
0.000641176	9.66128e-05
0.000647043	0.000214753
0.000652909	0.000489217
0.000658776	0.00102295
0.000664643	0.00220188
0.000670509	0.00434601
0.000676376	0.00881203
0.000682242	0.0164687
0.000688109	0.0313748
0.000693975	0.0569829
0.000699842	0.100382
0.000705708	0.172712
0.000711575	0.285874
0.000717441	0.464556
0.000723308	0.7255
0.000729174	1.11281
0.000735041	1.64431
0.000740908	2.38255
0.000746774	3.33929
0.000752641	4.58089
0.000758507	6.10673
0.000764374	7.96057
0.00077024	10.1299
0.000776107	12.614
0.000781973	15.3978
0.00078784	18.4395
0.000793706	21.7336
0.000799573	25.2315
0.000805439	28.9422
0.000811306	32.8533
0.000817173	36.9859
0.000823039	41.3889
0.000828906	46.0921
0.000834772	51.214
0.000840639	56.7935
0.000846505	63.0326
0.000852372	69.9816
0.000858238	77.9525
0.000864105	87.0041
0.000869971	97.5788
0.000875838	109.736
0.000881704	124.039
0.000887571	140.542
0.000893438	159.9
0.000899304	182.162
0.000905171	208.048
0.000911037	237.599
0.000916904	271.579
0.00092277	310.011
0.000928637	353.641
0.000934503	402.462
0.00094037	457.066
0.000946236	517.41
0.000952103	583.739
0.000957969	655.985
0.000963836	733.879
0.000969703	817.341
0.000975569	905.498
0.000981436	998.272
0.000987302	1094.17
0.000993169	1193.13
0.000999035	1293.12
0.0010049	1394.1
0.00101077	1493.72
0.00101663	1592
0.0010225	1686.81
0.00102837	1778.2
0.00103423	1864.97
0.0010401	1947.19
0.00104597	2025.15
0.00105183	2098.9
0.0010577	2170.18
0.00106357	2238.99
0.00106943	2307.64
0.0010753	2376.11
0.00108117	2445.86
0.00108703	2516.9
0.0010929	2588.78
0.00109877	2661.54
0.00110463	2732.83
0.0011105	2802.67
0.00111637	2867.83
0.00112223	2928.32
0.0011281	2981.35
0.00113397	3026.89
0.00113983	3063.48
0.0011457	3091.12
0.00115157	3108.54
0.00115743	3117.26
0.0011633	3117.59
0.00116916	3108.64
0.00117503	3092
0.0011809	3067.7
0.00118676	3036.87
0.00119263	2999.52
0.0011985	2956.83
0.00120436	2908.81
0.00121023	2856.81
0.0012161	2800.83
0.00122196	2742.53
0.00122783	2681.95
0.0012337	2620.88
0.00123956	2559.43
0.00124543	2498.85
0.0012513	2439.33
0.00125716	2380.86
0.00126303	2323.64
0.0012689	2266.38
0.00127476	2209.11
0.00128063	2150.21
0.0012865	2089.49
0.00129236	2026.19
0.00129823	1960.04
0.0013041	1891.75
0.00130996	1821.18
0.00131583	1750.04
0.00132169	1678.44
0.00132756	1607.96
0.00133343	1538.91
0.00133929	1471.76
0.00134516	1406.81
0.00135103	1343.3
0.00135689	1281.3
0.00136276	1219.54
0.00136863	1157.81
0.00137449	1095.32
0.00138036	1031.71
0.00138623	967.254
0.00139209	901.727
0.00139796	836.321
0.00140383	771.097
0.00140969	707.521
0.00141556	645.907
0.00142143	587.278
0.00142729	532.017
0.00143316	480.39
0.00143903	432.644
0.00144489	388.466
0.00145076	347.884
0.00145663	310.425
0.00146249	275.97
0.00146836	244.189
0.00147422	214.945
0.00148009	188.082
0.00148596	163.525
0.00149182	141.166
0.00149769	120.973
0.00150356	102.801
0.00150942	86.6111
0.00151529	72.2283
0.00152116	59.5922
0.00152702	48.5396
0.00153289	39.0034
0.00153876	30.8372
0.00154462	23.981
0.00155049	18.2804
0.00155636	13.6735
0.00156222	9.98853
0.00156809	7.1469
0.00157396	4.97984
0.00157982	3.39223
0.00158569	2.24799
0.00159156	1.45149
0.00159742	0.913839
0.00160329	0.556786
0.00160916	0.333294
0.00161502	0.190636
0.00162089	0.108793
0.00162675	0.0575864
0.00163262	0.0317856
0.00163849	0.0157975
0.00164435	0.00828668
0.00165022	0.00390195
0.00165609	0.00192475
0.00166195	0.000779711
0.00166782	0.00039803
