0.000500379	4.33552e-77
0.000507922	3.23541e-74
0.000515465	1.29286e-73
0.000523008	7.95207e-71
0.00053055	3.20806e-70
0.000538093	1.62565e-67
0.000545636	6.62385e-67
0.000553179	2.76516e-64
0.000560721	1.13804e-63
0.000568264	3.91353e-61
0.000575807	1.62697e-60
0.00058335	4.60872e-58
0.000590892	1.93545e-57
0.000598435	4.51616e-55
0.000605978	1.91586e-54
0.000613521	3.68257e-52
0.000621063	1.57806e-51
0.000628606	2.49887e-49
0.000636149	1.08159e-48
0.000643692	1.41115e-46
0.000651234	6.16858e-46
0.000658777	6.63235e-44
0.00066632	2.92744e-43
0.000673862	2.59458e-41
0.000681405	1.15604e-40
0.000688948	8.44928e-39
0.000696491	3.7988e-38
0.000704033	2.29077e-36
0.000711576	1.03874e-35
0.000719119	5.17161e-34
0.000726662	2.36352e-33
0.000734204	9.72387e-32
0.000741747	4.47516e-31
0.00074929	1.5231e-29
0.000756833	7.05114e-29
0.000764375	1.98802e-27
0.000771918	9.24528e-27
0.000779461	2.16309e-25
0.000787004	1.00879e-24
0.000794546	1.96277e-23
0.000802089	9.16028e-23
0.000809632	1.48603e-21
0.000817175	6.92251e-21
0.000824717	9.39295e-20
0.00083226	4.35395e-19
0.000839803	4.96001e-18
0.000847345	2.27925e-17
0.000854888	2.18977e-16
0.000862431	9.9316e-16
0.000869974	8.08934e-15
0.000877516	3.60251e-14
0.000885059	2.50275e-13
0.000892602	1.08793e-12
0.000900145	6.49112e-12
0.000907687	2.73574e-11
0.00091523	1.41263e-10
0.000922773	5.72939e-10
0.000930316	2.58186e-09
0.000937858	9.99584e-09
0.000945401	3.96637e-08
0.000952944	1.45332e-07
0.000960487	5.12524e-07
0.000968029	1.76175e-06
0.000975572	5.5737e-06
0.000983115	1.78181e-05
0.000990658	5.10368e-05
0.0009982	0.000150499
0.00100574	0.000393664
0.00101329	0.00106308
0.00102083	0.00255934
0.00102837	0.00629288
0.00103591	0.0140392
0.00104346	0.0313126
0.001051	0.0651052
0.00105854	0.131572
0.00106608	0.258872
0.00107363	0.475132
0.00108117	0.877463
0.00108871	1.4856
0.00109626	2.51895
0.0011038	4.00084
0.00111134	6.30721
0.00111888	9.4618
0.00112643	14.0222
0.00113397	20.0036
0.00114151	28.1
0.00114906	38.3032
0.0011566	51.2154
0.00116414	66.7978
0.00117168	85.1185
0.00117923	106.131
0.00118677	129.08
0.00119431	153.955
0.00120185	179.645
0.0012094	206.184
0.00121694	233.257
0.00122448	260.899
0.00123203	290.244
0.00123957	321.292
0.00124711	355.88
0.00125465	393.996
0.0012622	436.889
0.00126974	484.556
0.00127728	537.42
0.00128482	595.478
0.00129237	659.183
0.00129991	728.518
0.00130745	804.463
0.001315	887.014
0.00132254	977.181
0.00133008	1074.99
0.00133762	1180.85
0.00134517	1294.83
0.00135271	1416.5
0.00136025	1545.98
0.00136779	1681.34
0.00137534	1822.81
0.00138288	1965.45
0.00139042	2109.52
0.00139797	2246.84
0.00140551	2377.32
0.00141305	2492.86
0.00142059	2592.79
0.00142814	2674.38
0.00143568	2736.74
0.00144322	2784.45
0.00145076	2817.17
0.00145831	2842.62
0.00146585	2861.39
0.00147339	2877.91
0.00148094	2893.14
0.00148848	2905.74
0.00149602	2916.41
0.00150356	2918.91
0.00151111	2914.57
0.00151865	2904.3
0.00152619	2881.26
0.00153373	2850.57
0.00154128	2812.86
0.00154882	2772.67
0.00155636	2730.84
0.00156391	2689.36
0.00157145	2649.51
0.00157899	2607.34
0.00158653	2563.13
0.00159408	2510.58
0.00160162	2448.43
0.00160916	2374.42
0.0016167	2286.93
0.00162425	2190.02
0.00163179	2083.35
0.00163933	1973.67
0.00164688	1862.18
0.00165442	1753.54
0.00166196	1649.36
0.0016695	1550.51
0.00167705	1457.94
0.00168459	1370.12
0.00169213	1287.11
0.00169968	1206.83
0.00170722	1128.8
0.00171476	1051.51
0.0017223	974.305
0.00172985	896.818
0.00173739	818.506
0.00174493	740.407
0.00175247	662.369
0.00176002	586.485
0.00176756	513.197
0.0017751	444.585
0.00178265	381.552
0.00179019	324.985
0.00179773	275.737
0.00180527	233.096
0.00181282	197.299
0.00182036	166.745
0.0018279	140.937
0.00183544	118.559
0.00184299	98.8279
0.00185053	81.3131
0.00185807	65.5124
0.00186562	51.565
0.00187316	39.4102
0.0018807	29.13
0.00188824	20.8342
0.00189579	14.2872
0.00190333	9.46912
0.00191087	5.98865
0.00191841	3.64591
0.00192596	2.12568
0.0019335	1.17212
0.00194104	0.636209
0.00194859	0.312173
0.00195613	0.160379
0.00196367	0.072535
0.00197121	0.0338477
0.00197876	0.0142128
0.0019863	0.00597071
0.00199384	0.00215216
0.00200138	0.000879315
