0.000500379	7.12416e-66
0.000507922	2.07374e-63
0.000515465	8.27361e-63
0.000523008	2.02004e-60
0.00053055	8.12885e-60
0.000538093	1.66327e-57
0.000545636	6.75674e-57
0.000553179	1.15865e-54
0.000560721	4.75138e-54
0.000568264	6.82877e-52
0.000575807	2.82668e-51
0.00058335	3.40529e-49
0.000590892	1.42268e-48
0.000598435	1.43685e-46
0.000605978	6.0578e-46
0.000613521	5.13028e-44
0.000621063	2.18223e-43
0.000628606	1.55018e-41
0.000636149	6.65064e-41
0.000643692	3.96442e-39
0.000651234	1.71477e-38
0.000658777	8.58189e-37
0.00066632	3.74053e-36
0.000673862	1.57274e-34
0.000681405	6.90313e-34
0.000688948	2.4405e-32
0.000696491	1.07782e-31
0.000704033	3.2073e-30
0.000711576	1.42378e-29
0.000719119	3.57065e-28
0.000726662	1.59126e-27
0.000734204	3.36846e-26
0.000741747	1.50469e-25
0.00074929	2.69365e-24
0.000756833	1.20384e-23
0.000764375	1.82663e-22
0.000771918	8.14926e-22
0.000779461	1.0509e-20
0.000787004	4.66779e-20
0.000794546	5.13212e-19
0.000802089	2.26237e-18
0.000809632	2.12869e-17
0.000817175	9.27895e-17
0.000824717	7.50387e-16
0.00083226	3.22063e-15
0.000839803	2.24962e-14
0.000847345	9.46072e-14
0.000854888	5.73972e-13
0.000862431	2.35227e-12
0.000869974	1.24721e-11
0.000877516	4.95082e-11
0.000885059	2.30967e-10
0.000892602	8.8218e-10
0.000900145	3.64746e-09
0.000907687	1.33106e-08
0.00091523	4.91459e-08
0.000922773	1.70096e-07
0.000930316	5.65206e-07
0.000937858	1.84143e-06
0.000945401	5.54945e-06
0.000952944	1.68937e-05
0.000960487	4.65204e-05
0.000968029	0.000131397
0.000975572	0.000332927
0.000983115	0.000866915
0.000990658	0.0020337
0.0009982	0.00485534
0.00100574	0.0106015
0.00101329	0.023108
0.00102083	0.0471586
0.00102837	0.0935962
0.00103591	0.182155
0.00104346	0.328703
0.001051	0.594162
0.00105854	0.990273
0.00106608	1.63765
0.00107363	2.54563
0.00108117	3.88025
0.00108871	5.64459
0.00109626	8.00565
0.0011038	10.962
0.00111134	14.6443
0.00111888	19.0545
0.00112643	24.3219
0.00113397	30.4556
0.00114151	37.6696
0.00114906	45.973
0.0011566	55.6822
0.00116414	66.8005
0.00117168	79.6761
0.00117923	94.3137
0.00118677	111.125
0.00119431	130.121
0.00120185	152
0.0012094	176.77
0.00121694	205.502
0.00122448	238.187
0.00123203	275.845
0.00123957	318.46
0.00124711	366.3
0.00125465	419.364
0.0012622	476.911
0.00126974	538.952
0.00127728	604.183
0.00128482	672.61
0.00129237	743.012
0.00129991	815.384
0.00130745	888.928
0.001315	963.629
0.00132254	1039.16
0.00133008	1115.5
0.00133762	1192.72
0.00134517	1270.8
0.00135271	1349.96
0.00136025	1430.22
0.00136779	1511.55
0.00137534	1593.98
0.00138288	1677.15
0.00139042	1761.05
0.00139797	1845.24
0.00140551	1929.7
0.00141305	2014.07
0.00142059	2098.38
0.00142814	2182
0.00143568	2264.97
0.00144322	2346.18
0.00145076	2425.6
0.00145831	2502.21
0.00146585	2575.9
0.00147339	2646.16
0.00148094	2713.08
0.00148848	2775.34
0.00149602	2833.32
0.00150356	2883.22
0.00151111	2926.88
0.00151865	2946.79
0.00152619	2953.7
0.00153373	2952.6
0.00154128	2918.49
0.00154882	2862.11
0.00155636	2786.13
0.00156391	2696.37
0.00157145	2592.98
0.00157899	2485.92
0.00158653	2376.74
0.00159408	2271.48
0.00160162	2171.97
0.00160916	2078.58
0.0016167	1992.27
0.00162425	1910.03
0.00163179	1831.71
0.00163933	1754.11
0.00164688	1676.49
0.00165442	1597.32
0.00166196	1515.92
0.0016695	1432.55
0.00167705	1346.96
0.00168459	1260.29
0.00169213	1172.69
0.00169968	1085.21
0.00170722	998.111
0.00171476	912.162
0.0017223	827.487
0.00172985	745.17
0.00173739	665.324
0.00174493	589.536
0.00175247	518.214
0.00176002	452.733
0.00176756	393.771
0.0017751	341.578
0.00178265	296.692
0.00179019	258.075
0.00179773	225.741
0.00180527	198.033
0.00181282	174.421
0.00182036	153.526
0.0018279	134.593
0.00183544	117.054
0.00184299	100.341
0.00185053	84.6199
0.00185807	69.7378
0.00186562	56.1034
0.00187316	43.891
0.0018807	33.2841
0.00188824	24.5028
0.00189579	17.3808
0.00190333	11.9634
0.00191087	7.90542
0.00191841	5.05807
0.00192596	3.11108
0.0019335	1.83785
0.00194104	1.05482
0.00194859	0.566269
0.00195613	0.307711
0.00196367	0.150235
0.00197121	0.0770268
0.00197876	0.0350214
0.0019863	0.0164841
0.00199384	0.00637947
0.00200138	0.00301125
