0.000500379	1.94876e-197
0.000510437	9.97839e-191
0.000520494	3.99136e-190
0.000530551	1.47321e-183
0.000540608	5.95313e-183
0.000550665	1.58367e-176
0.000560722	6.46596e-176
0.000570779	1.23953e-169
0.000580836	5.11426e-169
0.000590893	7.06382e-163
0.00060095	2.94575e-162
0.000611007	2.93097e-156
0.000621064	1.23558e-155
0.000631121	8.85462e-150
0.000641178	3.77403e-149
0.000651235	1.94766e-143
0.000661292	8.39467e-143
0.000671349	3.11917e-137
0.000681406	1.35976e-136
0.000691463	3.63702e-131
0.00070152	1.60392e-130
0.000711577	3.08767e-125
0.000721634	1.37773e-124
0.000731691	1.9085e-119
0.000741748	8.61798e-119
0.000751806	8.58865e-114
0.000761863	3.92561e-113
0.00077192	2.81404e-108
0.000781977	1.30217e-107
0.000792034	6.71279e-103
0.000802091	3.14551e-102
0.000812148	1.16585e-97
0.000822205	5.53314e-97
0.000832262	1.47417e-92
0.000842319	7.08781e-92
0.000852376	1.3571e-87
0.000862433	6.61168e-87
0.00087249	9.0957e-83
0.000882547	4.49128e-82
0.000892604	4.43832e-78
0.000902661	2.22171e-77
0.000912718	1.57673e-73
0.000922775	8.00316e-73
0.000932832	4.07806e-69
0.000942889	2.0994e-68
0.000952946	7.67903e-65
0.000963003	4.01038e-64
0.00097306	1.05273e-60
0.000983117	5.57873e-60
0.000993175	1.05074e-56
0.00100323	5.65123e-56
0.00101329	7.63563e-53
0.00102335	4.16878e-52
0.0010334	4.03999e-49
0.00104346	2.23941e-48
0.00105352	1.5564e-45
0.00106357	8.76028e-45
0.00107363	4.36616e-42
0.00108369	2.49554e-41
0.00109374	8.91991e-39
0.0011038	5.17695e-38
0.00111386	1.3273e-35
0.00112392	7.82078e-35
0.00113397	1.43885e-32
0.00114403	8.60395e-32
0.00115409	1.13669e-29
0.00116414	6.89325e-29
0.0011742	6.54685e-27
0.00118426	4.02197e-26
0.00119432	2.75079e-24
0.00120437	1.70906e-23
0.00121443	8.43897e-22
0.00122449	5.28931e-21
0.00123454	1.89253e-19
0.0012446	1.19233e-18
0.00125466	3.10751e-17
0.00126471	1.95788e-16
0.00127477	3.74387e-15
0.00128483	2.34225e-14
0.00129489	3.31853e-13
0.00130494	2.04184e-12
0.001315	2.17142e-11
0.00132506	1.29739e-10
0.00133511	1.05291e-09
0.00134517	6.01098e-09
0.00135523	3.79909e-08
0.00136529	2.0318e-07
0.00137534	1.02396e-06
0.0013854	5.01415e-06
0.00139546	2.06772e-05
0.00140551	9.04349e-05
0.00141557	0.000313266
0.00142563	0.00119369
0.00143568	0.003559
0.00144574	0.011552
0.0014558	0.0302482
0.00146586	0.0821638
0.00147591	0.191604
0.00148597	0.430892
0.00149603	0.926982
0.00150608	1.75191
0.00151614	3.18424
0.0015262	5.22379
0.00153625	7.96006
0.00154631	11.4014
0.00155637	15.129
0.00156643	19.1413
0.00157648	23.1406
0.00158654	27.0955
0.0015966	31.616
0.00160665	36.7004
0.00161671	42.9561
0.00162677	50.4466
0.00163683	58.5574
0.00164688	67.2748
0.00165694	76.1751
0.001667	85.098
0.00167705	95.7585
0.00168711	108.017
0.00169717	125.224
0.00170722	147.313
0.00171728	178.613
0.00172734	219.208
0.0017374	273.364
0.00174745	341.71
0.00175751	423.566
0.00176757	519.8
0.00177762	622.392
0.00178768	731.156
0.00179774	838.385
0.00180779	942.771
0.00181785	1044.68
0.00182791	1143.32
0.00183797	1243.94
0.00184802	1346.8
0.00185808	1456.15
0.00186814	1572.32
0.00187819	1699.05
0.00188825	1836.72
0.00189831	1988.68
0.00190837	2156.35
0.00191842	2336.45
0.00192848	2530.9
0.00193854	2724.95
0.00194859	2918.93
0.00195865	3090.95
0.00196871	3237.99
0.00197876	3343.97
0.00198882	3404.11
0.00199888	3416.7
0.00200894	3383.32
0.00201899	3320.77
0.00202905	3230.01
0.00203911	3125.91
0.00204916	3013.72
0.00205922	2893.14
0.00206928	2765.36
0.00207933	2628.55
0.00208939	2480.51
0.00209945	2329.1
0.00210951	2175.14
0.00211956	2026.93
0.00212962	1888.72
0.00213968	1757.78
0.00214973	1635.73
0.00215979	1514.39
0.00216985	1390.53
0.00217991	1263.45
0.00218996	1130.13
0.00220002	998.474
0.00221008	870.189
0.00222013	751.396
0.00223019	645.878
0.00224025	552.811
0.0022503	473.461
0.00226036	404.654
0.00227042	345.387
0.00228048	293.811
0.00229053	248.819
0.00230059	209.58
0.00231065	175.347
0.0023207	145.973
0.00233076	121.2
0.00234082	100.935
0.00235088	85.378
0.00236093	73.428
0.00237099	64.8426
0.00238105	58.0094
0.0023911	51.8376
0.00240116	45.7524
0.00241122	38.7791
0.00242127	31.6059
0.00243133	24.2825
0.00244139	17.51
0.00245145	11.9145
0.0024615	7.45171
0.00247156	4.40986
0.00248162	2.3891
0.00249167	1.0738
0.00250173	0.57207
