0.000166815	2.7869e-05
0.000172682	4.61864e-05
0.000178548	0.000101139
0.000184415	0.000179553
0.000190282	0.000339884
0.000196148	0.000590899
0.000202015	0.00105905
0.000207881	0.00179016
0.000213748	0.0030593
0.000219614	0.00501136
0.000225481	0.00819389
0.000231347	0.0129821
0.000237214	0.0203535
0.00024308	0.0311464
0.000248947	0.0469076
0.000254813	0.0692656
0.00026068	0.100355
0.000266547	0.142922
0.000272413	0.199457
0.00027828	0.273934
0.000284146	0.368646
0.000290013	0.488383
0.000295879	0.634444
0.000301746	0.81129
0.000307612	1.01848
0.000313479	1.25836
0.000319345	1.52847
0.000325212	1.82724
0.000331078	2.1506
0.000336945	2.4922
0.000342812	2.84755
0.000348678	3.20625
0.000354545	3.56494
0.000360411	3.91188
0.000366278	4.2461
0.000372144	4.55844
0.000378011	4.85097
0.000383877	5.12108
0.000389744	5.37362
0.00039561	5.61528
0.000401477	5.85266
0.000407343	6.10228
0.00041321	6.37077
0.000419077	6.68215
0.000424943	7.04122
0.00043081	7.47419
0.000436676	7.98262
0.000442543	8.58771
0.000448409	9.28738
0.000454276	10.0911
0.000460142	10.9941
0.000466009	11.9906
0.000471875	13.075
0.000477742	14.2281
0.000483608	15.4455
0.000489475	16.7007
0.000495342	17.9919
0.000501208	19.2938
0.000507075	20.6075
0.000512941	21.9173
0.000518808	23.2269
0.000524674	24.5364
0.000530541	25.8519
0.000536407	27.1947
0.000542274	28.5728
0.00054814	30.0325
0.000554007	31.582
0.000559873	33.2922
0.00056574	35.1691
0.000571606	37.2978
0.000577473	39.6798
0.00058334	42.3932
0.000589206	45.4341
0.000595073	48.8463
0.000600939	52.6219
0.000606806	56.7505
0.000612672	61.2236
0.000618539	65.9749
0.000624405	70.9989
0.000630272	76.1947
0.000636138	81.561
0.000642005	86.9971
0.000647871	92.5054
0.000653738	98.0167
0.000659605	103.535
0.000665471	109.036
0.000671338	114.523
0.000677204	120.01
0.000683071	125.497
0.000688937	131.011
0.000694804	136.551
0.00070067	142.132
0.000706537	147.751
0.000712403	153.392
0.00071827	159.054
0.000724136	164.682
0.000730003	170.277
0.00073587	175.752
0.000741736	181.109
0.000747603	186.242
0.000753469	191.154
0.000759336	195.737
0.000765202	199.992
0.000771069	203.828
0.000776935	207.245
0.000782802	210.179
0.000788668	212.629
0.000794535	214.579
0.000800401	216.034
0.000806268	216.838
0.000812135	217.218
0.000818001	217.197
0.000823868	216.549
0.000829734	215.423
0.000835601	213.828
0.000841467	211.772
0.000847334	209.254
0.0008532	206.307
0.000859067	202.929
0.000864933	199.168
0.0008708	195.022
0.000876666	190.56
0.000882533	185.78
0.0008884	180.771
0.000894266	175.532
0.000900133	170.167
0.000905999	164.679
0.000911866	159.175
0.000917732	153.66
0.000923599	148.232
0.000929465	142.899
0.000935332	137.737
0.000941198	132.755
0.000947065	127.996
0.000952931	123.467
0.000958798	119.18
0.000964665	115.139
0.000970531	111.327
0.000976398	107.745
0.000982264	104.359
0.000988131	101.168
0.000993997	98.1271
0.000999864	95.235
0.00100573	92.4393
0.0010116	89.7371
0.00101746	87.0667
0.00102333	84.4236
0.0010292	81.7377
0.00103506	79.0008
0.00104093	76.1454
0.0010468	73.1583
0.00105266	69.9942
0.00105853	66.6366
0.0010644	63.0819
0.00107026	59.316
0.00107613	55.3858
0.001082	51.2862
0.00108786	47.1067
0.00109373	42.8558
0.00109959	38.6425
0.00110546	34.4886
0.00111133	30.4944
0.00111719	26.6895
0.00112306	23.1422
0.00112893	19.882
0.00113479	16.9349
0.00114066	14.322
0.00114653	12.0306
0.00115239	10.0689
0.00115826	8.39748
0.00116413	7.01154
0.00116999	5.86013
0.00117586	4.92861
0.00118173	4.16776
0.00118759	3.5579
0.00119346	3.06008
0.00119933	2.65446
0.00120519	2.31555
0.00121106	2.02705
0.00121693	1.77582
0.00122279	1.5509
0.00122866	1.34786
0.00123453	1.16101
0.00124039	0.990286
0.00124626	0.833881
0.00125212	0.69266
0.00125799	0.566754
0.00126386	0.456155
0.00126972	0.361269
0.00127559	0.280887
0.00128146	0.214781
0.00128732	0.161046
0.00129319	0.118681
0.00129906	0.0857574
0.00130492	0.0608187
0.00131079	0.0423486
0.00131666	0.0288622
0.00132252	0.019376
0.00132839	0.0123116
0.00133426	0.00820964
