0.000500379	7.15155e-48
0.000507922	6.15059e-46
0.000515465	2.43878e-45
0.000523008	1.7836e-43
0.00053055	7.10729e-43
0.000538093	4.40866e-41
0.000545636	1.7701e-40
0.000553179	9.31645e-39
0.000560721	3.76755e-38
0.000568264	1.68337e-36
0.000575807	6.85319e-36
0.00058335	2.60107e-34
0.000590892	1.06539e-33
0.000598435	3.43747e-32
0.000605978	1.4155e-31
0.000613521	3.88619e-30
0.000621063	1.60736e-29
0.000628606	3.75931e-28
0.000636149	1.56003e-27
0.000643692	3.11248e-26
0.000651234	1.29414e-25
0.000658777	2.20625e-24
0.00066632	9.17656e-24
0.000673862	1.3394e-22
0.000681405	5.56232e-22
0.000688948	6.9671e-21
0.000696491	2.88231e-20
0.000704033	3.10662e-19
0.000711576	1.27694e-18
0.000719119	1.18809e-17
0.000726662	4.83721e-17
0.000734204	3.89933e-16
0.000741747	1.567e-15
0.00074929	1.09899e-14
0.000756833	4.34178e-14
0.000764375	2.6617e-13
0.000771918	1.02914e-12
0.000779461	5.54376e-12
0.000787004	2.08736e-11
0.000794546	9.93707e-11
0.000802089	3.62383e-10
0.000809632	1.53408e-09
0.000817175	5.38697e-09
0.000824717	2.04126e-08
0.00083226	6.85998e-08
0.000839803	2.3427e-07
0.000847345	7.48756e-07
0.000854888	2.32056e-06
0.000862431	7.00946e-06
0.000869974	1.98515e-05
0.000877516	5.63255e-05
0.000885059	0.000146747
0.000892602	0.000388885
0.000900145	0.000937896
0.000907687	0.0023096
0.00091523	0.00518555
0.000922773	0.0118155
0.000930316	0.0248176
0.000937858	0.0521528
0.000945401	0.102891
0.000952944	0.199001
0.000960487	0.377723
0.000968029	0.668999
0.000975572	1.18189
0.000983115	1.94973
0.000990658	3.18717
0.0009982	4.92483
0.00100574	7.47031
0.00101329	10.8307
0.00102083	15.301
0.00102837	20.8484
0.00103591	27.5592
0.00104346	35.3702
0.001051	43.9993
0.00105854	53.3918
0.00106608	62.9574
0.00107363	72.6904
0.00108117	82.0226
0.00108871	91.0021
0.00109626	99.4789
0.0011038	107.519
0.00111134	115.535
0.00111888	123.568
0.00112643	132.375
0.00113397	141.956
0.00114151	153.028
0.00114906	165.571
0.0011566	180.03
0.00116414	196.388
0.00117168	214.858
0.00117923	235.432
0.00118677	258.226
0.00119431	283.233
0.00120185	310.431
0.0012094	339.805
0.00121694	370.911
0.00122448	403.74
0.00123203	437.272
0.00123957	471.514
0.00124711	505.421
0.00125465	539.004
0.0012622	572.517
0.00126974	605.937
0.00127728	642.015
0.00128482	680.689
0.00129237	726.982
0.00129991	780.858
0.00130745	847.51
0.001315	927.025
0.00132254	1021.76
0.00133008	1131.96
0.00133762	1255.12
0.00134517	1391.49
0.00135271	1534.23
0.00136025	1683.42
0.00136779	1831.05
0.00137534	1976.88
0.00138288	2115.72
0.00139042	2247.13
0.00139797	2370.57
0.00140551	2485.74
0.00141305	2595.08
0.00142059	2698.68
0.00142814	2798.19
0.00143568	2894.03
0.00144322	2984.37
0.00145076	3069.56
0.00145831	3144.62
0.00146585	3209.46
0.00147339	3259.41
0.00148094	3295.58
0.00148848	3303.74
0.00149602	3298.06
0.00150356	3283.85
0.00151111	3244.22
0.00151865	3190.86
0.00152619	3126.3
0.00153373	3052.82
0.00154128	2971.02
0.00154882	2882.43
0.00155636	2787.44
0.00156391	2686.38
0.00157145	2579.23
0.00157899	2466.95
0.00158653	2349.46
0.00159408	2228.64
0.00160162	2104.61
0.00160916	1979.35
0.0016167	1853.11
0.00162425	1727.54
0.00163179	1602.88
0.00163933	1480.79
0.00164688	1361.5
0.00165442	1246.78
0.00166196	1136.95
0.0016695	1033.4
0.00167705	936.524
0.00168459	847.081
0.00169213	765.376
0.00169968	691.659
0.00170722	626.175
0.00171476	568.533
0.0017223	518.943
0.00172985	476.028
0.00173739	439.758
0.00174493	407.935
0.00175247	380.06
0.00176002	354.065
0.00176756	329.101
0.0017751	304.201
0.00178265	278.625
0.00179019	252.672
0.00179773	226.084
0.00180527	199.803
0.00181282	174.053
0.00182036	149.689
0.0018279	127.137
0.00183544	106.818
0.00184299	89.0939
0.00185053	73.9373
0.00185807	61.5298
0.00186562	51.4908
0.00187316	43.7883
0.0018807	37.8411
0.00188824	33.4077
0.00189579	29.9408
0.00190333	27.0742
0.00191087	24.5153
0.00191841	21.9425
0.00192596	19.3632
0.0019335	16.6411
0.00194104	13.935
0.00194859	11.2941
0.00195613	8.84234
0.00196367	6.69628
0.00197121	4.86832
0.00197876	3.42632
0.0019863	2.30868
0.00199384	1.47537
0.00200138	0.940079
