0.000500379	6.95363e-25
0.000506246	1.40699e-23
0.000512113	5.41933e-23
0.000517979	9.35569e-22
0.000523846	3.55872e-21
0.000529712	5.18837e-20
0.000535579	1.96907e-19
0.000541445	2.43016e-18
0.000547312	9.18031e-18
0.000553178	9.61809e-17
0.000559045	3.60655e-16
0.000564911	3.21826e-15
0.000570778	1.19393e-14
0.000576644	9.1093e-14
0.000582511	3.3307e-13
0.000588378	2.18252e-12
0.000594244	7.83036e-12
0.000600111	4.42931e-11
0.000605977	1.55148e-10
0.000611844	7.61941e-10
0.00061771	2.59097e-09
0.000623577	1.11177e-08
0.000629443	3.64728e-08
0.00063531	1.3769e-07
0.000641176	4.32832e-07
0.000647043	1.44823e-06
0.000652909	4.33088e-06
0.000658776	1.29423e-05
0.000664643	3.65442e-05
0.000670509	9.83027e-05
0.000676376	0.000260103
0.000682242	0.000634667
0.000688109	0.00156199
0.000693975	0.00348273
0.000699842	0.00791743
0.000705708	0.0162397
0.000711575	0.0338908
0.000717441	0.0651669
0.000723308	0.123274
0.000729174	0.224203
0.000735041	0.382869
0.000740908	0.638286
0.000746774	1.0034
0.000752641	1.53314
0.000758507	2.22848
0.000764374	3.13137
0.00077024	4.22759
0.000776107	5.50818
0.000781973	6.96182
0.00078784	8.53856
0.000793706	10.2602
0.000799573	12.1315
0.000805439	14.2136
0.000811306	16.6752
0.000817173	19.5828
0.000823039	23.255
0.000828906	27.731
0.000834772	33.3471
0.000840639	40.1374
0.000846505	48.419
0.000852372	58.269
0.000858238	70.1674
0.000864105	84.2154
0.000869971	101.186
0.000875838	121.101
0.000881704	144.71
0.000887571	171.895
0.000893438	202.74
0.000899304	237.069
0.000905171	274.06
0.000911037	313.64
0.000916904	354.695
0.00092277	397.311
0.000928637	441.054
0.000934503	486.061
0.00094037	532.879
0.000946236	581.548
0.000952103	632.882
0.000957969	686.79
0.000963836	743.336
0.000969703	802.38
0.000975569	862.826
0.000981436	924.594
0.000987302	985.882
0.000993169	1046.73
0.000999035	1105.73
0.0010049	1163.04
0.00101077	1219.07
0.00101663	1274.01
0.0010225	1330.94
0.00102837	1389.94
0.00103423	1455.83
0.0010401	1528.52
0.00104597	1611.5
0.00105183	1704.59
0.0010577	1806.89
0.00106357	1918.29
0.00106943	2033.25
0.0010753	2151.8
0.00108117	2267.01
0.00108703	2378.96
0.0010929	2483.54
0.00109877	2580.76
0.00110463	2671.06
0.0011105	2754.39
0.00111637	2833.89
0.00112223	2909.57
0.0011281	2983.64
0.00113397	3056.22
0.00113983	3126.09
0.0011457	3193.43
0.00115157	3253.84
0.00115743	3307.37
0.0011633	3350.15
0.00116916	3383.02
0.00117503	3389.64
0.0011809	3389.53
0.00118676	3385.98
0.00119263	3358.45
0.0011985	3321.81
0.00120436	3277.52
0.00121023	3227.94
0.0012161	3173.31
0.00122196	3115.62
0.00122783	3055.13
0.0012337	2992.05
0.00123956	2926.5
0.00124543	2857.9
0.0012513	2786.27
0.00125716	2710.79
0.00126303	2631.4
0.0012689	2547.41
0.00127476	2458.64
0.00128063	2365.42
0.0012865	2267.49
0.00129236	2167.03
0.00129823	2063.94
0.0013041	1961.6
0.00130996	1860.33
0.00131583	1762.66
0.00132169	1669.2
0.00132756	1580.07
0.00133343	1495.7
0.00133929	1414.24
0.00134516	1335.61
0.00135103	1257.93
0.00135689	1180.73
0.00136276	1103.68
0.00136863	1026.38
0.00137449	950.063
0.00138036	874.704
0.00138623	802.027
0.00139209	732.349
0.00139796	666.82
0.00140383	605.846
0.00140969	549.614
0.00141556	498.377
0.00142143	451.605
0.00142729	409.317
0.00143316	370.736
0.00143903	335.724
0.00144489	303.568
0.00145076	274.085
0.00145663	246.685
0.00146249	221.178
0.00146836	197.124
0.00147422	174.316
0.00148009	152.608
0.00148596	131.826
0.00149182	112.204
0.00149769	93.7102
0.00150356	76.7735
0.00150942	61.5376
0.00151529	48.2824
0.00152116	37.2159
0.00152702	28.2544
0.00153289	21.51
0.00153876	16.5767
0.00154462	13.3292
0.00155049	11.4442
0.00155636	10.4569
0.00156222	10.0566
0.00156809	9.94397
0.00157396	9.80256
0.00157982	9.51374
0.00158569	9.0272
0.00159156	8.23781
0.00159742	7.26913
0.00160329	6.14596
0.00160916	4.99158
0.00161502	3.89399
0.00162089	2.90121
0.00162675	2.08429
0.00163262	1.4243
0.00163849	0.939729
0.00164435	0.590354
0.00165022	0.355871
0.00165609	0.206619
0.00166195	0.103946
0.00166782	0.0610889
