0.000500379	1.34443e-106
0.00050876	1.26568e-102
0.000517141	5.06232e-102
0.000525522	3.74737e-98
0.000533903	1.51407e-97
0.000542284	8.81127e-94
0.000550665	3.59691e-93
0.000559045	1.6454e-89
0.000567426	6.78733e-89
0.000575807	2.4402e-85
0.000584188	1.01731e-84
0.000592569	2.87409e-81
0.00060095	1.21114e-80
0.00060933	2.68842e-77
0.000617711	1.1453e-76
0.000626092	1.99717e-73
0.000634473	8.6026e-73
0.000642854	1.17831e-69
0.000651235	5.13246e-69
0.000659615	5.52116e-66
0.000667996	2.43224e-65
0.000676377	2.05463e-62
0.000684758	9.1553e-62
0.000693139	6.07265e-59
0.00070152	2.73731e-58
0.0007099	1.42552e-55
0.000718281	6.50071e-55
0.000726662	2.65783e-52
0.000735043	1.22626e-51
0.000743424	3.93608e-49
0.000751805	1.83735e-48
0.000760186	4.63025e-46
0.000768566	2.1867e-45
0.000776947	4.32693e-43
0.000785328	2.06716e-42
0.000793709	3.21241e-40
0.00080209	1.55221e-39
0.000810471	1.89501e-37
0.000818851	9.25804e-37
0.000827232	8.88367e-35
0.000835613	4.38616e-34
0.000843994	3.31026e-32
0.000852375	1.65063e-31
0.000860756	9.80707e-30
0.000869136	4.93428e-29
0.000877517	2.31085e-27
0.000885898	1.17169e-26
0.000894279	4.33259e-25
0.00090266	2.21016e-24
0.000911041	6.46708e-23
0.000919421	3.31188e-22
0.000927802	7.69044e-21
0.000936183	3.94261e-20
0.000944564	7.29196e-19
0.000952945	3.72883e-18
0.000961326	5.51864e-17
0.000969707	2.80204e-16
0.000978087	3.33767e-15
0.000986468	1.67312e-14
0.000994849	1.61542e-13
0.00100323	7.93933e-13
0.00101161	6.2667e-12
0.00101999	2.99442e-11
0.00102837	1.95174e-10
0.00103675	8.97847e-10
0.00104513	4.88834e-09
0.00105351	2.14074e-08
0.0010619	9.86101e-08
0.00107028	4.06013e-07
0.00107866	1.60415e-06
0.00108704	6.12793e-06
0.00109542	2.10611e-05
0.0011038	7.36402e-05
0.00111218	0.000223223
0.00112056	0.000705067
0.00112894	0.00190924
0.00113732	0.00538296
0.0011457	0.0131654
0.00115409	0.0328052
0.00116247	0.0730898
0.00117085	0.159802
0.00117923	0.330669
0.00118761	0.632826
0.00119599	1.2023
0.00120437	2.0475
0.00121275	3.39576
0.00122113	5.23818
0.00122951	7.69715
0.00123789	10.7518
0.00124627	14.2165
0.00125466	18.0811
0.00126304	21.9594
0.00127142	25.8632
0.0012798	29.6405
0.00128818	33.3039
0.00129656	37.065
0.00130494	40.9231
0.00131332	45.0697
0.0013217	49.5059
0.00133008	54.5371
0.00133846	60.1625
0.00134684	67.9295
0.00135523	77.8136
0.00136361	92.9268
0.00137199	113.259
0.00138037	141.405
0.00138875	177.436
0.00139713	220.936
0.00140551	272.001
0.00141389	327.762
0.00142227	388.193
0.00143065	451.282
0.00143903	516.865
0.00144741	585.833
0.0014558	658.064
0.00146418	736.145
0.00147256	820.101
0.00148094	912.136
0.00148932	1012.34
0.0014977	1122
0.00150608	1241.21
0.00151446	1370.41
0.00152284	1509.82
0.00153122	1658.17
0.0015396	1815.81
0.00154798	1978.36
0.00155637	2146.2
0.00156475	2311.31
0.00157313	2473.78
0.00158151	2623.28
0.00158989	2759.2
0.00159827	2873.2
0.00160665	2963.82
0.00161503	3030.98
0.00162341	3075.19
0.00163179	3092.12
0.00164017	3097.9
0.00164855	3098.21
0.00165694	3087.7
0.00166532	3074.03
0.0016737	3059.04
0.00168208	3042.69
0.00169046	3025.29
0.00169884	3006.64
0.00170722	2987
0.0017156	2965.08
0.00172398	2941.51
0.00173236	2911.18
0.00174074	2874.22
0.00174912	2822.48
0.00175751	2754.56
0.00176589	2664.95
0.00177427	2551.14
0.00178265	2415.53
0.00179103	2256.43
0.00179941	2083.71
0.00180779	1898.09
0.00181617	1711.26
0.00182455	1525.99
0.00183293	1350.13
0.00184131	1186.69
0.00184969	1038.35
0.00185808	906.942
0.00186646	791.812
0.00187484	693.628
0.00188322	609.983
0.0018916	540.793
0.00189998	482.508
0.00190836	434.305
0.00191674	392.663
0.00192512	356.172
0.0019335	322.815
0.00194188	291.288
0.00195026	261.368
0.00195865	232.478
0.00196703	205.202
0.00197541	179.651
0.00198379	156.139
0.00199217	134.948
0.00200055	115.834
0.00200893	98.8284
0.00201731	83.5325
0.00202569	69.7337
0.00203407	57.2941
0.00204245	46.0325
0.00205083	36.0556
0.00205922	27.3746
0.0020676	20.0415
0.00207598	14.15
0.00208436	9.53236
0.00209274	6.17308
0.00210112	3.79
0.0021095	2.21965
0.00211788	1.23959
0.00212626	0.635664
0.00213464	0.330728
0.00214302	0.151048
0.0021514	0.0712908
0.00215979	0.0270756
0.00216817	0.0123372
