0.000166815	2.44618e-33
0.00017352	9.55076e-32
0.000180225	3.74692e-31
0.000186929	1.23737e-29
0.000193634	4.84647e-29
0.000200339	1.34641e-27
0.000207043	5.29351e-27
0.000213748	1.23863e-25
0.000220453	4.88241e-25
0.000227157	9.63627e-24
0.000233862	3.80277e-23
0.000240566	6.34191e-22
0.000247271	2.50121e-21
0.000253976	3.5321e-20
0.00026068	1.38929e-19
0.000267385	1.66546e-18
0.00027409	6.51681e-18
0.000280794	6.65169e-17
0.000287499	2.58162e-16
0.000294204	2.25147e-15
0.000300908	8.63739e-15
0.000307613	6.46239e-14
0.000314317	2.44076e-13
0.000321022	1.57397e-12
0.000327727	5.82563e-12
0.000334431	3.25515e-11
0.000341136	1.17455e-10
0.000347841	5.72027e-10
0.000354545	2.00054e-09
0.00036125	8.54725e-09
0.000367955	2.87885e-08
0.000374659	1.08661e-07
0.000381364	3.50064e-07
0.000388068	1.17594e-06
0.000394773	3.59757e-06
0.000401478	1.08379e-05
0.000408182	3.12534e-05
0.000414887	8.50879e-05
0.000421592	0.000229578
0.000428296	0.000569097
0.000435001	0.00142646
0.000441706	0.00324237
0.00044841	0.00750045
0.000455115	0.0157325
0.000461819	0.0333948
0.000468524	0.0651336
0.000475229	0.126152
0.000481933	0.236015
0.000488638	0.411461
0.000495343	0.705107
0.000502047	1.13389
0.000508752	1.78063
0.000515457	2.65076
0.000522161	3.82453
0.000528866	5.28494
0.000535571	7.04366
0.000542275	9.06855
0.00054898	11.2613
0.000555684	13.6024
0.000562389	15.941
0.000569094	18.2931
0.000575798	20.5949
0.000582503	22.888
0.000589208	25.2874
0.000595912	27.8271
0.000602617	30.7436
0.000609322	34.0428
0.000616026	37.9381
0.000622731	42.4145
0.000629435	47.5678
0.00063614	53.3803
0.000642845	59.8348
0.000649549	66.9209
0.000656254	74.5611
0.000662959	82.7571
0.000669663	91.4388
0.000676368	100.629
0.000683073	110.392
0.000689777	120.783
0.000696482	132.232
0.000703186	144.816
0.000709891	159.545
0.000716596	176.473
0.0007233	197.046
0.000730005	221.242
0.00073671	250.241
0.000743414	283.955
0.000750119	322.469
0.000756824	365.702
0.000763528	412.539
0.000770233	462.964
0.000776937	515.521
0.000783642	570.252
0.000790347	626.477
0.000797051	684.249
0.000803756	744.249
0.000810461	806.499
0.000817165	872.874
0.00082387	943.364
0.000830575	1020.15
0.000837279	1103.21
0.000843984	1193.51
0.000850689	1291.08
0.000857393	1394.27
0.000864098	1503.14
0.000870802	1613.36
0.000877507	1724.97
0.000884212	1832.85
0.000890916	1936.95
0.000897621	2034.05
0.000904326	2124.01
0.00091103	2207.15
0.000917735	2283.31
0.00092444	2355.55
0.000931144	2423.84
0.000937849	2491.42
0.000944553	2558.45
0.000951258	2626.26
0.000957963	2695.05
0.000964667	2764.1
0.000971372	2833.5
0.000978077	2901.68
0.000984781	2968.66
0.000991486	3032.73
0.000998191	3093.96
0.0010049	3149.83
0.0010116	3200.46
0.0010183	3242.47
0.00102501	3277.45
0.00103171	3288.53
0.00103842	3290.49
0.00104512	3288.31
0.00105183	3258.91
0.00105853	3213.69
0.00106524	3155.38
0.00107194	3085.13
0.00107865	3003.15
0.00108535	2912.09
0.00109206	2812.3
0.00109876	2705.41
0.00110546	2591.51
0.00111217	2472.5
0.00111887	2348.33
0.00112558	2222.12
0.00113228	2094.01
0.00113899	1967.78
0.00114569	1843.98
0.0011524	1725.4
0.0011591	1612.83
0.00116581	1506.96
0.00117251	1408.34
0.00117922	1315.87
0.00118592	1229.6
0.00119263	1147.96
0.00119933	1070.65
0.00120603	996.622
0.00121274	925.558
0.00121944	857.021
0.00122615	790.823
0.00123285	726.806
0.00123956	664.855
0.00124626	605.044
0.00125297	547.287
0.00125967	491.982
0.00126638	439.164
0.00127308	389.347
0.00127979	342.715
0.00128649	299.504
0.00129319	259.902
0.0012999	223.766
0.0013066	191.128
0.00131331	161.745
0.00132001	135.525
0.00132672	112.359
0.00133342	92.1888
0.00134013	74.9275
0.00134683	60.5999
0.00135354	48.8869
0.00136024	39.7678
0.00136695	32.6589
0.00137365	27.3615
0.00138035	23.2805
0.00138706	20.0757
0.00139376	17.4104
0.00140047	14.9775
0.00140717	12.7381
0.00141388	10.5529
0.00142058	8.51684
0.00142729	6.64319
0.00143399	4.99297
0.0014407	3.62379
0.0014474	2.51533
0.00145411	1.68679
0.00146081	1.07927
0.00146752	0.664442
0.00147422	0.39298
0.00148092	0.219954
0.00148763	0.121277
0.00149433	0.0541003
0.00150104	0.031708
