0.000166815	1.87769e-21
0.000172682	1.5422e-20
0.000178548	5.6055e-20
0.000184415	4.2458e-19
0.000190282	1.48747e-18
0.000196148	1.0113e-17
0.000202015	3.50885e-17
0.000207881	2.14662e-16
0.000213748	7.35888e-16
0.000219614	4.06199e-15
0.000225481	1.37229e-14
0.000231347	6.85487e-14
0.000237214	2.27581e-13
0.00024308	1.03208e-12
0.000248947	3.35708e-12
0.000254813	1.38694e-11
0.00026068	4.40569e-11
0.000266547	1.66428e-10
0.000272413	5.14525e-10
0.00027828	1.78406e-09
0.000284146	5.34894e-09
0.000290013	1.70925e-08
0.000295879	4.95168e-08
0.000301746	1.46424e-07
0.000307612	4.08356e-07
0.000313479	1.12209e-06
0.000319345	3.00148e-06
0.000325212	7.69587e-06
0.000331078	1.96736e-05
0.000336945	4.72614e-05
0.000342812	0.000115072
0.000348678	0.000260009
0.000354545	0.000601048
0.000360411	0.00128212
0.000366278	0.00280596
0.000372144	0.00566992
0.000378011	0.0117196
0.000383877	0.0225011
0.000389744	0.0438416
0.00039561	0.0809813
0.000401477	0.14775
0.000407343	0.262937
0.00041321	0.449563
0.000419077	0.758605
0.000424943	1.22821
0.00043081	1.9642
0.000436676	3.01962
0.000442543	4.57821
0.000448409	6.69747
0.000454276	9.63888
0.000460142	13.4441
0.000466009	18.4047
0.000471875	24.5257
0.000477742	32.0316
0.000483608	40.8845
0.000489475	51.137
0.000495342	62.7262
0.000501208	75.4912
0.000507075	89.3763
0.000512941	104.073
0.000518808	119.556
0.000524674	135.505
0.000530541	151.926
0.000536407	168.598
0.000542274	185.541
0.00054814	202.664
0.000554007	219.99
0.000559873	237.539
0.00056574	255.344
0.000571606	273.559
0.000577473	292.24
0.00058334	311.772
0.000589206	332.234
0.000595073	354.36
0.000600939	378.232
0.000606806	404.958
0.000612672	434.589
0.000618539	468.439
0.000624405	506.501
0.000630272	549.898
0.000636138	598.559
0.000642005	652.911
0.000647871	712.854
0.000653738	777.824
0.000659605	847.753
0.000665471	921.365
0.000671338	998.669
0.000677204	1078.51
0.000683071	1160.95
0.000688937	1245.72
0.000694804	1332.87
0.00070067	1422.93
0.000706537	1515.89
0.000712403	1612
0.00071827	1711.21
0.000724136	1812.39
0.000730003	1915.51
0.00073587	2018.11
0.000741736	2120.19
0.000747603	2219.43
0.000753469	2315.82
0.000759336	2408.8
0.000765202	2498.34
0.000771069	2585.89
0.000776935	2671.44
0.000782802	2756.89
0.000788668	2842.29
0.000794535	2927.81
0.000800401	3013.56
0.000806268	3096.91
0.000812135	3177.96
0.000818001	3252.25
0.000823868	3319.75
0.000829734	3376.37
0.000835601	3421.96
0.000841467	3454.98
0.000847334	3475.7
0.0008532	3478.93
0.000859067	3472.72
0.000864933	3458.66
0.0008708	3430.21
0.000876666	3392.78
0.000882533	3347
0.0008884	3293.48
0.000894266	3232.35
0.000900133	3163.87
0.000905999	3088.11
0.000911866	3004.98
0.000917732	2914.43
0.000923599	2816.83
0.000929465	2712.02
0.000935332	2601.59
0.000941198	2485.36
0.000947065	2366.29
0.000952931	2244.36
0.000958798	2123.27
0.000964665	2003.26
0.000970531	1887.64
0.000976398	1776.84
0.000982264	1672.78
0.000988131	1575.91
0.000993997	1486.48
0.000999864	1404.79
0.00100573	1329.77
0.0010116	1261.49
0.00101746	1198.24
0.00102333	1139.9
0.0010292	1084.56
0.00103506	1031.99
0.00104093	980.43
0.0010468	929.557
0.00105266	878.114
0.00105853	825.707
0.0010644	771.993
0.00107026	716.617
0.00107613	660.388
0.001082	603.16
0.00108786	546.654
0.00109373	491.073
0.00109959	438.302
0.00110546	388.856
0.00111133	343.914
0.00111719	304.068
0.00112306	269.304
0.00112893	239.984
0.00113479	215.065
0.00114066	194.499
0.00114653	176.847
0.00115239	161.704
0.00115826	147.924
0.00116413	134.975
0.00116999	122.376
0.00117586	109.724
0.00118173	97.1514
0.00118759	84.5267
0.00119346	72.2741
0.00119933	60.5035
0.00120519	49.5827
0.00121106	39.7225
0.00121693	31.0476
0.00122279	23.7195
0.00122866	17.628
0.00123453	12.8086
0.00124039	9.03514
0.00124626	6.22893
0.00125212	4.16756
0.00125799	2.71894
0.00126386	1.72614
0.00126972	1.06225
0.00127559	0.640915
0.00128146	0.370467
0.00128732	0.213069
0.00129319	0.114329
0.00129906	0.0634454
0.00130492	0.0318441
0.00131079	0.0168884
0.00131666	0.00803232
0.00132252	0.00401143
0.00132839	0.00164009
0.00133426	0.000849647
