0.000500379	1.00598e-22
0.000506246	1.1712e-21
0.000512113	4.38302e-21
0.000517979	4.5559e-20
0.000523846	1.66206e-19
0.000529712	1.51378e-18
0.000535579	5.4855e-18
0.000541445	4.38873e-17
0.000547312	1.57579e-16
0.000553178	1.1106e-15
0.000559045	3.94006e-15
0.000564911	2.45411e-14
0.000570778	8.57542e-14
0.000576644	4.73724e-13
0.000582511	1.62472e-12
0.000588378	7.99171e-12
0.000594244	2.6798e-11
0.000600111	1.17877e-10
0.000605977	3.84831e-10
0.000611844	1.52082e-09
0.00061771	4.81203e-09
0.000623577	1.71701e-08
0.000629443	5.24017e-08
0.00063531	1.69702e-07
0.000641176	4.97052e-07
0.000647043	1.46884e-06
0.000652909	4.10778e-06
0.000658776	1.11373e-05
0.000664643	2.95868e-05
0.000670509	7.39987e-05
0.000676376	0.000185806
0.000682242	0.000430954
0.000688109	0.00101796
0.000693975	0.0022005
0.000699842	0.00486887
0.000705708	0.00985475
0.000711575	0.0203507
0.000717441	0.0387274
0.000723308	0.0744316
0.000729174	0.137029
0.000735041	0.241483
0.000740908	0.417292
0.000746774	0.68696
0.000752641	1.11143
0.000758507	1.7183
0.000764374	2.6057
0.00077024	3.79705
0.000776107	5.41296
0.000781973	7.46176
0.00078784	10.0472
0.000793706	13.1599
0.000799573	16.8447
0.000805439	21.0857
0.000811306	25.8632
0.000817173	31.171
0.000823039	36.9706
0.000828906	43.2717
0.000834772	50.0759
0.000840639	57.3988
0.000846505	65.296
0.000852372	73.7768
0.000858238	82.9127
0.000864105	92.7121
0.000869971	103.245
0.000875838	114.538
0.000881704	126.733
0.000887571	139.885
0.000893438	154.326
0.000899304	170.115
0.000905171	187.796
0.000911037	207.404
0.000916904	229.551
0.00092277	254.254
0.000928637	282.073
0.000934503	313.052
0.00094037	347.863
0.000946236	386.605
0.000952103	430.474
0.000957969	479.581
0.000963836	535.826
0.000969703	599.237
0.000975569	671.828
0.000981436	753.48
0.000987302	845.017
0.000993169	946.215
0.000999035	1055.52
0.0010049	1172.74
0.00101077	1293.9
0.00101663	1418.93
0.0010225	1542.82
0.00102837	1665.65
0.00103423	1783.45
0.0010401	1896.35
0.00104597	2002.97
0.00105183	2103.41
0.0010577	2199.02
0.00106357	2289.85
0.00106943	2378.92
0.0010753	2466.22
0.00108117	2554.62
0.00108703	2644.1
0.0010929	2735.65
0.00109877	2829.27
0.00110463	2922.92
0.0011105	3016.67
0.00111637	3105.62
0.00112223	3189.84
0.0011281	3263.29
0.00113397	3325.94
0.00113983	3374.32
0.0011457	3408.99
0.00115157	3415.17
0.00115743	3413.03
0.0011633	3405.21
0.00116916	3373.37
0.00117503	3333.05
0.0011809	3285.22
0.00118676	3234.14
0.00119263	3179.99
0.0011985	3126.66
0.00120436	3074.45
0.00121023	3024.32
0.0012161	2976.6
0.00122196	2929.24
0.00122783	2882.4
0.0012337	2832.34
0.00123956	2778.89
0.00124543	2718.9
0.0012513	2651.93
0.00125716	2577.57
0.00126303	2495.33
0.0012689	2408.01
0.00127476	2315.46
0.00128063	2222.06
0.0012865	2128.15
0.00129236	2036.94
0.00129823	1949.11
0.0013041	1864.78
0.00130996	1784.47
0.00131583	1705.62
0.00132169	1628.19
0.00132756	1549.25
0.00133343	1468.24
0.00133929	1384.34
0.00134516	1296.92
0.00135103	1207.94
0.00135689	1117.23
0.00136276	1028.14
0.00136863	941.079
0.00137449	858.735
0.00138036	781.815
0.00138623	711.215
0.00139209	647.467
0.00139796	589.956
0.00140383	538.82
0.00140969	492.847
0.00141556	451.877
0.00142143	414.763
0.00142729	381.253
0.00143316	350.408
0.00143903	321.987
0.00144489	295.218
0.00145076	269.85
0.00145663	245.398
0.00146249	221.602
0.00146836	198.452
0.00147422	175.784
0.00148009	154.028
0.00148596	133.223
0.00149182	113.898
0.00149769	96.2652
0.00150356	80.5581
0.00150942	66.9959
0.00151529	55.3871
0.00152116	45.7918
0.00152702	37.784
0.00153289	31.2389
0.00153876	25.7774
0.00154462	21.198
0.00155049	17.3066
0.00155636	13.9476
0.00156222	11.0683
0.00156809	8.60008
0.00157396	6.52544
0.00157982	4.82674
0.00158569	3.46259
0.00159156	2.41716
0.00159742	1.62958
0.00160329	1.06685
0.00160916	0.674652
0.00161502	0.411844
0.00162089	0.24465
0.00162675	0.138337
0.00163262	0.0775438
0.00163849	0.0397708
0.00164435	0.0215007
0.00165022	0.0103139
0.00165609	0.00519676
0.00166195	0.00211993
0.00166782	0.00109432
