3.33898e-05	248.161
3.48982e-05	275.66
3.64066e-05	306.119
3.7915e-05	339.466
3.94234e-05	375.917
4.09318e-05	415.613
4.24402e-05	458.736
4.39487e-05	505.492
4.54571e-05	556.027
4.69655e-05	610.563
4.84739e-05	669.179
4.99823e-05	732.057
5.14907e-05	799.199
5.29991e-05	870.7
5.45076e-05	946.504
5.6016e-05	1026.61
5.75244e-05	1110.91
5.90328e-05	1199.34
6.05412e-05	1291.79
6.20496e-05	1388.1
6.3558e-05	1488.17
6.50665e-05	1591.82
6.65749e-05	1698.94
6.80833e-05	1809.32
6.95917e-05	1922.85
7.11001e-05	2039.3
7.26085e-05	2158.6
7.41169e-05	2280.53
7.56253e-05	2405.05
7.71338e-05	2532
7.86422e-05	2661.4
8.01506e-05	2793.19
8.1659e-05	2927.45
8.31674e-05	3064.26
8.46758e-05	3203.74
8.61842e-05	3346.1
8.76927e-05	3491.48
8.92011e-05	3640.24
9.07095e-05	3792.51
9.22179e-05	3948.74
9.37263e-05	4109.01
9.52347e-05	4273.77
9.67431e-05	4443.03
9.82516e-05	4617.07
9.976e-05	4795.79
0.000101268	4979.12
0.000102777	5166.82
0.000104285	5358.31
0.000105794	5553.25
0.000107302	5750.49
0.00010881	5949.69
0.000110319	6149.28
0.000111827	6349.03
0.000113336	6547.26
0.000114844	6743.88
0.000116353	6937.5
0.000117861	7128.11
0.000119369	7314.78
0.000120878	7497.49
0.000122386	7675.65
0.000123895	7849.15
0.000125403	8017.29
0.000126911	8179.84
0.00012842	8335.56
0.000129928	8484.18
0.000131437	8623.7
0.000132945	8753.91
0.000134453	8872.37
0.000135962	8979.02
0.00013747	9071.66
0.000138979	9150.42
0.000140487	9214.17
0.000141996	9263.15
0.000143504	9299.18
0.000145012	9320.83
0.000146521	9322.46
0.000148029	9320.11
0.000149538	9311.47
0.000151046	9286.55
0.000152554	9255.44
0.000154063	9217.14
0.000155571	9171.93
0.00015708	9119.62
0.000158588	9059.19
0.000160097	8990.53
0.000161605	8911.25
0.000163113	8821.31
0.000164622	8717.93
0.00016613	8601.18
0.000167639	8469.08
0.000169147	8321.75
0.000170655	8158.98
0.000172164	7980.9
0.000173672	7789.47
0.000175181	7584.75
0.000176689	7370.63
0.000178197	7147.12
0.000179706	6919.22
0.000181214	6686.9
0.000182723	6455.32
0.000184231	6224.43
0.00018574	5998.61
0.000187248	5777.83
0.000188756	5565.05
0.000190265	5360.29
0.000191773	5164.8
0.000193282	4978.61
0.00019479	4801.37
0.000196298	4633.14
0.000197807	4472.35
0.000199315	4319.02
0.000200824	4171.01
0.000202332	4028.32
0.000203841	3888.87
0.000205349	3752.62
0.000206857	3618.12
0.000208366	3485.3
0.000209874	3353.6
0.000211383	3222.95
0.000212891	3093.61
0.000214399	2965.54
0.000215908	2839.49
0.000217416	2715.45
0.000218925	2594.17
0.000220433	2475.73
0.000221941	2360.49
0.00022345	2248.53
0.000224958	2139.69
0.000226467	2034.04
0.000227975	1930.94
0.000229484	1830.42
0.000230992	1731.68
0.0002325	1634.66
0.000234009	1538.77
0.000235517	1443.89
0.000237026	1349.89
0.000238534	1256.65
0.000240042	1164.6
0.000241551	1073.67
0.000243059	984.752
0.000244568	897.856
0.000246076	814.102
0.000247585	733.585
0.000249093	657.345
0.000250601	585.542
0.00025211	518.871
0.000253618	457.511
0.000255127	401.668
0.000256635	351.486
0.000258143	306.677
0.000259652	267.306
0.00026116	232.71
0.000262669	202.859
0.000264177	176.902
0.000265685	154.721
0.000267194	135.472
0.000268702	118.981
0.000270211	104.554
0.000271719	92.0063
0.000273228	80.8604
0.000274736	70.9547
0.000276244	62.0226
0.000277753	53.9497
0.000279261	46.6195
0.00028077	39.9684
0.000282278	33.9564
0.000283786	28.5581
0.000285295	23.7496
0.000286803	19.5243
0.000288312	15.8423
0.00028982	12.6983
0.000291329	10.0305
0.000292837	7.82498
0.000294345	6.00813
0.000295854	4.55589
0.000297362	3.39702
0.000298871	2.5014
0.000300379	1.81033
0.000301887	1.29341
0.000303396	0.908421
0.000304904	0.629241
0.000306413	0.428947
0.000307921	0.287826
0.000309429	0.190512
0.000310938	0.12372
0.000312446	0.0795658
0.000313955	0.0499534
0.000315463	0.0312422
0.000316972	0.0189382
0.00031848	0.0115326
0.000319988	0.00673931
0.000321497	0.0040019
0.000323005	0.00225034
0.000324514	0.00130544
0.000326022	0.000701224
0.00032753	0.000400604
0.000329039	0.000208275
0.000330547	0.0001155
0.000332056	5.23378e-05
0.000333564	3.12839e-05
