0.000166815	3.53096e-60
0.00017352	7.999e-58
0.000180225	3.18901e-57
0.000186929	6.04361e-55
0.000193634	2.42908e-54
0.000200339	3.84701e-52
0.000207043	1.56047e-51
0.000213748	2.06546e-49
0.000220453	8.45463e-49
0.000227157	9.35406e-47
0.000233862	3.86337e-46
0.000240566	3.57359e-44
0.000247271	1.48892e-43
0.000253976	1.15177e-41
0.00026068	4.83967e-41
0.000267385	3.13205e-39
0.00027409	1.3268e-38
0.000280794	7.187e-37
0.000287499	3.06792e-36
0.000294204	1.39184e-34
0.000300908	5.98336e-34
0.000307613	2.27526e-32
0.000314317	9.84277e-32
0.000321022	3.1403e-30
0.000327727	1.36576e-29
0.000334431	3.66036e-28
0.000341136	1.59859e-27
0.000347841	3.60435e-26
0.000354545	1.57842e-25
0.00036125	2.99946e-24
0.000367955	1.31481e-23
0.000374659	2.11039e-22
0.000381364	9.24031e-22
0.000388068	1.25606e-20
0.000394773	5.47949e-20
0.000401478	6.3276e-19
0.000408182	2.74205e-18
0.000414887	2.69987e-17
0.000421592	1.15813e-16
0.000428296	9.76445e-16
0.000435001	4.12921e-15
0.000441706	2.99581e-14
0.00044841	1.2431e-13
0.000455115	7.80425e-13
0.000461819	3.16078e-12
0.000468524	1.72786e-11
0.000475229	6.79029e-11
0.000481933	3.25437e-10
0.000488638	1.23303e-09
0.000495343	5.21949e-09
0.000502047	1.89356e-08
0.000508752	7.13511e-08
0.000515457	2.46084e-07
0.000522161	8.32088e-07
0.000528866	2.70847e-06
0.000535571	8.28486e-06
0.000542275	2.527e-05
0.00054898	7.04801e-05
0.000555684	0.000200084
0.000562389	0.000512629
0.000569094	0.00134623
0.000575798	0.00318986
0.000582503	0.00770907
0.000589208	0.0169924
0.000595912	0.0376401
0.000602617	0.0775493
0.000609322	0.157034
0.000616026	0.30673
0.000622731	0.56637
0.000629435	1.04495
0.00063614	1.77467
0.000642845	3.002
0.000649549	4.75751
0.000656254	7.41662
0.000662959	10.9922
0.000669663	15.8867
0.000676368	22.0863
0.000683073	29.8398
0.000689777	39.1273
0.000696482	49.9853
0.000703186	62.4285
0.000709891	76.5612
0.000716596	92.4483
0.0007233	110.761
0.000730005	131.574
0.00073671	156.32
0.000743414	185.025
0.000750119	219.393
0.000756824	259.383
0.000763528	306.123
0.000770233	359.543
0.000776937	419.648
0.000783642	486.382
0.000790347	558.58
0.000797051	636.215
0.000803756	717.161
0.000810461	801.426
0.000817165	886.552
0.00082387	972.572
0.000830575	1058.19
0.000837279	1143.41
0.000843984	1229.73
0.000850689	1317.13
0.000857393	1409.66
0.000864098	1507.31
0.000870802	1613.47
0.000877507	1728.26
0.000884212	1850.48
0.000890916	1980.32
0.000897621	2111.49
0.000904326	2244.05
0.00091103	2370.94
0.000917735	2491.92
0.00092444	2604.25
0.000931144	2707.63
0.000937849	2803.98
0.000944553	2893.3
0.000951258	2977.47
0.000957963	3056.84
0.000964667	3129
0.000971372	3194.21
0.000978077	3247.54
0.000984781	3289.8
0.000991486	3307.98
0.000998191	3314.75
0.0010049	3313.7
0.0010116	3292.55
0.0010183	3264.6
0.00102501	3231.4
0.00103171	3197.76
0.00103842	3164.7
0.00104512	3131.89
0.00105183	3100.12
0.00105853	3064.1
0.00106524	3023.7
0.00107194	2973.62
0.00107865	2913.04
0.00108535	2840.19
0.00109206	2754.33
0.00109876	2657.07
0.00110546	2548.13
0.00111217	2430.69
0.00111887	2304.81
0.00112558	2174.46
0.00113228	2039.81
0.00113899	1905.77
0.00114569	1772.79
0.0011524	1645.93
0.0011591	1526.16
0.00116581	1416.48
0.00117251	1318.16
0.00117922	1230.27
0.00118592	1153.59
0.00119263	1083.9
0.00119933	1020.79
0.00120603	959.879
0.00121274	899.839
0.00121944	839.257
0.00122615	776.956
0.00123285	714.765
0.00123956	652.637
0.00124626	592.991
0.00125297	536.722
0.00125967	484.245
0.00126638	436.269
0.00127308	391.318
0.00127979	349.157
0.00128649	308.595
0.00129319	268.88
0.0012999	230.557
0.0013066	193.328
0.00131331	158.774
0.00132001	127.395
0.00132672	100.171
0.00133342	77.8594
0.00134013	60.0626
0.00134683	47.085
0.00135354	37.6418
0.00136024	31.3872
0.00136695	27.0831
0.00137365	24.0522
0.00138035	21.666
0.00138706	19.3544
0.00139376	17.0771
0.00140047	14.596
0.00140717	12.1176
0.00141388	9.67915
0.00142058	7.43192
0.00142729	5.49713
0.00143399	3.88074
0.0014407	2.64575
0.0014474	1.71641
0.00145411	1.07348
0.00146081	0.641984
0.00146752	0.36568
0.00147422	0.203002
0.00148092	0.102599
0.00148763	0.0543427
0.00149433	0.0227975
0.00150104	0.0122824
