0.000100103	3.18381e-16
0.000103622	2.21221e-15
0.000107142	7.89368e-15
0.000110662	5.00717e-14
0.000114182	1.70255e-13
0.000117702	9.55888e-13
0.000121222	3.19462e-12
0.000124742	1.59347e-11
0.000128261	5.21504e-11
0.000131781	2.32051e-10
0.000135301	7.40687e-10
0.000138821	2.95324e-09
0.000142341	9.15329e-09
0.000145861	3.2859e-08
0.000149381	9.84277e-08
0.0001529	3.19744e-07
0.00015642	9.21074e-07
0.00015994	2.72189e-06
0.00016346	7.50165e-06
0.00016698	2.02749e-05
0.0001705	5.31822e-05
0.00017402	0.00013217
0.000177539	0.000328246
0.000181059	0.000754098
0.000184579	0.00176423
0.000188099	0.00376564
0.000191619	0.00825973
0.000195139	0.0164566
0.000198659	0.0336981
0.000202178	0.063317
0.000205698	0.120107
0.000209218	0.217081
0.000212738	0.37668
0.000216258	0.637197
0.000219778	1.02972
0.000223298	1.62665
0.000226817	2.45793
0.000230337	3.62464
0.000233857	5.13577
0.000237377	7.0808
0.000240897	9.43195
0.000244417	12.1993
0.000247937	15.3259
0.000251456	18.6979
0.000254976	22.2644
0.000258496	25.8272
0.000262016	29.3782
0.000265536	32.7562
0.000269056	36.0003
0.000272576	39.0985
0.000276095	42.1054
0.000279615	45.1641
0.000283135	48.3087
0.000286655	51.7395
0.000290175	55.4616
0.000293695	59.6258
0.000297214	64.228
0.000300734	69.3448
0.000304254	74.993
0.000307774	81.2529
0.000311294	88.1899
0.000314814	96.0507
0.000318334	104.966
0.000321853	115.566
0.000325373	128.037
0.000328893	143.584
0.000332413	162.388
0.000335933	186.195
0.000339453	215.071
0.000342973	250.795
0.000346492	293.227
0.000350012	343.188
0.000353532	400.358
0.000357052	463.657
0.000360572	532.764
0.000364092	604.722
0.000367612	679.438
0.000371131	753.593
0.000374651	827.427
0.000378171	899.681
0.000381691	970.793
0.000385211	1043.24
0.000388731	1117.37
0.000392251	1198.78
0.00039577	1287.5
0.00039929	1389.17
0.00040281	1503.5
0.00040633	1632.49
0.00040985	1775.74
0.00041337	1929.77
0.00041689	2094.35
0.000420409	2262.09
0.000423929	2433.02
0.000427449	2599.76
0.000430969	2762.47
0.000434489	2917.39
0.000438009	3064.66
0.000441529	3204.99
0.000445048	3338.44
0.000448568	3468.25
0.000452088	3594.42
0.000455608	3719.72
0.000459128	3844.15
0.000462648	3967.97
0.000466168	4091.23
0.000469687	4211.41
0.000473207	4328.58
0.000476727	4438.52
0.000480247	4541.25
0.000483767	4632.24
0.000487287	4711.45
0.000490807	4775.57
0.000494326	4824.78
0.000497846	4852.39
0.000501366	4865.46
0.000504886	4865.08
0.000508406	4844.93
0.000511926	4813.34
0.000515446	4770.54
0.000518965	4723.18
0.000522485	4671.46
0.000526005	4621.05
0.000529525	4572.53
0.000533045	4526.65
0.000536565	4484.08
0.000540085	4440.08
0.000543604	4394.9
0.000547124	4341.36
0.000550644	4279.05
0.000554164	4202.63
0.000557684	4111.31
0.000561204	4004.09
0.000564724	3880.26
0.000568243	3742.84
0.000571763	3591.55
0.000575283	3431.53
0.000578803	3262.96
0.000582323	3091.3
0.000585843	2917.02
0.000589362	2744.73
0.000592882	2575.07
0.000596402	2410.97
0.000599922	2253.09
0.000603442	2102.38
0.000606962	1959.28
0.000610482	1823.22
0.000614001	1694.29
0.000617521	1571.5
0.000621041	1454.65
0.000624561	1343.33
0.000628081	1237.33
0.000631601	1136.97
0.000635121	1042.23
0.00063864	953.533
0.00064216	871.06
0.00064568	794.628
0.0006492	724.38
0.00065272	659.494
0.00065624	599.891
0.00065976	544.653
0.000663279	493.521
0.000666799	445.98
0.000670319	401.799
0.000673839	360.835
0.000677359	323.016
0.000680879	288.201
0.000684399	256.403
0.000687918	227.249
0.000691438	200.683
0.000694958	176.239
0.000698478	153.745
0.000701998	132.927
0.000705518	113.597
0.000709038	95.7781
0.000712557	79.3975
0.000716077	64.615
0.000719597	51.4887
0.000723117	40.0778
0.000726637	30.4738
0.000730157	22.5273
0.000733677	16.2515
0.000737196	11.3538
0.000740716	7.73466
0.000744236	5.09265
0.000747756	3.26134
0.000751276	2.02225
0.000754796	1.21124
0.000758316	0.708326
0.000761835	0.393386
0.000765355	0.218449
0.000768875	0.111066
0.000772395	0.0593351
0.000775915	0.0283051
0.000779435	0.0141244
0.000782955	0.00634593
0.000786474	0.00294284
0.000789994	0.00125065
0.000793514	0.000536116
0.000797034	0.000198027
0.000800554	8.53305e-05
