0.000500379	3.65185e-107
0.00050876	2.38035e-103
0.000517141	9.52031e-103
0.000525522	4.96342e-99
0.000533903	2.00529e-98
0.000542284	8.36044e-95
0.000550665	3.41264e-94
0.000559045	1.13763e-90
0.000567426	4.69235e-90
0.000575807	1.25053e-86
0.000584188	5.21289e-86
0.000592569	1.11049e-82
0.00060095	4.679e-82
0.00060933	7.9663e-79
0.000617711	3.39324e-78
0.000626092	4.61664e-75
0.000634473	1.98821e-74
0.000642854	2.16134e-71
0.000651235	9.41232e-71
0.000659615	8.17433e-68
0.000667996	3.60013e-67
0.000676377	2.49757e-64
0.000684758	1.11257e-63
0.000693139	6.16493e-61
0.00070152	2.77793e-60
0.0007099	1.2294e-57
0.000718281	5.60407e-57
0.000726662	1.98071e-54
0.000735043	9.13427e-54
0.000743424	2.5783e-51
0.000751805	1.20291e-50
0.000760186	2.71176e-48
0.000768566	1.27992e-47
0.000776947	2.30464e-45
0.000785328	1.10032e-44
0.000793709	1.5828e-42
0.00080209	7.64282e-42
0.000810471	8.7855e-40
0.000818851	4.28926e-39
0.000827232	3.94174e-37
0.000835613	1.94496e-36
0.000843994	1.42977e-34
0.000852375	7.12599e-34
0.000860756	4.19375e-32
0.000869136	2.10955e-31
0.000877517	9.94997e-30
0.000885898	5.04609e-29
0.000894279	1.91021e-27
0.00090266	9.75332e-27
0.000911041	2.96877e-25
0.000919421	1.52334e-24
0.000927802	3.73723e-23
0.000936183	1.9227e-22
0.000944564	3.81329e-21
0.000952945	1.96119e-20
0.000961326	3.15634e-19
0.000969707	1.61682e-18
0.000978087	2.12142e-17
0.000986468	1.07741e-16
0.000994849	1.15911e-15
0.00100323	5.80423e-15
0.00101161	5.15512e-14
0.00101999	2.52834e-13
0.00102837	1.86891e-12
0.00103675	8.90766e-12
0.00104513	5.53128e-11
0.00105351	2.5391e-10
0.0010619	1.3385e-09
0.00107028	5.85845e-09
0.00107866	2.65213e-08
0.00108704	1.0948e-07
0.00109542	4.30854e-07
0.0011038	1.65839e-06
0.00111218	5.74511e-06
0.00112056	2.0385e-05
0.00112894	6.29319e-05
0.00113732	0.000203627
0.0011457	0.000566686
0.00115409	0.00165615
0.00116247	0.00419754
0.00117085	0.010996
0.00117923	0.0255981
0.00118761	0.0598058
0.00119599	0.128715
0.00120437	0.267704
0.00121275	0.541211
0.00122113	1.00633
0.00122951	1.8858
0.00123789	3.19557
0.00124627	5.3799
0.00125466	8.4457
0.00126304	12.9713
0.00127142	18.9528
0.0012798	26.9327
0.00128818	36.9022
0.00129656	49.2298
0.00130494	63.9099
0.00131332	81.1723
0.0013217	101.014
0.00133008	123.615
0.00133846	148.974
0.00134684	177.065
0.00135523	207.895
0.00136361	240.845
0.00137199	275.929
0.00138037	311.973
0.00138875	348.958
0.00139713	386.492
0.00140551	424.464
0.00141389	465.28
0.00142227	508.8
0.00143065	560.173
0.00143903	619.453
0.00144741	690.719
0.0014558	774.319
0.00146418	869.156
0.00147256	975.544
0.00148094	1088.31
0.00148932	1207.32
0.0014977	1328.88
0.00150608	1452.58
0.00151446	1578.95
0.00152284	1707.92
0.00153122	1840.5
0.0015396	1977.14
0.00154798	2114.68
0.00155637	2253.51
0.00156475	2386.77
0.00157313	2514.33
0.00158151	2629.23
0.00158989	2730.93
0.00159827	2814.71
0.00160665	2879.73
0.00161503	2925.99
0.00162341	2954.06
0.00163179	2959.98
0.00164017	2957.57
0.00164855	2952.02
0.00165694	2941.51
0.00166532	2937.59
0.0016737	2937.47
0.00168208	2937.24
0.00169046	2936.84
0.00169884	2934.92
0.00170722	2914.72
0.0017156	2874.1
0.00172398	2813.58
0.00173236	2735.07
0.00174074	2637.5
0.00174912	2530.04
0.00175751	2414.07
0.00176589	2295.86
0.00177427	2177.47
0.00178265	2059.72
0.00179103	1943.61
0.00179941	1827.32
0.00180779	1710.58
0.00181617	1592.45
0.00182455	1472.17
0.00183293	1351.41
0.00184131	1229.85
0.00184969	1111.19
0.00185808	996.118
0.00186646	887.964
0.00187484	788.139
0.00188322	697.345
0.0018916	616.64
0.00189998	544.192
0.00190836	479.902
0.00191674	421.569
0.00192512	368.284
0.0019335	319.24
0.00194188	273.72
0.00195026	232.095
0.00195865	194.324
0.00196703	160.708
0.00197541	131.514
0.00198379	106.364
0.00199217	85.2969
0.00200055	67.5924
0.00200893	52.9719
0.00201731	40.8747
0.00202569	30.9546
0.00203407	22.9033
0.00204245	16.4881
0.00205083	11.4799
0.00205922	7.72732
0.0020676	4.98358
0.00207598	3.08961
0.00208436	1.82903
0.00209274	1.0273
0.00210112	0.558643
0.0021095	0.274593
0.00211788	0.141125
0.00212626	0.0632739
0.00213464	0.0291534
0.00214302	0.0120215
0.0021514	0.00490329
0.00215979	0.00172801
0.00216817	0.000669589
