0.000100103	1.26174e-14
0.000103622	7.52502e-14
0.000107142	2.63149e-13
0.000110662	1.44665e-12
0.000114182	4.77848e-12
0.000117702	2.33611e-11
0.000121222	7.55524e-11
0.000124742	3.29809e-10
0.000128261	1.04015e-09
0.000131781	4.07231e-09
0.000135301	1.24699e-08
0.000138821	4.39935e-08
0.000142341	1.30187e-07
0.000145861	4.15958e-07
0.000149381	1.18373e-06
0.0001529	3.44306e-06
0.00015642	9.37467e-06
0.00015994	2.49551e-05
0.00016346	6.46734e-05
0.00016698	0.000158397
0.0001705	0.000388704
0.00017402	0.000880463
0.000177539	0.00203565
0.000181059	0.00428562
0.000184579	0.00929087
0.000188099	0.0182627
0.000191619	0.0369631
0.000195139	0.0689503
0.000198659	0.128697
0.000202178	0.229513
0.000205698	0.39301
0.000209218	0.65566
0.000212738	1.04498
0.000216258	1.62616
0.000219778	2.4198
0.000223298	3.50753
0.000226817	4.88074
0.000230337	6.58852
0.000233857	8.57791
0.000237377	10.7917
0.000240897	13.1475
0.000244417	15.4425
0.000247937	17.6162
0.000251456	19.3883
0.000254976	20.7795
0.000258496	21.6374
0.000262016	22.049
0.000265536	22.2035
0.000269056	22.2845
0.000272576	22.7111
0.000276095	24.037
0.000279615	26.6414
0.000283135	31.2364
0.000286655	38.3852
0.000290175	48.1534
0.000293695	61.2014
0.000297214	77.3794
0.000300734	96.6934
0.000304254	118.938
0.000307774	143.408
0.000311294	169.967
0.000314814	197.558
0.000318334	226.202
0.000321853	255.152
0.000325373	284.555
0.000328893	314.461
0.000332413	345.012
0.000335933	376.919
0.000339453	410.209
0.000342973	445.596
0.000346492	483.012
0.000350012	522.642
0.000353532	564.444
0.000357052	608.256
0.000360572	654.151
0.000364092	702.372
0.000367612	753.084
0.000371131	807.569
0.000374651	865.99
0.000378171	930.649
0.000381691	1001.63
0.000385211	1081.66
0.000388731	1170.73
0.000392251	1271.28
0.00039577	1383.22
0.00039929	1508.1
0.00040281	1645.8
0.00040633	1796.38
0.00040985	1959.67
0.00041337	2133.59
0.00041689	2317.99
0.000420409	2508.26
0.000423929	2704.35
0.000427449	2900.08
0.000430969	3095.51
0.000434489	3285.26
0.000438009	3469.44
0.000441529	3645.85
0.000445048	3814.55
0.000448568	3976.81
0.000452088	4132.63
0.000455608	4284.38
0.000459128	4432.05
0.000462648	4576.03
0.000466168	4716.39
0.000469687	4850.49
0.000473207	4978.38
0.000476727	5096.16
0.000480247	5203.81
0.000483767	5298.8
0.000487287	5381.04
0.000490807	5450.3
0.000494326	5506.55
0.000497846	5551.06
0.000501366	5584.8
0.000504886	5594.87
0.000508406	5597.35
0.000511926	5594.27
0.000515446	5563.2
0.000518965	5513.18
0.000522485	5445.49
0.000526005	5359.19
0.000529525	5253.87
0.000533045	5134.47
0.000536565	5000.83
0.000540085	4859.65
0.000543604	4711.25
0.000547124	4560.87
0.000550644	4409.05
0.000554164	4257.92
0.000557684	4107.9
0.000561204	3958.77
0.000564724	3810.59
0.000568243	3662.95
0.000571763	3515.62
0.000575283	3369.59
0.000578803	3224.7
0.000582323	3083.2
0.000585843	2945.23
0.000589362	2812.9
0.000592882	2686.6
0.000596402	2566.96
0.000599922	2454.39
0.000603442	2347.79
0.000606962	2247.35
0.000610482	2150.8
0.000614001	2058.05
0.000617521	1966.45
0.000621041	1875.64
0.000624561	1783.38
0.000628081	1689.1
0.000631601	1591.89
0.000635121	1491.14
0.00063864	1387.89
0.00064216	1281.83
0.00064568	1175.62
0.0006492	1069.52
0.00065272	966.455
0.00065624	867.171
0.00065976	773.575
0.000663279	686.455
0.000666799	606.266
0.000670319	533.462
0.000673839	467.566
0.000677359	408.623
0.000680879	355.966
0.000684399	309.437
0.000687918	268.498
0.000691438	232.998
0.000694958	202.392
0.000698478	176.568
0.000701998	154.786
0.000705518	136.866
0.000709038	121.932
0.000712557	109.672
0.000716077	99.3071
0.000719597	90.4556
0.000723117	82.6297
0.000726637	75.4954
0.000730157	68.8786
0.000733677	62.5759
0.000737196	56.6299
0.000740716	50.9767
0.000744236	45.7534
0.000747756	41.0024
0.000751276	36.839
0.000754796	33.3594
0.000758316	30.555
0.000761835	28.4994
0.000765355	27.0189
0.000768875	26.0824
0.000772395	25.4256
0.000775915	24.8883
0.000779435	24.2691
0.000782955	23.3563
0.000786474	22.1241
0.000789994	20.44
0.000793514	18.4349
0.000797034	16.1982
0.000800554	13.6992
