0.000100103	3.27131e-23
0.000103622	3.31454e-22
0.000107142	1.22768e-21
0.000110662	1.1316e-20
0.000114182	4.07196e-20
0.000117702	3.34027e-19
0.000121222	1.19367e-18
0.000124742	8.73369e-18
0.000128261	3.09269e-17
0.000131781	2.02331e-16
0.000135301	7.08222e-16
0.000138821	4.15435e-15
0.000142341	1.43349e-14
0.000145861	7.56228e-14
0.000149381	2.56466e-13
0.0001529	1.2208e-12
0.00015642	4.05591e-12
0.00015994	1.74827e-11
0.00016346	5.67014e-11
0.00016698	2.22166e-10
0.0001705	7.00761e-10
0.00017402	2.50592e-09
0.000177539	7.65679e-09
0.000181059	2.50949e-08
0.000184579	7.39708e-08
0.000188099	2.23163e-07
0.000191619	6.31908e-07
0.000195139	1.76258e-06
0.000198659	4.77398e-06
0.000202178	1.23655e-05
0.000205698	3.19013e-05
0.000209218	7.70626e-05
0.000212738	0.000188592
0.000216258	0.000426632
0.000219778	0.000986601
0.000223298	0.00209819
0.000226817	0.00456896
0.000230337	0.00916712
0.000233857	0.0187402
0.000237377	0.0355851
0.000240897	0.06813
0.000244417	0.125303
0.000247937	0.22204
0.000251456	0.386634
0.000254976	0.642912
0.000258496	1.0544
0.000262016	1.65512
0.000265536	2.55884
0.000269056	3.80534
0.000272576	5.56197
0.000276095	7.86785
0.000279615	10.9291
0.000283135	14.7851
0.000286655	19.6686
0.000290175	25.6331
0.000293695	32.9716
0.000297214	41.7669
0.000300734	52.4618
0.000304254	65.1563
0.000307774	80.5016
0.000311294	98.5666
0.000314814	120.096
0.000318334	145.078
0.000321853	174.045
0.000325373	206.912
0.000328893	243.731
0.000332413	284.424
0.000335933	328.648
0.000339453	376.41
0.000342973	427.44
0.000346492	481.83
0.000350012	539.833
0.000353532	601.538
0.000357052	667.695
0.000360572	738.309
0.000364092	814.093
0.000367612	894.964
0.000371131	980.998
0.000374651	1072.07
0.000378171	1167.37
0.000381691	1266.76
0.000385211	1368.58
0.000388731	1472.72
0.000392251	1576.75
0.00039577	1680.63
0.00039929	1781.48
0.00040281	1879.34
0.00040633	1971.81
0.00040985	2059.03
0.00041337	2140.62
0.00041689	2216.8
0.000420409	2290.62
0.000423929	2362.26
0.000427449	2438.38
0.000430969	2519.02
0.000434489	2612.74
0.000438009	2719.48
0.000441529	2846.73
0.000445048	2994.39
0.000448568	3165.85
0.000452088	3361.05
0.000455608	3577.12
0.000459128	3814.15
0.000462648	4062.57
0.000466168	4322.55
0.000469687	4579.62
0.000473207	4833.9
0.000476727	5069.98
0.000480247	5287.77
0.000483767	5475.77
0.000487287	5633.67
0.000490807	5757.82
0.000494326	5848.22
0.000497846	5901.32
0.000501366	5927.39
0.000504886	5928.59
0.000508406	5903.54
0.000511926	5860.52
0.000515446	5799.78
0.000518965	5726.53
0.000522485	5640.97
0.000526005	5547.04
0.000529525	5444.85
0.000533045	5338.22
0.000536565	5227.25
0.000540085	5115.75
0.000543604	5004
0.000547124	4894.51
0.000550644	4787.76
0.000554164	4683.41
0.000557684	4581.94
0.000561204	4479.58
0.000564724	4376.55
0.000568243	4266.71
0.000571763	4149.78
0.000575283	4019.8
0.000578803	3875.94
0.000582323	3715.51
0.000585843	3537.4
0.000589362	3344.31
0.000592882	3135.4
0.000596402	2918.51
0.000599922	2693.71
0.000603442	2471.06
0.000606962	2251.75
0.000610482	2044
0.000614001	1849.64
0.000617521	1672.17
0.000621041	1513.18
0.000624561	1371.25
0.000628081	1247.03
0.000631601	1136.43
0.000635121	1039.04
0.00063864	950.939
0.00064216	871.179
0.00064568	797.648
0.0006492	729.52
0.00065272	666.351
0.00065624	607.8
0.00065976	553.97
0.000663279	504.897
0.000666799	460.314
0.000670319	420.302
0.000673839	384.077
0.000677359	351.539
0.000680879	321.757
0.000684399	294.465
0.000687918	268.948
0.000691438	244.905
0.000694958	221.959
0.000698478	199.876
0.000701998	178.583
0.000705518	157.946
0.000709038	138.131
0.000712557	119.116
0.000716077	101.198
0.000719597	84.4704
0.000723117	69.1986
0.000726637	55.541
0.000730157	43.5806
0.000733677	33.4489
0.000737196	25.0036
0.000740716	18.2679
0.000744236	12.9591
0.000747756	8.97789
0.000751276	6.03048
0.000754796	3.94692
0.000758316	2.50885
0.000761835	1.54499
0.000765355	0.930416
0.000768875	0.53644
0.000772395	0.306983
0.000775915	0.163457
0.000779435	0.090138
0.000782955	0.0448034
0.000786474	0.0234956
0.000789994	0.0110378
0.000793514	0.00542748
0.000797034	0.00218966
0.000800554	0.00111039
