3.33898e-05	5.57259e-16
3.55687e-05	3.29992e-15
3.77476e-05	1.15279e-14
3.99264e-05	6.3799e-14
4.21053e-05	2.11054e-13
4.42842e-05	1.05219e-12
4.64631e-05	3.42009e-12
4.8642e-05	1.54102e-11
5.08209e-05	4.90617e-11
5.29998e-05	2.00509e-10
5.51787e-05	6.23133e-10
5.73576e-05	2.31871e-09
5.95365e-05	7.00871e-09
6.17154e-05	2.38411e-08
6.38943e-05	6.98263e-08
6.60732e-05	2.1805e-07
6.82521e-05	6.1638e-07
7.0431e-05	1.77467e-06
7.26099e-05	4.82257e-06
7.47888e-05	1.28586e-05
7.69677e-05	3.34577e-05
7.91465e-05	8.29798e-05
8.13254e-05	0.000205934
8.35043e-05	0.000477147
8.56832e-05	0.00112526
8.78621e-05	0.00244594
9.0041e-05	0.00546273
9.22199e-05	0.0111841
9.43988e-05	0.0235843
9.65777e-05	0.0456458
9.87566e-05	0.0906569
0.000100935	0.167565
0.000103114	0.311476
0.000105293	0.556298
0.000107472	0.961936
0.000109651	1.62801
0.00011183	2.65458
0.000114009	4.25299
0.000116188	6.5628
0.000118367	9.95427
0.000120546	14.5771
0.000122724	20.9554
0.000124903	29.1911
0.000127082	39.8496
0.000129261	52.9233
0.00013144	68.7931
0.000133619	87.3225
0.000135798	108.462
0.000137977	132.008
0.000140156	157.402
0.000142334	184.503
0.000144513	212.495
0.000146692	241.435
0.000148871	270.822
0.00015105	300.95
0.000153229	332.267
0.000155408	365.206
0.000157587	401.438
0.000159766	441.334
0.000161945	487.405
0.000164123	539.769
0.000166302	600.778
0.000168481	670.233
0.00017066	749.195
0.000172839	837.254
0.000175018	933.546
0.000177197	1037.67
0.000179376	1147.12
0.000181555	1261.71
0.000183733	1378.39
0.000185912	1497.24
0.000188091	1616.07
0.00019027	1735.14
0.000192449	1854.1
0.000194628	1973.31
0.000196807	2094.58
0.000198986	2218.22
0.000201165	2347.78
0.000203344	2483.43
0.000205522	2629.54
0.000207701	2786.11
0.00020988	2957.16
0.000212059	3142.57
0.000214238	3344.97
0.000216417	3564.15
0.000218596	3800.36
0.000220775	4053.3
0.000222954	4319.73
0.000225132	4599.35
0.000227311	4884.68
0.00022949	5175.53
0.000231669	5460.9
0.000233848	5740.83
0.000236027	6003.79
0.000238206	6249.98
0.000240385	6471.77
0.000242564	6669.38
0.000244743	6842.44
0.000246921	6991.03
0.0002491	7121.95
0.000251279	7235.14
0.000253458	7340.54
0.000255637	7438.11
0.000257816	7535.15
0.000259995	7631.74
0.000262174	7728.32
0.000264353	7825.09
0.000266531	7915.57
0.00026871	7999.91
0.000270889	8069.92
0.000273068	8126.04
0.000275247	8151.69
0.000277426	8162.23
0.000279605	8159.72
0.000281784	8127.32
0.000283963	8079.84
0.000286142	8018.18
0.00028832	7946.79
0.000290499	7866.06
0.000292678	7777.38
0.000294857	7681.21
0.000297036	7574.59
0.000299215	7457.6
0.000301394	7326.57
0.000303573	7181.14
0.000305752	7020.6
0.00030793	6844.51
0.000310109	6655.47
0.000312288	6453.42
0.000314467	6241.51
0.000316646	6020.07
0.000318825	5790.31
0.000321004	5552.48
0.000323183	5306.59
0.000325362	5052.35
0.00032754	4791.85
0.000329719	4524.5
0.000331898	4256.76
0.000334077	3988.48
0.000336256	3729.02
0.000338435	3479.26
0.000340614	3246.84
0.000342793	3033.44
0.000344972	2840.96
0.000347151	2670.9
0.000349329	2519.14
0.000351508	2386.05
0.000353687	2264.64
0.000355866	2154.1
0.000358045	2048.36
0.000360224	1946.07
0.000362403	1844.01
0.000364582	1741.06
0.000366761	1636.58
0.000368939	1529.96
0.000371118	1422.08
0.000373297	1312.77
0.000375476	1203.69
0.000377655	1094.96
0.000379834	988.712
0.000382013	885.318
0.000384192	787.016
0.000386371	694.427
0.00038855	609.16
0.000390728	531.959
0.000392907	463.159
0.000395086	403.311
0.000397265	351.418
0.000399444	307.552
0.000401623	269.999
0.000403802	238.324
0.000405981	210.965
0.00040816	187.243
0.000410338	166.283
0.000412517	147.517
0.000414696	130.694
0.000416875	115.547
0.000419054	102.031
0.000421233	90.1037
0.000423412	79.594
0.000425591	70.4756
0.00042777	62.4352
0.000429949	55.3413
0.000432127	48.9213
0.000434306	42.9817
0.000436485	37.4322
0.000438664	32.1361
0.000440843	27.1609
0.000443022	22.4885
0.000445201	18.2173
0.00044738	14.4094
0.000449559	11.0944
0.000451737	8.33104
0.000453916	6.06784
0.000456095	4.30705
0.000458274	2.96168
0.000460453	1.97998
0.000462632	1.28565
0.000464811	0.77949
0.00046699	0.495469
