0.000100103	0.00742985
0.00010312	0.0118228
0.000106137	0.0232553
0.000109154	0.0392558
0.000112171	0.067041
0.000115188	0.109388
0.000118205	0.17804
0.000121222	0.280177
0.000124239	0.435747
0.000127256	0.660355
0.000130273	0.983539
0.00013329	1.43415
0.000136307	2.04957
0.000139324	2.87509
0.000142341	3.94983
0.000145358	5.33329
0.000148375	7.05708
0.000151392	9.1847
0.000154408	11.7325
0.000157425	14.7518
0.000160442	18.2432
0.000163459	22.2329
0.000166476	26.7152
0.000169493	31.6919
0.00017251	37.1649
0.000175527	43.1308
0.000178544	49.607
0.000181561	56.611
0.000184578	64.1706
0.000187595	72.3357
0.000190612	81.1303
0.000193629	90.6216
0.000196646	100.819
0.000199663	111.775
0.00020268	123.489
0.000205697	135.982
0.000208714	149.256
0.000211731	163.316
0.000214748	178.179
0.000217765	193.869
0.000220782	210.412
0.000223799	227.876
0.000226816	246.279
0.000229833	265.709
0.00023285	286.171
0.000235867	307.729
0.000238884	330.388
0.000241901	354.181
0.000244918	379.15
0.000247935	405.377
0.000250952	432.973
0.000253969	462.236
0.000256986	493.358
0.000260003	527.024
0.00026302	563.469
0.000266037	603.835
0.000269054	648.329
0.000272071	698.411
0.000275088	754.187
0.000278105	817.088
0.000281122	887.079
0.000284139	965.118
0.000287156	1051.04
0.000290173	1144.97
0.00029319	1246.67
0.000296207	1355.3
0.000299224	1470.63
0.000302241	1591.02
0.000305258	1716.29
0.000308275	1844.41
0.000311292	1975.3
0.000314309	2107
0.000317326	2239.56
0.000320343	2371.56
0.00032336	2503.09
0.000326377	2633.57
0.000329394	2763.09
0.000332411	2891.86
0.000335428	3019.96
0.000338445	3148.04
0.000341462	3276.07
0.000344479	3404.56
0.000347496	3533.41
0.000350513	3662.31
0.00035353	3791.16
0.000356547	3918.5
0.000359564	4044.26
0.000362581	4166.07
0.000365598	4283.91
0.000368615	4395.16
0.000371632	4499.88
0.000374649	4596.12
0.000377666	4683.97
0.000380683	4762.93
0.0003837	4833.06
0.000386717	4895.71
0.000389734	4950.91
0.000392751	5001.6
0.000395768	5047.77
0.000398785	5093.06
0.000401802	5137.44
0.000404819	5183.68
0.000407836	5231.8
0.000410853	5281.95
0.00041387	5334.2
0.000416887	5385.01
0.000419904	5434.51
0.000422921	5477.24
0.000425938	5513.88
0.000428955	5521.79
0.000431972	5522.31
0.000434989	5516.85
0.000438006	5474.05
0.000441023	5410.41
0.00044404	5327.06
0.000447057	5226.18
0.000450074	5107.55
0.000453091	4978.69
0.000456108	4839.64
0.000459125	4697.87
0.000462142	4553.69
0.000465159	4411.94
0.000468176	4273.09
0.000471193	4138.48
0.00047421	4008.48
0.000477227	3881.75
0.000480244	3758.42
0.000483261	3635.98
0.000486278	3514.35
0.000489295	3391.22
0.000492312	3266.39
0.000495329	3138.47
0.000498346	3007.24
0.000501363	2872.42
0.00050438	2733.82
0.000507397	2592.2
0.000510414	2447.43
0.000513431	2301.14
0.000516448	2153.29
0.000519465	2006.14
0.000522482	1859.79
0.000525499	1716.68
0.000528516	1577.07
0.000531533	1443.1
0.00053455	1315.1
0.000537567	1194.55
0.000540584	1081.77
0.000543601	977.445
0.000546618	881.816
0.000549635	794.952
0.000552652	716.978
0.000555669	647.576
0.000558686	586.787
0.000561703	534.023
0.00056472	489.281
0.000567737	451.66
0.000570754	421.116
0.000573771	396.368
0.000576788	377.282
0.000579805	362.271
0.000582822	351.057
0.000585839	342.009
0.000588856	334.711
0.000591873	327.826
0.00059489	320.882
0.000597907	313.092
0.000600924	304.049
0.000603941	293.561
0.000606958	281.387
0.000609975	267.776
0.000612992	252.683
0.000616009	236.562
0.000619026	219.516
0.000622043	202.009
0.00062506	184.216
0.000628077	166.516
0.000631094	149.089
0.000634111	132.212
0.000637128	116.04
0.000640145	100.763
0.000643162	86.5068
0.000646179	73.3743
0.000649196	61.4611
0.000652213	50.783
0.00065523	41.3959
0.000658247	33.2321
0.000661264	26.2974
0.000664281	20.4641
0.000667298	15.6854
0.000670315	11.8099
0.000673332	8.75034
0.000676349	6.36591
0.000679366	4.55092
0.000682383	3.1964
0.0006854	2.20069
0.000688417	1.49183
0.000691434	0.987264
0.000694451	0.646095
0.000697468	0.395083
0.000700485	0.25931
