3.33898e-05	191.669
3.48982e-05	196.137
3.64066e-05	201.369
3.7915e-05	207.364
3.94234e-05	214.126
4.09318e-05	221.664
4.24402e-05	229.97
4.39487e-05	239.026
4.54571e-05	248.857
4.69655e-05	259.454
4.84739e-05	270.895
4.99823e-05	283.223
5.14907e-05	296.571
5.29991e-05	311.064
5.45076e-05	326.873
5.6016e-05	344.215
5.75244e-05	363.261
5.90328e-05	384.292
6.05412e-05	407.433
6.20496e-05	432.97
6.3558e-05	460.947
6.50665e-05	491.576
6.65749e-05	524.809
6.80833e-05	560.713
6.95917e-05	599.165
7.11001e-05	640.056
7.26085e-05	683.23
7.41169e-05	728.421
7.56253e-05	775.485
7.71338e-05	824.071
7.86422e-05	874.078
8.01506e-05	925.159
8.1659e-05	977.262
8.31674e-05	1030.11
8.46758e-05	1083.69
8.61842e-05	1137.8
8.76927e-05	1192.43
8.92011e-05	1247.43
9.07095e-05	1302.75
9.22179e-05	1358.22
9.37263e-05	1413.74
9.52347e-05	1469.06
9.67431e-05	1524.06
9.82516e-05	1578.36
9.976e-05	1631.88
0.000101268	1684.17
0.000102777	1735.21
0.000104285	1784.61
0.000105794	1832.4
0.000107302	1878.42
0.00010881	1922.74
0.000110319	1965.49
0.000111827	2006.79
0.000113336	2047.08
0.000114844	2086.46
0.000116353	2125.58
0.000117861	2164.51
0.000119369	2203.93
0.000120878	2243.85
0.000122386	2284.75
0.000123895	2326.58
0.000125403	2369.45
0.000126911	2413.24
0.00012842	2457.61
0.000129928	2502.42
0.000131437	2546.87
0.000132945	2590.85
0.000134453	2633.26
0.000135962	2674.02
0.00013747	2711.97
0.000138979	2747.06
0.000140487	2778.26
0.000141996	2805.58
0.000143504	2828.28
0.000145012	2846.41
0.000146521	2860.18
0.000148029	2869.02
0.000149538	2869.81
0.000151046	2869.15
0.000152554	2865.96
0.000154063	2855.32
0.000155571	2841.69
0.00015708	2824.72
0.000158588	2804.98
0.000160097	2782.46
0.000161605	2757.94
0.000163113	2731.41
0.000164622	2703.46
0.00016613	2674.07
0.000167639	2643.54
0.000169147	2611.84
0.000170655	2578.92
0.000172164	2544.77
0.000173672	2509.02
0.000175181	2471.68
0.000176689	2432.24
0.000178197	2390.7
0.000179706	2346.62
0.000181214	2300.01
0.000182723	2250.67
0.000184231	2198.6
0.00018574	2143.99
0.000187248	2086.82
0.000188756	2027.65
0.000190265	1966.48
0.000191773	1904.13
0.000193282	1840.6
0.00019479	1776.8
0.000196298	1712.73
0.000197807	1649.25
0.000199315	1586.34
0.000200824	1524.64
0.000202332	1464.16
0.000203841	1405.24
0.000205349	1347.9
0.000206857	1292.25
0.000208366	1238.3
0.000209874	1185.97
0.000211383	1135.29
0.000212891	1086.1
0.000214399	1038.42
0.000215908	992.123
0.000217416	947.194
0.000218925	903.566
0.000220433	861.232
0.000221941	820.169
0.00022345	780.373
0.000224958	741.845
0.000226467	704.586
0.000227975	668.588
0.000229484	633.853
0.000230992	600.346
0.0002325	568.07
0.000234009	536.964
0.000235517	507.026
0.000237026	478.186
0.000238534	450.44
0.000240042	423.73
0.000241551	398.047
0.000243059	373.362
0.000244568	349.665
0.000246076	326.956
0.000247585	305.23
0.000249093	284.504
0.000250601	264.778
0.00025211	246.072
0.000253618	228.391
0.000255127	211.74
0.000256635	196.127
0.000258143	181.526
0.000259652	167.943
0.00026116	155.318
0.000262669	143.651
0.000264177	132.844
0.000265685	122.892
0.000267194	113.669
0.000268702	105.161
0.000270211	97.2359
0.000271719	89.8683
0.000273228	82.9428
0.000274736	76.4279
0.000276244	70.2408
0.000277753	64.351
0.000279261	58.7171
0.00028077	53.316
0.000282278	48.145
0.000283786	43.1925
0.000285295	38.481
0.000286803	34.0115
0.000288312	29.8139
0.00028982	25.898
0.000291329	22.285
0.000292837	18.9876
0.000294345	16.0091
0.000295854	13.3585
0.000297362	11.0199
0.000298871	8.99466
0.000300379	7.25199
0.000301887	5.78451
0.000303396	4.55461
0.000304904	3.54761
0.000306413	2.72647
0.000307921	2.07246
0.000309429	1.55414
0.000310938	1.15222
0.000312446	0.84298
0.000313955	0.609228
0.000315463	0.434867
0.000316972	0.306194
0.00031848	0.213278
0.000319988	0.146219
0.000321497	0.0994188
0.000323005	0.0663208
0.000324514	0.0440396
0.000326022	0.0285638
0.00032753	0.018536
0.000329039	0.0116787
0.000330547	0.00741214
0.000332056	0.00429312
0.000333564	0.00281589
