0.000500379	3.34293e-126
0.00050876	1.40515e-121
0.000517141	5.62051e-121
0.000525522	1.81463e-116
0.000533903	7.33255e-116
0.000542284	1.81808e-111
0.000550665	7.42274e-111
0.000559045	1.41319e-106
0.000567426	5.83047e-106
0.000575807	8.52213e-102
0.000584188	3.55363e-101
0.000592569	3.98708e-97
0.00060095	1.68063e-96
0.00060933	1.44717e-92
0.000617711	6.16737e-92
0.000626092	4.07511e-88
0.000634473	1.75613e-87
0.000642854	8.90259e-84
0.000651235	3.88011e-83
0.000659615	1.50886e-79
0.000667996	6.65211e-79
0.000676377	1.98398e-75
0.000684758	8.84919e-75
0.000693139	2.02387e-71
0.00070152	9.13432e-71
0.0007099	1.60172e-67
0.000718281	7.31606e-67
0.000726662	9.83451e-64
0.000735043	4.54681e-63
0.000743424	4.68475e-60
0.000751805	2.19263e-59
0.000760186	1.73139e-56
0.000768566	8.20449e-56
0.000776947	4.96469e-53
0.000785328	2.38214e-52
0.000793709	1.10456e-49
0.00080209	5.36677e-49
0.000810471	1.90684e-46
0.000818851	9.38187e-46
0.000827232	2.5544e-43
0.000835613	1.27262e-42
0.000843994	2.65558e-40
0.000852375	1.33949e-39
0.000860756	2.14278e-37
0.000869136	1.094e-36
0.000877517	1.34219e-34
0.000885898	6.93321e-34
0.000894279	6.52782e-32
0.00090266	3.40955e-31
0.000911041	2.46584e-29
0.000919421	1.3011e-28
0.000927802	7.23724e-27
0.000936183	3.85288e-26
0.000944564	1.65124e-24
0.000952945	8.85388e-24
0.000961326	2.93063e-22
0.000969707	1.57896e-21
0.000978087	4.04936e-20
0.000986468	2.18537e-19
0.000994849	4.36059e-18
0.00100323	2.34759e-17
0.00101161	3.66442e-16
0.00101999	1.95753e-15
0.00102837	2.40687e-14
0.00103675	1.26718e-13
0.00104513	1.23792e-12
0.00105351	6.36939e-12
0.0010619	4.99615e-11
0.00107028	2.48651e-10
0.00107866	1.58581e-09
0.00108704	7.54159e-09
0.00109542	3.96737e-08
0.0011038	1.77795e-07
0.00111218	7.83917e-07
0.00112056	3.26016e-06
0.00112894	1.22529e-05
0.00113732	4.65373e-05
0.0011457	0.00015165
0.00115409	0.000517771
0.00116247	0.00148668
0.00117085	0.00449766
0.00117923	0.0115416
0.00118761	0.030576
0.00119599	0.0709249
0.00120437	0.16322
0.00121275	0.345768
0.00122113	0.689267
0.00122951	1.37078
0.00123789	2.40156
0.00124627	4.12817
0.00125466	6.54526
0.00126304	9.93474
0.00127142	14.2777
0.0012798	19.4715
0.00128818	25.5006
0.00129656	31.7809
0.00130494	38.3138
0.00131332	44.396
0.0013217	50.0394
0.00133008	55.0979
0.00133846	59.5741
0.00134684	64.5236
0.00135523	69.9288
0.00136361	77.9843
0.00137199	88.6779
0.00138037	104.06
0.00138875	124.16
0.00139713	149.575
0.00140551	180.342
0.00141389	216.093
0.00142227	256.812
0.00143065	302.534
0.00143903	353.216
0.00144741	409.624
0.0014558	471.664
0.00146418	541.42
0.00147256	618.714
0.00148094	708.186
0.00148932	809.923
0.0014977	928.039
0.00150608	1063.33
0.00151446	1211.79
0.00152284	1374.28
0.00153122	1538.1
0.0015396	1702.79
0.00154798	1858.52
0.00155637	2003.66
0.00156475	2140.41
0.00157313	2267.95
0.00158151	2394.47
0.00158989	2520.87
0.00159827	2649.55
0.00160665	2781.85
0.00161503	2911.53
0.00162341	3038.9
0.00163179	3154.68
0.00164017	3258.05
0.00164855	3342.73
0.00165694	3409.45
0.00166532	3444.49
0.0016737	3459.59
0.00168208	3460.76
0.00169046	3429.96
0.00169884	3376.03
0.00170722	3301.6
0.0017156	3210.19
0.00172398	3101.7
0.00173236	2984.24
0.00174074	2858.73
0.00174912	2732.62
0.00175751	2607.69
0.00176589	2487.29
0.00177427	2373.21
0.00178265	2263.38
0.00179103	2158.53
0.00179941	2053.22
0.00180779	1946.36
0.00181617	1834.45
0.00182455	1715.52
0.00183293	1591.62
0.00184131	1462.11
0.00184969	1331.66
0.00185808	1201.47
0.00186646	1074.21
0.00187484	951.042
0.00188322	832.945
0.0018916	720.11
0.00189998	614.539
0.00190836	516.615
0.00191674	428.779
0.00192512	352.231
0.0019335	287.363
0.00194188	235.156
0.00195026	193.677
0.00195865	162.852
0.00196703	139.877
0.00197541	123.846
0.00198379	112.167
0.00199217	103.554
0.00200055	96.2989
0.00200893	89.1421
0.00201731	81.6495
0.00202569	73.0683
0.00203407	63.9095
0.00204245	54.1122
0.00205083	44.3886
0.00205922	35.107
0.0020676	26.6728
0.00207598	19.4949
0.00208436	13.5578
0.00209274	9.05333
0.00210112	5.70387
0.0021095	3.43221
0.00211788	1.94894
0.00212626	1.02574
0.00213464	0.534069
0.00214302	0.244908
0.0021514	0.116072
0.00215979	0.0438866
0.00216817	0.0198248
