0.000500379	3.03393e-14
0.000506246	1.27039e-13
0.000512113	4.17139e-13
0.000517979	1.69421e-12
0.000523846	5.16529e-12
0.000529712	1.93225e-11
0.000535579	5.76092e-11
0.000541445	1.99089e-10
0.000547312	5.78807e-10
0.000553178	1.8537e-09
0.000559045	5.23947e-09
0.000564911	1.5601e-08
0.000570778	4.27398e-08
0.000576644	1.18712e-07
0.000582511	3.14238e-07
0.000588378	8.16918e-07
0.000594244	2.08292e-06
0.000600111	5.0851e-06
0.000605977	1.24507e-05
0.000611844	2.86389e-05
0.00061771	6.71366e-05
0.000623577	0.000145963
0.000629443	0.000326688
0.00063531	0.000673367
0.000641176	0.00143516
0.000647043	0.00281241
0.000652909	0.0056947
0.000658776	0.0106371
0.000664643	0.0204217
0.000670509	0.0369756
0.000676376	0.066558
0.000682242	0.115972
0.000688109	0.196711
0.000693975	0.326903
0.000699842	0.52608
0.000705708	0.832597
0.000711575	1.27429
0.000717441	1.91925
0.000723308	2.7985
0.000729174	4.01102
0.000735041	5.57922
0.000740908	7.61393
0.000746774	10.1139
0.000752641	13.1561
0.000758507	16.7068
0.000764374	20.7497
0.00077024	25.2262
0.000776107	29.9899
0.000781973	34.9858
0.00078784	39.9688
0.000793706	44.9255
0.000799573	49.6323
0.000805439	54.1424
0.000811306	58.4257
0.000817173	62.593
0.000823039	66.938
0.000828906	71.5844
0.000834772	77.1351
0.000840639	83.6682
0.000846505	91.8997
0.000852372	101.826
0.000858238	113.977
0.000864105	128.279
0.000869971	144.844
0.000875838	163.576
0.000881704	184.16
0.000887571	206.537
0.000893438	230.184
0.000899304	255.107
0.000905171	280.898
0.000911037	307.613
0.000916904	335.19
0.00092277	363.703
0.000928637	393.497
0.000934503	424.641
0.00094037	457.831
0.000946236	493.122
0.000952103	531.471
0.000957969	572.906
0.000963836	618.484
0.000969703	668.19
0.000975569	722.878
0.000981436	782.486
0.000987302	847.264
0.000993169	917.132
0.000999035	991.488
0.0010049	1070.27
0.00101077	1152.18
0.00101663	1237.2
0.0010225	1323.84
0.00102837	1412.12
0.00103423	1500.94
0.0010401	1590.35
0.00104597	1679.88
0.00105183	1769.56
0.0010577	1859.42
0.00106357	1949.47
0.00106943	2039.81
0.0010753	2130.42
0.00108117	2221.07
0.00108703	2311.76
0.0010929	2401.69
0.00109877	2490.88
0.00110463	2578.01
0.0011105	2663.09
0.00111637	2744.41
0.00112223	2821.98
0.0011281	2893.96
0.00113397	2960.33
0.00113983	3019.34
0.0011457	3070.96
0.00115157	3113.72
0.00115743	3147.6
0.0011633	3171.78
0.00116916	3186.42
0.00117503	3188.31
0.0011809	3181.42
0.00118676	3166.39
0.00119263	3139.39
0.0011985	3104.23
0.00120436	3061.04
0.00121023	3012.59
0.0012161	2958.85
0.00122196	2903.32
0.00122783	2846.18
0.0012337	2790.05
0.00123956	2735.24
0.00124543	2682.33
0.0012513	2631.65
0.00125716	2581.55
0.00126303	2532.16
0.0012689	2480.7
0.00127476	2427.02
0.00128063	2368.85
0.0012865	2305.83
0.00129236	2237.37
0.00129823	2163.13
0.0013041	2084.27
0.00130996	2000.65
0.00131583	1914.39
0.00132169	1825.61
0.00132756	1736.39
0.00133343	1647.02
0.00133929	1558.93
0.00134516	1472.42
0.00135103	1388.11
0.00135689	1306.23
0.00136276	1226.79
0.00136863	1149.87
0.00137449	1075.29
0.00138036	1003
0.00138623	933.005
0.00139209	865.202
0.00139796	800.021
0.00140383	737.433
0.00140969	678.18
0.00141556	622.383
0.00142143	570.692
0.00142729	523.352
0.00143316	480.458
0.00143903	442.241
0.00144489	408.061
0.00145076	377.961
0.00145663	350.807
0.00146249	326.382
0.00146836	303.574
0.00147422	281.986
0.00148009	260.993
0.00148596	240.21
0.00149182	219.641
0.00149769	199.092
0.00150356	178.989
0.00150942	159.384
0.00151529	140.761
0.00152116	123.326
0.00152702	107.337
0.00153289	93.0012
0.00153876	80.2686
0.00154462	69.2303
0.00155049	59.6333
0.00155636	51.4245
0.00156222	44.3171
0.00156809	38.1689
0.00157396	32.7797
0.00157982	28.0015
0.00158569	23.7477
0.00159156	19.921
0.00159742	16.5068
0.00160329	13.4673
0.00160916	10.8018
0.00161502	8.50554
0.00162089	6.55859
0.00162675	4.95643
0.00163262	3.65799
0.00163849	2.64215
0.00164435	1.86179
0.00165022	1.28098
0.00165609	0.861067
0.00166195	0.548236
0.00166782	0.360917
