0.000500379	1.45198e-15
0.000506246	7.13407e-15
0.000512113	2.41804e-14
0.000517979	1.13555e-13
0.000523846	3.61101e-13
0.000529712	1.55021e-12
0.000535579	4.83582e-12
0.000541445	1.90335e-11
0.000547312	5.80768e-11
0.000553178	2.10224e-10
0.000559045	6.25527e-10
0.000564911	2.08915e-09
0.000570778	6.04258e-09
0.000576644	1.86834e-08
0.000582511	5.23552e-08
0.000588378	1.50387e-07
0.000594244	4.06903e-07
0.000600111	1.08965e-06
0.000605977	2.83697e-06
0.000611844	7.10763e-06
0.00061771	1.77459e-05
0.000623577	4.17402e-05
0.000629443	9.96056e-05
0.00063531	0.000220693
0.000641176	0.000501745
0.000647043	0.00105058
0.000652909	0.00226877
0.000658776	0.00450277
0.000664643	0.0092114
0.000670509	0.0173755
0.000676376	0.0335931
0.000682242	0.0612443
0.000688109	0.110674
0.000693975	0.193793
0.000699842	0.328732
0.000705708	0.546883
0.000711575	0.877695
0.000717441	1.3853
0.000723308	2.10901
0.000729174	3.1569
0.000735041	4.56849
0.000740908	6.48975
0.000746774	8.94357
0.000752641	12.0768
0.000758507	15.8804
0.000764374	20.4379
0.00077024	25.707
0.000776107	31.6488
0.000781973	38.2051
0.00078784	45.2059
0.000793706	52.6037
0.000799573	60.1554
0.000805439	67.8407
0.000811306	75.4342
0.000817173	82.9414
0.000823039	90.2201
0.000828906	97.2928
0.000834772	104.123
0.000840639	110.751
0.000846505	117.265
0.000852372	123.725
0.000858238	130.396
0.000864105	137.351
0.000869971	145.061
0.000875838	153.586
0.000881704	163.537
0.000887571	174.933
0.000893438	188.338
0.000899304	203.736
0.000905171	221.483
0.000911037	241.566
0.000916904	264.173
0.00092277	289.334
0.000928637	317.338
0.000934503	348.256
0.00094037	382.761
0.000946236	420.926
0.000952103	463.839
0.000957969	511.535
0.000963836	565.237
0.000969703	624.933
0.000975569	691.61
0.000981436	765.223
0.000987302	846.278
0.000993169	934.718
0.000999035	1030.45
0.0010049	1133.4
0.00101077	1242.71
0.00101663	1358.31
0.0010225	1478.27
0.00102837	1602.55
0.00103423	1728.1
0.0010401	1854.91
0.00104597	1979.29
0.00105183	2101.29
0.0010577	2217.61
0.00106357	2328.3
0.00106943	2431.48
0.0010753	2527.19
0.00108117	2615.2
0.00108703	2695.51
0.0010929	2768.87
0.00109877	2835.28
0.00110463	2895.4
0.0011105	2949.25
0.00111637	2996.96
0.00112223	3038.55
0.0011281	3074.04
0.00113397	3103.42
0.00113983	3127.33
0.0011457	3145.73
0.00115157	3159.98
0.00115743	3170.08
0.0011633	3177.53
0.00116916	3182.52
0.00117503	3183.4
0.0011809	3182.91
0.00118676	3181.33
0.00119263	3174.24
0.0011985	3162.01
0.00120436	3144.94
0.00121023	3120.8
0.0012161	3089.46
0.00122196	3049.78
0.00122783	3001.62
0.0012337	2944.77
0.00123956	2879.12
0.00124543	2805.26
0.0012513	2723.14
0.00125716	2633.97
0.00126303	2537.74
0.0012689	2436.17
0.00127476	2329.27
0.00128063	2219.27
0.0012865	2106.21
0.00129236	1992.72
0.00129823	1878.92
0.0013041	1767.57
0.00130996	1658.9
0.00131583	1555.28
0.00132169	1457.04
0.00132756	1365.59
0.00133343	1281.31
0.00133929	1204.38
0.00134516	1135.07
0.00135103	1072.53
0.00135689	1016.85
0.00136276	966.574
0.00136863	921.617
0.00137449	880.318
0.00138036	842.482
0.00138623	806.459
0.00139209	771.983
0.00139796	737.584
0.00140383	702.931
0.00140969	666.983
0.00141556	629.375
0.00142143	589.792
0.00142729	547.925
0.00143316	504.324
0.00143903	458.865
0.00144489	412.778
0.00145076	366.206
0.00145663	320.608
0.00146249	276.36
0.00146836	234.66
0.00147422	195.976
0.00148009	160.934
0.00148596	129.927
0.00149182	102.963
0.00149769	80.2424
0.00150356	61.3259
0.00150942	46.1945
0.00151529	34.2195
0.00152116	25.2153
0.00152702	18.5792
0.00153289	13.9599
0.00153876	11.223
0.00154462	9.75188
0.00155049	9.33182
0.00155636	9.83024
0.00156222	10.8858
0.00156809	12.4472
0.00157396	14.2426
0.00157982	16.1344
0.00158569	17.9182
0.00159156	19.4692
0.00159742	20.596
0.00160329	21.1809
0.00160916	21.3616
0.00161502	20.9066
0.00162089	19.8901
0.00162675	18.4248
0.00163262	16.6324
0.00163849	14.6061
0.00164435	12.4841
0.00165022	10.3947
0.00165609	8.41063
0.00166195	6.6552
0.00166782	5.08618
