0.000100103	0.000220951
0.00010312	0.000393832
0.000106137	0.000912476
0.000109154	0.00172252
0.000112171	0.00344849
0.000115188	0.00622569
0.000118205	0.0119316
0.000121222	0.0209698
0.000124239	0.0378672
0.000127256	0.0644891
0.000130273	0.110255
0.00013329	0.181012
0.000136307	0.294577
0.000139324	0.46528
0.000142341	0.722814
0.000145358	1.09701
0.000148375	1.63072
0.000151392	2.37693
0.000154408	3.388
0.000157425	4.74382
0.000160442	6.49662
0.000163459	8.74681
0.000166476	11.5341
0.000169493	14.9601
0.00017251	19.0453
0.000175527	23.8678
0.000178544	29.437
0.000181561	35.797
0.000184578	42.9721
0.000187595	50.9986
0.000190612	59.9482
0.000193629	69.9195
0.000196646	81.0472
0.000199663	93.577
0.00020268	107.685
0.000205697	123.802
0.000208714	142.085
0.000211731	163.082
0.000214748	186.857
0.000217765	213.895
0.000220782	244.126
0.000223799	277.741
0.000226816	314.565
0.000229833	354.356
0.00023285	396.913
0.000235867	441.621
0.000238884	488.351
0.000241901	536.373
0.000244918	585.683
0.000247935	635.768
0.000250952	686.725
0.000253969	738.471
0.000256986	791.115
0.000260003	844.944
0.00026302	899.985
0.000266037	956.572
0.000269054	1014.61
0.000272071	1074.07
0.000275088	1134.8
0.000278105	1196.18
0.000281122	1258.1
0.000284139	1319.6
0.000287156	1380.69
0.000290173	1440.63
0.00029319	1499.64
0.000296207	1557.92
0.000299224	1615.8
0.000302241	1674.81
0.000305258	1735.27
0.000308275	1799.83
0.000311292	1868.65
0.000314309	1944.69
0.000317326	2027.93
0.000320343	2120.63
0.00032336	2222.64
0.000326377	2334.8
0.000329394	2456.91
0.000332411	2588.27
0.000335428	2728.72
0.000338445	2876.33
0.000341462	3031.01
0.000344479	3190.18
0.000347496	3353.81
0.000350513	3519.22
0.00035353	3686.41
0.000356547	3853.02
0.000359564	4019.08
0.000362581	4182.84
0.000365598	4344.34
0.000368615	4502.51
0.000371632	4657.37
0.000374649	4808.27
0.000377666	4955.19
0.000380683	5097.24
0.0003837	5234.38
0.000386717	5364.65
0.000389734	5488.02
0.000392751	5600.96
0.000395768	5703.48
0.000398785	5790.79
0.000401802	5862.93
0.000404819	5915.91
0.000407836	5949.83
0.000410853	5953.48
0.00041387	5939.68
0.000416887	5908.93
0.000419904	5848.29
0.000422921	5769.35
0.000425938	5672.3
0.000428955	5562.75
0.000431972	5440.65
0.000434989	5313.04
0.000438006	5179.99
0.000441023	5047.01
0.00044404	4914.29
0.000447057	4784.67
0.000450074	4658.38
0.000453091	4535.65
0.000456108	4416.64
0.000459125	4299.88
0.000462142	4185.41
0.000465159	4071.19
0.000468176	3957.16
0.000471193	3841.54
0.00047421	3724.2
0.000477227	3604.06
0.000480244	3480.98
0.000483261	3354.63
0.000486278	3224.91
0.000489295	3092.21
0.000492312	2956.46
0.000495329	2818.64
0.000498346	2678.72
0.000501363	2538.07
0.00050438	2396.72
0.000507397	2256.23
0.000510414	2116.67
0.000513431	1979.64
0.000516448	1845.26
0.000519465	1715.11
0.000522482	1589.32
0.000525499	1469.33
0.000528516	1355.32
0.000531533	1248.42
0.00053455	1148.83
0.000537567	1057.15
0.000540584	973.573
0.000543601	897.99
0.000546618	830.548
0.000549635	770.469
0.000552652	717.784
0.000555669	671.261
0.000558686	630.799
0.000561703	594.974
0.00056472	563.582
0.000567737	535.211
0.000570754	509.593
0.000573771	485.468
0.000576788	462.531
0.000579805	439.796
0.000582822	416.945
0.000585839	393.405
0.000588856	368.889
0.000591873	343.345
0.00059489	316.585
0.000597907	289.06
0.000600924	260.748
0.000603941	232.423
0.000606958	204.244
0.000609975	177.02
0.000612992	151.04
0.000616009	126.88
0.000619026	104.849
0.000622043	85.1566
0.00062506	68.0221
0.000628077	53.3138
0.000631094	41.1019
0.000634111	31.0454
0.000637128	23.0693
0.000640145	16.777
0.000643162	12.001
0.000646179	8.39891
0.000649196	5.77575
0.000652213	3.88952
0.00065523	2.56745
0.000658247	1.66423
0.000661264	1.05255
0.000664281	0.65726
0.000667298	0.397386
0.000670315	0.239377
0.000673332	0.137971
0.000676349	0.080337
0.000679366	0.0438271
0.000682383	0.0248468
0.0006854	0.0128671
0.000688417	0.00707331
0.000691434	0.00351387
0.000694451	0.00185043
0.000697468	0.000796034
0.000700485	0.000444569
