0.000500379	1.88348e-196
0.000510437	1.3477e-189
0.000520494	5.39081e-189
0.000530551	2.74047e-182
0.000540608	1.1074e-181
0.000550665	3.99892e-175
0.000560722	1.63272e-174
0.000570779	4.18742e-168
0.000580836	1.72772e-167
0.000590893	3.14655e-161
0.00060095	1.31217e-160
0.000611007	1.6967e-154
0.000621064	7.15259e-154
0.000631121	6.56531e-148
0.000641178	2.79828e-147
0.000651235	1.82299e-141
0.000661292	7.85731e-141
0.000671349	3.63235e-135
0.000681406	1.58347e-134
0.000691463	5.19356e-129
0.00070152	2.29035e-128
0.000711577	5.32861e-123
0.000721634	2.37765e-122
0.000731691	3.92312e-117
0.000741748	1.77152e-116
0.000751806	2.0726e-111
0.000761863	9.47324e-111
0.00077192	7.85713e-106
0.000781977	3.63584e-105
0.000792034	2.13734e-100
0.000802091	1.00153e-99
0.000812148	4.17199e-95
0.000822205	1.98004e-94
0.000832262	5.84346e-90
0.000842319	2.80956e-89
0.000852376	5.87288e-85
0.000862433	2.86124e-84
0.00087249	4.23531e-80
0.000882547	2.09133e-79
0.000892604	2.19165e-75
0.000902661	1.09709e-74
0.000912718	8.13777e-71
0.000922775	4.1306e-70
0.000932832	2.16816e-66
0.000942889	1.11618e-65
0.000952946	4.14502e-62
0.000963003	2.16476e-61
0.00097306	5.68614e-58
0.000983117	3.01324e-57
0.000993175	5.59716e-54
0.00100323	3.01031e-53
0.00101329	3.95356e-50
0.00102335	2.15843e-49
0.0010334	2.00399e-46
0.00104346	1.11076e-45
0.00105352	7.28975e-43
0.00106357	4.10255e-42
0.00107363	1.90317e-39
0.00108369	1.08754e-38
0.00109374	3.56653e-36
0.0011038	2.06915e-35
0.00111386	4.79843e-33
0.00112392	2.82554e-32
0.00113397	4.63611e-30
0.00114403	2.76936e-29
0.00115409	3.21796e-27
0.00116414	1.9482e-26
0.0011742	1.60554e-24
0.00118426	9.83738e-24
0.00119432	5.7627e-22
0.00120437	3.56561e-21
0.00121443	1.48962e-19
0.00122449	9.27735e-19
0.00123454	2.77744e-17
0.0012446	1.73297e-16
0.00125466	3.74317e-15
0.00126471	2.32429e-14
0.00127477	3.65646e-13
0.00128483	2.23875e-12
0.00129489	2.59788e-11
0.00130494	1.54901e-10
0.001315	1.3481e-09
0.00132506	7.70197e-09
0.00133511	5.13289e-08
0.00134517	2.75352e-07
0.00135523	1.44039e-06
0.00136529	7.08341e-06
0.00137534	2.98981e-05
0.0013854	0.000131258
0.00139546	0.000459938
0.00140551	0.00175455
0.00141557	0.0052423
0.00142563	0.0169506
0.00143568	0.0441558
0.00144574	0.118645
0.0014558	0.273625
0.00146586	0.603445
0.00147591	1.28767
0.00148597	2.37305
0.00149603	4.13906
0.00150608	6.58319
0.00151614	9.51884
0.0015262	12.9542
0.00153625	15.9742
0.00154631	18.6023
0.00155637	19.06
0.00156643	18.7731
0.00157648	17.8672
0.00158654	15.5436
0.0015966	14.7556
0.00160665	14.6077
0.00161671	15.112
0.00162677	19.3191
0.00163683	25.9506
0.00164688	34.8718
0.00165694	46.4654
0.001667	60.6529
0.00167705	78.6772
0.00168711	100.466
0.00169717	128.254
0.00170722	162.183
0.00171728	203.174
0.00172734	251.589
0.0017374	304.831
0.00174745	362.956
0.00175751	422.52
0.00176757	482.789
0.00177762	546.062
0.00178768	611.49
0.00179774	688.387
0.00180779	777.123
0.00181785	885.966
0.00182791	1016.55
0.00183797	1167.91
0.00184802	1341.61
0.00185808	1526.99
0.00186814	1724.55
0.00187819	1918
0.00188825	2106.18
0.00189831	2274.26
0.00190837	2419.01
0.00191842	2538.14
0.00192848	2628.18
0.00193854	2703.57
0.00194859	2764.6
0.00195865	2828.14
0.00196871	2899.11
0.00197876	2976.14
0.00198882	3062.85
0.00199888	3142.16
0.00200894	3212.92
0.00201899	3257.5
0.00202905	3278.36
0.00203911	3282.1
0.00204916	3253.28
0.00205922	3189.75
0.00206928	3093.4
0.00207933	2961.15
0.00208939	2788.19
0.00209945	2592.71
0.00210951	2376.08
0.00211956	2160.02
0.00212962	1952.46
0.00213968	1759.03
0.00214973	1585.01
0.00215979	1425.04
0.00216985	1278.64
0.00217991	1142.31
0.00218996	1014.19
0.00220002	894.718
0.00221008	783.418
0.00222013	681.507
0.00223019	589.481
0.00224025	507.474
0.0022503	436.02
0.00226036	373.819
0.00227042	320.652
0.00228048	275.08
0.00229053	236.417
0.00230059	203.869
0.00231065	177.13
0.0023207	154.943
0.00233076	136.959
0.00234082	121.301
0.00235088	106.837
0.00236093	92.7628
0.00237099	77.9273
0.00238105	63.2444
0.0023911	48.7279
0.00240116	35.5049
0.00241122	24.4514
0.00242127	15.5833
0.00243133	9.39869
0.00244139	5.18443
0.00245145	2.61285
0.0024615	1.28796
0.00247156	0.54993
0.00248162	0.235638
0.00249167	0.0824913
0.00250173	0.0314425
