3.33898e-05	7.65805e-22
3.59039e-05	7.43572e-21
3.8418e-05	2.74454e-20
4.09322e-05	2.42079e-19
4.34463e-05	8.66318e-19
4.59604e-05	6.7851e-18
4.84746e-05	2.40849e-17
5.09887e-05	1.67908e-16
5.35028e-05	5.89772e-16
5.6017e-05	3.66974e-15
5.85311e-05	1.27206e-14
6.10452e-05	7.08575e-14
6.35594e-05	2.41671e-13
6.60735e-05	1.20911e-12
6.85877e-05	4.0444e-12
7.11018e-05	1.82397e-11
7.36159e-05	5.96234e-11
7.61301e-05	2.4332e-10
7.86442e-05	7.74343e-10
8.11583e-05	2.87131e-09
8.36725e-05	8.85997e-09
8.61866e-05	2.99807e-08
8.87007e-05	8.93193e-08
9.12149e-05	2.77055e-07
9.3729e-05	7.93434e-07
9.62431e-05	2.26638e-06
9.87573e-05	6.21118e-06
0.000101271	1.64131e-05
0.000103786	4.28538e-05
0.0001063	0.000105237
0.000108814	0.000260628
0.000111328	0.000597394
0.000113842	0.00139749
0.000116356	0.00300213
0.00011887	0.00660793
0.000121384	0.0133542
0.000123899	0.0275611
0.000126413	0.052571
0.000128927	0.101437
0.000131441	0.187035
0.000133955	0.332887
0.000136469	0.580444
0.000138983	0.965188
0.000141498	1.57952
0.000144012	2.46851
0.000146526	3.78854
0.00014904	5.57708
0.000151554	8.03186
0.000154068	11.1563
0.000156582	15.1059
0.000159096	19.835
0.000161611	25.3389
0.000164125	31.5428
0.000166639	38.2259
0.000169153	45.3377
0.000171667	52.5467
0.000174181	59.8761
0.000176695	67.1342
0.00017921	74.4179
0.000181724	81.9003
0.000184238	89.7017
0.000186752	98.379
0.000189266	108.024
0.00019178	119.395
0.000194294	132.55
0.000196809	148.268
0.000199323	166.61
0.000201837	188.396
0.000204351	213.727
0.000206865	243.684
0.000209379	278.404
0.000211893	319.435
0.000214407	366.879
0.000216922	422.623
0.000219436	486.647
0.00022195	560.498
0.000224464	643.985
0.000226978	737.249
0.000229492	839.993
0.000232006	950.162
0.000234521	1067.51
0.000237035	1188.14
0.000239549	1312.01
0.000242063	1435.1
0.000244577	1557.62
0.000247091	1677.8
0.000249605	1795.97
0.000252119	1914.12
0.000254634	2032.49
0.000257148	2156.4
0.000259662	2285.89
0.000262176	2427.22
0.00026469	2580.27
0.000267204	2749.2
0.000269718	2933.84
0.000272233	3134.31
0.000274747	3350.5
0.000277261	3578.72
0.000279775	3818.97
0.000282289	4065.87
0.000284803	4319.45
0.000287317	4575.03
0.000289831	4832.64
0.000292346	5089.2
0.00029486	5344.74
0.000297374	5597.18
0.000299888	5846.54
0.000302402	6090.84
0.000304916	6330.1
0.00030743	6562.12
0.000309945	6786.94
0.000312459	7001.97
0.000314973	7207.28
0.000317487	7399.11
0.000320001	7577.54
0.000322515	7737.16
0.000325029	7877.95
0.000327544	7994.64
0.000330058	8086.87
0.000332572	8154.23
0.000335086	8197.78
0.0003376	8205.87
0.000340114	8200.73
0.000342628	8187.68
0.000345142	8151.26
0.000347657	8103.41
0.000350171	8046.54
0.000352685	7975.58
0.000355199	7891.19
0.000357713	7784.16
0.000360227	7654.05
0.000362741	7493.26
0.000365256	7300.34
0.00036777	7075.73
0.000370284	6817.94
0.000372798	6536.73
0.000375312	6231.68
0.000377826	5917.44
0.00038034	5595.11
0.000382854	5277.49
0.000385369	4966.65
0.000387883	4668.79
0.000390397	4385.86
0.000392911	4117.14
0.000395425	3863.48
0.000397939	3620.72
0.000400453	3388.47
0.000402968	3163.31
0.000405482	2944.26
0.000407996	2730.95
0.00041051	2522.68
0.000413024	2321.67
0.000415538	2127.96
0.000418052	1944.38
0.000420566	1771.55
0.000423081	1611.09
0.000425595	1463.74
0.000428109	1329.18
0.000430623	1207.82
0.000433137	1097.88
0.000435651	999.238
0.000438165	909.693
0.00044068	828.705
0.000443194	754.577
0.000445708	686.65
0.000448222	624.157
0.000450736	566.615
0.00045325	514.028
0.000455764	466.248
0.000458279	423.466
0.000460793	385.821
0.000463307	353.021
0.000465821	325.235
0.000468335	301.37
0.000470849	281.296
0.000473363	263.421
0.000475877	247.17
0.000478392	231.227
0.000480906	214.773
0.00048342	197.431
0.000485934	178.591
0.000488448	158.861
0.000490962	138.181
0.000493476	117.585
0.000495991	97.53
0.000498505	78.7959
0.000501019	62.0013
0.000503533	47.3411
0.000506047	35.2181
0.000508561	25.3527
0.000511075	17.7825
0.000513589	12.0605
0.000516104	7.95284
0.000518618	5.08583
0.000521132	3.14151
0.000523646	1.89888
0.00052616	1.09336
0.000528674	0.627295
0.000531188	0.301165
0.000533703	0.183299
