0.000500379	2.16324e-252
0.000510437	3.59368e-244
0.000520494	1.43747e-243
0.000530551	1.64768e-235
0.000540608	6.65816e-235
0.000550665	5.265e-227
0.000560722	2.14965e-226
0.000570779	1.1725e-218
0.000580836	4.83769e-218
0.000590893	1.81975e-210
0.00060095	7.58869e-210
0.000611007	1.96832e-202
0.000621064	8.29763e-202
0.000631121	1.48375e-194
0.000641178	6.32409e-194
0.000651235	7.79487e-187
0.000661292	3.3597e-186
0.000671349	2.85387e-179
0.000681406	1.24411e-178
0.000691463	7.28175e-172
0.00070152	3.21125e-171
0.000711577	1.29483e-164
0.000721634	5.77759e-164
0.000731691	1.60457e-157
0.000741748	7.24561e-157
0.000751806	1.38571e-150
0.000761863	6.33373e-150
0.00077192	8.33977e-144
0.000781977	3.85922e-143
0.000792034	3.49783e-137
0.000802091	1.63906e-136
0.000812148	1.02236e-130
0.000822205	4.85229e-130
0.000832262	2.08242e-124
0.000842319	1.00127e-123
0.000852376	2.95587e-118
0.000862433	1.44017e-117
0.00087249	2.92386e-112
0.000882547	1.44387e-111
0.000892604	2.01547e-106
0.000902661	1.00902e-105
0.000912718	9.68146e-101
0.000922775	4.91497e-100
0.000932832	3.24077e-95
0.000942889	1.66877e-94
0.000952946	7.55955e-90
0.000963003	3.94936e-89
0.00097306	1.2288e-84
0.000983117	6.51492e-84
0.000993175	1.39187e-79
0.00100323	7.49108e-79
0.00101329	1.09862e-74
0.00102335	6.00388e-74
0.0010334	6.0426e-70
0.00104346	3.35407e-69
0.00105352	2.31596e-65
0.00106357	1.30606e-64
0.00107363	6.18536e-61
0.00108369	3.54493e-60
0.00109374	1.15115e-56
0.0011038	6.70662e-56
0.00111386	1.49291e-52
0.00112392	8.84405e-52
0.00113397	1.34923e-48
0.00114403	8.12927e-48
0.00115409	8.49775e-45
0.00116414	5.20842e-44
0.0011742	3.73009e-41
0.00118426	2.32603e-40
0.00119432	1.14124e-37
0.00120437	7.2407e-37
0.00121443	2.43418e-34
0.00122449	1.57111e-33
0.00123454	3.62038e-31
0.0012446	2.3763e-30
0.00125466	3.75615e-28
0.00126471	2.50536e-27
0.00127477	2.71998e-25
0.00128483	1.84131e-24
0.00129489	1.37588e-22
0.00130494	9.43386e-22
0.001315	4.86756e-20
0.00132506	3.36968e-19
0.00133511	1.20644e-17
0.00134517	8.39204e-17
0.00135523	2.1e-15
0.00136529	1.45743e-14
0.00137534	2.57564e-13
0.0013854	1.76541e-12
0.00139546	2.2355e-11
0.00140551	1.49202e-10
0.00141557	1.38031e-09
0.00142563	8.80202e-09
0.00143568	6.09891e-08
0.00144574	3.6271e-07
0.0014558	1.93948e-06
0.00146586	1.04504e-05
0.00147591	4.45855e-05
0.00148597	0.000210818
0.00149603	0.000742371
0.00150608	0.00298357
0.00151614	0.00894257
0.0015262	0.0297031
0.00153625	0.0776204
0.00154631	0.208798
0.00155637	0.483412
0.00156643	1.04418
0.00157648	2.21495
0.00158654	3.99372
0.0015966	6.71633
0.00160665	10.4121
0.00161671	14.7327
0.00162677	19.6806
0.00163683	24.8109
0.00164688	30.0053
0.00165694	36.6325
0.001667	44.576
0.00167705	56.8129
0.00168711	73.4489
0.00169717	96.2634
0.00170722	125.401
0.00171728	161.267
0.00172734	203.799
0.0017374	254.351
0.00174745	313.055
0.00175751	380.33
0.00176757	456.612
0.00177762	538.474
0.00178768	625.584
0.00179774	716.714
0.00180779	810.923
0.00181785	914.014
0.00182791	1026.64
0.00183797	1150.8
0.00184802	1288.09
0.00185808	1430.26
0.00186814	1576.46
0.00187819	1722.42
0.00188825	1865.87
0.00189831	2015.03
0.00190837	2170.58
0.00191842	2338.3
0.00192848	2521.46
0.00193854	2709.66
0.00194859	2904.23
0.00195865	3085.22
0.00196871	3250.8
0.00197876	3383.13
0.00198882	3484.66
0.00199888	3514.26
0.00200894	3502.99
0.00201899	3474.36
0.00202905	3390.59
0.00203911	3289
0.00204916	3183.8
0.00205922	3077.67
0.00206928	2976.63
0.00207933	2868.95
0.00208939	2752.85
0.00209945	2621.35
0.00210951	2470.35
0.00211956	2304.3
0.00212962	2122.23
0.00213968	1932.71
0.00214973	1737.25
0.00215979	1544.24
0.00216985	1356.21
0.00217991	1179.68
0.00218996	1017.87
0.00220002	872.497
0.00221008	745.738
0.00222013	635.107
0.00223019	540.565
0.00224025	459.175
0.0022503	390.129
0.00226036	330.438
0.00227042	278.827
0.00228048	233.035
0.00229053	191.313
0.00230059	153.997
0.00231065	120.647
0.0023207	92.0256
0.00233076	68.7598
0.00234082	50.0132
0.00235088	35.6986
0.00236093	24.744
0.00237099	16.5131
0.00238105	10.5093
0.0023911	6.30655
0.00240116	3.51485
0.00241122	1.78053
0.00242127	0.874401
0.00243133	0.370002
0.00244139	0.156523
0.00245145	0.0582513
0.0024615	0.0197772
0.00247156	0.00664591
0.00248162	0.00175159
0.00249167	0.000519203
0.00250173	0.000108407
