0.000500379	1.08415e-69
0.000507922	5.79188e-67
0.000515465	2.3135e-66
0.000523008	1.01619e-63
0.00053055	4.09683e-63
0.000538093	1.47877e-60
0.000545636	6.02043e-60
0.000553179	1.78573e-57
0.000560721	7.34188e-57
0.000568264	1.78949e-54
0.000575807	7.42998e-54
0.00058335	1.48818e-51
0.000590892	6.23978e-51
0.000598435	1.0271e-48
0.000605978	4.34863e-48
0.000613521	5.88338e-46
0.000621063	2.515e-45
0.000628606	2.79722e-43
0.000636149	1.20705e-42
0.000643692	1.10395e-40
0.000651234	4.80752e-40
0.000658777	3.61691e-38
0.00066632	1.58899e-37
0.000673862	9.83905e-36
0.000681405	4.35845e-35
0.000688948	2.22261e-33
0.000696491	9.921e-33
0.000704033	4.17017e-31
0.000711576	1.87411e-30
0.000719119	6.50025e-29
0.000726662	2.93804e-28
0.000734204	8.42012e-27
0.000741747	3.8225e-26
0.00074929	9.06718e-25
0.000756833	4.1274e-24
0.000764375	8.12036e-23
0.000771918	3.69873e-22
0.000779461	6.05122e-21
0.000787004	2.751e-20
0.000794546	3.7543e-19
0.000802089	1.69827e-18
0.000809632	1.94055e-17
0.000817175	8.70213e-17
0.000824717	8.36294e-16
0.00083226	3.70144e-15
0.000839803	3.00744e-14
0.000847345	1.30701e-13
0.000854888	9.03293e-13
0.000862431	3.83166e-12
0.000869974	2.26809e-11
0.000877516	9.3272e-11
0.000885059	4.76536e-10
0.000892602	1.88553e-09
0.000900145	8.38517e-09
0.000907687	3.16603e-08
0.00091523	1.23661e-07
0.000922773	4.41661e-07
0.000930316	1.52934e-06
0.000937858	5.12003e-06
0.000945401	1.58661e-05
0.000952944	4.93409e-05
0.000960487	0.000138086
0.000968029	0.000395421
0.000975572	0.00100794
0.000983115	0.00263653
0.000990658	0.00616721
0.0009982	0.0146339
0.00100574	0.0316057
0.00101329	0.0676583
0.00102083	0.136151
0.00102837	0.2618
0.00103591	0.500338
0.00104346	0.865832
0.001051	1.4846
0.00105854	2.3628
0.00106608	3.65475
0.00107363	5.34763
0.00108117	7.50105
0.00108871	10.0842
0.00109626	12.9183
0.0011038	15.9801
0.00111134	18.8913
0.00111888	21.6669
0.00112643	24.0665
0.00113397	26.1445
0.00114151	28.2273
0.00114906	30.3774
0.0011566	33.6585
0.00116414	38.1094
0.00117168	45.3444
0.00117923	55.3635
0.00118677	69.8687
0.00119431	88.8192
0.00120185	113.226
0.0012094	143.029
0.00121694	177.681
0.00122448	217.151
0.00123203	259.358
0.00123957	304.316
0.00124711	349.993
0.00125465	396.405
0.0012622	443.483
0.00126974	491.209
0.00127728	541.48
0.00128482	594.286
0.00129237	651.31
0.00129991	712.598
0.00130745	777.753
0.001315	846.824
0.00132254	918.134
0.00133008	991.618
0.00133762	1067.08
0.00134517	1144.34
0.00135271	1226.34
0.00136025	1312.96
0.00136779	1408.86
0.00137534	1514.19
0.00138288	1631.75
0.00139042	1761.96
0.00139797	1902.96
0.00140551	2055.21
0.00141305	2211.89
0.00142059	2373.19
0.00142814	2529.77
0.00143568	2681.35
0.00144322	2819.76
0.00145076	2944.32
0.00145831	3050.9
0.00146585	3138.77
0.00147339	3208.17
0.00148094	3258.89
0.00148848	3292.35
0.00149602	3310.23
0.00150356	3312.89
0.00151111	3301.78
0.00151865	3277.28
0.00152619	3238.98
0.00153373	3187.78
0.00154128	3123.49
0.00154882	3048.51
0.00155636	2962.76
0.00156391	2870.07
0.00157145	2770.9
0.00157899	2667.95
0.00158653	2561.97
0.00159408	2453.01
0.00160162	2341.35
0.00160916	2226.02
0.0016167	2106.6
0.00162425	1984.05
0.00163179	1857.89
0.00163933	1731.74
0.00164688	1605.88
0.00165442	1484.27
0.00166196	1367.96
0.0016695	1258.57
0.00167705	1157.08
0.00168459	1062.5
0.00169213	974.975
0.00169968	892.949
0.00170722	815.901
0.00171476	743.536
0.0017223	675.44
0.00172985	612.441
0.00173739	554.737
0.00174493	502.675
0.00175247	456.755
0.00176002	415.759
0.00176756	379.747
0.0017751	346.587
0.00178265	315.589
0.00179019	285.355
0.00179773	254.945
0.00180527	224.573
0.00181282	193.809
0.00182036	163.891
0.0018279	135.125
0.00183544	108.598
0.00184299	84.9513
0.00185053	64.4704
0.00185807	47.6105
0.00186562	33.9573
0.00187316	23.5562
0.0018807	15.7239
0.00188824	10.1843
0.00189579	6.34028
0.00190333	3.80422
0.00191087	2.20543
0.00191841	1.20764
0.00192596	0.657208
0.0019335	0.323893
0.00194104	0.166919
0.00194859	0.0760394
0.00195613	0.0357961
0.00196367	0.0151528
0.00197121	0.006453
0.00197876	0.0025551
0.0019863	0.000974696
0.00199384	0.000335975
0.00200138	0.000123068
