3.33898e-05	328.685
3.48982e-05	355.805
3.64066e-05	387.858
3.7915e-05	425.36
3.94234e-05	466.805
4.09318e-05	510.942
4.24402e-05	557.256
4.39487e-05	604.696
4.54571e-05	653.294
4.69655e-05	702.57
4.84739e-05	752.865
4.99823e-05	804.219
5.14907e-05	857.158
5.29991e-05	912.131
5.45076e-05	969.795
5.6016e-05	1030.99
5.75244e-05	1096.33
5.90328e-05	1166.92
6.05412e-05	1243.03
6.20496e-05	1325.62
6.3558e-05	1414.55
6.50665e-05	1510.19
6.65749e-05	1612.13
6.80833e-05	1720.1
6.95917e-05	1833.66
7.11001e-05	1952.14
7.26085e-05	2075.11
7.41169e-05	2201.7
7.56253e-05	2331.49
7.71338e-05	2463.42
7.86422e-05	2597.28
8.01506e-05	2732.02
8.1659e-05	2867.91
8.31674e-05	3004.6
8.46758e-05	3142.85
8.61842e-05	3283.7
8.76927e-05	3428.07
8.92011e-05	3578.32
9.07095e-05	3735.04
9.22179e-05	3900.91
9.37263e-05	4075.84
9.52347e-05	4261.45
9.67431e-05	4456.96
9.82516e-05	4661.89
9.976e-05	4875.01
0.000101268	5093.42
0.000102777	5315.8
0.000104285	5537.25
0.000105794	5756.78
0.000107302	5968.59
0.00010881	6172.3
0.000110319	6362.9
0.000111827	6540.71
0.000113336	6703.13
0.000114844	6850.95
0.000116353	6984.69
0.000117861	7105.13
0.000119369	7215.14
0.000120878	7315.13
0.000122386	7408.63
0.000123895	7495.77
0.000125403	7579.57
0.000126911	7660.14
0.00012842	7740.09
0.000129928	7819.53
0.000131437	7900.95
0.000132945	7984.27
0.000134453	8071.21
0.000135962	8161.42
0.00013747	8254.67
0.000138979	8350.51
0.000140487	8446.49
0.000141996	8542.28
0.000143504	8634.07
0.000145012	8721.63
0.000146521	8800.43
0.000148029	8870.24
0.000149538	8928.16
0.000151046	8971.27
0.000152554	8976.9
0.000154063	8977.34
0.000155571	8965.62
0.00015708	8908.79
0.000158588	8831.22
0.000160097	8731.26
0.000161605	8613.65
0.000163113	8478.68
0.000164622	8336.12
0.00016613	8185.87
0.000167639	8036.41
0.000169147	7887.51
0.000170655	7743.41
0.000172164	7603.91
0.000173672	7469.36
0.000175181	7339.67
0.000176689	7213.29
0.000178197	7090.21
0.000179706	6968.51
0.000181214	6848.19
0.000182723	6727.26
0.000184231	6605.72
0.00018574	6481.24
0.000187248	6353.83
0.000188756	6220.93
0.000190265	6082.55
0.000191773	5936.51
0.000193282	5782.78
0.00019479	5620.32
0.000196298	5449.08
0.000197807	5269.77
0.000199315	5082.29
0.000200824	4889.31
0.000202332	4690.74
0.000203841	4490.76
0.000205349	4289.37
0.000206857	4091.04
0.000208366	3895.89
0.000209874	3707.1
0.000211383	3524.89
0.000212891	3350.02
0.000214399	3182.73
0.000215908	3021.48
0.000217416	2866.38
0.000218925	2714.94
0.000220433	2567.01
0.000221941	2420.95
0.00022345	2276.46
0.000224958	2133.95
0.000226467	1993.15
0.000227975	1856.5
0.000229484	1723.97
0.000230992	1598.7
0.0002325	1480.95
0.000234009	1372.87
0.000235517	1274.89
0.000237026	1187.14
0.000238534	1109.98
0.000240042	1041.61
0.000241551	982.159
0.000243059	928.753
0.000244568	881.225
0.000246076	836.688
0.000247585	794.76
0.000249093	753.398
0.000250601	712.139
0.00025211	670.271
0.000253618	627.414
0.000255127	584.176
0.000256635	540.407
0.000258143	497.509
0.000259652	455.619
0.00026116	416.11
0.000262669	379.319
0.000264177	345.895
0.000265685	316.175
0.000267194	289.897
0.000268702	267.208
0.000270211	247.267
0.000271719	229.984
0.000273228	214.46
0.000274736	200.462
0.000276244	187.387
0.000277753	174.998
0.000279261	163.055
0.00028077	151.407
0.000282278	140.069
0.000283786	128.987
0.000285295	118.292
0.000286803	108.001
0.000288312	98.2447
0.00028982	89.0786
0.000291329	80.5554
0.000292837	72.7284
0.000294345	65.5462
0.000295854	59.0223
0.000297362	53.0465
0.000298871	47.5798
0.000300379	42.5471
0.000301887	37.8892
0.000303396	33.6252
0.000304904	29.7316
0.000306413	26.2823
0.000307921	23.3122
0.000309429	20.8469
0.000310938	18.9391
0.000312446	17.5019
0.000313955	16.5383
0.000315463	15.8813
0.000316972	15.4553
0.00031848	15.1047
0.000319988	14.7088
0.000321497	14.1977
0.000323005	13.4704
0.000324514	12.5543
0.000326022	11.4152
0.00032753	10.1365
0.000329039	8.75465
0.000330547	7.35112
0.000332056	6.02491
0.000333564	4.74211
