3.33898e-05	323.108
3.48982e-05	345.544
3.64066e-05	372.331
3.7915e-05	403.578
3.94234e-05	438.968
4.09318e-05	478.166
4.24402e-05	521.266
4.39487e-05	568.118
4.54571e-05	619.096
4.69655e-05	674.434
4.84739e-05	734.544
4.99823e-05	799.971
5.14907e-05	870.849
5.29991e-05	947.678
5.45076e-05	1030.15
5.6016e-05	1118.3
5.75244e-05	1211.5
5.90328e-05	1309.11
6.05412e-05	1410.51
6.20496e-05	1514.64
6.3558e-05	1621.2
6.50665e-05	1729.18
6.65749e-05	1838.72
6.80833e-05	1949.38
6.95917e-05	2061.57
7.11001e-05	2175.61
7.26085e-05	2291.97
7.41169e-05	2411.5
7.56253e-05	2534.52
7.71338e-05	2662.04
7.86422e-05	2794.09
8.01506e-05	2931.39
8.1659e-05	3073.65
8.31674e-05	3220.92
8.46758e-05	3372.6
8.61842e-05	3527.79
8.76927e-05	3685.73
8.92011e-05	3844.56
9.07095e-05	4003.64
9.22179e-05	4160.58
9.37263e-05	4315.21
9.52347e-05	4465.53
9.67431e-05	4611.97
9.82516e-05	4754.04
9.976e-05	4892.63
0.000101268	5029.37
0.000102777	5165.2
0.000104285	5303.48
0.000105794	5444.7
0.000107302	5592.56
0.00010881	5746.88
0.000110319	5909.87
0.000111827	6080.77
0.000113336	6259.05
0.000114844	6443.67
0.000116353	6631.19
0.000117861	6820.66
0.000119369	7006.64
0.000120878	7188.5
0.000122386	7360.27
0.000123895	7521.76
0.000125403	7667.86
0.000126911	7798.77
0.00012842	7911.38
0.000129928	8006.16
0.000131437	8082.59
0.000132945	8141.28
0.000134453	8184.58
0.000135962	8212.85
0.00013747	8230.61
0.000138979	8238.82
0.000140487	8239.3
0.000141996	8238.97
0.000143504	8238.98
0.000145012	8239.25
0.000146521	8241.39
0.000148029	8249.47
0.000149538	8260.84
0.000151046	8275.43
0.000152554	8290.71
0.000154063	8306.37
0.000155571	8317.1
0.00015708	8323.18
0.000158588	8321.55
0.000160097	8307.11
0.000161605	8279.27
0.000163113	8236.6
0.000164622	8177.09
0.00016613	8100.85
0.000167639	8007.69
0.000169147	7897.76
0.000170655	7773.36
0.000172164	7634.56
0.000173672	7485.77
0.000175181	7327
0.000176689	7164
0.000178197	6996.73
0.000179706	6831.08
0.000181214	6666.98
0.000182723	6508.79
0.000184231	6356.5
0.00018574	6211.44
0.000187248	6073.64
0.000188756	5940.89
0.000190265	5813.25
0.000191773	5685.82
0.000193282	5558.65
0.00019479	5426.31
0.000196298	5288.76
0.000197807	5142.5
0.000199315	4987.38
0.000200824	4823.45
0.000202332	4650.5
0.000203841	4472.13
0.000205349	4288.19
0.000206857	4104.32
0.000208366	3920.55
0.000209874	3742.46
0.000211383	3570.24
0.000212891	3407.63
0.000214399	3254.93
0.000215908	3113.19
0.000217416	2982.72
0.000218925	2862.06
0.000220433	2751.39
0.000221941	2647.62
0.00022345	2550.74
0.000224958	2457.24
0.000226467	2366.92
0.000227975	2277.01
0.000229484	2187.19
0.000230992	2096.21
0.0002325	2003.75
0.000234009	1910.2
0.000235517	1815.37
0.000237026	1720.71
0.000238534	1626.25
0.000240042	1533.54
0.000241551	1442.79
0.000243059	1354.85
0.000244568	1269.95
0.000246076	1188.03
0.000247585	1109.21
0.000249093	1032.9
0.000250601	959.042
0.00025211	887.175
0.000253618	817.142
0.000255127	749.035
0.000256635	682.736
0.000258143	618.884
0.000259652	557.495
0.00026116	499.377
0.000262669	444.682
0.000264177	393.95
0.000265685	347.383
0.000267194	305.026
0.000268702	267.018
0.000270211	232.962
0.000271719	202.873
0.000273228	176.136
0.000274736	152.65
0.000276244	131.818
0.000277753	113.478
0.000279261	97.1864
0.00028077	82.7853
0.000282278	69.9994
0.000283786	58.7119
0.000285295	48.7591
0.000286803	40.0698
0.000288312	32.5212
0.00028982	26.0696
0.000291329	20.5887
0.000292837	16.0397
0.000294345	12.2831
0.000295854	9.27147
0.000297362	6.86567
0.000298871	5.00826
0.000300379	3.5789
0.000301887	2.51726
0.000303396	1.73339
0.000304904	1.17302
0.000306413	0.777712
0.000307921	0.505232
0.000309429	0.32245
0.000310938	0.200602
0.000312446	0.123301
0.000313955	0.0732511
0.000315463	0.0434146
0.000316972	0.024547
0.00031848	0.0140574
0.000319988	0.00748044
0.000321497	0.00418954
0.000323005	0.00213052
0.000324514	0.00114553
0.000326022	0.000558356
0.00032753	0.000287065
0.000329039	0.000134351
0.000330547	6.58834e-05
0.000332056	2.68511e-05
0.000333564	1.38404e-05
