0.000166815	1.58058e-05
0.000171844	3.24719e-05
0.000176872	8.24704e-05
0.000181901	0.000175578
0.000186929	0.000387632
0.000191958	0.00077893
0.000196986	0.0016414
0.000202014	0.00312255
0.000207043	0.00626241
0.000212071	0.0113338
0.0002171	0.0215362
0.000222128	0.0379327
0.000227157	0.0669558
0.000232185	0.112933
0.000237214	0.187737
0.000242242	0.30217
0.00024727	0.474835
0.000252299	0.727621
0.000257327	1.08384
0.000262356	1.57921
0.000267384	2.23465
0.000272413	3.09521
0.000277441	4.16876
0.000282469	5.49368
0.000287498	7.05725
0.000292526	8.86791
0.000297555	10.8967
0.000302583	13.1077
0.000307612	15.4746
0.00031264	17.9316
0.000317669	20.4785
0.000322697	23.0665
0.000327725	25.7305
0.000332754	28.4914
0.000337782	31.4049
0.000342811	34.5774
0.000347839	38.0575
0.000352868	41.9985
0.000357896	46.4249
0.000362924	51.4743
0.000367953	57.1538
0.000372981	63.5538
0.00037801	70.6838
0.000383038	78.6095
0.000388067	87.3539
0.000393095	97.0017
0.000398123	107.585
0.000403152	119.225
0.00040818	131.958
0.000413209	145.936
0.000418237	161.208
0.000423266	177.976
0.000428294	196.319
0.000433323	216.566
0.000438351	238.831
0.000443379	263.657
0.000448408	291.164
0.000453436	322.112
0.000458465	356.584
0.000463493	395.417
0.000468522	438.624
0.00047355	486.881
0.000478578	540.129
0.000483607	598.66
0.000488635	662.366
0.000493664	731.036
0.000498692	804.55
0.000503721	882.221
0.000508749	963.944
0.000513778	1048.69
0.000518806	1136.4
0.000523834	1225.89
0.000528863	1317.13
0.000533891	1409
0.00053892	1501.49
0.000543948	1593.62
0.000548977	1685.4
0.000554005	1775.99
0.000559033	1865.4
0.000564062	1952.88
0.00056909	2038.44
0.000574119	2121.46
0.000579147	2201.96
0.000584176	2279.65
0.000589204	2354.59
0.000594233	2427.05
0.000599261	2497.1
0.000604289	2565.64
0.000609318	2632.68
0.000614346	2699.29
0.000619375	2765.43
0.000624403	2831.56
0.000629432	2897.63
0.00063446	2962.86
0.000639488	3027.22
0.000644517	3088.72
0.000649545	3147.36
0.000654574	3200.57
0.000659602	3248.38
0.000664631	3288.57
0.000669659	3321.16
0.000674688	3345.62
0.000679716	3362
0.000684744	3364.43
0.000689773	3362.86
0.000694801	3357.91
0.00069983	3341.98
0.000704858	3322.68
0.000709887	3300.19
0.000714915	3277.2
0.000719943	3253.75
0.000724972	3231.95
0.00073	3211.95
0.000735029	3193.51
0.000740057	3176.83
0.000745086	3159.08
0.000750114	3140.38
0.000755143	3116.48
0.000760171	3087.32
0.000765199	3049.25
0.000770228	3002.02
0.000775256	2944.2
0.000780285	2875.49
0.000785313	2797
0.000790342	2708.53
0.00079537	2612.76
0.000800398	2509.69
0.000805427	2402.22
0.000810455	2290.51
0.000815484	2176.82
0.000820512	2061.32
0.000825541	1945.49
0.000830569	1829.45
0.000835598	1714.24
0.000840626	1599.9
0.000845654	1487.49
0.000850683	1377.01
0.000855711	1269.84
0.00086074	1166.01
0.000865768	1067.14
0.000870797	973.353
0.000875825	886.079
0.000880853	805.565
0.000885882	732.503
0.00089091	667.176
0.000895939	609.228
0.000900967	558.847
0.000905996	514.729
0.000911024	476.869
0.000916052	443.468
0.000921081	414.317
0.000926109	387.677
0.000931138	363.205
0.000936166	339.655
0.000941195	316.658
0.000946223	293.665
0.000951252	270.386
0.00095628	246.942
0.000961308	223.197
0.000966337	199.738
0.000971365	176.604
0.000976394	154.524
0.000981422	133.679
0.000986451	114.608
0.000991479	97.543
0.000996507	82.638
0.00100154	70.0643
0.00100656	59.6036
0.00101159	51.2942
0.00101662	44.7138
0.00102165	39.7719
0.00102668	36.0363
0.00103171	33.3492
0.00103673	31.3785
0.00104176	29.9672
0.00104679	28.8923
0.00105182	28.0303
0.00105685	27.2345
0.00106188	26.4116
0.00106691	25.4754
0.00107193	24.3537
0.00107696	23.0294
0.00108199	21.4572
0.00108702	19.6919
0.00109205	17.7297
0.00109708	15.669
0.0011021	13.5506
0.00110713	11.4685
0.00111216	9.488
0.00111719	7.66149
0.00112222	6.04743
0.00112725	4.64863
0.00113228	3.49398
0.0011373	2.55404
0.00114233	1.82478
0.00114736	1.26837
0.00115239	0.859798
0.00115742	0.568762
0.00116245	0.354201
0.00116747	0.230176
