0.000500379	1.96904e-15
0.000506246	1.00129e-14
0.000512113	3.41445e-14
0.000517979	1.64753e-13
0.000523846	5.27617e-13
0.000529712	2.31428e-12
0.000535579	7.26539e-12
0.000541445	2.90616e-11
0.000547312	8.91576e-11
0.000553178	3.26324e-10
0.000559045	9.75072e-10
0.000564911	3.2772e-09
0.000570778	9.50425e-09
0.000576644	2.9442e-08
0.000582511	8.25712e-08
0.000588378	2.36657e-07
0.000594244	6.39444e-07
0.000600111	1.70221e-06
0.000605977	4.41449e-06
0.000611844	1.0957e-05
0.00061771	2.71713e-05
0.000623577	6.31217e-05
0.000629443	0.000149126
0.00063531	0.000325443
0.000641176	0.000729936
0.000647043	0.00150166
0.000652909	0.00318718
0.000658776	0.0062009
0.000664643	0.0124181
0.000670509	0.0229896
0.000676376	0.0432389
0.000682242	0.0776766
0.000688109	0.13551
0.000693975	0.230808
0.000699842	0.37913
0.000705708	0.611008
0.000711575	0.948215
0.000717441	1.44481
0.000723308	2.12391
0.000729174	3.06166
0.000735041	4.27352
0.000740908	5.83992
0.000746774	7.76092
0.000752641	10.09
0.000758507	12.813
0.000764374	15.9321
0.00077024	19.4311
0.000776107	23.269
0.000781973	27.4406
0.00078784	31.9024
0.000793706	36.6598
0.000799573	41.7013
0.000805439	47.0289
0.000811306	52.6476
0.000817173	58.5451
0.000823039	64.6904
0.000828906	71.0663
0.000834772	77.587
0.000840639	84.2551
0.000846505	90.9997
0.000852372	97.8574
0.000858238	104.893
0.000864105	112.166
0.000869971	119.947
0.000875838	128.296
0.000881704	137.656
0.000887571	148.076
0.000893438	160.098
0.000899304	173.77
0.000905171	189.715
0.000911037	207.996
0.000916904	229.402
0.00092277	254.004
0.000928637	282.831
0.000934503	315.926
0.00094037	354.442
0.000946236	398.356
0.000952103	448.538
0.000957969	504.889
0.000963836	567.473
0.000969703	636.166
0.000975569	709.991
0.000981436	788.871
0.000987302	871.169
0.000993169	956.892
0.000999035	1044.56
0.0010049	1134.23
0.00101077	1225.2
0.00101663	1317.5
0.0010225	1411.04
0.00102837	1505.83
0.00103423	1601.66
0.0010401	1698.51
0.00104597	1795.47
0.00105183	1892.55
0.0010577	1988.37
0.00106357	2082.96
0.00106943	2175.36
0.0010753	2265.59
0.00108117	2353.83
0.00108703	2440.1
0.0010929	2525.74
0.00109877	2610.74
0.00110463	2696.85
0.0011105	2784.08
0.00111637	2873.49
0.00112223	2965.13
0.0011281	3058.41
0.00113397	3153.42
0.00113983	3247.35
0.0011457	3340.31
0.00115157	3427.3
0.00115743	3508.41
0.0011633	3577.38
0.00116916	3634.16
0.00117503	3672.85
0.0011809	3693
0.00118676	3693.99
0.00119263	3671.53
0.0011985	3628.35
0.00120436	3564.37
0.00121023	3483.79
0.0012161	3386.44
0.00122196	3278.71
0.00122783	3160.73
0.0012337	3038.5
0.00123956	2912.37
0.00124543	2786.49
0.0012513	2661.26
0.00125716	2538.92
0.00126303	2419.75
0.0012689	2304.81
0.00127476	2194.25
0.00128063	2088.48
0.0012865	1987.63
0.00129236	1891.47
0.00129823	1800.13
0.0013041	1712.59
0.00130996	1628.89
0.00131583	1547.44
0.00132169	1468.1
0.00132756	1389.45
0.00133343	1311.18
0.00133929	1232.93
0.00134516	1154.38
0.00135103	1076.59
0.00135689	999.434
0.00136276	924.903
0.00136863	853.201
0.00137449	786.201
0.00138036	724.342
0.00138623	668.482
0.00139209	619.053
0.00139796	575.675
0.00140383	538.55
0.00140969	506.457
0.00141556	479.321
0.00142143	455.646
0.00142729	435.169
0.00143316	416.492
0.00143903	399.276
0.00144489	382.366
0.00145076	365.406
0.00145663	347.594
0.00146249	328.576
0.00146836	308.07
0.00147422	285.786
0.00148009	262.076
0.00148596	236.823
0.00149182	210.906
0.00149769	184.464
0.00150356	158.55
0.00150942	133.53
0.00151529	110.206
0.00152116	89.0174
0.00152702	70.2627
0.00153289	54.265
0.00153876	40.8405
0.00154462	30.0837
0.00155049	21.5446
0.00155636	15.1027
0.00156222	10.2807
0.00156809	6.84245
0.00157396	4.42684
0.00157982	2.78983
0.00158569	1.71704
0.00159156	1.02113
0.00159742	0.599142
0.00160329	0.334272
0.00160916	0.187993
0.00161502	0.0973502
0.00162089	0.0531048
0.00162675	0.0260621
0.00163262	0.0134561
0.00163849	0.00627548
0.00164435	0.0030564
0.00165022	0.0013586
0.00165609	0.000621948
0.00166195	0.000240484
0.00166782	0.000113329
