0.000500379	3.14924e-40
0.000507084	1.38093e-38
0.000513789	5.42923e-38
0.000520493	2.05742e-36
0.000527198	8.09122e-36
0.000533903	2.63642e-34
0.000540607	1.0424e-33
0.000547312	2.92262e-32
0.000554017	1.16092e-31
0.000560721	2.80328e-30
0.000567426	1.1177e-29
0.000574131	2.32689e-28
0.000580835	9.30247e-28
0.00058754	1.67182e-26
0.000594244	6.69317e-26
0.000600949	1.03996e-24
0.000607654	4.16324e-24
0.000614358	5.60246e-23
0.000621063	2.23874e-22
0.000627768	2.61461e-21
0.000634472	1.04077e-20
0.000641177	1.05744e-19
0.000647882	4.18313e-19
0.000654586	3.70757e-18
0.000661291	1.45362e-17
0.000667995	1.12743e-16
0.0006747	4.36737e-16
0.000681405	2.97479e-15
0.000688109	1.13456e-14
0.000694814	6.81378e-14
0.000701519	2.54858e-13
0.000708223	1.35548e-12
0.000714928	4.95057e-12
0.000721633	2.34305e-11
0.000728337	8.31636e-11
0.000735042	3.52084e-10
0.000741746	1.20828e-09
0.000748451	4.60117e-09
0.000755156	1.51848e-08
0.00076186	5.23117e-08
0.000768565	1.65084e-07
0.00077527	5.17551e-07
0.000781974	1.55283e-06
0.000788679	4.45659e-06
0.000795384	1.26396e-05
0.000802088	3.34016e-05
0.000808793	8.90479e-05
0.000815497	0.000217878
0.000822202	0.000543115
0.000828907	0.00123666
0.000835611	0.00286848
0.000842316	0.00610568
0.000849021	0.0131231
0.000855725	0.0262108
0.00086243	0.0520241
0.000869135	0.0993069
0.000875839	0.180683
0.000882544	0.325426
0.000889249	0.547256
0.000895953	0.911321
0.000902658	1.4311
0.000909362	2.20517
0.000916067	3.23741
0.000922772	4.6243
0.000929476	6.3513
0.000936181	8.43885
0.000942886	10.8594
0.00094959	13.5012
0.000956295	16.3491
0.000963	19.2196
0.000969704	22.1396
0.000976409	25.0703
0.000983113	28.0848
0.000989818	31.5418
0.000996523	35.528
0.00100323	40.8715
0.00100993	47.6284
0.00101664	56.8867
0.00102334	68.6537
0.00103005	83.932
0.00103675	102.697
0.00104346	125.639
0.00105016	152.728
0.00105686	184.328
0.00106357	220.418
0.00107027	261.122
0.00107698	306.419
0.00108368	356.203
0.00109039	410.454
0.00109709	468.764
0.0011038	531.118
0.0011105	596.801
0.00111721	665.814
0.00112391	737.34
0.00113062	811.393
0.00113732	887.437
0.00114402	965.491
0.00115073	1045.6
0.00115743	1127.76
0.00116414	1212.47
0.00117084	1299.72
0.00117755	1389.78
0.00118425	1482.63
0.00119096	1577.43
0.00119766	1674.2
0.00120437	1770.55
0.00121107	1866.51
0.00121778	1958.89
0.00122448	2047.67
0.00123119	2130.72
0.00123789	2207.9
0.00124459	2280.16
0.0012513	2347.29
0.001258	2413.62
0.00126471	2479.08
0.00127141	2548.95
0.00127812	2623.48
0.00128482	2704.94
0.00129153	2793.84
0.00129823	2886.74
0.00130494	2984.1
0.00131164	3077.56
0.00131835	3167.14
0.00132505	3243.51
0.00133175	3306.23
0.00133846	3348.46
0.00134516	3370.27
0.00135187	3372.36
0.00135857	3351.72
0.00136528	3314.15
0.00137198	3259.74
0.00137869	3195.09
0.00138539	3120.65
0.0013921	3041.71
0.0013988	2959.07
0.00140551	2874.31
0.00141221	2788.1
0.00141891	2698.82
0.00142562	2606.54
0.00143232	2509.05
0.00143903	2405.88
0.00144573	2296.83
0.00145244	2181.31
0.00145914	2062.04
0.00146585	1938.82
0.00147255	1816.16
0.00147926	1694.47
0.00148596	1577.93
0.00149267	1467.42
0.00149937	1364.97
0.00150608	1271.48
0.00151278	1186.15
0.00151948	1109.42
0.00152619	1038.45
0.00153289	972.951
0.0015396	909.929
0.0015463	848.545
0.00155301	787.482
0.00155971	725.909
0.00156642	664.655
0.00157312	603.461
0.00157983	544.222
0.00158653	487.348
0.00159324	434.233
0.00159994	385.54
0.00160664	341.367
0.00161335	302.102
0.00162005	266.898
0.00162676	235.66
0.00163346	207.484
0.00164017	181.999
0.00164687	158.807
0.00165358	137.613
0.00166028	118.441
0.00166699	101.231
0.00167369	86.0093
0.0016804	72.8409
0.0016871	61.4964
0.00169381	51.9646
0.00170051	43.8532
0.00170721	37.0043
0.00171392	31.1057
0.00172062	25.948
0.00172733	21.4145
0.00173403	17.3689
0.00174074	13.8179
0.00174744	10.7278
0.00175415	8.10317
0.00176085	5.95345
0.00176756	4.2285
0.00177426	2.91697
0.00178097	1.93906
0.00178767	1.24818
0.00179437	0.776059
0.00180108	0.463193
0.00180778	0.27012
0.00181449	0.147749
0.00182119	0.0816512
0.0018279	0.0364659
0.0018346	0.0214041
