0.000500379	1.2616e-72
0.000507922	7.48059e-70
0.000515465	2.98845e-69
0.000523008	1.46057e-66
0.00053055	5.88977e-66
0.000538093	2.3715e-63
0.000545636	9.65779e-63
0.000553179	3.20355e-60
0.000560721	1.3176e-59
0.000568264	3.60045e-57
0.000575807	1.49562e-56
0.00058335	3.36675e-54
0.000590892	1.41249e-53
0.000598435	2.61946e-51
0.000605978	1.10988e-50
0.000613521	1.69582e-48
0.000621063	7.25605e-48
0.000628606	9.13561e-46
0.000636149	3.94689e-45
0.000643692	4.09562e-43
0.000651234	1.78626e-42
0.000658777	1.52815e-40
0.00066632	6.72617e-40
0.000673862	4.74595e-38
0.000681405	2.10732e-37
0.000688948	1.22703e-35
0.000696491	5.49335e-35
0.000704033	2.64139e-33
0.000711576	1.19149e-32
0.000719119	4.73533e-31
0.000726662	2.1503e-30
0.000734204	7.0716e-29
0.000741747	3.22903e-28
0.00074929	8.79974e-27
0.000756833	4.03478e-26
0.000764375	9.12784e-25
0.000771918	4.19524e-24
0.000779461	7.89599e-23
0.000787004	3.62995e-22
0.000794546	5.69919e-21
0.000802089	2.61382e-20
0.000809632	3.43443e-19
0.000817175	1.56644e-18
0.000824717	1.72917e-17
0.00083226	7.81357e-17
0.000839803	7.27963e-16
0.000847345	3.24441e-15
0.000854888	2.56481e-14
0.000862431	1.12159e-13
0.000869974	7.5699e-13
0.000877516	3.22869e-12
0.000885059	1.87349e-11
0.000892602	7.74131e-11
0.000900145	3.89207e-10
0.000907687	1.54643e-09
0.00091523	6.79372e-09
0.000922773	2.57481e-08
0.000930316	9.97314e-08
0.000937858	3.57496e-07
0.000945401	1.23226e-06
0.000952944	4.1418e-06
0.000960487	1.28237e-05
0.000968029	4.00731e-05
0.000975572	0.000112461
0.000983115	0.000324136
0.000990658	0.000831512
0.0009982	0.00219488
0.00100574	0.00518593
0.00101329	0.0124651
0.00102083	0.0273004
0.00102837	0.0595172
0.00103591	0.121448
0.00104346	0.239711
0.001051	0.466487
0.00105854	0.834378
0.00106608	1.49474
0.00107363	2.47151
0.00108117	4.04879
0.00108871	6.24599
0.00109626	9.45201
0.0011038	13.6765
0.00111134	19.3419
0.00111888	26.4499
0.00112643	35.4004
0.00113397	46.1891
0.00114151	59.1644
0.00114906	74.3046
0.0011566	91.7282
0.00116414	111.386
0.00117168	132.714
0.00117923	155.66
0.00118677	178.672
0.00119431	201.746
0.00120185	222.992
0.0012094	242.468
0.00121694	259.659
0.00122448	274.634
0.00123203	289.723
0.00123957	304.94
0.00124711	324.955
0.00125465	349.733
0.0012622	383.559
0.00126974	426.429
0.00127728	479.457
0.00128482	542.695
0.00129237	614.099
0.00129991	693.685
0.00130745	779.276
0.001315	870.793
0.00132254	968.486
0.00133008	1072.3
0.00133762	1183.64
0.00134517	1302.66
0.00135271	1428.16
0.00136025	1560.4
0.00136779	1694.27
0.00137534	1829.81
0.00138288	1961.15
0.00139042	2087.97
0.00139797	2207.78
0.00140551	2320.18
0.00141305	2426.31
0.00142059	2526.13
0.00142814	2620.96
0.00143568	2711.11
0.00144322	2795.3
0.00145076	2873.76
0.00145831	2943.22
0.00146585	3003.6
0.00147339	3052.35
0.00148094	3090.93
0.00148848	3104.88
0.00149602	3108.54
0.00150356	3106.97
0.00151111	3078.52
0.00151865	3031.47
0.00152619	2968.52
0.00153373	2888.41
0.00154128	2790.77
0.00154882	2678.67
0.00155636	2551.84
0.00156391	2415.85
0.00157145	2270.72
0.00157899	2124.19
0.00158653	1976.92
0.00159408	1836.56
0.00160162	1704.62
0.00160916	1585.01
0.0016167	1479.45
0.00162425	1386.09
0.00163179	1305.76
0.00163933	1232.74
0.00164688	1166.36
0.00165442	1101.5
0.00166196	1036.58
0.0016695	970.309
0.00167705	901.46
0.00168459	832.347
0.00169213	762.938
0.00169968	696.281
0.00170722	633.295
0.00171476	575.202
0.0017223	522.893
0.00172985	475.489
0.00173739	433.156
0.00174493	394.346
0.00175247	358.617
0.00176002	325.046
0.00176756	293.126
0.0017751	262.756
0.00178265	233.715
0.00179019	206.241
0.00179773	180.369
0.00180527	156.255
0.00181282	133.995
0.00182036	113.585
0.0018279	95.0611
0.00183544	78.3762
0.00184299	63.5194
0.00185053	50.4622
0.00185807	39.2065
0.00186562	29.6734
0.00187316	21.8708
0.0018807	15.5963
0.00188824	10.7994
0.00189579	7.1925
0.00190333	4.63685
0.00191087	2.86897
0.00191841	1.70586
0.00192596	0.979639
0.0019335	0.527539
0.00194104	0.284837
0.00194859	0.138232
0.00195613	0.0701727
0.00196367	0.0314941
0.00197121	0.0145528
0.00197876	0.0060786
0.0019863	0.00253318
0.00199384	0.000910285
0.00200138	0.000369319
