0.000166815	1.52179e-43
0.00017352	9.27987e-42
0.000180225	3.6663e-41
0.000186929	1.91409e-39
0.000193634	7.58428e-39
0.000200339	3.37773e-37
0.000207043	1.34719e-36
0.000213748	5.12119e-35
0.000220453	2.05487e-34
0.000227157	6.67223e-33
0.000233862	2.69154e-32
0.000240566	7.47151e-31
0.000247271	3.02755e-30
0.000253976	7.19248e-29
0.00026068	2.92469e-28
0.000267385	5.95378e-27
0.00027409	2.42654e-26
0.000280794	4.23913e-25
0.000287499	1.72917e-24
0.000294204	2.59703e-23
0.000300908	1.05843e-22
0.000307613	1.36947e-21
0.000314317	5.56533e-21
0.000321022	6.21861e-20
0.000327727	2.51397e-19
0.000334431	2.43276e-18
0.000341136	9.75685e-18
0.000347841	8.20345e-17
0.000354545	3.25378e-16
0.00036125	2.38577e-15
0.000367955	9.32503e-15
0.000374659	5.9876e-14
0.000381364	2.29697e-13
0.000388068	1.2976e-12
0.000394773	4.86382e-12
0.000401478	2.42978e-11
0.000408182	8.8552e-11
0.000414887	3.93374e-10
0.000421592	1.38648e-09
0.000428296	5.50957e-09
0.000435001	1.86741e-08
0.000441706	6.67948e-08
0.00044841	2.16422e-07
0.000455115	7.01283e-07
0.000461819	2.15902e-06
0.000468524	6.37886e-06
0.000475229	1.85474e-05
0.000481933	5.02834e-05
0.000488638	0.000137276
0.000495343	0.000343582
0.000502047	0.000875869
0.000508752	0.00203525
0.000515457	0.00482079
0.000522161	0.0104524
0.000528866	0.0229082
0.000535571	0.046544
0.000542275	0.0940814
0.00054898	0.18138
0.000555684	0.336504
0.000562389	0.617863
0.000569094	1.05514
0.000575798	1.79031
0.000582503	2.85714
0.000589208	4.49021
0.000595912	6.71231
0.000602617	9.80425
0.000609322	13.7604
0.000616026	18.7827
0.000622731	24.84
0.000629435	31.9377
0.00063614	40.0521
0.000642845	49.0404
0.000649549	58.9198
0.000656254	69.6514
0.000662959	81.2827
0.000669663	94.0896
0.000676368	108.093
0.000683073	123.715
0.000689777	140.909
0.000696482	159.729
0.000703186	180.103
0.000709891	201.435
0.000716596	223.716
0.0007233	246.23
0.000730005	269.072
0.00073671	292.521
0.000743414	316.711
0.000750119	343.573
0.000756824	373.17
0.000763528	408.386
0.000770233	449.169
0.000776937	497.621
0.000783642	553.637
0.000790347	617.204
0.000797051	688.26
0.000803756	765.015
0.000810461	847.48
0.000817165	933.903
0.00082387	1024.31
0.000830575	1118.64
0.000837279	1216.89
0.000843984	1320.44
0.000850689	1429.29
0.000857393	1544.14
0.000864098	1665.05
0.000870802	1789.74
0.000877507	1918.33
0.000884212	2045.38
0.000890916	2170.95
0.000897621	2288.77
0.000904326	2398.77
0.00091103	2497.19
0.000917735	2583.8
0.00092444	2659.21
0.000931144	2723.21
0.000937849	2779.68
0.000944553	2828.62
0.000951258	2874.01
0.000957963	2916.09
0.000964667	2956.11
0.000971372	2994.37
0.000978077	3029.12
0.000984781	3060.44
0.000991486	3085.99
0.000998191	3105.85
0.0010049	3116.65
0.0010116	3121.6
0.0010183	3121.84
0.00102501	3114.64
0.00103171	3102.69
0.00103842	3086.56
0.00104512	3065.52
0.00105183	3039.87
0.00105853	3007
0.00106524	2966.89
0.00107194	2916.45
0.00107865	2855.27
0.00108535	2781.87
0.00109206	2695.67
0.00109876	2597.91
0.00110546	2488.18
0.00111217	2370.12
0.00111887	2243.75
0.00112558	2113.9
0.00113228	1981
0.00113899	1849.65
0.00114569	1720.57
0.0011524	1596.94
0.0011591	1479.57
0.00116581	1369.75
0.00117251	1268.1
0.00117922	1174.17
0.00118592	1088.26
0.00119263	1008.7
0.00119933	935.409
0.00120603	866.262
0.00121274	800.827
0.00121944	737.481
0.00122615	675.595
0.00123285	614.901
0.00123956	554.911
0.00124626	496.78
0.00125297	440.503
0.00125967	387.741
0.00126638	338.99
0.00127308	295.2
0.00127979	256.99
0.00128649	224.025
0.00129319	196.587
0.0012999	173.435
0.0013066	154.348
0.00131331	138.021
0.00132001	123.921
0.00132672	111.308
0.00133342	99.6789
0.00134013	88.9583
0.00134683	78.9068
0.00135354	69.8132
0.00136024	61.7252
0.00136695	54.882
0.00137365	49.4721
0.00138035	45.399
0.00138706	42.7262
0.00139376	41.1848
0.00140047	40.4963
0.00140717	40.0434
0.00141388	39.6151
0.00142058	38.8452
0.00142729	37.3304
0.00143399	35.0986
0.0014407	32.0038
0.0014474	28.3607
0.00145411	24.2749
0.00146081	20.084
0.00146752	16.0575
0.00147422	12.3512
0.00148092	9.19905
0.00148763	6.5695
0.00149433	4.51479
0.00150104	3.01701
