0.000500379	2.04229e-102
0.00050876	1.45534e-98
0.000517141	5.82075e-98
0.000525522	3.27136e-94
0.000533903	1.32169e-93
0.000542284	5.85734e-90
0.000550665	2.39094e-89
0.000559045	8.35405e-86
0.000567426	3.44583e-85
0.000575807	9.49115e-82
0.000584188	3.95647e-81
0.000592569	8.58945e-78
0.00060095	3.61916e-77
0.00060933	6.1921e-74
0.000617711	2.63752e-73
0.000626092	3.55581e-70
0.000634473	1.53134e-69
0.000642854	1.62656e-66
0.000651235	7.08327e-66
0.000659615	5.92706e-63
0.000667996	2.61026e-62
0.000676377	1.72048e-59
0.000684758	7.66337e-59
0.000693139	3.97844e-56
0.00070152	1.79244e-55
0.0007099	7.32893e-53
0.000718281	3.34007e-52
0.000726662	1.0756e-49
0.000735043	4.95856e-49
0.000743424	1.25765e-46
0.000751805	5.86469e-46
0.000760186	1.17167e-43
0.000768566	5.52618e-43
0.000776947	8.69807e-41
0.000785328	4.14855e-40
0.000793709	5.14589e-38
0.00080209	2.48121e-37
0.000810471	2.42653e-35
0.000818851	1.1823e-34
0.000827232	9.12181e-33
0.000835613	4.4884e-32
0.000843994	2.73436e-30
0.000852375	1.35757e-29
0.000860756	6.53806e-28
0.000869136	3.27152e-27
0.000877517	1.24748e-25
0.000885898	6.28144e-25
0.000894279	1.90036e-23
0.00090266	9.60961e-23
0.000911041	2.31274e-21
0.000919421	1.1714e-20
0.000927802	2.25033e-19
0.000936183	1.13783e-18
0.000944564	1.75231e-17
0.000952945	8.80752e-17
0.000961326	1.09322e-15
0.000969707	5.43336e-15
0.000978087	5.47147e-14
0.000986468	2.67159e-13
0.000994849	2.20009e-12
0.00100323	1.04717e-11
0.00101161	7.11875e-11
0.00101999	3.27259e-10
0.00102837	1.85649e-09
0.00103675	8.15632e-09
0.00104513	3.90816e-08
0.00105351	1.62163e-07
0.0010619	6.64973e-07
0.00107028	2.57292e-06
0.00107866	9.15347e-06
0.00108704	3.25928e-05
0.00109542	0.000101975
0.0011038	0.000329829
0.00111218	0.000919286
0.00112056	0.00266829
0.00112894	0.00670056
0.00113732	0.0172711
0.0011457	0.039436
0.00115409	0.0895302
0.00116247	0.187329
0.00117085	0.372614
0.00117923	0.737833
0.00118761	1.29303
0.00119599	2.22567
0.00120437	3.53015
0.00121275	5.343
0.00122113	7.63867
0.00122951	10.247
0.00123789	13.1401
0.00124627	15.7814
0.00125466	18.1419
0.00126304	19.1594
0.00127142	19.5716
0.0012798	19.2817
0.00128818	17.5385
0.00129656	15.488
0.00130494	13.124
0.00131332	11.7382
0.0013217	11.1154
0.00133008	11.478
0.00133846	14.9398
0.00134684	21.7164
0.00135523	32.1363
0.00136361	48.4231
0.00137199	70.5506
0.00138037	101.253
0.00138875	140.543
0.00139713	190.253
0.00140551	250.483
0.00141389	320.272
0.00142227	399.775
0.00143065	484.866
0.00143903	575.572
0.00144741	667.427
0.0014558	760.206
0.00146418	852.794
0.00147256	944.92
0.00148094	1038.94
0.00148932	1134.89
0.0014977	1234.76
0.00150608	1338.89
0.00151446	1445.94
0.00152284	1556.09
0.00153122	1665.97
0.0015396	1775.4
0.00154798	1882.16
0.00155637	1985.96
0.00156475	2086.57
0.00157313	2183.91
0.00158151	2278.35
0.00158989	2369.95
0.00159827	2458.85
0.00160665	2545.09
0.00161503	2628.75
0.00162341	2709.86
0.00163179	2788.29
0.00164017	2864.22
0.00164855	2936.49
0.00165694	3005.41
0.00166532	3067.65
0.0016737	3123.41
0.00168208	3167.43
0.00169046	3200.88
0.00169884	3209.7
0.00170722	3201.35
0.0017156	3181.08
0.00172398	3130.28
0.00173236	3056.12
0.00174074	2961.35
0.00174912	2849.26
0.00175751	2719.7
0.00176589	2580.97
0.00177427	2434.07
0.00178265	2287.18
0.00179103	2142.47
0.00179941	2003.68
0.00180779	1872.92
0.00181617	1748.38
0.00182455	1630.58
0.00183293	1515.84
0.00184131	1403.13
0.00184969	1291.1
0.00185808	1178.61
0.00186646	1067.32
0.00187484	957.067
0.00188322	850.666
0.0018916	748.817
0.00189998	653.728
0.00190836	566.355
0.00191674	487.654
0.00192512	418.372
0.0019335	358.26
0.00194188	307.7
0.00195026	265.389
0.00195865	231.26
0.00196703	203.253
0.00197541	180.726
0.00198379	161.679
0.00199217	145.058
0.00200055	129.804
0.00200893	114.997
0.00201731	100.638
0.00202569	86.3539
0.00203407	72.624
0.00204245	59.5591
0.00205083	47.5543
0.00205922	36.8902
0.0020676	27.6691
0.00207598	20.0964
0.00208436	14.0056
0.00209274	9.41935
0.00210112	6.03942
0.0021095	3.71454
0.00211788	2.17819
0.00212626	1.20212
0.00213464	0.64812
0.00214302	0.312394
0.0021514	0.157604
0.00215979	0.0626539
0.00216817	0.0310039
