0.000500379	7.05899e-57
0.000507922	1.62117e-54
0.000515465	6.46349e-54
0.000523008	1.22867e-51
0.00053055	4.93843e-51
0.000538093	7.76243e-49
0.000545636	3.14853e-48
0.000553179	4.09269e-46
0.000560721	1.67504e-45
0.000568264	1.80093e-43
0.000575807	7.43602e-43
0.00058335	6.61445e-41
0.000590892	2.75459e-40
0.000598435	2.02787e-38
0.000605978	8.5148e-38
0.000613521	5.19024e-36
0.000621063	2.19632e-35
0.000628606	1.10916e-33
0.000636149	4.72741e-33
0.000643692	1.97943e-31
0.000651234	8.49102e-31
0.000658777	2.9506e-29
0.00066632	1.27265e-28
0.000673862	3.67468e-27
0.000681405	1.59177e-26
0.000688948	3.82469e-25
0.000696491	1.6614e-24
0.000704033	3.32813e-23
0.000711576	1.44712e-22
0.000719119	2.42224e-21
0.000726662	1.05192e-20
0.000734204	1.47524e-19
0.000741747	6.3814e-19
0.00074929	7.52299e-18
0.000756833	3.23093e-17
0.000764375	3.21428e-16
0.000771918	1.36533e-15
0.000779461	1.15149e-14
0.000787004	4.81585e-14
0.000794546	3.46148e-13
0.000802089	1.41797e-12
0.000809632	8.73889e-12
0.000817175	3.48545e-11
0.000824717	1.85444e-10
0.00083226	7.15324e-10
0.000839803	3.31047e-09
0.000847345	1.22592e-08
0.000854888	4.97524e-08
0.000862431	1.75472e-07
0.000869974	6.29879e-07
0.000877516	2.09816e-06
0.000885059	6.72063e-06
0.000892602	2.09636e-05
0.000900145	6.04458e-05
0.000907687	0.000175074
0.00091523	0.000458252
0.000922773	0.00122255
0.000930316	0.00292742
0.000937858	0.00714147
0.000945401	0.015749
0.000952944	0.0349137
0.000960487	0.0712931
0.000968029	0.142934
0.000975572	0.278019
0.000983115	0.500248
0.000990658	0.891295
0.0009982	1.46609
0.00100574	2.36104
0.00101329	3.57392
0.00102083	5.21816
0.00102837	7.26263
0.00103591	9.65045
0.00104346	12.3344
0.001051	14.9923
0.00105854	17.6024
0.00106608	19.729
0.00107363	21.4091
0.00108117	22.4906
0.00108871	23.0498
0.00109626	23.5544
0.0011038	24.0305
0.00111134	25.1937
0.00111888	27.3597
0.00112643	31.0262
0.00113397	36.1579
0.00114151	42.8241
0.00114906	50.9866
0.0011566	60.1921
0.00116414	70.4572
0.00117168	81.5504
0.00117923	93.5172
0.00118677	106.926
0.00119431	121.802
0.00120185	139.311
0.0012094	159.448
0.00121694	183.348
0.00122448	211.003
0.00123203	243.433
0.00123957	280.637
0.00124711	324.1
0.00125465	373.811
0.0012622	431.775
0.00126974	497.985
0.00127728	573.573
0.00128482	658.581
0.00129237	751.56
0.00129991	852.586
0.00130745	957.92
0.001315	1067.56
0.00132254	1178.26
0.00133008	1289.88
0.00133762	1402.14
0.00134517	1514.92
0.00135271	1630.04
0.00136025	1747.59
0.00136779	1868.17
0.00137534	1992.02
0.00138288	2116.84
0.00139042	2242.74
0.00139797	2366.23
0.00140551	2487.2
0.00141305	2603.19
0.00142059	2714.1
0.00142814	2818.08
0.00143568	2915.2
0.00144322	3002.4
0.00145076	3079.73
0.00145831	3143.33
0.00146585	3193.79
0.00147339	3221.49
0.00148094	3234.16
0.00148848	3234.63
0.00149602	3212.24
0.00150356	3175.54
0.00151111	3125.74
0.00151865	3067.64
0.00152619	3001.71
0.00153373	2932.45
0.00154128	2860.71
0.00154882	2787.65
0.00155636	2713.9
0.00156391	2637.96
0.00157145	2559.81
0.00157899	2478.07
0.00158653	2392.3
0.00159408	2302.9
0.00160162	2209.67
0.00160916	2114.05
0.0016167	2016.16
0.00162425	1917.28
0.00163179	1817.58
0.00163933	1718.21
0.00164688	1619.33
0.00165442	1522.18
0.00166196	1427.11
0.0016695	1334.64
0.00167705	1245.21
0.00168459	1157.94
0.00169213	1072.85
0.00169968	988.779
0.00170722	905.212
0.00171476	822.344
0.0017223	739.75
0.00172985	659.169
0.00173739	580.78
0.00174493	506.641
0.00175247	437.411
0.00176002	374.362
0.00176756	318.203
0.0017751	269.08
0.00178265	227.458
0.00179019	192.41
0.00179773	163.993
0.00180527	140.553
0.00181282	121.631
0.00182036	105.628
0.0018279	91.7362
0.00183544	79.1761
0.00184299	67.257
0.00185053	56.0913
0.00185807	45.4608
0.00186562	35.7764
0.00187316	27.2079
0.0018807	19.9016
0.00188824	14.0611
0.00189579	9.48584
0.00190333	6.18306
0.00191087	3.83877
0.00191841	2.2919
0.00192596	1.31298
0.0019335	0.705953
0.00194104	0.379473
0.00194859	0.183309
0.00195613	0.0925617
0.00196367	0.041342
0.00197121	0.0189823
0.00197876	0.00789634
0.0019863	0.00327002
0.00199384	0.00117215
0.00200138	0.000472858
