0.000500379	6.39247e-36
0.000507084	2.05121e-34
0.000513789	8.01305e-34
0.000520493	2.23421e-32
0.000527198	8.69985e-32
0.000533903	2.09329e-30
0.000540607	8.18112e-30
0.000547312	1.70044e-28
0.000554017	6.66352e-28
0.000560721	1.19786e-26
0.000567426	4.70099e-26
0.000574131	7.31922e-25
0.000580835	2.8726e-24
0.00058754	3.88016e-23
0.000594244	1.52043e-22
0.000600949	1.7852e-21
0.000607654	6.97066e-21
0.000614358	7.13046e-20
0.000621063	2.76824e-19
0.000627768	2.47343e-18
0.000634472	9.52288e-18
0.000641177	7.45428e-17
0.000647882	2.8378e-16
0.000654586	1.95262e-15
0.000661291	7.32591e-15
0.000667995	4.44765e-14
0.0006747	1.63843e-13
0.000681405	8.81335e-13
0.000688109	3.17469e-12
0.000694814	1.52002e-11
0.000701519	5.32986e-11
0.000708223	2.28269e-10
0.000714928	7.7536e-10
0.000721633	2.98617e-09
0.000728337	9.77474e-09
0.000735042	3.4041e-08
0.000741746	1.068e-07
0.000748451	3.38248e-07
0.000755156	1.01147e-06
0.00076186	2.93019e-06
0.000768565	8.30467e-06
0.00077527	2.21319e-05
0.000781974	5.91227e-05
0.000788679	0.000145744
0.000795384	0.000365039
0.000802088	0.000836644
0.000808793	0.00195515
0.000815497	0.00418551
0.000822202	0.00908642
0.000828907	0.0182407
0.000835611	0.0366534
0.000842316	0.0700148
0.000849021	0.129288
0.000855725	0.234948
0.00086243	0.399659
0.000869135	0.672854
0.000875839	1.06843
0.000882544	1.66649
0.000889249	2.47377
0.000895953	3.57782
0.000902658	4.96756
0.000909362	6.67653
0.000916067	8.67529
0.000922772	10.8769
0.000929476	13.253
0.000936181	15.6062
0.000942886	17.9406
0.00094959	20.0959
0.000956295	22.1244
0.000963	24.129
0.000969704	26.1878
0.000976409	28.7871
0.000983113	31.9819
0.000989818	36.4978
0.000996523	42.333
0.00100323	50.0976
0.00100993	59.747
0.00101664	71.4897
0.00102334	85.2904
0.00103005	101.031
0.00103675	118.73
0.00104346	138.404
0.00105016	160.12
0.00105686	184.529
0.00106357	211.695
0.00107027	242.957
0.00107698	278.321
0.00108368	319.215
0.00109039	365.577
0.00109709	417.998
0.0011038	476.396
0.0011105	539.945
0.00111721	608.598
0.00112391	680.376
0.00113062	755.288
0.00113732	831.225
0.00114402	908.225
0.00115073	985.223
0.00115743	1062.25
0.00116414	1139.91
0.00117084	1218.21
0.00117755	1299.19
0.00118425	1382.82
0.00119096	1471.46
0.00119766	1565.11
0.00120437	1664.98
0.00121107	1771.11
0.00121778	1882.42
0.00122448	1999
0.00123119	2117.43
0.00123789	2237.8
0.00124459	2355.46
0.0012513	2470.42
0.001258	2578.34
0.00126471	2679.12
0.00127141	2769.84
0.00127812	2850.34
0.00128482	2919.67
0.00129153	2977.61
0.00129823	3025.38
0.00130494	3062.84
0.00131164	3092.68
0.00131835	3114.99
0.00132505	3132.33
0.00133175	3145.66
0.00133846	3149.11
0.00134516	3149.47
0.00135187	3148.17
0.00135857	3132.83
0.00136528	3106.29
0.00137198	3069.42
0.00137869	3021.94
0.00138539	2963.33
0.0013921	2897.94
0.0013988	2825.89
0.00140551	2751.5
0.00141221	2675.5
0.00141891	2598.91
0.00142562	2522.36
0.00143232	2443.83
0.00143903	2363.28
0.00144573	2278.66
0.00145244	2189.43
0.00145914	2095.87
0.00146585	1997.56
0.00147255	1896.8
0.00147926	1793.71
0.00148596	1690.81
0.00149267	1588.56
0.00149937	1488.6
0.00150608	1391.35
0.00151278	1297.68
0.00151948	1207.85
0.00152619	1122.43
0.00153289	1041.59
0.0015396	965.638
0.0015463	894.743
0.00155301	828.74
0.00155971	767.752
0.00156642	711.082
0.00157312	658.724
0.00157983	609.609
0.00158653	563.548
0.00159324	519.453
0.00159994	476.963
0.00160664	435.455
0.00161335	394.529
0.00162005	354.363
0.00162676	314.754
0.00163346	276.517
0.00164017	239.793
0.00164687	205.446
0.00165358	173.855
0.00166028	145.414
0.00166699	120.466
0.00167369	98.8669
0.0016804	80.73
0.0016871	65.6382
0.00169381	53.4954
0.00170051	43.8549
0.00170721	36.5364
0.00171392	31.113
0.00172062	27.3907
0.00172733	24.9226
0.00173403	23.4812
0.00174074	22.637
0.00174744	22.1091
0.00175415	21.6129
0.00176085	20.8737
0.00176756	19.8417
0.00177426	18.3557
0.00178097	16.5555
0.00178767	14.448
0.00179437	12.2196
0.00180108	9.99553
0.00180778	7.88676
0.00181449	6.02906
0.00182119	4.43011
0.0018279	3.1476
0.0018346	2.16179
