0.000166815	1.21184e-61
0.00017352	5.58142e-59
0.000180225	2.22893e-58
0.000186929	8.29915e-56
0.000193634	3.34447e-55
0.000200339	1.00616e-52
0.000207043	4.09397e-52
0.000213748	9.95202e-50
0.000220453	4.08849e-49
0.000227157	8.03146e-47
0.000233862	3.33116e-46
0.000240566	5.28878e-44
0.000247271	2.21439e-43
0.000253976	2.8421e-41
0.00026068	1.20104e-40
0.000267385	1.24653e-38
0.00027409	5.3152e-38
0.000280794	4.4628e-36
0.000287499	1.91939e-35
0.000294204	1.30448e-33
0.000300908	5.65596e-33
0.000307613	3.11379e-31
0.000314317	1.36011e-30
0.000321022	6.0713e-29
0.000327727	2.66928e-28
0.000334431	9.67287e-27
0.000341136	4.27555e-26
0.000347841	1.25974e-24
0.000354545	5.58989e-24
0.00036125	1.34175e-22
0.000367955	5.9657e-22
0.000374659	1.1694e-20
0.000381364	5.19768e-20
0.000388068	8.34555e-19
0.000394773	3.69738e-18
0.000401478	4.88072e-17
0.000408182	2.14767e-16
0.000414887	2.34123e-15
0.000421592	1.01881e-14
0.000428296	9.22109e-14
0.000435001	3.94765e-13
0.000441706	2.9853e-12
0.00044841	1.24967e-11
0.000455115	7.95413e-11
0.000461819	3.23268e-10
0.000468524	1.7464e-09
0.000475229	6.83546e-09
0.000481933	3.16363e-08
0.000488638	1.18186e-07
0.000495343	4.73402e-07
0.000502047	1.67169e-06
0.000508752	5.85769e-06
0.000515457	1.93552e-05
0.000522161	5.99847e-05
0.000528866	0.000183583
0.000535571	0.000508687
0.000542275	0.001428
0.00054898	0.00357412
0.000555684	0.00912287
0.000562389	0.0208163
0.000569094	0.0479695
0.000575798	0.100572
0.000582503	0.208236
0.000589208	0.410908
0.000595912	0.760285
0.000602617	1.38848
0.000609322	2.33101
0.000616026	3.84756
0.000622731	5.95977
0.000629435	8.9828
0.00063614	12.9126
0.000642845	17.9872
0.000649549	24.1838
0.000656254	31.5634
0.000662959	40.1085
0.000669663	49.7464
0.000676368	60.4841
0.000683073	72.2799
0.000689777	85.1744
0.000696482	99.3953
0.000703186	115.017
0.000709891	132.828
0.000716596	152.905
0.0007233	176.697
0.000730005	204.214
0.00073671	237.001
0.000743414	274.973
0.000750119	318.624
0.000756824	367.84
0.000763528	421.443
0.000770233	479.397
0.000776937	539.787
0.000783642	602.667
0.000790347	667.158
0.000797051	733.321
0.000803756	801.989
0.000810461	873.17
0.000817165	948.302
0.00082387	1027.36
0.000830575	1110.77
0.000837279	1198.52
0.000843984	1289.39
0.000850689	1383.37
0.000857393	1478.41
0.000864098	1574.49
0.000870802	1670.36
0.000877507	1765.98
0.000884212	1861.69
0.000890916	1957.46
0.000897621	2054.12
0.000904326	2151.7
0.00091103	2249.86
0.000917735	2348.65
0.00092444	2446.69
0.000931144	2543.96
0.000937849	2639.32
0.000944553	2732.78
0.000951258	2823.3
0.000957963	2911
0.000964667	2993.49
0.000971372	3070.9
0.000978077	3139.23
0.000984781	3198.42
0.000991486	3245.39
0.000998191	3281.29
0.0010049	3292.32
0.0010116	3294.61
0.0010183	3292.73
0.00102501	3269.7
0.00103171	3238.31
0.00103842	3200.7
0.00104512	3159.01
0.00105183	3113.99
0.00105853	3064.97
0.00106524	3012.48
0.00107194	2952.61
0.00107865	2885.04
0.00108535	2807
0.00109206	2717.59
0.00109876	2618.47
0.00110546	2509.04
0.00111217	2394.52
0.00111887	2275.24
0.00112558	2156.3
0.00113228	2038.7
0.00113899	1924.64
0.00114569	1814.98
0.0011524	1709.07
0.0011591	1607.17
0.00116581	1507.79
0.00117251	1410.67
0.00117922	1315.1
0.00118592	1220.75
0.00119263	1127.89
0.00119933	1036.35
0.00120603	947.077
0.00121274	860.071
0.00121944	776.72
0.00122615	697.242
0.00123285	623.027
0.00123956	554.505
0.00124626	492.379
0.00125297	437.111
0.00125967	388.328
0.00126638	346.272
0.00127308	309.652
0.00127979	278.342
0.00128649	250.667
0.00129319	226.132
0.0012999	203.439
0.0013066	181.925
0.00131331	161.237
0.00132001	140.928
0.00132672	121.439
0.00133342	102.761
0.00134013	85.4371
0.00134683	69.7306
0.00135354	55.8026
0.00136024	43.8621
0.00136695	33.7333
0.00137365	25.4378
0.00138035	18.6981
0.00138706	13.416
0.00139376	9.32774
0.00140047	6.29614
0.00140717	4.09136
0.00141388	2.56557
0.00142058	1.54412
0.00142729	0.887359
0.00143399	0.493173
0.0014407	0.251807
0.0014474	0.132346
0.00145411	0.0613743
0.00146081	0.029506
0.00146752	0.0126004
0.00147422	0.00543109
0.00148092	0.00215294
0.00148763	0.000822406
0.00149433	0.000282254
0.00150104	0.000102203
