0.000166815	8.70779e-19
0.000172682	4.91435e-18
0.000178548	1.70451e-17
0.000184415	9.14991e-17
0.000190282	3.00663e-16
0.000196148	1.47598e-15
0.000202015	4.77923e-15
0.000207881	2.15089e-14
0.000213748	6.84614e-14
0.000219614	2.83215e-13
0.000225481	8.83809e-13
0.000231347	3.37022e-12
0.000237214	1.02828e-11
0.00024308	3.62514e-11
0.000248947	1.07827e-10
0.000254813	3.52525e-10
0.00026068	1.01912e-09
0.000266547	3.0997e-09
0.000272413	8.68229e-09
0.00027828	2.46473e-08
0.000284146	6.66791e-08
0.000290013	1.77249e-07
0.000295879	4.61669e-07
0.000301746	1.15292e-06
0.000307612	2.88209e-06
0.000313479	6.78329e-06
0.000319345	1.62249e-05
0.000325212	3.61011e-05
0.000331078	8.23827e-05
0.000336945	0.000173801
0.000342812	0.000377374
0.000348678	0.000756922
0.000354545	0.00156002
0.000360411	0.00298232
0.000366278	0.00582236
0.000372144	0.0107019
0.000378011	0.0196834
0.000383877	0.0350758
0.000389744	0.0605314
0.00039561	0.102758
0.000401477	0.168265
0.000407343	0.271854
0.00041321	0.423623
0.000419077	0.651424
0.000424943	0.968479
0.00043081	1.41936
0.000436676	2.01863
0.000442543	2.82702
0.000448409	3.85844
0.000454276	5.1846
0.000460142	6.81856
0.000466009	8.83841
0.000471875	11.2587
0.000477742	14.1679
0.000483608	17.5841
0.000489475	21.6181
0.000495342	26.2879
0.000501208	31.7297
0.000507075	37.9507
0.000512941	45.0799
0.000518808	53.1039
0.000524674	62.0762
0.000530541	71.9673
0.000536407	82.7007
0.000542274	94.2544
0.00054814	106.461
0.000554007	119.336
0.000559873	132.788
0.00056574	146.879
0.000571606	161.814
0.000577473	177.681
0.00058334	195.089
0.000589206	214.101
0.000595073	235.59
0.000600939	259.555
0.000606806	286.755
0.000612672	317.127
0.000618539	350.91
0.000624405	388.018
0.000630272	428.011
0.000636138	470.83
0.000642005	515.58
0.000647871	562.256
0.000653738	609.984
0.000659605	658.8
0.000665471	708.263
0.000671338	758.411
0.000677204	809.31
0.000683071	860.978
0.000688937	913.722
0.000694804	967.536
0.00070067	1022.6
0.000706537	1078.91
0.000712403	1136.28
0.00071827	1194.71
0.000724136	1253.64
0.000730003	1313.08
0.00073587	1372.16
0.000741736	1430.88
0.000747603	1488.21
0.000753469	1544.15
0.000759336	1597.66
0.000765202	1648.76
0.000771069	1696.74
0.000776935	1741.61
0.000782802	1783.28
0.000788668	1821.74
0.000794535	1857.47
0.000800401	1890.48
0.000806268	1921.41
0.000812135	1950.27
0.000818001	1977.33
0.000823868	2002.64
0.000829734	2025.85
0.000835601	2047
0.000841467	2065.42
0.000847334	2081.11
0.0008532	2093.65
0.000859067	2103.06
0.000864933	2108.73
0.0008708	2111.55
0.000876666	2111.73
0.000882533	2108.65
0.0008884	2102.59
0.000894266	2093.7
0.000900133	2081.05
0.000905999	2064.72
0.000911866	2043.14
0.000917732	2016.28
0.000923599	1982.57
0.000929465	1941.82
0.000935332	1893.44
0.000941198	1837.17
0.000947065	1773.93
0.000952931	1703.55
0.000958798	1628.42
0.000964665	1548.54
0.000970531	1467.01
0.000976398	1384.07
0.000982264	1302.5
0.000988131	1222.69
0.000993997	1146.37
0.000999864	1073.92
0.00100573	1005.82
0.0010116	942.326
0.00101746	882.972
0.00102333	827.83
0.0010292	776.005
0.00103506	727.41
0.00104093	681.206
0.0010468	637.217
0.00105266	594.953
0.00105853	554.237
0.0010644	515.012
0.00107026	477.168
0.00107613	440.985
0.001082	406.457
0.00108786	373.974
0.00109373	343.626
0.00109959	315.66
0.00110546	290.205
0.00111133	267.2
0.00111719	246.731
0.00112306	228.432
0.00112893	212.286
0.00113479	197.762
0.00114066	184.739
0.00114653	172.723
0.00115239	161.533
0.00115826	150.865
0.00116413	140.553
0.00116999	130.513
0.00117586	120.65
0.00118173	111.023
0.00118759	101.621
0.00119346	92.529
0.00119933	83.7833
0.00120519	75.4264
0.00121106	67.4925
0.00121693	59.9809
0.00122279	52.9008
0.00122866	46.2488
0.00123453	40.019
0.00124039	34.2314
0.00124626	28.8889
0.00125212	24.0227
0.00125799	19.6525
0.00126386	15.7884
0.00126972	12.4528
0.00127559	9.61562
0.00128146	7.27951
0.00128732	5.3824
0.00129319	3.89698
0.00129906	2.75275
0.00130492	1.90016
0.00131079	1.28111
0.00131666	0.840564
0.00132252	0.541082
0.00132839	0.32311
0.00133426	0.207043
