0.000166815	4.76569e-37
0.00017352	1.88256e-35
0.000180225	7.38726e-35
0.000186929	2.50895e-33
0.000193634	9.83559e-33
0.000200339	2.85619e-31
0.000207043	1.12481e-30
0.000213748	2.7954e-29
0.000220453	1.10489e-28
0.000227157	2.35259e-27
0.000233862	9.32244e-27
0.000240566	1.70292e-25
0.000247271	6.75636e-25
0.000253976	1.06048e-23
0.00026068	4.20606e-23
0.000267385	5.68332e-22
0.00027409	2.24918e-21
0.000280794	2.62205e-20
0.000287499	1.03316e-19
0.000294204	1.0418e-18
0.000300908	4.07682e-18
0.000307613	3.56632e-17
0.000314317	1.38196e-16
0.000321022	1.05232e-15
0.000327727	4.02447e-15
0.000334431	2.67785e-14
0.000341136	1.00689e-13
0.000347841	5.8798e-13
0.000354545	2.16443e-12
0.00036125	1.11457e-11
0.000367955	3.99784e-11
0.000374659	1.82498e-10
0.000381364	6.34553e-10
0.000388068	2.58245e-09
0.000394773	8.65611e-09
0.000401478	3.1596e-08
0.000408182	1.01497e-07
0.000414887	3.34375e-07
0.000421592	1.02316e-06
0.000428296	3.0618e-06
0.000435001	8.86943e-06
0.000441706	2.4264e-05
0.00044841	6.61377e-05
0.000455115	0.000166437
0.000461819	0.00042441
0.000468524	0.00098827
0.000475229	0.00234504
0.000481933	0.00508002
0.000488638	0.0111657
0.000495343	0.0226086
0.000502047	0.0458631
0.000508752	0.0879957
0.000515457	0.163733
0.000522161	0.299189
0.000528866	0.511366
0.000535571	0.864841
0.000542275	1.37982
0.00054898	2.16456
0.000555684	3.23461
0.000562389	4.724
0.000569094	6.6332
0.000575798	9.06838
0.000582503	12.0121
0.000589208	15.4802
0.000595912	19.4474
0.000602617	23.819
0.000609322	28.579
0.000616026	33.5745
0.000622731	38.8121
0.000629435	44.1892
0.00063614	49.7395
0.000642845	55.5397
0.000649549	61.6418
0.000656254	68.3937
0.000662959	75.8399
0.000669663	84.5544
0.000676368	94.5464
0.000683073	106.381
0.000689777	120.029
0.000696482	135.777
0.000703186	153.592
0.000709891	173.456
0.000716596	195.369
0.0007233	219.315
0.000730005	245.321
0.00073671	273.697
0.000743414	304.464
0.000750119	338.21
0.000756824	374.924
0.000763528	415.052
0.000770233	458.571
0.000776937	505.481
0.000783642	555.781
0.000790347	609.396
0.000797051	666.356
0.000803756	727.466
0.000810461	792.754
0.000817165	864.469
0.00082387	942.6
0.000830575	1029.87
0.000837279	1126.25
0.000843984	1232.51
0.000850689	1348.69
0.000857393	1471.63
0.000864098	1601.4
0.000870802	1731.61
0.000877507	1862.3
0.000884212	1987.34
0.000890916	2106.63
0.000897621	2217.89
0.000904326	2320.91
0.00091103	2417.6
0.000917735	2507.9
0.00092444	2594.68
0.000931144	2678.11
0.000937849	2758.4
0.000944553	2835.81
0.000951258	2907.13
0.000957963	2972.44
0.000964667	3027.66
0.000971372	3072.53
0.000978077	3105.76
0.000984781	3127.9
0.000991486	3132.26
0.000998191	3130.18
0.0010049	3124.6
0.0010116	3107.49
0.0010183	3086.58
0.00102501	3063.04
0.00103171	3037.68
0.00103842	3010.93
0.00104512	2981.55
0.00105183	2949.74
0.00105853	2912.7
0.00106524	2870.24
0.00107194	2820.19
0.00107865	2762.09
0.00108535	2696.01
0.00109206	2621.59
0.00109876	2541
0.00110546	2454.27
0.00111217	2364.08
0.00111887	2270.81
0.00112558	2176.11
0.00113228	2080.4
0.00113899	1984.11
0.00114569	1887.42
0.0011524	1790.35
0.0011591	1692.9
0.00116581	1595.39
0.00117251	1497.84
0.00117922	1400.74
0.00118592	1304.19
0.00119263	1208.41
0.00119933	1113.47
0.00120603	1019.42
0.00121274	926.173
0.00121944	834.332
0.00122615	743.764
0.00123285	656.037
0.00123956	571.275
0.00124626	491.544
0.00125297	417.355
0.00125967	350.29
0.00126638	291.05
0.00127308	240
0.00127979	197.664
0.00128649	163.171
0.00129319	136.609
0.0012999	116.416
0.0013066	102.254
0.00131331	92.4877
0.00132001	86.4033
0.00132672	83.1844
0.00133342	81.6676
0.00134013	80.7987
0.00134683	80.3125
0.00135354	79.5323
0.00136024	77.865
0.00136695	75.0962
0.00137365	70.9818
0.00138035	65.7571
0.00138706	59.3597
0.00139376	52.3165
0.00140047	44.826
0.00140717	37.3729
0.00141388	30.2834
0.00142058	23.7969
0.00142729	18.1873
0.00143399	13.4373
0.0014407	9.66079
0.0014474	6.7008
0.00145411	4.51718
0.00146081	2.94003
0.00146752	1.8502
0.00147422	1.1311
0.00148092	0.660447
0.00148763	0.380405
0.00149433	0.185384
0.00150104	0.111548
