0.000100103	0.000784942
0.00010312	0.00132032
0.000106137	0.00292644
0.000109154	0.00524326
0.000112171	0.0100053
0.000115188	0.0174947
0.000118205	0.031413
0.000121222	0.0532
0.000124239	0.0905639
0.000127256	0.147938
0.000130273	0.23979
0.00013329	0.376995
0.000136307	0.583384
0.000139324	0.881514
0.000142341	1.30521
0.000145358	1.89421
0.000148375	2.6888
0.000151392	3.74797
0.000154408	5.11
0.000157425	6.847
0.000160442	8.9845
0.000163459	11.5916
0.000166476	14.6744
0.000169493	18.2781
0.00017251	22.3942
0.000175527	27.0321
0.000178544	32.1849
0.000181561	37.8386
0.000184578	44.0094
0.000187595	50.6983
0.000190612	57.957
0.000193629	65.8506
0.000196646	74.46
0.000199663	83.9444
0.00020268	94.3888
0.000205697	106.031
0.000208714	118.928
0.000211731	133.332
0.000214748	149.247
0.000217765	166.845
0.000220782	186.083
0.000223799	206.978
0.000226816	229.475
0.000229833	253.45
0.00023285	278.896
0.000235867	305.681
0.000238884	333.9
0.000241901	363.648
0.000244918	395.125
0.000247935	428.863
0.000250952	465.102
0.000253969	504.834
0.000256986	548.23
0.000260003	596.482
0.00026302	649.608
0.000266037	708.533
0.000269054	773.111
0.000272071	843.563
0.000275088	919.645
0.000278105	1000.7
0.000281122	1086.51
0.000284139	1175.74
0.000287156	1268.29
0.000290173	1362.7
0.00029319	1459.01
0.000296207	1556.28
0.000299224	1654.67
0.000302241	1754.22
0.000305258	1855.17
0.000308275	1958.71
0.000311292	2065.03
0.000314309	2176.13
0.000317326	2292.06
0.000320343	2414.79
0.00032336	2544.2
0.000326377	2681.13
0.000329394	2825.27
0.000332411	2975.4
0.000335428	3131.19
0.000338445	3289.08
0.000341462	3448.87
0.000344479	3605.67
0.000347496	3759.5
0.000350513	3906
0.00035353	4045.4
0.000356547	4175.85
0.000359564	4297.63
0.000362581	4412.26
0.000365598	4519.89
0.000368615	4624.44
0.000371632	4725.9
0.000374649	4828.11
0.000377666	4930.93
0.000380683	5035.54
0.0003837	5141.79
0.000386717	5246.89
0.000389734	5350.76
0.000392751	5447.32
0.000395768	5536.61
0.000398785	5611.61
0.000401802	5672.36
0.000404819	5713.64
0.000407836	5735.44
0.000410853	5735.85
0.00041387	5715.09
0.000416887	5674.88
0.000419904	5615.13
0.000422921	5540.17
0.000425938	5449.95
0.000428955	5349.54
0.000431972	5238.94
0.000434989	5122.73
0.000438006	5000.95
0.000441023	4877.18
0.00044404	4751.48
0.000447057	4626.54
0.000450074	4502.42
0.000453091	4381.15
0.000456108	4262.8
0.000459125	4148.82
0.000462142	4039.32
0.000465159	3934.93
0.000468176	3835.8
0.000471193	3741.44
0.00047421	3651.99
0.000477227	3565.62
0.000480244	3482.45
0.000483261	3399.43
0.000486278	3316.55
0.000489295	3230.24
0.000492312	3140.29
0.000495329	3043.63
0.000498346	2939.9
0.000501363	2827.67
0.00050438	2706.48
0.000507397	2577.24
0.000510414	2439.58
0.000513431	2296.61
0.000516448	2148.25
0.000519465	1998.9
0.000522482	1848.83
0.000525499	1702.43
0.000528516	1560.26
0.000531533	1425.54
0.00053455	1298.94
0.000537567	1181.84
0.000540584	1074.81
0.000543601	977.438
0.000546618	890.014
0.000549635	810.933
0.000552652	740.14
0.000555669	675.667
0.000558686	617.195
0.000561703	563.121
0.00056472	513.026
0.000567737	466.04
0.000570754	421.817
0.000573771	380.172
0.000576788	340.933
0.000579805	304.289
0.000582822	270.235
0.000585839	238.981
0.000588856	210.611
0.000591873	185.134
0.00059489	162.624
0.000597907	142.851
0.000600924	125.817
0.000603941	111.142
0.000606958	98.7455
0.000609975	88.2281
0.000612992	79.4572
0.000616009	72.1075
0.000619026	66.0403
0.000622043	61.0266
0.00062506	56.9562
0.000628077	53.657
0.000631094	51.0517
0.000634111	48.9702
0.000637128	47.3459
0.000640145	45.9886
0.000643162	44.8149
0.000646179	43.6446
0.000649196	42.3718
0.000652213	40.8842
0.00065523	39.0788
0.000658247	36.9508
0.000661264	34.441
0.000664281	31.6431
0.000667298	28.5676
0.000670315	25.354
0.000673332	22.0755
0.000676349	18.8542
0.000679366	15.7903
0.000682383	12.9485
0.0006854	10.4132
0.000688417	8.1884
0.000691434	6.31579
0.000694451	4.76008
0.000697468	3.49941
0.000700485	2.54127
