0.000166815	13.0455
0.000171844	15.9982
0.000176872	19.4022
0.000181901	23.2607
0.000186929	27.5649
0.000191958	32.3199
0.000196986	37.4877
0.000202014	43.0463
0.000207043	48.9426
0.000212071	55.1268
0.0002171	61.5404
0.000222128	68.1115
0.000227157	74.787
0.000232185	81.4837
0.000237214	88.1636
0.000242242	94.7465
0.00024727	101.218
0.000252299	107.519
0.000257327	113.666
0.000262356	119.639
0.000267384	125.49
0.000272413	131.259
0.000277441	137.031
0.000282469	142.921
0.000287498	149.036
0.000292526	155.565
0.000297555	162.613
0.000302583	170.423
0.000307612	179.073
0.00031264	188.811
0.000317669	199.67
0.000322697	211.844
0.000327725	225.32
0.000332754	240.189
0.000337782	256.407
0.000342811	273.951
0.000347839	292.773
0.000352868	312.767
0.000357896	333.902
0.000362924	356.052
0.000367953	379.214
0.000372981	403.299
0.00037801	428.321
0.000383038	454.255
0.000388067	481.107
0.000393095	508.887
0.000398123	537.576
0.000403152	567.15
0.00040818	597.565
0.000413209	628.698
0.000418237	660.494
0.000423266	692.723
0.000428294	725.346
0.000433323	758.084
0.000438351	790.94
0.000443379	823.713
0.000448408	856.459
0.000453436	889.187
0.000458465	921.995
0.000463493	955.192
0.000468522	988.883
0.00047355	1023.67
0.000478578	1059.62
0.000483607	1097.51
0.000488635	1137.35
0.000493664	1179.87
0.000498692	1225.04
0.000503721	1273.31
0.000508749	1324.62
0.000513778	1379.01
0.000518806	1436.39
0.000523834	1496.31
0.000528863	1558.69
0.000533891	1622.64
0.00053892	1688.11
0.000543948	1753.88
0.000548977	1819.9
0.000554005	1884.81
0.000559033	1948.58
0.000564062	2009.84
0.00056909	2068.59
0.000574119	2123.61
0.000579147	2174.93
0.000584176	2221.66
0.000589204	2263.83
0.000594233	2301.01
0.000599261	2333.26
0.000604289	2360.65
0.000609318	2383.24
0.000614346	2401.62
0.000619375	2415.8
0.000624403	2426.7
0.000629432	2434.32
0.00063446	2439.78
0.000639488	2443.02
0.000644517	2443.41
0.000649545	2443.21
0.000654574	2442.37
0.000659602	2439.02
0.000664631	2434.06
0.000669659	2427.49
0.000674688	2418.49
0.000679716	2407.06
0.000684744	2392.42
0.000689773	2374.56
0.000694801	2352.95
0.00069983	2327.59
0.000704858	2298.41
0.000709887	2265.4
0.000714915	2229.06
0.000719943	2189.37
0.000724972	2147.24
0.00073	2102.66
0.000735029	2056.68
0.000740057	2009.31
0.000745086	1961.47
0.000750114	1913.19
0.000755143	1865.03
0.000760171	1817.02
0.000765199	1769.3
0.000770228	1721.89
0.000775256	1674.55
0.000780285	1627.28
0.000785313	1579.59
0.000790342	1531.47
0.00079537	1482.38
0.000800398	1432.29
0.000805427	1380.8
0.000810455	1327.86
0.000815484	1273.35
0.000820512	1217.21
0.000825541	1159.67
0.000830569	1100.69
0.000835598	1040.83
0.000840626	980.057
0.000845654	919.169
0.000850683	858.188
0.000855711	798.001
0.00086074	738.669
0.000865768	681.034
0.000870797	625.185
0.000875825	571.799
0.000880853	520.979
0.000885882	473.165
0.00089091	428.451
0.000895939	387.028
0.000900967	348.968
0.000905996	314.235
0.000911024	282.871
0.000916052	254.666
0.000921081	229.629
0.000926109	207.433
0.000931138	188.055
0.000936166	171.097
0.000941195	156.512
0.000946223	143.867
0.000951252	133.094
0.00095628	123.762
0.000961308	115.785
0.000966337	108.768
0.000971365	102.612
0.000976394	96.9933
0.000981422	91.8113
0.000986451	86.8451
0.000991479	82.0032
0.000996507	77.1835
0.00100154	72.3185
0.00100656	67.417
0.00101159	62.4466
0.00101662	57.4961
0.00102165	52.571
0.00102668	47.7948
0.00103171	43.2037
0.00103673	38.9088
0.00104176	34.962
0.00104679	31.4268
0.00105182	28.3514
0.00105685	25.7364
0.00106188	23.6097
0.00106691	21.9136
0.00107193	20.6463
0.00107696	19.7126
0.00108199	19.0805
0.00108702	18.6454
0.00109205	18.3538
0.00109708	18.1182
0.0011021	17.8778
0.00110713	17.5796
0.00111216	17.1716
0.00111719	16.64
0.00112222	15.9535
0.00112725	15.131
0.00113228	14.1669
0.0011373	13.0985
0.00114233	11.9431
0.00114736	10.741
0.00115239	9.52315
0.00115742	8.32093
0.00116245	7.17869
0.00116747	6.08124
