3.33898e-05	202.636
3.48982e-05	225.673
3.64066e-05	252.157
3.7915e-05	281.914
3.94234e-05	315.45
4.09318e-05	353.173
4.24402e-05	395.291
4.39487e-05	442.169
4.54571e-05	493.862
4.69655e-05	550.604
4.84739e-05	612.314
4.99823e-05	679.049
5.14907e-05	750.633
5.29991e-05	826.947
5.45076e-05	907.766
5.6016e-05	992.829
5.75244e-05	1081.9
5.90328e-05	1174.61
6.05412e-05	1270.73
6.20496e-05	1369.85
6.3558e-05	1471.8
6.50665e-05	1576.13
6.65749e-05	1682.78
6.80833e-05	1791.42
6.95917e-05	1902.15
7.11001e-05	2014.85
7.26085e-05	2129.83
7.41169e-05	2247.37
7.56253e-05	2367.93
7.71338e-05	2492.26
7.86422e-05	2620.85
8.01506e-05	2754.86
8.1659e-05	2894.63
8.31674e-05	3041.43
8.46758e-05	3195.3
8.61842e-05	3357.19
8.76927e-05	3526.76
8.92011e-05	3704.12
9.07095e-05	3888.62
9.22179e-05	4079.19
9.37263e-05	4274.98
9.52347e-05	4473.75
9.67431e-05	4674.65
9.82516e-05	4874.58
9.976e-05	5072.92
0.000101268	5266.34
0.000102777	5454.59
0.000104285	5634.9
0.000105794	5807.4
0.000107302	5970.57
0.00010881	6124.81
0.000110319	6270.15
0.000111827	6407.09
0.000113336	6537.07
0.000114844	6660.48
0.000116353	6779.53
0.000117861	6894.41
0.000119369	7007.29
0.000120878	7118.1
0.000122386	7228.23
0.000123895	7337.44
0.000125403	7445.91
0.000126911	7553.35
0.00012842	7658.8
0.000129928	7762.02
0.000131437	7861.31
0.000132945	7956.52
0.000134453	8045.78
0.000135962	8129.04
0.00013747	8204.72
0.000138979	8272.85
0.000140487	8332.38
0.000141996	8383.39
0.000143504	8425.4
0.000145012	8458.48
0.000146521	8483.58
0.000148029	8499.62
0.000149538	8501
0.000151046	8499.54
0.000152554	8493.17
0.000154063	8472.19
0.000155571	8444.11
0.00015708	8408.18
0.000158588	8364.08
0.000160097	8311.82
0.000161605	8251.58
0.000163113	8183.37
0.000164622	8107.55
0.00016613	8024.12
0.000167639	7933.72
0.000169147	7836.35
0.000170655	7732.94
0.000172164	7623.49
0.000173672	7509.16
0.000175181	7389.93
0.000176689	7267.03
0.000178197	7140.46
0.000179706	7011.32
0.000181214	6879.62
0.000182723	6746.16
0.000184231	6610.93
0.00018574	6474.3
0.000187248	6336.27
0.000188756	6196.61
0.000190265	6055.34
0.000191773	5911.67
0.000193282	5765.6
0.00019479	5615.94
0.000196298	5462.67
0.000197807	5304.55
0.000199315	5141.56
0.000200824	4972.96
0.000202332	4798.69
0.000203841	4619.11
0.000205349	4434.1
0.000206857	4245.47
0.000208366	4053.1
0.000209874	3860.12
0.000211383	3666.47
0.000212891	3476.04
0.000214399	3288.86
0.000215908	3108.68
0.000217416	2935.66
0.000218925	2772.5
0.000220433	2619.43
0.000221941	2477.58
0.00022345	2347.2
0.000224958	2227.75
0.000226467	2119.4
0.000227975	2020.41
0.000229484	1930.8
0.000230992	1848.23
0.0002325	1772.61
0.000234009	1701.6
0.000235517	1635.03
0.000237026	1570.95
0.000238534	1509.16
0.000240042	1448.27
0.000241551	1388.08
0.000243059	1327.71
0.000244568	1267
0.000246076	1205.51
0.000247585	1143.12
0.000249093	1079.77
0.000250601	1015.35
0.00025211	950.176
0.000253618	884.192
0.000255127	818.036
0.000256635	751.713
0.000258143	686.117
0.000259652	621.325
0.00026116	558.338
0.000262669	497.304
0.000264177	439.139
0.000265685	384.042
0.000267194	332.666
0.000268702	285.219
0.000270211	241.988
0.000271719	203.138
0.000273228	168.583
0.000274736	138.406
0.000276244	112.225
0.000277753	90.0251
0.000279261	71.25
0.00028077	55.7998
0.000282278	43.0719
0.000283786	32.9072
0.000285295	24.7578
0.000286803	18.4398
0.000288312	13.5151
0.00028982	9.80665
0.000291329	6.99959
0.000292837	4.94464
0.000294345	3.43632
0.000295854	2.36156
0.000297362	1.59792
0.000298871	1.06748
0.000300379	0.703359
0.000301887	0.45634
0.000303396	0.292901
0.000304904	0.184372
0.000306413	0.115341
0.000307921	0.0703563
0.000309429	0.042933
0.000310938	0.025343
0.000312446	0.0151008
0.000313955	0.00861222
0.000315463	0.00501744
0.000316972	0.00275046
0.00031848	0.00157617
0.000319988	0.000834421
0.000321497	0.00046762
0.000323005	0.000240252
0.000324514	0.000130908
0.000326022	6.53293e-05
0.00032753	3.45722e-05
0.000329039	1.67743e-05
0.000330547	8.61143e-06
0.000332056	3.66994e-06
0.000333564	2.02277e-06
