3.33898e-05	0.856545
3.52334e-05	1.2573
3.70771e-05	1.91171
3.89207e-05	2.77754
4.07644e-05	3.97816
4.2608e-05	5.59092
4.44517e-05	7.73064
4.62953e-05	10.5128
4.8139e-05	14.0563
4.99827e-05	18.5096
5.18263e-05	23.9708
5.367e-05	30.5999
5.55136e-05	38.4487
5.73573e-05	47.6524
5.92009e-05	58.1995
6.10446e-05	70.1586
6.28882e-05	83.4546
6.47319e-05	98.0576
6.65755e-05	113.845
6.84192e-05	130.679
7.02628e-05	148.416
7.21065e-05	166.827
7.39502e-05	185.776
7.57938e-05	204.979
7.76375e-05	224.336
7.94811e-05	243.561
8.13248e-05	262.615
8.31684e-05	281.271
8.50121e-05	299.586
8.68557e-05	317.474
8.86994e-05	335.109
9.0543e-05	352.656
9.23867e-05	370.411
9.42303e-05	388.887
9.6074e-05	408.478
9.79177e-05	430.098
9.97613e-05	454.171
0.000101605	481.96
0.000103449	513.829
0.000105292	551.212
0.000107136	594.334
0.00010898	644.523
0.000110823	701.834
0.000112667	767.215
0.000114511	840.581
0.000116354	922.342
0.000118198	1012.36
0.000120042	1110.55
0.000121885	1216.81
0.000123729	1330.79
0.000125572	1452.43
0.000127416	1581.39
0.00012926	1717.66
0.000131103	1860.99
0.000132947	2011.33
0.000134791	2168.44
0.000136634	2332.17
0.000138478	2501.94
0.000140322	2677.53
0.000142165	2857.77
0.000144009	3042.43
0.000145853	3229.78
0.000147696	3419.66
0.00014954	3610.16
0.000151384	3801.25
0.000153227	3991.34
0.000155071	4180.51
0.000156915	4367.88
0.000158758	4553.54
0.000160602	4737.31
0.000162446	4919.25
0.000164289	5099.49
0.000166133	5278.02
0.000167977	5454.94
0.00016982	5630.21
0.000171664	5803.74
0.000173507	5975.54
0.000175351	6145.56
0.000177195	6313.85
0.000179038	6480.75
0.000180882	6646.28
0.000182726	6811.09
0.000184569	6975.15
0.000186413	7138.8
0.000188257	7301.89
0.0001901	7463.48
0.000191944	7623.37
0.000193788	7778.58
0.000195631	7928.95
0.000197475	8069.56
0.000199319	8200.37
0.000201162	8315.65
0.000203006	8415.48
0.00020485	8495.75
0.000206693	8556.35
0.000208537	8589.36
0.000210381	8604.66
0.000212224	8602.11
0.000214068	8574.05
0.000215912	8529.89
0.000217755	8469.55
0.000219599	8398.83
0.000221442	8317.68
0.000223286	8232.46
0.00022513	8143.16
0.000226973	8054.24
0.000228817	7965.78
0.000230661	7878.79
0.000232504	7793.44
0.000234348	7706.81
0.000236192	7619.06
0.000238035	7524.23
0.000239879	7422.38
0.000241723	7306.61
0.000243566	7176.78
0.00024541	7027.68
0.000247254	6858.98
0.000249097	6669.3
0.000250941	6458.21
0.000252785	6228.93
0.000254628	5981.12
0.000256472	5721.74
0.000258316	5450.71
0.000260159	5176.56
0.000262003	4899.56
0.000263847	4627.39
0.00026569	4360.55
0.000267534	4104.08
0.000269377	3858.55
0.000271221	3625.81
0.000273065	3406.31
0.000274908	3199.39
0.000276752	3005.24
0.000278596	2822.03
0.000280439	2649.7
0.000282283	2486.38
0.000284127	2331.88
0.00028597	2184.9
0.000287814	2045.26
0.000289658	1912.2
0.000291501	1785.61
0.000293345	1665.07
0.000295189	1550.49
0.000297032	1441.62
0.000298876	1338.39
0.00030072	1240.69
0.000302563	1148.47
0.000304407	1061.85
0.000306251	980.779
0.000308094	905.571
0.000309938	836.257
0.000311782	773.097
0.000313625	716.2
0.000315469	665.487
0.000317312	621.085
0.000319156	582.352
0.000321	549.347
0.000322843	520.854
0.000324687	496.775
0.000326531	475.552
0.000328374	456.899
0.000330218	439.298
0.000332062	422.323
0.000333905	404.875
0.000335749	386.501
0.000337593	366.755
0.000339436	345.29
0.00034128	322.319
0.000343124	297.701
0.000344967	272.114
0.000346811	245.647
0.000348655	219.141
0.000350498	192.864
0.000352342	167.54
0.000354186	143.505
0.000356029	121.196
0.000357873	100.91
0.000359717	82.7566
0.00036156	66.9152
0.000363404	53.2419
0.000365247	41.7721
0.000367091	32.2228
0.000368935	24.5098
0.000370778	18.3195
0.000372622	13.4969
0.000374466	9.77044
0.000376309	6.96511
0.000378153	4.88195
0.000379997	3.36338
0.00038184	2.28242
0.000383684	1.51753
0.000385528	0.997222
0.000387371	0.638809
0.000389215	0.406711
0.000391059	0.250527
0.000392902	0.154676
0.000394746	0.0914065
0.00039659	0.054802
0.000398433	0.0284888
0.000400277	0.0180743
