0.000100103	0.000129382
0.00010312	0.000247083
0.000106137	0.000600189
0.000109154	0.00120171
0.000112171	0.00252892
0.000115188	0.00481254
0.000118205	0.00967996
0.000121222	0.0175523
0.000124239	0.0336665
0.000127256	0.0594066
0.000130273	0.106642
0.00013329	0.181469
0.000136307	0.307369
0.000139324	0.501829
0.000142341	0.806017
0.000145358	1.25962
0.000148375	1.92389
0.000151392	2.87367
0.000154408	4.18301
0.000157425	5.96795
0.000160442	8.29421
0.000163459	11.3041
0.000166476	15.0245
0.000169493	19.5781
0.00017251	24.9282
0.000175527	31.1106
0.000178544	38.027
0.000181561	45.5726
0.000184578	53.6245
0.000187595	61.9432
0.000190612	70.438
0.000193629	78.8197
0.000196646	87.074
0.000199663	94.9932
0.00020268	102.646
0.000205697	110.013
0.000208714	117.217
0.000211731	124.454
0.000214748	131.858
0.000217765	139.79
0.000220782	148.364
0.000223799	158.02
0.000226816	168.846
0.000229833	181.288
0.00023285	195.416
0.000235867	211.653
0.000238884	230.066
0.000241901	251.067
0.000244918	274.736
0.000247935	301.515
0.000250952	331.5
0.000253969	365.218
0.000256986	402.767
0.000260003	444.772
0.00026302	491.305
0.000266037	543.02
0.000269054	599.93
0.000272071	662.557
0.000275088	730.842
0.000278105	804.983
0.000281122	884.871
0.000284139	970.266
0.000287156	1061.05
0.000290173	1156.61
0.00029319	1256.85
0.000296207	1360.94
0.000299224	1468.84
0.000302241	1579.68
0.000305258	1693.41
0.000308275	1809.18
0.000311292	1926.95
0.000314309	2045.86
0.000317326	2165.92
0.000320343	2286.4
0.00032336	2407.37
0.000326377	2528.65
0.000329394	2650.41
0.000332411	2773.5
0.000335428	2898.11
0.000338445	3026.31
0.000341462	3158.2
0.000344479	3296.49
0.000347496	3441.11
0.000350513	3594.06
0.00035353	3755.1
0.000356547	3923.91
0.000359564	4100.2
0.000362581	4280.29
0.000365598	4463.94
0.000368615	4644.48
0.000371632	4821.83
0.000374649	4988.06
0.000377666	5143.27
0.000380683	5280.83
0.0003837	5400.9
0.000386717	5500.27
0.000389734	5579.04
0.000392751	5638.78
0.000395768	5679.41
0.000398785	5698.56
0.000401802	5707.1
0.000404819	5705.95
0.000407836	5691.52
0.000410853	5670.94
0.00041387	5644.25
0.000416887	5614.16
0.000419904	5580.7
0.000422921	5545
0.000425938	5507.12
0.000428955	5466.4
0.000431972	5422.89
0.000434989	5374.3
0.000438006	5320.67
0.000441023	5258.75
0.00044404	5188.49
0.000447057	5107.11
0.000450074	5014.43
0.000453091	4909.67
0.000456108	4792.57
0.000459125	4665.07
0.000462142	4526.98
0.000465159	4382.2
0.000468176	4230.75
0.000471193	4076.78
0.00047421	3920.5
0.000477227	3764.77
0.000480244	3609.87
0.000483261	3456.9
0.000486278	3306.04
0.000489295	3157.27
0.000492312	3010.62
0.000495329	2866.02
0.000498346	2723.39
0.000501363	2583.34
0.00050438	2445.78
0.000507397	2312.02
0.000510414	2182.09
0.000513431	2057.43
0.000516448	1938.23
0.000519465	1825.4
0.000522482	1719.2
0.000525499	1619.57
0.000528516	1526.72
0.000531533	1439.6
0.00053455	1358.28
0.000537567	1281.08
0.000540584	1207.86
0.000543601	1136.92
0.000546618	1067.96
0.000549635	999.865
0.000552652	932.274
0.000555669	865.025
0.000558686	797.848
0.000561703	731.507
0.00056472	665.943
0.000567737	602.459
0.000570754	541.236
0.000573771	483.533
0.000576788	429.7
0.000579805	380.448
0.000582822	336.137
0.000585839	296.713
0.000588856	262.388
0.000591873	232.463
0.00059489	206.918
0.000597907	184.748
0.000600924	165.722
0.000603941	148.908
0.000606958	133.967
0.000609975	120.293
0.000612992	107.568
0.000616009	95.5713
0.000619026	84.101
0.000622043	73.2171
0.00062506	62.8624
0.000628077	53.2001
0.000631094	44.2783
0.000634111	36.2126
0.000637128	29.0839
0.000640145	22.8911
0.000643162	17.6833
0.000646179	13.3568
0.000649196	9.90031
0.000652213	7.16398
0.00065523	5.08468
0.000658247	3.52169
0.000661264	2.38878
0.000664281	1.58346
0.000667298	1.02429
0.000670315	0.650282
0.000673332	0.400139
0.000676349	0.24367
0.000679366	0.142184
0.000682383	0.0832559
0.0006854	0.0457645
0.000688417	0.0259363
0.000691434	0.0133999
0.000694451	0.00736267
0.000697468	0.00326711
0.000700485	0.00190193
