3.33898e-05	0.0710792
3.52334e-05	0.108545
3.70771e-05	0.180823
3.89207e-05	0.279441
4.07644e-05	0.429141
4.2608e-05	0.642523
4.44517e-05	0.950984
4.62953e-05	1.37886
4.8139e-05	1.97031
4.99827e-05	2.76665
5.18263e-05	3.82326
5.367e-05	5.20201
5.55136e-05	6.96445
5.73573e-05	9.19222
5.92009e-05	11.9461
6.10446e-05	15.3212
6.28882e-05	19.3721
6.47319e-05	24.1976
6.65755e-05	29.8461
6.84192e-05	36.4132
7.02628e-05	43.9469
7.21065e-05	52.5421
7.39502e-05	62.2539
7.57938e-05	73.1891
7.76375e-05	85.412
7.94811e-05	99.0555
8.13248e-05	114.183
8.31684e-05	130.951
8.50121e-05	149.402
8.68557e-05	169.688
8.86994e-05	191.811
9.0543e-05	215.865
9.23867e-05	241.809
9.42303e-05	269.634
9.6074e-05	299.286
9.79177e-05	330.653
9.97613e-05	363.722
0.000101605	398.367
0.000103449	434.661
0.000105292	472.623
0.000107136	512.429
0.00010898	554.402
0.000110823	598.784
0.000112667	646.264
0.000114511	697.073
0.000116354	752.161
0.000118198	811.668
0.000120042	876.555
0.000121885	946.835
0.000123729	1023.19
0.000125572	1105.53
0.000127416	1194.09
0.00012926	1288.75
0.000131103	1389.33
0.000132947	1495.71
0.000134791	1607.49
0.000136634	1724.6
0.000138478	1846.6
0.000140322	1973.44
0.000142165	2104.68
0.000144009	2240.27
0.000145853	2379.66
0.000147696	2522.75
0.00014954	2668.7
0.000151384	2817.39
0.000153227	2967.61
0.000155071	3119.24
0.000156915	3270.84
0.000158758	3422.37
0.000160602	3572.48
0.000162446	3721.2
0.000164289	3867.65
0.000166133	4011.93
0.000167977	4153.84
0.00016982	4293.49
0.000171664	4431.3
0.000173507	4567.32
0.000175351	4702.25
0.000177195	4836.08
0.000179038	4969.3
0.000180882	5101.85
0.000182726	5233.61
0.000184569	5364.49
0.000186413	5493.54
0.000188257	5620.66
0.0001901	5744.08
0.000191944	5863.74
0.000193788	5977.22
0.000195631	6084.52
0.000197475	6182.95
0.000199319	6272.53
0.000201162	6350.7
0.000203006	6417.48
0.00020485	6471.23
0.000206693	6511.84
0.000208537	6534.52
0.000210381	6545.13
0.000212224	6543.4
0.000214068	6523.21
0.000215912	6489.18
0.000217755	6441.28
0.000219599	6380.96
0.000221442	6308.18
0.000223286	6225.72
0.00022513	6133.55
0.000226973	6034.99
0.000228817	5930.01
0.000230661	5821.84
0.000232504	5710.5
0.000234348	5598.45
0.000236192	5485.74
0.000238035	5373.64
0.000239879	5262.21
0.000241723	5151.46
0.000243566	5041.46
0.00024541	4931.32
0.000247254	4821.08
0.000249097	4709.49
0.000250941	4596.53
0.000252785	4481.09
0.000254628	4363.11
0.000256472	4241.88
0.000258316	4117.33
0.000260159	3989.31
0.000262003	3857.74
0.000263847	3723.08
0.00026569	3585.27
0.000267534	3445.45
0.000269377	3303.57
0.000271221	3161.39
0.000273065	3018.91
0.000274908	2878.25
0.000276752	2739.51
0.000278596	2604.57
0.000280439	2473.67
0.000282283	2347.87
0.000284127	2227.44
0.00028597	2112.29
0.000287814	2002.61
0.000289658	1897.27
0.000291501	1796.27
0.000293345	1698.09
0.000295189	1602.54
0.000297032	1508.51
0.000298876	1415.69
0.00030072	1324
0.000302563	1233.19
0.000304407	1144.24
0.000306251	1057.1
0.000308094	973.312
0.000309938	893.081
0.000311782	817.817
0.000313625	747.867
0.000315469	683.935
0.000317312	626.362
0.000319156	574.961
0.000321	529.918
0.000322843	490.349
0.000324687	456.224
0.000326531	426.338
0.000328374	400.479
0.000330218	377.461
0.000332062	356.98
0.000333905	338.075
0.000335749	320.428
0.000337593	303.376
0.000339436	286.643
0.00034128	269.872
0.000343124	252.851
0.000344967	235.512
0.000346811	217.729
0.000348655	199.682
0.000350498	181.346
0.000352342	163.066
0.000354186	144.919
0.000356029	127.297
0.000357873	110.353
0.000359717	94.4014
0.00036156	79.6225
0.000363404	66.1708
0.000365247	54.1922
0.000367091	43.6697
0.000368935	34.6716
0.000370778	27.0539
0.000372622	20.7963
0.000374466	15.6983
0.000376309	11.6706
0.000378153	8.51802
0.000379997	6.11795
0.00038184	4.31686
0.000383684	2.99225
0.000385528	2.04157
0.000387371	1.36409
0.000389215	0.900438
0.000391059	0.579138
0.000392902	0.370206
0.000394746	0.228829
0.00039659	0.141838
0.000398433	0.0789862
0.000400277	0.0506314
