0.000500379	6.56671e-251
0.000510437	1.4581e-242
0.000520494	5.8324e-242
0.000530551	8.81973e-234
0.000540608	3.56398e-233
0.000550665	3.66983e-225
0.000560722	1.49835e-224
0.000570779	1.0504e-216
0.000580836	4.33393e-216
0.000590893	2.06815e-208
0.00060095	8.62459e-208
0.000611007	2.80108e-200
0.000621064	1.18082e-199
0.000631121	2.60965e-192
0.000641178	1.11229e-191
0.000651235	1.67244e-184
0.000661292	7.20844e-184
0.000671349	7.37272e-177
0.000681406	3.21404e-176
0.000691463	2.23569e-169
0.00070152	9.8594e-169
0.000711577	4.66338e-162
0.000721634	2.08083e-161
0.000731691	6.69103e-155
0.000741748	3.02142e-154
0.000751806	6.60365e-148
0.000761863	3.01836e-147
0.00077192	4.48304e-141
0.000781977	2.07453e-140
0.000792034	2.09342e-134
0.000802091	9.80964e-134
0.000812148	6.72405e-128
0.000822205	3.19134e-127
0.000832262	1.48558e-121
0.000842319	7.14299e-121
0.000852376	2.25759e-115
0.000862433	1.09995e-114
0.00087249	2.35981e-109
0.000882547	1.16533e-108
0.000892604	1.69664e-103
0.000902661	8.49401e-103
0.000912718	8.39036e-98
0.000922775	4.25952e-97
0.000932832	2.85394e-92
0.000942889	1.46958e-91
0.000952946	6.67696e-87
0.000963003	3.48826e-86
0.00097306	1.07444e-81
0.000983117	5.69652e-81
0.000993175	1.18918e-76
0.00100323	6.40021e-76
0.00101329	9.05269e-72
0.00102335	4.94723e-71
0.0010334	4.73989e-67
0.00104346	2.63095e-66
0.00105352	1.70695e-62
0.00106357	9.62604e-62
0.00107363	4.22799e-58
0.00108369	2.42307e-57
0.00109374	7.20299e-54
0.0011038	4.1963e-53
0.00111386	8.44047e-50
0.00112392	4.99979e-49
0.00113397	6.80314e-46
0.00114403	4.09846e-45
0.00115409	3.77194e-42
0.00116414	2.31141e-41
0.0011742	1.43871e-38
0.00118426	8.96853e-38
0.00119432	3.7757e-35
0.00120437	2.39419e-34
0.00121443	6.81916e-32
0.00122449	4.39738e-31
0.00123454	8.47851e-29
0.0012446	5.55699e-28
0.00125466	7.26078e-26
0.00126471	4.83179e-25
0.00127477	4.286e-23
0.00128483	2.89085e-22
0.00129489	1.74589e-20
0.00130494	1.19022e-19
0.001315	4.91578e-18
0.00132506	3.37264e-17
0.00133511	9.58983e-16
0.00134517	6.57874e-15
0.00135523	1.30051e-13
0.00136529	8.83649e-13
0.00137534	1.23153e-11
0.0013854	8.17693e-11
0.00139546	8.18968e-10
0.00140551	5.21673e-09
0.00141557	3.85018e-08
0.00142563	2.29721e-07
0.00143568	1.28857e-06
0.00144574	6.99464e-06
0.0014558	3.08893e-05
0.00146586	0.000147661
0.00147591	0.000532545
0.00148597	0.00217011
0.00149603	0.00661326
0.00150608	0.02234
0.00151614	0.0591329
0.0015262	0.162548
0.00153625	0.380638
0.00154631	0.846834
0.00155637	1.81934
0.00156643	3.38555
0.00157648	6.04543
0.00158654	9.80425
0.0015966	14.9325
0.00160665	21.4448
0.00161671	29.2477
0.00162677	38.3138
0.00163683	49.0559
0.00164688	61.4315
0.00165694	76.578
0.001667	94.5905
0.00167705	115.353
0.00168711	139.018
0.00169717	163.489
0.00170722	188.52
0.00171728	214.547
0.00172734	241.036
0.0017374	273.965
0.00174745	313.657
0.00175751	363.761
0.00176757	425.399
0.00177762	492.957
0.00178768	566.016
0.00179774	641.807
0.00180779	718.383
0.00181785	807.532
0.00182791	909.877
0.00183797	1034.81
0.00184802	1186.02
0.00185808	1350.33
0.00186814	1528.64
0.00187819	1699.86
0.00188825	1860.08
0.00189831	2006.17
0.00190837	2135.23
0.00191842	2257.58
0.00192848	2374.49
0.00193854	2490.8
0.00194859	2608.31
0.00195865	2724.84
0.00196871	2840.67
0.00197876	2952.68
0.00198882	3061.66
0.00199888	3159.52
0.00200894	3249.4
0.00201899	3303.18
0.00202905	3326.78
0.00203911	3329.73
0.00204916	3272.36
0.00205922	3171.26
0.00206928	3032.48
0.00207933	2873.54
0.00208939	2698.07
0.00209945	2524.66
0.00210951	2361.28
0.00211956	2208.05
0.00212962	2069.45
0.00213968	1933
0.00214973	1795.12
0.00215979	1651.9
0.00216985	1498.27
0.00217991	1344.65
0.00218996	1192.21
0.00220002	1051.8
0.00221008	928.843
0.00222013	824.212
0.00223019	741.627
0.00224025	673.21
0.0022503	617.756
0.00226036	566.914
0.00227042	516.095
0.00228048	463.652
0.00229053	406.42
0.00230059	348.253
0.00231065	289.715
0.0023207	234.493
0.00233076	184.906
0.00234082	141.721
0.00235088	106.446
0.00236093	77.8132
0.00237099	55.7686
0.00238105	38.8548
0.0023911	26.2415
0.00240116	17.0539
0.00241122	10.5497
0.00242127	6.16744
0.00243133	3.34176
0.00244139	1.7247
0.00245145	0.776012
0.0024615	0.357053
0.00247156	0.140704
0.00248162	0.0529356
0.00249167	0.0173793
0.00250173	0.00552723
