0.000166815	4.54213e-22
0.000172682	4.04906e-21
0.000178548	1.48336e-20
0.000184415	1.21133e-19
0.000190282	4.29049e-19
0.000196148	3.13052e-18
0.000202015	1.09912e-17
0.000207881	7.18268e-17
0.000213748	2.49387e-16
0.000219614	1.4635e-15
0.000225481	5.01192e-15
0.000231347	2.64889e-14
0.000237214	8.92177e-14
0.00024308	4.26017e-13
0.000248947	1.4068e-12
0.000254813	6.08996e-12
0.00026068	1.96505e-11
0.000266547	7.74016e-11
0.000272413	2.43162e-10
0.00027828	8.74892e-10
0.000284146	2.66584e-09
0.000290013	8.79707e-09
0.000295879	2.58958e-08
0.000301746	7.8704e-08
0.000307612	2.22909e-07
0.000313479	6.26631e-07
0.000319345	1.70055e-06
0.000325212	4.44065e-06
0.000331078	1.14998e-05
0.000336945	2.80121e-05
0.000342812	6.89481e-05
0.000348678	0.000157304
0.000354545	0.00036661
0.000360411	0.000786404
0.000366278	0.00172936
0.000372144	0.00350011
0.000378011	0.00724042
0.000383877	0.0138699
0.000389744	0.0269209
0.00039561	0.0497246
0.000401477	0.0896199
0.000407343	0.157909
0.00041321	0.266133
0.000419077	0.442054
0.000424943	0.702472
0.00043081	1.09933
0.000436676	1.65149
0.000442543	2.4365
0.000448409	3.46762
0.000454276	4.83195
0.000460142	6.52922
0.000466009	8.6209
0.000471875	11.0929
0.000477742	13.9468
0.000483608	17.1682
0.000489475	20.7039
0.000495342	24.5629
0.000501208	28.7136
0.000507075	33.2078
0.000512941	38.1697
0.000518808	43.6937
0.000524674	50.187
0.000530541	57.7611
0.000536407	67.1383
0.000542274	78.4055
0.00054814	92.4775
0.000554007	109.38
0.000559873	129.953
0.00056574	154.151
0.000571606	182.427
0.000577473	214.686
0.00058334	250.8
0.000589206	290.672
0.000595073	333.649
0.000600939	379.691
0.000606806	427.965
0.000612672	478.506
0.000618539	530.805
0.000624405	584.943
0.000630272	641.087
0.000636138	699.312
0.000642005	760.404
0.000647871	824.38
0.000653738	892.145
0.000659605	963.65
0.000665471	1039.25
0.000671338	1118.87
0.000677204	1201.93
0.000683071	1288.39
0.000688937	1376.95
0.000694804	1467.63
0.00070067	1559.16
0.000706537	1651.58
0.000712403	1744.55
0.00071827	1838.09
0.000724136	1933.12
0.000730003	2029.65
0.00073587	2129.38
0.000741736	2232.29
0.000747603	2339.59
0.000753469	2451.27
0.000759336	2566.55
0.000765202	2685.47
0.000771069	2804.39
0.000776935	2923.38
0.000782802	3036.45
0.000788668	3143.65
0.000794535	3238.4
0.000800401	3320.67
0.000806268	3386.44
0.000812135	3436.08
0.000818001	3458.71
0.000823868	3468.2
0.000829734	3466.41
0.000835601	3440.67
0.000841467	3402.14
0.000847334	3351.46
0.0008532	3292.42
0.000859067	3225.1
0.000864933	3153.78
0.0008708	3078.6
0.000876666	3002.99
0.000882533	2927.15
0.0008884	2853.31
0.000894266	2781.69
0.000900133	2712.9
0.000905999	2647.19
0.000911866	2583.5
0.000917732	2521.93
0.000923599	2460.52
0.000929465	2399.16
0.000935332	2336.2
0.000941198	2271.39
0.000947065	2204.3
0.000952931	2134.71
0.000958798	2063.39
0.000964665	1990.28
0.000970531	1916.52
0.000976398	1842.26
0.000982264	1768.15
0.000988131	1694.39
0.000993997	1620.96
0.000999864	1547.93
0.00100573	1475.05
0.0010116	1402.25
0.00101746	1329.55
0.00102333	1256.85
0.0010292	1184.6
0.00103506	1112.79
0.00104093	1042.11
0.0010468	972.63
0.00105266	905.027
0.00105853	839.416
0.0010644	776.346
0.00107026	715.943
0.00107613	658.594
0.001082	604.437
0.00108786	553.575
0.00109373	506.138
0.00109959	461.829
0.00110546	420.687
0.00111133	382.137
0.00111719	346.057
0.00112306	311.976
0.00112893	279.673
0.00113479	249.12
0.00114066	220.167
0.00114653	193.194
0.00115239	168.254
0.00115826	145.738
0.00116413	125.856
0.00116999	108.602
0.00117586	94.1461
0.00118173	82.007
0.00118759	72.1438
0.00119346	63.8733
0.00119933	56.9382
0.00120519	50.8214
0.00121106	45.2007
0.00121693	39.9037
0.00122279	34.7166
0.00122866	29.7328
0.00123453	24.9126
0.00124039	20.4148
0.00124626	16.3148
0.00125212	12.6875
0.00125799	9.61744
0.00126386	7.06793
0.00126972	5.06442
0.00127559	3.51165
0.00128146	2.3719
0.00128732	1.55219
0.00129319	0.985287
0.00129906	0.609644
0.00130492	0.362263
0.00131079	0.212663
0.00131666	0.117391
0.00132252	0.0658886
0.00132839	0.0300658
0.00133426	0.0181249
