0.000500379	2.01934e-211
0.000510437	2.02102e-204
0.000520494	8.08408e-204
0.000530551	5.81526e-197
0.000540608	2.3499e-196
0.000550665	1.21478e-189
0.000560722	4.95981e-189
0.000570779	1.84226e-182
0.000580836	7.60114e-182
0.000590893	2.0283e-175
0.00060095	8.45842e-175
0.000611007	1.6212e-168
0.000621064	6.83434e-168
0.000631121	9.40728e-162
0.000641178	4.00959e-161
0.000651235	3.96287e-155
0.000661292	1.70805e-154
0.000671349	1.21192e-148
0.000681406	5.2832e-148
0.000691463	2.69061e-142
0.00070152	1.18656e-141
0.000711577	4.33653e-136
0.000721634	1.93498e-135
0.000731691	5.07393e-130
0.000741748	2.29118e-129
0.000751806	4.30977e-124
0.000761863	1.96987e-123
0.00077192	2.65747e-118
0.000781977	1.22974e-117
0.000792034	1.18956e-112
0.000802091	5.57416e-112
0.000812148	3.8655e-107
0.000822205	1.8346e-106
0.000832262	9.11847e-102
0.000842319	4.38427e-101
0.000852376	1.56147e-96
0.000862433	7.60759e-96
0.00087249	1.94105e-91
0.000882547	9.58496e-91
0.000892604	1.75159e-86
0.000902661	8.76854e-86
0.000912718	1.1474e-81
0.000922775	5.82447e-81
0.000932832	5.45613e-77
0.000942889	2.80918e-76
0.000952946	1.88339e-72
0.000963003	9.83771e-72
0.00097306	4.71932e-68
0.000983117	2.5015e-67
0.000993175	8.5843e-64
0.00100323	4.6185e-63
0.00101329	1.1335e-59
0.00102335	6.19146e-59
0.0010334	1.0865e-55
0.00104346	6.02667e-55
0.00105352	7.56036e-52
0.00106357	4.25946e-51
0.00107363	3.81923e-48
0.00108369	2.18588e-47
0.00109374	1.40072e-44
0.0011038	8.145e-44
0.00111386	3.72999e-41
0.00112392	2.2037e-40
0.00113397	7.21264e-38
0.00114403	4.32926e-37
0.00115409	1.01295e-34
0.00116414	6.17557e-34
0.0011742	1.03347e-31
0.00118426	6.3966e-31
0.00119432	7.66264e-29
0.00120437	4.81103e-28
0.00121443	4.13101e-26
0.00122449	2.62757e-25
0.00123454	1.62047e-23
0.0012446	1.04212e-22
0.00125466	4.62988e-21
0.00126471	3.00159e-20
0.00127477	9.64807e-19
0.00128483	6.279e-18
0.00129489	1.46913e-16
0.00130494	9.54083e-16
0.001315	1.63864e-14
0.00132506	1.0532e-13
0.00133511	1.34293e-12
0.00134517	8.44819e-12
0.00135523	8.11684e-11
0.00136529	4.926e-10
0.00137534	3.63324e-09
0.0013854	2.08886e-08
0.00139546	1.20955e-07
0.00140551	6.44618e-07
0.00141557	3.00597e-06
0.00142563	1.44909e-05
0.00143568	5.59082e-05
0.00144574	0.000237627
0.0014558	0.00077883
0.00146586	0.00284825
0.00147591	0.00811828
0.00148597	0.0250289
0.00149603	0.0631837
0.00150608	0.161989
0.00151614	0.366437
0.0015262	0.777887
0.00153625	1.62991
0.00154631	2.95323
0.00155637	5.17658
0.00156643	8.30033
0.00157648	12.6334
0.00158654	18.1808
0.0015966	25.0732
0.00160665	33.3095
0.00161671	43.0729
0.00162677	54.3824
0.00163683	67.084
0.00164688	81.2026
0.00165694	96.1312
0.001667	111.772
0.00167705	128.817
0.00168711	147.12
0.00169717	169.211
0.00170722	195.175
0.00171728	226.73
0.00172734	264.024
0.0017374	307.502
0.00174745	357.054
0.00175751	414.485
0.00176757	479.904
0.00177762	554.674
0.00178768	639.602
0.00179774	729.799
0.00180779	825.712
0.00181785	918.057
0.00182791	1005.26
0.00183797	1087.02
0.00184802	1160.59
0.00185808	1243.47
0.00186814	1335.51
0.00187819	1459.19
0.00188825	1618.83
0.00189831	1818.08
0.00190837	2062.55
0.00191842	2327.11
0.00192848	2613.63
0.00193854	2879.89
0.00194859	3120.97
0.00195865	3305.24
0.00196871	3429.35
0.00197876	3461.63
0.00198882	3438.34
0.00199888	3383.43
0.00200894	3287.69
0.00201899	3189.82
0.00202905	3101.14
0.00203911	3021.53
0.00204916	2956.55
0.00205922	2888.48
0.00206928	2813.14
0.00207933	2725.06
0.00208939	2619.69
0.00209945	2504.86
0.00210951	2382.13
0.00211956	2254.39
0.00212962	2124.23
0.00213968	1986.86
0.00214973	1840.79
0.00215979	1685.58
0.00216985	1518.58
0.00217991	1348.62
0.00218996	1176.69
0.00220002	1013.35
0.00221008	863.314
0.00222013	729.558
0.00223019	615.822
0.00224025	517.776
0.0022503	434.998
0.00226036	363.44
0.00227042	300.84
0.00228048	246.682
0.00229053	200.076
0.00230059	161.157
0.00231065	130.16
0.0023207	105.784
0.00233076	87.813
0.00234082	74.289
0.00235088	64.2067
0.00236093	56.2739
0.00237099	49.3348
0.00238105	43.273
0.0023911	37.5239
0.00240116	32.5984
0.00241122	28.7346
0.00242127	25.9258
0.00243133	24.4865
0.00244139	23.6313
0.00245145	22.9497
0.0024615	21.9385
0.00247156	19.8909
0.00248162	17.2021
0.00249167	14.0297
0.00250173	10.3199
