3.33898e-05	1.0655e-35
3.59039e-05	3.43135e-34
3.8418e-05	1.34057e-33
4.09322e-05	3.75241e-32
4.34463e-05	1.46137e-31
4.59604e-05	3.53103e-30
4.84746e-05	1.38028e-29
5.09887e-05	2.88179e-28
5.35028e-05	1.12956e-27
5.6017e-05	2.04025e-26
5.85311e-05	8.00931e-26
6.10452e-05	1.25331e-24
6.35594e-05	4.92074e-24
6.60735e-05	6.68198e-23
6.85877e-05	2.61953e-22
7.11018e-05	3.09279e-21
7.36159e-05	1.20833e-20
7.61301e-05	1.24319e-19
7.86442e-05	4.82978e-19
8.11583e-05	4.34134e-18
8.36725e-05	1.67288e-17
8.61866e-05	1.31762e-16
8.87007e-05	5.02135e-16
9.12149e-05	3.47713e-15
9.3729e-05	1.30622e-14
9.62431e-05	7.98223e-14
9.87573e-05	2.94502e-13
0.000101271	1.59481e-12
0.000103786	5.75541e-12
0.0001063	2.77458e-11
0.000108814	9.75064e-11
0.000111328	4.20541e-10
0.000113842	1.43227e-09
0.000116356	5.55595e-09
0.00011887	1.8245e-08
0.000121384	6.40116e-08
0.000123899	2.01606e-07
0.000126413	6.43444e-07
0.000128927	1.93309e-06
0.000131441	5.64554e-06
0.000133955	1.60913e-05
0.000136469	4.32547e-05
0.000138983	0.000116354
0.000141498	0.00028953
0.000144012	0.000731449
0.000146526	0.00169404
0.00014904	0.00400196
0.000151554	0.00867029
0.000154068	0.0190853
0.000156582	0.0388563
0.000159096	0.0794966
0.000161611	0.152706
0.000164125	0.290017
0.000166639	0.539177
0.000169153	0.944094
0.000171667	1.64342
0.000174181	2.70462
0.000176695	4.41418
0.00017921	6.86465
0.000181724	10.5485
0.000184238	15.5711
0.000186752	22.6509
0.000189266	31.885
0.00019178	44.172
0.000194294	59.5744
0.000196809	79.0426
0.000199323	102.575
0.000201837	130.934
0.000204351	164.031
0.000206865	202.09
0.000209379	244.951
0.000211893	291.991
0.000214407	343.06
0.000216922	396.771
0.000219436	453.089
0.00022195	510.569
0.000224464	569.326
0.000226978	628.853
0.000229492	689.334
0.000232006	751.707
0.000234521	816.096
0.000237035	884.394
0.000239549	956.603
0.000242063	1034.47
0.000244577	1117.93
0.000247091	1207.81
0.000249605	1304.07
0.000252119	1406.97
0.000254634	1516.54
0.000257148	1633.8
0.000259662	1758.86
0.000262176	1894.86
0.00026469	2041.88
0.000267204	2204.99
0.000269718	2384.16
0.000272233	2583.81
0.000274747	2803.78
0.000277261	3043.96
0.000279775	3304.24
0.000282289	3577.63
0.000284803	3864.17
0.000287317	4151.62
0.000289831	4440.07
0.000292346	4717.24
0.00029486	4983.08
0.000297374	5231.17
0.000299888	5461.29
0.000302402	5675.95
0.000304916	5874.85
0.00030743	6067.81
0.000309945	6254.7
0.000312459	6447.1
0.000314973	6645.25
0.000317487	6856.06
0.000320001	7080.13
0.000322515	7315.73
0.000325029	7563.54
0.000327544	7813.37
0.000330058	8065.61
0.000332572	8305.37
0.000335086	8532.52
0.0003376	8732.22
0.000340114	8903.97
0.000342628	9037.86
0.000345142	9137.32
0.000347657	9158.47
0.000350171	9144.51
0.000352685	9107.12
0.000355199	8982.24
0.000357713	8798.79
0.000360227	8562.53
0.000362741	8277.59
0.000365256	7942.65
0.00036777	7578.47
0.000370284	7185.13
0.000372798	6788.1
0.000375312	6389.6
0.000377826	6009.09
0.00038034	5650.13
0.000382854	5318.67
0.000385369	5017.62
0.000387883	4740.67
0.000390397	4488.5
0.000392911	4250.54
0.000395425	4025.42
0.000397939	3806.05
0.000400453	3590.53
0.000402968	3377.59
0.000405482	3166.14
0.000407996	2958.41
0.00041051	2754.38
0.000413024	2556.72
0.000415538	2365.89
0.000418052	2183.92
0.000420566	2011.25
0.000423081	1849.46
0.000425595	1698.98
0.000428109	1560.84
0.000430623	1435.6
0.000433137	1322.88
0.000435651	1223.15
0.000438165	1134.16
0.00044068	1055.85
0.000443194	984.764
0.000445708	920.115
0.000448222	858.843
0.000450736	799.721
0.00045325	741.418
0.000455764	682.902
0.000458279	624.728
0.000460793	566.558
0.000463307	509.909
0.000465821	455.168
0.000468335	403.583
0.000470849	355.855
0.000473363	312.244
0.000475877	273.234
0.000478392	238.206
0.000480906	207.144
0.00048342	179.219
0.000485934	154.036
0.000488448	131.152
0.000490962	110.167
0.000493476	91.1085
0.000495991	73.8393
0.000498505	58.5274
0.000501019	45.262
0.000503533	34.0216
0.000506047	24.8975
0.000508561	17.6225
0.000511075	12.1267
0.000513589	8.05324
0.000516104	5.18202
0.000518618	3.22706
0.000521132	1.93005
0.000523646	1.12982
0.00052616	0.621433
0.000528674	0.344976
0.000531188	0.155029
0.000533703	0.0917134
