3.33898e-05	1.4486e-08
3.55687e-05	3.87313e-08
3.77476e-05	1.11467e-07
3.99264e-05	3.01585e-07
4.21053e-05	7.76316e-07
4.42842e-05	1.96839e-06
4.64631e-05	4.89367e-06
4.8642e-05	1.16635e-05
5.08209e-05	2.79232e-05
5.29998e-05	6.27447e-05
5.51787e-05	0.000144231
5.73576e-05	0.000306445
5.95365e-05	0.000674452
6.17154e-05	0.00135875
6.38943e-05	0.00285546
6.60732e-05	0.00546891
6.82521e-05	0.0109466
7.0431e-05	0.0199796
7.26099e-05	0.0380017
7.47888e-05	0.0676278
7.69677e-05	0.120043
7.91465e-05	0.204955
8.13254e-05	0.343535
8.35043e-05	0.560382
8.56832e-05	0.89029
8.78621e-05	1.3844
9.0041e-05	2.08926
9.22199e-05	3.09239
9.43988e-05	4.43956
9.65777e-05	6.24939
9.87566e-05	8.54234
0.000100935	11.4315
0.000103114	14.8844
0.000105293	18.9364
0.000107472	23.4899
0.000109651	28.4207
0.00011183	33.5895
0.000114009	38.6776
0.000116188	43.562
0.000118367	47.8006
0.000120546	51.353
0.000122724	53.9799
0.000124903	55.4528
0.000127082	55.4304
0.000129261	55.1063
0.00013144	54.1206
0.000133619	52.5131
0.000135798	51.4887
0.000137977	50.897
0.000140156	51.5797
0.000142334	54.6961
0.000144513	60.4057
0.000146692	69.8597
0.000148871	83.9912
0.00015105	103.184
0.000153229	129.216
0.000155408	162.32
0.000157587	204.483
0.000159766	255.783
0.000161945	317.998
0.000164123	390.944
0.000166302	475.379
0.000168481	570.86
0.00017066	676.33
0.000172839	791.268
0.000175018	912.691
0.000177197	1040.28
0.000179376	1170.18
0.000181555	1302.49
0.000183733	1434.45
0.000185912	1566.56
0.000188091	1699.03
0.00019027	1832.5
0.000192449	1970.71
0.000194628	2114.07
0.000196807	2268.47
0.000198986	2433.92
0.000201165	2615.67
0.000203344	2813.31
0.000205522	3028.59
0.000207701	3260.88
0.00020988	3506.72
0.000212059	3765.54
0.000214238	4028.89
0.000216417	4296.48
0.000218596	4557.11
0.000220775	4810.86
0.000222954	5047.52
0.000225132	5267.46
0.000227311	5465.49
0.00022949	5642.08
0.000231669	5799.74
0.000233848	5938.81
0.000236027	6069.03
0.000238206	6190.46
0.000240385	6315.94
0.000242564	6445.3
0.000244743	6588.05
0.000246921	6744.04
0.0002491	6914.06
0.000251279	7098.09
0.000253458	7286.96
0.000255637	7480.77
0.000257816	7664.04
0.000259995	7836.85
0.000262174	7983.99
0.000264353	8105.38
0.000266531	8193.36
0.00026871	8248.29
0.000270889	8255.49
0.000273068	8237.36
0.000275247	8197.08
0.000277426	8120.58
0.000279605	8027.11
0.000281784	7917.33
0.000283963	7800.67
0.000286142	7677.42
0.00028832	7554.64
0.000290499	7432.77
0.000292678	7314.6
0.000294857	7200.54
0.000297036	7089.6
0.000299215	6982.06
0.000301394	6874.38
0.000303573	6766.66
0.000305752	6654.21
0.00030793	6536.91
0.000310109	6410.24
0.000312288	6273.92
0.000314467	6124.67
0.000316646	5962.11
0.000318825	5784.94
0.000321004	5592.75
0.000323183	5386.41
0.000325362	5165.63
0.00032754	4933.18
0.000329719	4688.93
0.000331898	4437.16
0.000334077	4177.9
0.000336256	3916.51
0.000338435	3653.22
0.000340614	3393.97
0.000342793	3139.27
0.000344972	2894.79
0.000347151	2661.36
0.000349329	2443.2
0.000351508	2241.33
0.000353687	2057.36
0.000355866	1892.2
0.000358045	1744.35
0.000360224	1614.28
0.000362403	1498.06
0.000364582	1395.46
0.000366761	1301.84
0.000368939	1216.32
0.000371118	1135.31
0.000373297	1057.7
0.000375476	981.919
0.000377655	907.099
0.000379834	833.564
0.000382013	760.978
0.000384192	690.662
0.000386371	622.787
0.00038855	558.69
0.000390728	498.801
0.000392907	443.879
0.000395086	394.344
0.000397265	350.239
0.000399444	311.81
0.000401623	278.518
0.000403802	250.382
0.000405981	226.489
0.00040816	206.647
0.000410338	189.789
0.000412517	175.553
0.000414696	162.968
0.000416875	151.574
0.000419054	140.734
0.000421233	130.01
0.000423412	119.217
0.000425591	108.075
0.00042777	96.781
0.000429949	85.2839
0.000432127	73.9532
0.000434306	62.9341
0.000436485	52.5405
0.000438664	42.996
0.000440843	34.4302
0.000443022	27.0187
0.000445201	20.7062
0.00044738	15.5502
0.000449559	11.3915
0.000451737	8.17281
0.000453916	5.72095
0.000456095	3.91415
0.000458274	2.61908
0.000460453	1.70524
0.000462632	1.09193
0.000464811	0.646463
0.00046699	0.414286
