0.000500379	1.28791e-172
0.000509598	4.4428e-167
0.000518817	1.77712e-166
0.000528036	4.70197e-161
0.000537255	1.90002e-160
0.000546474	3.85523e-155
0.000555693	1.57404e-154
0.000564912	2.44887e-149
0.000574131	1.01039e-148
0.00058335	1.20511e-143
0.000592569	5.02551e-143
0.000601788	4.59447e-138
0.000611007	1.93682e-137
0.000620226	1.35703e-132
0.000629445	5.78387e-132
0.000638664	3.10518e-127
0.000647883	1.33835e-126
0.000657101	5.50465e-122
0.00066632	2.39962e-121
0.000675539	7.55993e-117
0.000684758	3.33381e-116
0.000693977	8.04361e-112
0.000703196	3.58894e-111
0.000712415	6.63026e-107
0.000721634	2.99379e-106
0.000730853	4.23405e-102
0.000740072	1.93512e-101
0.000749291	2.09474e-97
0.00075851	9.69231e-97
0.000767729	8.02883e-93
0.000776948	3.76171e-92
0.000786167	2.38411e-88
0.000795386	1.13132e-87
0.000804605	5.4847e-84
0.000813823	2.63649e-83
0.000823042	9.77548e-80
0.000832261	4.7612e-79
0.00084148	1.34985e-75
0.000850699	6.66284e-75
0.000859918	1.44411e-71
0.000869137	7.22537e-71
0.000878356	1.19699e-67
0.000887575	6.07188e-67
0.000896794	7.68718e-64
0.000906013	3.95418e-63
0.000915232	3.8251e-60
0.000924451	1.99556e-59
0.00093367	1.4748e-56
0.000942889	7.80471e-56
0.000952108	4.40619e-53
0.000961327	2.3656e-52
0.000970545	1.02014e-49
0.000979764	5.55685e-49
0.000988983	1.83044e-46
0.000998202	1.01165e-45
0.00100742	2.54568e-43
0.00101664	1.42743e-42
0.00102586	2.7445e-40
0.00103508	1.56108e-39
0.0010443	2.29413e-37
0.00105352	1.32327e-36
0.00106273	1.48721e-34
0.00107195	8.69465e-34
0.00108117	7.4793e-32
0.00109039	4.42848e-31
0.00109961	2.9192e-29
0.00110883	1.74857e-28
0.00111805	8.84732e-27
0.00112727	5.35267e-26
0.00113649	2.08353e-24
0.00114571	1.27043e-23
0.00115492	3.81595e-22
0.00116414	2.33816e-21
0.00117336	5.44123e-20
0.00118258	3.33726e-19
0.0011918	6.04884e-18
0.00120102	3.6946e-17
0.00121024	5.25098e-16
0.00121946	3.17314e-15
0.00122868	3.56652e-14
0.00123789	2.11474e-13
0.00124711	1.89949e-12
0.00125633	1.09395e-11
0.00126555	7.95149e-11
0.00127477	4.39422e-10
0.00128399	2.6225e-09
0.00129321	1.37124e-08
0.00130243	6.82953e-08
0.00131165	3.32634e-07
0.00132087	1.40682e-06
0.00133008	6.27762e-06
0.0013393	2.29476e-05
0.00134852	9.22704e-05
0.00135774	0.000296513
0.00136696	0.00105777
0.00137618	0.00303395
0.0013854	0.00947582
0.00139462	0.0245632
0.00140384	0.0665117
0.00141305	0.157234
0.00142227	0.367164
0.00143149	0.795788
0.00144071	1.60273
0.00144993	3.26434
0.00145915	5.81532
0.00146837	10.2685
0.00147759	16.6145
0.00148681	25.9679
0.00149603	38.3433
0.00150524	54.3302
0.00151446	73.9578
0.00152368	97.1776
0.0015329	124.004
0.00154212	154.181
0.00155134	187.702
0.00156056	224.388
0.00156978	264.191
0.001579	307.506
0.00158821	354.193
0.00159743	406.323
0.00160665	463.789
0.00161587	530.014
0.00162509	605.18
0.00163431	691.3
0.00164353	788.754
0.00165275	896.457
0.00166197	1014.54
0.00167118	1140.89
0.0016804	1275.36
0.00168962	1416.86
0.00169884	1565.57
0.00170806	1718.93
0.00171728	1877.55
0.0017265	2033.81
0.00173572	2187.65
0.00174494	2329.66
0.00175416	2458.29
0.00176337	2570.97
0.00177259	2666.02
0.00178181	2749.48
0.00179103	2821.67
0.00180025	2887.83
0.00180947	2949.74
0.00181869	3004.62
0.00182791	3052.98
0.00183713	3089.43
0.00184634	3113.68
0.00185556	3119.78
0.00186478	3112.65
0.001874	3095.86
0.00188322	3063.6
0.00189244	3016.59
0.00190166	2956.41
0.00191088	2879.2
0.0019201	2783.78
0.00192932	2670.77
0.00193853	2538.78
0.00194775	2394.25
0.00195697	2237.39
0.00196619	2077.06
0.00197541	1915.51
0.00198463	1758.35
0.00199385	1608.31
0.00200307	1465.51
0.00201229	1330.99
0.0020215	1202.9
0.00203072	1080.54
0.00203994	964.271
0.00204916	853.563
0.00205838	750.635
0.0020676	656.192
0.00207682	571.351
0.00208604	497.079
0.00209526	432.514
0.00210448	377.836
0.00211369	331.453
0.00212291	292.937
0.00213213	260.692
0.00214135	234.129
0.00215057	211.577
0.00215979	192.221
0.00216901	174.75
0.00217823	158.181
0.00218745	142.236
0.00219666	126.299
0.00220588	110.938
0.0022151	96.2297
0.00222432	82.7045
0.00223354	70.8031
0.00224276	60.4464
0.00225198	51.8571
0.0022612	44.5292
0.00227042	38.2285
0.00227964	32.6022
0.00228885	27.253
0.00229807	22.2594
0.00230729	17.4918
0.00231651	13.1782
0.00232573	9.51164
0.00233495	6.42596
