0.000500379	1.60238e-14
0.000506246	7.82327e-14
0.000512113	2.64859e-13
0.000517979	1.22732e-12
0.000523846	3.88876e-12
0.000529712	1.63603e-11
0.000535579	5.07185e-11
0.000541445	1.94386e-10
0.000547312	5.87623e-10
0.000553178	2.05915e-09
0.000559045	6.04826e-09
0.000564911	1.94519e-08
0.000570778	5.53078e-08
0.000576644	1.63896e-07
0.000582511	4.49362e-07
0.000588378	1.2319e-06
0.000594244	3.24411e-06
0.000600111	8.26105e-06
0.000605977	2.08126e-05
0.000611844	4.94279e-05
0.00061771	0.000118669
0.000623577	0.000263869
0.000629443	0.000601434
0.00063531	0.00125679
0.000641176	0.0027099
0.000647043	0.00534011
0.000652909	0.0108574
0.000658776	0.0202393
0.000664643	0.0386918
0.000670509	0.0700673
0.000676376	0.123705
0.000682242	0.212411
0.000688109	0.351775
0.000693975	0.570476
0.000699842	0.889848
0.000705708	1.3608
0.000711575	2.00399
0.000717441	2.8889
0.000723308	4.02352
0.000729174	5.47194
0.000735041	7.21844
0.000740908	9.27931
0.000746774	11.616
0.000752641	14.1607
0.000758507	16.8707
0.000764374	19.6018
0.00077024	22.3345
0.000776107	24.917
0.000781973	27.3698
0.00078784	29.6316
0.000793706	31.7581
0.000799573	33.8459
0.000805439	35.9673
0.000811306	38.3815
0.000817173	41.1601
0.000823039	44.6871
0.000828906	49.0221
0.000834772	54.6216
0.000840639	61.518
0.000846505	70.1584
0.000852372	80.5282
0.000858238	92.9213
0.000864105	107.272
0.000869971	123.555
0.000875838	141.687
0.000881704	161.288
0.000887571	182.325
0.000893438	204.307
0.000899304	227.3
0.000905171	251.189
0.000911037	276.123
0.000916904	302.767
0.00092277	331.261
0.000928637	362.969
0.000934503	397.914
0.00094037	437.451
0.000946236	481.46
0.000952103	530.334
0.000957969	583.882
0.000963836	641.036
0.000969703	701.662
0.000975569	763.657
0.000981436	827.025
0.000987302	889.825
0.000993169	952.18
0.000999035	1013.55
0.0010049	1074.09
0.00101077	1135.17
0.00101663	1196.87
0.0010225	1261.9
0.00102837	1330.27
0.00103423	1404.74
0.0010401	1485.26
0.00104597	1573.34
0.00105183	1668.91
0.0010577	1771.58
0.00106357	1881.31
0.00106943	1995.9
0.0010753	2115.35
0.00108117	2236.39
0.00108703	2359.04
0.0010929	2479.86
0.00109877	2598.87
0.00110463	2713.19
0.0011105	2822.82
0.00111637	2925.88
0.00112223	3022.36
0.0011281	3111.38
0.00113397	3192.94
0.00113983	3266.82
0.0011457	3333.02
0.00115157	3391.51
0.00115743	3442.3
0.0011633	3485.01
0.00116916	3519.7
0.00117503	3545.61
0.0011809	3563.17
0.00118676	3566
0.00119263	3560.13
0.0011985	3546.43
0.00120436	3514.92
0.00121023	3469.38
0.0012161	3410.37
0.00122196	3337.88
0.00122783	3251.63
0.0012337	3154.94
0.00123956	3047.63
0.00124543	2934.89
0.0012513	2816.83
0.00125716	2698.77
0.00126303	2581.12
0.0012689	2467.43
0.00127476	2358.3
0.00128063	2254.49
0.0012865	2156.47
0.00129236	2062.56
0.00129823	1972.9
0.0013041	1884.71
0.00130996	1797.77
0.00131583	1709.96
0.00132169	1620.82
0.00132756	1530.09
0.00133343	1437.35
0.00133929	1344.29
0.00134516	1250.84
0.00135103	1159.58
0.00135689	1070.85
0.00136276	986.706
0.00136863	907.681
0.00137449	834.373
0.00138036	767.204
0.00138623	705.405
0.00139209	649.061
0.00139796	596.878
0.00140383	548.637
0.00140969	503.354
0.00141556	460.716
0.00142143	420.369
0.00142729	382.105
0.00143316	346.015
0.00143903	312.057
0.00144489	280.401
0.00145076	251.113
0.00145663	224.177
0.00146249	199.662
0.00146836	177.317
0.00147422	157.134
0.00148009	138.746
0.00148596	122.054
0.00149182	106.754
0.00149769	92.7059
0.00150356	79.7797
0.00150942	67.8696
0.00151529	57.0004
0.00152116	47.1423
0.00152702	38.3667
0.00153289	30.7029
0.00153876	24.168
0.00154462	18.7976
0.00155049	14.526
0.00155636	11.3487
0.00156222	9.16901
0.00156809	7.88609
0.00157396	7.50624
0.00157982	7.85173
0.00158569	8.72366
0.00159156	10.1574
0.00159742	11.9196
0.00160329	13.9122
0.00160916	15.9222
0.00161502	17.8093
0.00162089	19.4024
0.00162675	20.6175
0.00163262	21.1499
0.00163849	20.9969
0.00164435	20.5554
0.00165022	19.4336
0.00165609	17.7538
0.00166195	15.8618
0.00166782	13.6393
