0.000166815	1.2168e-119
0.00017352	6.44448e-113
0.000180225	2.57779e-112
0.000186929	7.90668e-106
0.000193634	3.19503e-105
0.000200339	5.67452e-99
0.000207043	2.31685e-98
0.000213748	2.38227e-92
0.000220453	9.82917e-92
0.000227157	5.85028e-86
0.000233862	2.43968e-85
0.000240566	8.404e-80
0.000247271	3.54278e-79
0.000253976	7.06183e-74
0.00026068	3.0099e-73
0.000267385	3.47111e-68
0.00027409	1.49608e-67
0.000280794	9.9802e-63
0.000287499	4.35067e-62
0.000294204	1.67853e-57
0.000300908	7.40209e-57
0.000307613	1.65135e-52
0.000314317	7.36803e-52
0.000321022	9.50323e-48
0.000327727	4.29091e-47
0.000334431	3.19916e-43
0.000341136	1.46202e-42
0.000347841	6.30007e-39
0.000354545	2.91453e-38
0.00036125	7.25815e-35
0.000367955	3.39945e-34
0.000374659	4.89243e-31
0.000381364	2.32002e-30
0.000388068	1.92984e-27
0.000394773	9.265e-27
0.000401478	4.45612e-24
0.000408182	2.16532e-23
0.000414887	6.02659e-21
0.000421592	2.96213e-20
0.000428296	4.77836e-18
0.000435001	2.3726e-17
0.000441706	2.22476e-15
0.00044841	1.11327e-14
0.000455115	6.09921e-13
0.000461819	3.06262e-12
0.000468524	9.89075e-11
0.000475229	4.9464e-10
0.000481933	9.5576e-09
0.000488638	4.70056e-08
0.000495343	5.56629e-07
0.000502047	2.63775e-06
0.000508752	1.98575e-05
0.000515457	8.7914e-05
0.000522161	0.00044293
0.000528866	0.00175636
0.000535571	0.00631369
0.000542275	0.0213359
0.00054898	0.0586048
0.000555684	0.161054
0.000562389	0.367903
0.000569094	0.791753
0.000575798	1.56004
0.000582503	2.67835
0.000589208	4.26927
0.000595912	6.31309
0.000602617	8.79457
0.000609322	11.73
0.000616026	15.2152
0.000622731	19.2214
0.000629435	23.7272
0.00063614	28.645
0.000642845	33.3931
0.000649549	38.0387
0.000656254	42.4135
0.000662959	46.7019
0.000669663	51.9741
0.000676368	58.2942
0.000683073	67.0523
0.000689777	78.185
0.000696482	92.4964
0.000703186	109.827
0.000709891	129.543
0.000716596	151.537
0.0007233	173.988
0.000730005	197.062
0.00073671	220.77
0.000743414	245.348
0.000750119	274.013
0.000756824	306.695
0.000763528	345.557
0.000770233	390.436
0.000776937	440.486
0.000783642	495.699
0.000790347	555.156
0.000797051	618.862
0.000803756	685.987
0.000810461	756.534
0.000817165	829.435
0.00082387	904.71
0.000830575	982.29
0.000837279	1062.18
0.000843984	1145.06
0.000850689	1230.91
0.000857393	1322.69
0.000864098	1420.35
0.000870802	1529.06
0.000877507	1649.02
0.000884212	1778.18
0.000890916	1916.88
0.000897621	2053.59
0.000904326	2187.99
0.00091103	2316.81
0.000917735	2439.62
0.00092444	2561.16
0.000931144	2682.07
0.000937849	2795.95
0.000944553	2902.76
0.000951258	2996.59
0.000957963	3076.46
0.000964667	3149.06
0.000971372	3214.91
0.000978077	3274.7
0.000984781	3329.3
0.000991486	3371.22
0.000998191	3400.89
0.0010049	3407.21
0.0010116	3404.8
0.0010183	3398.54
0.00102501	3378.46
0.00103171	3347.79
0.00103842	3307.92
0.00104512	3253.85
0.00105183	3183.97
0.00105853	3105.54
0.00106524	3018.67
0.00107194	2930.97
0.00107865	2844.24
0.00108535	2756.45
0.00109206	2667.62
0.00109876	2576.41
0.00110546	2482.6
0.00111217	2385.69
0.00111887	2285.98
0.00112558	2180.51
0.00113228	2067.94
0.00113899	1951.82
0.00114569	1831.64
0.0011524	1714.51
0.0011591	1602.43
0.00116581	1495.25
0.00117251	1393.96
0.00117922	1294.89
0.00118592	1197
0.00119263	1100.56
0.00119933	1004.87
0.00120603	912.843
0.00121274	824.872
0.00121944	743.381
0.00122615	669.461
0.00123285	602.62
0.00123956	543.522
0.00124626	489.257
0.00125297	438.822
0.00125967	391.928
0.00126638	347.897
0.00127308	308.253
0.00127979	273.911
0.00128649	243.379
0.00129319	216.543
0.0012999	191.776
0.0013066	168.018
0.00131331	146.156
0.00132001	126.368
0.00132672	108.833
0.00133342	93.9228
0.00134013	80.7622
0.00134683	68.9265
0.00135354	58.4672
0.00136024	49.3535
0.00136695	41.4413
0.00137365	34.7455
0.00138035	28.8706
0.00138706	23.5041
0.00139376	18.85
0.00140047	14.9747
0.00140717	11.8472
0.00141388	9.56887
0.00142058	7.78954
0.00142729	6.27616
0.00143399	5.03073
0.0014407	3.90348
0.0014474	3.16497
0.00145411	2.85074
0.00146081	2.75042
0.00146752	2.89916
0.00147422	3.03724
0.00148092	2.92358
0.00148763	2.61696
0.00149433	2.13563
0.00150104	1.47335
