0.000100103	3.08985e-08
0.00010312	7.66052e-08
0.000106137	2.13725e-07
0.000109154	5.43521e-07
0.000112171	1.35147e-06
0.000115188	3.24896e-06
0.000118205	7.81587e-06
0.000121222	1.7811e-05
0.000124239	4.13608e-05
0.000127256	8.95884e-05
0.000130273	0.000200397
0.00013329	0.000413669
0.000136307	0.000889549
0.000139324	0.0017544
0.000142341	0.00362026
0.000145358	0.00683812
0.000148375	0.0135193
0.000151392	0.0245108
0.000154408	0.0463667
0.000157425	0.0820876
0.000160442	0.146692
0.000163459	0.251419
0.000166476	0.427428
0.000169493	0.706152
0.00017251	1.14727
0.000175527	1.82464
0.000178544	2.83988
0.000181561	4.34469
0.000184578	6.49043
0.000187595	9.54917
0.000190612	13.7134
0.000193629	19.4053
0.000196646	26.8238
0.000199663	36.5237
0.00020268	48.6494
0.000205697	63.7882
0.000208714	81.9621
0.000211731	103.6
0.000214748	128.563
0.000217765	156.895
0.000220782	188.323
0.000223799	222.357
0.000226816	258.699
0.000229833	296.394
0.00023285	335.259
0.000235867	374.222
0.000238884	413.322
0.000241901	451.891
0.000244918	490.194
0.000247935	528.408
0.000250952	566.917
0.000253969	606.842
0.000256986	648.514
0.000260003	693.651
0.00026302	742.396
0.000266037	796.409
0.000269054	855.615
0.000272071	920.982
0.000275088	992.29
0.000278105	1069.5
0.000281122	1152.38
0.000284139	1240
0.000287156	1332.19
0.000290173	1427.58
0.00029319	1526.11
0.000296207	1626.43
0.000299224	1728.58
0.000302241	1831.6
0.000305258	1935.53
0.000308275	2039.89
0.000311292	2144.73
0.000314309	2249.9
0.000317326	2355.45
0.000320343	2461.5
0.00032336	2568.12
0.000326377	2675.75
0.000329394	2784.47
0.000332411	2895.31
0.000335428	3008.36
0.000338445	3125.35
0.000341462	3246.34
0.000344479	3373.46
0.000347496	3506.67
0.000350513	3647.57
0.00035353	3795.98
0.000356547	3951.68
0.000359564	4114.41
0.000362581	4281.1
0.000365598	4451.56
0.000368615	4619.87
0.000371632	4785.98
0.000374649	4942.46
0.000377666	5089.37
0.000380683	5219.91
0.0003837	5334.21
0.000386717	5428.15
0.000389734	5501.83
0.000392751	5556.57
0.000395768	5592.2
0.000398785	5597.4
0.000401802	5596.73
0.000404819	5591.2
0.000407836	5564.4
0.000410853	5532.98
0.00041387	5497.06
0.000416887	5460.09
0.000419904	5422.11
0.000422921	5385
0.000425938	5348.85
0.000428955	5312.76
0.000431972	5276.84
0.000434989	5238.27
0.000438006	5197.1
0.000441023	5149.9
0.00044404	5096.64
0.000447057	5034.36
0.000450074	4962.99
0.000453091	4880.6
0.000456108	4787.08
0.000459125	4681.61
0.000462142	4564.08
0.000465159	4434.74
0.000468176	4293.46
0.000471193	4141.64
0.00047421	3979.16
0.000477227	3808.67
0.000480244	3630.09
0.000483261	3447.19
0.000486278	3260
0.000489295	3072.84
0.000492312	2885.88
0.000495329	2703.13
0.000498346	2524.91
0.000501363	2354.08
0.00050438	2191.04
0.000507397	2037.15
0.000510414	1892.72
0.000513431	1757.74
0.000516448	1632.38
0.000519465	1515.81
0.000522482	1408.03
0.000525499	1308.04
0.000528516	1215.74
0.000531533	1130.48
0.00053455	1052.13
0.000537567	980.476
0.000540584	915.458
0.000543601	856.936
0.000546618	804.971
0.000549635	758.996
0.000552652	719.102
0.000555669	684.016
0.000558686	653.712
0.000561703	626.366
0.00056472	601.74
0.000567737	577.98
0.000570754	554.659
0.000573771	530.485
0.000576788	504.983
0.000579805	477.745
0.000582822	448.427
0.000585839	417.443
0.000588856	384.689
0.000591873	351.069
0.00059489	316.715
0.000597907	282.627
0.000600924	249.089
0.000603941	216.914
0.000606958	186.425
0.000609975	158.116
0.000612992	132.263
0.000616009	109.022
0.000619026	88.5716
0.000622043	70.7868
0.00062506	55.725
0.000628077	43.0752
0.000631094	32.781
0.000634111	24.4522
0.000637128	17.9474
0.000640145	12.8932
0.000643162	9.10657
0.000646179	6.29141
0.000649196	4.26646
0.000652213	2.83226
0.00065523	1.83974
0.000658247	1.1734
0.000661264	0.728193
0.000664281	0.446533
0.000667298	0.263952
0.000670315	0.155858
0.000673332	0.0873989
0.000676349	0.0498486
0.000679366	0.0262369
0.000682383	0.0146185
0.0006854	0.00735624
0.000688417	0.00391936
0.000691434	0.00188909
0.000694451	0.000960114
0.000697468	0.000401128
0.000700485	0.000214799
