0.000500379	4.15602e-20
0.000506246	5.71734e-19
0.000512113	2.16226e-18
0.000517979	2.55441e-17
0.000523846	9.43852e-17
0.000529712	9.43434e-16
0.000535579	3.45683e-15
0.000541445	2.93386e-14
0.000547312	1.06229e-13
0.000553178	7.68676e-13
0.000559045	2.73914e-12
0.000564911	1.69793e-11
0.000570778	5.92674e-11
0.000576644	3.16434e-10
0.000582511	1.07615e-09
0.000588378	4.97912e-09
0.000594244	1.63993e-08
0.000600111	6.61982e-08
0.000605977	2.09754e-07
0.000611844	7.44143e-07
0.00061771	2.2521e-06
0.000623577	7.07681e-06
0.000629443	2.03013e-05
0.00063531	5.69617e-05
0.000641176	0.000153677
0.000647043	0.000388159
0.000652909	0.000977139
0.000658776	0.00223949
0.000664643	0.00522052
0.000670509	0.0109381
0.000676376	0.0234468
0.000682242	0.0453777
0.000688109	0.0886927
0.000693975	0.164057
0.000699842	0.28616
0.000705708	0.485273
0.000711575	0.775502
0.000717441	1.20319
0.000723308	1.77075
0.000729174	2.51722
0.000735041	3.42542
0.000740908	4.48682
0.000746774	5.6779
0.000752641	6.93224
0.000758507	8.25381
0.000764374	9.58868
0.00077024	10.9892
0.000776107	12.5334
0.000781973	14.294
0.00078784	16.5195
0.000793706	19.2373
0.000799573	22.7206
0.000805439	26.9075
0.000811306	31.8347
0.000817173	37.3833
0.000823039	43.2058
0.000828906	49.2318
0.000834772	54.9249
0.000840639	60.3692
0.000846505	65.3801
0.000852372	70.2068
0.000858238	75.5633
0.000864105	81.7472
0.000869971	90.4445
0.000875838	101.845
0.000881704	118.054
0.000887571	139.076
0.000893438	166.608
0.000899304	200.482
0.000905171	241.302
0.000911037	288.785
0.000916904	342.019
0.00092277	400.7
0.000928637	462.372
0.000934503	526.857
0.00094037	590.927
0.000946236	654.643
0.000952103	715.572
0.000957969	773.963
0.000963836	829.542
0.000969703	882.556
0.000975569	934.868
0.000981436	986.58
0.000987302	1040.36
0.000993169	1096.15
0.000999035	1155.95
0.0010049	1219.63
0.00101077	1287.72
0.00101663	1360.12
0.0010225	1435.96
0.00102837	1515.2
0.00103423	1596.31
0.0010401	1679.32
0.00104597	1763.31
0.00105183	1848.34
0.0010577	1935.16
0.00106357	2023.8
0.00106943	2116.48
0.0010753	2213.18
0.00108117	2315.66
0.00108703	2423.89
0.0010929	2536.41
0.00109877	2653.27
0.00110463	2768.5
0.0011105	2882.19
0.00111637	2985.7
0.00112223	3079.05
0.0011281	3155.42
0.00113397	3214.62
0.00113983	3256.59
0.0011457	3281.56
0.00115157	3285.42
0.00115743	3282.93
0.0011633	3276.69
0.00116916	3261.28
0.00117503	3243.97
0.0011809	3225.48
0.00118676	3203.43
0.00119263	3178.01
0.0011985	3144.87
0.00120436	3103.66
0.00121023	3053.24
0.0012161	2993
0.00122196	2927.25
0.00122783	2855.79
0.0012337	2784.98
0.00123956	2715.35
0.00124543	2649.75
0.0012513	2589
0.00125716	2530.54
0.00126303	2474.66
0.0012689	2416.68
0.00127476	2356.15
0.00128063	2290.54
0.0012865	2219.24
0.00129236	2142.86
0.00129823	2061.21
0.0013041	1975.96
0.00130996	1887.29
0.00131583	1796.24
0.00132169	1702.93
0.00132756	1608.19
0.00133343	1511.92
0.00133929	1415.86
0.00134516	1319.99
0.00135103	1226.87
0.00135689	1136.85
0.00136276	1051.95
0.00136863	972.815
0.00137449	899.601
0.00138036	832.803
0.00138623	770.708
0.00139209	713.284
0.00139796	658.356
0.00140383	605.381
0.00140969	553.388
0.00141556	501.772
0.00142143	451.283
0.00142729	401.742
0.00143316	354.731
0.00143903	310.585
0.00144489	270.44
0.00145076	234.808
0.00145663	203.792
0.00146249	177.699
0.00146836	155.85
0.00147422	138.227
0.00148009	123.9
0.00148596	112.642
0.00149182	103.579
0.00149769	96.4197
0.00150356	90.4129
0.00150942	85.2521
0.00151529	80.3691
0.00152116	75.4527
0.00152702	70.2484
0.00153289	64.5065
0.00153876	58.3415
0.00154462	51.6641
0.00155049	44.8223
0.00155636	37.9136
0.00156222	31.278
0.00156809	25.1148
0.00157396	19.5847
0.00157982	14.8601
0.00158569	10.9057
0.00159156	7.7864
0.00159742	5.35958
0.00160329	3.58344
0.00160916	2.30774
0.00161502	1.43611
0.00162089	0.864539
0.00162675	0.49664
0.00163262	0.279977
0.00163849	0.145163
0.00164435	0.0780692
0.00165022	0.0372384
0.00165609	0.0186096
0.00166195	0.00748287
0.00166782	0.00377396
