0.000166815	13.4348
0.000171844	15.0241
0.000176872	16.4283
0.000181901	17.687
0.000186929	18.6841
0.000191958	19.3154
0.000196986	19.5634
0.000202014	19.3691
0.000207043	18.7902
0.000212071	17.8187
0.0002171	16.538
0.000222128	15.0187
0.000227157	13.3389
0.000232185	11.6074
0.000237214	9.87815
0.000242242	8.25888
0.00024727	6.77592
0.000252299	5.5076
0.000257327	4.46574
0.000262356	3.63442
0.000267384	3.18884
0.000272413	3.20629
0.000277441	3.28272
0.000282469	3.74461
0.000287498	4.90266
0.000292526	6.52022
0.000297555	8.75376
0.000302583	11.7439
0.000307612	15.5369
0.00031264	20.2855
0.000317669	25.9903
0.000322697	32.755
0.000327725	40.5198
0.000332754	49.2653
0.000337782	58.8825
0.000342811	69.1841
0.000347839	80.0523
0.000352868	91.1587
0.000357896	102.433
0.000362924	113.52
0.000367953	124.444
0.000372981	134.999
0.00037801	145.317
0.000383038	155.511
0.000388067	165.788
0.000393095	176.658
0.000398123	188.341
0.000403152	201.678
0.00040818	216.829
0.000413209	234.755
0.000418237	255.51
0.000423266	279.892
0.000428294	307.839
0.000433323	339.742
0.000438351	375.462
0.000443379	414.866
0.000448408	457.795
0.000453436	503.658
0.000458465	552.326
0.000463493	602.936
0.000468522	655.416
0.00047355	708.867
0.000478578	763.278
0.000483607	817.927
0.000488635	872.864
0.000493664	927.722
0.000498692	982.603
0.000503721	1037.65
0.000508749	1092.98
0.000513778	1149.33
0.000518806	1206.81
0.000523834	1266.61
0.000528863	1328.81
0.000533891	1394.73
0.00053892	1464.35
0.000543948	1538.63
0.000548977	1617.44
0.000554005	1700.84
0.000559033	1788.67
0.000564062	1879.86
0.00056909	1974.27
0.000574119	2069.93
0.000579147	2166.78
0.000584176	2262.59
0.000589204	2357.39
0.000594233	2449.38
0.000599261	2538.64
0.000604289	2624.29
0.000609318	2706.39
0.000614346	2784.92
0.000619375	2859.91
0.000624403	2931.83
0.000629432	3000.7
0.00063446	3067.01
0.000639488	3130.77
0.000644517	3192.23
0.000649545	3251.38
0.000654574	3308.08
0.000659602	3362.32
0.000664631	3413.43
0.000669659	3461.41
0.000674688	3504.91
0.000679716	3543.97
0.000684744	3576.66
0.000689773	3603.04
0.000694801	3619.28
0.00069983	3627.17
0.000704858	3626.52
0.000709887	3612.05
0.000714915	3585.22
0.000719943	3546.14
0.000724972	3494.32
0.00073	3429.68
0.000735029	3353.49
0.000740057	3265.66
0.000745086	3168.65
0.000750114	3062.38
0.000755143	2950.1
0.000760171	2831.78
0.000765199	2710.99
0.000770228	2587.79
0.000775256	2465.55
0.000780285	2344.39
0.000785313	2227
0.000790342	2113.56
0.00079537	2005.59
0.000800398	1903.31
0.000805427	1806.96
0.000810455	1716.7
0.000815484	1631.66
0.000820512	1551.91
0.000825541	1475.96
0.000830569	1403.76
0.000835598	1333.77
0.000840626	1265.85
0.000845654	1198.94
0.000850683	1132.85
0.000855711	1067.27
0.00086074	1002.02
0.000865768	937.51
0.000870797	873.664
0.000875825	811.306
0.000880853	750.478
0.000885882	692.056
0.00089091	636.162
0.000895939	583.425
0.000900967	533.986
0.000905996	488.112
0.000911024	445.907
0.000916052	407.34
0.000921081	372.455
0.000926109	341.057
0.000931138	313.147
0.000936166	288.454
0.000941195	266.958
0.000946223	248.311
0.000951252	232.486
0.00095628	219.011
0.000961308	207.837
0.000966337	198.358
0.000971365	190.477
0.000976394	183.534
0.000981422	177.373
0.000986451	171.414
0.000991479	165.464
0.000996507	159.162
0.00100154	152.322
0.00100656	144.872
0.00101159	136.691
0.00101662	127.965
0.00102165	118.675
0.00102668	109.157
0.00103171	99.4916
0.00103673	90.0214
0.00104176	80.8907
0.00104679	72.3247
0.00105182	64.4713
0.00105685	57.3819
0.00106188	51.1507
0.00106691	45.6781
0.00107193	40.9746
0.00107696	36.8686
0.00108199	33.2962
0.00108702	30.1027
0.00109205	27.1903
0.00109708	24.4766
0.0011021	21.8783
0.00110713	19.3892
0.00111216	16.9702
0.00111719	14.6587
0.00112222	12.4603
0.00112725	10.4143
0.00113228	8.54958
0.0011373	6.88172
0.00114233	5.43649
0.00114736	4.20267
0.00115239	3.18714
0.00115742	2.36304
0.00116245	1.70459
0.00116747	1.22063
