0.000500379	2.13689e-155
0.000509598	5.83828e-150
0.000518817	2.3353e-149
0.000528036	4.79709e-144
0.000537255	1.93846e-143
0.000546474	2.99334e-138
0.000555693	1.22214e-137
0.000564912	1.41845e-132
0.000574131	5.85244e-132
0.00058335	5.1045e-127
0.000592569	2.12865e-126
0.000601788	1.39499e-121
0.000611007	5.88061e-121
0.000620226	2.8951e-116
0.000629445	1.23393e-115
0.000638664	4.56281e-111
0.000647883	1.96657e-110
0.000657101	5.46101e-106
0.00066632	2.38056e-105
0.000675539	4.96346e-101
0.000684758	2.18876e-100
0.000693977	3.42582e-96
0.000703196	1.52851e-95
0.000712415	1.79561e-91
0.000721634	8.10749e-91
0.000730853	7.14703e-87
0.000740072	3.26629e-86
0.000749291	2.16025e-82
0.00075851	9.99473e-82
0.000767729	4.95846e-78
0.000776948	2.32293e-77
0.000786167	8.64278e-74
0.000795386	4.10064e-73
0.000804605	1.144e-69
0.000813823	5.49812e-69
0.000823042	1.14991e-65
0.000832261	5.5992e-65
0.00084148	8.77755e-62
0.000850699	4.33098e-61
0.000859918	5.08814e-58
0.000869137	2.54446e-57
0.000878356	2.23991e-54
0.000887575	1.13541e-53
0.000896794	7.48862e-51
0.000906013	3.84822e-50
0.000915232	1.90148e-47
0.000924451	9.90644e-47
0.00093367	3.66715e-44
0.000942889	1.93699e-43
0.000952108	5.37216e-41
0.000961327	2.87666e-40
0.000970545	5.97872e-38
0.000979764	3.24495e-37
0.000988983	5.05567e-35
0.000998202	2.78026e-34
0.00100742	3.24908e-32
0.00101664	1.80937e-31
0.00102586	1.58741e-29
0.00103508	8.94421e-29
0.0010443	5.8986e-27
0.00105352	3.35844e-26
0.00106273	1.66795e-24
0.00107195	9.57919e-24
0.00108117	3.59185e-22
0.00109039	2.07555e-21
0.00109961	5.89629e-20
0.00110883	3.41647e-19
0.00111805	7.3878e-18
0.00112727	4.27263e-17
0.00113649	7.07651e-16
0.00114571	4.06009e-15
0.00115492	5.19212e-14
0.00116414	2.93198e-13
0.00117336	2.92484e-12
0.00118258	1.60939e-11
0.0011918	1.26832e-10
0.00120102	6.71666e-10
0.00121024	4.24551e-09
0.00121946	2.13204e-08
0.00122868	1.09991e-07
0.00123789	5.14995e-07
0.00124711	2.21045e-06
0.00125633	9.47239e-06
0.00126555	3.45081e-05
0.00127477	0.000132784
0.00128399	0.000418652
0.00129321	0.00142025
0.00130243	0.0039442
0.00131165	0.0116089
0.00132087	0.0288076
0.00133008	0.0726657
0.0013393	0.162753
0.00134852	0.349336
0.00135774	0.729203
0.00136696	1.34677
0.00137618	2.43057
0.0013854	3.97808
0.00139462	6.17319
0.00140384	9.01089
0.00141305	12.347
0.00142227	16.1824
0.00143149	20.2055
0.00144071	24.4134
0.00144993	29.0423
0.00145915	34.0719
0.00146837	40.7165
0.00147759	48.9553
0.00148681	60.4529
0.00149603	75.219
0.00150524	94.4355
0.00151446	118.141
0.00152368	146.631
0.0015329	179.938
0.00154212	217.817
0.00155134	260.302
0.00156056	306.758
0.00156978	357.272
0.001579	410.017
0.00158821	465.015
0.00159743	519.893
0.00160665	574.241
0.00161587	629.777
0.00162509	685.789
0.00163431	751.235
0.00164353	826.195
0.00165275	920.086
0.00166197	1034.38
0.00167118	1167.63
0.0016804	1321.32
0.00168962	1482.64
0.00169884	1651.33
0.00170806	1814.4
0.00171728	1970.21
0.0017265	2114.02
0.00173572	2244.29
0.00174494	2363.89
0.00175416	2472.22
0.00176337	2575.8
0.00177259	2675.24
0.00178181	2775.2
0.00179103	2877.63
0.00180025	2977.83
0.00180947	3077.38
0.00181869	3162.89
0.00182791	3238.15
0.00183713	3264.07
0.00184634	3266.8
0.00185556	3264.42
0.00186478	3212.98
0.001874	3137.44
0.00188322	3048.16
0.00189244	2946.54
0.00190166	2834.64
0.00191088	2713.22
0.0019201	2582.3
0.00192932	2444.66
0.00193853	2300.15
0.00194775	2154.12
0.00195697	2007.86
0.00196619	1864.51
0.00197541	1725.38
0.00198463	1591.12
0.00199385	1462.01
0.00200307	1339.04
0.00201229	1222.52
0.0020215	1113.16
0.00203072	1011.71
0.00203994	916.653
0.00204916	827.981
0.00205838	743.508
0.0020676	662.156
0.00207682	583.867
0.00208604	507.799
0.00209526	436.132
0.00210448	369.386
0.00211369	309.346
0.00212291	257.359
0.00213213	212.676
0.00214135	175.781
0.00215057	144.519
0.00215979	117.976
0.00216901	95.0686
0.00217823	74.7707
0.00218745	57.3873
0.00219666	42.7712
0.00220588	31.2104
0.0022151	22.7404
0.00222432	17.7873
0.00223354	15.5072
0.00224276	14.801
0.00225198	15.6854
0.0022612	16.8984
0.00227042	17.7223
0.00227964	18.1135
0.00228885	17.2633
0.00229807	15.4516
0.00230729	12.935
0.00231651	10.1297
0.00232573	7.56741
0.00233495	5.06605
