0.000500379	0.306338
0.000507084	0.332055
0.000513789	0.360589
0.000520493	0.392092
0.000527198	0.426121
0.000533903	0.462322
0.000540607	0.500494
0.000547312	0.540306
0.000554017	0.581683
0.000560721	0.62439
0.000567426	0.668478
0.000574131	0.713862
0.000580835	0.7607
0.00058754	0.809073
0.000594244	0.859219
0.000600949	0.91138
0.000607654	0.965846
0.000614358	1.023
0.000621063	1.08317
0.000627768	1.14687
0.000634472	1.21443
0.000641177	1.2865
0.000647882	1.36342
0.000654586	1.44592
0.000661291	1.53433
0.000667995	1.62947
0.0006747	1.73157
0.000681405	1.84145
0.000688109	1.95922
0.000694814	2.08555
0.000701519	2.22041
0.000708223	2.36416
0.000714928	2.51664
0.000721633	2.6778
0.000728337	2.84739
0.000735042	3.02499
0.000741746	3.21035
0.000748451	3.40279
0.000755156	3.60216
0.00076186	3.80777
0.000768565	4.01962
0.00077527	4.23726
0.000781974	4.46077
0.000788679	4.69004
0.000795384	4.92512
0.000802088	5.16612
0.000808793	5.41294
0.000815497	5.66549
0.000822202	5.92343
0.000828907	6.186
0.000835611	6.45266
0.000842316	6.72154
0.000849021	6.99203
0.000855725	7.26116
0.00086243	7.52843
0.000869135	7.79024
0.000875839	8.04636
0.000882544	8.29347
0.000889249	8.53175
0.000895953	8.75926
0.000902658	8.97656
0.000909362	9.18408
0.000916067	9.38263
0.000922772	9.5755
0.000929476	9.76353
0.000936181	9.95264
0.000942886	10.1435
0.00094959	10.3438
0.000956295	10.554
0.000963	10.782
0.000969704	11.028
0.000976409	11.2989
0.000983113	11.5945
0.000989818	11.9195
0.000996523	12.2736
0.00100323	12.6586
0.00100993	13.0741
0.00101664	13.5189
0.00102334	13.9927
0.00103005	14.4919
0.00103675	15.016
0.00104346	15.5596
0.00105016	16.1224
0.00105686	16.6974
0.00106357	17.2845
0.00107027	17.8758
0.00107698	18.4714
0.00108368	19.0626
0.00109039	19.6494
0.00109709	20.2232
0.0011038	20.7839
0.0011105	21.323
0.00111721	21.8404
0.00112391	22.3285
0.00113062	22.7873
0.00113732	23.2108
0.00114402	23.5992
0.00115073	23.9492
0.00115743	24.2608
0.00116414	24.5339
0.00117084	24.7685
0.00117755	24.9676
0.00118425	25.1311
0.00119096	25.2642
0.00119766	25.3668
0.00120437	25.4453
0.00121107	25.5
0.00121778	25.5293
0.00122448	25.5431
0.00123119	25.5426
0.00123789	25.521
0.00124459	25.4821
0.0012513	25.4263
0.001258	25.3502
0.00126471	25.254
0.00127141	25.1336
0.00127812	24.9889
0.00128482	24.8161
0.00129153	24.6152
0.00129823	24.384
0.00130494	24.1223
0.00131164	23.8301
0.00131835	23.5073
0.00132505	23.1561
0.00133175	22.7764
0.00133846	22.3715
0.00134516	21.9416
0.00135187	21.4902
0.00135857	21.0174
0.00136528	20.526
0.00137198	20.0161
0.00137869	19.4893
0.00138539	18.9459
0.0013921	18.3865
0.0013988	17.8113
0.00140551	17.221
0.00141221	16.6156
0.00141891	15.9968
0.00142562	15.3645
0.00143232	14.722
0.00143903	14.0692
0.00144573	13.4109
0.00145244	12.7474
0.00145914	12.0844
0.00146585	11.4226
0.00147255	10.7682
0.00147926	10.1219
0.00148596	9.48957
0.00149267	8.87219
0.00149937	8.2746
0.00150608	7.69778
0.00151278	7.14523
0.00151948	6.61785
0.00152619	6.11769
0.00153289	5.64546
0.0015396	5.20176
0.0015463	4.78709
0.00155301	4.40073
0.00155971	4.04292
0.00156642	3.71182
0.00157312	3.40737
0.00157983	3.12696
0.00158653	2.87019
0.00159324	2.63402
0.00159994	2.41778
0.00160664	2.21842
0.00161335	2.03506
0.00162005	1.86501
0.00162676	1.70732
0.00163346	1.55997
0.00164017	1.42205
0.00164687	1.29232
0.00165358	1.17006
0.00166028	1.05474
0.00166699	0.945905
0.00167369	0.8435
0.0016804	0.747348
0.0016871	0.65761
0.00169381	0.574304
0.00170051	0.497555
0.00170721	0.427468
0.00171392	0.363967
0.00172062	0.307125
0.00172733	0.25662
0.00173403	0.212409
0.00174074	0.173966
0.00174744	0.141096
0.00175415	0.113172
0.00176085	0.0898648
0.00176756	0.0705452
0.00177426	0.0548022
0.00178097	0.042086
0.00178767	0.0319647
0.00179437	0.024008
0.00180108	0.0178169
0.00180778	0.0130862
0.00181449	0.0094838
0.00182119	0.00681203
0.0018279	0.00474149
0.0018346	0.00338499
