0.000500379	1.57354e-120
0.00050876	3.78321e-116
0.000517141	1.51324e-115
0.000525522	2.82911e-111
0.000533903	1.14316e-110
0.000542284	1.66167e-106
0.000550665	6.78393e-106
0.000559045	7.66563e-102
0.000567426	3.16253e-101
0.000575807	2.77757e-97
0.000584188	1.15816e-96
0.000592569	7.90497e-93
0.00060095	3.33189e-92
0.00060933	1.76708e-88
0.000617711	7.53013e-88
0.000626092	3.10268e-84
0.000634473	1.33694e-83
0.000642854	4.27908e-80
0.000651235	1.86475e-79
0.000659615	4.63557e-76
0.000667996	2.04334e-75
0.000676377	3.9446e-72
0.000684758	1.75905e-71
0.000693139	2.63671e-68
0.00070152	1.1897e-67
0.0007099	1.3845e-64
0.000718281	6.3217e-64
0.000726662	5.71099e-61
0.000735043	2.63921e-60
0.000743424	1.8507e-57
0.000751805	8.65705e-57
0.000760186	4.71184e-54
0.000768566	2.23119e-53
0.000776947	9.4255e-51
0.000785328	4.51841e-50
0.000793709	1.48154e-47
0.00080209	7.19011e-47
0.000810471	1.83005e-44
0.000818851	8.99092e-44
0.000827232	1.77667e-41
0.000835613	8.8351e-41
0.000843994	1.35586e-38
0.000852375	6.82309e-38
0.000860756	8.13532e-36
0.000869136	4.14131e-35
0.000877517	3.8388e-33
0.000885898	1.97566e-32
0.000894279	1.425e-30
0.00090266	7.40858e-30
0.000911041	4.16298e-28
0.000919421	2.18396e-27
0.000927802	9.57593e-26
0.000936183	5.06153e-25
0.000944564	1.73547e-23
0.000952945	9.22351e-23
0.000961326	2.47997e-21
0.000969707	1.32173e-20
0.000978087	2.79696e-19
0.000986468	1.48965e-18
0.000994849	2.49251e-17
0.00100323	1.32066e-16
0.00101161	1.75751e-15
0.00101999	9.21207e-15
0.00102837	9.8213e-14
0.00103675	5.05684e-13
0.00104513	4.35747e-12
0.00105351	2.18513e-11
0.0010619	1.53796e-10
0.00107028	7.43531e-10
0.00107866	4.32679e-09
0.00108704	1.99304e-08
0.00109542	9.72116e-08
0.0011038	4.21053e-07
0.00111218	1.747e-06
0.00112056	7.01487e-06
0.00112894	2.51408e-05
0.00113732	9.22312e-05
0.0011457	0.000289863
0.00115409	0.000957851
0.00116247	0.00267705
0.00117085	0.0078661
0.00117923	0.0197887
0.00118761	0.0511523
0.00119599	0.11693
0.00120437	0.263874
0.00121275	0.554993
0.00122113	1.09033
0.00122951	2.13697
0.00123789	3.70938
0.00124627	6.29759
0.00125466	9.89019
0.00126304	14.8143
0.00127142	21.0425
0.0012798	28.3066
0.00128818	36.5972
0.00129656	45.275
0.00130494	54.3605
0.00131332	63.9271
0.0013217	73.989
0.00133008	85.9103
0.00133846	99.6815
0.00134684	116.808
0.00135523	137.292
0.00136361	161.082
0.00137199	188.211
0.00138037	216.956
0.00138875	247.327
0.00139713	277.629
0.00140551	307.786
0.00141389	338.24
0.00142227	368.834
0.00143065	403.185
0.00143903	441.175
0.00144741	488.32
0.0014558	544.72
0.00146418	614.444
0.00147256	697.846
0.00148094	794.61
0.00148932	905.166
0.0014977	1024.34
0.00150608	1152.36
0.00151446	1281.42
0.00152284	1411.2
0.00153122	1536.06
0.0015396	1655.09
0.00154798	1770.01
0.00155637	1879.97
0.00156475	1993.79
0.00157313	2111.84
0.00158151	2241.44
0.00158989	2384.35
0.00159827	2536.52
0.00160665	2699.62
0.00161503	2857.77
0.00162341	3010.58
0.00163179	3141.21
0.00164017	3247.04
0.00164855	3323.03
0.00165694	3368.77
0.00166532	3378.54
0.0016737	3368.88
0.00168208	3346.62
0.00169046	3306.2
0.00169884	3255.95
0.00170722	3197.96
0.0017156	3133.04
0.00172398	3061.59
0.00173236	2984.57
0.00174074	2902.39
0.00174912	2814.71
0.00175751	2721.81
0.00176589	2622.06
0.00177427	2514.93
0.00178265	2400.62
0.00179103	2278.7
0.00179941	2151.13
0.00180779	2018.32
0.00181617	1881.2
0.00182455	1740.03
0.00183293	1595.47
0.00184131	1447.01
0.00184969	1298.22
0.00185808	1149.08
0.00186646	1005.65
0.00187484	869.506
0.00188322	744.99
0.0018916	634.486
0.00189998	537.623
0.00190836	455.656
0.00191674	384.883
0.00192512	324.539
0.0019335	271.48
0.00194188	224.005
0.00195026	181.705
0.00195865	143.7
0.00196703	110.998
0.00197541	83.9631
0.00198379	62.6151
0.00199217	47.4911
0.00200055	37.0264
0.00200893	30.9194
0.00201731	27.2794
0.00202569	25.07
0.00203407	23.3575
0.00204245	21.1904
0.00205083	18.7175
0.00205922	15.6384
0.0020676	12.4485
0.00207598	9.36517
0.00208436	6.60865
0.00209274	4.44178
0.00210112	2.77114
0.0021095	1.64992
0.00211788	0.915578
0.00212626	0.4678
0.00213464	0.238907
0.00214302	0.106939
0.0021514	0.0491068
0.00215979	0.0182289
0.00216817	0.00793632
