3.33898e-05	354.85
3.48982e-05	393.235
3.64066e-05	437.45
3.7915e-05	487.661
3.94234e-05	543.384
4.09318e-05	604.282
4.24402e-05	670.008
4.39487e-05	740.142
4.54571e-05	814.427
4.69655e-05	892.462
4.84739e-05	974.07
4.99823e-05	1058.93
5.14907e-05	1146.89
5.29991e-05	1237.69
5.45076e-05	1331.12
5.6016e-05	1426.92
5.75244e-05	1524.83
5.90328e-05	1624.46
6.05412e-05	1725.53
6.20496e-05	1827.53
6.3558e-05	1930.27
6.50665e-05	2033.2
6.65749e-05	2136.32
6.80833e-05	2239.25
6.95917e-05	2342.26
7.11001e-05	2445.4
7.26085e-05	2549.19
7.41169e-05	2654.27
7.56253e-05	2761.32
7.71338e-05	2871.63
7.86422e-05	2985.83
8.01506e-05	3105.63
8.1659e-05	3231.5
8.31674e-05	3365.19
8.46758e-05	3506.84
8.61842e-05	3657.8
8.76927e-05	3817.89
8.92011e-05	3987.64
9.07095e-05	4166.61
9.22179e-05	4354.34
9.37263e-05	4550.24
9.52347e-05	4752.92
9.67431e-05	4961.78
9.82516e-05	5174.71
9.976e-05	5391.19
0.000101268	5608.73
0.000102777	5826.89
0.000104285	6043.09
0.000105794	6256.93
0.000107302	6465.84
0.00010881	6669.48
0.000110319	6865.3
0.000111827	7053.03
0.000113336	7230.19
0.000114844	7396.62
0.000116353	7550.11
0.000117861	7690.7
0.000119369	7816.86
0.000120878	7928.84
0.000122386	8026.29
0.000123895	8109.67
0.000125403	8180.2
0.000126911	8238.41
0.00012842	8287.11
0.000129928	8326.75
0.000131437	8361.25
0.000132945	8390.84
0.000134453	8419.58
0.000135962	8447.44
0.00013747	8477.5
0.000138979	8509.51
0.000140487	8544.65
0.000141996	8582.55
0.000143504	8622.06
0.000145012	8662.8
0.000146521	8701.56
0.000148029	8738.06
0.000149538	8769.23
0.000151046	8793.39
0.000152554	8796.14
0.000154063	8796.03
0.000155571	8788.76
0.00015708	8753.09
0.000158588	8701.7
0.000160097	8633.36
0.000161605	8546.38
0.000163113	8440.92
0.000164622	8318.14
0.00016613	8178.16
0.000167639	8023.59
0.000169147	7854.48
0.000170655	7674.35
0.000172164	7483.21
0.000173672	7284.97
0.000175181	7079.6
0.000176689	6870.97
0.000178197	6659.04
0.000179706	6447.33
0.000181214	6235.82
0.000182723	6027.46
0.000184231	5822.25
0.00018574	5622.43
0.000187248	5427.99
0.000188756	5240.32
0.000190265	5059.43
0.000191773	4885.7
0.000193282	4719.15
0.00019479	4559.14
0.000196298	4405.7
0.000197807	4257.31
0.000199315	4114
0.000200824	3973.72
0.000202332	3836.48
0.000203841	3700.21
0.000205349	3564.87
0.000206857	3428.94
0.000208366	3292.31
0.000209874	3154.36
0.000211383	3014.96
0.000212891	2874.51
0.000214399	2732.9
0.000215908	2591.36
0.000217416	2449.87
0.000218925	2310.15
0.000220433	2172.23
0.000221941	2037.95
0.00022345	1907.38
0.000224958	1782.08
0.000226467	1662.19
0.000227975	1548.75
0.000229484	1441.89
0.000230992	1342.08
0.0002325	1249.43
0.000234009	1163.81
0.000235517	1085.32
0.000237026	1013.33
0.000238534	947.877
0.000240042	887.997
0.000241551	833.665
0.000243059	783.726
0.000244568	738.1
0.000246076	695.634
0.000247585	656.199
0.000249093	618.825
0.000250601	583.355
0.00025211	549.144
0.000253618	516.039
0.000255127	483.781
0.000256635	452.254
0.000258143	421.546
0.000259652	391.606
0.00026116	362.744
0.000262669	334.978
0.000264177	308.675
0.000265685	283.906
0.000267194	260.936
0.000268702	239.86
0.000270211	220.744
0.000271719	203.666
0.000273228	188.477
0.000274736	175.207
0.000276244	163.544
0.000277753	153.455
0.000279261	144.551
0.00028077	136.747
0.000282278	129.668
0.000283786	123.198
0.000285295	117.045
0.000286803	111.09
0.000288312	105.163
0.00028982	99.1669
0.000291329	93.0547
0.000292837	86.7672
0.000294345	80.3576
0.000295854	73.8111
0.000297362	67.2391
0.000298871	60.6671
0.000300379	54.2208
0.000301887	47.9521
0.000303396	41.9649
0.000304904	36.3197
0.000306413	31.0774
0.000307921	26.2894
0.000309429	21.9692
0.000310938	18.1472
0.000312446	14.798
0.000313955	11.9265
0.000315463	9.48397
0.000316972	7.45278
0.00031848	5.77683
0.000319988	4.42351
0.000321497	3.34133
0.000323005	2.49165
0.000324514	1.83392
0.000326022	1.33099
0.00032753	0.954647
0.000329039	0.673875
0.000330547	0.471112
0.000332056	0.316528
0.000333564	0.220339
