0.000500379	2.48209e-229
0.000510437	6.65322e-222
0.000520494	2.66129e-221
0.000530551	5.08076e-214
0.000540608	2.05309e-213
0.000550665	2.79125e-206
0.000560722	1.13964e-205
0.000570779	1.10317e-198
0.000580836	4.55164e-198
0.000590893	3.13656e-191
0.00060095	1.30801e-190
0.000611007	6.41555e-184
0.000621064	2.70454e-183
0.000631121	9.44018e-177
0.000641178	4.02362e-176
0.000651235	9.99288e-170
0.000661292	4.30707e-169
0.000671349	7.60961e-163
0.000681406	3.31731e-162
0.000691463	4.16864e-156
0.00070152	1.83837e-155
0.000711577	1.64279e-149
0.000721634	7.33023e-149
0.000731691	4.65721e-143
0.000741748	2.10302e-142
0.000751806	9.49776e-137
0.000761863	4.34118e-136
0.00077192	1.39337e-130
0.000781977	6.4478e-130
0.000792034	1.47048e-124
0.000802091	6.89056e-124
0.000812148	1.11634e-118
0.000822205	5.29829e-118
0.000832262	6.09641e-113
0.000842319	2.93127e-112
0.000852376	2.39492e-107
0.000862433	1.16685e-106
0.00087249	6.76775e-102
0.000882547	3.34203e-101
0.000892604	1.37572e-96
0.000902661	6.88721e-96
0.000912718	2.01163e-91
0.000922775	1.02121e-90
0.000932832	2.11589e-86
0.000942889	1.08949e-85
0.000952946	1.6009e-81
0.000963003	8.3631e-81
0.00097306	8.71281e-77
0.000983117	4.61901e-76
0.000993175	3.41095e-72
0.00100323	1.83555e-71
0.00101329	9.60536e-68
0.00102335	5.24834e-67
0.0010334	1.94569e-63
0.00104346	1.07973e-62
0.00105352	2.83506e-59
0.00106357	1.59824e-58
0.00107363	2.97154e-55
0.00108369	1.7022e-54
0.00109374	2.24049e-51
0.0011038	1.30441e-50
0.00111386	1.21525e-47
0.00112392	7.19219e-47
0.00113397	4.74213e-44
0.00114403	2.85332e-43
0.00115409	1.3314e-40
0.00116414	8.14489e-40
0.0011742	2.68987e-37
0.00118426	1.67291e-36
0.00119432	3.91135e-34
0.00120437	2.47242e-33
0.00121443	4.09472e-31
0.00122449	2.62932e-30
0.00123454	3.08751e-28
0.0012446	2.01212e-27
0.00125466	1.6778e-25
0.00126471	1.1081e-24
0.00127477	6.57655e-23
0.00128483	4.39195e-22
0.00129489	1.86167e-20
0.00130494	1.25297e-19
0.001315	3.81226e-18
0.00132506	2.57336e-17
0.00133511	5.65998e-16
0.00134517	3.80582e-15
0.00135523	6.11071e-14
0.00136529	4.05452e-13
0.00137534	4.81551e-12
0.0013854	3.11313e-11
0.00139546	2.78238e-10
0.00140551	1.72402e-09
0.00141557	1.18461e-08
0.00142563	6.89337e-08
0.00143568	3.73484e-07
0.00144574	1.99306e-06
0.0014558	8.75716e-06
0.00146586	4.17587e-05
0.00147591	0.000153154
0.00148597	0.000635982
0.00149603	0.00200057
0.00150608	0.00707171
0.00151614	0.0195221
0.0015262	0.0577721
0.00153625	0.142345
0.00154631	0.349905
0.00155637	0.77735
0.00156643	1.59208
0.00157648	3.28322
0.00158654	5.83252
0.0015966	10.1169
0.00160665	16.1387
0.00161671	24.6553
0.00162677	35.6954
0.00163683	49.5161
0.00164688	66.1665
0.00165694	85.1919
0.001667	106.624
0.00167705	129.535
0.00168711	153.814
0.00169717	179.762
0.00170722	207.147
0.00171728	238.85
0.00172734	274.923
0.0017374	317.96
0.00174745	368.277
0.00175751	425.755
0.00176757	490.164
0.00177762	563.611
0.00178768	645.597
0.00179774	742.95
0.00180779	856.501
0.00181785	988.198
0.00182791	1139.88
0.00183797	1301.16
0.00184802	1472.43
0.00185808	1638.68
0.00186814	1797.85
0.00187819	1943.81
0.00188825	2073.67
0.00189831	2195.79
0.00190837	2309.57
0.00191842	2428.08
0.00192848	2554.59
0.00193854	2688.09
0.00194859	2831.73
0.00195865	2968.64
0.00196871	3097.05
0.00197876	3204.17
0.00198882	3286.42
0.00199888	3342
0.00200894	3372.04
0.00201899	3378.15
0.00202905	3359.62
0.00203911	3316
0.00204916	3243.7
0.00205922	3138.52
0.00206928	2998.83
0.00207933	2828.35
0.00208939	2624.38
0.00209945	2404.08
0.00210951	2169.52
0.00211956	1939.21
0.00212962	1719.29
0.00213968	1518.08
0.00214973	1340.55
0.00215979	1186.19
0.00216985	1056.89
0.00217991	948.228
0.00218996	860.17
0.00220002	786.121
0.00221008	724.522
0.00222013	668.623
0.00223019	615.439
0.00224025	561.602
0.0022503	504.007
0.00226036	444.843
0.00227042	383.321
0.00228048	324.225
0.00229053	269.633
0.00230059	221.63
0.00231065	182.399
0.0023207	150.655
0.00233076	126.701
0.00234082	108.537
0.00235088	95.3605
0.00236093	85.558
0.00237099	78.096
0.00238105	71.8776
0.0023911	65.8836
0.00240116	59.8395
0.00241122	53.1406
0.00242127	46.1046
0.00243133	38.6645
0.00244139	31.283
0.00245145	24.2269
0.0024615	17.8272
0.00247156	12.4685
0.00248162	8.13317
0.00249167	4.94321
0.00250173	2.85684
