0.000500379	2.73008e-27
0.000506246	3.86218e-26
0.000512113	1.46297e-25
0.000517979	1.85707e-24
0.000523846	6.90633e-24
0.000529712	7.74335e-23
0.000535579	2.87228e-22
0.000541445	2.84952e-21
0.000547312	1.05244e-20
0.000553178	9.25727e-20
0.000559045	3.39768e-19
0.000564911	2.65586e-18
0.000570778	9.66533e-18
0.000576644	6.73118e-17
0.000582511	2.42291e-16
0.000588378	1.50767e-15
0.000594244	5.35289e-15
0.000600111	2.98554e-14
0.000605977	1.04238e-13
0.000611844	5.22913e-13
0.00061771	1.78942e-12
0.000623577	8.10434e-12
0.000629443	2.70849e-11
0.00063531	1.11195e-10
0.000641176	3.61546e-10
0.000647043	1.35125e-09
0.000652909	4.25733e-09
0.000658776	1.45502e-08
0.000664643	4.42367e-08
0.000670509	1.38895e-07
0.000676376	4.05758e-07
0.000682242	1.17596e-06
0.000688109	3.28692e-06
0.000693975	8.83462e-06
0.000699842	2.35283e-05
0.000705708	5.89227e-05
0.000711575	0.000148924
0.000717441	0.000349057
0.000723308	0.000834191
0.000729174	0.0018377
0.000735041	0.00413924
0.000740908	0.00860398
0.000746774	0.0182157
0.000752641	0.0358515
0.000758507	0.0711967
0.000764374	0.13369
0.00077024	0.248174
0.000776107	0.450692
0.000781973	0.778829
0.00078784	1.33406
0.000793706	2.1775
0.000799573	3.51917
0.000805439	5.44196
0.000811306	8.30659
0.000817173	12.1979
0.000823039	17.618
0.000828906	24.6178
0.000834772	33.731
0.000840639	44.9398
0.000846505	58.5966
0.000852372	74.6075
0.000858238	92.9154
0.000864105	113.388
0.000869971	135.474
0.000875838	159.071
0.000881704	183.32
0.000887571	208.208
0.000893438	232.987
0.000899304	257.739
0.000905171	282.248
0.000911037	306.636
0.000916904	331.356
0.00092277	356.501
0.000928637	382.957
0.000934503	410.767
0.00094037	440.896
0.000946236	473.378
0.000952103	509.189
0.000957969	548.397
0.000963836	592.306
0.000969703	641.006
0.000975569	696.402
0.000981436	758.526
0.000987302	829.496
0.000993169	909.221
0.000999035	998.837
0.0010049	1098.16
0.00101077	1206.03
0.00101663	1322.28
0.0010225	1443.15
0.00102837	1568.56
0.00103423	1693.33
0.0010401	1817.51
0.00104597	1936.6
0.00105183	2050.7
0.0010577	2157.78
0.00106357	2257.89
0.00106943	2351.8
0.0010753	2439.51
0.00108117	2523.39
0.00108703	2603.4
0.0010929	2681.63
0.00109877	2758.08
0.00110463	2833.17
0.0011105	2906.92
0.00111637	2977.95
0.00112223	3046.29
0.0011281	3109.74
0.00113397	3168.31
0.00113983	3220.26
0.0011457	3265.52
0.00115157	3303.49
0.00115743	3334.11
0.0011633	3357.94
0.00116916	3375.21
0.00117503	3382.95
0.0011809	3386.19
0.00118676	3385.67
0.00119263	3376.13
0.0011985	3359.8
0.00120436	3337.13
0.00121023	3306.24
0.0012161	3267.16
0.00122196	3217.86
0.00122783	3158.26
0.0012337	3086.65
0.00123956	3002.8
0.00124543	2906.55
0.0012513	2797.55
0.00125716	2678.22
0.00126303	2548.25
0.0012689	2412.51
0.00127476	2271.01
0.00128063	2129.7
0.0012865	1988.98
0.00129236	1853.9
0.00129823	1725.12
0.0013041	1605.41
0.00130996	1495.38
0.00131583	1395.41
0.00132169	1305.84
0.00132756	1225.62
0.00133343	1154.8
0.00133929	1091.9
0.00134516	1036.82
0.00135103	988.061
0.00135689	945.502
0.00136276	907.41
0.00136863	873.659
0.00137449	842.18
0.00138036	812.723
0.00138623	783.233
0.00139209	753.294
0.00139796	721.483
0.00140383	687.316
0.00140969	650.441
0.00141556	610.488
0.00142143	568.178
0.00142729	523.393
0.00143316	477.578
0.00143903	430.9
0.00144489	385.026
0.00145076	340.357
0.00145663	298.261
0.00146249	259.255
0.00146836	224.005
0.00147422	192.964
0.00148009	165.958
0.00148596	143.196
0.00149182	123.897
0.00149769	107.948
0.00150356	94.4502
0.00150942	83.0655
0.00151529	73.2078
0.00152116	64.5261
0.00152702	56.8508
0.00153289	49.9926
0.00153876	43.9888
0.00154462	38.824
0.00155049	34.4714
0.00155636	30.9654
0.00156222	28.1152
0.00156809	25.8794
0.00157396	24.0028
0.00157982	22.3491
0.00158569	20.7559
0.00159156	19.0717
0.00159742	17.2938
0.00160329	15.3465
0.00160916	13.3319
0.00161502	11.2749
0.00162089	9.28055
0.00162675	7.42774
0.00163262	5.7609
0.00163849	4.34725
0.00164435	3.16996
0.00165022	2.24957
0.00165609	1.54205
0.00166195	1.00857
0.00166782	0.662429
