0.000166815	0.70738
0.000171844	1.00373
0.000176872	1.42676
0.000181901	1.96654
0.000186929	2.65206
0.000191958	3.51009
0.000196986	4.54281
0.000202014	5.77083
0.000207043	7.1706
0.000212071	8.74068
0.0002171	10.4296
0.000222128	12.1987
0.000227157	13.9791
0.000232185	15.6903
0.000237214	17.2677
0.000242242	18.6046
0.00024727	19.6648
0.000252299	20.3662
0.000257327	20.6722
0.000262356	20.5422
0.000267384	20.0911
0.000272413	19.2772
0.000277441	18.1898
0.000282469	16.9359
0.000287498	15.5923
0.000292526	14.3127
0.000297555	13.1596
0.000302583	12.262
0.000307612	11.7528
0.00031264	11.8438
0.000317669	12.2153
0.000322697	13.1281
0.000327725	14.8357
0.000332754	17.0984
0.000337782	19.9776
0.000342811	23.4752
0.000347839	27.5897
0.000352868	32.3029
0.000357896	37.6465
0.000362924	43.6459
0.000367953	50.3825
0.000372981	58.0057
0.00037801	66.6468
0.000383038	76.6499
0.000388067	88.1725
0.000393095	101.769
0.000398123	117.58
0.000403152	136.294
0.00040818	157.986
0.000413209	183.311
0.000418237	212.247
0.000423266	245.202
0.000428294	282.059
0.000433323	322.798
0.000438351	367.248
0.000443379	414.901
0.000448408	465.584
0.000453436	518.4
0.000458465	573.226
0.000463493	629
0.000468522	685.68
0.00047355	742.323
0.000478578	798.972
0.000483607	855.064
0.000488635	910.708
0.000493664	965.898
0.000498692	1020.77
0.000503721	1075.93
0.000508749	1131.51
0.000513778	1188.58
0.000518806	1247.23
0.000523834	1308.74
0.000528863	1373.09
0.000533891	1441.3
0.00053892	1513.28
0.000543948	1589.29
0.000548977	1669.17
0.000554005	1752.1
0.000559033	1837.92
0.000564062	1924.74
0.00056909	2012.46
0.000574119	2098.59
0.000579147	2183.14
0.000584176	2263.87
0.000589204	2340.86
0.000594233	2412.99
0.000599261	2480.39
0.000604289	2543.55
0.000609318	2602.54
0.000614346	2659.21
0.000619375	2713.58
0.000624403	2767.88
0.000629432	2822.08
0.00063446	2877.53
0.000639488	2934.19
0.000644517	2991.58
0.000649545	3049.67
0.000654574	3105.99
0.000659602	3160.55
0.000664631	3209.63
0.000669659	3253.25
0.000674688	3288.57
0.000679716	3315.7
0.000684744	3323.75
0.000689773	3326.05
0.000694801	3323.09
0.00069983	3300.71
0.000704858	3269.12
0.000709887	3228.62
0.000714915	3181.36
0.000719943	3127.31
0.000724972	3069.81
0.00073	3008.89
0.000735029	2947.16
0.000740057	2884.71
0.000745086	2823.01
0.000750114	2762.17
0.000755143	2702.61
0.000760171	2644.41
0.000765199	2587.29
0.000770228	2531.29
0.000775256	2475.79
0.000780285	2420.81
0.000785313	2365.59
0.000790342	2310.14
0.00079537	2253.62
0.000800398	2196.03
0.000805427	2136.52
0.000810455	2075.07
0.000815484	2010.94
0.000820512	1944.07
0.000825541	1874.07
0.000830569	1800.85
0.000835598	1724.61
0.000840626	1645.24
0.000845654	1563.69
0.000850683	1479.89
0.000855711	1395.43
0.00086074	1310.33
0.000865768	1226.51
0.000870797	1144.11
0.000875825	1064.9
0.000880853	989.118
0.000885882	917.936
0.00089091	851.637
0.000895939	790.523
0.000900967	734.82
0.000905996	684.002
0.000911024	638.16
0.000916052	596.215
0.000921081	558.094
0.000926109	522.571
0.000931138	489.443
0.000936166	457.708
0.000941195	427.106
0.000946223	397.09
0.000951252	367.428
0.00095628	338.073
0.000961308	308.889
0.000966337	280.213
0.000971365	252.035
0.000976394	224.874
0.000981422	198.83
0.000986451	174.386
0.000991479	151.703
0.000996507	131.059
0.00100154	112.615
0.00100656	96.3726
0.00101159	82.428
0.00101662	70.5476
0.00102165	60.7283
0.00102668	52.6113
0.00103171	46.1026
0.00103673	40.8472
0.00104176	36.7007
0.00104679	33.4016
0.00105182	30.8078
0.00105685	28.7716
0.00106188	27.1911
0.00106691	25.9933
0.00107193	25.1238
0.00107696	24.5244
0.00108199	24.1507
0.00108702	23.9775
0.00109205	23.9216
0.00109708	23.8699
0.0011021	23.7924
0.00110713	23.637
0.00111216	23.2929
0.00111719	22.7066
0.00112222	21.8596
0.00112725	20.7623
0.00113228	19.3959
0.0011373	17.8299
0.00114233	16.0919
0.00114736	14.2631
0.00115239	12.4044
0.00115742	10.5777
0.00116245	8.87051
0.00116747	7.25286
