0.000166815	1.43246e-56
0.00017352	2.57129e-54
0.000180225	1.02422e-53
0.000186929	1.54068e-51
0.000193634	6.1837e-51
0.000200339	7.78512e-49
0.000207043	3.15255e-48
0.000213748	3.32238e-46
0.000220453	1.35719e-45
0.000227157	1.19757e-43
0.000233862	4.93399e-43
0.000240566	3.64644e-41
0.000247271	1.51477e-40
0.000253976	9.38002e-39
0.00026068	3.92735e-38
0.000267385	2.03878e-36
0.00027409	8.59952e-36
0.000280794	3.74492e-34
0.000287499	1.59033e-33
0.000294204	5.8145e-32
0.000300908	2.48406e-31
0.000307613	7.6328e-30
0.000314317	3.27734e-29
0.000321022	8.47385e-28
0.000327727	3.6525e-27
0.000334431	7.95881e-26
0.000341136	3.43875e-25
0.000347841	6.32637e-24
0.000354545	2.73518e-23
0.00036125	4.25789e-22
0.000367955	1.83817e-21
0.000374659	2.42768e-20
0.000381364	1.04387e-19
0.000388068	1.17327e-18
0.000394773	5.00978e-18
0.000401478	4.80948e-17
0.000408182	2.03219e-16
0.000414887	1.67341e-15
0.000421592	6.96869e-15
0.000428296	4.94592e-14
0.000435001	2.02051e-13
0.000441706	1.24277e-12
0.00044841	4.95438e-12
0.000455115	2.65704e-11
0.000461819	1.02765e-10
0.000468524	4.83769e-10
0.000475229	1.8037e-09
0.000481933	7.50692e-09
0.000488638	2.67977e-08
0.000495343	9.93563e-08
0.000502047	3.37155e-07
0.000508752	1.12233e-06
0.000515457	3.59403e-06
0.000522161	1.08262e-05
0.000528866	3.24804e-05
0.000535571	8.92157e-05
0.000542275	0.000249041
0.00054898	0.000628279
0.000555684	0.00162155
0.000562389	0.00378199
0.000569094	0.00897629
0.000575798	0.0194656
0.000582503	0.0423066
0.000589208	0.0857012
0.000595912	0.170099
0.000602617	0.328752
0.000609322	0.59374
0.000616026	1.06924
0.000622731	1.78348
0.000629435	2.94827
0.00063614	4.58882
0.000642845	7.00608
0.000649549	10.2114
0.000656254	14.5158
0.000662959	19.9166
0.000669663	26.6464
0.000676368	34.7066
0.000683073	44.2841
0.000689777	55.4005
0.000696482	68.3685
0.000703186	83.2155
0.000709891	100.465
0.000716596	120.116
0.0007233	142.669
0.000730005	168.088
0.00073671	196.466
0.000743414	227.766
0.000750119	261.611
0.000756824	297.998
0.000763528	336.505
0.000770233	377.163
0.000776937	420.04
0.000783642	465.168
0.000790347	513.336
0.000797051	564.558
0.000803756	620.205
0.000810461	680.27
0.000817165	746.23
0.00082387	818.065
0.000830575	896.539
0.000837279	981.643
0.000843984	1072.61
0.000850689	1169.46
0.000857393	1269.83
0.000864098	1373.74
0.000870802	1478.21
0.000877507	1583.23
0.000884212	1686.47
0.000890916	1787.88
0.000897621	1886.41
0.000904326	1982.01
0.00091103	2074.81
0.000917735	2164.75
0.00092444	2252.98
0.000931144	2339.46
0.000937849	2425.73
0.000944553	2511.92
0.000951258	2598.11
0.000957963	2684.65
0.000964667	2767.83
0.000971372	2847.99
0.000978077	2917.58
0.000984781	2976.71
0.000991486	3015.81
0.000998191	3035.61
0.0010049	3036.68
0.0010116	3010.78
0.0010183	2965.23
0.00102501	2900.14
0.00103171	2824.69
0.00103842	2738.99
0.00104512	2653.99
0.00105183	2570.71
0.00105853	2495.79
0.00106524	2430.72
0.00107194	2374.88
0.00107865	2329.27
0.00108535	2287.78
0.00109206	2250.24
0.00109876	2210.07
0.00110546	2166.24
0.00111217	2115.52
0.00111887	2056.97
0.00112558	1990.66
0.00113228	1916.26
0.00113899	1834.92
0.00114569	1746.67
0.0011524	1652.69
0.0011591	1552.93
0.00116581	1449.43
0.00117251	1342.13
0.00117922	1234.55
0.00118592	1127.04
0.00119263	1023.48
0.00119933	924.76
0.00120603	833.208
0.00121274	749.815
0.00121944	674.564
0.00122615	607.957
0.00123285	548.521
0.00123956	496.112
0.00124626	449.222
0.00125297	407.393
0.00125967	369.795
0.00126638	336.062
0.00127308	305.835
0.00127979	278.976
0.00128649	255.077
0.00129319	234.083
0.0012999	215.331
0.0013066	198.66
0.00131331	183.36
0.00132001	169.139
0.00132672	155.568
0.00133342	142.359
0.00134013	129.468
0.00134683	116.753
0.00135354	104.392
0.00136024	92.4057
0.00136695	80.9786
0.00137365	70.2051
0.00138035	60.1739
0.00138706	50.964
0.00139376	42.5854
0.00140047	35.0719
0.00140717	28.4024
0.00141388	22.5826
0.00142058	17.5735
0.00142729	13.3699
0.00143399	9.90015
0.0014407	7.14006
0.0014474	4.98502
0.00145411	3.37755
0.00146081	2.20829
0.00146752	1.39315
0.00147422	0.850198
0.00148092	0.494562
0.00148763	0.282034
0.00149433	0.135043
0.00150104	0.0801533
