0.000166815	0.00173479
0.000171844	0.0028118
0.000176872	0.00604283
0.000181901	0.0106025
0.000186929	0.0193292
0.000191958	0.0329502
0.000196986	0.0568275
0.000202014	0.0935674
0.000207043	0.153621
0.000212071	0.243782
0.0002171	0.382167
0.000222128	0.58372
0.000227157	0.875959
0.000232185	1.28698
0.000237214	1.85289
0.000242242	2.61893
0.00024727	3.6251
0.000252299	4.93328
0.000257327	6.57927
0.000262356	8.63379
0.000267384	11.1199
0.000272413	14.1025
0.000277441	17.5869
0.000282469	21.6164
0.000287498	26.1792
0.000292526	31.2865
0.000297555	36.9136
0.000302583	43.0374
0.000307612	49.6223
0.00031264	56.6119
0.000317669	63.9574
0.000322697	71.5632
0.000327725	79.3675
0.000332754	87.2245
0.000337782	95.0694
0.000342811	102.708
0.000347839	110.098
0.000352868	117.035
0.000357896	123.529
0.000362924	129.452
0.000367953	134.876
0.000372981	139.847
0.00037801	144.491
0.000383038	149.081
0.000388067	153.755
0.000393095	158.989
0.000398123	164.892
0.000403152	172.031
0.00040818	180.469
0.000413209	190.733
0.000418237	202.853
0.000423266	217.244
0.000428294	233.936
0.000433323	253.261
0.000438351	275.276
0.000443379	300.35
0.000448408	328.568
0.000453436	360.444
0.000458465	396.065
0.000463493	436.098
0.000468522	480.589
0.00047355	530.21
0.000478578	584.931
0.000483607	645.166
0.000488635	710.813
0.000493664	781.791
0.000498692	857.976
0.000503721	938.748
0.000508749	1024.02
0.000513778	1112.85
0.000518806	1205.22
0.000523834	1300.26
0.000528863	1398.01
0.000533891	1497.98
0.00053892	1600.21
0.000543948	1704.63
0.000548977	1811.24
0.000554005	1920.11
0.000559033	2031.19
0.000564062	2144.25
0.00056909	2259.22
0.000574119	2375.22
0.000579147	2492.16
0.000584176	2608.34
0.000589204	2723.67
0.000594233	2835.62
0.000599261	2944.14
0.000604289	3046.04
0.000609318	3141.32
0.000614346	3226.65
0.000619375	3302.07
0.000624403	3364.89
0.000629432	3415.18
0.00063446	3452.94
0.000639488	3477.83
0.000644517	3481.12
0.000649545	3479.52
0.000654574	3473.01
0.000659602	3449.49
0.000664631	3420.78
0.000669659	3386.78
0.000674688	3350.22
0.000679716	3311.08
0.000684744	3271.53
0.000689773	3231.59
0.000694801	3191.84
0.00069983	3152.29
0.000704858	3112.29
0.000709887	3071.87
0.000714915	3029.88
0.000719943	2986.32
0.000724972	2940.27
0.00073	2891.72
0.000735029	2840.39
0.000740057	2786.24
0.000745086	2729.63
0.000750114	2670.55
0.000755143	2609.71
0.000760171	2547.13
0.000765199	2483.49
0.000770228	2418.84
0.000775256	2353.6
0.000780285	2287.8
0.000785313	2221.52
0.000790342	2154.77
0.00079537	2087.39
0.000800398	2019.38
0.000805427	1950.52
0.000810455	1880.79
0.000815484	1810.16
0.000820512	1738.59
0.000825541	1666.34
0.000830569	1593.38
0.000835598	1520.24
0.000840626	1446.92
0.000845654	1374.06
0.000850683	1301.7
0.000855711	1230.38
0.00086074	1160.17
0.000865768	1091.37
0.000870797	1024.05
0.000875825	958.261
0.000880853	894.039
0.000885882	831.363
0.00089091	770.213
0.000895939	710.694
0.000900967	652.77
0.000905996	596.792
0.000911024	542.752
0.000916052	491.197
0.000921081	442.184
0.000926109	396.27
0.000931138	353.571
0.000936166	314.446
0.000941195	279.029
0.000946223	247.365
0.000951252	219.553
0.00095628	195.324
0.000961308	174.709
0.000966337	157.196
0.000971365	142.739
0.000976394	130.682
0.000981422	120.906
0.000986451	112.718
0.000991479	105.939
0.000996507	99.9537
0.00100154	94.5504
0.00100656	89.3037
0.00101159	84.0084
0.00101662	78.4974
0.00102165	72.6235
0.00102668	66.4627
0.00103171	59.9628
0.00103673	53.3482
0.00104176	46.6635
0.00104679	40.1533
0.00105182	33.9227
0.00105685	28.1355
0.00106188	22.9021
0.00106691	18.2681
0.00107193	14.3039
0.00107696	10.9578
0.00108199	8.24303
0.00108702	6.06012
0.00109205	4.37489
0.00109708	3.08595
0.0011021	2.13543
0.00110713	1.44561
0.00111216	0.957534
0.00111719	0.622581
0.00112222	0.394045
0.00112725	0.246394
0.00113228	0.148684
0.0011373	0.0895829
0.00114233	0.0513945
0.00114736	0.0299151
0.00115239	0.0161893
0.00115742	0.00917707
0.00116245	0.00423214
0.00116747	0.00258383
