0.000500379	1.34463e-113
0.000507922	1.65436e-109
0.000515465	6.61704e-109
0.000523008	6.42082e-105
0.00053055	2.59433e-104
0.000538093	1.98508e-100
0.000545636	8.10379e-100
0.000553179	4.88878e-96
0.000560721	2.01675e-95
0.000568264	9.59082e-92
0.000575807	3.99867e-91
0.00058335	1.49881e-87
0.000590892	6.31654e-87
0.000598435	1.86581e-83
0.000605978	7.94956e-83
0.000613521	1.85022e-79
0.000621063	7.97091e-79
0.000628606	1.46156e-75
0.000636149	6.36755e-75
0.000643692	9.19694e-72
0.000651234	4.05264e-71
0.000658777	4.61011e-68
0.00066632	2.05496e-67
0.000673862	1.84088e-64
0.000681405	8.30177e-64
0.000688948	5.85584e-61
0.000696491	2.67202e-60
0.000704033	1.48393e-57
0.000711576	6.85189e-57
0.000719119	2.9958e-54
0.000726662	1.39986e-53
0.000734204	4.81839e-51
0.000741747	2.27859e-50
0.00074929	6.17453e-48
0.000756833	2.95497e-47
0.000764375	6.30448e-45
0.000771918	3.05318e-44
0.000779461	5.12953e-42
0.000787004	2.51342e-41
0.000794546	3.32614e-39
0.000802089	1.64854e-38
0.000809632	1.71911e-36
0.000817175	8.61507e-36
0.000824717	7.08363e-34
0.00083226	3.58719e-33
0.000839803	2.32759e-31
0.000847345	1.19014e-30
0.000854888	6.10099e-29
0.000862431	3.14636e-28
0.000869974	1.2762e-26
0.000877516	6.62828e-26
0.000885059	2.13153e-24
0.000892602	1.11277e-23
0.000900145	2.84449e-22
0.000907687	1.48887e-21
0.00091523	3.0354e-20
0.000922773	1.58781e-19
0.000930316	2.59274e-18
0.000937858	1.34986e-17
0.000945401	1.77482e-16
0.000952944	9.14972e-16
0.000960487	9.75009e-15
0.000968029	4.94596e-14
0.000975572	4.30543e-13
0.000983115	2.13278e-12
0.000990658	1.53087e-11
0.0009982	7.33931e-11
0.00100574	4.39109e-10
0.00101329	2.01648e-09
0.00102083	1.01792e-08
0.00102837	4.42619e-08
0.00103591	1.91028e-07
0.00104346	7.76817e-07
0.001051	2.90638e-06
0.00105854	1.09123e-05
0.00106608	3.58896e-05
0.00107363	0.000122863
0.00108117	0.000359987
0.00108871	0.00111077
0.00109626	0.00293472
0.0011038	0.00808376
0.00111134	0.0194588
0.00111888	0.047524
0.00112643	0.105083
0.00113397	0.226862
0.00114151	0.465738
0.00114906	0.89117
0.0011566	1.71846
0.00116414	2.96765
0.00117168	5.12029
0.00117923	8.1937
0.00118677	12.9544
0.00119431	19.4197
0.00120185	28.7581
0.0012094	40.984
0.00121694	57.8583
0.00122448	79.377
0.00123203	107.664
0.00123957	142.693
0.00124711	185.714
0.00125465	236.713
0.0012622	294.671
0.00126974	359.608
0.00127728	428.821
0.00128482	502.303
0.00129237	578.661
0.00129991	657.79
0.00130745	742.237
0.001315	831.881
0.00132254	932.128
0.00133008	1043.07
0.00133762	1167.88
0.00134517	1306.97
0.00135271	1456.52
0.00136025	1616.94
0.00136779	1778.51
0.00137534	1941.19
0.00138288	2095.79
0.00139042	2241.8
0.00139797	2375.52
0.00140551	2496.39
0.00141305	2605.9
0.00142059	2703.79
0.00142814	2794
0.00143568	2876.61
0.00144322	2955.17
0.00145076	3030.19
0.00145831	3101.55
0.00146585	3169.91
0.00147339	3230.05
0.00148094	3282.03
0.00148848	3319.3
0.00149602	3341.14
0.00150356	3344.7
0.00151111	3330.11
0.00151865	3300.07
0.00152619	3254.35
0.00153373	3196.9
0.00154128	3128.22
0.00154882	3050.25
0.00155636	2963.15
0.00156391	2869.15
0.00157145	2768.07
0.00157899	2664.35
0.00158653	2558.39
0.00159408	2454.45
0.00160162	2353.65
0.00160916	2256.53
0.0016167	2163.98
0.00162425	2073.13
0.00163179	1983.82
0.00163933	1893.07
0.00164688	1800.12
0.00165442	1703.86
0.00166196	1603.65
0.0016695	1500.1
0.00167705	1392.89
0.00168459	1283.92
0.00169213	1173.28
0.00169968	1063.58
0.00170722	955.345
0.00171476	850.855
0.0017223	750.788
0.00172985	656.677
0.00173739	569.009
0.00174493	489.099
0.00175247	417.429
0.00176002	354.893
0.00176756	302.21
0.0017751	258.631
0.00178265	224.631
0.00179019	197.528
0.00179773	176.802
0.00180527	159.52
0.00181282	144.305
0.00182036	129.898
0.0018279	115.127
0.00183544	100.482
0.00184299	85.7397
0.00185053	71.7341
0.00185807	58.8663
0.00186562	47.3573
0.00187316	37.5161
0.0018807	29.1265
0.00188824	22.1863
0.00189579	16.479
0.00190333	11.8944
0.00191087	8.28527
0.00191841	5.56103
0.00192596	3.56089
0.0019335	2.18253
0.00194104	1.27031
0.00194859	0.69418
0.00195613	0.369893
0.00196367	0.175939
0.00197121	0.08718
0.00197876	0.0376687
0.0019863	0.0164819
0.00199384	0.00598931
0.00200138	0.00249179
