0.000500379	1.21671e-84
0.000507922	1.63735e-81
0.000515465	6.54575e-81
0.000523008	7.19781e-78
0.00053055	2.90589e-77
0.000538093	2.61022e-74
0.000545636	1.0645e-73
0.000553179	7.81015e-71
0.000560721	3.21785e-70
0.000568264	1.92819e-67
0.000575807	8.02665e-67
0.00058335	3.92783e-64
0.000590892	1.65216e-63
0.000598435	6.60205e-61
0.000605978	2.80623e-60
0.000613521	9.15665e-58
0.000621063	3.9332e-57
0.000628606	1.04795e-54
0.000636149	4.54906e-54
0.000643692	9.89699e-52
0.000651234	4.34162e-51
0.000658777	7.71345e-49
0.00066632	3.41929e-48
0.000673862	4.96138e-46
0.000681405	2.22218e-45
0.000688948	2.63388e-43
0.000696491	1.19174e-42
0.000704033	1.15418e-40
0.000711576	5.27405e-40
0.000719119	4.17523e-38
0.000726662	1.92607e-37
0.000734204	1.24705e-35
0.000741747	5.80459e-35
0.00074929	3.07584e-33
0.000756833	1.44359e-32
0.000764375	6.26637e-31
0.000771918	2.96277e-30
0.000779461	1.05477e-28
0.000787004	5.01814e-28
0.000794546	1.46738e-26
0.000802089	7.01435e-26
0.000809632	1.68786e-24
0.000817175	8.09184e-24
0.000824717	1.60605e-22
0.00083226	7.7044e-22
0.000839803	1.26491e-20
0.000847345	6.05459e-20
0.000854888	8.25149e-19
0.000862431	3.92747e-18
0.000869974	4.46192e-17
0.000877516	2.1031e-16
0.000885059	2.00175e-15
0.000892602	9.29759e-15
0.000900145	7.45809e-14
0.000907687	3.39393e-13
0.00091523	2.31009e-12
0.000922773	1.02313e-11
0.000930316	5.95509e-11
0.000937858	2.54766e-10
0.000945401	1.279e-09
0.000952944	5.24153e-09
0.000960487	2.29095e-08
0.000968029	8.913e-08
0.000975572	3.42527e-07
0.000983115	1.25322e-06
0.000990658	4.27763e-06
0.0009982	1.4578e-05
0.00100574	4.46406e-05
0.00101329	0.000140389
0.00102083	0.000389369
0.00102837	0.00112023
0.00103591	0.00283852
0.00104346	0.00741472
0.001051	0.0172927
0.00105854	0.0407672
0.00106608	0.0880294
0.00107363	0.186536
0.00108117	0.376673
0.00108871	0.716324
0.00109626	1.36697
0.0011038	2.35458
0.00111134	4.03551
0.00111888	6.42423
0.00112643	9.99059
0.00113397	14.7266
0.00114151	20.9975
0.00114906	28.7796
0.0011566	38.1226
0.00116414	49.0157
0.00117168	61.3241
0.00117923	75.0644
0.00118677	90.3852
0.00119431	107.307
0.00120185	126.477
0.0012094	147.889
0.00121694	172.17
0.00122448	199.298
0.00123203	229.088
0.00123957	261.532
0.00124711	295.57
0.00125465	331.209
0.0012622	367.484
0.00126974	404.387
0.00127728	442.335
0.00128482	481.283
0.00129237	523.794
0.00129991	569.789
0.00130745	623.882
0.001315	686.014
0.00132254	761.715
0.00133008	851.05
0.00133762	957.905
0.00134517	1082.58
0.00135271	1223.88
0.00136025	1382.28
0.00136779	1549.99
0.00137534	1727.27
0.00138288	1902.76
0.00139042	2076.2
0.00139797	2238.71
0.00140551	2389.61
0.00141305	2526.22
0.00142059	2647.96
0.00142814	2756.88
0.00143568	2852.87
0.00144322	2938.78
0.00145076	3014.85
0.00145831	3082.39
0.00146585	3141.71
0.00147339	3192.2
0.00148094	3234.08
0.00148848	3265.29
0.00149602	3286.42
0.00150356	3290.74
0.00151111	3282.38
0.00151865	3263.18
0.00152619	3225.04
0.00153373	3173.64
0.00154128	3109.91
0.00154882	3037.55
0.00155636	2957.02
0.00156391	2871.55
0.00157145	2781.79
0.00157899	2688.77
0.00158653	2592.81
0.00159408	2494.11
0.00160162	2392.66
0.00160916	2289.19
0.0016167	2183.61
0.00162425	2077.59
0.00163179	1971.16
0.00163933	1866.57
0.00164688	1764.27
0.00165442	1665.7
0.00166196	1571.67
0.0016695	1481.09
0.00167705	1394.4
0.00168459	1308.48
0.00169213	1222.67
0.00169968	1134.98
0.00170722	1044.13
0.00171476	951.709
0.0017223	857.184
0.00172985	764.499
0.00173739	674.492
0.00174493	590.377
0.00175247	513.564
0.00176002	444.958
0.00176756	385.506
0.0017751	334.345
0.00178265	291.68
0.00179019	255.852
0.00179773	226.531
0.00180527	201.855
0.00181282	181.118
0.00182036	162.897
0.0018279	146.327
0.00183544	130.999
0.00184299	116.348
0.00185053	102.777
0.00185807	90.3033
0.00186562	79.2665
0.00187316	69.978
0.0018807	62.1468
0.00188824	55.845
0.00189579	50.4363
0.00190333	45.596
0.00191087	40.9638
0.00191841	36.1433
0.00192596	31.2579
0.0019335	26.1903
0.00194104	21.2596
0.00194859	16.636
0.00195613	12.4923
0.00196367	9.04394
0.00197121	6.23961
0.00197876	4.15027
0.0019863	2.6266
0.00199384	1.53732
0.00200138	0.927398
