3.33898e-05	1.14021e-24
3.59039e-05	1.45144e-23
3.8418e-05	5.46369e-23
4.09322e-05	6.22925e-22
4.34463e-05	2.29401e-21
4.59604e-05	2.30219e-20
4.84746e-05	8.43952e-20
5.09887e-05	7.47086e-19
5.35028e-05	2.72059e-18
5.6017e-05	2.12938e-17
5.85311e-05	7.68494e-17
6.10452e-05	5.3325e-16
6.35594e-05	1.90222e-15
6.60735e-05	1.17368e-14
6.85877e-05	4.12608e-14
7.11018e-05	2.27127e-13
7.36159e-05	7.84307e-13
7.61301e-05	3.86584e-12
7.86442e-05	1.30655e-11
8.11583e-05	5.78937e-11
8.36725e-05	1.90757e-10
8.61866e-05	7.63103e-10
8.87007e-05	2.44105e-09
9.12149e-05	8.85604e-09
9.3729e-05	2.73808e-08
9.62431e-05	9.05156e-08
9.87573e-05	2.6923e-07
0.000101271	8.14957e-07
0.000103786	2.3209e-06
0.0001063	6.46462e-06
0.000108814	1.75426e-05
0.000111328	4.51841e-05
0.000113842	0.000116277
0.000116356	0.000278266
0.00011887	0.000675966
0.000121384	0.00150982
0.000123899	0.00344718
0.000126413	0.00721598
0.000128927	0.015424
0.000131441	0.0303703
0.000133955	0.0605654
0.000136469	0.113811
0.000138983	0.209911
0.000141498	0.377184
0.000144012	0.643254
0.000146526	1.08086
0.00014904	1.72585
0.000151554	2.7079
0.000154068	4.05626
0.000156582	5.93973
0.000159096	8.35308
0.000161611	11.4191
0.000164125	15.0756
0.000166639	19.2565
0.000169153	23.8533
0.000171667	28.5035
0.000174181	33.1068
0.000176695	37.0673
0.00017921	40.3631
0.000181724	42.4604
0.000184238	43.4328
0.000186752	43.1339
0.000189266	41.8365
0.00019178	39.9191
0.000194294	37.8073
0.000196809	37.6602
0.000199323	37.915
0.000201837	39.7259
0.000204351	47.1359
0.000206865	59.6
0.000209379	77.6559
0.000211893	103.839
0.000214407	138.132
0.000216922	182.436
0.000219436	236.617
0.00022195	301.452
0.000224464	376.764
0.000226978	462.012
0.000229492	557.085
0.000232006	660.669
0.000234521	772.765
0.000237035	892.216
0.000239549	1019.08
0.000242063	1152.86
0.000244577	1293.59
0.000247091	1441.18
0.000249605	1595.6
0.000252119	1756.63
0.000254634	1924.27
0.000257148	2098.17
0.000259662	2278.38
0.000262176	2465.11
0.00026469	2658.41
0.000267204	2859.53
0.000269718	3068.46
0.000272233	3286.96
0.000274747	3514.99
0.000277261	3753.48
0.000279775	4002.4
0.000282289	4260.81
0.000284803	4528.72
0.000287317	4803.34
0.000289831	5084.71
0.000292346	5369
0.00029486	5656.24
0.000297374	5941.96
0.000299888	6226.22
0.000302402	6503.29
0.000304916	6773.26
0.00030743	7028.36
0.000309945	7268.68
0.000312459	7484.91
0.000314973	7677
0.000317487	7836.55
0.000320001	7963.26
0.000322515	8053.79
0.000325029	8108.77
0.000327544	8116.8
0.000330058	8096.9
0.000332572	8053.09
0.000335086	7973.8
0.0003376	7875.18
0.000340114	7758.29
0.000342628	7630.85
0.000345142	7493.39
0.000347657	7351.06
0.000350171	7204.36
0.000352685	7055.63
0.000355199	6905.06
0.000357713	6754.37
0.000360227	6603.57
0.000362741	6455
0.000365256	6308.87
0.00036777	6166.7
0.000370284	6029.16
0.000372798	5893.94
0.000375312	5761.78
0.000377826	5625.19
0.00038034	5484.2
0.000382854	5328.94
0.000385369	5158.16
0.000387883	4965.69
0.000390397	4749.37
0.000392911	4511.9
0.000395425	4251.54
0.000397939	3980.24
0.000400453	3698.05
0.000402968	3421
0.000405482	3151.36
0.000407996	2901.75
0.00041051	2675.65
0.000413024	2477.1
0.000415538	2308.96
0.000418052	2166.52
0.000420566	2050.64
0.000423081	1952.01
0.000425595	1869.34
0.000428109	1793.98
0.000430623	1723.55
0.000433137	1653.18
0.000435651	1580.76
0.000438165	1505.1
0.00044068	1425.12
0.000443194	1341.48
0.000445708	1253.97
0.000448222	1163.76
0.000450736	1070.96
0.00045325	977.094
0.000455764	882.399
0.000458279	788.905
0.000460793	697.129
0.000463307	609.18
0.000465821	525.909
0.000468335	448.692
0.000470849	378.41
0.000473363	315.301
0.000475877	259.876
0.000478392	211.519
0.000480906	170.244
0.00048342	135.136
0.000485934	105.876
0.000488448	81.6073
0.000490962	61.9037
0.000493476	46.0399
0.000495991	33.5936
0.000498505	23.9469
0.000501019	16.6977
0.000503533	11.345
0.000506047	7.51325
0.000508561	4.84808
0.000511075	3.03132
0.000513589	1.85531
0.000516104	1.08842
0.000518618	0.632626
0.000521132	0.344218
0.000523646	0.191654
0.00052616	0.0964886
0.000528674	0.0514338
0.000531188	0.0219999
0.000533703	0.0121887
