3.33898e-05	363.464
3.48982e-05	403.323
3.64066e-05	448.697
3.7915e-05	499.68
3.94234e-05	555.995
4.09318e-05	617.43
4.24402e-05	683.842
4.39487e-05	755.013
4.54571e-05	830.877
4.69655e-05	911.274
4.84739e-05	996.196
4.99823e-05	1085.57
5.14907e-05	1179.39
5.29991e-05	1277.65
5.45076e-05	1380.3
5.6016e-05	1487.32
5.75244e-05	1598.54
5.90328e-05	1713.84
6.05412e-05	1832.92
6.20496e-05	1955.46
6.3558e-05	2081.06
6.50665e-05	2209.13
6.65749e-05	2339.27
6.80833e-05	2470.68
6.95917e-05	2603.03
7.11001e-05	2735.45
7.26085e-05	2867.77
7.41169e-05	2999.27
7.56253e-05	3129.98
7.71338e-05	3259.52
7.86422e-05	3388.09
8.01506e-05	3515.77
8.1659e-05	3642.86
8.31674e-05	3769.86
8.46758e-05	3897.03
8.61842e-05	4025.12
8.76927e-05	4154.23
8.92011e-05	4285.04
9.07095e-05	4417.45
9.22179e-05	4551.75
9.37263e-05	4687.65
9.52347e-05	4824.8
9.67431e-05	4962.82
9.82516e-05	5100.68
9.976e-05	5237.97
0.000101268	5373.17
0.000102777	5505.94
0.000104285	5634.55
0.000105794	5758.81
0.000107302	5877.15
0.00010881	5989.57
0.000110319	6095
0.000111827	6193.59
0.000113336	6285.04
0.000114844	6369.64
0.000116353	6447.99
0.000117861	6520.42
0.000119369	6588.43
0.000120878	6652.36
0.000122386	6714.42
0.000123895	6774.89
0.000125403	6836.39
0.000126911	6899.06
0.00012842	6965.47
0.000129928	7035.62
0.000131437	7111.45
0.000132945	7192.79
0.000134453	7280.48
0.000135962	7374.19
0.00013747	7473.24
0.000138979	7577.25
0.000140487	7683.88
0.000141996	7792.78
0.000143504	7900.17
0.000145012	8005.8
0.000146521	8105.01
0.000148029	8197.68
0.000149538	8279.02
0.000151046	8349.03
0.000152554	8405.3
0.000154063	8446.26
0.000155571	8457.93
0.00015708	8461.95
0.000158588	8454.72
0.000160097	8416.1
0.000161605	8361.2
0.000163113	8288.94
0.000164622	8200.33
0.00016613	8095.43
0.000167639	7977.37
0.000169147	7846.17
0.000170655	7705.52
0.000172164	7555.41
0.000173672	7399.6
0.000175181	7238.04
0.000176689	7074.14
0.000178197	6907.86
0.000179706	6741.87
0.000181214	6576.15
0.000182723	6412.47
0.000184231	6250.79
0.00018574	6091.9
0.000187248	5935.78
0.000188756	5782.25
0.000190265	5631.33
0.000191773	5482.1
0.000193282	5334.56
0.00019479	5187.39
0.000196298	5040.59
0.000197807	4892.82
0.000199315	4744.05
0.000200824	4593.35
0.000202332	4440.68
0.000203841	4285.81
0.000205349	4128.68
0.000206857	3969.91
0.000208366	3809.44
0.000209874	3648.66
0.000211383	3487.52
0.000212891	3327.88
0.000214399	3169.75
0.000215908	3015.01
0.000217416	2863.73
0.000218925	2717.45
0.000220433	2576.27
0.000221941	2441.09
0.00022345	2312.03
0.000224958	2189.26
0.000226467	2072.88
0.000227975	1962.46
0.000229484	1858.06
0.000230992	1758.87
0.0002325	1664.89
0.000234009	1575.24
0.000235517	1489.85
0.000237026	1407.98
0.000238534	1329.53
0.000240042	1254.01
0.000241551	1181.33
0.000243059	1111.24
0.000244568	1043.7
0.000246076	978.667
0.000247585	916.112
0.000249093	856.139
0.000250601	798.74
0.00025211	744.079
0.000253618	692.166
0.000255127	643.167
0.000256635	597.106
0.000258143	554.112
0.000259652	514.216
0.00026116	477.479
0.000262669	443.934
0.000264177	413.542
0.000265685	386.33
0.000267194	362.123
0.000268702	340.935
0.000270211	322.433
0.000271719	306.602
0.000273228	292.961
0.000274736	281.451
0.000276244	271.489
0.000277753	262.964
0.000279261	255.271
0.00028077	248.252
0.000282278	241.379
0.000283786	234.467
0.000285295	227.147
0.000286803	219.245
0.000288312	210.603
0.00028982	201.088
0.000291329	190.755
0.000292837	179.545
0.000294345	167.676
0.000295854	155.172
0.000297362	142.339
0.000298871	129.271
0.000300379	116.28
0.000301887	103.503
0.000303396	91.1869
0.000304904	79.4781
0.000306413	68.5235
0.000307921	58.4435
0.000309429	49.2813
0.000310938	41.1099
0.000312446	33.8898
0.000313955	27.6397
0.000315463	22.2698
0.000316972	17.7517
0.00031848	13.9771
0.000319988	10.8859
0.000321497	8.37561
0.000323005	6.37166
0.000324514	4.7907
0.000326022	3.5586
0.00032753	2.61505
0.000329039	1.89601
0.000330547	1.36205
0.000332056	0.948255
0.000333564	0.676854
