0.000166815	5.3644e-30
0.00017352	1.07739e-28
0.000180225	4.14865e-28
0.000186929	7.29613e-27
0.000193634	2.77849e-26
0.000200339	4.23247e-25
0.000207043	1.61151e-24
0.000213748	2.12975e-23
0.000220453	8.09438e-23
0.000227157	9.29869e-22
0.000233862	3.52102e-21
0.000240566	3.52379e-20
0.000247271	1.32647e-19
0.000253976	1.15944e-18
0.00026068	4.32792e-18
0.000267385	3.31363e-17
0.00027409	1.223e-16
0.000280794	8.22919e-16
0.000287499	2.99334e-15
0.000294204	1.77663e-14
0.000300908	6.34577e-14
0.000307613	3.33597e-13
0.000314317	1.1653e-12
0.000321022	5.45039e-12
0.000327727	1.85369e-11
0.000334431	7.75185e-11
0.000341136	2.55458e-10
0.000347841	9.60135e-10
0.000354545	3.05016e-09
0.00036125	1.03601e-08
0.000367955	3.15567e-08
0.000374659	9.74149e-08
0.000381364	2.8293e-07
0.000388068	7.98367e-07
0.000394773	2.19862e-06
0.000401478	5.70341e-06
0.000408182	1.48108e-05
0.000414887	3.55149e-05
0.000421592	8.65063e-05
0.000428296	0.000192736
0.000435001	0.000438185
0.000441706	0.000911323
0.00044841	0.00192539
0.000455115	0.00375287
0.000461819	0.00734099
0.000468524	0.0137595
0.000475229	0.0245964
0.000481933	0.0432107
0.000488638	0.0715738
0.000495343	0.116636
0.000502047	0.180204
0.000508752	0.27222
0.000515457	0.392761
0.000522161	0.550187
0.000528866	0.741326
0.000535571	0.964049
0.000542275	1.21232
0.00054898	1.4659
0.000555684	1.71911
0.000562389	1.93713
0.000569094	2.11824
0.000575798	2.2286
0.000582503	2.27743
0.000589208	2.25826
0.000595912	2.17583
0.000602617	2.06596
0.000609322	1.93629
0.000616026	1.8585
0.000622731	1.82274
0.000629435	1.86011
0.00063614	2.06452
0.000642845	2.42368
0.000649549	2.94384
0.000656254	3.65286
0.000662959	4.54682
0.000669663	5.62144
0.000676368	6.87465
0.000683073	8.28781
0.000689777	9.86149
0.000696482	11.5835
0.000703186	13.4554
0.000709891	15.4817
0.000716596	17.6628
0.0007233	20.0086
0.000730005	22.5185
0.00073671	25.1924
0.000743414	28.0311
0.000750119	31.0385
0.000756824	34.2187
0.000763528	37.6305
0.000770233	41.2796
0.000776937	45.3256
0.000783642	49.7719
0.000790347	54.8637
0.000797051	60.5999
0.000803756	67.2275
0.000810461	74.7424
0.000817165	83.2876
0.00082387	92.8598
0.000830575	103.423
0.000837279	114.979
0.000843984	127.294
0.000850689	140.373
0.000857393	153.839
0.000864098	167.695
0.000870802	181.534
0.000877507	195.355
0.000884212	208.851
0.000890916	222.017
0.000897621	234.703
0.000904326	246.905
0.00091103	258.569
0.000917735	269.696
0.00092444	280.21
0.000931144	290.115
0.000937849	299.248
0.000944553	307.61
0.000951258	315.012
0.000957963	321.441
0.000964667	326.81
0.000971372	331.101
0.000978077	334.413
0.000984781	336.771
0.000991486	338.033
0.000998191	338.629
0.0010049	338.657
0.0010116	337.744
0.0010183	335.907
0.00102501	333.2
0.00103171	329.263
0.00103842	324.066
0.00104512	317.423
0.00105183	309.268
0.00105853	299.809
0.00106524	288.993
0.00107194	277.404
0.00107865	265.05
0.00108535	252.615
0.00109206	240.174
0.00109876	228.197
0.00110546	216.781
0.00111217	206.066
0.00111887	196.121
0.00112558	186.829
0.00113228	178.213
0.00113899	170.042
0.00114569	162.3
0.0011524	154.74
0.0011591	147.324
0.00116581	139.87
0.00117251	132.323
0.00117922	124.644
0.00118592	116.783
0.00119263	108.88
0.00119933	100.919
0.00120603	93.1486
0.00121274	85.609
0.00121944	78.509
0.00122615	71.925
0.00123285	65.9017
0.00123956	60.5013
0.00124626	55.5908
0.00125297	51.1757
0.00125967	47.0483
0.00126638	43.1542
0.00127308	39.3488
0.00127979	35.5565
0.00128649	31.7716
0.00129319	27.9478
0.0012999	24.1942
0.0013066	20.5198
0.00131331	17.0622
0.00132001	13.873
0.00132672	11.037
0.00133342	8.612
0.00134013	6.59951
0.00134683	5.03144
0.00135354	3.84397
0.00136024	3.02336
0.00136695	2.50965
0.00137365	2.21546
0.00138035	2.12936
0.00138706	2.14928
0.00139376	2.18819
0.00140047	2.2555
0.00140717	2.2948
0.00141388	2.27047
0.00142058	2.20334
0.00142729	2.06055
0.00143399	1.86136
0.0014407	1.62459
0.0014474	1.37037
0.00145411	1.1164
0.00146081	0.875965
0.00146752	0.665641
0.00147422	0.485751
0.00148092	0.343888
0.00148763	0.233649
0.00149433	0.151066
0.00150104	0.0974981
