0.000500379	4.48093e-14
0.00050876	1.69538e-13
0.000517141	5.43724e-13
0.000525522	2.01598e-12
0.000533903	5.96105e-12
0.000542284	2.04606e-11
0.000550665	5.90487e-11
0.000559045	1.88173e-10
0.000567426	5.28518e-10
0.000575807	1.56842e-09
0.000584188	4.27457e-09
0.000592569	1.1849e-08
0.00060095	3.12414e-08
0.00060933	8.11438e-08
0.000617711	2.06349e-07
0.000626092	5.03744e-07
0.000634473	1.23179e-06
0.000642854	2.83502e-06
0.000651235	6.6462e-06
0.000659615	1.44641e-05
0.000667996	3.24154e-05
0.000676377	6.6895e-05
0.000684758	0.000142928
0.000693139	0.000280435
0.00070152	0.000569815
0.0007099	0.00106552
0.000718281	0.00205432
0.000726662	0.00371891
0.000735043	0.00672768
0.000743424	0.0117386
0.000751805	0.0199819
0.000760186	0.0332597
0.000768566	0.0536652
0.000776947	0.0850463
0.000785328	0.130374
0.000793709	0.196492
0.00080209	0.286658
0.000810471	0.410738
0.000818851	0.570973
0.000827232	0.778132
0.000835613	1.03191
0.000843994	1.33927
0.000852375	1.69676
0.000860756	2.10212
0.000869136	2.5502
0.000877517	3.02763
0.000885898	3.53107
0.000894279	4.04205
0.00090266	4.56273
0.000911041	5.08351
0.000919421	5.61338
0.000927802	6.1671
0.000936183	6.75818
0.000944564	7.43317
0.000952945	8.20533
0.000961326	9.14626
0.000969707	10.2643
0.000978087	11.6373
0.000986468	13.2663
0.000994849	15.2124
0.00100323	17.4698
0.00101161	20.064
0.00101999	22.9841
0.00102837	26.21
0.00103675	29.7277
0.00104513	33.4682
0.00105351	37.4171
0.0010619	41.4593
0.00107028	45.5812
0.00107866	49.6302
0.00108704	53.5963
0.00109542	57.3063
0.0011038	60.7575
0.00111218	63.7893
0.00112056	66.408
0.00112894	68.5134
0.00113732	70.1198
0.0011457	71.2744
0.00115409	71.9518
0.00116247	72.0687
0.00117085	72.0967
0.00117923	72.0193
0.00118761	71.7631
0.00119599	71.7368
0.00120437	71.8332
0.00121275	72.1145
0.00122113	72.9245
0.00122951	74.1353
0.00123789	75.7589
0.00124627	77.8322
0.00125466	80.355
0.00126304	83.3391
0.00127142	86.7883
0.0012798	90.7901
0.00128818	95.3483
0.00129656	100.676
0.00130494	106.773
0.00131332	113.966
0.0013217	122.251
0.00133008	131.98
0.00133846	143.151
0.00134684	156.004
0.00135523	170.538
0.00136361	186.731
0.00137199	204.588
0.00138037	223.723
0.00138875	244.148
0.00139713	265.152
0.00140551	286.742
0.00141389	308.092
0.00142227	329.192
0.00143065	349.416
0.00143903	368.736
0.00144741	386.999
0.0014558	404.167
0.00146418	420.637
0.00147256	436.38
0.00148094	452.159
0.00148932	467.978
0.0014977	484.621
0.00150608	502.128
0.00151446	520.964
0.00152284	541.194
0.00153122	562.757
0.0015396	585.721
0.00154798	609.452
0.00155637	634.002
0.00156475	658.238
0.00157313	682.175
0.00158151	704.358
0.00158989	724.747
0.00159827	741.904
0.00160665	755.93
0.00161503	764.188
0.00162341	768.11
0.00163179	768.393
0.00164017	761.785
0.00164855	749.855
0.00165694	732.947
0.00166532	711.848
0.0016737	686.537
0.00168208	658.565
0.00169046	628.039
0.00169884	596.525
0.00170722	564.233
0.0017156	532.359
0.00172398	501.147
0.00173236	471.234
0.00174074	442.824
0.00174912	416.013
0.00175751	390.912
0.00176589	367.273
0.00177427	345.103
0.00178265	324.061
0.00179103	304.08
0.00179941	284.926
0.00180779	266.516
0.00181617	248.789
0.00182455	231.696
0.00183293	215.297
0.00184131	199.588
0.00184969	184.64
0.00185808	170.483
0.00186646	157.118
0.00187484	144.569
0.00188322	132.766
0.0018916	121.703
0.00189998	111.283
0.00190836	101.475
0.00191674	92.2096
0.00192512	83.4485
0.0019335	75.1776
0.00194188	67.3738
0.00195026	60.0658
0.00195865	53.2548
0.00196703	46.9757
0.00197541	41.2479
0.00198379	36.0749
0.00199217	31.476
0.00200055	27.4074
0.00200893	23.8691
0.00201731	20.7817
0.00202569	18.1183
0.00203407	15.7948
0.00204245	13.7647
0.00205083	11.9678
0.00205922	10.3567
0.0020676	8.90477
0.00207598	7.57994
0.00208436	6.37978
0.00209274	5.29191
0.00210112	4.32051
0.0021095	3.46591
0.00211788	2.72626
0.00212626	2.10346
0.00213464	1.58703
0.00214302	1.17305
0.0021514	0.846812
0.00215979	0.591363
0.00216817	0.412507
