0.000166815	0.000926043
0.000171844	0.00155655
0.000176872	0.00344807
0.000181901	0.00616248
0.000186929	0.011707
0.000191958	0.0204336
0.000196986	0.0362958
0.000202014	0.0610908
0.000207043	0.102684
0.000212071	0.166105
0.0002171	0.265048
0.000222128	0.411025
0.000227157	0.624129
0.000232185	0.926152
0.000237214	1.34064
0.000242242	1.90122
0.00024727	2.62669
0.000252299	3.55711
0.000257327	4.69411
0.000262356	6.06777
0.000267384	7.65157
0.000272413	9.44004
0.000277441	11.3775
0.000282469	13.3998
0.000287498	15.4371
0.000292526	17.3646
0.000297555	19.1259
0.000302583	20.5752
0.000307612	21.6806
0.00031264	22.3189
0.000317669	22.5699
0.000322697	22.3826
0.000327725	21.8294
0.000332754	21.0377
0.000337782	20.1027
0.000342811	19.196
0.000347839	18.5327
0.000352868	18.5667
0.000357896	18.7853
0.000362924	19.6428
0.000367953	21.8314
0.000372981	24.9927
0.00037801	29.3211
0.000383038	35.0635
0.000388067	42.2885
0.000393095	51.2652
0.000398123	62.1034
0.000403152	75.1984
0.00040818	90.7016
0.000413209	109.22
0.000418237	130.918
0.000423266	156.624
0.000428294	186.45
0.000433323	221.303
0.000438351	261.168
0.000443379	306.69
0.000448408	357.681
0.000453436	414.078
0.000458465	475.545
0.000463493	540.963
0.000468522	609.956
0.00047355	680.37
0.000478578	751.942
0.000483607	822.008
0.000488635	890.53
0.000493664	955.251
0.000498692	1016.37
0.000503721	1072.95
0.000508749	1125.34
0.000513778	1174.43
0.000518806	1220.58
0.000523834	1266.33
0.000528863	1311.94
0.000533891	1360.9
0.00053892	1413.29
0.000543948	1472.53
0.000548977	1538.54
0.000554005	1613.74
0.000559033	1697.94
0.000564062	1791.82
0.00056909	1895.16
0.000574119	2006.59
0.000579147	2125.9
0.000584176	2249.8
0.000589204	2378.14
0.000594233	2506.28
0.000599261	2634.17
0.000604289	2756.77
0.000609318	2874.13
0.000614346	2981.86
0.000619375	3080.05
0.000624403	3165.76
0.000629432	3239.09
0.00063446	3298.87
0.000639488	3345.16
0.000644517	3379.49
0.000649545	3401.65
0.000654574	3404.69
0.000659602	3403.65
0.000664631	3398.81
0.000669659	3379.62
0.000674688	3356.42
0.000679716	3329.21
0.000684744	3300.54
0.000689773	3270.39
0.000694801	3240.94
0.00069983	3212.21
0.000704858	3184.73
0.000709887	3158.56
0.000714915	3132.66
0.000719943	3107.08
0.000724972	3079.85
0.00073	3050.98
0.000735029	3018.56
0.000740057	2982.53
0.000745086	2941.78
0.000750114	2896.22
0.000755143	2845.74
0.000760171	2790.27
0.000765199	2730.43
0.000770228	2666.19
0.000775256	2598.39
0.000780285	2527.06
0.000785313	2452.81
0.000790342	2375.7
0.00079537	2296.04
0.000800398	2213.85
0.000805427	2129.36
0.000810455	2042.53
0.000815484	1953.91
0.000820512	1863.42
0.000825541	1772.16
0.000830569	1680.09
0.000835598	1588.77
0.000840626	1498.27
0.000845654	1410.18
0.000850683	1324.68
0.000855711	1242.9
0.00086074	1165.05
0.000865768	1091.48
0.000870797	1022.36
0.000875825	957.344
0.000880853	896.479
0.000885882	839.088
0.00089091	785.11
0.000895939	733.938
0.000900967	685.458
0.000905996	639.325
0.000911024	595.446
0.000916052	553.677
0.000921081	513.978
0.000926109	476.256
0.000931138	440.499
0.000936166	406.58
0.000941195	374.485
0.000946223	344.067
0.000951252	315.296
0.00095628	288.05
0.000961308	262.298
0.000966337	237.956
0.000971365	215
0.000976394	193.364
0.000981422	173.03
0.000986451	153.94
0.000991479	136.073
0.000996507	119.395
0.00100154	103.885
0.00100656	89.5438
0.00101159	76.3627
0.00101662	64.3618
0.00102165	53.5507
0.00102668	43.9249
0.00103171	35.5017
0.00103673	28.2152
0.00104176	22.0687
0.00104679	16.9315
0.00105182	12.7754
0.00105685	9.43498
0.00106188	6.84967
0.00106691	4.85994
0.00107193	3.38708
0.00107696	2.30617
0.00108199	1.53964
0.00108702	1.00566
0.00109205	0.641703
0.00109708	0.402297
0.0011021	0.244721
0.00110713	0.147446
0.00111216	0.0852437
0.00111719	0.0494682
0.00112222	0.0269681
0.00112725	0.0151998
0.00113228	0.0078357
0.0011373	0.00427297
0.00114233	0.00210677
0.00114736	0.00109718
0.00115239	0.000518424
0.00115742	0.000257216
0.00116245	0.000105583
0.00116747	5.50382e-05
