0.000500379	1.10353e-33
0.000506246	3.01808e-31
0.000512113	1.20392e-30
0.000517979	2.3376e-28
0.000523846	9.39662e-28
0.000529712	1.2948e-25
0.000535579	5.24695e-25
0.000541445	5.13512e-23
0.000547312	2.09608e-22
0.000553178	1.45882e-20
0.000559045	5.99071e-20
0.000564911	2.97037e-18
0.000570778	1.22497e-17
0.000576644	4.33853e-16
0.000582511	1.7921e-15
0.000588378	4.55096e-14
0.000594244	1.87587e-13
0.000600111	3.43384e-12
0.000605977	1.405e-11
0.000611844	1.86766e-10
0.00061771	7.53046e-10
0.000623577	7.34261e-09
0.000629443	2.88865e-08
0.00063531	2.09375e-07
0.000641176	7.93207e-07
0.000647043	4.34754e-06
0.000652909	1.55964e-05
0.000658776	6.60151e-05
0.000664643	0.000219682
0.000670509	0.000735903
0.000676376	0.00221808
0.000682242	0.00603949
0.000688109	0.0160683
0.000693975	0.0365261
0.000699842	0.0836304
0.000705708	0.171986
0.000711575	0.32043
0.000717441	0.561705
0.000723308	0.883153
0.000729174	1.29011
0.000735041	1.74621
0.000740908	2.16392
0.000746774	2.54824
0.000752641	2.81254
0.000758507	3.05933
0.000764374	3.45875
0.00077024	4.11915
0.000776107	5.4829
0.000781973	7.74834
0.00078784	11.3493
0.000793706	16.206
0.000799573	22.4473
0.000805439	29.8683
0.000811306	37.9298
0.000817173	46.5385
0.000823039	54.9743
0.000828906	63.3276
0.000834772	71.4117
0.000840639	79.2979
0.000846505	87.162
0.000852372	94.9453
0.000858238	102.508
0.000864105	109.866
0.000869971	116.84
0.000875838	123.675
0.000881704	131.225
0.000887571	139.751
0.000893438	151.183
0.000899304	165.529
0.000905171	184.426
0.000911037	207.687
0.000916904	235.643
0.00092277	268.113
0.000928637	304.29
0.000934503	344.132
0.00094037	386.619
0.000946236	431.882
0.000952103	479.929
0.000957969	530.903
0.000963836	585.984
0.000969703	645.146
0.000975569	709.234
0.000981436	778.142
0.000987302	851.554
0.000993169	929.444
0.000999035	1011.24
0.0010049	1096.97
0.00101077	1186.34
0.00101663	1279.32
0.0010225	1375.21
0.00102837	1473.95
0.00103423	1573.84
0.0010401	1674.88
0.00104597	1774.88
0.00105183	1873.93
0.0010577	1971.24
0.00106357	2066.9
0.00106943	2163.33
0.0010753	2260.53
0.00108117	2362.08
0.00108703	2467.96
0.0010929	2577.4
0.00109877	2690.47
0.00110463	2799.71
0.0011105	2905.18
0.00111637	2998.03
0.00112223	3078.08
0.0011281	3144.06
0.00113397	3195.64
0.00113983	3240.77
0.0011457	3279.52
0.00115157	3317.86
0.00115743	3356.39
0.0011633	3390.8
0.00116916	3422.06
0.00117503	3431.78
0.0011809	3433.95
0.00118676	3431.25
0.00119263	3406.4
0.0011985	3373.31
0.00120436	3333.43
0.00121023	3287.67
0.0012161	3236.3
0.00122196	3179.45
0.00122783	3117.06
0.0012337	3050.19
0.00123956	2978.94
0.00124543	2903.78
0.0012513	2824.95
0.00125716	2741.14
0.00126303	2652.21
0.0012689	2557.67
0.00127476	2457.11
0.00128063	2352.86
0.0012865	2244.79
0.00129236	2136.48
0.00129823	2028.23
0.0013041	1922.83
0.00130996	1820.66
0.00131583	1723.39
0.00132169	1631.6
0.00132756	1544.53
0.00133343	1462.82
0.00133929	1382.03
0.00134516	1301.75
0.00135103	1218.26
0.00135689	1129.98
0.00136276	1039.7
0.00136863	946.76
0.00137449	857.589
0.00138036	773.558
0.00138623	697.185
0.00139209	629.95
0.00139796	569.666
0.00140383	516.252
0.00140969	467.764
0.00141556	423.588
0.00142143	383.313
0.00142729	346.817
0.00143316	313.438
0.00143903	282.97
0.00144489	255.062
0.00145076	229.436
0.00145663	206.505
0.00146249	186.504
0.00146836	168.973
0.00147422	154.09
0.00148009	140.462
0.00148596	127.612
0.00149182	114.933
0.00149769	101.882
0.00150356	89.0029
0.00150942	76.2871
0.00151529	64.3996
0.00152116	53.6642
0.00152702	44.2159
0.00153289	36.2653
0.00153876	29.6013
0.00154462	24.1982
0.00155049	19.8802
0.00155636	16.5634
0.00156222	14.1342
0.00156809	12.4566
0.00157396	11.6688
0.00157982	11.4069
0.00158569	11.329
0.00159156	11.511
0.00159742	11.661
0.00160329	11.4874
0.00160916	11.0034
0.00161502	9.98544
0.00162089	8.58595
0.00162675	6.92684
0.00163262	5.23136
0.00163849	3.71016
0.00164435	2.41429
0.00165022	1.48663
0.00165609	0.831783
0.00166195	0.401544
0.00166782	0.212423
