0.000166815	7.31666e-20
0.000172682	5.57728e-19
0.000178548	2.01141e-18
0.000184415	1.41734e-17
0.000190282	4.90904e-17
0.000196148	3.10612e-16
0.000202015	1.06371e-15
0.000207881	6.05936e-15
0.000213748	2.04645e-14
0.000219614	1.05252e-13
0.000225481	3.49593e-13
0.000231347	1.62844e-12
0.000237214	5.30324e-12
0.00024308	2.24481e-11
0.000248947	7.14449e-11
0.000254813	2.758e-10
0.00026068	8.54863e-10
0.000266547	3.02093e-09
0.000272413	9.08581e-09
0.00027828	2.95079e-08
0.000284146	8.57879e-08
0.000290013	2.57093e-07
0.000295879	7.19689e-07
0.000301746	1.99841e-06
0.000307612	5.36522e-06
0.000313479	1.38608e-05
0.000319345	3.55493e-05
0.000325212	8.57919e-05
0.000331078	0.000209392
0.000336945	0.000473893
0.000342812	0.00109667
0.000348678	0.00233607
0.000354545	0.00510836
0.000360411	0.0102764
0.000366278	0.0211692
0.000372144	0.0403361
0.000378011	0.0780699
0.000383877	0.143652
0.000389744	0.258229
0.00039561	0.453213
0.000401477	0.762353
0.000407343	1.26234
0.00041321	2.00155
0.000419077	3.12263
0.000424943	4.67662
0.00043081	6.87125
0.000436676	9.73237
0.000442543	13.4733
0.000448409	18.0632
0.000454276	23.5918
0.000460142	29.9633
0.000466009	37.0017
0.000471875	44.5839
0.000477742	52.2362
0.000483608	59.8816
0.000489475	66.9278
0.000495342	73.4052
0.000501208	78.9499
0.000507075	83.6989
0.000512941	87.8263
0.000518808	91.5106
0.000524674	95.5183
0.000530541	99.9888
0.000536407	106.039
0.000542274	113.725
0.00054814	124.136
0.000554007	137.247
0.000559873	153.8
0.00056574	173.715
0.000571606	197.206
0.000577473	224.172
0.00058334	254.259
0.000589206	287.388
0.000595073	322.797
0.000600939	360.481
0.000606806	399.714
0.000612672	440.593
0.000618539	483.093
0.000624405	527.38
0.000630272	574.626
0.000636138	624.968
0.000642005	680.613
0.000647871	741.581
0.000653738	810.14
0.000659605	886.183
0.000665471	970.755
0.000671338	1063.7
0.000677204	1164.09
0.000683071	1271.81
0.000688937	1384.26
0.000694804	1501.41
0.00070067	1620
0.000706537	1740.06
0.000712403	1858.61
0.00071827	1975.7
0.000724136	2089.06
0.000730003	2198.7
0.00073587	2303.06
0.000741736	2402.14
0.000747603	2495.18
0.000753469	2582.19
0.000759336	2663.53
0.000765202	2739.17
0.000771069	2810.59
0.000776935	2877.78
0.000782802	2942.38
0.000788668	3004.44
0.000794535	3064.27
0.000800401	3121.98
0.000806268	3175.44
0.000812135	3224.75
0.000818001	3266.19
0.000823868	3300.04
0.000829734	3317.55
0.000835601	3325.31
0.000841467	3324.18
0.000847334	3304.75
0.0008532	3275.13
0.000859067	3235.65
0.000864933	3191.83
0.0008708	3143.75
0.000876666	3097.19
0.000882533	3052.61
0.0008884	3012.05
0.000894266	2976.12
0.000900133	2942.09
0.000905999	2910.3
0.000911866	2875.05
0.000917732	2836.16
0.000923599	2788.27
0.000929465	2730.76
0.000935332	2661.36
0.000941198	2579.35
0.000947065	2486.41
0.000952931	2382.1
0.000958798	2270.87
0.000964665	2152.78
0.000970531	2032.87
0.000976398	1911.63
0.000982264	1792.81
0.000988131	1677.05
0.000993997	1566.06
0.000999864	1460.35
0.00100573	1360.08
0.0010116	1265.44
0.00101746	1176.05
0.00102333	1091.87
0.0010292	1012.62
0.00103506	938.25
0.00104093	868.644
0.0010468	803.82
0.00105266	743.481
0.00105853	687.691
0.0010644	635.682
0.00107026	587.438
0.00107613	541.842
0.001082	498.701
0.00108786	457.048
0.00109373	416.549
0.00109959	376.905
0.00110546	337.82
0.00111133	299.795
0.00111719	262.762
0.00112306	227.65
0.00112893	194.671
0.00113479	164.566
0.00114066	137.684
0.00114653	114.153
0.00115239	94.2278
0.00115826	77.4396
0.00116413	63.7965
0.00116999	52.574
0.00117586	43.5581
0.00118173	36.1346
0.00118759	30.0111
0.00119346	24.8483
0.00119933	20.4157
0.00120519	16.5986
0.00121106	13.2802
0.00121693	10.4352
0.00122279	8.02816
0.00122866	6.0278
0.00123453	4.42191
0.00124039	3.15133
0.00124626	2.19233
0.00125212	1.47837
0.00125799	0.971357
0.00126386	0.619472
0.00126972	0.382921
0.00127559	0.231301
0.00128146	0.133899
0.00128732	0.0768682
0.00129319	0.0411585
0.00129906	0.0227566
0.00130492	0.011365
0.00131079	0.00599241
0.00131666	0.00283073
0.00132252	0.00140166
0.00132839	0.000568791
0.00133426	0.000291168
