0.000166815	0.032702
0.000171844	0.0511939
0.000176872	0.0905073
0.000181901	0.144971
0.000186929	0.231145
0.000191958	0.357175
0.000196986	0.544906
0.000202014	0.811181
0.000207043	1.18632
0.000212071	1.69985
0.0002171	2.38672
0.000222128	3.29033
0.000227157	4.44118
0.000232185	5.89089
0.000237214	7.65312
0.000242242	9.77241
0.00024727	12.2357
0.000252299	15.0583
0.000257327	18.2011
0.000262356	21.632
0.000267384	25.3014
0.000272413	29.1315
0.000277441	33.0894
0.000282469	37.0831
0.000287498	41.1227
0.000292526	45.157
0.000297555	49.2471
0.000302583	53.4368
0.000307612	57.8207
0.00031264	62.5551
0.000317669	67.7332
0.000322697	73.5874
0.000327725	80.1759
0.000332754	87.731
0.000337782	96.2638
0.000342811	105.931
0.000347839	116.709
0.000352868	128.647
0.000357896	141.712
0.000362924	155.867
0.000367953	171.086
0.000372981	187.293
0.00037801	204.465
0.000383038	222.515
0.000388067	241.414
0.000393095	261.053
0.000398123	281.398
0.000403152	302.298
0.00040818	323.74
0.000413209	345.57
0.000418237	367.825
0.000423266	390.47
0.000428294	413.607
0.000433323	437.477
0.000438351	462.226
0.000443379	488.448
0.000448408	516.282
0.000453436	546.586
0.000458465	579.429
0.000463493	615.681
0.000468522	655.32
0.00047355	698.925
0.000478578	746.407
0.000483607	797.866
0.000488635	853.194
0.000493664	912.028
0.000498692	974.285
0.000503721	1039.31
0.000508749	1107.07
0.000513778	1176.85
0.000518806	1248.64
0.000523834	1321.84
0.000528863	1396.46
0.000533891	1472.1
0.00053892	1548.79
0.000543948	1626.38
0.000548977	1704.9
0.000554005	1784.4
0.000559033	1864.89
0.000564062	1946.54
0.00056909	2029.33
0.000574119	2113.28
0.000579147	2198.35
0.000584176	2284.19
0.000589204	2370.73
0.000594233	2457.1
0.000599261	2543.26
0.000604289	2627.9
0.000609318	2711.01
0.000614346	2791.15
0.000619375	2868.34
0.000624403	2941.34
0.000629432	3010.17
0.00063446	3074
0.000639488	3132.84
0.000644517	3186.17
0.000649545	3233.98
0.000654574	3275.8
0.000659602	3311.63
0.000664631	3340.83
0.000669659	3363.41
0.000674688	3377.91
0.000679716	3385.08
0.000684744	3384.78
0.000689773	3374.96
0.000694801	3356.36
0.00069983	3328.98
0.000704858	3293.09
0.000709887	3248.66
0.000714915	3197.07
0.000719943	3138.27
0.000724972	3074.43
0.00073	3005.51
0.000735029	2933.98
0.000740057	2859.84
0.000745086	2785.32
0.000750114	2710.45
0.000755143	2636.74
0.000760171	2564.27
0.000765199	2493.58
0.000770228	2424.77
0.000775256	2357.46
0.000780285	2291.72
0.000785313	2226.56
0.000790342	2161.98
0.00079537	2096.84
0.000800398	2031.07
0.000805427	1963.84
0.000810455	1895.03
0.000815484	1824.46
0.000820512	1752.01
0.000825541	1678.24
0.000830569	1603.09
0.000835598	1527.61
0.000840626	1451.85
0.000845654	1377.01
0.000850683	1303.21
0.000855711	1231.41
0.00086074	1161.76
0.000865768	1094.7
0.000870797	1030.38
0.000875825	968.673
0.000880853	909.665
0.000885882	852.868
0.00089091	798.261
0.000895939	745.31
0.000900967	693.917
0.000905996	643.79
0.000911024	594.811
0.000916052	547.07
0.000921081	500.492
0.000926109	455.491
0.000931138	412.077
0.000936166	370.783
0.000941195	331.703
0.000946223	295.262
0.000951252	261.592
0.00095628	230.861
0.000961308	203.184
0.000966337	178.431
0.000971365	156.656
0.000976394	137.498
0.000981422	120.929
0.000986451	106.475
0.000991479	94.0357
0.000996507	83.1481
0.00100154	73.6697
0.00100656	65.244
0.00101159	57.7244
0.00101662	50.9005
0.00102165	44.6565
0.00102668	38.9122
0.00103171	33.6008
0.00103673	28.7205
0.00104176	24.2503
0.00104679	20.2079
0.00105182	16.5993
0.00105685	13.4221
0.00106188	10.6859
0.00106691	8.35628
0.00107193	6.43044
0.00107696	4.85217
0.00108199	3.60174
0.00108702	2.61873
0.00109205	1.87189
0.00109708	1.31049
0.0011021	0.900645
0.00110713	0.607057
0.00111216	0.400466
0.00111719	0.259988
0.00112222	0.164321
0.00112725	0.102855
0.00113228	0.0621448
0.0011373	0.0375639
0.00114233	0.0216376
0.00114736	0.0126585
0.00115239	0.0069058
0.00115742	0.00393556
0.00116245	0.0018298
0.00116747	0.00112788
