0.000500379	1.32763e-19
0.000506246	1.05935e-18
0.000512113	3.83911e-18
0.000517979	2.8062e-17
0.000523846	9.77703e-17
0.000529712	6.36888e-16
0.000535579	2.19288e-15
0.000541445	1.27666e-14
0.000547312	4.33185e-14
0.000553178	2.26097e-13
0.000559045	7.537e-13
0.000564911	3.53893e-12
0.000570778	1.15509e-11
0.000576644	4.89732e-11
0.000582511	1.5594e-10
0.000588378	5.99378e-10
0.000594244	1.85464e-09
0.000600111	6.48993e-09
0.000605977	1.94343e-08
0.000611844	6.21887e-08
0.00061771	1.79453e-07
0.000623577	5.27518e-07
0.000629443	1.46043e-06
0.00063531	3.96214e-06
0.000641176	1.04775e-05
0.000647043	2.63566e-05
0.000652909	6.62857e-05
0.000658776	0.000155313
0.000664643	0.000369941
0.000670509	0.00081093
0.000676376	0.00182232
0.000682242	0.00375255
0.000688109	0.00792869
0.000693975	0.0153954
0.000699842	0.0304977
0.000705708	0.0566383
0.000711575	0.104299
0.000717441	0.185893
0.000723308	0.318042
0.000729174	0.534255
0.000735041	0.859983
0.000740908	1.36101
0.000746774	2.06877
0.000752641	3.08775
0.000758507	4.44577
0.000764374	6.27312
0.00077024	8.58137
0.000776107	11.4881
0.000781973	14.9805
0.00078784	19.1113
0.000793706	23.8461
0.000799573	29.1343
0.000805439	34.9331
0.000811306	41.0877
0.000817173	47.5653
0.000823039	54.1531
0.000828906	60.8482
0.000834772	67.4739
0.000840639	74.0722
0.000846505	80.6351
0.000852372	87.2466
0.000858238	94.1859
0.000864105	101.552
0.000869971	109.925
0.000875838	119.382
0.000881704	130.674
0.000887571	143.84
0.000893438	159.614
0.000899304	178.011
0.000905171	199.658
0.000911037	224.568
0.000916904	253.295
0.00092277	285.848
0.000928637	322.737
0.000934503	363.948
0.00094037	409.842
0.000946236	460.37
0.000952103	515.546
0.000957969	575.303
0.000963836	639.186
0.000969703	707.142
0.000975569	778.333
0.000981436	852.743
0.000987302	929.446
0.000993169	1008.46
0.000999035	1089.14
0.0010049	1171.53
0.00101077	1255.5
0.00101663	1341.07
0.0010225	1428.63
0.00102837	1518.18
0.00103423	1610.38
0.0010401	1705.21
0.00104597	1803.39
0.00105183	1904.91
0.0010577	2010.37
0.00106357	2119.76
0.00106943	2233.09
0.0010753	2350.36
0.00108117	2470.04
0.00108703	2592.15
0.0010929	2712.82
0.00109877	2832.07
0.00110463	2944.18
0.0011105	3049.18
0.00111637	3141.79
0.00112223	3221.95
0.0011281	3287.64
0.00113397	3338.7
0.00113983	3377.22
0.0011457	3403.09
0.00115157	3420.88
0.00115743	3430.9
0.0011633	3432.38
0.00116916	3431.3
0.00117503	3428.3
0.0011809	3417.89
0.00118676	3401.35
0.00119263	3379.04
0.0011985	3348.71
0.00120436	3310.22
0.00121023	3263.25
0.0012161	3207.64
0.00122196	3144.51
0.00122783	3073.83
0.0012337	2997.12
0.00123956	2914.46
0.00124543	2827.02
0.0012513	2734.9
0.00125716	2638.86
0.00126303	2538.92
0.0012689	2435.97
0.00127476	2329.96
0.00128063	2222.3
0.0012865	2112.98
0.00129236	2003.94
0.00129823	1895.28
0.0013041	1789
0.00130996	1685.35
0.00131583	1585.68
0.00132169	1490.29
0.00132756	1399.33
0.00133343	1313.04
0.00133929	1230.48
0.00134516	1151.65
0.00135103	1075.36
0.00135689	1001.38
0.00136276	929.257
0.00136863	858.694
0.00137449	790.425
0.00138036	724.342
0.00138623	661.885
0.00139209	603.264
0.00139796	549.65
0.00140383	501.456
0.00140969	458.797
0.00141556	422.022
0.00142143	390.047
0.00142729	362.924
0.00143316	338.876
0.00143903	317.592
0.00144489	297.398
0.00145076	277.753
0.00145663	257.74
0.00146249	236.837
0.00146836	215.116
0.00147422	192.302
0.00148009	169.202
0.00148596	145.89
0.00149182	123.363
0.00149769	101.96
0.00150356	82.3626
0.00150942	64.9643
0.00151529	49.9079
0.00152116	37.4418
0.00152702	27.2661
0.00153289	19.401
0.00153876	13.3635
0.00154462	8.99349
0.00155049	5.85341
0.00155636	3.71413
0.00156222	2.28474
0.00156809	1.36145
0.00157396	0.792955
0.00157982	0.440332
0.00158569	0.244571
0.00159156	0.125272
0.00159742	0.0671311
0.00160329	0.0323775
0.00160916	0.016315
0.00161502	0.00743304
0.00162089	0.00350725
0.00162675	0.00151492
0.00163262	0.000666387
0.00163849	0.000273973
0.00164435	0.000111839
0.00165022	4.39473e-05
0.00165609	1.65709e-05
0.00166195	5.76785e-06
0.00166782	2.16681e-06
