3.33898e-05	1.33746e-10
3.59039e-05	4.43832e-10
3.8418e-05	1.37409e-09
4.09322e-05	4.48935e-09
4.34463e-05	1.26402e-08
4.59604e-05	3.81571e-08
4.84746e-05	1.04113e-07
5.09887e-05	2.91414e-07
5.35028e-05	7.679e-07
5.6017e-05	2.00005e-06
5.85311e-05	5.07194e-06
6.10452e-05	1.23367e-05
6.35594e-05	3.00018e-05
6.60735e-05	6.83923e-05
6.85877e-05	0.00015895
7.11018e-05	0.000340764
7.36159e-05	0.000754326
7.61301e-05	0.00152585
7.86442e-05	0.00320692
8.11583e-05	0.00613946
8.36725e-05	0.0122153
8.61866e-05	0.0223371
8.87007e-05	0.0417573
9.12149e-05	0.07397
9.3729e-05	0.128552
9.62431e-05	0.216656
9.87573e-05	0.354503
0.000101271	0.566745
0.000103786	0.875719
0.0001063	1.32543
0.000108814	1.93775
0.000111328	2.77349
0.000113842	3.84075
0.000116356	5.19613
0.00011887	6.81909
0.000121384	8.72028
0.000123899	10.8455
0.000126413	13.1141
0.000128927	15.4532
0.000131441	17.6776
0.000133955	19.728
0.000136469	21.4433
0.000138983	22.641
0.000141498	22.9515
0.000144012	23.0687
0.000146526	22.6498
0.00014904	21.3465
0.000151554	19.7293
0.000154068	17.7769
0.000156582	15.7528
0.000159096	13.7118
0.000161611	11.902
0.000164125	10.4982
0.000166639	10.0946
0.000169153	9.94151
0.000171667	10.4544
0.000174181	12.5365
0.000176695	15.7093
0.00017921	20.1295
0.000181724	26.0656
0.000184238	33.5068
0.000186752	42.6024
0.000189266	53.3172
0.00019178	65.6357
0.000194294	79.5102
0.000196809	94.7383
0.000199323	111.275
0.000201837	128.774
0.000204351	147.2
0.000206865	166.129
0.000209379	185.541
0.000211893	204.995
0.000214407	224.495
0.000216922	243.684
0.000219436	262.6
0.00022195	281.164
0.000224464	299.456
0.000226978	317.917
0.000229492	336.64
0.000232006	356.685
0.000234521	378.106
0.000237035	402.307
0.000239549	429.27
0.000242063	460.144
0.000244577	494.858
0.000247091	533.749
0.000249605	576.755
0.000252119	623.384
0.000254634	673.63
0.000257148	726.843
0.000259662	783.071
0.000262176	842.455
0.00026469	905.051
0.000267204	972.261
0.000269718	1044.1
0.000272233	1122.69
0.000274747	1207.98
0.000277261	1301.4
0.000279775	1402.9
0.000282289	1511.77
0.000284803	1628
0.000287317	1748.32
0.000289831	1872.78
0.000292346	1996.57
0.00029486	2119.7
0.000297374	2237.76
0.000299888	2350.7
0.000302402	2456.3
0.000304916	2554.44
0.00030743	2645.8
0.000309945	2730.27
0.000312459	2810.68
0.000314973	2887.01
0.000317487	2962.45
0.000320001	3037.12
0.000322515	3112.47
0.000325029	3188.75
0.000327544	3264.4
0.000330058	3339.67
0.000332572	3410.28
0.000335086	3476.28
0.0003376	3532.58
0.000340114	3578.95
0.000342628	3612.08
0.000345142	3631.93
0.000347657	3635.05
0.000350171	3625.4
0.000352685	3604.35
0.000355199	3569.78
0.000357713	3525.89
0.000360227	3473.1
0.000362741	3413.44
0.000365256	3347.23
0.00036777	3275.2
0.000370284	3197.51
0.000372798	3114.24
0.000375312	3025.32
0.000377826	2931.36
0.00038034	2832.21
0.000382854	2729.56
0.000385369	2623.39
0.000387883	2516.06
0.000390397	2407.82
0.000392911	2300.7
0.000395425	2195.12
0.000397939	2091.96
0.000400453	1991.62
0.000402968	1893.67
0.000405482	1798.24
0.000407996	1704.24
0.00041051	1611.5
0.000413024	1519.22
0.000415538	1427.07
0.000418052	1335.23
0.000420566	1243.49
0.000423081	1152.99
0.000425595	1063.76
0.000428109	977.274
0.000430623	893.843
0.000433137	814.501
0.000435651	739.645
0.000438165	669.592
0.00044068	604.6
0.000443194	544.446
0.000445708	489.182
0.000448222	438.4
0.000450736	392.014
0.00045325	349.659
0.000455764	311.219
0.000458279	276.383
0.000460793	245.056
0.000463307	216.914
0.000465821	191.861
0.000468335	169.546
0.000470849	149.846
0.000473363	132.425
0.000475877	117.141
0.000478392	103.715
0.000480906	92.01
0.00048342	81.7919
0.000485934	72.9453
0.000488448	65.2437
0.000490962	58.5761
0.000493476	52.7172
0.000495991	47.5394
0.000498505	42.8575
0.000501019	38.5341
0.000503533	34.4745
0.000506047	30.5682
0.000508561	26.822
0.000511075	23.1892
0.000513589	19.7353
0.000516104	16.4805
0.000518618	13.4855
0.000521132	10.8029
0.000523646	8.44803
0.00052616	6.46077
0.000528674	4.81085
0.000531188	3.48099
0.000533703	2.47713
