0.000166815	1.14613e-21
0.000172682	8.7191e-21
0.000178548	3.1438e-20
0.000184415	2.22996e-19
0.000190282	7.73211e-19
0.000196148	4.96533e-18
0.000202015	1.70517e-17
0.000207881	9.93533e-17
0.000213748	3.37194e-16
0.000219614	1.7869e-15
0.000225481	5.97921e-15
0.000231347	2.88937e-14
0.000237214	9.50778e-14
0.00024308	4.20139e-13
0.000248947	1.35583e-12
0.000254813	5.49507e-12
0.00026068	1.73398e-11
0.000266547	6.46608e-11
0.000272413	1.98895e-10
0.00027828	6.84685e-10
0.000284146	2.04635e-09
0.000290013	6.52545e-09
0.000295879	1.88866e-08
0.000301746	5.59858e-08
0.000307612	1.56385e-07
0.000313479	4.32476e-07
0.000319345	1.16189e-06
0.000325212	3.00831e-06
0.000331078	7.74706e-06
0.000336945	1.88455e-05
0.000342812	4.63665e-05
0.000348678	0.000106331
0.000354545	0.000249162
0.000360411	0.000540409
0.000366278	0.00120258
0.000372144	0.00247422
0.000378011	0.00521529
0.000383877	0.0102064
0.000389744	0.0203335
0.00039561	0.0379412
0.000401477	0.0713199
0.000407343	0.129718
0.00041321	0.227536
0.000419077	0.393578
0.000424943	0.653411
0.00043081	1.0727
0.000436676	1.69122
0.000442543	2.63465
0.000448409	3.95373
0.000454276	5.84981
0.000460142	8.37304
0.000466009	11.7883
0.000471875	16.1291
0.000477742	21.6715
0.000483608	28.4223
0.000489475	36.5936
0.000495342	46.173
0.000501208	57.2624
0.000507075	69.854
0.000512941	83.977
0.000518808	99.651
0.000524674	116.95
0.000530541	135.921
0.000536407	156.8
0.000542274	179.636
0.00054814	204.826
0.000554007	232.388
0.000559873	262.729
0.00056574	295.82
0.000571606	331.853
0.000577473	370.769
0.00058334	412.413
0.000589206	456.733
0.000595073	503.299
0.000600939	552.099
0.000606806	602.678
0.000612672	655.053
0.000618539	708.972
0.000624405	764.452
0.000630272	821.426
0.000636138	879.88
0.000642005	939.668
0.000647871	1000.75
0.000653738	1062.61
0.000659605	1125.21
0.000665471	1187.7
0.000671338	1250.1
0.000677204	1311.59
0.000683071	1372.24
0.000688937	1431.81
0.000694804	1490.36
0.00070067	1548.45
0.000706537	1606.09
0.000712403	1664.35
0.00071827	1723.22
0.000724136	1783.72
0.000730003	1845.85
0.00073587	1910.13
0.000741736	1976.55
0.000747603	2044.99
0.000753469	2115.45
0.000759336	2187.2
0.000765202	2260.23
0.000771069	2333.34
0.000776935	2406.53
0.000782802	2478.35
0.000788668	2548.79
0.000794535	2616.5
0.000800401	2681.45
0.000806268	2742.77
0.000812135	2800.45
0.000818001	2854.31
0.000823868	2904.34
0.000829734	2950.95
0.000835601	2994.15
0.000841467	3034.41
0.000847334	3071.79
0.0008532	3106.18
0.000859067	3137.67
0.000864933	3165.03
0.0008708	3188.37
0.000876666	3205.14
0.000882533	3215.27
0.0008884	3216.42
0.000894266	3206.74
0.000900133	3185.79
0.000905999	3150.7
0.000911866	3101.12
0.000917732	3037
0.000923599	2959.05
0.000929465	2866.95
0.000935332	2764.05
0.000941198	2650.26
0.000947065	2530.38
0.000952931	2404.6
0.000958798	2277.8
0.000964665	2150.43
0.000970531	2026.29
0.000976398	1905.91
0.000982264	1791.42
0.000988131	1683.29
0.000993997	1581.97
0.000999864	1487.78
0.00100573	1400
0.0010116	1318.71
0.00101746	1242.67
0.00102333	1171.78
0.0010292	1104.8
0.00103506	1041.54
0.00104093	981.051
0.0010468	923.132
0.00105266	867.235
0.00105853	813.19
0.0010644	760.796
0.00107026	709.951
0.00107613	660.683
0.001082	612.959
0.00108786	566.905
0.00109373	522.534
0.00109959	479.963
0.00110546	439.223
0.00111133	400.381
0.00111719	363.458
0.00112306	328.502
0.00112893	295.521
0.00113479	264.584
0.00114066	235.704
0.00114653	208.964
0.00115239	184.4
0.00115826	162.038
0.00116413	141.926
0.00116999	123.958
0.00117586	108.156
0.00118173	94.2612
0.00118759	82.2291
0.00119346	71.7191
0.00119933	62.6113
0.00120519	54.5963
0.00121106	47.5151
0.00121693	41.1746
0.00122279	35.4342
0.00122866	30.2275
0.00123453	25.4735
0.00124039	21.1788
0.00124626	17.323
0.00125212	13.9177
0.00125799	10.9724
0.00126386	8.46541
0.00126972	6.39988
0.00127559	4.7217
0.00128146	3.40987
0.00128732	2.39987
0.00129319	1.65022
0.00129906	1.10685
0.00130492	0.722437
0.00131079	0.461927
0.00131666	0.285191
0.00132252	0.174105
0.00132839	0.0949184
0.00133426	0.0591899
