3.33898e-05	38.4486
3.48982e-05	49.4564
3.64066e-05	63.4063
3.7915e-05	80.0981
3.94234e-05	100.116
4.09318e-05	123.89
4.24402e-05	151.783
4.39487e-05	184.255
4.54571e-05	221.613
4.69655e-05	264.314
4.84739e-05	312.579
4.99823e-05	366.822
5.14907e-05	427.155
5.29991e-05	493.898
5.45076e-05	567.019
5.6016e-05	646.684
5.75244e-05	732.685
5.90328e-05	824.949
6.05412e-05	923.09
6.20496e-05	1026.71
6.3558e-05	1135.29
6.50665e-05	1248.07
6.65749e-05	1364.47
6.80833e-05	1483.43
6.95917e-05	1604.47
7.11001e-05	1726.39
7.26085e-05	1848.9
7.41169e-05	1970.95
7.56253e-05	2092.53
7.71338e-05	2213
7.86422e-05	2332.62
8.01506e-05	2451.35
8.1659e-05	2569.62
8.31674e-05	2688.02
8.46758e-05	2806.98
8.61842e-05	2927.59
8.76927e-05	3050.16
8.92011e-05	3175.92
9.07095e-05	3305.05
9.22179e-05	3438.61
9.37263e-05	3576.56
9.52347e-05	3719.57
9.67431e-05	3867.44
9.82516e-05	4020.26
9.976e-05	4177.74
0.000101268	4339.33
0.000102777	4504.66
0.000104285	4672.59
0.000105794	4842.69
0.000107302	5013.23
0.00010881	5183.81
0.000110319	5352.2
0.000111827	5518.06
0.000113336	5678.92
0.000114844	5834.6
0.000116353	5982.79
0.000117861	6123.54
0.000119369	6255.29
0.000120878	6378.34
0.000122386	6492.45
0.000123895	6598.1
0.000125403	6696.73
0.000126911	6788.8
0.00012842	6877.27
0.000129928	6962.45
0.000131437	7048.05
0.000132945	7134.13
0.000134453	7224.02
0.000135962	7317.53
0.00013747	7416.47
0.000138979	7520.47
0.000140487	7629.12
0.000141996	7741.98
0.000143504	7856.34
0.000145012	7971.83
0.000146521	8083.98
0.000148029	8192.55
0.000149538	8292.22
0.000151046	8382.93
0.000152554	8459.5
0.000154063	8521.99
0.000155571	8567.08
0.00015708	8594.12
0.000158588	8594.78
0.000160097	8580.14
0.000161605	8548.5
0.000163113	8489.76
0.000164622	8412.9
0.00016613	8317.56
0.000167639	8207.11
0.000169147	8081.66
0.000170655	7946.86
0.000172164	7802.74
0.000173672	7655.65
0.000175181	7505.53
0.000176689	7357.99
0.000178197	7212.94
0.000179706	7073.8
0.000181214	6940.52
0.000182723	6813.39
0.000184231	6692.41
0.00018574	6574.83
0.000187248	6460.69
0.000188756	6345.22
0.000190265	6228.48
0.000191773	6105.43
0.000193282	5976.08
0.00019479	5836.92
0.000196298	5687.86
0.000197807	5528.08
0.000199315	5357.45
0.000200824	5177.94
0.000202332	4989.42
0.000203841	4795.83
0.000205349	4597.13
0.000206857	4397.74
0.000208366	4197.74
0.000209874	4000.68
0.000211383	3806.73
0.000212891	3617.75
0.000214399	3433.92
0.000215908	3255.41
0.000217416	3082.34
0.000218925	2913.83
0.000220433	2749.91
0.000221941	2589.58
0.00022345	2432.77
0.000224958	2279.14
0.000226467	2128.55
0.000227975	1981.62
0.000229484	1838.26
0.000230992	1699.79
0.0002325	1566.23
0.000234009	1439.13
0.000235517	1318.61
0.000237026	1205.88
0.000238534	1101.12
0.000240042	1004.78
0.000241551	917.049
0.000243059	837.527
0.000244568	766.326
0.000246076	702.334
0.000247585	645.551
0.000249093	594.484
0.000250601	549.014
0.00025211	507.642
0.000253618	470.159
0.000255127	435.359
0.000256635	403.002
0.000258143	372.323
0.000259652	343.114
0.00026116	315.049
0.000262669	287.986
0.000264177	261.924
0.000265685	236.803
0.000267194	212.783
0.000268702	189.872
0.000270211	168.25
0.000271719	147.962
0.000273228	129.124
0.000274736	111.785
0.000276244	95.9674
0.000277753	81.7038
0.000279261	68.9274
0.00028077	57.647
0.000282278	47.733
0.000283786	39.1684
0.000285295	31.7898
0.000286803	25.5593
0.000288312	20.3042
0.00028982	15.9724
0.000291329	12.4013
0.000292837	9.53136
0.000294345	7.22308
0.000295854	5.41641
0.000297362	4.00163
0.000298871	2.92389
0.000300379	2.10395
0.000301887	1.49608
0.000303396	1.04783
0.000304904	0.724253
0.000306413	0.493538
0.000307921	0.331199
0.000309429	0.219577
0.000310938	0.142887
0.000312446	0.0921857
0.000313955	0.058095
0.000315463	0.0364942
0.000316972	0.0222404
0.00031848	0.0136152
0.000319988	0.00801086
0.000321497	0.00478502
0.000323005	0.00271311
0.000324514	0.0015837
0.000326022	0.000860221
0.00032753	0.000493774
0.000329039	0.000258895
0.000330547	0.000144878
0.000332056	6.62094e-05
0.000333564	3.99864e-05
