0.000100103	0.739105
0.00010312	1.06345
0.000106137	1.54755
0.000109154	2.17441
0.000112171	2.99371
0.000115188	4.04543
0.000118205	5.35032
0.000121222	6.9496
0.000124239	8.8342
0.000127256	11.0269
0.000130273	13.4779
0.00013329	16.1662
0.000136307	19.0056
0.000139324	21.913
0.000142341	24.7899
0.000145358	27.4964
0.000148375	29.9604
0.000151392	32.0241
0.000154408	33.6791
0.000157425	34.8853
0.000160442	35.5375
0.000163459	35.6802
0.000166476	35.7327
0.000169493	35.6425
0.00017251	35.5162
0.000175527	35.7593
0.000178544	36.6353
0.000181561	38.3137
0.000184578	41.2698
0.000187595	45.6468
0.000190612	51.5902
0.000193629	59.4375
0.000196646	69.2167
0.000199663	81.1513
0.00020268	95.2569
0.000205697	111.669
0.000208714	130.425
0.000211731	151.647
0.000214748	175.405
0.000217765	201.891
0.000220782	231.19
0.000223799	263.594
0.000226816	299.157
0.000229833	338.199
0.00023285	380.694
0.000235867	426.824
0.000238884	476.458
0.000241901	529.445
0.000244918	585.572
0.000247935	644.237
0.000250952	705.215
0.000253969	767.511
0.000256986	830.969
0.000260003	894.455
0.00026302	957.949
0.000266037	1020.56
0.000269054	1082.41
0.000272071	1143.22
0.000275088	1203.2
0.000278105	1262.85
0.000281122	1322.41
0.000284139	1383.07
0.000287156	1444.98
0.000290173	1509.66
0.00029319	1577.14
0.000296207	1648.77
0.000299224	1724.47
0.000302241	1804.99
0.000305258	1890.2
0.000308275	1980.08
0.000311292	2074.51
0.000314309	2172.86
0.000317326	2275.05
0.000320343	2380.2
0.00032336	2488.3
0.000326377	2598.6
0.000329394	2711.13
0.000332411	2825.46
0.000335428	2941.62
0.000338445	3059.42
0.000341462	3178.84
0.000344479	3299.64
0.000347496	3421.78
0.000350513	3544.6
0.00035353	3668.05
0.000356547	3790.95
0.000359564	3913.24
0.000362581	4033.3
0.000365598	4151.12
0.000368615	4264.95
0.000371632	4374.81
0.000374649	4479.2
0.000377666	4578.15
0.000380683	4670.66
0.0003837	4756.76
0.000386717	4835.98
0.000389734	4908.33
0.000392751	4973.66
0.000395768	5031.98
0.000398785	5083.07
0.000401802	5126.94
0.000404819	5162.92
0.000407836	5191.03
0.000410853	5209.69
0.00041387	5219.04
0.000416887	5218.84
0.000419904	5206.35
0.000422921	5181.53
0.000425938	5144.39
0.000428955	5094.25
0.000431972	5031.04
0.000434989	4955.86
0.000438006	4868.62
0.000441023	4772.1
0.00044404	4666.22
0.000447057	4554.83
0.000450074	4437.93
0.000453091	4319.48
0.000456108	4199.57
0.000459125	4081.29
0.000462142	3964.83
0.000465159	3851.76
0.000468176	3742.3
0.000471193	3636.38
0.00047421	3534.16
0.000477227	3434.25
0.000480244	3336.71
0.000483261	3239.43
0.000486278	3142.36
0.000489295	3043.41
0.000492312	2942.42
0.000495329	2837.97
0.000498346	2729.84
0.000501363	2617.67
0.00050438	2501.24
0.000507397	2381.32
0.000510414	2257.78
0.000513431	2132.21
0.000516448	2004.62
0.000519465	1877.03
0.000522482	1749.56
0.000525499	1624.15
0.000528516	1501.04
0.000531533	1381.74
0.00053455	1266.52
0.000537567	1156.32
0.000540584	1051.36
0.000543601	952.104
0.000546618	858.684
0.000549635	771.204
0.000552652	689.733
0.000555669	614.209
0.000558686	544.649
0.000561703	480.928
0.00056472	423.048
0.000567737	370.812
0.000570754	324.227
0.000573771	282.946
0.000576788	246.969
0.000579805	215.731
0.000582822	189.186
0.000585839	166.563
0.000588856	147.738
0.000591873	131.837
0.00059489	118.651
0.000597907	107.373
0.000600924	97.7384
0.000603941	89.1549
0.000606958	81.3628
0.000609975	74.0518
0.000612992	67.0267
0.000616009	60.2284
0.000619026	53.5586
0.000622043	47.1089
0.00062506	40.8726
0.000628077	34.9778
0.000631094	29.4732
0.000634111	24.4423
0.000637128	19.9439
0.000640145	15.9875
0.000643162	12.6084
0.000646179	9.75473
0.000649196	7.4254
0.000652213	5.53956
0.00065523	4.06566
0.000658247	2.92357
0.000661264	2.06662
0.000664281	1.43243
0.000667298	0.974113
0.000670315	0.651062
0.000673332	0.425354
0.000676349	0.27435
0.000679366	0.171909
0.000682383	0.107133
0.0006854	0.0642518
0.000688417	0.0387542
0.000691434	0.0221896
0.000694451	0.012983
0.000697468	0.00638691
0.000700485	0.00402727
