0.000500379	5.17785e-140
0.00050876	7.37132e-135
0.000517141	2.94851e-134
0.000525522	3.14764e-129
0.000533903	1.27192e-128
0.000542284	1.01803e-123
0.000550665	4.15645e-123
0.000559045	2.49384e-118
0.000567426	1.02893e-117
0.000575807	4.62712e-113
0.000584188	1.92955e-112
0.000592569	6.50256e-108
0.00060095	2.74113e-107
0.00060933	6.92129e-103
0.000617711	2.94988e-102
0.000626092	5.57979e-98
0.000634473	2.40483e-97
0.000642854	3.40702e-93
0.000651235	1.48513e-92
0.000659615	1.57564e-88
0.000667996	6.94782e-88
0.000676377	5.51902e-84
0.000684758	2.46226e-83
0.000693139	1.46417e-79
0.00070152	6.61031e-79
0.0007099	2.94199e-75
0.000718281	1.34435e-74
0.000726662	4.47729e-71
0.000735043	2.07111e-70
0.000743424	5.16076e-67
0.000751805	2.41711e-66
0.000760186	4.50546e-63
0.000768566	2.13694e-62
0.000776947	2.97918e-59
0.000785328	1.43116e-58
0.000793709	1.49208e-55
0.00080209	7.26083e-55
0.000810471	5.66031e-52
0.000818851	2.79053e-51
0.000827232	1.62649e-48
0.000835613	8.12438e-48
0.000843994	3.54041e-45
0.000852375	1.79183e-44
0.000860756	5.83814e-42
0.000869136	2.99371e-41
0.000877517	7.2939e-39
0.000885898	3.78905e-38
0.000894279	6.9051e-36
0.00090266	3.63296e-35
0.000911041	4.95437e-33
0.000919421	2.6388e-32
0.000927802	2.69483e-30
0.000936183	1.45202e-29
0.000944564	1.1116e-27
0.000952945	6.05301e-27
0.000961326	3.47902e-25
0.000969707	1.91167e-24
0.000978087	8.26664e-23
0.000986468	4.57418e-22
0.000994849	1.49258e-20
0.00100323	8.29279e-20
0.00101161	2.05004e-18
0.00101999	1.13922e-17
0.00102837	2.14501e-16
0.00103675	1.18601e-15
0.00104513	1.71283e-14
0.00105351	9.35854e-14
0.0010619	1.0461e-12
0.00107028	5.59845e-12
0.00107866	4.89911e-11
0.00108704	2.53986e-10
0.00109542	1.76437e-09
0.0011038	8.74245e-09
0.00111218	4.90101e-08
0.00112056	2.2847e-07
0.00112894	1.05301e-06
0.00113732	4.53745e-06
0.0011457	1.75413e-05
0.00115409	6.85784e-05
0.00116247	0.000226947
0.00117085	0.000790381
0.00117923	0.00228275
0.00118761	0.00696724
0.00119599	0.0178621
0.00120437	0.0471832
0.00121275	0.108836
0.00122113	0.247112
0.00122951	0.522264
0.00123789	1.02147
0.00124627	1.98627
0.00125466	3.4282
0.00126304	5.79584
0.00127142	9.08766
0.0012798	13.7541
0.00128818	19.7867
0.00129656	27.4628
0.00130494	36.7752
0.00131332	47.7668
0.0013217	60.4353
0.00133008	74.6336
0.00133846	90.3629
0.00134684	107.598
0.00135523	126.334
0.00136361	147.219
0.00137199	170.239
0.00138037	196.58
0.00138875	226.24
0.00139713	260.049
0.00140551	297.991
0.00141389	341.028
0.00142227	389.06
0.00143065	445.168
0.00143903	509.3
0.00144741	585.595
0.0014558	674.363
0.00146418	775.191
0.00147256	888.624
0.00148094	1006.99
0.00148932	1130.33
0.0014977	1250.13
0.00150608	1365.62
0.00151446	1475.76
0.00152284	1579.91
0.00153122	1682.8
0.0015396	1784.81
0.00154798	1887.19
0.00155637	1990.58
0.00156475	2090.96
0.00157313	2187.8
0.00158151	2281.09
0.00158989	2369.76
0.00159827	2461.85
0.00160665	2558.08
0.00161503	2662.88
0.00162341	2778.69
0.00163179	2894.97
0.00164017	3012.55
0.00164855	3113.95
0.00165694	3197.58
0.00166532	3250.68
0.0016737	3277.11
0.00168208	3281.24
0.00169046	3260.97
0.00169884	3228.7
0.00170722	3186.15
0.0017156	3139.93
0.00172398	3092.57
0.00173236	3041.69
0.00174074	2988.93
0.00174912	2924.15
0.00175751	2846.26
0.00176589	2746.05
0.00177427	2619.72
0.00178265	2470.28
0.00179103	2294.84
0.00179941	2108.91
0.00180779	1914.17
0.00181617	1726.12
0.00182455	1549.82
0.00183293	1390.06
0.00184131	1250.76
0.00184969	1127.26
0.00185808	1019.94
0.00186646	922.263
0.00187484	832.406
0.00188322	746.539
0.0018916	662.616
0.00189998	580.354
0.00190836	498.433
0.00191674	419.856
0.00192512	344.865
0.0019335	277.252
0.00194188	218.877
0.00195026	170.408
0.00195865	133.45
0.00196703	104.967
0.00197541	84.5093
0.00198379	68.7749
0.00199217	55.9608
0.00200055	45.0938
0.00200893	34.9778
0.00201731	26.1165
0.00202569	18.4714
0.00203407	12.2563
0.00204245	7.71914
0.00205083	4.48114
0.00205922	2.44868
0.0020676	1.26071
0.00207598	0.578945
0.00208436	0.273156
0.00209274	0.111682
0.00210112	0.0451075
0.0021095	0.0167096
0.00211788	0.00566928
0.00212626	0.00193664
0.00213464	0.000541914
0.00214302	0.000173557
0.0021514	3.93787e-05
0.00215979	1.14757e-05
0.00216817	2.17466e-06
