3.33898e-05	241.551
3.48982e-05	279.009
3.64066e-05	322.138
3.7915e-05	370.939
3.94234e-05	425.405
4.09318e-05	485.578
4.24402e-05	551.306
4.39487e-05	622.529
4.54571e-05	698.974
4.69655e-05	780.441
4.84739e-05	866.525
4.99823e-05	956.841
5.14907e-05	1050.87
5.29991e-05	1147.99
5.45076e-05	1247.62
5.6016e-05	1348.92
5.75244e-05	1451.31
5.90328e-05	1553.78
6.05412e-05	1655.89
6.20496e-05	1756.61
6.3558e-05	1855.7
6.50665e-05	1952.32
6.65749e-05	2046.54
6.80833e-05	2137.9
6.95917e-05	2226.75
7.11001e-05	2313.22
7.26085e-05	2397.85
7.41169e-05	2481.4
7.56253e-05	2564.53
7.71338e-05	2648.55
7.86422e-05	2734.11
8.01506e-05	2822.88
8.1659e-05	2915.41
8.31674e-05	3013.48
8.46758e-05	3117.46
8.61842e-05	3229
8.76927e-05	3348.26
8.92011e-05	3476.49
9.07095e-05	3613.66
9.22179e-05	3760.47
9.37263e-05	3916.67
9.52347e-05	4082.29
9.67431e-05	4256.92
9.82516e-05	4439.78
9.976e-05	4630.37
0.000101268	4827.13
0.000102777	5029.48
0.000104285	5235.16
0.000105794	5443.66
0.000107302	5652.23
0.00010881	5860.48
0.000110319	6065.56
0.000111827	6267.28
0.000113336	6463.12
0.000114844	6653.09
0.000116353	6835.44
0.000117861	7010.31
0.000119369	7176.96
0.000120878	7335.57
0.000122386	7486.3
0.000123895	7629.31
0.000125403	7765.31
0.000126911	7894.34
0.00012842	8017.16
0.000129928	8133.68
0.000131437	8244.21
0.000132945	8348.59
0.000134453	8446.41
0.000135962	8537.52
0.00013747	8620.86
0.000138979	8696.34
0.000140487	8762.58
0.000141996	8819.57
0.000143504	8866.06
0.000145012	8902.07
0.000146521	8927.22
0.000148029	8941.08
0.000149538	8940.79
0.000151046	8931.47
0.000152554	8912.2
0.000154063	8878.61
0.000155571	8833.97
0.00015708	8777.93
0.000158588	8710.12
0.000160097	8630.52
0.000161605	8538.88
0.000163113	8435.19
0.000164622	8319.38
0.00016613	8191.49
0.000167639	8052.06
0.000169147	7901.16
0.000170655	7740.36
0.000172164	7569.69
0.000173672	7391.9
0.000175181	7207.01
0.000176689	7018.71
0.000178197	6826.97
0.000179706	6635.89
0.000181214	6445.44
0.000182723	6259.36
0.000184231	6077.63
0.00018574	5902.97
0.000187248	5735.39
0.000188756	5576.12
0.000190265	5425.19
0.000191773	5282.27
0.000193282	5147.42
0.00019479	5018.98
0.000196298	4897
0.000197807	4779.04
0.000199315	4665.1
0.000200824	4552.53
0.000202332	4441.3
0.000203841	4329.06
0.000205349	4215.75
0.000206857	4099.69
0.000208366	3980.8
0.000209874	3858.21
0.000211383	3731.84
0.000212891	3601.64
0.000214399	3467.54
0.000215908	3330.11
0.000217416	3189.33
0.000218925	3046.23
0.000220433	2900.82
0.000221941	2754.41
0.00022345	2607.02
0.000224958	2460.1
0.000226467	2313.71
0.000227975	2169.31
0.000229484	2026.98
0.000230992	1888.12
0.0002325	1752.81
0.000234009	1622.31
0.000235517	1496.71
0.000237026	1377
0.000238534	1263.29
0.000240042	1156.21
0.000241551	1055.88
0.000243059	962.521
0.000244568	876.235
0.000246076	796.852
0.000247585	724.432
0.000249093	658.471
0.000250601	598.98
0.00025211	545.222
0.000253618	497.155
0.000255127	453.916
0.000256635	415.418
0.000258143	380.782
0.000259652	349.882
0.00026116	321.908
0.000262669	296.714
0.000264177	273.62
0.000265685	252.475
0.000267194	232.77
0.000268702	214.366
0.000270211	196.941
0.000271719	180.383
0.000273228	164.545
0.000274736	149.351
0.000276244	134.795
0.000277753	120.84
0.000279261	107.561
0.00028077	94.9604
0.000282278	83.1328
0.000283786	72.1056
0.000285295	61.9439
0.000286803	52.6825
0.000288312	44.3306
0.00028982	36.9133
0.000291329	30.3813
0.000292837	24.7389
0.000294345	19.8935
0.000295854	15.8259
0.000297362	12.4236
0.000298871	9.64832
0.000300379	7.38959
0.000301887	5.59862
0.000303396	4.18184
0.000304904	3.08902
0.000306413	2.24974
0.000307921	1.61927
0.000309429	1.14983
0.000310938	0.805912
0.000312446	0.558021
0.000313955	0.380611
0.000315463	0.257045
0.000316972	0.170487
0.00031848	0.112349
0.000319988	0.0723988
0.000321497	0.0465822
0.000323005	0.0291365
0.000324514	0.0183178
0.000326022	0.0111084
0.00032753	0.00683062
0.000329039	0.00401079
0.000330547	0.00241502
0.000332056	0.00125831
0.000333564	0.00080951
