0.000500379	24.0055
0.000506246	25.3335
0.000512113	26.7884
0.000517979	28.3674
0.000523846	30.079
0.000529712	31.9305
0.000535579	33.9254
0.000541445	36.0708
0.000547312	38.3654
0.000553178	40.8129
0.000559045	43.4056
0.000564911	46.1404
0.000570778	49.0038
0.000576644	51.9833
0.000582511	55.0619
0.000588378	58.2177
0.000594244	61.4335
0.000600111	64.6807
0.000605977	67.9458
0.000611844	71.199
0.00061771	74.4336
0.000623577	77.6253
0.000629443	80.7766
0.00063531	83.8755
0.000641176	86.9327
0.000647043	89.954
0.000652909	92.9561
0.000658776	95.9632
0.000664643	98.9945
0.000670509	102.09
0.000676376	105.266
0.000682242	108.572
0.000688109	112.019
0.000693975	115.653
0.000699842	119.481
0.000705708	123.538
0.000711575	127.821
0.000717441	132.351
0.000723308	137.12
0.000729174	142.126
0.000735041	147.36
0.000740908	152.803
0.000746774	158.445
0.000752641	164.255
0.000758507	170.225
0.000764374	176.319
0.00077024	182.53
0.000776107	188.824
0.000781973	195.197
0.00078784	201.616
0.000793706	208.081
0.000799573	214.563
0.000805439	221.061
0.000811306	227.549
0.000817173	234.024
0.000823039	240.46
0.000828906	246.854
0.000834772	253.175
0.000840639	259.421
0.000846505	265.556
0.000852372	271.579
0.000858238	277.454
0.000864105	283.182
0.000869971	288.733
0.000875838	294.107
0.000881704	299.287
0.000887571	304.276
0.000893438	309.074
0.000899304	313.685
0.000905171	318.129
0.000911037	322.411
0.000916904	326.571
0.00092277	330.613
0.000928637	334.593
0.000934503	338.515
0.00094037	342.444
0.000946236	346.383
0.000952103	350.397
0.000957969	354.489
0.000963836	358.72
0.000969703	363.088
0.000975569	367.642
0.000981436	372.38
0.000987302	377.326
0.000993169	382.479
0.000999035	387.834
0.0010049	393.385
0.00101077	399.088
0.00101663	404.94
0.0010225	410.845
0.00102837	416.801
0.00103423	422.663
0.0010401	428.428
0.00104597	433.908
0.00105183	439.1
0.0010577	443.786
0.00106357	447.969
0.00106943	451.428
0.0010753	454.166
0.00108117	455.988
0.00108703	456.895
0.0010929	456.866
0.00109877	455.734
0.00110463	453.569
0.0011105	450.368
0.00111637	446.197
0.00112223	441.052
0.0011281	435.092
0.00113397	428.315
0.00113983	420.932
0.0011457	412.943
0.00115157	404.571
0.00115743	395.819
0.0011633	386.884
0.00116916	377.77
0.00117503	368.617
0.0011809	359.433
0.00118676	350.29
0.00119263	341.194
0.0011985	332.154
0.00120436	323.176
0.00121023	314.224
0.0012161	305.3
0.00122196	296.351
0.00122783	287.374
0.0012337	278.322
0.00123956	269.19
0.00124543	259.954
0.0012513	250.608
0.00125716	241.16
0.00126303	231.607
0.0012689	221.986
0.00127476	212.297
0.00128063	202.604
0.0012865	192.906
0.00129236	183.279
0.00129823	173.729
0.0013041	164.331
0.00130996	155.092
0.00131583	146.077
0.00132169	137.295
0.00132756	128.793
0.00133343	120.581
0.00133929	112.689
0.00134516	105.123
0.00135103	97.8969
0.00135689	91.0154
0.00136276	84.4801
0.00136863	78.2933
0.00137449	72.4494
0.00138036	66.9488
0.00138623	61.7821
0.00139209	56.9488
0.00139796	52.4372
0.00140383	48.2463
0.00140969	44.3617
0.00141556	40.7824
0.00142143	37.4896
0.00142729	34.4817
0.00143316	31.7348
0.00143903	29.2456
0.00144489	26.9852
0.00145076	24.9484
0.00145663	23.1025
0.00146249	21.4402
0.00146836	19.9285
0.00147422	18.558
0.00148009	17.2989
0.00148596	16.1407
0.00149182	15.0598
0.00149769	14.046
0.00150356	13.0833
0.00150942	12.1634
0.00151529	11.278
0.00152116	10.4214
0.00152702	9.59174
0.00153289	8.78616
0.00153876	8.00735
0.00154462	7.2549
0.00155049	6.5334
0.00155636	5.84437
0.00156222	5.19211
0.00156809	4.57905
0.00157396	4.00788
0.00157982	3.48091
0.00158569	2.99864
0.00159156	2.56251
0.00159742	2.17092
0.00160329	1.82406
0.00160916	1.51879
0.00161502	1.25396
0.00162089	1.02569
0.00162675	0.831717
0.00163262	0.66806
0.00163849	0.531798
0.00164435	0.41935
0.00165022	0.327561
0.00165609	0.253528
0.00166195	0.193043
0.00166782	0.147548
