0.000500379	1.41129e-182
0.00050876	1.07575e-175
0.000517141	4.30301e-175
0.000525522	2.26369e-168
0.000533903	9.1474e-168
0.000542284	3.32065e-161
0.000550665	1.35579e-160
0.000559045	3.39569e-154
0.000567426	1.40105e-153
0.000575807	2.42065e-147
0.000584188	1.00946e-146
0.000592569	1.20291e-140
0.00060095	5.07098e-140
0.00060933	4.16708e-134
0.000617711	1.7761e-133
0.000626092	1.0063e-127
0.000634473	4.33729e-127
0.000642854	1.69403e-121
0.000651235	7.38488e-121
0.000659615	1.98797e-115
0.000667996	8.7669e-115
0.000676377	1.62628e-109
0.000684758	7.25652e-109
0.000693139	9.27428e-104
0.00070152	4.18788e-103
0.0007099	3.68693e-98
0.000718281	1.68518e-97
0.000726662	1.02177e-92
0.000735043	4.72813e-92
0.000743424	1.97398e-87
0.000751805	9.24971e-87
0.000760186	2.65855e-82
0.000768566	1.26174e-81
0.000776947	2.4961e-77
0.000785328	1.20011e-76
0.000793709	1.63381e-72
0.00080209	7.95959e-72
0.000810471	7.45547e-68
0.000818851	3.6812e-67
0.000827232	2.37188e-63
0.000835613	1.18722e-62
0.000843994	5.26104e-59
0.000852375	2.67009e-58
0.000860756	8.13641e-55
0.000869136	4.18789e-54
0.000877517	8.77412e-51
0.000885898	4.581e-50
0.000894279	6.5981e-47
0.00090266	3.49498e-46
0.000911041	3.4604e-43
0.000919421	1.85984e-42
0.000927802	1.26586e-39
0.000936183	6.90387e-39
0.000944564	3.23062e-36
0.000952945	1.78786e-35
0.000961326	5.75352e-33
0.000969707	3.23035e-32
0.000978087	7.15296e-30
0.000986468	4.07284e-29
0.000994849	6.21088e-27
0.00100323	3.58385e-26
0.00101161	3.76902e-24
0.00101999	2.20136e-23
0.00102837	1.59999e-21
0.00103675	9.44114e-21
0.00104513	4.75757e-19
0.00105351	2.82797e-18
0.0010619	9.92677e-17
0.00107028	5.91829e-16
0.00107866	1.45697e-14
0.00108704	8.65735e-14
0.00109542	1.50916e-12
0.0011038	8.85701e-12
0.00111218	1.1079e-10
0.00112056	6.34198e-10
0.00112894	5.79467e-09
0.00113732	3.18145e-08
0.0011457	2.17232e-07
0.00115409	1.11961e-06
0.00116247	5.87341e-06
0.00117085	2.76919e-05
0.00117923	0.000115172
0.00118761	0.000482625
0.00119599	0.00164438
0.00120437	0.00594901
0.00121275	0.017126
0.00122113	0.0521372
0.00122951	0.130118
0.00123789	0.327327
0.00124627	0.728614
0.00125466	1.50651
0.00126304	3.02396
0.00127142	5.28286
0.0012798	8.73447
0.00128818	13.3575
0.00129656	19.0077
0.00130494	25.6786
0.00131332	32.8154
0.0013217	40.4349
0.00133008	49.0695
0.00133846	58.7179
0.00134684	71.8428
0.00135523	88.4313
0.00136361	110.588
0.00137199	138.368
0.00138037	170.022
0.00138875	205.617
0.00139713	241.097
0.00140551	276.283
0.00141389	312.278
0.00142227	348.708
0.00143065	394.647
0.00143903	450.183
0.00144741	522.584
0.0014558	612.674
0.00146418	715.047
0.00147256	830.203
0.00148094	946.147
0.00148932	1062.15
0.0014977	1174.76
0.00150608	1283.18
0.00151446	1391.79
0.00152284	1500.91
0.00153122	1611
0.0015396	1722.41
0.00154798	1832.05
0.00155637	1939.14
0.00156475	2047.14
0.00157313	2155.15
0.00158151	2274.59
0.00158989	2406.54
0.00159827	2556.55
0.00160665	2727.64
0.00161503	2905.66
0.00162341	3092.18
0.00163179	3260.07
0.00164017	3407.08
0.00164855	3513.07
0.00165694	3574.27
0.00166532	3585.36
0.0016737	3547.63
0.00168208	3475.72
0.00169046	3368.14
0.00169884	3249
0.00170722	3121.73
0.0017156	3001.06
0.00172398	2891.69
0.00173236	2792.77
0.00174074	2706.62
0.00174912	2623.65
0.00175751	2542.96
0.00176589	2456.02
0.00177427	2360.43
0.00178265	2253.61
0.00179103	2133.41
0.00179941	2003.91
0.00180779	1864.61
0.00181617	1722.94
0.00182455	1580.61
0.00183293	1442.11
0.00184131	1309.57
0.00184969	1182.78
0.00185808	1062.13
0.00186646	947.318
0.00187484	837.799
0.00188322	735.672
0.0018916	641.369
0.00189998	556.596
0.00190836	482.662
0.00191674	417.956
0.00192512	362.819
0.0019335	313.88
0.00194188	269.798
0.00195026	229.278
0.00195865	190.959
0.00196703	156.146
0.00197541	124.937
0.00198379	98.5447
0.00199217	77.9313
0.00200055	62.3271
0.00200893	52.0764
0.00201731	45.1289
0.00202569	40.6368
0.00203407	37.2251
0.00204245	33.711
0.00205083	30.1777
0.00205922	26.1762
0.0020676	22.3333
0.00207598	18.9613
0.00208436	16.1555
0.00209274	14.2176
0.00210112	12.7055
0.0021095	11.4199
0.00211788	10.1357
0.00212626	8.52585
0.00213464	6.82149
0.00214302	5.05946
0.0021514	3.44219
0.00215979	2.19628
0.00216817	1.24414
