3.33898e-05	1.98895e-36
3.59039e-05	6.95767e-35
3.8418e-05	2.7234e-34
4.09322e-05	8.26323e-33
4.34463e-05	3.22747e-32
4.59604e-05	8.44015e-31
4.84746e-05	3.31039e-30
5.09887e-05	7.46839e-29
5.35028e-05	2.93879e-28
5.6017e-05	5.72616e-27
5.85311e-05	2.25808e-26
6.10452e-05	3.80502e-25
6.35594e-05	1.50175e-24
6.60735e-05	2.19188e-23
6.85877e-05	8.64471e-23
7.11018e-05	1.09488e-21
7.36159e-05	4.30735e-21
7.61301e-05	4.74401e-20
7.86442e-05	1.85775e-19
8.11583e-05	1.78365e-18
8.36725e-05	6.9358e-18
8.61866e-05	5.82141e-17
8.87007e-05	2.24157e-16
9.12149e-05	1.65e-15
9.3729e-05	6.27153e-15
9.62431e-05	4.06323e-14
9.87573e-05	1.51909e-13
0.000101271	8.69748e-13
0.000103786	3.18571e-12
0.0001063	1.61904e-11
0.000108814	5.78462e-11
0.000111328	2.6222e-10
0.000113842	9.09547e-10
0.000116356	3.69667e-09
0.00011887	1.23852e-08
0.000121384	4.53806e-08
0.000123899	1.4607e-07
0.000126413	4.85278e-07
0.000128927	1.49232e-06
0.000131441	4.52157e-06
0.000133955	1.32095e-05
0.000136469	3.6715e-05
0.000138983	0.000101329
0.000141498	0.000259829
0.000144012	0.000673786
0.000146526	0.00160258
0.00014904	0.00388512
0.000151554	0.00861398
0.000154068	0.0194349
0.000156582	0.0403453
0.000159096	0.0843951
0.000161611	0.164647
0.000164125	0.318407
0.000166639	0.5986
0.000169153	1.06057
0.000171667	1.86238
0.000174181	3.07329
0.000176695	5.01092
0.00017921	7.74762
0.000181724	11.7558
0.000184238	17.0785
0.000186752	24.2241
0.000189266	33.189
0.00019178	44.327
0.000194294	57.6259
0.000196809	73.2512
0.000199323	91.2605
0.000201837	111.968
0.000204351	135.524
0.000206865	162.887
0.000209379	194.186
0.000211893	230.961
0.000214407	273.143
0.000216922	321.737
0.000219436	376.451
0.00022195	436.331
0.000224464	501.107
0.000226978	567.937
0.000229492	636.908
0.000232006	705.89
0.000234521	775.383
0.000237035	847.491
0.000239549	922.784
0.000242063	1008.61
0.000244577	1105.18
0.000247091	1221.74
0.000249605	1358.04
0.000252119	1519.76
0.000254634	1706.41
0.000257148	1916.72
0.000259662	2150.32
0.000262176	2399.72
0.00026469	2664.82
0.000267204	2935.4
0.000269718	3211.54
0.000272233	3483.83
0.000274747	3752.39
0.000277261	4010.95
0.000279775	4259.59
0.000282289	4495.98
0.000284803	4720.14
0.000287317	4932.99
0.000289831	5134.49
0.000292346	5327.11
0.00029486	5510.83
0.000297374	5688.39
0.000299888	5859.78
0.000302402	6028.18
0.000304916	6193.55
0.00030743	6359.75
0.000309945	6526.82
0.000312459	6697.57
0.000314973	6872.26
0.000317487	7049.21
0.000320001	7228.86
0.000322515	7403.09
0.000325029	7572.22
0.000327544	7724.11
0.000330058	7858.56
0.000332572	7966.67
0.000335086	8050.2
0.0003376	8080.54
0.000340114	8089.89
0.000342628	8085.93
0.000345142	8032.73
0.000347657	7954.24
0.000350171	7853.98
0.000352685	7734.79
0.000355199	7597.18
0.000357713	7444.22
0.000360227	7276.29
0.000362741	7094.58
0.000365256	6899.05
0.00036777	6691.74
0.000370284	6472.35
0.000372798	6245.55
0.000375312	6011.32
0.000377826	5775.9
0.00038034	5539.9
0.000382854	5307.92
0.000385369	5080.99
0.000387883	4859.64
0.000390397	4644.64
0.000392911	4432.93
0.000395425	4224.51
0.000397939	4015.56
0.000400453	3805.37
0.000402968	3592.02
0.000405482	3374.65
0.000407996	3154.19
0.00041051	2930.09
0.000413024	2705.83
0.000415538	2481.37
0.000418052	2261.94
0.000420566	2048.13
0.000423081	1845.54
0.000425595	1655.43
0.000428109	1481.76
0.000430623	1326.15
0.000433137	1189.08
0.000435651	1071.79
0.000438165	971.046
0.00044068	886.991
0.000443194	814.417
0.000445708	752.222
0.000448222	695.703
0.000450736	643.114
0.00045325	591.938
0.000455764	540.64
0.000458279	489.1
0.000460793	436.572
0.000463307	384.435
0.000465821	332.802
0.000468335	283.341
0.000470849	236.699
0.000473363	193.951
0.000475877	155.813
0.000478392	122.47
0.000480906	94.35
0.00048342	70.9401
0.000485934	52.2614
0.000488448	37.489
0.000490962	26.3231
0.000493476	17.9672
0.000495991	11.9756
0.000498505	7.75907
0.000501019	4.88475
0.000503533	2.99918
0.000506047	1.77237
0.000508561	1.03111
0.000511075	0.565471
0.000513589	0.313844
0.000516104	0.158438
0.000518618	0.0842295
0.000521132	0.0399295
0.000523646	0.0198068
0.00052616	0.00884397
0.000528674	0.00406782
0.000531188	0.00156285
0.000533703	0.000727858
