0.000500379	4.45959e-189
0.000509598	7.92689e-183
0.000518817	3.17076e-182
0.000528036	4.1719e-176
0.000537255	1.68583e-175
0.000546474	1.64164e-169
0.000555693	6.70266e-169
0.000564912	4.82989e-163
0.000574131	1.9928e-162
0.00058335	1.06244e-156
0.000592569	4.43059e-156
0.000601788	1.74737e-150
0.000611007	7.36618e-150
0.000620226	2.14867e-144
0.000629445	9.1581e-144
0.000638664	1.97543e-138
0.000647883	8.51431e-138
0.000657101	1.35786e-132
0.00066632	5.91937e-132
0.000675539	6.97828e-127
0.000684758	3.07739e-126
0.000693977	2.68127e-121
0.000703196	1.19638e-120
0.000712415	7.70246e-116
0.000721634	3.47808e-115
0.000730853	1.65429e-110
0.000740072	7.56117e-110
0.000749291	2.65636e-105
0.00075851	1.22919e-104
0.000767729	3.18897e-100
0.000776948	1.49426e-99
0.000786167	2.86221e-95
0.000795386	1.35837e-94
0.000804605	1.9206e-90
0.000813823	9.2339e-90
0.000823042	9.63512e-86
0.000832261	4.69389e-85
0.00084148	3.61375e-81
0.000850699	1.78427e-80
0.000859918	1.01331e-76
0.000869137	5.07184e-76
0.000878356	2.12424e-72
0.000887575	1.07808e-71
0.000896794	3.32925e-68
0.000906013	1.71361e-67
0.000915232	3.90098e-64
0.000924451	2.03682e-63
0.00093367	3.41734e-60
0.000942889	1.81039e-59
0.000952108	2.23819e-56
0.000961327	1.20329e-55
0.000970545	1.096e-52
0.000979764	5.98067e-52
0.000988983	4.01279e-49
0.000998202	2.22283e-48
0.00100742	1.09857e-45
0.00101664	6.17797e-45
0.00102586	2.249e-42
0.00103508	1.28401e-41
0.0010443	3.44336e-39
0.00105352	1.9956e-38
0.00106273	3.94343e-36
0.00107195	2.31936e-35
0.00108117	3.3788e-33
0.00109039	2.01584e-32
0.00109961	2.16662e-30
0.00110883	1.31023e-29
0.00111805	1.04021e-27
0.00112727	6.36864e-27
0.00113649	3.74134e-25
0.00114571	2.31511e-24
0.00115492	1.0089e-22
0.00116414	6.29419e-22
0.00117336	2.04192e-20
0.00118258	1.27991e-19
0.0011918	3.10603e-18
0.00120102	1.94683e-17
0.00121024	3.55733e-16
0.00121946	2.21533e-15
0.00122868	3.07445e-14
0.00123789	1.88617e-13
0.00124711	2.01051e-12
0.00125633	1.20186e-11
0.00126555	9.97889e-11
0.00127477	5.7332e-10
0.00128399	3.77154e-09
0.00129321	2.04831e-08
0.00130243	1.0889e-07
0.00131165	5.48414e-07
0.00132087	2.40776e-06
0.00133008	1.10127e-05
0.0013393	4.08413e-05
0.00134852	0.000166052
0.00135774	0.000531619
0.00136696	0.00188307
0.00137618	0.00530563
0.0013854	0.0160984
0.00139462	0.0405321
0.00140384	0.104124
0.00141305	0.236692
0.00142227	0.512553
0.00143149	1.07951
0.00144071	2.00888
0.00144993	3.68217
0.00145915	6.09383
0.00146837	9.75128
0.00147759	14.6457
0.00148681	21.4281
0.00149603	30.0671
0.00150524	41.9341
0.00151446	56.9935
0.00152368	77.3177
0.0015329	102.966
0.00154212	134.905
0.00155134	173.261
0.00156056	217.015
0.00156978	266.07
0.001579	320.687
0.00158821	380.528
0.00159743	450.055
0.00160665	529.288
0.00161587	622.896
0.00162509	731.611
0.00163431	853.38
0.00164353	988.972
0.00165275	1129.3
0.00166197	1274.17
0.00167118	1414.94
0.0016804	1550.37
0.00168962	1679.78
0.00169884	1802
0.00170806	1924.06
0.00171728	2046.03
0.0017265	2175.59
0.00173572	2313.9
0.00174494	2463.24
0.00175416	2625.23
0.00176337	2793.49
0.00177259	2969.67
0.00178181	3136.11
0.00179103	3292.66
0.00180025	3417.6
0.00180947	3512.41
0.00181869	3538.05
0.00182791	3524.27
0.00183713	3490.29
0.00184634	3403.34
0.00185556	3296.95
0.00186478	3180.93
0.001874	3061.84
0.00188322	2943.71
0.00189244	2824.4
0.00190166	2704.49
0.00191088	2581.03
0.0019201	2452.94
0.00192932	2321.13
0.00193853	2185.08
0.00194775	2047.84
0.00195697	1910.05
0.00196619	1773.44
0.00197541	1639.09
0.00198463	1505.67
0.00199385	1373.09
0.00200307	1240.2
0.00201229	1105.68
0.0020215	972.83
0.00203072	841.302
0.00203994	717.579
0.00204916	603.568
0.00205838	503.686
0.0020676	420.886
0.00207682	353.867
0.00208604	304.112
0.00209526	265.884
0.00210448	237.705
0.00211369	214.681
0.00212291	193.854
0.00213213	174.576
0.00214135	155.387
0.00215057	137.59
0.00215979	121.696
0.00216901	107.497
0.00217823	95.3378
0.00218745	84.0133
0.00219666	72.8089
0.00220588	61.6741
0.0022151	50.0948
0.00222432	39.0153
0.00223354	28.8479
0.00224276	20.0732
0.00225198	13.2857
0.0022612	8.15758
0.00227042	4.75978
0.00227964	2.58088
0.00228885	1.26863
0.00229807	0.632533
0.00230729	0.272795
0.00231651	0.118797
0.00232573	0.0424369
0.00233495	0.0169835
