0.000500379	3.92274e-116
0.00050876	4.13343e-112
0.000517141	1.65325e-111
0.000525522	1.38998e-107
0.000533903	5.61613e-107
0.000542284	3.76689e-103
0.000550665	1.53775e-102
0.000559045	8.227e-99
0.000567426	3.39378e-98
0.000575807	1.44806e-94
0.000584188	6.0372e-94
0.000592569	2.05411e-90
0.00060095	8.65654e-90
0.00060933	2.34828e-86
0.000617711	1.00049e-85
0.000626092	2.16359e-82
0.000634473	9.32057e-82
0.000642854	1.60657e-78
0.000651235	6.99905e-78
0.000659615	9.61458e-75
0.000667996	4.2365e-74
0.000676377	4.63741e-71
0.000684758	2.06705e-70
0.000693139	1.80279e-67
0.00070152	8.12971e-67
0.0007099	5.64871e-64
0.000718281	2.57744e-63
0.000726662	1.42661e-60
0.000735043	6.58714e-60
0.000743424	2.9042e-57
0.000751805	1.35709e-56
0.000760186	4.76586e-54
0.000768566	2.25391e-53
0.000776947	6.30486e-51
0.000785328	3.01779e-50
0.000793709	6.72457e-48
0.00080209	3.25746e-47
0.000810471	5.78298e-45
0.000818851	2.8348e-44
0.000827232	4.01044e-42
0.000835613	1.989e-41
0.000843994	2.24312e-39
0.000852375	1.12521e-38
0.000860756	1.01209e-36
0.000869136	5.13269e-36
0.000877517	3.68462e-34
0.000885898	1.88796e-33
0.000894279	1.08269e-31
0.00090266	5.6002e-31
0.000911041	2.5687e-29
0.000919421	1.33972e-28
0.000927802	4.92283e-27
0.000936183	2.585e-26
0.000944564	7.62517e-25
0.000952945	4.02335e-24
0.000961326	9.55229e-23
0.000969707	5.05183e-22
0.000978087	9.68586e-21
0.000986468	5.11803e-20
0.000994849	7.95713e-19
0.00100323	4.18426e-18
0.00101161	5.30207e-17
0.00101999	2.76107e-16
0.00102837	2.86917e-15
0.00103675	1.47087e-14
0.00104513	1.2627e-13
0.00105351	6.3273e-13
0.0010619	4.52621e-12
0.00107028	2.19857e-11
0.00107866	1.32351e-10
0.00108704	6.17296e-10
0.00109542	3.1617e-09
0.0011038	1.40106e-08
0.00111218	6.17861e-08
0.00112056	2.57182e-07
0.00112894	9.88753e-07
0.00113732	3.82032e-06
0.0011457	1.29658e-05
0.00115409	4.59552e-05
0.00116247	0.000139354
0.00117085	0.000448032
0.00117923	0.00122735
0.00118761	0.00354382
0.00119599	0.00885318
0.00120437	0.0227716
0.00121275	0.0522648
0.00122113	0.119082
0.00122951	0.252381
0.00123789	0.508072
0.00124627	1.01902
0.00125466	1.82945
0.00126304	3.28135
0.00127142	5.38041
0.0012798	8.62084
0.00128818	12.9981
0.00129656	18.9388
0.00130494	26.4374
0.00131332	35.7748
0.0013217	46.9512
0.00133008	60.4457
0.00133846	76.2551
0.00134684	95.376
0.00135523	117.802
0.00136361	144.46
0.00137199	175.363
0.00138037	210.353
0.00138875	249.452
0.00139713	291.759
0.00140551	337.247
0.00141389	385.901
0.00142227	437.667
0.00143065	493.686
0.00143903	553.996
0.00144741	618.988
0.0014558	688.778
0.00146418	761.947
0.00147256	838.506
0.00148094	916.897
0.00148932	996.982
0.0014977	1078.82
0.00150608	1162.34
0.00151446	1248.38
0.00152284	1337.03
0.00153122	1428.26
0.0015396	1522.12
0.00154798	1617.94
0.00155637	1715.61
0.00156475	1815.33
0.00157313	1916.97
0.00158151	2021.83
0.00158989	2130.05
0.00159827	2242.05
0.00160665	2358.31
0.00161503	2476.01
0.00162341	2595.54
0.00163179	2710.85
0.00164017	2821.67
0.00164855	2921.91
0.00165694	3010.61
0.00166532	3085.39
0.0016737	3145.27
0.00168208	3192.09
0.00169046	3225.68
0.00169884	3248.81
0.00170722	3262.41
0.0017156	3265.14
0.00172398	3258.12
0.00173236	3241.71
0.00174074	3209.16
0.00174912	3156.55
0.00175751	3084.23
0.00176589	2988.54
0.00177427	2867.52
0.00178265	2725.18
0.00179103	2560.54
0.00179941	2383.05
0.00180779	2193.67
0.00181617	2002.82
0.00182455	1812.72
0.00183293	1631.74
0.00184131	1462.48
0.00184969	1309.88
0.00185808	1176.59
0.00186646	1062.13
0.00187484	968.331
0.00188322	888.854
0.0018916	823.188
0.00189998	763.227
0.00190836	706.061
0.00191674	647.47
0.00192512	584.336
0.0019335	518.168
0.00194188	447.889
0.00195026	377.952
0.00195865	309.57
0.00196703	246.355
0.00197541	190.376
0.00198379	142.636
0.00199217	104.565
0.00200055	74.9688
0.00200893	54.0663
0.00201731	39.7193
0.00202569	30.8881
0.00203407	26.5457
0.00204245	24.6025
0.00205083	23.5468
0.00205922	22.9514
0.0020676	22.1897
0.00207598	20.5842
0.00208436	18.4365
0.00209274	15.6513
0.00210112	12.6636
0.0021095	9.73988
0.00211788	7.06678
0.00212626	4.9055
0.00213464	3.19004
0.00214302	1.98756
0.0021514	1.16397
0.00215979	0.6026
0.00216817	0.343411
