3.33898e-05	416.597
3.48982e-05	423.692
3.64066e-05	432.487
3.7915e-05	442.715
3.94234e-05	455.154
4.09318e-05	470.337
4.24402e-05	488.856
4.39487e-05	511.361
4.54571e-05	538.447
4.69655e-05	570.861
4.84739e-05	609.155
4.99823e-05	654.132
5.14907e-05	706.258
5.29991e-05	766.333
5.45076e-05	834.691
5.6016e-05	912.053
5.75244e-05	998.577
5.90328e-05	1094.81
6.05412e-05	1200.7
6.20496e-05	1316.51
6.3558e-05	1441.95
6.50665e-05	1576.91
6.65749e-05	1720.86
6.80833e-05	1873.21
6.95917e-05	2033.27
7.11001e-05	2199.92
7.26085e-05	2372.35
7.41169e-05	2548.97
7.56253e-05	2728.98
7.71338e-05	2910.42
7.86422e-05	3092.59
8.01506e-05	3273.4
8.1659e-05	3452.37
8.31674e-05	3627.54
8.46758e-05	3798.72
8.61842e-05	3964.45
8.76927e-05	4124.82
8.92011e-05	4279.13
9.07095e-05	4427.75
9.22179e-05	4570.91
9.37263e-05	4709.16
9.52347e-05	4843.68
9.67431e-05	4975.03
9.82516e-05	5105.17
9.976e-05	5234.58
0.000101268	5365.58
0.000102777	5498.52
0.000104285	5635.66
0.000105794	5777.11
0.000107302	5924.7
0.00010881	6078.33
0.000110319	6239.04
0.000111827	6406.6
0.000113336	6581.09
0.000114844	6762.18
0.000116353	6948.98
0.000117861	7141.06
0.000119369	7336.55
0.000120878	7534.97
0.000122386	7733.5
0.000123895	7931.61
0.000125403	8125.54
0.000126911	8314.81
0.00012842	8494.87
0.000129928	8665.34
0.000131437	8821.31
0.000132945	8962.57
0.000134453	9084.52
0.000135962	9187.19
0.00013747	9268.59
0.000138979	9327.07
0.000140487	9354.21
0.000141996	9365.95
0.000143504	9358.95
0.000145012	9322.7
0.000146521	9269.42
0.000148029	9198.32
0.000149538	9113.84
0.000151046	9016.12
0.000152554	8910.49
0.000154063	8796.92
0.000155571	8679.94
0.00015708	8559.41
0.000158588	8438.26
0.000160097	8316.32
0.000161605	8194.65
0.000163113	8073.12
0.000164622	7951.27
0.00016613	7829.02
0.000167639	7705.03
0.000169147	7579.27
0.000170655	7450.23
0.000172164	7317.93
0.000173672	7181.18
0.000175181	7040.01
0.000176689	6893.81
0.000178197	6742.62
0.000179706	6586.38
0.000181214	6425.11
0.000182723	6259.2
0.000184231	6088.67
0.00018574	5914.22
0.000187248	5735.86
0.000188756	5554.57
0.000190265	5370.33
0.000191773	5184.41
0.000193282	4996.77
0.00019479	4808.9
0.000196298	4620.79
0.000197807	4434.04
0.000199315	4248.65
0.000200824	4066.16
0.000202332	3886.58
0.000203841	3711.18
0.000205349	3540.01
0.000206857	3373.89
0.000208366	3212.87
0.000209874	3057.34
0.000211383	2907.32
0.000212891	2762.85
0.000214399	2623.93
0.000215908	2490.39
0.000217416	2362.21
0.000218925	2239.19
0.000220433	2121.3
0.000221941	2008.4
0.00022345	1900.46
0.000224958	1797.42
0.000226467	1699.27
0.000227975	1605.96
0.000229484	1517.51
0.000230992	1433.83
0.0002325	1354.93
0.000234009	1280.6
0.000235517	1210.85
0.000237026	1145.35
0.000238534	1084.07
0.000240042	1026.55
0.000241551	972.76
0.000243059	922.127
0.000244568	874.613
0.000246076	829.633
0.000247585	787.128
0.000249093	746.588
0.000250601	707.938
0.00025211	670.816
0.000253618	635.144
0.000255127	600.748
0.000256635	567.564
0.000258143	535.595
0.000259652	504.805
0.00026116	475.312
0.000262669	447.118
0.000264177	420.37
0.000265685	395.097
0.000267194	371.389
0.000268702	349.289
0.000270211	328.774
0.000271719	309.874
0.000273228	292.445
0.000274736	276.49
0.000276244	261.768
0.000277753	248.246
0.000279261	235.643
0.00028077	223.894
0.000282278	212.73
0.000283786	202.067
0.000285295	191.696
0.000286803	181.531
0.000288312	171.445
0.00028982	161.368
0.000291329	151.266
0.000292837	141.093
0.000294345	130.898
0.000295854	120.667
0.000297362	110.506
0.000298871	100.435
0.000300379	90.5842
0.000301887	81.0007
0.000303396	71.805
0.000304904	63.0594
0.000306413	54.849
0.000307921	47.2347
0.000309429	40.2533
0.000310938	33.9493
0.000312446	28.3117
0.000313955	23.359
0.000315463	19.0438
0.000316972	15.3566
0.00031848	12.2298
0.000319988	9.63046
0.000321497	7.48756
0.000323005	5.75348
0.000324514	4.36533
0.000326022	3.27084
0.00032753	2.42124
0.000329039	1.76777
0.000330547	1.27665
0.000332056	0.894467
0.000333564	0.639518
