3.33898e-05	267.36
3.48982e-05	291.302
3.64066e-05	317.04
3.7915e-05	344.389
3.94234e-05	373.889
4.09318e-05	405.918
4.24402e-05	440.865
4.39487e-05	479.182
4.54571e-05	521.232
4.69655e-05	567.477
4.84739e-05	618.293
4.99823e-05	674.169
5.14907e-05	735.524
5.29991e-05	802.937
5.45076e-05	876.833
5.6016e-05	957.907
5.75244e-05	1046.46
5.90328e-05	1143.22
6.05412e-05	1248.2
6.20496e-05	1361.89
6.3558e-05	1483.96
6.50665e-05	1614.35
6.65749e-05	1752.4
6.80833e-05	1897.32
6.95917e-05	2048.24
7.11001e-05	2203.7
7.26085e-05	2362.84
7.41169e-05	2523.74
7.56253e-05	2685.78
7.71338e-05	2846.98
7.86422e-05	3007.02
8.01506e-05	3164.28
8.1659e-05	3318.71
8.31674e-05	3469.3
8.46758e-05	3616.21
8.61842e-05	3759.11
8.76927e-05	3898.33
8.92011e-05	4034.19
9.07095e-05	4167.12
9.22179e-05	4298.06
9.37263e-05	4427.51
9.52347e-05	4556.98
9.67431e-05	4687
9.82516e-05	4819.57
9.976e-05	4955.17
0.000101268	5096.08
0.000102777	5242.57
0.000104285	5396.79
0.000105794	5558.67
0.000107302	5729.57
0.00010881	5909.05
0.000110319	6096.98
0.000111827	6292.57
0.000113336	6493.75
0.000114844	6699.6
0.000116353	6906.12
0.000117861	7112.5
0.000119369	7313.45
0.000120878	7508.47
0.000122386	7692.08
0.000123895	7864.15
0.000125403	8020.2
0.000126911	8160.43
0.00012842	8282.24
0.000129928	8386.02
0.000131437	8471.37
0.000132945	8538.74
0.000134453	8589.98
0.000135962	8625.08
0.00013747	8646.28
0.000138979	8655.98
0.000140487	8654.89
0.000141996	8646.02
0.000143504	8630.99
0.000145012	8610.01
0.000146521	8585.64
0.000148029	8557.73
0.000149538	8527.35
0.000151046	8494.33
0.000152554	8458.21
0.000154063	8418.84
0.000155571	8374.54
0.00015708	8325.24
0.000158588	8268.71
0.000160097	8204.98
0.000161605	8132.18
0.000163113	8050.4
0.000164622	7958.93
0.00016613	7857.87
0.000167639	7748.04
0.000169147	7629.52
0.000170655	7504.47
0.000172164	7372.89
0.000173672	7237.56
0.000175181	7098.46
0.000176689	6958.02
0.000178197	6816.21
0.000179706	6674.42
0.000181214	6532.61
0.000182723	6390.86
0.000184231	6249.15
0.00018574	6106.54
0.000187248	5963.02
0.000188756	5817.26
0.000190265	5669.26
0.000191773	5518.03
0.000193282	5363.55
0.00019479	5205.63
0.000196298	5044.25
0.000197807	4880.14
0.000199315	4713.27
0.000200824	4545.1
0.000202332	4375.6
0.000203841	4206.56
0.000205349	4037.97
0.000206857	3871.55
0.000208366	3707.33
0.000209874	3546.66
0.000211383	3389.6
0.000212891	3237.01
0.000214399	3088.95
0.000215908	2945.8
0.000217416	2807.62
0.000218925	2674.34
0.000220433	2545.99
0.000221941	2422.17
0.00022345	2302.9
0.000224958	2187.59
0.000226467	2076.21
0.000227975	1968.19
0.000229484	1863.49
0.000230992	1761.78
0.0002325	1662.99
0.000234009	1567.21
0.000235517	1474.38
0.000237026	1384.99
0.000238534	1299.03
0.000240042	1217.2
0.000241551	1139.57
0.000243059	1066.76
0.000244568	998.882
0.000246076	936.192
0.000247585	878.817
0.000249093	826.487
0.000250601	779.289
0.00025211	736.452
0.000253618	697.977
0.000255127	662.78
0.000256635	630.764
0.000258143	600.785
0.000259652	572.666
0.00026116	545.452
0.000262669	518.928
0.000264177	492.492
0.000265685	465.942
0.000267194	439.091
0.000268702	411.796
0.000270211	384.238
0.000271719	356.364
0.000273228	328.604
0.000274736	300.998
0.000276244	274.074
0.000277753	247.945
0.000279261	223.094
0.00028077	199.67
0.000282278	178.014
0.000283786	158.274
0.000285295	140.6
0.000286803	125.105
0.000288312	111.745
0.00028982	100.576
0.000291329	91.3823
0.000292837	84.154
0.000294345	78.5417
0.000295854	74.466
0.000297362	71.506
0.000298871	69.517
0.000300379	68.0849
0.000301887	67.0192
0.000303396	65.9939
0.000304904	64.8092
0.000306413	63.2871
0.000307921	61.2644
0.000309429	58.727
0.000310938	55.5879
0.000312446	51.9633
0.000313955	47.8583
0.000315463	43.4531
0.000316972	38.8301
0.00031848	34.1624
0.000319988	29.5717
0.000321497	25.1751
0.000323005	21.0892
0.000324514	17.3591
0.000326022	14.0635
0.00032753	11.1884
0.000329039	8.76154
0.000330547	6.73626
0.000332056	5.07365
0.000333564	3.78706
