0.000100103	1.45452e-17
0.000103622	1.36805e-16
0.000107142	5.03583e-16
0.000110662	4.18904e-15
0.000114182	1.48748e-14
0.000117702	1.07018e-13
0.000121222	3.7486e-13
0.000124742	2.34168e-12
0.000128261	8.06012e-12
0.000131781	4.39101e-11
0.000135301	1.47873e-10
0.000138821	7.06016e-10
0.000142341	2.31492e-09
0.000145861	9.7392e-09
0.000149381	3.09253e-08
0.0001529	1.15325e-07
0.00015642	3.52581e-07
0.00015994	1.17282e-06
0.00016346	3.43098e-06
0.00016698	1.02475e-05
0.0001705	2.85001e-05
0.00017402	7.69508e-05
0.000177539	0.000202121
0.000181059	0.000496686
0.000184579	0.00122403
0.000188099	0.00275562
0.000191619	0.00633124
0.000195139	0.0131384
0.000198659	0.0279776
0.000202178	0.0538142
0.000205698	0.105656
0.000209218	0.195484
0.000212738	0.345222
0.000216258	0.592304
0.000219778	0.962478
0.000223298	1.52338
0.000226817	2.28925
0.000230337	3.33749
0.000233857	4.64718
0.000237377	6.24208
0.000240897	8.05853
0.000244417	9.9901
0.000247937	11.9639
0.000251456	13.7415
0.000254976	15.3065
0.000258496	16.4325
0.000262016	17.2075
0.000265536	17.6551
0.000269056	17.9494
0.000272576	18.5639
0.000276095	19.6054
0.000279615	21.7815
0.000283135	25.4621
0.000286655	31.27
0.000290175	39.2246
0.000293695	49.8605
0.000297214	63.0599
0.000300734	78.8219
0.000304254	97.0203
0.000307774	117.202
0.000311294	139.314
0.000314814	162.797
0.000318334	187.703
0.000321853	213.778
0.000325373	241.156
0.000328893	270.173
0.000332413	300.985
0.000335933	334.552
0.000339453	370.964
0.000342973	411.465
0.000346492	456.004
0.000350012	505.377
0.000353532	559.405
0.000357052	617.736
0.000360572	680.209
0.000364092	745.449
0.000367612	813.464
0.000371131	883.041
0.000374651	954.362
0.000378171	1027.71
0.000381691	1103.28
0.000385211	1183.07
0.000388731	1267.16
0.000392251	1358.1
0.00039577	1455.8
0.00039929	1561.78
0.00040281	1675.9
0.00040633	1797.82
0.00040985	1927.45
0.00041337	2063.03
0.00041689	2204.56
0.000420409	2350.19
0.000423929	2500
0.000427449	2653.3
0.000430969	2810.16
0.000434489	2971.15
0.000438009	3136.29
0.000441529	3305.94
0.000445048	3480.09
0.000448568	3657
0.000452088	3836.69
0.000455608	4014.78
0.000459128	4191.33
0.000462648	4360.84
0.000466168	4523.35
0.000469687	4674.48
0.000473207	4814.21
0.000476727	4940.32
0.000480247	5052.77
0.000483767	5150.97
0.000487287	5234.9
0.000490807	5304.59
0.000494326	5360.03
0.000497846	5402.34
0.000501366	5432.42
0.000504886	5438.12
0.000508406	5437.11
0.000511926	5432.08
0.000515446	5403.86
0.000518965	5362.92
0.000522485	5310.58
0.000526005	5246.26
0.000529525	5169.74
0.000533045	5084
0.000536565	4988.82
0.000540085	4889.71
0.000543604	4786.76
0.000547124	4685.74
0.000550644	4587.29
0.000554164	4493.38
0.000557684	4404.89
0.000561204	4317.95
0.000564724	4232.99
0.000568243	4142.62
0.000571763	4046.37
0.000575283	3938.27
0.000578803	3817.21
0.000582323	3682.16
0.000585843	3532.12
0.000589362	3371.04
0.000592882	3198.6
0.000596402	3021.45
0.000599922	2840.08
0.000603442	2660.93
0.000606962	2485.07
0.000610482	2316.42
0.000614001	2156.15
0.000617521	2004.68
0.000621041	1862.73
0.000624561	1728.13
0.000628081	1600.81
0.000631601	1478.36
0.000635121	1360.14
0.00063864	1245.49
0.00064216	1133.78
0.00064568	1026.46
0.0006492	923.451
0.00065272	827.019
0.00065624	737.69
0.00065976	656.885
0.000663279	585.343
0.000666799	522.721
0.000670319	469.443
0.000673839	423.707
0.000677359	385.341
0.000680879	352.155
0.000684399	323.52
0.000687918	297.816
0.000691438	274.342
0.000694958	252.304
0.000698478	231.22
0.000701998	210.845
0.000705518	190.939
0.000709038	171.52
0.000712557	152.483
0.000716077	134.054
0.000719597	116.222
0.000723117	99.3998
0.000726637	83.717
0.000730157	69.5795
0.000733677	57.2398
0.000737196	46.8133
0.000740716	38.5259
0.000744236	32.0813
0.000747756	27.4985
0.000751276	24.2329
0.000754796	22.0468
0.000758316	20.4608
0.000761835	19.1125
0.000765355	17.8052
0.000768875	16.2594
0.000772395	14.5478
0.000775915	12.5933
0.000779435	10.5657
0.000782955	8.55132
0.000786474	6.65827
0.000789994	5.0087
0.000793514	3.60643
0.000797034	2.50015
0.000800554	1.67318
