0.000500379	1.37193e-35
0.000507084	4.84723e-34
0.000513789	1.89774e-33
0.000520493	5.77414e-32
0.000527198	2.25549e-31
0.000533903	5.87347e-30
0.000540607	2.30328e-29
0.000547312	5.13872e-28
0.000554017	2.02097e-27
0.000560721	3.86777e-26
0.000567426	1.52365e-25
0.000574131	2.50507e-24
0.000580835	9.87018e-24
0.00058754	1.39655e-22
0.000594244	5.494e-22
0.000600949	6.70363e-21
0.000607654	2.62774e-20
0.000614358	2.77166e-19
0.000621063	1.07999e-18
0.000627768	9.87465e-18
0.000634472	3.81424e-17
0.000641177	3.03284e-16
0.000647882	1.15762e-15
0.000654586	8.03402e-15
0.000661291	3.01934e-14
0.000667995	1.8365e-13
0.0006747	6.76811e-13
0.000681405	3.62455e-12
0.000688109	1.30395e-11
0.000694814	6.17941e-11
0.000701519	2.15935e-10
0.000708223	9.10522e-10
0.000714928	3.07393e-09
0.000721633	1.16007e-08
0.000728337	3.76202e-08
0.000735042	1.27849e-07
0.000741746	3.95878e-07
0.000748451	1.21917e-06
0.000755156	3.58244e-06
0.00076186	1.00615e-05
0.000768565	2.78839e-05
0.00077527	7.18647e-05
0.000781974	0.000186713
0.000788679	0.000444203
0.000795384	0.00107585
0.000802088	0.00237549
0.000808793	0.00533578
0.000815497	0.0109865
0.000822202	0.0227854
0.000828907	0.0440682
0.000835611	0.0839664
0.000842316	0.156121
0.000849021	0.270913
0.000855725	0.464762
0.00086243	0.74927
0.000869135	1.18547
0.000875839	1.77876
0.000882544	2.59629
0.000889249	3.62666
0.000895953	4.88981
0.000902658	6.35486
0.000909362	7.93034
0.000916067	9.58073
0.000922772	11.0944
0.000929476	12.4578
0.000936181	13.4801
0.000942886	14.125
0.00094959	14.1491
0.000956295	13.9985
0.000963	13.6203
0.000969704	12.9912
0.000976409	12.615
0.000983113	12.4325
0.000989818	12.612
0.000996523	13.588
0.00100323	15.2096
0.00100993	17.4875
0.00101664	20.3522
0.00102334	23.8028
0.00103005	27.722
0.00103675	32.1567
0.00104346	37.3577
0.00105016	43.3993
0.00105686	51.1947
0.00106357	60.7962
0.00107027	73.6384
0.00107698	89.7134
0.00108368	110.343
0.00109039	135.464
0.00109709	165.525
0.0011038	200.455
0.0011105	239.486
0.00111721	282.581
0.00112391	328.122
0.00113062	376.119
0.00113732	425.016
0.00114402	474.847
0.00115073	525.11
0.00115743	575.826
0.00116414	628.039
0.00117084	681.743
0.00117755	739.099
0.00118425	800.091
0.00119096	866.709
0.00119766	938.969
0.00120437	1017.3
0.00121107	1101.76
0.00121778	1190.68
0.00122448	1284.12
0.00123119	1378.98
0.00123789	1475.28
0.00124459	1569.68
0.0012513	1662.14
0.001258	1749.88
0.00126471	1832.84
0.00127141	1908.77
0.00127812	1977.64
0.00128482	2037.4
0.00129153	2087.99
0.00129823	2128.21
0.00130494	2158.51
0.00131164	2172.84
0.00131835	2178.89
0.00132505	2178.46
0.00133175	2164.22
0.00133846	2142.19
0.00134516	2113.11
0.00135187	2078.59
0.00135857	2038.77
0.00136528	1995.29
0.00137198	1948.24
0.00137869	1899.27
0.00138539	1848.45
0.0013921	1797.56
0.0013988	1746.83
0.00140551	1697.12
0.00141221	1648.78
0.00141891	1600.88
0.00142562	1553.57
0.00143232	1504.89
0.00143903	1454.59
0.00144573	1401.69
0.00145244	1345.75
0.00145914	1287.83
0.00146585	1227.78
0.00147255	1167.56
0.00147926	1107.52
0.00148596	1048.67
0.00149267	991.447
0.00149937	935.296
0.00150608	880.317
0.00151278	825.449
0.00151948	770.394
0.00152619	715.009
0.00153289	658.96
0.0015396	603.356
0.0015463	548.188
0.00155301	495.065
0.00155971	444.32
0.00156642	397.157
0.00157312	354.021
0.00157983	315.318
0.00158653	281.384
0.00159324	251.869
0.00159994	226.909
0.00160664	205.591
0.00161335	187.815
0.00162005	172.411
0.00162676	159.047
0.00163346	146.755
0.00164017	135.081
0.00164687	123.635
0.00165358	112.064
0.00166028	100.563
0.00166699	89.0413
0.00167369	77.9325
0.0016804	67.3769
0.0016871	57.6849
0.00169381	49.0568
0.00170051	41.5579
0.00170721	35.3114
0.00171392	30.2023
0.00172062	26.2499
0.00172733	23.2395
0.00173403	21.1092
0.00174074	19.5923
0.00174744	18.5564
0.00175415	17.7553
0.00176085	17.0082
0.00176756	16.1877
0.00177426	15.1331
0.00178097	13.8765
0.00178767	12.3565
0.00179437	10.7002
0.00180108	8.96058
0.00180778	7.25026
0.00181449	5.67422
0.00182119	4.26872
0.0018279	3.1103
0.0018346	2.17273
