0.000100103	2.00117e-19
0.000103622	1.40258e-18
0.000107142	5.00998e-18
0.000110662	3.26831e-17
0.000114182	1.11707e-16
0.000117702	6.57164e-16
0.000121222	2.2183e-15
0.000124742	1.17993e-14
0.000128261	3.92348e-14
0.000131781	1.89227e-13
0.000135301	6.18084e-13
0.000138821	2.71126e-12
0.000142341	8.67291e-12
0.000145861	3.47161e-11
0.000149381	1.08404e-10
0.0001529	3.97345e-10
0.00015642	1.20701e-09
0.00015994	4.06616e-09
0.00016346	1.19728e-08
0.00016698	3.72107e-08
0.0001705	1.05811e-07
0.00017402	3.04577e-07
0.000177539	8.33228e-07
0.000181059	2.23013e-06
0.000184579	5.84723e-06
0.000188099	1.46089e-05
0.000191619	3.6573e-05
0.000195139	8.56233e-05
0.000198659	0.000203931
0.000202178	0.000449029
0.000205698	0.00101399
0.000209218	0.0021071
0.000212738	0.00449748
0.000216258	0.00884823
0.000219778	0.017803
0.000223298	0.0332541
0.000226817	0.0629351
0.000230337	0.114411
0.000233857	0.200876
0.000237377	0.346129
0.000240897	0.572838
0.000244417	0.933741
0.000247937	1.46201
0.000251456	2.25398
0.000254976	3.34803
0.000258496	4.88768
0.000262016	6.90495
0.000265536	9.56923
0.000269056	12.8944
0.000272576	17.029
0.000276095	21.9666
0.000279615	27.789
0.000283135	34.4803
0.000286655	42.0473
0.000290175	50.4806
0.000293695	59.752
0.000297214	69.8632
0.000300734	80.8001
0.000304254	92.5675
0.000307774	105.172
0.000311294	118.619
0.000314814	132.914
0.000318334	148.08
0.000321853	164.169
0.000325373	181.257
0.000328893	199.636
0.000332413	219.454
0.000335933	241.54
0.000339453	266.089
0.000342973	294.659
0.000346492	327.424
0.000350012	366.537
0.000353532	412.075
0.000357052	466.259
0.000360572	529.028
0.000364092	601.921
0.000367612	684.764
0.000371131	777.766
0.000374651	880.711
0.000378171	992.226
0.000381691	1112.13
0.000385211	1237.75
0.000388731	1368.98
0.000392251	1502.53
0.00039577	1638.42
0.00039929	1773.69
0.00040281	1908.43
0.00040633	2040.91
0.00040985	2171.24
0.00041337	2299.41
0.00041689	2425.5
0.000420409	2550.89
0.000423929	2675.58
0.000427449	2801.1
0.000430969	2927.4
0.000434489	3054.65
0.000438009	3182.8
0.000441529	3310.14
0.000445048	3436.66
0.000448568	3560.06
0.000452088	3680.34
0.000455608	3796.91
0.000459128	3909.72
0.000462648	4021.17
0.000466168	4131.2
0.000469687	4244.12
0.000473207	4359.93
0.000476727	4482.06
0.000480247	4610.62
0.000483767	4745.59
0.000487287	4887.2
0.000490807	5031.18
0.000494326	5177.75
0.000497846	5319.36
0.000501366	5456.11
0.000504886	5579.03
0.000508406	5688.02
0.000511926	5776.43
0.000515446	5846.11
0.000518965	5867.67
0.000522485	5872.69
0.000526005	5867.53
0.000529525	5811.94
0.000533045	5728.72
0.000536565	5621.06
0.000540085	5491.6
0.000543604	5340.31
0.000547124	5174.31
0.000550644	4993.83
0.000554164	4805.8
0.000557684	4610.56
0.000561204	4414.31
0.000564724	4217.48
0.000568243	4025.06
0.000571763	3837.66
0.000575283	3658.17
0.000578803	3487.3
0.000582323	3324.96
0.000585843	3171.7
0.000589362	3024.67
0.000592882	2883.94
0.000596402	2745.67
0.000599922	2609.34
0.000603442	2472.56
0.000606962	2334.55
0.000610482	2195.74
0.000614001	2055.62
0.000617521	1916.98
0.000621041	1779.91
0.000624561	1647.71
0.000628081	1521
0.000631601	1401.74
0.000635121	1290.67
0.00063864	1187.76
0.00064216	1093.42
0.00064568	1006.24
0.0006492	926.137
0.00065272	851.495
0.00065624	781.903
0.00065976	716.379
0.000663279	654.5
0.000666799	596.087
0.000670319	540.926
0.000673839	489.271
0.000677359	441.147
0.000680879	396.74
0.000684399	356.186
0.000687918	319.301
0.000691438	286.165
0.000694958	256.233
0.000698478	229.425
0.000701998	205.069
0.000705518	182.933
0.000709038	162.499
0.000712557	143.485
0.000716077	125.69
0.000719597	108.908
0.000723117	93.2199
0.000726637	78.5715
0.000730157	65.1438
0.000733677	53.0094
0.000737196	42.263
0.000740716	33.0065
0.000744236	25.1661
0.000747756	18.7782
0.000751276	13.6405
0.000754796	9.68948
0.000758316	6.69057
0.000761835	4.50982
0.000765355	2.95777
0.000768875	1.88551
0.000772395	1.17528
0.000775915	0.705789
0.000779435	0.418986
0.000782955	0.235869
0.000786474	0.13385
0.000789994	0.0695052
0.000793514	0.0383165
0.000797034	0.0169324
0.000800554	0.00980437
