3.33898e-05	403.749
3.48982e-05	423.393
3.64066e-05	446.413
3.7915e-05	473.002
3.94234e-05	502.598
4.09318e-05	534.756
4.24402e-05	569.222
4.39487e-05	605.561
4.54571e-05	643.735
4.69655e-05	683.476
4.84739e-05	724.953
4.99823e-05	768.158
5.14907e-05	813.406
5.29991e-05	860.962
5.45076e-05	911.195
5.6016e-05	964.579
5.75244e-05	1021.46
5.90328e-05	1082.43
6.05412e-05	1147.76
6.20496e-05	1218.04
6.3558e-05	1293.5
6.50665e-05	1374.66
6.65749e-05	1461.71
6.80833e-05	1555.1
6.95917e-05	1654.97
7.11001e-05	1761.72
7.26085e-05	1875.46
7.41169e-05	1996.52
7.56253e-05	2124.94
7.71338e-05	2260.95
7.86422e-05	2404.48
8.01506e-05	2555.6
8.1659e-05	2714.13
8.31674e-05	2879.84
8.46758e-05	3052.44
8.61842e-05	3231.36
8.76927e-05	3416.23
8.92011e-05	3606.08
9.07095e-05	3800.49
9.22179e-05	3998.15
9.37263e-05	4198.65
9.52347e-05	4400.41
9.67431e-05	4603.07
9.82516e-05	4804.92
9.976e-05	5005.7
0.000101268	5203.76
0.000102777	5398.96
0.000104285	5589.95
0.000105794	5776.74
0.000107302	5958.47
0.00010881	6135.28
0.000110319	6306.98
0.000111827	6473.8
0.000113336	6636.23
0.000114844	6794.52
0.000116353	6949.68
0.000117861	7101.87
0.000119369	7252.26
0.000120878	7400.85
0.000122386	7548.48
0.000123895	7694.96
0.000125403	7840.31
0.000126911	7984.19
0.00012842	8125.45
0.000129928	8263.71
0.000131437	8396.6
0.000132945	8523.77
0.000134453	8641.96
0.000135962	8750.93
0.00013747	8847.05
0.000138979	8930.25
0.000140487	8997.49
0.000141996	9048.54
0.000143504	9079.73
0.000145012	9094.07
0.000146521	9090.61
0.000148029	9066.3
0.000149538	9024.38
0.000151046	8964.77
0.000152554	8889.64
0.000154063	8799.17
0.000155571	8696.76
0.00015708	8582.5
0.000158588	8460.29
0.000160097	8330.14
0.000161605	8195.77
0.000163113	8057.13
0.000164622	7917.18
0.00016613	7775.85
0.000167639	7635
0.000169147	7494.58
0.000170655	7355.32
0.000172164	7217.19
0.000173672	7080.08
0.000175181	6943.97
0.000176689	6808.35
0.000178197	6673.21
0.000179706	6538.01
0.000181214	6402.77
0.000182723	6267.2
0.000184231	6131.29
0.00018574	5995.02
0.000187248	5858.4
0.000188756	5721.5
0.000190265	5584.31
0.000191773	5446.82
0.000193282	5309.03
0.00019479	5170.7
0.000196298	5031.83
0.000197807	4892.04
0.000199315	4751.33
0.000200824	4609.38
0.000202332	4466.17
0.000203841	4321.75
0.000205349	4176.07
0.000206857	4029.68
0.000208366	3882.54
0.000209874	3735.65
0.000211383	3589
0.000212891	3443.79
0.000214399	3300.06
0.000215908	3158.89
0.000217416	3020.33
0.000218925	2885.06
0.000220433	2753.17
0.000221941	2624.83
0.00022345	2500.1
0.000224958	2378.82
0.000226467	2260.98
0.000227975	2146.33
0.000229484	2034.83
0.000230992	1926.37
0.0002325	1820.89
0.000234009	1718.6
0.000235517	1619.46
0.000237026	1523.93
0.000238534	1432
0.000240042	1344.24
0.000241551	1260.7
0.000243059	1181.77
0.000244568	1107.55
0.000246076	1038.09
0.000247585	973.492
0.000249093	913.405
0.000250601	857.881
0.00025211	806.25
0.000253618	758.491
0.000255127	713.766
0.000256635	671.985
0.000258143	632.334
0.000259652	594.672
0.00026116	558.368
0.000262669	523.27
0.000264177	489.017
0.000265685	455.477
0.000267194	422.57
0.000268702	390.212
0.000270211	358.541
0.000271719	327.534
0.000273228	297.45
0.000274736	268.322
0.000276244	240.432
0.000277753	213.85
0.000279261	188.802
0.00028077	165.37
0.000282278	143.678
0.000283786	123.796
0.000285295	105.734
0.000286803	89.5332
0.000288312	75.1014
0.00028982	62.4438
0.000291329	51.3956
0.000292837	41.925
0.000294345	33.8316
0.000295854	27.0537
0.000297362	21.3873
0.000298871	16.7522
0.000300379	12.9653
0.000301887	9.93973
0.000303396	7.52659
0.000304904	5.6433
0.000306413	4.17879
0.000307921	3.06192
0.000309429	2.21633
0.000310938	1.5858
0.000312446	1.12176
0.000313955	0.783121
0.000315463	0.541301
0.000316972	0.368399
0.00031848	0.248831
0.000319988	0.164945
0.000321497	0.108891
0.000323005	0.0702344
0.000324514	0.0453355
0.000326022	0.0284216
0.00032753	0.0179483
0.000329039	0.0109234
0.000330547	0.00675393
0.000332056	0.0037216
0.000333564	0.00241487
