3.33898e-05	0.505585
3.52334e-05	0.77454
3.70771e-05	1.25256
3.89207e-05	1.90199
4.07644e-05	2.83277
4.2608e-05	4.11816
4.44517e-05	5.84795
4.62953e-05	8.12926
4.8139e-05	11.0207
4.99827e-05	14.6388
5.18263e-05	18.964
5.367e-05	24.0642
5.55136e-05	29.8117
5.73573e-05	36.1493
5.92009e-05	42.8593
6.10446e-05	49.7102
6.28882e-05	56.4762
6.47319e-05	62.7848
6.65755e-05	68.5237
6.84192e-05	73.3247
7.02628e-05	77.2934
7.21065e-05	80.2867
7.39502e-05	82.6626
7.57938e-05	84.7077
7.76375e-05	86.981
7.94811e-05	90.2941
8.13248e-05	95.2927
8.31684e-05	103.257
8.50121e-05	114.779
8.68557e-05	131.409
8.86994e-05	153.547
9.0543e-05	182.7
9.23867e-05	218.959
9.42303e-05	263.4
9.6074e-05	315.764
9.79177e-05	376.307
9.97613e-05	444.512
0.000101605	519.628
0.000103449	601.109
0.000105292	687.418
0.000107136	778.254
0.00010898	871.971
0.000110823	968.679
0.000112667	1067.49
0.000114511	1168.85
0.000116354	1273.19
0.000118198	1381.02
0.000120042	1493.9
0.000121885	1612.1
0.000123729	1737.42
0.000125572	1869.66
0.000127416	2009.67
0.00012926	2156.87
0.000131103	2310.29
0.000132947	2469.21
0.000134791	2630.86
0.000136634	2794.73
0.000138478	2957.13
0.000140322	3117.97
0.000142165	3274.14
0.000144009	3425.95
0.000145853	3572.2
0.000147696	3713.45
0.00014954	3850.97
0.000151384	3985.33
0.000153227	4119.87
0.000155071	4254.96
0.000156915	4394.88
0.000158758	4539.74
0.000160602	4693.42
0.000162446	4855.8
0.000164289	5029.34
0.000166133	5213.74
0.000167977	5409.42
0.00016982	5616
0.000171664	5831.57
0.000173507	6055.73
0.000175351	6284.29
0.000177195	6516.87
0.000179038	6747.28
0.000180882	6975.27
0.000182726	7193.37
0.000184569	7401.53
0.000186413	7592.29
0.000188257	7765.76
0.0001901	7916.14
0.000191944	8043.66
0.000193788	8145.68
0.000195631	8222.48
0.000197475	8276.8
0.000199319	8308.09
0.000201162	8311.02
0.000203006	8304.8
0.00020485	8289.73
0.000206693	8258.11
0.000208537	8223.24
0.000210381	8184.86
0.000212224	8148.11
0.000214068	8112.93
0.000215912	8081.93
0.000217755	8055.08
0.000219599	8031.73
0.000221442	8011.93
0.000223286	7992.28
0.00022513	7972.83
0.000226973	7948.48
0.000228817	7919.27
0.000230661	7879.52
0.000232504	7829.23
0.000234348	7763.28
0.000236192	7681.61
0.000238035	7580.55
0.000239879	7459.98
0.000241723	7318.44
0.000243566	7155.73
0.00024541	6973.05
0.000247254	6770.19
0.000249097	6550.95
0.000250941	6315.19
0.000252785	6068.66
0.000254628	5811.34
0.000256472	5549.7
0.000258316	5283.87
0.000260159	5019.56
0.000262003	4757.06
0.000263847	4500.29
0.00026569	4249.59
0.000267534	4006.99
0.000269377	3772.73
0.000271221	3547.58
0.000273065	3331.64
0.000274908	3125.22
0.000276752	2928.34
0.000278596	2741.31
0.000280439	2564.17
0.000282283	2397.04
0.000284127	2240.05
0.00028597	2092.73
0.000287814	1955.21
0.000289658	1826.24
0.000291501	1705.83
0.000293345	1592.21
0.000295189	1485.24
0.000297032	1383.25
0.000298876	1285.95
0.00030072	1192.34
0.000302563	1102.14
0.000304407	1015.14
0.000306251	931.175
0.000308094	850.597
0.000309938	773.39
0.000311782	700.026
0.000313625	630.593
0.000315469	565.4
0.000317312	504.549
0.000319156	448.128
0.000321	396.2
0.000322843	348.706
0.000324687	305.667
0.000326531	266.937
0.000328374	232.519
0.000330218	202.171
0.000332062	175.879
0.000333905	153.273
0.000335749	134.306
0.000337593	118.499
0.000339436	105.751
0.00034128	95.551
0.000343124	87.7534
0.000344967	81.894
0.000346811	77.7936
0.000348655	75.1235
0.000350498	73.5553
0.000352342	73.1261
0.000354186	73.3316
0.000356029	73.7841
0.000357873	74.592
0.000359717	75.2363
0.00036156	75.4993
0.000363404	75.568
0.000365247	74.7939
0.000367091	73.0379
0.000368935	70.4508
0.000370778	67.018
0.000372622	62.6984
0.000374466	57.7309
0.000376309	52.189
0.000378153	46.3559
0.000379997	40.3925
0.00038184	34.5278
0.000383684	28.9488
0.000385528	23.7741
0.000387371	19.1526
0.000389215	15.0933
0.000391059	11.669
0.000392902	8.81719
0.000394746	6.53347
0.00039659	4.73182
0.000398433	3.32003
0.000400277	2.32968
