0.000500379	9.58744e-274
0.000510437	7.08578e-265
0.000520494	2.83431e-264
0.000530551	1.41307e-255
0.000540608	5.71009e-255
0.000550665	1.92008e-246
0.000560722	7.83947e-246
0.000570779	1.77768e-237
0.000580836	7.33466e-237
0.000590893	1.12141e-228
0.00060095	4.67651e-228
0.000611007	4.82007e-220
0.000621064	2.03195e-219
0.000631121	1.41161e-211
0.000641178	6.0166e-211
0.000651235	2.81674e-203
0.000661292	1.21405e-202
0.000671349	3.82955e-195
0.000681406	1.66945e-194
0.000691463	3.54745e-187
0.00070152	1.56442e-186
0.000711577	2.23897e-179
0.000721634	9.99042e-179
0.000731691	9.62814e-172
0.000741748	4.34771e-171
0.000751806	2.82095e-164
0.000761863	1.28939e-163
0.00077192	5.63127e-157
0.000781977	2.60587e-156
0.000792034	7.65899e-150
0.000802091	3.58896e-149
0.000812148	7.09721e-143
0.000822205	3.36846e-142
0.000832262	4.48077e-136
0.000842319	2.15446e-135
0.000852376	1.92736e-129
0.000862433	9.39056e-129
0.00087249	5.64827e-123
0.000882547	2.78926e-122
0.000892604	1.12774e-116
0.000902661	5.64589e-116
0.000912718	1.53404e-110
0.000922775	7.78789e-110
0.000932832	1.42166e-104
0.000942889	7.32068e-104
0.000952946	8.9761e-99
0.000963003	4.6895e-98
0.00097306	3.86104e-93
0.000983117	2.04713e-92
0.000993175	1.13147e-87
0.00100323	6.08987e-87
0.00101329	2.25892e-82
0.00102335	1.23456e-81
0.0010334	3.07239e-77
0.00104346	1.70554e-76
0.00105352	2.84685e-72
0.00106357	1.60566e-71
0.00107363	1.79706e-67
0.00108369	1.03011e-66
0.00109374	7.72808e-63
0.0011038	4.5036e-62
0.00111386	2.26408e-58
0.00112392	1.34177e-57
0.00113397	4.51881e-54
0.00114403	2.72418e-53
0.00115409	6.14439e-50
0.00116414	3.7691e-49
0.0011742	5.69205e-46
0.00118426	3.55371e-45
0.00119432	3.59267e-42
0.00120437	2.28334e-41
0.00121443	1.54512e-38
0.00122449	9.99782e-38
0.00123454	4.52863e-35
0.0012446	2.98325e-34
0.00125466	9.04743e-32
0.00126471	6.06635e-31
0.00127477	1.2325e-28
0.00128483	8.40676e-28
0.00129489	1.14546e-25
0.00130494	7.93971e-25
0.001315	7.26854e-23
0.00132506	5.11064e-22
0.00133511	3.15286e-20
0.00134517	2.24218e-19
0.00135523	9.36517e-18
0.00136529	6.70561e-17
0.00137534	1.90978e-15
0.0013854	1.36726e-14
0.00139546	2.68326e-13
0.00140551	1.90117e-12
0.00141557	2.61006e-11
0.00142563	1.80354e-10
0.00143568	1.7685e-09
0.00144574	1.168e-08
0.0014558	8.40633e-08
0.00146586	5.16912e-07
0.00147591	2.82342e-06
0.00148597	1.56582e-05
0.00149603	6.74048e-05
0.00150608	0.00032549
0.00151614	0.00114769
0.0015262	0.00466247
0.00153625	0.0139447
0.00154631	0.0463364
0.00155637	0.120791
0.00156643	0.323035
0.00157648	0.746631
0.00158654	1.60805
0.0015966	3.40773
0.00160665	6.19504
0.00161671	10.8782
0.00162677	17.4677
0.00163683	26.6516
0.00164688	38.4906
0.00165694	52.7807
0.001667	69.5904
0.00167705	87.7096
0.00168711	106.981
0.00169717	127.918
0.00170722	150.076
0.00171728	178.996
0.00172734	214.761
0.0017374	262.655
0.00174745	323.539
0.00175751	395.307
0.00176757	478.07
0.00177762	569.031
0.00178768	667.499
0.00179774	776.237
0.00180779	895.775
0.00181785	1024.95
0.00182791	1164.8
0.00183797	1306.33
0.00184802	1448.48
0.00185808	1587.78
0.00186814	1722.45
0.00187819	1859.26
0.00188825	1998.92
0.00189831	2144.74
0.00190837	2298.11
0.00191842	2455.57
0.00192848	2616.72
0.00193854	2780.53
0.00194859	2947.61
0.00195865	3112.97
0.00196871	3278.83
0.00197876	3427.05
0.00198882	3562.76
0.00199888	3633.08
0.00200894	3658.46
0.00201899	3659.72
0.00202905	3568.47
0.00203911	3425.35
0.00204916	3243.27
0.00205922	3052.74
0.00206928	2864.99
0.00207933	2689.55
0.00208939	2535.95
0.00209945	2386.29
0.00210951	2237.86
0.00211956	2079.31
0.00212962	1903.49
0.00213968	1718.65
0.00214973	1522.67
0.00215979	1333.44
0.00216985	1156.63
0.00217991	1000.63
0.00218996	873.04
0.00220002	764.248
0.00221008	674.002
0.00222013	590.99
0.00223019	508.726
0.00224025	429.252
0.0022503	350.288
0.00226036	278.997
0.00227042	218.75
0.00228048	170.21
0.00229053	135.915
0.00230059	111.102
0.00231065	94.6712
0.0023207	82.2743
0.00233076	70.9938
0.00234082	60.1624
0.00235088	48.0651
0.00236093	36.3759
0.00237099	25.5913
0.00238105	16.4818
0.0023911	9.95792
0.00240116	5.37146
0.00241122	2.63254
0.00242127	1.24828
0.00243133	0.509567
0.00244139	0.204259
0.00245145	0.0735512
0.0024615	0.0232994
0.00247156	0.00761247
0.00248162	0.00184298
0.00249167	0.000536249
0.00250173	0.000100671
