0.000500379	7.41158e-221
0.000510437	2.12884e-213
0.000520494	8.51536e-213
0.000530551	1.71545e-205
0.000540608	6.93201e-205
0.000550665	9.79287e-198
0.000560722	3.99833e-197
0.000570779	3.96036e-190
0.000580836	1.63404e-189
0.000590893	1.13462e-182
0.00060095	4.73159e-182
0.000611007	2.3028e-175
0.000621064	9.70769e-175
0.000631121	3.31094e-168
0.000641178	1.4112e-167
0.000651235	3.37233e-161
0.000661292	1.45352e-160
0.000671349	2.43328e-154
0.000681406	1.06076e-153
0.000691463	1.24376e-147
0.00070152	5.48496e-147
0.000711577	4.50358e-141
0.000721634	2.00952e-140
0.000731691	1.1552e-134
0.000741748	5.21642e-134
0.000751806	2.09908e-128
0.000761863	9.59432e-128
0.00077192	2.70191e-122
0.000781977	1.25031e-121
0.000792034	2.46368e-116
0.000802091	1.15446e-115
0.000812148	1.59134e-110
0.000822205	7.55269e-110
0.000832262	7.28121e-105
0.000842319	3.50094e-104
0.000852376	2.35997e-99
0.000862433	1.14981e-98
0.00087249	5.41834e-94
0.000882547	2.67565e-93
0.000892604	8.81214e-89
0.000902661	4.41154e-88
0.000912718	1.0152e-83
0.000922775	5.15359e-83
0.000932832	8.28454e-79
0.000942889	4.26568e-78
0.000952946	4.7889e-74
0.000963003	2.50165e-73
0.00097306	1.96088e-69
0.000983117	1.03949e-68
0.000993175	5.68737e-65
0.00100323	3.06037e-64
0.00101329	1.16848e-60
0.00102335	6.3839e-60
0.0010334	1.70053e-56
0.00104346	9.43529e-56
0.00105352	1.75309e-52
0.00106357	9.8806e-52
0.00107363	1.28025e-48
0.00108369	7.33112e-48
0.00109374	6.62333e-45
0.0011038	3.85405e-44
0.00111386	2.4276e-41
0.00112392	1.43557e-40
0.00113397	6.30441e-38
0.00114403	3.78877e-37
0.00115409	1.16023e-34
0.00116414	7.08499e-34
0.0011742	1.5135e-31
0.00118426	9.38761e-31
0.00119432	1.39994e-28
0.00120437	8.81362e-28
0.00121443	9.18632e-26
0.00122449	5.86343e-25
0.00123454	4.27958e-23
0.0012446	2.7642e-22
0.00125466	1.41691e-20
0.00126471	9.235e-20
0.00127477	3.33901e-18
0.00128483	2.18677e-17
0.00129489	5.61203e-16
0.00130494	3.67063e-15
0.001315	6.74637e-14
0.00132506	4.36871e-13
0.00133511	5.82177e-12
0.00134517	3.68808e-11
0.00135523	3.6228e-10
0.00136529	2.20962e-09
0.00137534	1.63421e-08
0.0013854	9.40273e-08
0.00139546	5.37283e-07
0.00140551	2.84529e-06
0.00141557	1.2937e-05
0.00142563	6.13323e-05
0.00143568	0.000228908
0.00144574	0.000944138
0.0014558	0.00298017
0.00146586	0.0104164
0.00147591	0.0285262
0.00148597	0.0827716
0.00149603	0.200351
0.00150608	0.476855
0.00151614	1.05248
0.0015262	2.07679
0.00153625	3.96787
0.00154631	6.72655
0.00155637	10.6074
0.00156643	15.6381
0.00157648	21.0461
0.00158654	26.8609
0.0015966	31.613
0.00160665	35.2654
0.00161671	37.2288
0.00162677	37.8348
0.00163683	39.2692
0.00164688	41.5342
0.00165694	46.828
0.001667	57.4222
0.00167705	73.7156
0.00168711	95.8453
0.00169717	122.236
0.00170722	152.919
0.00171728	185.715
0.00172734	220.175
0.0017374	258.292
0.00174745	299.46
0.00175751	351.43
0.00176757	414.391
0.00177762	495.724
0.00178768	596.906
0.00179774	715.089
0.00180779	851.626
0.00181785	993.439
0.00182791	1139.53
0.00183797	1281.38
0.00184802	1416.31
0.00185808	1551.32
0.00186814	1685.87
0.00187819	1831.09
0.00188825	1989.79
0.00189831	2159
0.00190837	2341.06
0.00191842	2519.72
0.00192848	2693.63
0.00193854	2849.22
0.00194859	2983
0.00195865	3093.65
0.00196871	3179.31
0.00197876	3245.61
0.00198882	3295.47
0.00199888	3320.59
0.00200894	3331.03
0.00201899	3332.08
0.00202905	3302.27
0.00203911	3244.2
0.00204916	3160.39
0.00205922	3053.97
0.00206928	2924.47
0.00207933	2781.42
0.00208939	2627.24
0.00209945	2466.77
0.00210951	2302.36
0.00211956	2133.98
0.00212962	1961.84
0.00213968	1786.84
0.00214973	1608
0.00215979	1431.24
0.00216985	1257.15
0.00217991	1093.56
0.00218996	943.715
0.00220002	810.079
0.00221008	695.535
0.00222013	596.352
0.00223019	512.133
0.00224025	439.408
0.0022503	376.293
0.00226036	322.437
0.00227042	277.319
0.00228048	240.514
0.00229053	212.295
0.00230059	190.336
0.00231065	174.026
0.0023207	160.662
0.00233076	148.758
0.00234082	136.843
0.00235088	123.454
0.00236093	108.838
0.00237099	92.3399
0.00238105	75.4071
0.0023911	58.5476
0.00240116	43.0196
0.00241122	29.9356
0.00242127	19.3346
0.00243133	11.8249
0.00244139	6.62477
0.00245145	3.41117
0.0024615	1.69631
0.00247156	0.732764
0.00248162	0.319253
0.00249167	0.112504
0.00250173	0.043588
