0.000500379	1.81466e-21
0.000506246	1.68111e-20
0.000512113	6.18004e-20
0.000517979	5.20802e-19
0.000523846	1.85263e-18
0.000529712	1.38678e-17
0.000535579	4.88872e-17
0.000541445	3.25879e-16
0.000547312	1.13559e-15
0.000553178	6.76016e-15
0.000559045	2.3221e-14
0.000564911	1.23837e-13
0.000570778	4.18011e-13
0.000576644	2.00393e-12
0.000582511	6.62462e-12
0.000588378	2.86547e-11
0.000594244	9.24321e-11
0.000600111	3.62186e-10
0.000605977	1.13554e-09
0.000611844	4.04783e-09
0.00061771	1.22836e-08
0.000623577	4.00116e-08
0.000629443	1.17016e-07
0.00063531	3.49884e-07
0.000641176	9.81744e-07
0.000647043	2.70718e-06
0.000652909	7.25526e-06
0.000658776	1.85363e-05
0.000664643	4.72371e-05
0.000670509	0.000112324
0.000676376	0.00027101
0.000682242	0.000602393
0.000688109	0.00137051
0.000693975	0.00285916
0.000699842	0.00611131
0.000705708	0.0120099
0.000711575	0.0240407
0.000717441	0.0449916
0.000723308	0.0837574
0.000729174	0.150872
0.000735041	0.259868
0.000740908	0.440014
0.000746774	0.711357
0.000752641	1.13087
0.000758507	1.72117
0.000764374	2.56911
0.00077024	3.68926
0.000776107	5.17768
0.000781973	7.02866
0.00078784	9.29941
0.000793706	11.961
0.000799573	14.9793
0.000805439	18.3174
0.000811306	21.8415
0.000817173	25.5368
0.000823039	29.2457
0.000828906	33.0034
0.000834772	36.7801
0.000840639	40.6694
0.000846505	44.9343
0.000852372	49.7091
0.000858238	55.6457
0.000864105	62.8803
0.000869971	72.414
0.000875838	84.339
0.000881704	99.8035
0.000887571	118.824
0.000893438	142.378
0.000899304	170.407
0.000905171	203.417
0.000911037	241.315
0.000916904	284.013
0.00092277	331.43
0.000928637	383.021
0.000934503	438.751
0.00094037	497.929
0.000946236	560.558
0.000952103	626.076
0.000957969	694.481
0.000963836	765.323
0.000969703	838.561
0.000975569	913.502
0.000981436	990.072
0.000987302	1066.97
0.000993169	1144.15
0.000999035	1219.88
0.0010049	1294.2
0.00101077	1365.89
0.00101663	1435.08
0.0010225	1502.21
0.00102837	1567.4
0.00103423	1633.12
0.0010401	1699.41
0.00104597	1769.68
0.00105183	1843.88
0.0010577	1924.42
0.00106357	2011.24
0.00106943	2104.06
0.0010753	2202.86
0.00108117	2304.47
0.00108703	2408.9
0.0010929	2511.42
0.00109877	2612.07
0.00110463	2706.67
0.0011105	2795.23
0.00111637	2875.88
0.00112223	2948.56
0.0011281	3013.99
0.00113397	3072.1
0.00113983	3124.87
0.0011457	3172.33
0.00115157	3215.85
0.00115743	3255.54
0.0011633	3291.07
0.00116916	3322.54
0.00117503	3348.56
0.0011809	3369.43
0.00118676	3379.61
0.00119263	3383.94
0.0011985	3383.25
0.00120436	3369.93
0.00121023	3347.29
0.0012161	3315.87
0.00122196	3274.98
0.00122783	3224.56
0.0012337	3164.97
0.00123956	3096.1
0.00124543	3019.03
0.0012513	2933.68
0.00125716	2841.8
0.00126303	2743.41
0.0012689	2640.48
0.00127476	2533.12
0.00128063	2422.92
0.0012865	2310.03
0.00129236	2195.52
0.00129823	2079.47
0.0013041	1962.78
0.00130996	1845.45
0.00131583	1728.72
0.00132169	1612.6
0.00132756	1498.87
0.00133343	1387.62
0.00133929	1280.82
0.00134516	1178.74
0.00135103	1082.83
0.00135689	993.477
0.00136276	911.042
0.00136863	835.833
0.00137449	767.139
0.00138036	705.05
0.00138623	648.261
0.00139209	596.636
0.00139796	548.86
0.00140383	504.674
0.00140969	463.082
0.00141556	423.812
0.00142143	386.252
0.00142729	350.174
0.00143316	315.346
0.00143903	281.599
0.00144489	249.081
0.00145076	217.719
0.00145663	187.941
0.00146249	159.804
0.00146836	133.784
0.00147422	110.046
0.00148009	88.8495
0.00148596	70.3758
0.00149182	54.5445
0.00149769	41.4481
0.00150356	30.7237
0.00150942	22.3283
0.00151529	15.7847
0.00152116	10.9393
0.00152702	7.36041
0.00153289	4.84981
0.00153876	3.102
0.00154462	1.93658
0.00155049	1.17721
0.00155636	0.693375
0.00156222	0.400966
0.00156809	0.22079
0.00157396	0.122453
0.00157982	0.0626847
0.00158569	0.0334992
0.00159156	0.0161875
0.00159742	0.008162
0.00160329	0.00373174
0.00160916	0.00176752
0.00161502	0.000766846
0.00162089	0.000339613
0.00162675	0.000140285
0.00163262	5.78129e-05
0.00163849	2.2821e-05
0.00164435	8.70886e-06
0.00165022	3.29792e-06
0.00165609	1.15974e-06
0.00166195	3.92251e-07
0.00166782	1.3642e-07
