3.33898e-05	1.74415e-11
3.55687e-05	9.49922e-11
3.77476e-05	3.27644e-10
3.99264e-05	1.62547e-09
4.21053e-05	5.24132e-09
4.42842e-05	2.28045e-08
4.64631e-05	7.14039e-08
4.8642e-05	2.74024e-07
5.08209e-05	8.28478e-07
5.29998e-05	2.82173e-06
5.51787e-05	8.18762e-06
5.73576e-05	2.49119e-05
5.95365e-05	6.89291e-05
6.17154e-05	0.000188636
6.38943e-05	0.000494398
6.60732e-05	0.0012254
6.82521e-05	0.00302172
7.0431e-05	0.00682982
7.26099e-05	0.015741
7.47888e-05	0.0326579
7.69677e-05	0.0699077
7.91465e-05	0.133941
8.13254e-05	0.264785
8.35043e-05	0.487
8.56832e-05	0.863564
8.78621e-05	1.47651
9.0041e-05	2.40206
9.22199e-05	3.7938
9.43988e-05	5.69948
9.65777e-05	8.30112
9.87566e-05	11.5542
0.000100935	15.5316
0.000103114	20.077
0.000105293	24.9936
0.000107472	30.0983
0.000109651	34.9307
0.00011183	39.4274
0.000114009	43.1458
0.000116188	46.2073
0.000118367	48.548
0.000120546	50.384
0.000122724	52.1151
0.000124903	53.9233
0.000127082	56.4298
0.000129261	59.7793
0.00013144	64.624
0.000133619	71.1659
0.000135798	80.2354
0.000137977	92.0938
0.000140156	107.947
0.000142334	127.949
0.000144513	153.402
0.000146692	184.186
0.000148871	220.933
0.00015105	263.287
0.000153229	310.625
0.000155408	362.592
0.000157587	417.551
0.000159766	475.381
0.000161945	534.414
0.000164123	594.792
0.000166302	655.773
0.000168481	717.622
0.00017066	780.786
0.000172839	845.53
0.000175018	913.222
0.000177197	984.145
0.000179376	1060.48
0.000181555	1142.58
0.000183733	1233.7
0.000185912	1334.13
0.000188091	1448.08
0.00019027	1575.57
0.000192449	1720.29
0.000194628	1881.8
0.000196807	2060.75
0.000198986	2256.36
0.000201165	2464.21
0.000203344	2683.65
0.000205522	2905.88
0.000207701	3130.76
0.00020988	3349.07
0.000212059	3561.23
0.000214238	3762.51
0.000216417	3953.52
0.000218596	4136.24
0.000220775	4311.06
0.000222954	4484.67
0.000225132	4657.08
0.000227311	4835.22
0.00022949	5018.88
0.000231669	5211.89
0.000233848	5414.05
0.000236027	5625.44
0.000238206	5845.96
0.000240385	6072.71
0.000242564	6305.65
0.000244743	6539.17
0.000246921	6773.3
0.0002491	7000.05
0.000251279	7219.49
0.000253458	7423.76
0.000255637	7612.87
0.000257816	7783.21
0.000259995	7934.69
0.000262174	8069.72
0.000264353	8188.21
0.000266531	8295.21
0.00026871	8390.83
0.000270889	8476.63
0.000273068	8552.94
0.000275247	8616.12
0.000277426	8667.72
0.000279605	8677.72
0.000281784	8673.7
0.000283963	8658.5
0.000286142	8587.9
0.00028832	8482
0.000290499	8342.89
0.000292678	8172.3
0.000294857	7969.58
0.000297036	7746.68
0.000299215	7503.49
0.000301394	7254.12
0.000303573	6999.23
0.000305752	6748.94
0.00030793	6504.45
0.000310109	6267.95
0.000312288	6040.48
0.000314467	5817.35
0.000316646	5598.79
0.000318825	5378.21
0.000321004	5154.91
0.000323183	4925.78
0.000325362	4689.71
0.00032754	4449.61
0.000329719	4204.78
0.000331898	3962.77
0.000334077	3723.85
0.000336256	3496.07
0.000338435	3280.61
0.000340614	3081.79
0.000342793	2901.03
0.000344972	2737.09
0.000347151	2590.83
0.000349329	2456.82
0.000351508	2334.88
0.000353687	2218.51
0.000355866	2106.65
0.000358045	1994.8
0.000360224	1881.58
0.000362403	1766.2
0.000364582	1647.67
0.000366761	1528.53
0.000368939	1408.71
0.000371118	1291.76
0.000373297	1178.48
0.000375476	1070.94
0.000377655	970.086
0.000379834	875.816
0.000382013	788.482
0.000384192	707.167
0.000386371	631.608
0.00038855	561.593
0.000390728	496.838
0.000392907	437.925
0.000395086	384.99
0.000397265	338.328
0.000399444	298.308
0.000401623	264.136
0.000403802	235.9
0.000405981	212.032
0.00040816	192.093
0.000410338	174.706
0.000412517	159.17
0.000414696	144.921
0.000416875	131.455
0.000419054	118.841
0.000421233	106.968
0.000423412	95.9467
0.000425591	85.8649
0.00042777	76.5666
0.000429949	68.0426
0.000432127	60.0521
0.000434306	52.4392
0.000436485	45.1683
0.000438664	38.1178
0.000440843	31.4671
0.000443022	25.2631
0.000445201	19.6779
0.00044738	14.8579
0.000449559	10.8069
0.000451737	7.61372
0.000453916	5.14387
0.000456095	3.35999
0.000458274	2.10665
0.000460453	1.26711
0.000462632	0.739555
0.000464811	0.374134
0.00046699	0.222165
