0.000500379	1.65128e-38
0.000507084	6.6756e-37
0.000513789	2.6207e-36
0.000520493	9.1469e-35
0.000527198	3.58873e-34
0.000533903	1.07551e-32
0.000540607	4.24031e-32
0.000547312	1.09207e-30
0.000554017	4.32307e-30
0.000560721	9.57782e-29
0.000567426	3.80306e-28
0.000574131	7.25699e-27
0.000580835	2.88688e-26
0.00058754	4.75146e-25
0.000594244	1.89101e-24
0.000600949	2.68909e-23
0.000607654	1.06891e-22
0.000614358	1.31592e-21
0.000621063	5.2142e-21
0.000627768	5.57016e-20
0.000634472	2.19514e-19
0.000641177	2.04032e-18
0.000647882	7.97611e-18
0.000654586	6.47028e-17
0.000661291	2.50158e-16
0.000667995	1.77732e-15
0.0006747	6.77297e-15
0.000681405	4.23124e-14
0.000688109	1.58324e-13
0.000694814	8.73542e-13
0.000701519	3.19588e-12
0.000708223	1.56489e-11
0.000714928	5.57197e-11
0.000721633	2.43416e-10
0.000728337	8.39309e-10
0.000735042	3.28973e-09
0.000741746	1.09265e-08
0.000748451	3.86546e-08
0.000755156	1.22993e-07
0.00076186	3.95142e-07
0.000768565	1.19774e-06
0.00077527	3.51638e-06
0.000781974	1.00978e-05
0.000788679	2.72592e-05
0.000795384	7.3766e-05
0.000802088	0.000184203
0.000808793	0.000467433
0.000815497	0.00108585
0.000822202	0.00257275
0.000828907	0.00558855
0.000835611	0.0123197
0.000842316	0.025138
0.000849021	0.0514261
0.000855725	0.0989483
0.00086243	0.187569
0.000869135	0.349548
0.000875839	0.609587
0.000882544	1.05862
0.000889249	1.7323
0.000895953	2.80767
0.000902658	4.32416
0.000909362	6.55373
0.000916067	9.51932
0.000922772	13.5267
0.000929476	18.5582
0.000936181	24.7982
0.000942886	32.1788
0.00094959	40.5637
0.000956295	49.8582
0.000963	59.5015
0.000969704	69.4257
0.000976409	78.7965
0.000983113	87.627
0.000989818	95.2543
0.000996523	101.788
0.00100323	107.301
0.00100993	111.954
0.00101664	116.887
0.00102334	122.232
0.00103005	129.982
0.00103675	140.172
0.00104346	154.893
0.00105016	174.076
0.00105686	199.023
0.00106357	229.628
0.00107027	265.99
0.00107698	308.036
0.00108368	354.967
0.00109039	406.766
0.00109709	462.39
0.0011038	521.847
0.0011105	584.21
0.00111721	649.482
0.00112391	716.718
0.00113062	785.917
0.00113732	855.953
0.00114402	926.839
0.00115073	997.702
0.00115743	1068.56
0.00116414	1139.84
0.00117084	1211.52
0.00117755	1286.08
0.00118425	1363.48
0.00119096	1447.55
0.00119766	1538.29
0.00120437	1638.67
0.00121107	1748.77
0.00121778	1868.28
0.00122448	1997.37
0.00123119	2131.88
0.00123789	2271.93
0.00124459	2411.34
0.0012513	2550.1
0.001258	2682.86
0.00126471	2809.47
0.00127141	2926.99
0.00127812	3035.26
0.00128482	3132.99
0.00129153	3220.17
0.00129823	3295.37
0.00130494	3358.65
0.00131164	3408.69
0.00131835	3447.21
0.00132505	3455.72
0.00133175	3455.25
0.00133846	3450.88
0.00134516	3415.99
0.00135187	3365
0.00135857	3300.45
0.00136528	3223.69
0.00137198	3134.71
0.00137869	3038.14
0.00138539	2934.12
0.0013921	2827.53
0.0013988	2718.72
0.00140551	2611.71
0.00141221	2507.08
0.00141891	2406.69
0.00142562	2311.16
0.00143232	2219.67
0.00143903	2132.53
0.00144573	2047.35
0.00145244	1963.93
0.00145914	1880.31
0.00146585	1796.02
0.00147255	1710.64
0.00147926	1623.85
0.00148596	1536.39
0.00149267	1448.26
0.00149937	1360.32
0.00150608	1272.72
0.00151278	1186.04
0.00151948	1100.37
0.00152619	1016.43
0.00153289	934.217
0.0015396	854.931
0.0015463	778.701
0.00155301	706.915
0.00155971	639.926
0.00156642	578.613
0.00157312	523.423
0.00157983	474.217
0.00158653	431.274
0.00159324	393.517
0.00159994	360.887
0.00160664	331.905
0.00161335	306.206
0.00162005	282.484
0.00162676	260.237
0.00163346	238.683
0.00164017	217.361
0.00164687	196.118
0.00165358	174.668
0.00166028	153.412
0.00166699	132.317
0.00167369	112.074
0.0016804	92.9027
0.0016871	75.4042
0.00169381	59.9257
0.00170051	46.6978
0.00170721	36.0028
0.00171392	27.656
0.00172062	21.6756
0.00172733	17.8301
0.00173403	15.6563
0.00174074	15.0014
0.00174744	15.3601
0.00175415	16.0726
0.00176085	17.1232
0.00176756	18.0862
0.00177426	18.5872
0.00178097	18.7492
0.00178767	18.2279
0.00179437	17.0809
0.00180108	15.4574
0.00180778	13.5169
0.00181449	11.3967
0.00182119	9.25436
0.0018279	7.30576
0.0018346	5.47697
