0.000500379	1.98752e-202
0.000510437	1.41483e-195
0.000520494	5.65933e-195
0.000530551	2.89155e-188
0.000540608	1.16845e-187
0.000550665	4.2843e-181
0.000560722	1.74924e-180
0.000570779	4.60206e-174
0.000580836	1.8988e-173
0.000590893	3.5838e-167
0.00060095	1.49451e-166
0.000611007	2.02327e-160
0.000621064	8.52929e-160
0.000631121	8.28097e-154
0.000641178	3.52953e-153
0.000651235	2.45709e-147
0.000661292	1.05904e-146
0.000671349	5.28536e-141
0.000681406	2.30408e-140
0.000691463	8.24208e-135
0.00070152	3.63475e-134
0.000711577	9.31766e-129
0.000721634	4.15758e-128
0.000731691	7.63628e-123
0.000741748	3.44823e-122
0.000751806	4.5369e-117
0.000761863	2.07368e-116
0.00077192	1.95406e-111
0.000781977	9.04228e-111
0.000792034	6.10116e-106
0.000802091	2.85892e-105
0.000812148	1.38097e-100
0.000822205	6.55414e-100
0.000832262	2.26593e-95
0.000842319	1.08948e-94
0.000852376	2.69527e-90
0.000862433	1.31313e-89
0.00087249	2.32404e-85
0.000882547	1.14759e-84
0.000892604	1.45269e-80
0.000902661	7.27199e-80
0.000912718	6.58243e-76
0.000922775	3.34124e-75
0.000932832	2.16214e-71
0.000942889	1.11314e-70
0.000952946	5.1483e-67
0.000963003	2.68892e-66
0.00097306	8.88647e-63
0.000983117	4.7097e-62
0.000993175	1.11194e-58
0.00100323	5.98132e-58
0.00101329	1.00863e-54
0.00102335	5.50792e-54
0.0010334	6.6326e-51
0.00104346	3.67761e-50
0.00105352	3.16197e-47
0.00106357	1.78046e-46
0.00107363	1.09289e-43
0.00108369	6.25014e-43
0.00109374	2.73893e-40
0.0011038	1.59088e-39
0.00111386	4.97761e-37
0.00112392	2.93616e-36
0.00113397	6.56112e-34
0.00114403	3.92935e-33
0.00115409	6.27431e-31
0.00116414	3.81298e-30
0.0011742	4.35461e-28
0.00118426	2.68301e-27
0.00119432	2.19461e-25
0.00120437	1.369e-24
0.00121443	8.03748e-23
0.00122449	5.06558e-22
0.00123454	2.14135e-20
0.0012446	1.35932e-19
0.00125466	4.15607e-18
0.00126471	2.64559e-17
0.00127477	5.88768e-16
0.00128483	3.7349e-15
0.00129489	6.10329e-14
0.00130494	3.82532e-13
0.001315	4.64433e-12
0.00132506	2.84312e-11
0.00133511	2.60417e-10
0.00134517	1.53394e-09
0.00135523	1.08052e-08
0.00136529	6.0106e-08
0.00137534	3.33151e-07
0.0013854	1.71164e-06
0.00139546	7.66004e-06
0.00140551	3.54561e-05
0.00141557	0.000131627
0.00142563	0.000534926
0.00143568	0.0016908
0.00144574	0.00588753
0.0014558	0.0162056
0.00146586	0.0473724
0.00147591	0.115471
0.00148597	0.279378
0.00149603	0.619616
0.00150608	1.24384
0.00151614	2.42755
0.0015262	4.16991
0.00153625	6.65922
0.00154631	9.90866
0.00155637	13.3412
0.00156643	16.9772
0.00157648	19.6238
0.00158654	21.2626
0.0015966	21.3238
0.00160665	19.959
0.00161671	18.6188
0.00162677	17.3124
0.00163683	17.4348
0.00164688	21.525
0.00165694	30.1701
0.001667	45.1876
0.00167705	67.8319
0.00168711	98.2024
0.00169717	136
0.00170722	181.458
0.00171728	231.642
0.00172734	286.444
0.0017374	343.699
0.00174745	402.867
0.00175751	466.409
0.00176757	534.009
0.00177762	611.082
0.00178768	698.233
0.00179774	796.958
0.00180779	908.339
0.00181785	1026.34
0.00182791	1151.18
0.00183797	1274.26
0.00184802	1394.24
0.00185808	1509.19
0.00186814	1617.29
0.00187819	1726.94
0.00188825	1838.13
0.00189831	1961.24
0.00190837	2099.1
0.00191842	2249.13
0.00192848	2414.04
0.00193854	2576.39
0.00194859	2734.38
0.00195865	2874.71
0.00196871	2993
0.00197876	3091.96
0.00198882	3171.01
0.00199888	3234.46
0.00200894	3289.17
0.00201899	3306.35
0.00202905	3303.81
0.00203911	3295.51
0.00204916	3233.85
0.00205922	3132.91
0.00206928	3001.06
0.00207933	2846.04
0.00208939	2668.18
0.00209945	2486.2
0.00210951	2304.85
0.00211956	2136.1
0.00212962	1986.97
0.00213968	1852.65
0.00214973	1735.95
0.00215979	1622.24
0.00216985	1507.25
0.00217991	1383.54
0.00218996	1244.87
0.00220002	1098.46
0.00221008	943.164
0.00222013	792.179
0.00223019	650.451
0.00224025	524.374
0.0022503	419.351
0.00226036	332.434
0.00227042	264.764
0.00228048	210.671
0.00229053	167.943
0.00230059	133.401
0.00231065	104.701
0.0023207	81.2033
0.00233076	61.8809
0.00234082	46.7762
0.00235088	35.7231
0.00236093	28.4688
0.00237099	24.3533
0.00238105	23.0525
0.0023911	23.0082
0.00240116	22.9549
0.00241122	22.3401
0.00242127	20.729
0.00243133	17.8745
0.00244139	14.4537
0.00245145	10.8302
0.0024615	7.43111
0.00247156	4.79811
0.00248162	2.78803
0.00249167	1.44817
0.00250173	0.762319
