0.000500379	2.60553e-221
0.000510437	3.15325e-214
0.000520494	1.2613e-213
0.000530551	1.10574e-206
0.000540608	4.46819e-206
0.000550665	2.83704e-199
0.000560722	1.15834e-198
0.000570779	5.32597e-192
0.000580836	2.19748e-191
0.000590893	7.3156e-185
0.00060095	3.05074e-184
0.000611007	7.35218e-178
0.000621064	3.09938e-177
0.000631121	5.40624e-171
0.000641178	2.30426e-170
0.000651235	2.90862e-164
0.000661292	1.25365e-163
0.000671349	1.14495e-157
0.000681406	4.99126e-157
0.000691463	3.29757e-151
0.00070152	1.45422e-150
0.000711577	6.94872e-145
0.000721634	3.10056e-144
0.000731691	1.07132e-138
0.000741748	4.83766e-138
0.000751806	1.20846e-132
0.000761863	5.52354e-132
0.00077192	9.97338e-127
0.000781977	4.61515e-126
0.000792034	6.0221e-121
0.000802091	2.8219e-120
0.000812148	2.66039e-115
0.000822205	1.26265e-114
0.000832262	8.59867e-110
0.000842319	4.13437e-109
0.000852376	2.03331e-104
0.000862433	9.90654e-104
0.00087249	3.51772e-99
0.000882547	1.73708e-98
0.000892604	4.45245e-94
0.000902661	2.22896e-93
0.000912718	4.12302e-89
0.000922775	2.093e-88
0.000932832	2.79324e-84
0.000942889	1.43821e-83
0.000952946	1.38445e-79
0.000963003	7.23199e-79
0.00097306	5.02015e-75
0.000983117	2.6612e-74
0.000993175	1.33177e-70
0.00100323	7.16608e-70
0.00101329	2.58473e-66
0.00102335	1.41211e-65
0.0010334	3.67007e-62
0.00104346	2.0363e-61
0.00105352	3.81254e-58
0.00106357	2.1488e-57
0.00107363	2.89761e-54
0.00108369	1.65934e-53
0.00109374	1.61127e-50
0.0011038	9.3769e-50
0.00111386	6.55563e-47
0.00112392	3.87765e-46
0.00113397	1.9517e-43
0.00114403	1.17345e-42
0.00115409	4.25211e-40
0.00116414	2.59867e-39
0.0011742	6.78043e-37
0.00118426	4.21144e-36
0.00119432	7.91521e-34
0.00120437	4.99467e-33
0.00121443	6.76632e-31
0.00122449	4.33498e-30
0.00123454	4.23755e-28
0.0012446	2.75349e-27
0.00125466	1.94542e-25
0.00126471	1.28e-24
0.00127477	6.55263e-23
0.00128483	4.35497e-22
0.00129489	1.62115e-20
0.00130494	1.08453e-19
0.001315	2.95062e-18
0.00132506	1.97709e-17
0.00133511	3.95902e-16
0.00134517	2.63873e-15
0.00135523	3.92644e-14
0.00136529	2.57894e-13
0.00137534	2.88781e-12
0.0013854	1.84626e-11
0.00139546	1.58107e-10
0.00140551	9.68572e-10
0.00141557	6.47033e-09
0.00142563	3.72583e-08
0.00143568	1.98704e-07
0.00144574	1.05183e-06
0.0014558	4.5939e-06
0.00146586	2.18197e-05
0.00147591	8.01092e-05
0.00148597	0.000333213
0.00149603	0.00105404
0.00150608	0.00375589
0.00151614	0.0104537
0.0015262	0.0313682
0.00153625	0.0780257
0.00154631	0.195212
0.00155637	0.437974
0.00156643	0.912896
0.00157648	1.90181
0.00158654	3.42075
0.0015966	5.98191
0.00160665	9.58892
0.00161671	14.6219
0.00162677	21.0929
0.00163683	29.1372
0.00164688	38.739
0.00165694	50.2805
0.001667	63.7244
0.00167705	79.9752
0.00168711	99.0294
0.00169717	121.827
0.00170722	148.33
0.00171728	179.923
0.00172734	216.437
0.0017374	261.205
0.00174745	314.291
0.00175751	379.004
0.00176757	455.925
0.00177762	543.847
0.00178768	642.85
0.00179774	751.087
0.00180779	867.646
0.00181785	997.711
0.00182791	1141.74
0.00183797	1302.73
0.00184802	1483.4
0.00185808	1668.81
0.00186814	1859.55
0.00187819	2033.47
0.00188825	2186.28
0.00189831	2315.32
0.00190837	2416.64
0.00191842	2507.31
0.00192848	2589.34
0.00193854	2672.29
0.00194859	2760.94
0.00195865	2843.83
0.00196871	2921.22
0.00197876	2978.56
0.00198882	3012.17
0.00199888	3019.7
0.00200894	3003.93
0.00201899	2974.88
0.00202905	2933.75
0.00203911	2884.59
0.00204916	2829.83
0.00205922	2765.17
0.00206928	2689.37
0.00207933	2603.03
0.00208939	2505.06
0.00209945	2400.5
0.00210951	2291.21
0.00211956	2176.87
0.00212962	2058.68
0.00213968	1932.33
0.00214973	1795.66
0.00215979	1650.74
0.00216985	1495.62
0.00217991	1340.34
0.00218996	1187.22
0.00220002	1044.48
0.00221008	916.841
0.00222013	803.814
0.00223019	707.66
0.00224025	622.799
0.0022503	547.763
0.00226036	478.611
0.00227042	412.767
0.00228048	350.181
0.00229053	289.574
0.00230059	233.19
0.00231065	181.542
0.0023207	136.621
0.00233076	99.9267
0.00234082	71.2207
0.00235088	51.4544
0.00236093	38.2028
0.00237099	30.7637
0.00238105	26.5974
0.0023911	23.8868
0.00240116	21.7607
0.00241122	18.8578
0.00242127	15.7008
0.00243133	12.1381
0.00244139	8.72118
0.00245145	5.87656
0.0024615	3.5946
0.00247156	2.07779
0.00248162	1.09069
0.00249167	0.45942
0.00250173	0.243529
