0.000500379	4.39707e-33
0.000507084	1.17078e-31
0.000513789	4.55119e-31
0.000520493	1.05563e-29
0.000527198	4.07926e-29
0.000533903	8.17434e-28
0.000540607	3.16619e-27
0.000547312	5.4882e-26
0.000554017	2.12811e-25
0.000560721	3.19554e-24
0.000567426	1.23868e-23
0.000574131	1.61402e-22
0.000580835	6.24363e-22
0.00058754	7.07382e-21
0.000594244	2.72545e-20
0.000600949	2.69106e-19
0.000607654	1.03032e-18
0.000614358	8.88946e-18
0.000621063	3.37322e-17
0.000627768	2.55084e-16
0.000634472	9.56482e-16
0.000641177	6.3611e-15
0.000647882	2.34899e-14
0.000654586	1.37916e-13
0.000661291	4.99668e-13
0.000667995	2.60096e-12
0.0006747	9.2066e-12
0.000681405	4.26856e-11
0.000688109	1.46948e-10
0.000694814	6.09891e-10
0.000701519	2.03195e-09
0.000708223	7.5896e-09
0.000714928	2.43436e-08
0.000721633	8.22869e-08
0.000728337	2.52715e-07
0.000735042	7.77508e-07
0.000741746	2.27356e-06
0.000748451	6.40348e-06
0.000755156	1.77289e-05
0.00076186	4.5972e-05
0.000768565	0.000119849
0.00077527	0.000287681
0.000781974	0.000702519
0.000788679	0.0015689
0.000795384	0.00357157
0.000802088	0.00745444
0.000808793	0.015753
0.000815497	0.0308459
0.000822202	0.0603004
0.000828907	0.113504
0.000835611	0.203006
0.000842316	0.358119
0.000849021	0.593977
0.000855725	0.971296
0.00086243	1.50419
0.000869135	2.28018
0.000875839	3.30131
0.000882544	4.64497
0.000889249	6.29128
0.000895953	8.23751
0.000902658	10.4473
0.000909362	12.7856
0.000916067	15.2258
0.000922772	17.5471
0.000929476	19.7636
0.000936181	21.7403
0.000942886	23.5401
0.00094959	25.3179
0.000956295	27.1596
0.000963	29.5922
0.000969704	32.6833
0.000976409	37.2145
0.000983113	43.2042
0.000989818	51.416
0.000996523	61.8109
0.00100323	74.81
0.00100993	90.3358
0.00101664	108.23
0.00102334	128.423
0.00103005	150.235
0.00103675	173.658
0.00104346	197.983
0.00105016	223.278
0.00105686	249.5
0.00106357	276.745
0.00107027	305.986
0.00107698	337.277
0.00108368	372.241
0.00109039	410.869
0.00109709	454.661
0.0011038	503.573
0.0011105	558.379
0.00111721	619.031
0.00112391	685.346
0.00113062	757.291
0.00113732	833.705
0.00114402	914.578
0.00115073	998.014
0.00115743	1084.02
0.00116414	1170.73
0.00117084	1258.16
0.00117755	1345.43
0.00118425	1432.55
0.00119096	1520.09
0.00119766	1608.02
0.00120437	1697.77
0.00121107	1789.33
0.00121778	1884.04
0.00122448	1981.92
0.00123119	2083.45
0.00123789	2188.72
0.00124459	2296.83
0.0012513	2407.88
0.001258	2519.12
0.00126471	2630.66
0.00127141	2738.03
0.00127812	2841.24
0.00128482	2935.62
0.00129153	3020.97
0.00129823	3094.7
0.00130494	3156.48
0.00131164	3206.93
0.00131835	3245.84
0.00132505	3275.91
0.00133175	3297.24
0.00133846	3311.76
0.00134516	3319.79
0.00135187	3320.72
0.00135857	3313.73
0.00136528	3298.35
0.00137198	3270.54
0.00137869	3228.22
0.00138539	3171.41
0.0013921	3098.7
0.0013988	3009.44
0.00140551	2906.45
0.00141221	2789.36
0.00141891	2663.81
0.00142562	2529.97
0.00143232	2394.09
0.00143903	2256.83
0.00144573	2123.01
0.00145244	1993.49
0.00145914	1870.54
0.00146585	1754.9
0.00147255	1646.3
0.00147926	1545.08
0.00148596	1449.5
0.00149267	1359.41
0.00149937	1273.16
0.00150608	1190.3
0.00151278	1110.37
0.00151948	1033.01
0.00152619	958.891
0.00153289	887.987
0.0015396	821.219
0.0015463	758.842
0.00155301	701.18
0.00155971	648.498
0.00156642	600.358
0.00157312	556.822
0.00157983	517.074
0.00158653	480.973
0.00159324	447.729
0.00159994	417.128
0.00160664	388.517
0.00161335	361.699
0.00162005	336.086
0.00162676	311.477
0.00163346	287.398
0.00164017	263.605
0.00164687	239.958
0.00165358	216.245
0.00166028	192.781
0.00166699	169.532
0.00167369	147.074
0.0016804	125.596
0.0016871	105.582
0.00169381	87.3184
0.00170051	70.9713
0.00170721	56.7521
0.00171392	44.5336
0.00172062	34.3663
0.00172733	25.9777
0.00173403	19.282
0.00174074	13.9871
0.00174744	9.93715
0.00175415	6.88299
0.00176085	4.6523
0.00176756	3.06181
0.00177426	1.95563
0.00178097	1.21862
0.00178767	0.73006
0.00179437	0.430296
0.00180108	0.239363
0.00180778	0.133966
0.00181449	0.0680689
0.00182119	0.0366241
0.0018279	0.0157152
0.0018346	0.00874556
