0.000166815	1.16173e-08
0.000171844	2.93215e-08
0.000176872	8.24342e-08
0.000181901	2.12695e-07
0.000186929	5.33301e-07
0.000191958	1.29791e-06
0.000196986	3.14673e-06
0.000202014	7.24435e-06
0.000207043	1.69423e-05
0.000212071	3.70007e-05
0.0002171	8.32813e-05
0.000222128	0.000173017
0.000227157	0.000373995
0.000232185	0.000741092
0.000237214	0.00153552
0.000242242	0.00290961
0.00024727	0.00576896
0.000252299	0.0104782
0.000257327	0.0198533
0.000262356	0.0351881
0.000267384	0.0628772
0.000272413	0.107763
0.000277441	0.182984
0.000282469	0.301961
0.000287498	0.489556
0.000292526	0.776929
0.000297555	1.20581
0.000302583	1.83931
0.000307612	2.73853
0.00031264	4.01484
0.000317669	5.74452
0.000322697	8.09735
0.000327725	11.1505
0.000332754	15.1231
0.000337782	20.0701
0.000342811	26.2193
0.000347839	33.5804
0.000352868	42.3185
0.000357896	52.389
0.000362924	63.8179
0.000367953	76.523
0.000372981	90.3565
0.00037801	105.241
0.000383038	120.908
0.000388067	137.336
0.000393095	154.279
0.000398123	171.799
0.000403152	189.858
0.00040818	208.583
0.000413209	228.253
0.000418237	249.001
0.000423266	271.376
0.000428294	295.448
0.000433323	321.811
0.000438351	350.439
0.000443379	381.687
0.000448408	415.456
0.000453436	451.687
0.000458465	490.282
0.000463493	530.838
0.000468522	573.332
0.00047355	617.338
0.000478578	662.934
0.000483607	710.064
0.000488635	758.872
0.000493664	809.89
0.000498692	863.255
0.000503721	919.99
0.000508749	980.161
0.000513778	1044.91
0.000518806	1114.22
0.000523834	1188.91
0.000528863	1268.9
0.000533891	1354.42
0.00053892	1445.35
0.000543948	1541.25
0.000548977	1642
0.000554005	1746.57
0.000559033	1854.85
0.000564062	1965.32
0.00056909	2077.92
0.000574119	2190.72
0.000579147	2303.69
0.000584176	2414.59
0.000589204	2523.42
0.000594233	2627.8
0.000599261	2727.74
0.000604289	2821.05
0.000609318	2907.79
0.000614346	2986.39
0.000619375	3056.93
0.000624403	3118.93
0.000629432	3172.45
0.00063446	3218.23
0.000639488	3256.29
0.000644517	3288.22
0.000649545	3314
0.000654574	3335.29
0.000659602	3352.06
0.000664631	3365.44
0.000669659	3375.42
0.000674688	3380.03
0.000679716	3382.02
0.000684744	3381.25
0.000689773	3373.58
0.000694801	3360.37
0.00069983	3341.67
0.000704858	3316.84
0.000709887	3285.82
0.000714915	3249.33
0.000719943	3207.34
0.000724972	3161.4
0.00073	3111.52
0.000735029	3059.39
0.000740057	3005.06
0.000745086	2949.54
0.000750114	2892.94
0.000755143	2835.1
0.000760171	2776.12
0.000765199	2714.82
0.000770228	2651.22
0.000775256	2583.7
0.000780285	2512.18
0.000785313	2435.42
0.000790342	2353.25
0.00079537	2265.5
0.000800398	2171.98
0.000805427	2073.99
0.000810455	1971.36
0.000815484	1866.79
0.000820512	1760.24
0.000825541	1655.18
0.000830569	1551.78
0.000835598	1453.3
0.000840626	1360.1
0.000845654	1274.22
0.000850683	1196.09
0.000855711	1125.89
0.00086074	1063.96
0.000865768	1008.68
0.000870797	960.156
0.000875825	915.72
0.000880853	875.176
0.000885882	835.958
0.00089091	797.642
0.000895939	758.7
0.000900967	718.675
0.000905996	677.416
0.000911024	634.638
0.000916052	591.239
0.000921081	547.205
0.000926109	503.773
0.000931138	461.154
0.000936166	420.261
0.000941195	381.38
0.000946223	344.811
0.000951252	310.756
0.00095628	279.021
0.000961308	249.65
0.000966337	222.284
0.000971365	196.845
0.000976394	173.096
0.000981422	150.93
0.000986451	130.325
0.000991479	111.225
0.000996507	93.7312
0.00100154	77.8616
0.00100656	63.6855
0.00101159	51.2559
0.00101662	40.5087
0.00102165	31.4751
0.00102668	23.9543
0.00103171	17.9197
0.00103673	13.1013
0.00104176	9.41546
0.00104679	6.6026
0.00105182	4.54977
0.00105685	3.05785
0.00106188	2.01655
0.00106691	1.29887
0.00107193	0.818005
0.00107696	0.505296
0.00108199	0.303136
0.00108702	0.179849
0.00109205	0.102457
0.00109708	0.0585215
0.0011021	0.0313143
0.00110713	0.0174476
0.00111216	0.00887903
0.00111719	0.00475159
0.00112222	0.00231137
0.00112725	0.00118076
0.00113228	0.000550148
0.0011373	0.000267629
0.00114233	0.000119705
0.00114736	5.531e-05
0.00115239	2.38058e-05
0.00115742	1.04197e-05
0.00116245	3.94661e-06
0.00116747	1.78892e-06
