0.000500379	6.89815e-260
0.000509598	4.68695e-251
0.000518817	1.87478e-250
0.000528036	8.43903e-242
0.000537255	3.41014e-241
0.000546474	1.01679e-232
0.000555693	4.15144e-232
0.000564912	8.19786e-224
0.000574131	3.38242e-223
0.00058335	4.42286e-215
0.000592569	1.84442e-214
0.000601788	1.59675e-206
0.000611007	6.73123e-206
0.000620226	3.85741e-198
0.000629445	1.64411e-197
0.000638664	6.23564e-190
0.000647883	2.68765e-189
0.000657101	6.74512e-182
0.00066632	2.94045e-181
0.000675539	4.88225e-174
0.000684758	2.15307e-173
0.000693977	2.36466e-166
0.000703196	1.05513e-165
0.000712415	7.66361e-159
0.000721634	3.4606e-158
0.000730853	1.66193e-151
0.000740072	7.59625e-151
0.000749291	2.41158e-144
0.00075851	1.11596e-143
0.000767729	2.34153e-137
0.000776948	1.09723e-136
0.000786167	1.52126e-130
0.000795386	7.22018e-130
0.000804605	6.6132e-124
0.000813823	3.17978e-123
0.000823042	1.92362e-117
0.000832261	9.37233e-117
0.00084148	3.74389e-111
0.000850699	1.84883e-110
0.000859918	4.87552e-105
0.000869137	2.44087e-104
0.000878356	4.24824e-99
0.000887575	2.15671e-98
0.000896794	2.47677e-93
0.000906013	1.27537e-92
0.000915232	9.66152e-88
0.000924451	5.04756e-87
0.00093367	2.52166e-82
0.000942889	1.33698e-81
0.000952108	4.40358e-77
0.000961327	2.37008e-76
0.000970545	5.14518e-72
0.000979764	2.8119e-71
0.000988983	4.02224e-67
0.000998202	2.23272e-66
0.00100742	2.10381e-62
0.00101664	1.18649e-61
0.00102586	7.36239e-58
0.00103508	4.21982e-57
0.0010443	1.72387e-53
0.00105352	1.00443e-52
0.00106273	2.70067e-49
0.00107195	1.60008e-48
0.00108117	2.83096e-45
0.00109039	1.70593e-44
0.00109961	1.98569e-41
0.00110883	1.21725e-40
0.00111805	9.32052e-38
0.00112727	5.81299e-37
0.00113649	2.92807e-34
0.00114571	1.8579e-33
0.00115492	6.15786e-31
0.00116414	3.97423e-30
0.00117336	8.67226e-28
0.00118258	5.68984e-27
0.0011918	8.18316e-25
0.00120102	5.45223e-24
0.00121024	5.17786e-22
0.00121946	3.497e-21
0.00122868	2.1997e-19
0.00123789	1.50139e-18
0.00124711	6.28596e-17
0.00125633	4.31532e-16
0.00126555	1.21163e-14
0.00127477	8.30473e-14
0.00128399	1.58149e-12
0.00129321	1.07038e-11
0.00130243	1.40535e-10
0.00131165	9.24323e-10
0.00132087	8.5599e-09
0.00133008	5.35104e-08
0.0013393	3.6017e-07
0.00134852	2.07865e-06
0.00135774	1.05488e-05
0.00136696	5.42582e-05
0.00137618	0.000216271
0.0013854	0.000953761
0.00139462	0.00311003
0.00140384	0.011329
0.00141305	0.0313028
0.00142227	0.0914381
0.00143149	0.219515
0.00144071	0.506345
0.00144993	1.10414
0.00145915	2.07159
0.00146837	3.66336
0.00147759	5.87667
0.00148681	8.9352
0.00149603	12.8083
0.00150524	18.4252
0.00151446	25.7066
0.00152368	37.2014
0.0015329	52.8879
0.00154212	75.5731
0.00155134	105.336
0.00156056	143.719
0.00156978	190.741
0.001579	247.959
0.00158821	315.488
0.00159743	393.868
0.00160665	483.579
0.00161587	579.964
0.00162509	683.259
0.00163431	786.022
0.00164353	887.634
0.00165275	985.296
0.00166197	1077.92
0.00167118	1170.97
0.0016804	1263.53
0.00168962	1369.18
0.00169884	1488.86
0.00170806	1632.02
0.00171728	1801.93
0.0017265	1987.35
0.00173572	2189.55
0.00174494	2387.51
0.00175416	2578.83
0.00176337	2752.59
0.00177259	2906.69
0.00178181	3037.58
0.00179103	3144.26
0.00180025	3226.32
0.00180947	3284.65
0.00181869	3313.05
0.00182791	3325.02
0.00183713	3326.63
0.00184634	3310.29
0.00185556	3283.54
0.00186478	3248.61
0.001874	3206.98
0.00188322	3160.48
0.00189244	3104.04
0.00190166	3038.72
0.00191088	2952.53
0.0019201	2841.92
0.00192932	2705.21
0.00193853	2537.87
0.00194775	2355.43
0.00195697	2159.41
0.00196619	1965.54
0.00197541	1779.76
0.00198463	1604.48
0.00199385	1442.74
0.00200307	1290.64
0.00201229	1146.93
0.0020215	1012.36
0.00203072	886.077
0.00203994	771.975
0.00204916	671.839
0.00205838	585.22
0.0020676	513.576
0.00207682	451.84
0.00208604	398.511
0.00209526	350.476
0.00210448	305.363
0.00211369	264.431
0.00212291	227.536
0.00213213	195.802
0.00214135	170.257
0.00215057	149.488
0.00215979	133.346
0.00216901	120.161
0.00217823	108.93
0.00218745	99.2327
0.00219666	90.5577
0.00220588	82.7727
0.0022151	75.8199
0.00222432	69.122
0.00223354	62.3271
0.00224276	55.1283
0.00225198	46.9992
0.0022612	38.5369
0.00227042	29.8109
0.00227964	21.6422
0.00228885	14.7274
0.00229807	9.13855
0.00230729	5.31907
0.00231651	2.77855
0.00232573	1.16283
0.00233495	0.593205
