0.000500379	5.19905e-19
0.000506246	3.85307e-18
0.000512113	1.38526e-17
0.000517979	9.45553e-17
0.000523846	3.25751e-16
0.000529712	1.98808e-15
0.000535579	6.76076e-15
0.000541445	3.69996e-14
0.000547312	1.23844e-13
0.000553178	6.09687e-13
0.000559045	2.00234e-12
0.000564911	8.89818e-12
0.000570778	2.85761e-11
0.000576644	1.15057e-10
0.000582511	3.59989e-10
0.000588378	1.31845e-09
0.000594244	4.00335e-09
0.000600111	1.33929e-08
0.000605977	3.93036e-08
0.000611844	1.20626e-07
0.00061771	3.40685e-07
0.000623577	9.63471e-07
0.000629443	2.6075e-06
0.00063531	6.82537e-06
0.000641176	1.76237e-05
0.000647043	4.28872e-05
0.000652909	0.000105203
0.000658776	0.000239024
0.000664643	0.000554734
0.000670509	0.00118151
0.000676376	0.00258439
0.000682242	0.00517919
0.000688109	0.0106404
0.000693975	0.0201302
0.000699842	0.0387288
0.000705708	0.0709418
0.000711575	0.125861
0.000717441	0.218083
0.000723308	0.361861
0.000729174	0.589601
0.000735041	0.919916
0.000740908	1.40823
0.000746774	2.07148
0.000752641	2.9816
0.000758507	4.14508
0.000764374	5.6249
0.00077024	7.41451
0.000776107	9.53657
0.000781973	11.9851
0.00078784	14.7451
0.000793706	17.839
0.000799573	21.2905
0.000805439	25.1704
0.000811306	29.6716
0.000817173	34.896
0.000823039	41.2824
0.000828906	48.9032
0.000834772	58.3304
0.000840639	69.5393
0.000846505	82.9058
0.000852372	98.2916
0.000858238	115.504
0.000864105	134.356
0.000869971	153.972
0.000875838	174.24
0.000881704	193.959
0.000887571	213.181
0.000893438	231.126
0.000899304	248.005
0.000905171	264.164
0.000911037	279.869
0.000916904	296.778
0.00092277	315.075
0.000928637	337.185
0.000934503	363.129
0.00094037	395.103
0.000946236	432.997
0.000952103	477.948
0.000957969	529.821
0.000963836	588.584
0.000969703	654.167
0.000975569	725.966
0.000981436	803.98
0.000987302	887.701
0.000993169	977.127
0.000999035	1071.84
0.0010049	1171.79
0.00101077	1275.93
0.00101663	1384.18
0.0010225	1494.27
0.00102837	1606.17
0.00103423	1716.79
0.0010401	1826.18
0.00104597	1931.74
0.00105183	2033.54
0.0010577	2130.65
0.00106357	2223.12
0.00106943	2311.65
0.0010753	2396.25
0.00108117	2478.23
0.00108703	2557.57
0.0010929	2635.01
0.00109877	2710.55
0.00110463	2783.88
0.0011105	2855.03
0.00111637	2922.86
0.00112223	2987.38
0.0011281	3047.15
0.00113397	3102.17
0.00113983	3151.11
0.0011457	3193.97
0.00115157	3229.84
0.00115743	3258.69
0.0011633	3280.45
0.00116916	3295.5
0.00117503	3298.14
0.0011809	3295.9
0.00118676	3289.88
0.00119263	3271.13
0.0011985	3244.14
0.00120436	3209.51
0.00121023	3166.92
0.0012161	3116.29
0.00122196	3058.83
0.00122783	2994.5
0.0012337	2925.09
0.00123956	2850.63
0.00124543	2772.95
0.0012513	2692.15
0.00125716	2609.67
0.00126303	2525.64
0.0012689	2440.94
0.00127476	2355.71
0.00128063	2270.35
0.0012865	2184.93
0.00129236	2099.49
0.00129823	2014.07
0.0013041	1928.47
0.00130996	1842.71
0.00131583	1756.59
0.00132169	1670.07
0.00132756	1583.22
0.00133343	1495.95
0.00133929	1408.76
0.00134516	1321.59
0.00135103	1235.35
0.00135689	1150.06
0.00136276	1066.82
0.00136863	985.765
0.00137449	907.788
0.00138036	833.103
0.00138623	762.132
0.00139209	695.051
0.00139796	631.835
0.00140383	572.55
0.00140969	516.982
0.00141556	465.098
0.00142143	416.752
0.00142729	371.891
0.00143316	330.474
0.00143903	292.493
0.00144489	257.872
0.00145076	226.636
0.00145663	198.54
0.00146249	173.581
0.00146836	151.347
0.00147422	131.759
0.00148009	114.377
0.00148596	99.0528
0.00149182	85.4696
0.00149769	73.4731
0.00150356	62.9274
0.00150942	53.7361
0.00151529	45.8671
0.00152116	39.3011
0.00152702	33.9638
0.00153289	29.8677
0.00153876	26.7987
0.00154462	24.7242
0.00155049	23.3166
0.00155636	22.4532
0.00156222	21.8209
0.00156809	21.2333
0.00157396	20.5226
0.00157982	19.5206
0.00158569	18.245
0.00159156	16.622
0.00159742	14.7874
0.00160329	12.7775
0.00160916	10.7359
0.00161502	8.76064
0.00162089	6.92759
0.00162675	5.32745
0.00163262	3.95979
0.00163849	2.86537
0.00164435	2.00222
0.00165022	1.36075
0.00165609	0.895127
0.00166195	0.553567
0.00166782	0.353802
