3.33898e-05	2.00007e-30
3.59039e-05	4.0464e-29
3.8418e-05	1.55856e-28
4.09322e-05	2.78104e-27
4.34463e-05	1.06e-26
4.59604e-05	1.65002e-25
4.84746e-05	6.29214e-25
5.09887e-05	8.55676e-24
5.35028e-05	3.25991e-23
5.6017e-05	3.87947e-22
5.85311e-05	1.47413e-21
6.10452e-05	1.53814e-20
6.35594e-05	5.81826e-20
6.60735e-05	5.33475e-19
6.85877e-05	2.00442e-18
7.11018e-05	1.61907e-17
7.36159e-05	6.02744e-17
7.61301e-05	4.30135e-16
7.86442e-05	1.58212e-15
8.11583e-05	1.00068e-14
8.36725e-05	3.62512e-14
8.61866e-05	2.03942e-13
8.87007e-05	7.25108e-13
9.12149e-05	3.64262e-12
9.3729e-05	1.2662e-11
9.62431e-05	5.7041e-11
9.87573e-05	1.93041e-10
0.000101271	7.83414e-10
0.000103786	2.56967e-09
0.0001063	9.44018e-09
0.000108814	2.98694e-08
0.000111328	9.98361e-08
0.000113842	3.03213e-07
0.000116356	9.26879e-07
0.00011887	2.68844e-06
0.000121384	7.55558e-06
0.000123899	2.08239e-05
0.000126413	5.40844e-05
0.000128927	0.000140938
0.000131441	0.000339983
0.000133955	0.000833733
0.000136469	0.00187681
0.000138983	0.00431242
0.000141498	0.00909819
0.000144012	0.0195136
0.000146526	0.0387316
0.00014904	0.0773031
0.000151554	0.146268
0.000154068	0.269889
0.000156582	0.488296
0.000159096	0.833857
0.000161611	1.40892
0.000164125	2.25767
0.000166639	3.56578
0.000169153	5.37913
0.000171667	7.96179
0.000174181	11.3433
0.000176695	15.8067
0.00017921	21.3556
0.000181724	28.2043
0.000184238	36.343
0.000186752	45.8828
0.000189266	56.8234
0.00019178	69.2376
0.000194294	83.1372
0.000196809	98.634
0.000199323	115.726
0.000201837	134.503
0.000204351	154.937
0.000206865	176.941
0.000209379	200.505
0.000211893	225.433
0.000214407	251.825
0.000216922	279.958
0.000219436	310.084
0.00022195	343.877
0.000224464	381.665
0.000226978	427.055
0.000229492	480.27
0.000232006	546.205
0.000234521	624.822
0.000237035	720.334
0.000239549	832.453
0.000242063	962.426
0.000244577	1109.91
0.000247091	1272.37
0.000249605	1449.64
0.000252119	1637.1
0.000254634	1834.79
0.000257148	2039.01
0.000259662	2249.9
0.000262176	2466.21
0.00026469	2687.97
0.000267204	2914.72
0.000269718	3146.37
0.000272233	3380.04
0.000274747	3615.66
0.000277261	3846.9
0.000279775	4073.8
0.000282289	4289.78
0.000284803	4494.91
0.000287317	4687.58
0.000289831	4867.75
0.000292346	5041.58
0.00029486	5208.93
0.000297374	5381.05
0.000299888	5557.95
0.000302402	5749.11
0.000304916	5954.83
0.00030743	6176.04
0.000309945	6413.26
0.000312459	6656.6
0.000314973	6906.5
0.000317487	7146.14
0.000320001	7375.49
0.000322515	7578.37
0.000325029	7754.18
0.000327544	7894.59
0.000330058	7999.57
0.000332572	8060.71
0.000335086	8090.5
0.0003376	8092.25
0.000340114	8061.04
0.000342628	8008.97
0.000345142	7936.81
0.000347657	7851.07
0.000350171	7752.47
0.000352685	7643.41
0.000355199	7524.42
0.000357713	7394.7
0.000360227	7254.25
0.000362741	7102.31
0.000365256	6938.48
0.00036777	6764.58
0.000370284	6580.32
0.000372798	6389.91
0.000375312	6193.53
0.000377826	5995.37
0.00038034	5796.05
0.000382854	5597.51
0.000385369	5400.37
0.000387883	5204.17
0.000390397	5009.2
0.000392911	4813.64
0.000395425	4617.47
0.000397939	4418.36
0.000400453	4216.08
0.000402968	4008.37
0.000405482	3794.7
0.000407996	3574.12
0.00041051	3345.81
0.000413024	3111.91
0.000415538	2871.79
0.000418052	2631.2
0.000420566	2390.4
0.000423081	2156.87
0.000425595	1932.04
0.000428109	1721.87
0.000430623	1528.39
0.000433137	1353.77
0.000435651	1199.65
0.000438165	1064.37
0.00044068	948.485
0.000443194	848.083
0.000445708	762.601
0.000448222	687.809
0.000450736	622.458
0.00045325	563.343
0.000455764	509.092
0.000458279	458.057
0.000460793	409.179
0.000463307	362.236
0.000465821	316.705
0.000468335	273.233
0.000470849	231.828
0.000473363	193.325
0.000475877	158.07
0.000478392	126.541
0.000480906	99.1338
0.00048342	75.7497
0.000485934	56.5848
0.000488448	41.0818
0.000490962	29.1368
0.000493476	20.0323
0.000495991	13.4345
0.000498505	8.7301
0.000501019	5.51205
0.000503533	3.38458
0.000506047	2.00151
0.000508561	1.16326
0.000511075	0.637712
0.000513589	0.353888
0.000516104	0.178789
0.000518618	0.0951599
0.000521132	0.0452406
0.000523646	0.0225277
0.00052616	0.0101142
0.000528674	0.00468856
0.000531188	0.00181484
0.000533703	0.000856929
