0.000500379	1.55853e-98
0.000507922	2.97515e-94
0.000515465	1.19002e-93
0.000523008	1.69016e-89
0.00053055	6.82933e-89
0.000538093	7.21549e-85
0.000545636	2.94572e-84
0.000553179	2.31486e-80
0.000560721	9.5498e-80
0.000568264	5.58095e-76
0.000575807	2.32694e-75
0.00058335	1.01114e-71
0.000590892	4.26151e-71
0.000598435	1.37671e-67
0.000605978	5.86585e-67
0.000613521	1.40862e-63
0.000621063	6.06856e-63
0.000628606	1.08312e-59
0.000636149	4.71876e-59
0.000643692	6.25885e-56
0.000651234	2.75777e-55
0.000658777	2.71802e-52
0.00066632	1.21137e-51
0.000673862	8.87083e-49
0.000681405	3.99929e-48
0.000688948	2.17594e-45
0.000696491	9.9238e-45
0.000704033	4.01165e-42
0.000711576	1.85082e-41
0.000719119	5.55938e-39
0.000726662	2.59441e-38
0.000734204	5.79167e-36
0.000741747	2.73344e-35
0.00074929	4.53648e-33
0.000756833	2.16459e-32
0.000764375	2.67216e-30
0.000771918	1.28838e-29
0.000779461	1.18401e-27
0.000787004	5.76392e-27
0.000794546	3.94784e-25
0.000802089	1.93825e-24
0.000809632	9.91065e-23
0.000817175	4.8993e-22
0.000824717	1.87449e-20
0.00083226	9.30911e-20
0.000839803	2.67365e-18
0.000847345	1.32972e-17
0.000854888	2.8793e-16
0.000862431	1.42802e-15
0.000869974	2.3448e-14
0.000877516	1.15315e-13
0.000885059	1.44681e-12
0.000892602	7.00329e-12
0.000900145	6.78015e-11
0.000907687	3.19963e-10
0.00091523	2.41988e-09
0.000922773	1.10016e-08
0.000930316	6.5979e-08
0.000937858	2.84849e-07
0.000945401	1.3786e-06
0.000952944	5.55824e-06
0.000960487	2.2139e-05
0.000968029	8.18342e-05
0.000975572	0.000273889
0.000983115	0.000910613
0.000990658	0.00261432
0.0009982	0.00767646
0.00100574	0.0192665
0.00101329	0.0491867
0.00102083	0.109639
0.00102837	0.240635
0.00103591	0.496765
0.00104346	0.930185
0.001051	1.69032
0.00105854	2.7786
0.00106608	4.34994
0.00107363	6.37091
0.00108117	8.75314
0.00108871	11.4584
0.00109626	14.0965
0.0011038	16.6736
0.00111134	18.8631
0.00111888	20.7167
0.00112643	22.4232
0.00113397	24.0267
0.00114151	26.1794
0.00114906	28.8921
0.0011566	32.8977
0.00116414	38.2006
0.00117168	45.5811
0.00117923	55.041
0.00118677	67.481
0.00119431	82.8677
0.00120185	101.499
0.0012094	123.324
0.00121694	147.11
0.00122448	172.86
0.00123203	198.903
0.00123957	225.287
0.00124711	253.256
0.00125465	282.805
0.0012622	319.553
0.00126974	363.458
0.00127728	420.582
0.00128482	490.989
0.00129237	575.313
0.00129991	673.749
0.00130745	780.122
0.001315	894.574
0.00132254	1008.22
0.00133008	1120.97
0.00133762	1226.62
0.00134517	1324.85
0.00135271	1415.25
0.00136025	1497.4
0.00136779	1576.82
0.00137534	1653.28
0.00138288	1735.28
0.00139042	1823.14
0.00139797	1921.98
0.00140551	2032.6
0.00141305	2151.73
0.00142059	2279.77
0.00142814	2409.22
0.00143568	2539.56
0.00144322	2667.31
0.00145076	2792.02
0.00145831	2913.18
0.00146585	3031.32
0.00147339	3141.01
0.00148094	3242.72
0.00148848	3326.86
0.00149602	3395.05
0.00150356	3423.95
0.00151111	3433.55
0.00151865	3432.61
0.00152619	3398.46
0.00153373	3350.95
0.00154128	3294.55
0.00154882	3232.2
0.00155636	3165.74
0.00156391	3092.01
0.00157145	3011.24
0.00157899	2919.07
0.00158653	2814.34
0.00159408	2697.44
0.00160162	2567.4
0.00160916	2429.2
0.0016167	2282.62
0.00162425	2135.57
0.00163179	1988.76
0.00163933	1850.7
0.00164688	1723.62
0.00165442	1610.75
0.00166196	1514.82
0.0016695	1429.95
0.00167705	1356.66
0.00168459	1285.07
0.00169213	1212.66
0.00169968	1134.35
0.00170722	1047.03
0.00171476	953.49
0.0017223	852.682
0.00172985	751.492
0.00173739	651.367
0.00174493	557.867
0.00175247	473.454
0.00176002	399.609
0.00176756	338.077
0.0017751	286.788
0.00178265	245.929
0.00179019	212.234
0.00179773	184.634
0.00180527	160.871
0.00181282	139.638
0.00182036	120.314
0.0018279	102.17
0.00183544	85.4616
0.00184299	70.0957
0.00185053	56.3229
0.00185807	44.2864
0.00186562	33.9515
0.00187316	25.3931
0.0018807	18.4022
0.00188824	12.9324
0.00189579	8.72631
0.00190333	5.66486
0.00191087	3.49371
0.00191841	2.05191
0.00192596	1.13985
0.0019335	0.580448
0.00194104	0.295996
0.00194859	0.13167
0.00195613	0.0598408
0.00196367	0.0239204
0.00197121	0.00927513
0.00197876	0.00338071
0.0019863	0.00109323
0.00199384	0.000346444
0.00200138	9.75145e-05
