3.33898e-05	1.04977e-31
3.59039e-05	4.37918e-30
3.8418e-05	1.72018e-29
4.09322e-05	5.99411e-28
4.34463e-05	2.35163e-27
4.59604e-05	6.81139e-26
4.84746e-05	2.68216e-25
5.09887e-05	6.46599e-24
5.35028e-05	2.55224e-23
5.6017e-05	5.12931e-22
5.85311e-05	2.02623e-21
6.10452e-05	3.40149e-20
6.35594e-05	1.34213e-19
6.60735e-05	1.88649e-18
6.85877e-05	7.41725e-18
7.11018e-05	8.75466e-17
7.36159e-05	3.4202e-16
7.61301e-05	3.40153e-15
7.86442e-05	1.31593e-14
8.11583e-05	1.10725e-13
8.36725e-05	4.22481e-13
8.61866e-05	3.02185e-12
8.87007e-05	1.13188e-11
9.12149e-05	6.91976e-11
9.3729e-05	2.53071e-10
9.62431e-05	1.33063e-09
9.87573e-05	4.72252e-09
0.000101271	2.15045e-08
0.000103786	7.35602e-08
0.0001063	2.92311e-07
0.000108814	9.56563e-07
0.000111328	3.34432e-06
0.000113842	1.03864e-05
0.000116356	3.22226e-05
0.00011887	9.41888e-05
0.000121384	0.00026156
0.000123899	0.000713586
0.000126413	0.00178901
0.000128927	0.00451835
0.000131441	0.0103103
0.000133955	0.023924
0.000136469	0.0500553
0.000138983	0.106008
0.000141498	0.206706
0.000144012	0.395454
0.000146526	0.729958
0.00014904	1.25401
0.000151554	2.10769
0.000154068	3.32534
0.000156582	5.09684
0.000159096	7.41736
0.000161611	10.4182
0.000164125	14.048
0.000166639	18.2488
0.000169153	22.9723
0.000171667	28.0026
0.000174181	33.3605
0.000176695	38.9323
0.00017921	44.8
0.000181724	51.1713
0.000184238	58.1026
0.000186752	65.9758
0.000189266	74.7765
0.00019178	84.714
0.000194294	95.7821
0.000196809	108.035
0.000199323	121.579
0.000201837	136.853
0.000204351	154.054
0.000206865	174.473
0.000209379	198.268
0.000211893	227.34
0.000214407	261.692
0.000216922	302.959
0.000219436	351.007
0.00022195	406.385
0.000224464	468.954
0.000226978	538.171
0.000229492	614.022
0.000232006	695.851
0.000234521	783.768
0.000237035	878.126
0.000239549	979.004
0.000242063	1087.6
0.000244577	1203.8
0.000247091	1327.73
0.000249605	1459.16
0.000252119	1595.23
0.000254634	1735.85
0.000257148	1876.33
0.000259662	2016.86
0.000262176	2155.82
0.00026469	2293.59
0.000267204	2436.48
0.000269718	2584.7
0.000272233	2751.58
0.000274747	2937.02
0.000277261	3153.11
0.000279775	3399.63
0.000282289	3677.79
0.000284803	3987.55
0.000287317	4316.32
0.000289831	4664.27
0.000292346	5011.31
0.00029486	5357.54
0.000297374	5685.32
0.000299888	5994.49
0.000302402	6275.99
0.000304916	6529.49
0.00030743	6755.08
0.000309945	6952.39
0.000312459	7128.7
0.000314973	7283.74
0.000317487	7428.95
0.000320001	7564.43
0.000322515	7700.03
0.000325029	7836.5
0.000327544	7974.5
0.000330058	8115.11
0.000332572	8246.59
0.000335086	8369.46
0.0003376	8467.26
0.000340114	8541.76
0.000342628	8557.14
0.000345142	8542.41
0.000347657	8505.83
0.000350171	8407.93
0.000352685	8275.77
0.000355199	8113.32
0.000357713	7927.2
0.000360227	7717.99
0.000362741	7493.44
0.000365256	7254.07
0.00036777	7006.5
0.000370284	6751.19
0.000372798	6494.1
0.000375312	6235.93
0.000377826	5980.29
0.00038034	5728.02
0.000382854	5479.33
0.000385369	5234.69
0.000387883	4992.19
0.000390397	4751.71
0.000392911	4511.6
0.000395425	4271.36
0.000397939	4031.2
0.000400453	3790.74
0.000402968	3551.92
0.000405482	3314.81
0.000407996	3081.62
0.00041051	2852.77
0.000413024	2629.64
0.000415538	2412.54
0.000418052	2202.45
0.000420566	1999.38
0.000423081	1805.13
0.000425595	1619.75
0.000428109	1446.1
0.000430623	1284.66
0.000433137	1138.05
0.000435651	1007.23
0.000438165	892.956
0.00044068	796.135
0.000443194	714.997
0.000445708	649.833
0.000448222	596.999
0.000450736	555.912
0.00045325	522.45
0.000455764	495.383
0.000458279	471.323
0.000460793	448.85
0.000463307	425.893
0.000465821	401.216
0.000468335	374.225
0.000470849	344.106
0.000473363	311.638
0.000475877	276.617
0.000478392	240.713
0.000480906	204.392
0.00048342	169.369
0.000485934	136.553
0.000488448	106.917
0.000490962	81.3373
0.000493476	59.7828
0.000495991	42.6731
0.000498505	29.295
0.000501019	19.5099
0.000503533	12.4712
0.000506047	7.69879
0.000508561	4.58016
0.000511075	2.59867
0.000513589	1.44316
0.000516104	0.733042
0.000518618	0.389696
0.000521132	0.182922
0.000523646	0.089501
0.00052616	0.0391005
0.000528674	0.0174229
0.000531188	0.00650603
0.000533703	0.00286707
