3.33898e-05	5.4904
3.52334e-05	7.09927
3.70771e-05	9.14217
3.89207e-05	11.5932
4.07644e-05	14.528
4.2608e-05	18.0071
4.44517e-05	22.0635
4.62953e-05	26.7518
4.8139e-05	32.0852
4.99827e-05	38.1012
5.18263e-05	44.7958
5.367e-05	52.1823
5.55136e-05	60.2503
5.73573e-05	68.992
5.92009e-05	78.4071
6.10446e-05	88.4824
6.28882e-05	99.2434
6.47319e-05	110.698
6.65755e-05	122.905
6.84192e-05	135.922
7.02628e-05	149.836
7.21065e-05	164.768
7.39502e-05	180.815
7.57938e-05	198.156
7.76375e-05	216.872
7.94811e-05	237.164
8.13248e-05	259.072
8.31684e-05	282.768
8.50121e-05	308.241
8.68557e-05	335.577
8.86994e-05	364.719
9.0543e-05	395.632
9.23867e-05	428.232
9.42303e-05	462.367
9.6074e-05	497.95
9.79177e-05	534.747
9.97613e-05	572.695
0.000101605	611.543
0.000103449	651.265
0.000105292	691.655
0.000107136	732.722
0.00010898	774.356
0.000110823	816.587
0.000112667	859.411
0.000114511	902.864
0.000116354	947.027
0.000118198	991.935
0.000120042	1037.72
0.000121885	1084.42
0.000123729	1132.2
0.000125572	1181.11
0.000127416	1231.36
0.00012926	1283.02
0.000131103	1336.38
0.000132947	1391.5
0.000134791	1448.76
0.000136634	1508.2
0.000138478	1570.23
0.000140322	1634.83
0.000142165	1702.25
0.000144009	1772.39
0.000145853	1845.13
0.000147696	1920.3
0.00014954	1997.18
0.000151384	2075.55
0.000153227	2154.03
0.000155071	2232.4
0.000156915	2308.71
0.000158758	2382.83
0.000160602	2452.57
0.000162446	2517.9
0.000164289	2576.87
0.000166133	2629.54
0.000167977	2674.61
0.00016982	2712.22
0.000171664	2742.01
0.000173507	2764.13
0.000175351	2779.64
0.000177195	2788.18
0.000179038	2788.61
0.000180882	2786.21
0.000182726	2780.64
0.000184569	2769.83
0.000186413	2757.38
0.000188257	2743.12
0.0001901	2728.5
0.000191944	2713.5
0.000193788	2699.28
0.000195631	2685.83
0.000197475	2673.87
0.000199319	2663.38
0.000201162	2654.69
0.000203006	2647.77
0.00020485	2642.54
0.000206693	2638.98
0.000208537	2636.61
0.000210381	2635.41
0.000212224	2634.49
0.000214068	2633.84
0.000215912	2632.32
0.000217755	2629.82
0.000219599	2625.04
0.000221442	2617.98
0.000223286	2607.4
0.00022513	2593.29
0.000226973	2574.8
0.000228817	2551.91
0.000230661	2524.37
0.000232504	2492.15
0.000234348	2455.65
0.000236192	2414.85
0.000238035	2370.65
0.000239879	2323.06
0.000241723	2273.25
0.000243566	2221.23
0.00024541	2168.11
0.000247254	2113.93
0.000249097	2059.48
0.000250941	2004.8
0.000252785	1950.23
0.000254628	1895.82
0.000256472	1841.46
0.000258316	1787.2
0.000260159	1732.65
0.000262003	1677.84
0.000263847	1622.33
0.00026569	1566.11
0.000267534	1508.92
0.000269377	1450.72
0.000271221	1391.58
0.000273065	1331.43
0.000274908	1270.7
0.000276752	1209.34
0.000278596	1148.05
0.000280439	1086.84
0.000282283	1026.52
0.000284127	967.153
0.00028597	909.528
0.000287814	853.729
0.000289658	800.363
0.000291501	749.531
0.000293345	701.552
0.000295189	656.518
0.000297032	614.442
0.000298876	575.383
0.00030072	539.095
0.000302563	505.595
0.000304407	474.477
0.000306251	445.713
0.000308094	418.849
0.000309938	393.822
0.000311782	370.226
0.000313625	347.981
0.000315469	326.783
0.000317312	306.552
0.000319156	287.103
0.000321	268.372
0.000322843	250.279
0.000324687	232.782
0.000326531	215.88
0.000328374	199.552
0.000330218	183.85
0.000332062	168.772
0.000333905	154.395
0.000335749	140.733
0.000337593	127.872
0.000339436	115.835
0.00034128	104.697
0.000343124	94.4874
0.000344967	85.2509
0.000346811	77.0171
0.000348655	69.7854
0.000350498	63.577
0.000352342	58.3344
0.000354186	54.062
0.000356029	50.6446
0.000357873	48.0618
0.000359717	46.1533
0.00036156	44.8698
0.000363404	44.0298
0.000365247	43.5574
0.000367091	43.2805
0.000368935	43.1068
0.000370778	42.9018
0.000372622	42.573
0.000374466	42.0428
0.000376309	41.2359
0.000378153	40.1367
0.000379997	38.7016
0.00038184	36.9672
0.000383684	34.928
0.000385528	32.6531
0.000387371	30.1722
0.000389215	27.5631
0.000391059	24.8795
0.000392902	22.1883
0.000394746	19.5513
0.00039659	17.0129
0.000398433	14.6424
0.000400277	12.4159
