0.000166815	0.00280691
0.000171844	0.00444627
0.000176872	0.00906268
0.000181901	0.0155006
0.000186929	0.0271342
0.000191958	0.0450542
0.000196986	0.0753489
0.000202014	0.121188
0.000207043	0.194118
0.000212071	0.301916
0.0002171	0.464141
0.000222128	0.697264
0.000227157	1.03054
0.000232185	1.49426
0.000237214	2.12634
0.000242242	2.97493
0.00024727	4.08112
0.000252299	5.51015
0.000257327	7.2961
0.000262356	9.51166
0.000267384	12.1719
0.000272413	15.3373
0.000277441	18.9958
0.000282469	23.1709
0.000287498	27.8253
0.000292526	32.9274
0.000297555	38.4289
0.000302583	44.2454
0.000307612	50.3394
0.00031264	56.6032
0.000317669	63.0309
0.000322697	69.5418
0.000327725	76.1711
0.000332754	82.9171
0.000337782	89.851
0.000342811	97.0818
0.000347839	104.699
0.000352868	112.921
0.000357896	121.834
0.000362924	131.729
0.000367953	142.668
0.000372981	154.957
0.00037801	168.629
0.000383038	183.94
0.000388067	200.897
0.000393095	219.669
0.000398123	240.249
0.000403152	262.717
0.00040818	287.073
0.000413209	313.354
0.000418237	341.577
0.000423266	371.802
0.000428294	404.067
0.000433323	438.51
0.000438351	475.178
0.000443379	514.299
0.000448408	555.914
0.000453436	600.314
0.000458465	647.525
0.000463493	697.847
0.000468522	751.286
0.00047355	808.093
0.000478578	868.243
0.000483607	931.85
0.000488635	998.844
0.000493664	1069.05
0.000498692	1142.36
0.000503721	1218.12
0.000508749	1296.17
0.000513778	1375.32
0.000518806	1455.41
0.000523834	1534.79
0.000528863	1613.41
0.000533891	1689.58
0.00053892	1763.37
0.000543948	1833.72
0.000548977	1900.76
0.000554005	1964.56
0.000559033	2025.28
0.000564062	2084.16
0.00056909	2141.32
0.000574119	2198.74
0.000579147	2256.42
0.000584176	2316.28
0.000589204	2378.23
0.000594233	2443.35
0.000599261	2511.55
0.000604289	2582.66
0.000609318	2656.62
0.000614346	2732.15
0.000619375	2809.21
0.000624403	2885.78
0.000629432	2961.84
0.00063446	3034.97
0.000639488	3105.18
0.000644517	3169.89
0.000649545	3229.11
0.000654574	3280.3
0.000659602	3323.51
0.000664631	3357.64
0.000669659	3382.68
0.000674688	3387.36
0.000679716	3387.76
0.000684744	3384.2
0.000689773	3360.57
0.000694801	3328.18
0.00069983	3287.28
0.000704858	3239.23
0.000709887	3184.02
0.000714915	3124.24
0.000719943	3059.92
0.000724972	2993.11
0.00073	2923.85
0.000735029	2853.43
0.000740057	2781.89
0.000745086	2709.9
0.000750114	2637.5
0.000755143	2565.11
0.000760171	2492.73
0.000765199	2420.8
0.000770228	2349.33
0.000775256	2278.7
0.000780285	2208.96
0.000785313	2140.26
0.000790342	2072.66
0.00079537	2005.9
0.000800398	1940.02
0.000805427	1874.35
0.000810455	1808.89
0.000815484	1742.81
0.000820512	1676.04
0.000825541	1607.97
0.000830569	1538.47
0.000835598	1467.48
0.000840626	1394.87
0.000845654	1321.22
0.000850683	1246.48
0.000855711	1171.77
0.00086074	1097.1
0.000865768	1023.85
0.000870797	952.114
0.000875825	883.117
0.000880853	817.037
0.000885882	754.638
0.00089091	696.112
0.000895939	641.652
0.000900967	591.398
0.000905996	545.052
0.000911024	502.661
0.000916052	463.652
0.000921081	427.977
0.000926109	395.039
0.000931138	364.726
0.000936166	336.594
0.000941195	310.524
0.000946223	286.278
0.000951252	263.77
0.00095628	242.908
0.000961308	223.656
0.000966337	205.946
0.000971365	189.778
0.000976394	175.007
0.000981422	161.63
0.000986451	149.409
0.000991479	138.304
0.000996507	128.043
0.00100154	118.545
0.00100656	109.604
0.00101159	101.123
0.00101662	93.0284
0.00102165	85.2498
0.00102668	77.8412
0.00103171	70.7869
0.00103673	64.1942
0.00104176	58.0999
0.00104679	52.5716
0.00105182	47.6644
0.00105685	43.35
0.00106188	39.6578
0.00106691	36.4708
0.00107193	33.7665
0.00107696	31.3946
0.00108199	29.286
0.00108702	27.3222
0.00109205	25.4188
0.00109708	23.5266
0.0011021	21.5822
0.00110713	19.6036
0.00111216	17.5697
0.00111719	15.5345
0.00112222	13.5174
0.00112725	11.572
0.00113228	9.73838
0.0011373	8.0465
0.00114233	6.53358
0.00114736	5.20139
0.00115239	4.06903
0.00115742	3.11861
0.00116245	2.33832
0.00116747	1.7322
