0.000100103	4.86509e-07
0.00010312	1.1213e-06
0.000106137	3.02568e-06
0.000109154	7.19205e-06
0.000112171	1.71544e-05
0.000115188	3.85771e-05
0.000118205	8.86939e-05
0.000121222	0.000189224
0.000124239	0.000418364
0.000127256	0.000849041
0.000130273	0.00180114
0.00013329	0.00348596
0.000136307	0.00708078
0.000139324	0.0131007
0.000142341	0.0254323
0.000145358	0.0454607
0.000148375	0.0836264
0.000151392	0.145379
0.000154408	0.252145
0.000157425	0.421871
0.000160442	0.695848
0.000163459	1.11809
0.000166476	1.75868
0.000169493	2.70989
0.00017251	4.0733
0.000175527	6.01386
0.000178544	8.65245
0.000181561	12.2366
0.000184578	16.8734
0.000187595	22.8628
0.000190612	30.2506
0.000193629	39.2995
0.000196646	49.9548
0.000199663	62.309
0.00020268	76.2087
0.000205697	91.4644
0.000208714	107.888
0.000211731	125.014
0.000214748	142.728
0.000217765	160.482
0.000220782	178.327
0.000223799	195.967
0.000226816	213.637
0.000229833	231.604
0.00023285	250.207
0.000235867	270.36
0.000238884	292.361
0.000241901	317.53
0.000244918	345.998
0.000247935	379
0.000250952	416.458
0.000253969	459.026
0.000256986	506.484
0.000260003	558.659
0.00026302	615.317
0.000266037	675.607
0.000269054	739.418
0.000272071	805.726
0.000275088	874.609
0.000278105	945.524
0.000281122	1018.72
0.000284139	1094.65
0.000287156	1173.63
0.000290173	1257.22
0.00029319	1345.66
0.000296207	1441.18
0.000299224	1543.83
0.000302241	1655.63
0.000305258	1776.36
0.000308275	1906.71
0.000311292	2046.25
0.000314309	2193.39
0.000317326	2347.58
0.000320343	2504.61
0.00032336	2664.04
0.000326377	2819.61
0.000329394	2971.16
0.000332411	3112.07
0.000335428	3242.52
0.000338445	3357.87
0.000341462	3458.59
0.000344479	3544.17
0.000347496	3615.15
0.000350513	3676.06
0.00035353	3727.31
0.000356547	3777.39
0.000359564	3826.44
0.000362581	3884.14
0.000365598	3950.33
0.000368615	4032.4
0.000371632	4130.03
0.000374649	4245.45
0.000377666	4378.37
0.000380683	4524.83
0.0003837	4684.66
0.000386717	4848.71
0.000389734	5016.98
0.000392751	5177.79
0.000395768	5331.22
0.000398785	5466.39
0.000401802	5583.4
0.000404819	5676.44
0.000407836	5745.66
0.000410853	5775.19
0.00041387	5787.27
0.000416887	5783.3
0.000419904	5744.86
0.000422921	5689.96
0.000425938	5618.94
0.000428955	5538.41
0.000431972	5448.42
0.000434989	5355.25
0.000438006	5259.09
0.000441023	5163.04
0.00044404	5067.33
0.000447057	4971.75
0.000450074	4876.47
0.000453091	4779.18
0.000456108	4679.9
0.000459125	4576.14
0.000462142	4467.76
0.000465159	4353.55
0.000468176	4233.32
0.000471193	4107.59
0.00047421	3976.22
0.000477227	3840.85
0.000480244	3701.47
0.000483261	3559.94
0.000486278	3416.34
0.000489295	3272.12
0.000492312	3127.4
0.000495329	2983.14
0.000498346	2839.42
0.000501363	2697.03
0.00050438	2556
0.000507397	2417.15
0.000510414	2280.52
0.000513431	2147.05
0.000516448	2016.81
0.000519465	1890.76
0.000522482	1769.01
0.000525499	1652.38
0.000528516	1541.01
0.000531533	1435.42
0.00053455	1335.77
0.000537567	1242.16
0.000540584	1154.71
0.000543601	1073.06
0.000546618	997.26
0.000549635	926.582
0.000552652	860.98
0.000555669	799.564
0.000558686	742.193
0.000561703	688.102
0.00056472	637.095
0.000567737	588.744
0.000570754	542.87
0.000573771	499.429
0.000576788	458.325
0.000579805	419.767
0.000582822	383.771
0.000585839	350.562
0.000588856	320.236
0.000591873	292.807
0.00059489	268.378
0.000597907	246.635
0.000600924	227.605
0.000603941	210.697
0.000606958	195.806
0.000609975	182.248
0.000612992	169.799
0.000616009	157.914
0.000619026	146.321
0.000622043	134.777
0.00062506	123.066
0.000628077	111.271
0.000631094	99.309
0.000634111	87.4713
0.000637128	75.8225
0.000640145	64.6821
0.000643162	54.2079
0.000646179	44.6002
0.000649196	36.0219
0.000652213	28.5013
0.00065523	22.1327
0.000658247	16.8079
0.000661264	12.5263
0.000664281	9.11962
0.000667298	6.51183
0.000670315	4.54272
0.000673332	3.1025
0.000676349	2.07416
0.000679366	1.35224
0.000682383	0.867038
0.0006854	0.538303
0.000688417	0.331527
0.000691434	0.19543
0.000694451	0.115874
0.000697468	0.0592254
0.000700485	0.0370027
