3.33898e-05	537.165
3.48982e-05	562.344
3.64066e-05	591.622
3.7915e-05	625.056
3.94234e-05	662.475
4.09318e-05	703.749
4.24402e-05	748.779
4.39487e-05	797.422
4.54571e-05	849.636
4.69655e-05	905.322
4.84739e-05	964.474
4.99823e-05	1027.05
5.14907e-05	1093.04
5.29991e-05	1162.41
5.45076e-05	1235.07
5.6016e-05	1310.95
5.75244e-05	1389.85
5.90328e-05	1471.55
6.05412e-05	1555.77
6.20496e-05	1642.12
6.3558e-05	1730.28
6.50665e-05	1819.7
6.65749e-05	1910.18
6.80833e-05	2001.12
6.95917e-05	2092.48
7.11001e-05	2183.83
7.26085e-05	2275.31
7.41169e-05	2366.85
7.56253e-05	2458.78
7.71338e-05	2551.48
7.86422e-05	2645.39
8.01506e-05	2741.35
8.1659e-05	2839.8
8.31674e-05	2941.92
8.46758e-05	3048.04
8.61842e-05	3159.42
8.76927e-05	3276.25
8.92011e-05	3399.59
9.07095e-05	3529.45
9.22179e-05	3666.46
9.37263e-05	3810.45
9.52347e-05	3961.48
9.67431e-05	4119.26
9.82516e-05	4283.22
9.976e-05	4452.98
0.000101268	4627.41
0.000102777	4806.11
0.000104285	4987.49
0.000105794	5171.2
0.000107302	5355.32
0.00010881	5539.57
0.000110319	5721.93
0.000111827	5902.15
0.000113336	6078.26
0.000114844	6250.11
0.000116353	6415.92
0.000117861	6575.63
0.000119369	6727.79
0.000120878	6872.46
0.000122386	7008.69
0.000123895	7136.61
0.000125403	7255.92
0.000126911	7366.78
0.00012842	7469.57
0.000129928	7564.48
0.000131437	7652.46
0.000132945	7733.65
0.000134453	7809.37
0.000135962	7879.65
0.00013747	7945.79
0.000138979	8007.71
0.000140487	8066.2
0.000141996	8121.11
0.000143504	8172.34
0.000145012	8219.71
0.000146521	8262.03
0.000148029	8299.16
0.000149538	8329.86
0.000151046	8353.1
0.000152554	8360.62
0.000154063	8363.42
0.000155571	8358.94
0.00015708	8334.63
0.000158588	8298.05
0.000160097	8248.48
0.000161605	8185.33
0.000163113	8108.74
0.000164622	8020.3
0.00016613	7920.12
0.000167639	7811.06
0.000169147	7693.16
0.000170655	7569.86
0.000172164	7441.15
0.000173672	7310.2
0.000175181	7176.97
0.000176689	7043.67
0.000178197	6910.24
0.000179706	6777.57
0.000181214	6645.64
0.000182723	6514.11
0.000184231	6383
0.00018574	6251.24
0.000187248	6118.83
0.000188756	5984.66
0.000190265	5848.71
0.000191773	5710.35
0.000193282	5569.56
0.00019479	5426.49
0.000196298	5281.11
0.000197807	5134.31
0.000199315	4986.06
0.000200824	4837.68
0.000202332	4689.17
0.000203841	4541.86
0.000205349	4395.76
0.000206857	4251.87
0.000208366	4110.22
0.000209874	3971.27
0.000211383	3835.07
0.000212891	3701.57
0.000214399	3570.81
0.000215908	3442.39
0.000217416	3316.34
0.000218925	3192.12
0.000220433	3069.73
0.000221941	2948.72
0.00022345	2829.05
0.000224958	2710.44
0.000226467	2592.86
0.000227975	2476.24
0.000229484	2360.55
0.000230992	2245.93
0.0002325	2132.36
0.000234009	2020.17
0.000235517	1909.34
0.000237026	1800.37
0.000238534	1693.26
0.000240042	1588.65
0.000241551	1486.55
0.000243059	1387.7
0.000244568	1292.15
0.000246076	1200.66
0.000247585	1113.3
0.000249093	1030.78
0.000250601	953.185
0.00025211	881.013
0.000253618	814.382
0.000255127	753.479
0.000256635	698.414
0.000258143	649.007
0.000259652	605.329
0.00026116	566.836
0.000262669	533.535
0.000264177	504.593
0.000265685	479.936
0.000267194	458.573
0.000268702	440.351
0.000270211	424.277
0.000271719	410.14
0.000273228	397.087
0.000274736	384.884
0.000276244	372.922
0.000277753	360.981
0.000279261	348.732
0.00028077	336.006
0.000282278	322.731
0.000283786	308.81
0.000285295	294.358
0.000286803	279.353
0.000288312	264.01
0.00028982	248.368
0.000291329	232.66
0.000292837	216.963
0.000294345	201.473
0.000295854	186.276
0.000297362	171.507
0.000298871	157.241
0.000300379	143.552
0.000301887	130.494
0.000303396	118.096
0.000304904	106.39
0.000306413	95.3782
0.000307921	85.0743
0.000309429	75.4701
0.000310938	66.5678
0.000312446	58.3529
0.000313955	50.8218
0.000315463	43.9535
0.000316972	37.7403
0.00031848	32.1522
0.000319988	27.1761
0.000321497	22.7728
0.000323005	18.9213
0.000324514	15.5755
0.000326022	12.7056
0.00032753	10.2632
0.000329039	8.21072
0.000330547	6.50263
0.000332056	5.07712
0.000333564	3.95535
