0.000100103	1.32384e-05
0.00010312	2.61894e-05
0.000106137	6.50425e-05
0.000109154	0.000134777
0.000112171	0.000291602
0.000115188	0.000574965
0.000118205	0.00119328
0.000121222	0.00224449
0.000124239	0.00445901
0.000127256	0.00801992
0.000130273	0.0152233
0.00013329	0.0267489
0.000136307	0.0476398
0.000139324	0.080792
0.000142341	0.13648
0.000145358	0.22269
0.000148375	0.358222
0.000151392	0.561461
0.000154408	0.862529
0.000157425	1.29764
0.000160442	1.90848
0.000163459	2.75615
0.000166476	3.88953
0.000169493	5.39646
0.00017251	7.32384
0.000175527	9.77771
0.000178544	12.7926
0.000181561	16.4732
0.000184578	20.8369
0.000187595	25.9645
0.000190612	31.8627
0.000193629	38.5797
0.000196646	46.13
0.000199663	54.549
0.00020268	63.8812
0.000205697	74.2011
0.000208714	85.5941
0.000211731	98.2367
0.000214748	112.244
0.000217765	127.929
0.000220782	145.403
0.000223799	165.08
0.000226816	187.026
0.000229833	211.647
0.00023285	238.937
0.000235867	269.152
0.000238884	302.228
0.000241901	338.177
0.000244918	376.932
0.000247935	418.304
0.000250952	462.278
0.000253969	508.65
0.000256986	557.495
0.000260003	608.842
0.00026302	662.852
0.000266037	719.983
0.000269054	780.447
0.000272071	845.202
0.000275088	914.449
0.000278105	989.555
0.000281122	1070.65
0.000284139	1159.21
0.000287156	1255.23
0.000290173	1359.81
0.00029319	1472.74
0.000296207	1594.09
0.000299224	1723.48
0.000302241	1859.39
0.000305258	2001.43
0.000308275	2146.53
0.000311292	2294.46
0.000314309	2441.49
0.000317326	2587.65
0.000320343	2730.01
0.00032336	2868.81
0.000326377	3003.11
0.000329394	3133.17
0.000332411	3260.04
0.000335428	3383.86
0.000338445	3506.5
0.000341462	3627.88
0.000344479	3749.07
0.000347496	3869.88
0.000350513	3989.65
0.00035353	4108.25
0.000356547	4223.62
0.000359564	4335.75
0.000362581	4442.43
0.000365598	4543.73
0.000368615	4638.35
0.000371632	4726.34
0.000374649	4807.55
0.000377666	4881.99
0.000380683	4950.13
0.0003837	5011.96
0.000386717	5067.87
0.000389734	5117.85
0.000392751	5161.78
0.000395768	5199.66
0.000398785	5230.81
0.000401802	5255.22
0.000404819	5271.72
0.000407836	5280.3
0.000410853	5280.33
0.00041387	5270.94
0.000416887	5252.16
0.000419904	5223.97
0.000422921	5187.17
0.000425938	5141.7
0.000428955	5089.73
0.000431972	5031.23
0.000434989	4968.86
0.000438006	4902.65
0.000441023	4834.51
0.00044404	4764.55
0.000447057	4693.07
0.000450074	4620.19
0.000453091	4544.67
0.000456108	4466.56
0.000459125	4383.89
0.000462142	4296.62
0.000465159	4203.06
0.000468176	4103.07
0.000471193	3995.87
0.00047421	3881.3
0.000477227	3759.68
0.000480244	3630.89
0.000483261	3496.26
0.000486278	3355.73
0.000489295	3211.45
0.000492312	3063.42
0.000495329	2914.33
0.000498346	2764.26
0.000501363	2616.07
0.00050438	2469.92
0.000507397	2328.4
0.000510414	2191.76
0.000513431	2061.88
0.000516448	1939.09
0.000519465	1824.23
0.000522482	1717.61
0.000525499	1618.85
0.000528516	1528.17
0.000531533	1444.01
0.00053455	1366.4
0.000537567	1293.09
0.000540584	1223.85
0.000543601	1156.48
0.000546618	1090.54
0.000549635	1024.65
0.000552652	958.346
0.000555669	891.476
0.000558686	823.715
0.000561703	756.045
0.00056472	688.422
0.000567737	622.375
0.000570754	558.146
0.000573771	497.111
0.000576788	439.669
0.000579805	386.559
0.000582822	338.149
0.000585839	294.436
0.000588856	255.613
0.000591873	221.147
0.00059489	191.02
0.000597907	164.505
0.000600924	141.429
0.000603941	121.153
0.000606958	103.445
0.000609975	87.8781
0.000612992	74.2492
0.000616009	62.3304
0.000619026	51.9868
0.000622043	43.1092
0.00062506	35.6273
0.000628077	29.4668
0.000631094	24.5955
0.000634111	20.9123
0.000637128	18.1981
0.000640145	16.9885
0.000643162	16.7108
0.000646179	16.6374
0.000649196	17.5401
0.000652213	19.0785
0.00065523	20.8507
0.000658247	22.7173
0.000661264	24.5286
0.000664281	26.0934
0.000667298	27.3484
0.000670315	27.902
0.000673332	27.7906
0.000676349	27.4758
0.000679366	26.4182
0.000682383	24.706
0.0006854	22.643
0.000688417	20.2958
0.000691434	17.7785
0.000694451	15.2149
0.000697468	12.7772
0.000700485	10.4064
