0.000500379	7.91625e-41
0.000507084	4.35219e-39
0.000513789	1.71713e-38
0.000520493	8.06373e-37
0.000527198	3.18805e-36
0.000533903	1.27377e-34
0.000540607	5.06656e-34
0.000547312	1.72356e-32
0.000554017	6.89282e-32
0.000560721	1.9982e-30
0.000567426	8.02801e-30
0.000574131	1.98539e-28
0.000580835	8.00543e-28
0.00058754	1.69111e-26
0.000594244	6.83546e-26
0.000600949	1.23529e-24
0.000607654	4.99809e-24
0.000614358	7.7411e-23
0.000621063	3.13002e-22
0.000627768	4.16358e-21
0.000634472	1.67903e-20
0.000641177	1.92299e-19
0.000647882	7.71614e-19
0.000654586	7.63087e-18
0.000661291	3.03845e-17
0.000667995	2.60329e-16
0.0006747	1.02541e-15
0.000681405	7.64027e-15
0.000688109	2.96644e-14
0.000694814	1.93038e-13
0.000701519	7.35816e-13
0.000708223	4.20188e-12
0.000714928	1.56538e-11
0.000721633	7.88576e-11
0.000728337	2.85709e-10
0.000735042	1.27694e-09
0.000741746	4.47537e-09
0.000748451	1.78545e-08
0.000755156	6.01865e-08
0.00076186	2.15709e-07
0.000768565	6.95213e-07
0.00077527	2.25318e-06
0.000781974	6.90057e-06
0.000788679	2.03586e-05
0.000795384	5.88866e-05
0.000802088	0.000159181
0.000808793	0.000432265
0.000815497	0.00107729
0.000822202	0.00273109
0.000828907	0.00631125
0.000835611	0.0148609
0.000842316	0.0320059
0.000849021	0.0696885
0.000855725	0.140476
0.00086243	0.281827
0.000869135	0.540915
0.000875839	0.992859
0.000882544	1.80103
0.000889249	3.04364
0.000895953	5.0915
0.000902658	8.01813
0.000909362	12.3788
0.000916067	18.1836
0.000922772	25.9442
0.000929476	35.5476
0.000936181	46.9809
0.000942886	60.0266
0.00094959	73.7202
0.000956295	87.8713
0.000963	100.738
0.000969704	112.315
0.000976409	121.223
0.000983113	127.486
0.000989818	130.439
0.000996523	131.727
0.00100323	131.698
0.00100993	131.314
0.00101664	131.701
0.00102334	134.297
0.00103005	139.381
0.00103675	147.396
0.00104346	158.092
0.00105016	171.443
0.00105686	186.841
0.00106357	204.361
0.00107027	224.202
0.00107698	246.489
0.00108368	272.976
0.00109039	303.718
0.00109709	341.313
0.0011038	385.708
0.0011105	438.726
0.00111721	500.263
0.00112391	570.061
0.00113062	648.043
0.00113732	731.756
0.00114402	821.189
0.00115073	912.813
0.00115743	1006.66
0.00116414	1099.83
0.00117084	1192.35
0.00117755	1283.37
0.00118425	1372.85
0.00119096	1462.3
0.00119766	1551.67
0.00120437	1643.81
0.00121107	1738.73
0.00121778	1838.89
0.00122448	1944.35
0.00123119	2055.5
0.00123789	2172.47
0.00124459	2292.71
0.0012513	2416.35
0.001258	2538.64
0.00126471	2659.56
0.00127141	2774.42
0.00127812	2882.99
0.00128482	2983.29
0.00129153	3075.01
0.00129823	3159.56
0.00130494	3236.86
0.00131164	3309.29
0.00131835	3377.19
0.00132505	3439.9
0.00133175	3497.97
0.00133846	3546.84
0.00134516	3588.79
0.00135187	3598.99
0.00135857	3597.53
0.00136528	3590.55
0.00137198	3543.69
0.00137869	3473.51
0.00138539	3383.41
0.0013921	3277.14
0.0013988	3154.79
0.00140551	3024.08
0.00141221	2885.83
0.00141891	2745.1
0.00142562	2602.78
0.00143232	2460.83
0.00143903	2319.7
0.00144573	2180.1
0.00145244	2042.05
0.00145914	1906.81
0.00146585	1774.35
0.00147255	1646.68
0.00147926	1524.03
0.00148596	1408.19
0.00149267	1299.61
0.00149937	1198.94
0.00150608	1106.59
0.00151278	1021.9
0.00151948	945.019
0.00152619	874.502
0.00153289	810.207
0.0015396	750.582
0.0015463	695.293
0.00155301	643.204
0.00155971	593.935
0.00156642	546.995
0.00157312	502.111
0.00157983	459.314
0.00158653	418.534
0.00159324	379.905
0.00159994	343.499
0.00160664	309.198
0.00161335	277.031
0.00162005	246.721
0.00162676	218.153
0.00163346	191.277
0.00164017	165.966
0.00164687	142.524
0.00165358	120.998
0.00166028	101.698
0.00166699	84.8277
0.00167369	70.3032
0.0016804	58.2544
0.0016871	48.2085
0.00169381	40.0597
0.00170051	33.2909
0.00170721	27.6339
0.00171392	22.8089
0.00172062	18.5793
0.00172733	14.8977
0.00173403	11.6642
0.00174074	8.89684
0.00174744	6.59082
0.00175415	4.71574
0.00176085	3.27156
0.00176756	2.18053
0.00177426	1.40621
0.00178097	0.871695
0.00178767	0.518837
0.00179437	0.299952
0.00180108	0.162434
0.00180778	0.0887393
0.00181449	0.0435747
0.00182119	0.0225391
0.0018279	0.00931256
0.0018346	0.00490371
