0.000500379	1.18186e-42
0.000507084	6.76374e-41
0.000513789	2.67004e-40
0.000520493	1.30912e-38
0.000527198	5.18052e-38
0.000533903	2.16769e-36
0.000540607	8.63252e-36
0.000547312	3.08451e-34
0.000554017	1.23543e-33
0.000560721	3.77242e-32
0.000567426	1.51852e-31
0.000574131	3.96619e-30
0.000580835	1.60309e-29
0.00058754	3.58543e-28
0.000594244	1.45359e-27
0.000600949	2.7876e-26
0.000607654	1.13212e-25
0.000614358	1.86452e-24
0.000621063	7.57392e-24
0.000627768	1.07324e-22
0.000634472	4.35265e-22
0.000641177	5.31837e-21
0.000647882	2.14891e-20
0.000654586	2.26989e-19
0.000661291	9.11481e-19
0.000667995	8.34792e-18
0.0006747	3.32184e-17
0.000681405	2.64686e-16
0.000688109	1.04031e-15
0.000694814	7.23951e-15
0.000701519	2.79995e-14
0.000708223	1.70914e-13
0.000714928	6.47756e-13
0.000721633	3.4851e-12
0.000728337	1.28833e-11
0.000735042	6.14187e-11
0.000741746	2.20339e-10
0.000748451	9.36081e-10
0.000755156	3.24128e-09
0.00076186	1.23458e-08
0.000768565	4.10237e-08
0.00077527	1.40983e-07
0.000781974	4.46893e-07
0.000788679	1.39466e-06
0.000795384	4.19184e-06
0.000802088	1.19566e-05
0.000808793	3.3873e-05
0.000815497	8.88637e-05
0.000822202	0.000235939
0.000828907	0.000572691
0.000835611	0.00141755
0.000842316	0.00320087
0.000849021	0.00735206
0.000855725	0.0155175
0.00086243	0.0329477
0.000869135	0.0652597
0.000875839	0.127728
0.000882544	0.242751
0.000889249	0.434938
0.000895953	0.773858
0.000902658	1.28682
0.000909362	2.11832
0.000916067	3.29504
0.000922772	5.0304
0.000929476	7.33468
0.000936181	10.4237
0.000942886	14.2786
0.00094959	18.9935
0.000956295	24.5282
0.000963	30.7641
0.000969704	37.6669
0.000976409	44.9541
0.000983113	52.6183
0.000989818	60.3799
0.000996523	68.2535
0.00100323	76.0901
0.00100993	83.9128
0.00101664	91.7279
0.00102334	99.5762
0.00103005	107.717
0.00103675	116.229
0.00104346	125.935
0.00105016	136.931
0.00105686	150.845
0.00106357	167.729
0.00107027	189.675
0.00107698	216.648
0.00108368	250.261
0.00109039	290.417
0.00109709	337.37
0.0011038	391.031
0.0011105	450.143
0.00111721	514.667
0.00112391	582.413
0.00113062	653.391
0.00113732	725.372
0.00114402	798.39
0.00115073	871.145
0.00115743	943.667
0.00116414	1016.4
0.00117084	1089.35
0.00117755	1164.67
0.00118425	1242.34
0.00119096	1324.78
0.00119766	1412
0.00120437	1504.6
0.00121107	1602.66
0.00121778	1704.3
0.00122448	1809.56
0.00123119	1915.82
0.00123789	2022.99
0.00124459	2129.92
0.0012513	2236.5
0.001258	2343.24
0.00126471	2450.17
0.00127141	2557.4
0.00127812	2665.12
0.00128482	2771.16
0.00129153	2875.72
0.00129823	2974.55
0.00130494	3067.66
0.00131164	3150.4
0.00131835	3222.61
0.00132505	3281.14
0.00133175	3327.01
0.00133846	3347.05
0.00134516	3354.59
0.00135187	3353.31
0.00135857	3324.8
0.00136528	3278.79
0.00137198	3217.02
0.00137869	3141.58
0.00138539	3052.34
0.0013921	2954.74
0.0013988	2848.96
0.00140551	2740.66
0.00141221	2630.38
0.00141891	2522.35
0.00142562	2417.29
0.00143232	2316.96
0.00143903	2222.02
0.00144573	2131.6
0.00145244	2046.04
0.00145914	1962.6
0.00146585	1881.16
0.00147255	1798.69
0.00147926	1714.62
0.00148596	1627.42
0.00149267	1536.36
0.00149937	1442.39
0.00150608	1345.1
0.00151278	1247.31
0.00151948	1149.23
0.00152619	1053.97
0.00153289	962.189
0.0015396	875.905
0.0015463	795.843
0.00155301	722.516
0.00155971	656.408
0.00156642	596.822
0.00157312	543.911
0.00157983	496.21
0.00158653	453.545
0.00159324	414.198
0.00159994	377.7
0.00160664	342.753
0.00161335	308.751
0.00162005	275.376
0.00162676	242.188
0.00163346	209.838
0.00164017	178.297
0.00164687	148.572
0.00165358	121.011
0.00166028	96.2614
0.00166699	74.7601
0.00167369	56.4886
0.0016804	41.6804
0.0016871	29.8212
0.00169381	20.8433
0.00170051	14.0946
0.00170721	9.30266
0.00171392	5.94002
0.00172062	3.68743
0.00172733	2.22337
0.00173403	1.29112
0.00174074	0.736105
0.00174744	0.393944
0.00175415	0.215315
0.00176085	0.106719
0.00176756	0.0553482
0.00177426	0.0257297
0.00178097	0.0124309
0.00178767	0.00543681
0.00179437	0.00243086
0.00180108	0.00100418
0.00180778	0.000412661
0.00181449	0.000161747
0.00182119	6.06672e-05
0.0018279	2.09487e-05
0.0018346	7.70925e-06
