3.33898e-05	0.000588152
3.52334e-05	0.000987659
3.70771e-05	0.00218618
3.89207e-05	0.00392932
4.07644e-05	0.00752625
4.2608e-05	0.0131727
4.44517e-05	0.0240189
4.62953e-05	0.0410078
4.8139e-05	0.0710946
4.99827e-05	0.117712
5.18263e-05	0.195125
5.367e-05	0.312642
5.55136e-05	0.496651
5.73573e-05	0.768856
5.92009e-05	1.17262
6.10446e-05	1.75191
6.28882e-05	2.56908
6.47319e-05	3.70147
6.65755e-05	5.22538
6.84192e-05	7.25776
7.02628e-05	9.87348
7.21065e-05	13.2206
7.39502e-05	17.3482
7.57938e-05	22.4034
7.76375e-05	28.3846
7.94811e-05	35.3834
8.13248e-05	43.3372
8.31684e-05	52.2239
8.50121e-05	61.9373
8.68557e-05	72.315
8.86994e-05	83.2546
9.0543e-05	94.4943
9.23867e-05	105.994
9.42303e-05	117.512
9.6074e-05	129.113
9.79177e-05	140.729
9.97613e-05	152.526
0.000101605	164.737
0.000103449	177.573
0.000105292	191.57
0.000107136	206.908
0.00010898	224.286
0.000110823	243.783
0.000112667	266.026
0.000114511	290.972
0.000116354	318.944
0.000118198	349.818
0.000120042	383.509
0.000121885	419.879
0.000123729	458.517
0.000125572	499.337
0.000127416	541.819
0.00012926	585.947
0.000131103	631.325
0.000132947	677.98
0.000134791	725.74
0.000136634	774.625
0.000138478	824.603
0.000140322	875.651
0.000142165	927.688
0.000144009	980.654
0.000145853	1034.28
0.000147696	1088.53
0.00014954	1142.99
0.000151384	1197.7
0.000153227	1252.37
0.000155071	1307.1
0.000156915	1362.04
0.000158758	1417.3
0.000160602	1473.6
0.000162446	1531
0.000164289	1590.55
0.000166133	1652.25
0.000167977	1717.05
0.00016982	1784.87
0.000171664	1856.02
0.000173507	1930.36
0.000175351	2007.25
0.000177195	2086.53
0.000179038	2166.55
0.000180882	2247.2
0.000182726	2326.1
0.000184569	2403.2
0.000186413	2475.95
0.000188257	2544.38
0.0001901	2606.35
0.000191944	2661.94
0.000193788	2709.88
0.000195631	2750.25
0.000197475	2782.82
0.000199319	2807.64
0.000201162	2825.89
0.000203006	2837.33
0.00020485	2838.73
0.000206693	2837.86
0.000208537	2834.6
0.000210381	2823.6
0.000212224	2810.11
0.000214068	2794.04
0.000215912	2776.8
0.000217755	2758.4
0.000219599	2740.63
0.000221442	2723.47
0.000223286	2708.48
0.00022513	2695.67
0.000226973	2685.77
0.000228817	2678.77
0.000230661	2675.16
0.000232504	2673.49
0.000234348	2673.35
0.000236192	2673.88
0.000238035	2673.76
0.000239879	2671.19
0.000241723	2665.62
0.000243566	2654.54
0.00024541	2636.59
0.000247254	2611.82
0.000249097	2578.5
0.000250941	2536.5
0.000252785	2485.52
0.000254628	2425.43
0.000256472	2357.04
0.000258316	2280.26
0.000260159	2196.75
0.000262003	2106.49
0.000263847	2011.63
0.00026569	1912.22
0.000267534	1810.6
0.000269377	1706.86
0.000271221	1603.23
0.000273065	1499.83
0.000274908	1398.5
0.000276752	1299.39
0.000278596	1203.78
0.000280439	1111.82
0.000282283	1024.23
0.000284127	941.151
0.00028597	862.854
0.000287814	789.424
0.000289658	720.834
0.000291501	657.129
0.000293345	598.066
0.000295189	543.663
0.000297032	493.523
0.000298876	447.636
0.00030072	405.509
0.000302563	367.101
0.000304407	331.905
0.000306251	299.851
0.000308094	270.494
0.000309938	243.755
0.000311782	219.295
0.000313625	197.04
0.000315469	176.75
0.000317312	158.37
0.000319156	141.704
0.000321	126.718
0.000322843	113.212
0.000324687	101.154
0.000326531	90.3254
0.000328374	80.6851
0.000330218	72.0113
0.000332062	64.2485
0.000333905	57.2083
0.000335749	50.8286
0.000337593	44.9824
0.000339436	39.6143
0.00034128	34.664
0.000343124	30.0941
0.000344967	25.8921
0.000346811	22.0424
0.000348655	18.5498
0.000350498	15.4142
0.000352342	12.6322
0.000354186	10.2082
0.000356029	8.11842
0.000357873	6.36179
0.000359717	4.89706
0.00036156	3.71287
0.000363404	2.76119
0.000365247	2.02186
0.000367091	1.45096
0.000368935	1.02448
0.000370778	0.709023
0.000372622	0.481999
0.000374466	0.32168
0.000376309	0.21021
0.000378153	0.135347
0.000379997	0.0848675
0.00038184	0.052769
0.000383684	0.0316823
0.000385528	0.0190531
0.000387371	0.0109255
0.000389215	0.00636845
0.000391059	0.00346385
0.000392902	0.00197107
0.000394746	0.00102198
0.00039659	0.00056437
0.000398433	0.000253124
0.000400277	0.000149375
