0.000166815	2.31382e-19
0.000172682	1.34186e-18
0.000178548	4.6733e-18
0.000184415	2.57948e-17
0.000190282	8.52878e-17
0.000196148	4.31194e-16
0.000202015	1.40659e-15
0.000207881	6.52939e-15
0.000213748	2.09664e-14
0.000219614	8.95905e-14
0.000225481	2.82501e-13
0.000231347	1.11423e-12
0.000237214	3.44139e-12
0.00024308	1.25647e-11
0.000248947	3.79097e-11
0.000254813	1.28509e-10
0.00026068	3.77718e-10
0.000266547	1.19251e-09
0.000272413	3.40484e-09
0.00027828	1.00433e-08
0.000284146	2.77757e-08
0.000290013	7.67948e-08
0.000295879	2.05125e-07
0.000301746	5.33296e-07
0.000307612	1.37189e-06
0.000313479	3.36461e-06
0.000319345	8.31299e-06
0.000325212	1.92922e-05
0.000331078	4.56606e-05
0.000336945	0.000100571
0.000342812	0.000227464
0.000348678	0.000476832
0.000354545	0.00102835
0.000360411	0.00205706
0.000366278	0.00422214
0.000372144	0.00807822
0.000378011	0.0157557
0.000383877	0.0289694
0.000389744	0.0535472
0.00039561	0.0960243
0.000401477	0.16699
0.000407343	0.286337
0.00041321	0.474109
0.000419077	0.776601
0.000424943	1.22736
0.00043081	1.91977
0.000436676	2.90159
0.000442543	4.33501
0.000448409	6.27591
0.000454276	8.96361
0.000460142	12.4476
0.000466009	17.0198
0.000471875	22.7043
0.000477742	29.7765
0.000483608	38.2225
0.000489475	48.2024
0.000495342	59.668
0.000501208	72.5848
0.000507075	86.8936
0.000512941	102.365
0.000518808	118.961
0.000524674	136.365
0.000530541	154.586
0.000536407	173.403
0.000542274	192.871
0.00054814	213.036
0.000554007	233.979
0.000559873	256.082
0.00056574	279.418
0.000571606	304.644
0.000577473	331.803
0.00058334	361.659
0.000589206	394.216
0.000595073	430.14
0.000600939	469.398
0.000606806	512.359
0.000612672	558.96
0.000618539	609.107
0.000624405	662.726
0.000630272	719.183
0.000636138	778.419
0.000642005	839.361
0.000647871	901.991
0.000653738	965.129
0.000659605	1028.8
0.000665471	1092.19
0.000671338	1155.34
0.000677204	1218.14
0.000683071	1280.65
0.000688937	1343.47
0.000694804	1406.62
0.00070067	1471.1
0.000706537	1536.91
0.000712403	1604.93
0.00071827	1675.15
0.000724136	1748
0.000730003	1823.46
0.00073587	1901.37
0.000741736	1981.74
0.000747603	2063.88
0.000753469	2147.78
0.000759336	2232.31
0.000765202	2317.47
0.000771069	2401.67
0.000776935	2484.94
0.000782802	2565.4
0.000788668	2643.05
0.000794535	2716.1
0.000800401	2784.52
0.000806268	2847.14
0.000812135	2903.9
0.000818001	2954.65
0.000823868	2999.32
0.000829734	3038.63
0.000835601	3072.58
0.000841467	3102.06
0.000847334	3127.14
0.0008532	3148
0.000859067	3164.77
0.000864933	3176.32
0.0008708	3182.57
0.000876666	3182.98
0.000882533	3175.24
0.0008884	3158.83
0.000894266	3133.11
0.000900133	3097.07
0.000905999	3050.57
0.000911866	2993.76
0.000917732	2926.49
0.000923599	2850.12
0.000929465	2764.59
0.000935332	2671.99
0.000941198	2572.35
0.000947065	2468.01
0.000952931	2359.08
0.000958798	2247.93
0.000964665	2134.72
0.000970531	2021.71
0.000976398	1909.1
0.000982264	1798.82
0.000988131	1691.12
0.000993997	1587.43
0.000999864	1487.98
0.00100573	1393.59
0.0010116	1304.46
0.00101746	1220.89
0.00102333	1143.01
0.0010292	1070.79
0.00103506	1004.3
0.00104093	943.234
0.0010468	887.641
0.00105266	836.926
0.00105853	791.089
0.0010644	749.231
0.00107026	711.271
0.00107613	676.134
0.001082	643.637
0.00108786	612.767
0.00109373	583.275
0.00109959	554.427
0.00110546	525.975
0.00111133	497.532
0.00111719	468.913
0.00112306	440.015
0.00112893	410.732
0.00113479	381.162
0.00114066	351.262
0.00114653	321.296
0.00115239	291.273
0.00115826	261.618
0.00116413	232.408
0.00116999	204.166
0.00117586	177.052
0.00118173	151.559
0.00118759	127.907
0.00119346	106.414
0.00119933	87.2955
0.00120519	70.6148
0.00121106	56.5105
0.00121693	44.8105
0.00122279	35.5347
0.00122866	28.3585
0.00123453	23.1875
0.00124039	19.6347
0.00124626	17.3162
0.00125212	16.5516
0.00125799	16.5777
0.00126386	16.6519
0.00126972	17.2593
0.00127559	18.0616
0.00128146	18.7126
0.00128732	19.0402
0.00129319	18.9422
0.00129906	18.6627
0.00130492	17.8904
0.00131079	16.675
0.00131666	15.1949
0.00132252	13.5151
0.00132839	11.7693
0.00133426	9.91179
