0.000500379	1.0478e-28
0.000506246	1.45272e-27
0.000512113	5.49655e-27
0.000517979	6.87482e-26
0.000523846	2.55343e-25
0.000529712	2.83476e-24
0.000535579	1.05047e-23
0.000541445	1.03684e-22
0.000547312	3.82718e-22
0.000553178	3.36471e-21
0.000559045	1.23487e-20
0.000564911	9.69036e-20
0.000570778	3.52874e-19
0.000576644	2.47745e-18
0.000582511	8.93081e-18
0.000588378	5.62438e-17
0.000594244	2.00195e-16
0.000600111	1.13418e-15
0.000605977	3.97494e-15
0.000611844	2.03219e-14
0.00061771	6.99116e-14
0.000623577	3.23643e-13
0.000629443	1.08929e-12
0.00063531	4.58284e-12
0.000641176	1.50369e-11
0.000647043	5.77176e-11
0.000652909	1.83926e-10
0.000658776	6.46734e-10
0.000664643	1.99373e-09
0.000670509	6.44942e-09
0.000676376	1.91563e-08
0.000682242	5.72554e-08
0.000688109	1.63185e-07
0.000693975	4.5262e-07
0.000699842	1.23285e-06
0.000705708	3.18705e-06
0.000711575	8.26346e-06
0.000717441	1.99942e-05
0.000723308	4.9165e-05
0.000729174	0.000111792
0.000735041	0.000259819
0.000740908	0.00055729
0.000746774	0.0012206
0.000752641	0.00247823
0.000758507	0.00510317
0.000764374	0.00983824
0.00077024	0.0190158
0.000776107	0.0353351
0.000781973	0.063724
0.00078784	0.113351
0.000793706	0.191955
0.000799573	0.3227
0.000805439	0.518133
0.000811306	0.824583
0.000817173	1.25988
0.000823039	1.90375
0.000828906	2.77839
0.000834772	4.00393
0.000840639	5.60573
0.000846505	7.74775
0.000852372	10.458
0.000858238	13.9488
0.000864105	18.2498
0.000869971	23.6272
0.000875838	30.1057
0.000881704	37.9923
0.000887571	47.2909
0.000893438	58.2741
0.000899304	70.9077
0.000905171	85.2691
0.000911037	101.285
0.000916904	118.653
0.00092277	137.292
0.000928637	156.476
0.000934503	176.164
0.00094037	195.457
0.000946236	214.391
0.000952103	232.4
0.000957969	249.588
0.000963836	266.206
0.000969703	282.369
0.000975569	299.247
0.000981436	316.906
0.000987302	337.031
0.000993169	359.622
0.000999035	386.235
0.0010049	416.827
0.00101077	452.363
0.00101663	492.792
0.0010225	538.381
0.00102837	589.09
0.00103423	644.539
0.0010401	704.691
0.00104597	768.422
0.00105183	835.705
0.0010577	904.467
0.00106357	974.702
0.00106943	1043.5
0.0010753	1110.88
0.00108117	1173.84
0.00108703	1232.42
0.0010929	1284.7
0.00109877	1330.66
0.00110463	1370.29
0.0011105	1403.56
0.00111637	1432.22
0.00112223	1456.23
0.0011281	1478.13
0.00113397	1497.93
0.00113983	1517.63
0.0011457	1537.29
0.00115157	1557.53
0.00115743	1578.44
0.0011633	1599.26
0.00116916	1620.04
0.00117503	1639.28
0.0011809	1656.98
0.00118676	1671.77
0.00119263	1683.72
0.0011985	1690.38
0.00120436	1693.46
0.00121023	1693.34
0.0012161	1686.71
0.00122196	1674.52
0.00122783	1657.05
0.0012337	1633.53
0.00123956	1603.88
0.00124543	1568.18
0.0012513	1526.29
0.00125716	1479.17
0.00126303	1426.72
0.0012689	1370.7
0.00127476	1311.11
0.00128063	1250.05
0.0012865	1187.64
0.00129236	1125.76
0.00129823	1064.6
0.0013041	1005.46
0.00130996	948.575
0.00131583	894.566
0.00132169	843.618
0.00132756	795.708
0.00133343	750.954
0.00133929	708.776
0.00134516	669.191
0.00135103	631.342
0.00135689	595.125
0.00136276	559.839
0.00136863	525.299
0.00137449	491.309
0.00138036	457.714
0.00138623	424.845
0.00139209	392.672
0.00139796	361.74
0.00140383	332.155
0.00140969	304.281
0.00141556	278.271
0.00142143	254.105
0.00142729	231.879
0.00143316	211.267
0.00143903	192.25
0.00144489	174.427
0.00145076	157.691
0.00145663	141.773
0.00146249	126.544
0.00146836	111.969
0.00147422	97.9629
0.00148009	84.6907
0.00148596	72.1512
0.00149182	60.5906
0.00149769	50.0831
0.00150356	40.8161
0.00150942	32.8942
0.00151529	26.3546
0.00152116	21.2756
0.00152702	17.5243
0.00153289	14.8663
0.00153876	13.9407
0.00154462	13.9595
0.00155049	14.0198
0.00155636	15.0376
0.00156222	16.5521
0.00156809	18.0745
0.00157396	19.4821
0.00157982	20.7081
0.00158569	21.2643
0.00159156	21.2161
0.00159742	21.0805
0.00160329	20.1947
0.00160916	18.6781
0.00161502	16.8674
0.00162089	14.8275
0.00162675	12.6711
0.00163262	10.5226
0.00163849	8.50768
0.00164435	6.67191
0.00165022	5.10104
0.00165609	3.77781
0.00166195	2.71543
0.00166782	1.90938
