3.33898e-05	59.2919
3.48982e-05	63.2973
3.64066e-05	68.0216
3.7915e-05	73.4765
3.94234e-05	79.6275
4.09318e-05	86.432
4.24402e-05	93.9179
4.39487e-05	102.066
4.54571e-05	110.975
4.69655e-05	120.7
4.84739e-05	131.401
4.99823e-05	143.229
5.14907e-05	156.367
5.29991e-05	171.051
5.45076e-05	187.438
5.6016e-05	205.801
5.75244e-05	226.237
5.90328e-05	248.988
6.05412e-05	274.085
6.20496e-05	301.686
6.3558e-05	331.764
6.50665e-05	364.371
6.65749e-05	399.443
6.80833e-05	436.934
6.95917e-05	476.764
7.11001e-05	518.809
7.26085e-05	562.997
7.41169e-05	609.159
7.56253e-05	657.251
7.71338e-05	707.103
7.86422e-05	758.733
8.01506e-05	812.038
8.1659e-05	867.128
8.31674e-05	924.072
8.46758e-05	983.086
8.61842e-05	1044.53
8.76927e-05	1108.7
8.92011e-05	1176.32
9.07095e-05	1247.71
9.22179e-05	1323.92
9.37263e-05	1405.22
9.52347e-05	1492.81
9.67431e-05	1586.83
9.82516e-05	1688.36
9.976e-05	1797.35
0.000101268	1914.48
0.000102777	2039.55
0.000104285	2172.59
0.000105794	2313.31
0.000107302	2461.02
0.00010881	2615.35
0.000110319	2774.91
0.000111827	2939.29
0.000113336	3106.48
0.000114844	3276.05
0.000116353	3445.41
0.000117861	3614.2
0.000119369	3779.4
0.000120878	3940.76
0.000122386	4095.19
0.000123895	4242.6
0.000125403	4380.37
0.000126911	4508.63
0.00012842	4625.84
0.000129928	4732.34
0.000131437	4828.22
0.000132945	4913.89
0.000134453	4991.23
0.000135962	5060.62
0.00013747	5125.31
0.000138979	5185.52
0.000140487	5245.03
0.000141996	5303.85
0.000143504	5365.15
0.000145012	5428.75
0.000146521	5496.21
0.000148029	5567.24
0.000149538	5641.17
0.000151046	5717.7
0.000152554	5793.92
0.000154063	5869.6
0.000155571	5940.16
0.00015708	6005.49
0.000158588	6060.37
0.000160097	6104.83
0.000161605	6133.86
0.000163113	6147.83
0.000164622	6145.74
0.00016613	6123.68
0.000167639	6083.44
0.000169147	6024.99
0.000170655	5949.82
0.000172164	5858.01
0.000173672	5753.21
0.000175181	5635.43
0.000176689	5509.4
0.000178197	5375.08
0.000179706	5237.29
0.000181214	5095.97
0.000182723	4955.18
0.000184231	4814.88
0.00018574	4677.91
0.000187248	4544.26
0.000188756	4415.42
0.000190265	4291.4
0.000191773	4172.56
0.000193282	4058.91
0.00019479	3949.94
0.000196298	3845.69
0.000197807	3745.06
0.000199315	3648.08
0.000200824	3553.33
0.000202332	3460.82
0.000203841	3369.05
0.000205349	3278.02
0.000206857	3186.42
0.000208366	3094.21
0.000209874	3000.59
0.000211383	2905.47
0.000212891	2808.76
0.000214399	2710.37
0.000215908	2610.88
0.000217416	2510.25
0.000218925	2409.53
0.000220433	2308.73
0.000221941	2208.99
0.00022345	2110.38
0.000224958	2013.77
0.000226467	1919.25
0.000227975	1827.22
0.000229484	1737.75
0.000230992	1650.8
0.0002325	1566.39
0.000234009	1484.23
0.000235517	1404.29
0.000237026	1326.3
0.000238534	1250.21
0.000240042	1175.96
0.000241551	1103.49
0.000243059	1033.01
0.000244568	964.498
0.000246076	898.328
0.000247585	834.522
0.000249093	773.459
0.000250601	715.199
0.00025211	659.982
0.000253618	607.879
0.000255127	558.931
0.000256635	513.186
0.000258143	470.511
0.000259652	430.918
0.00026116	394.17
0.000262669	360.245
0.000264177	328.887
0.000265685	300.052
0.000267194	273.52
0.000268702	249.242
0.000270211	227.05
0.000271719	206.902
0.000273228	188.658
0.000274736	172.288
0.000276244	157.642
0.000277753	144.698
0.000279261	133.267
0.00028077	123.321
0.000282278	114.625
0.000283786	107.133
0.000285295	100.58
0.000286803	94.8987
0.000288312	89.8273
0.00028982	85.2779
0.000291329	81.0327
0.000292837	76.9966
0.000294345	73.0243
0.000295854	69.031
0.000297362	64.9575
0.000298871	60.7448
0.000300379	56.4132
0.000301887	51.9396
0.000303396	47.3993
0.000304904	42.8059
0.000306413	38.2561
0.000307921	33.7914
0.000309429	29.4979
0.000310938	25.429
0.000312446	21.6387
0.000313955	18.1753
0.000315463	15.0536
0.000316972	12.3036
0.00031848	9.90729
0.000319988	7.87087
0.000321497	6.15679
0.000323005	4.74998
0.000324514	3.60748
0.000326022	2.70045
0.00032753	1.99074
0.000329039	1.44467
0.000330547	1.03373
0.000332056	0.715598
0.000333564	0.504772
