0.000500379	0.977612
0.00050876	0.989377
0.000517141	0.997782
0.000525522	1.00283
0.000533903	1.00456
0.000542284	1.0031
0.000550665	0.999021
0.000559045	0.992461
0.000567426	0.983987
0.000575807	0.974109
0.000584188	0.963406
0.000592569	0.952514
0.00060095	0.942196
0.00060933	0.932457
0.000617711	0.926642
0.000626092	0.926821
0.000634473	0.927522
0.000642854	0.935192
0.000651235	0.956825
0.000659615	0.989245
0.000667996	1.03678
0.000676377	1.10372
0.000684758	1.19239
0.000693139	1.30785
0.00070152	1.45165
0.0007099	1.62871
0.000718281	1.83933
0.000726662	2.08692
0.000735043	2.37032
0.000743424	2.6901
0.000751805	3.04383
0.000760186	3.42842
0.000768566	3.8407
0.000776947	4.27408
0.000785328	4.72546
0.000793709	5.18585
0.00080209	5.65297
0.000810471	6.11738
0.000818851	6.57803
0.000827232	7.02714
0.000835613	7.46487
0.000843994	7.88668
0.000852375	8.29356
0.000860756	8.68475
0.000869136	9.06149
0.000877517	9.42616
0.000885898	9.77973
0.000894279	10.1262
0.00090266	10.4658
0.000911041	10.8023
0.000919421	11.1351
0.000927802	11.466
0.000936183	11.7939
0.000944564	12.1174
0.000952945	12.4351
0.000961326	12.7426
0.000969707	13.039
0.000978087	13.3179
0.000986468	13.5789
0.000994849	13.816
0.00100323	14.0298
0.00101161	14.217
0.00101999	14.3787
0.00102837	14.5167
0.00103675	14.6327
0.00104513	14.7344
0.00105351	14.8236
0.0010619	14.9139
0.00107028	15.0073
0.00107866	15.1224
0.00108704	15.2608
0.00109542	15.4451
0.0011038	15.6768
0.00111218	15.9809
0.00112056	16.3584
0.00112894	16.8356
0.00113732	17.4131
0.0011457	18.1158
0.00115409	18.9437
0.00116247	19.9177
0.00117085	21.0368
0.00117923	22.3136
0.00118761	23.7468
0.00119599	25.3367
0.00120437	27.082
0.00121275	28.9683
0.00122113	30.9945
0.00122951	33.132
0.00123789	35.38
0.00124627	37.6988
0.00125466	40.0881
0.00126304	42.502
0.00127142	44.9407
0.0012798	47.3581
0.00128818	49.7547
0.00129656	52.0893
0.00130494	54.3624
0.00131332	56.5414
0.0013217	58.6267
0.00133008	60.596
0.00133846	62.4495
0.00134684	64.1753
0.00135523	65.7736
0.00136361	67.2426
0.00137199	68.5823
0.00138037	69.7999
0.00138875	70.8953
0.00139713	71.8832
0.00140551	72.7634
0.00141389	73.5558
0.00142227	74.2603
0.00143065	74.8991
0.00143903	75.4721
0.00144741	76.0003
0.0014558	76.4841
0.00146418	76.9401
0.00147256	77.3687
0.00148094	77.7796
0.00148932	78.1735
0.0014977	78.551
0.00150608	78.913
0.00151446	79.2502
0.00152284	79.5636
0.00153122	79.8348
0.0015396	80.0643
0.00154798	80.2259
0.00155637	80.3169
0.00156475	80.3266
0.00157313	80.2255
0.00158151	80.0068
0.00158989	79.6588
0.00159827	79.1621
0.00160665	78.5164
0.00161503	77.7071
0.00162341	76.7317
0.00163179	75.588
0.00164017	74.2737
0.00164855	72.7973
0.00165694	71.1573
0.00166532	69.371
0.0016737	67.4382
0.00168208	65.3822
0.00169046	63.204
0.00169884	60.93
0.00170722	58.5623
0.0017156	56.128
0.00172398	53.6298
0.00173236	51.0936
0.00174074	48.5227
0.00174912	45.9411
0.00175751	43.3522
0.00176589	40.7781
0.00177427	38.2223
0.00178265	35.7053
0.00179103	33.2308
0.00179941	30.8177
0.00180779	28.4701
0.00181617	26.2049
0.00182455	24.0263
0.00183293	21.9482
0.00184131	19.9749
0.00184969	18.1155
0.00185808	16.3739
0.00186646	14.7532
0.00187484	13.2563
0.00188322	11.8799
0.0018916	10.6254
0.00189998	9.48398
0.00190836	8.45494
0.00191674	7.5262
0.00192512	6.69497
0.0019335	5.94818
0.00194188	5.28156
0.00195026	4.68319
0.00195865	4.14815
0.00196703	3.66693
0.00197541	3.23481
0.00198379	2.84506
0.00199217	2.49376
0.00200055	2.17654
0.00200893	1.89051
0.00201731	1.63288
0.00202569	1.40169
0.00203407	1.19493
0.00204245	1.01126
0.00205083	0.84891
0.00205922	0.706796
0.0020676	0.583115
0.00207598	0.476795
0.00208436	0.385985
0.00209274	0.309494
0.00210112	0.245541
0.0021095	0.192825
0.00211788	0.149775
0.00212626	0.115068
0.00213464	0.0874398
0.00214302	0.0656538
0.0021514	0.0487804
0.00215979	0.0353891
0.00216817	0.0259697
