0.000500379	4.15396e-18
0.000506246	2.61107e-17
0.000512113	9.1981e-17
0.000517979	5.41434e-16
0.000523846	1.81454e-15
0.000529712	9.65791e-15
0.000535579	3.18937e-14
0.000541445	1.53931e-13
0.000547312	4.99521e-13
0.000553178	2.19291e-12
0.000559045	6.97211e-12
0.000564911	2.79324e-11
0.000570778	8.67346e-11
0.000576644	3.18222e-10
0.000582511	9.61836e-10
0.000588378	3.24359e-09
0.000594244	9.50958e-09
0.000600111	2.95887e-08
0.000605977	8.38406e-08
0.000611844	2.41629e-07
0.00061771	6.59279e-07
0.000623577	1.76687e-06
0.000629443	4.62496e-06
0.00063531	1.15713e-05
0.000641176	2.89524e-05
0.000647043	6.78829e-05
0.000652909	0.000161779
0.000658776	0.000356776
0.000664643	0.00080717
0.000670509	0.00168008
0.000676376	0.00359725
0.000682242	0.00708918
0.000688109	0.0143258
0.000693975	0.0268049
0.000699842	0.0510053
0.000705708	0.092761
0.000711575	0.163893
0.000717441	0.283311
0.000723308	0.471098
0.000729174	0.770624
0.000735041	1.21111
0.000740908	1.87265
0.000746774	2.78749
0.000752641	4.0737
0.000758507	5.75238
0.000764374	7.95254
0.00077024	10.6682
0.000776107	13.979
0.000781973	17.848
0.00078784	22.24
0.000793706	27.108
0.000799573	32.293
0.000805439	37.7791
0.000811306	43.3852
0.000817173	49.1623
0.000823039	55.1027
0.000828906	61.3242
0.000834772	68.1718
0.000840639	75.7853
0.000846505	84.8845
0.000852372	95.5642
0.000858238	108.716
0.000864105	124.34
0.000869971	143.136
0.000875838	165.005
0.000881704	190.1
0.000887571	218.266
0.000893438	248.945
0.000899304	281.999
0.000905171	316.315
0.000911037	351.842
0.000916904	387.391
0.00092277	423.031
0.000928637	458.13
0.000934503	492.841
0.00094037	527.546
0.000946236	562.396
0.000952103	598.732
0.000957969	636.618
0.000963836	677.732
0.000969703	722.034
0.000975569	770.713
0.000981436	823.678
0.000987302	881.164
0.000993169	943.098
0.000999035	1008.92
0.0010049	1078.6
0.00101077	1151.32
0.00101663	1227.06
0.0010225	1305.11
0.00102837	1385.47
0.00103423	1467.55
0.0010401	1551.37
0.00104597	1636.41
0.00105183	1722.71
0.0010577	1809.95
0.00106357	1898.15
0.00106943	1987.41
0.0010753	2077.72
0.00108117	2169.45
0.00108703	2262.59
0.0010929	2357.18
0.00109877	2453.2
0.00110463	2549.55
0.0011105	2646.25
0.00111637	2740.65
0.00112223	2832.8
0.0011281	2919.03
0.00113397	2999.34
0.00113983	3070.42
0.0011457	3132.17
0.00115157	3183.06
0.00115743	3222.94
0.0011633	3252.95
0.00116916	3273.22
0.00117503	3282.84
0.0011809	3287.13
0.00118676	3287.11
0.00119263	3280.92
0.0011985	3271.13
0.00120436	3258.05
0.00121023	3241.24
0.0012161	3220.83
0.00122196	3195.47
0.00122783	3165.17
0.0012337	3128.25
0.00123956	3084.65
0.00124543	3032.83
0.0012513	2972.67
0.00125716	2903.26
0.00126303	2824.4
0.0012689	2736.46
0.00127476	2639.18
0.00128063	2534.68
0.0012865	2422.8
0.00129236	2307.04
0.00129823	2187.51
0.0013041	2067.92
0.00130996	1948.67
0.00131583	1832.45
0.00132169	1719.75
0.00132756	1611.76
0.00133343	1508.84
0.00133929	1410.92
0.00134516	1318.16
0.00135103	1229.81
0.00135689	1145.87
0.00136276	1065.49
0.00136863	988.552
0.00137449	914.497
0.00138036	843.15
0.00138623	774.455
0.00139209	708.277
0.00139796	645.041
0.00140383	584.735
0.00140969	527.997
0.00141556	474.956
0.00142143	426.064
0.00142729	381.52
0.00143316	341.301
0.00143903	305.551
0.00144489	273.755
0.00145076	245.913
0.00145663	221.234
0.00146249	199.565
0.00146836	180.114
0.00147422	162.635
0.00148009	146.543
0.00148596	131.579
0.00149182	117.459
0.00149769	103.986
0.00150356	91.1551
0.00150942	78.8782
0.00151529	67.3187
0.00152116	56.4987
0.00152702	46.5929
0.00153289	37.6887
0.00153876	29.85
0.00154462	23.1581
0.00155049	17.534
0.00155636	12.9975
0.00156222	9.37736
0.00156809	6.62106
0.00157396	4.54319
0.00157982	3.04665
0.00158569	1.98691
0.00159156	1.26158
0.00159742	0.782432
0.00160329	0.468677
0.00160916	0.276957
0.00161502	0.15574
0.00162089	0.0880188
0.00162675	0.0457699
0.00163262	0.0251435
0.00163849	0.0123838
0.00164435	0.00643244
0.00165022	0.00300902
0.00165609	0.00147262
0.00166195	0.000594287
0.00166782	0.00030151
