3.33898e-05	35.9758
3.52334e-05	39.7655
3.70771e-05	43.3179
3.89207e-05	46.6945
4.07644e-05	49.7156
4.2608e-05	52.2063
4.44517e-05	54.1784
4.62953e-05	55.6002
4.8139e-05	56.4172
4.99827e-05	56.75
5.18263e-05	56.8681
5.367e-05	56.7216
5.55136e-05	56.5368
5.73573e-05	56.5148
5.92009e-05	56.5071
6.10446e-05	56.7625
6.28882e-05	57.4242
6.47319e-05	58.3304
6.65755e-05	59.5038
6.84192e-05	60.9039
7.02628e-05	62.5388
7.21065e-05	64.3632
7.39502e-05	66.478
7.57938e-05	68.9449
7.76375e-05	71.9637
7.94811e-05	75.7903
8.13248e-05	80.6916
8.31684e-05	87.1416
8.50121e-05	95.4259
8.68557e-05	106.192
8.86994e-05	119.704
9.0543e-05	136.701
9.23867e-05	157.403
9.42303e-05	182.559
9.6074e-05	212.339
9.79177e-05	247.445
9.97613e-05	287.991
0.000101605	334.586
0.000103449	387.282
0.000105292	446.546
0.000107136	512.365
0.00010898	585.003
0.000110823	664.394
0.000112667	750.566
0.000114511	843.432
0.000116354	942.81
0.000118198	1048.63
0.000120042	1160.61
0.000121885	1278.71
0.000123729	1402.69
0.000125572	1532.55
0.000127416	1668.15
0.00012926	1809.47
0.000131103	1956.45
0.000132947	2109.01
0.000134791	2266.97
0.000136634	2430.19
0.000138478	2598.13
0.000140322	2770.6
0.000142165	2946.61
0.000144009	3125.96
0.000145853	3307.22
0.000147696	3490.28
0.00014954	3673.54
0.000151384	3856.97
0.000153227	4039.18
0.000155071	4220.23
0.000156915	4399.25
0.000158758	4576.35
0.000160602	4751.38
0.000162446	4924.46
0.000164289	5096.07
0.000166133	5266.31
0.000167977	5436.11
0.00016982	5605.5
0.000171664	5775.49
0.000173507	5946.07
0.000175351	6117.98
0.000177195	6291.13
0.000179038	6465.68
0.000180882	6641.5
0.000182726	6817.88
0.000184569	6994.71
0.000186413	7170.31
0.000188257	7344.6
0.0001901	7515.05
0.000191944	7681.63
0.000193788	7841.29
0.000195631	7994.01
0.000197475	8136.63
0.000199319	8269.16
0.000201162	8388.61
0.000203006	8494.99
0.00020485	8585.59
0.000206693	8660.45
0.000208537	8719.03
0.000210381	8760.89
0.000212224	8766.99
0.000214068	8765.29
0.000215912	8755.06
0.000217755	8706.95
0.000219599	8639.21
0.000221442	8551.88
0.000223286	8444.57
0.00022513	8317.23
0.000226973	8172.95
0.000228817	8011.67
0.000230661	7837.71
0.000232504	7651
0.000234348	7456.43
0.000236192	7253.97
0.000238035	7048.32
0.000239879	6839.52
0.000241723	6631.46
0.000243566	6424.23
0.00024541	6220.55
0.000247254	6020.55
0.000249097	5825.63
0.000250941	5635.91
0.000252785	5451.61
0.000254628	5272.83
0.000256472	5098.84
0.000258316	4929.71
0.000260159	4764.12
0.000262003	4602.1
0.000263847	4442.1
0.00026569	4284.1
0.000267534	4126.61
0.000269377	3969.57
0.000271221	3811.83
0.000273065	3653.28
0.000274908	3493.4
0.000276752	3332.03
0.000278596	3169.56
0.000280439	3005.82
0.000282283	2842.23
0.000284127	2678.72
0.00028597	2517.57
0.000287814	2358.86
0.000289658	2205.24
0.000291501	2056.97
0.000293345	1916.28
0.000295189	1783.56
0.000297032	1659.92
0.000298876	1545.76
0.00030072	1440.78
0.000302563	1345.2
0.000304407	1257.58
0.000306251	1177.89
0.000308094	1104.23
0.000309938	1036.33
0.000311782	972.584
0.000313625	912.601
0.000315469	855.53
0.000317312	801.033
0.000319156	749.019
0.000321	699.326
0.000322843	652.292
0.000324687	607.942
0.000326531	566.612
0.000328374	528.434
0.000330218	493.432
0.000332062	461.727
0.000333905	432.959
0.000335749	407.143
0.000337593	383.669
0.000339436	362.42
0.00034128	342.751
0.000343124	324.453
0.000344967	307.035
0.000346811	290.272
0.000348655	273.911
0.000350498	257.781
0.000352342	241.841
0.000354186	226.009
0.000356029	210.37
0.000357873	194.923
0.000359717	179.786
0.00036156	165.002
0.000363404	150.663
0.000365247	136.823
0.000367091	123.537
0.000368935	110.846
0.000370778	98.7847
0.000372622	87.3803
0.000374466	76.6663
0.000376309	66.6645
0.000378153	57.4055
0.000379997	48.914
0.00038184	41.2027
0.000383684	34.2947
0.000385528	28.1705
0.000387371	22.8383
0.000389215	18.2445
0.000391059	14.3708
0.000392902	11.1409
0.000394746	8.50773
0.00039659	6.39073
0.000398433	4.68783
0.000400277	3.43397
