0.000500379	3.51412e-34
0.000507084	1.01924e-32
0.000513789	3.97155e-32
0.000520493	1.00132e-30
0.000527198	3.88351e-30
0.000533903	8.4467e-29
0.000540607	3.28557e-28
0.000547312	6.17197e-27
0.000554017	2.40505e-26
0.000560721	3.9073e-25
0.000567426	1.52324e-24
0.000574131	2.14367e-23
0.000580835	8.34737e-23
0.00058754	1.0195e-21
0.000594244	3.95801e-21
0.000600949	4.20443e-20
0.000607654	1.62389e-19
0.000614358	1.50408e-18
0.000621063	5.76503e-18
0.000627768	4.66925e-17
0.000634472	1.77102e-16
0.000641177	1.2584e-15
0.000647882	4.70803e-15
0.000654586	2.94564e-14
0.000661291	1.0831e-13
0.000667995	5.99145e-13
0.0006747	2.15642e-12
0.000681405	1.05944e-11
0.000688109	3.7159e-11
0.000694814	1.62936e-10
0.000701519	5.54235e-10
0.000708223	2.18041e-09
0.000714928	7.15592e-09
0.000721633	2.53986e-08
0.000728337	7.99889e-08
0.000735042	2.57615e-07
0.000741746	7.74194e-07
0.000748451	2.27577e-06
0.000755156	6.48939e-06
0.00076186	1.75126e-05
0.000768565	4.71184e-05
0.00077527	0.000117399
0.000781974	0.00029644
0.000788679	0.000685592
0.000795384	0.00161663
0.000802088	0.00348757
0.000808793	0.00764615
0.000815497	0.0154531
0.000822202	0.0313879
0.000828907	0.0600622
0.000835611	0.112409
0.000842316	0.206063
0.000849021	0.354477
0.000855725	0.60352
0.00086243	0.970654
0.000869135	1.53715
0.000875839	2.31957
0.000882544	3.42806
0.000889249	4.87117
0.000895953	6.75779
0.000902658	9.08711
0.000909362	11.9336
0.000916067	15.2948
0.000922772	19.2124
0.000929476	23.6877
0.000936181	28.762
0.000942886	34.4283
0.00094959	40.7073
0.000956295	47.5628
0.000963	54.8575
0.000969704	62.5306
0.000976409	70.149
0.000983113	77.6773
0.000989818	84.5153
0.000996523	90.7112
0.00100323	95.9989
0.00100993	100.509
0.00101664	104.868
0.00102334	109.215
0.00103005	115.147
0.00103675	122.727
0.00104346	133.934
0.00105016	148.736
0.00105686	168.649
0.00106357	193.6
0.00107027	224.219
0.00107698	260.454
0.00108368	302.288
0.00109039	349.713
0.00109709	402.599
0.0011038	460.956
0.0011105	524.84
0.00111721	594.252
0.00112391	669.328
0.00113062	750.059
0.00113732	836.358
0.00114402	928.213
0.00115073	1025
0.00115743	1126.72
0.00116414	1231.87
0.00117084	1340.47
0.00117755	1449.89
0.00118425	1560.16
0.00119096	1667.65
0.00119766	1772.38
0.00120437	1870.78
0.00121107	1962.83
0.00121778	2046.8
0.00122448	2122.59
0.00123119	2191.81
0.00123789	2254.3
0.00124459	2314.52
0.0012513	2372.45
0.001258	2432.59
0.00126471	2495.15
0.00127141	2561.44
0.00127812	2631.8
0.00128482	2703.31
0.00129153	2776.19
0.00129823	2845.17
0.00130494	2910.17
0.00131164	2966.38
0.00131835	3013.51
0.00132505	3049.39
0.00133175	3074.77
0.00133846	3080.06
0.00134516	3077.16
0.00135187	3069.35
0.00135857	3044.23
0.00136528	3011.12
0.00137198	2971.41
0.00137869	2928.02
0.00138539	2881.32
0.0013921	2833.87
0.0013988	2786.23
0.00140551	2738.25
0.00141221	2690.38
0.00141891	2639.99
0.00142562	2587.14
0.00143232	2528.23
0.00143903	2462.86
0.00144573	2388.44
0.00145244	2304.23
0.00145914	2210.41
0.00146585	2106.27
0.00147255	1995.4
0.00147926	1877.6
0.00148596	1758.56
0.00149267	1638.95
0.00149937	1523.79
0.00150608	1414.35
0.00151278	1312.66
0.00151948	1219.83
0.00152619	1134.56
0.00153289	1057.2
0.0015396	984.862
0.0015463	917.055
0.00155301	851.538
0.00155971	787.485
0.00156642	724.418
0.00157312	661.781
0.00157983	600.506
0.00158653	540.568
0.00159324	483.262
0.00159994	428.944
0.00160664	378.454
0.00161335	332.207
0.00162005	290.362
0.00162676	253.171
0.00163346	220.292
0.00164017	191.763
0.00164687	166.987
0.00165358	145.843
0.00166028	127.635
0.00166699	112.135
0.00167369	98.6725
0.0016804	86.9477
0.0016871	76.4647
0.00169381	66.9132
0.00170051	58.0869
0.00170721	49.7651
0.00171392	42.0017
0.00172062	34.7334
0.00172733	28.1052
0.00173403	22.1804
0.00174074	17.0226
0.00174744	12.716
0.00175415	9.18955
0.00176085	6.45873
0.00176756	4.3776
0.00177426	2.87998
0.00178097	1.82864
0.00178767	1.12
0.00179437	0.66728
0.00180108	0.377898
0.00180778	0.212224
0.00181449	0.10879
0.00182119	0.0588073
0.0018279	0.0253162
0.0018346	0.0141525
