0.000100103	3.73687e-13
0.000103622	1.39164e-12
0.000107142	4.44549e-12
0.000110662	1.62585e-11
0.000114182	4.78395e-11
0.000117702	1.6218e-10
0.000121222	4.65717e-10
0.000124742	1.46766e-09
0.000128261	4.10151e-09
0.000131781	1.2051e-08
0.000135301	3.26794e-08
0.000138821	8.97926e-08
0.000142341	2.35581e-07
0.000145861	6.0718e-07
0.000149381	1.53664e-06
0.0001529	3.72633e-06
0.00015642	9.06996e-06
0.00015994	2.07564e-05
0.00016346	4.84492e-05
0.00016698	0.000104938
0.0001705	0.000234247
0.00017402	0.000481537
0.000177539	0.00102527
0.000181059	0.00200555
0.000184579	0.00406326
0.000188099	0.00758144
0.000191619	0.0145853
0.000195139	0.0263645
0.000198659	0.0476406
0.000202178	0.0830468
0.000205698	0.141409
0.000209218	0.235443
0.000212738	0.380557
0.000216258	0.604275
0.000219778	0.929652
0.000223298	1.40711
0.000226817	2.0652
0.000230337	2.98138
0.000233857	4.18379
0.000237377	5.77068
0.000240897	7.76281
0.000244417	10.2609
0.000247937	13.2759
0.000251456	16.8907
0.000254976	21.1126
0.000258496	26.0034
0.000262016	31.577
0.000265536	37.8983
0.000269056	44.9919
0.000272576	52.9576
0.000276095	61.8216
0.000279615	71.7207
0.000283135	82.6681
0.000286655	94.7941
0.000290175	108.099
0.000293695	122.665
0.000297214	138.503
0.000300734	155.681
0.000304254	174.247
0.000307774	194.39
0.000311294	216.196
0.000314814	240.101
0.000318334	266.199
0.000321853	295.173
0.000325373	327.085
0.000328893	362.706
0.000332413	402.059
0.000335933	445.828
0.000339453	494.022
0.000342973	547.203
0.000346492	605.388
0.000350012	669.106
0.000353532	738.367
0.000357052	813.678
0.000360572	895.002
0.000364092	982.582
0.000367612	1076.32
0.000371131	1175.78
0.000374651	1280.82
0.000378171	1390.09
0.000381691	1503.47
0.000385211	1618.82
0.000388731	1736.09
0.000392251	1852.82
0.00039577	1969.03
0.00039929	2082.5
0.00040281	2193.26
0.00040633	2299.68
0.00040985	2401.81
0.00041337	2498.85
0.00041689	2590.89
0.000420409	2678.37
0.000423929	2761.36
0.000427449	2841.96
0.000430969	2920.22
0.000434489	2999.87
0.000438009	3080.91
0.000441529	3167.87
0.000445048	3260.7
0.000448568	3363.16
0.000452088	3475.22
0.000455608	3598.28
0.000459128	3732.36
0.000462648	3875.65
0.000466168	4028.24
0.000469687	4185.31
0.000473207	4346.96
0.000476727	4506.36
0.000480247	4663.58
0.000483767	4811.23
0.000487287	4949.28
0.000490807	5071.27
0.000494326	5177.08
0.000497846	5262.64
0.000501366	5327.93
0.000504886	5369.36
0.000508406	5390.27
0.000511926	5391.44
0.000515446	5371.11
0.000518965	5334.11
0.000522485	5280.48
0.000526005	5215
0.000529525	5137.76
0.000533045	5053.4
0.000536565	4962.18
0.000540085	4867.37
0.000543604	4769.36
0.000547124	4669.15
0.000550644	4567.13
0.000554164	4461.68
0.000557684	4353.02
0.000561204	4237.64
0.000564724	4115.4
0.000568243	3982.96
0.000571763	3839.74
0.000575283	3685.1
0.000578803	3518.27
0.000582323	3342.85
0.000585843	3158.36
0.000589362	2972.02
0.000592882	2784.09
0.000596402	2602.68
0.000599922	2428.85
0.000603442	2268.3
0.000606962	2122.47
0.000610482	1992.56
0.000614001	1879.7
0.000617521	1780.75
0.000621041	1696
0.000624561	1620
0.000628081	1552.13
0.000631601	1487.25
0.000635121	1424.2
0.00063864	1360.06
0.00064216	1293.68
0.00064568	1224.86
0.0006492	1152.96
0.00065272	1079.69
0.00065624	1005.09
0.00065976	931.428
0.000663279	859.224
0.000666799	790.083
0.000670319	724.666
0.000673839	663.419
0.000677359	606.78
0.000680879	554.279
0.000684399	505.982
0.000687918	461.108
0.000691438	419.444
0.000694958	380.417
0.000698478	343.742
0.000701998	309.233
0.000705518	276.711
0.000709038	246.25
0.000712557	217.823
0.000716077	191.532
0.000719597	167.437
0.000723117	145.511
0.000726637	125.802
0.000730157	108.139
0.000733677	92.4952
0.000737196	78.6356
0.000740716	66.4621
0.000744236	55.7632
0.000747756	46.4136
0.000751276	38.2627
0.000754796	31.2008
0.000758316	25.1241
0.000761835	19.9525
0.000765355	15.5971
0.000768875	11.9947
0.000772395	9.05325
0.000775915	6.7085
0.000779435	4.86879
0.000782955	3.46171
0.000786474	2.40937
0.000789994	1.63767
0.000793514	1.09171
0.000797034	0.686593
0.000800554	0.451394
