3.33898e-05	4.09688
3.59039e-05	5.18194
3.8418e-05	6.49396
4.09322e-05	8.02631
4.34463e-05	9.79831
4.59604e-05	11.8278
4.84746e-05	14.1162
5.09887e-05	16.6728
5.35028e-05	19.4946
5.6017e-05	22.582
5.85311e-05	25.9333
6.10452e-05	29.5446
6.35594e-05	33.4228
6.60735e-05	37.5677
6.85877e-05	41.9993
7.11018e-05	46.7316
7.36159e-05	51.7981
7.61301e-05	57.2347
7.86442e-05	63.0858
8.11583e-05	69.4121
8.36725e-05	76.2657
8.61866e-05	83.731
8.87007e-05	91.8668
9.12149e-05	100.78
9.3729e-05	110.537
9.62431e-05	121.27
9.87573e-05	133.056
0.000101271	146.058
0.000103786	160.36
0.0001063	176.164
0.000108814	193.55
0.000111328	212.747
0.000113842	233.812
0.000116356	256.972
0.00011887	282.235
0.000121384	309.763
0.000123899	339.501
0.000126413	371.466
0.000128927	405.535
0.000131441	441.512
0.000133955	479.226
0.000136469	518.239
0.000138983	558.368
0.000141498	598.969
0.000144012	639.892
0.000146526	680.397
0.00014904	720.402
0.000151554	759.227
0.000154068	796.868
0.000156582	832.864
0.000159096	867.285
0.000161611	899.994
0.000164125	931.107
0.000166639	960.848
0.000169153	989.348
0.000171667	1017.14
0.000174181	1044.34
0.000176695	1071.68
0.00017921	1099.26
0.000181724	1127.87
0.000184238	1157.57
0.000186752	1189.1
0.000189266	1222.49
0.00019178	1258.33
0.000194294	1296.62
0.000196809	1337.74
0.000199323	1381.66
0.000201837	1428.54
0.000204351	1478.32
0.000206865	1530.89
0.000209379	1586.2
0.000211893	1643.88
0.000214407	1703.87
0.000216922	1765.58
0.000219436	1828.96
0.00022195	1893.22
0.000224464	1958.32
0.000226978	2023.41
0.000229492	2088.48
0.000232006	2152.71
0.000234521	2216.12
0.000237035	2278.15
0.000239549	2338.81
0.000242063	2397.93
0.000244577	2455.55
0.000247091	2511.94
0.000249605	2567.13
0.000252119	2621.8
0.000254634	2675.96
0.000257148	2730.46
0.000259662	2785.28
0.000262176	2841.15
0.00026469	2898.04
0.000267204	2956.21
0.000269718	3015.64
0.000272233	3075.92
0.000274747	3137.05
0.000277261	3197.96
0.000279775	3258.65
0.000282289	3317.55
0.000284803	3374.67
0.000287317	3428.26
0.000289831	3478.32
0.000292346	3523.19
0.00029486	3562.88
0.000297374	3596.07
0.000299888	3622.75
0.000302402	3642.36
0.000304916	3655.03
0.00030743	3656.75
0.000309945	3652.83
0.000312459	3643.76
0.000314973	3623.75
0.000317487	3596.33
0.000320001	3561.78
0.000322515	3520.23
0.000325029	3471.66
0.000327544	3416.88
0.000330058	3355.87
0.000332572	3289.61
0.000335086	3218.1
0.0003376	3142.43
0.000340114	3062.61
0.000342628	2979.8
0.000345142	2894.01
0.000347657	2806.36
0.000350171	2716.87
0.000352685	2626.52
0.000355199	2535.37
0.000357713	2444.21
0.000360227	2353.1
0.000362741	2262.62
0.000365256	2172.84
0.00036777	2084.17
0.000370284	1996.67
0.000372798	1910.59
0.000375312	1825.99
0.000377826	1743.02
0.00038034	1661.72
0.000382854	1582.18
0.000385369	1504.42
0.000387883	1428.51
0.000390397	1354.45
0.000392911	1282.3
0.000395425	1212.05
0.000397939	1143.75
0.000400453	1077.41
0.000402968	1013.05
0.000405482	950.695
0.000407996	890.346
0.00041051	832.014
0.000413024	775.692
0.000415538	721.385
0.000418052	669.068
0.000420566	618.739
0.000423081	570.377
0.000425595	523.973
0.000428109	479.532
0.000430623	437.043
0.000433137	396.546
0.000435651	358.038
0.000438165	321.587
0.00044068	287.203
0.000443194	254.956
0.000445708	224.868
0.000448222	196.978
0.000450736	171.315
0.00045325	147.857
0.000455764	126.624
0.000458279	107.522
0.000460793	90.5526
0.000463307	75.5542
0.000465821	62.4982
0.000468335	51.178
0.000470849	41.5351
0.000473363	33.3443
0.000475877	26.5231
0.000478392	20.8545
0.000480906	16.242
0.00048342	12.497
0.000485934	9.52065
0.000488448	7.16292
0.000490962	5.33285
0.000493476	3.92071
0.000495991	2.8499
0.000498505	2.04642
0.000501019	1.45089
0.000503533	1.0172
0.000506047	0.702725
0.000508561	0.480935
0.000511075	0.323402
0.000513589	0.216059
0.000516104	0.141258
0.000518618	0.0921428
0.000521132	0.0584986
0.000523646	0.0372736
0.00052616	0.0229475
0.000528674	0.0142918
0.000531188	0.00799499
0.000533703	0.00519119
