0.000500379	3.65073e-37
0.000507084	1.37736e-35
0.000513789	5.39993e-35
0.000520493	1.75826e-33
0.000527198	6.8836e-33
0.000533903	1.92311e-31
0.000540607	7.5625e-31
0.000547312	1.81445e-29
0.000554017	7.16044e-29
0.000560721	1.47704e-27
0.000567426	5.8431e-27
0.000574131	1.03762e-25
0.000580835	4.10942e-25
0.00058754	6.29211e-24
0.000594244	2.49091e-23
0.000600949	3.29451e-22
0.000607654	1.30131e-21
0.000614358	1.48993e-20
0.000621063	5.8595e-20
0.000627768	5.82211e-19
0.000634472	2.27408e-18
0.000641177	1.96657e-17
0.000647882	7.60734e-17
0.000654586	5.74439e-16
0.000661291	2.19359e-15
0.000667995	1.45175e-14
0.0006747	5.45246e-14
0.000681405	3.17587e-13
0.000688109	1.16834e-12
0.000694814	6.01695e-12
0.000701519	2.15831e-11
0.000708223	9.87757e-11
0.000714928	3.43765e-10
0.000721633	1.40568e-09
0.000728337	4.72118e-09
0.000735042	1.73487e-08
0.000741746	5.59156e-08
0.000748451	1.85759e-07
0.000755156	5.71172e-07
0.00076186	1.72601e-06
0.000768565	5.03295e-06
0.00077527	1.39193e-05
0.000781974	3.82637e-05
0.000788679	9.74288e-05
0.000795384	0.000251052
0.000802088	0.000591852
0.000808793	0.00142195
0.000815497	0.0031197
0.000822202	0.0069552
0.000828907	0.0142649
0.000835611	0.0293943
0.000842316	0.0567623
0.000849021	0.107633
0.000855725	0.199888
0.00086243	0.346488
0.000869135	0.595082
0.000875839	0.961524
0.000882544	1.52867
0.000889249	2.30885
0.000895953	3.40639
0.000902658	4.82155
0.000909362	6.63481
0.000916067	8.83524
0.000922772	11.4353
0.000929476	14.4305
0.000936181	17.7938
0.000942886	21.5498
0.00094959	25.7651
0.000956295	30.4946
0.000963	36.0442
0.000969704	42.4684
0.000976409	50.3053
0.000983113	59.5724
0.000989818	70.8283
0.000996523	84.0429
0.00100323	99.5166
0.00100993	117.188
0.00101664	136.919
0.00102334	158.641
0.00103005	181.735
0.00103675	206.153
0.00104346	230.92
0.00105016	256.041
0.00105686	280.61
0.00106357	304.699
0.00107027	328.175
0.00107698	351.139
0.00108368	374.72
0.00109039	398.978
0.00109709	425.953
0.0011038	455.632
0.0011105	489.884
0.00111721	528.659
0.00112391	572.88
0.00113062	622.519
0.00113732	677.899
0.00114402	739.025
0.00115073	806.607
0.00115743	880.65
0.00116414	962.603
0.00117084	1052.46
0.00117755	1151.66
0.00118425	1260.2
0.00119096	1378.43
0.00119766	1506.38
0.00120437	1642.62
0.00121107	1787.21
0.00121778	1936.52
0.00122448	2090.68
0.00123119	2243.58
0.00123789	2395.36
0.00124459	2538.13
0.0012513	2671.87
0.001258	2789.2
0.00126471	2889.86
0.00127141	2970.14
0.00127812	3029.57
0.00128482	3070.67
0.00129153	3093.78
0.00129823	3097.46
0.00130494	3094.13
0.00131164	3086.61
0.00131835	3073.1
0.00132505	3060.44
0.00133175	3049.41
0.00133846	3040.07
0.00134516	3032.97
0.00135187	3024.07
0.00135857	3013.42
0.00136528	2996.2
0.00137198	2971.9
0.00137869	2938.44
0.00138539	2895.15
0.0013921	2843.82
0.0013988	2784.15
0.00140551	2720.02
0.00141221	2651.72
0.00141891	2582.3
0.00142562	2512.35
0.00143232	2442.45
0.00143903	2373.03
0.00144573	2302.76
0.00145244	2231.66
0.00145914	2158.1
0.00146585	2081.83
0.00147255	2001.95
0.00147926	1918.18
0.00148596	1830.44
0.00149267	1738.54
0.00149937	1643.16
0.00150608	1544.16
0.00151278	1443.12
0.00151948	1340.07
0.00152619	1237.35
0.00153289	1135.3
0.0015396	1036.25
0.0015463	940.837
0.00155301	850.376
0.00155971	765.496
0.00156642	686.128
0.00157312	612.552
0.00157983	543.93
0.00158653	480.096
0.00159324	420.493
0.00159994	364.778
0.00160664	313.234
0.00161335	265.73
0.00162005	223.037
0.00162676	185.395
0.00163346	153.199
0.00164017	126.842
0.00164687	105.77
0.00165358	90.1382
0.00166028	78.5856
0.00166699	70.8118
0.00167369	65.3047
0.0016804	61.4111
0.0016871	58.1137
0.00169381	54.7252
0.00170051	50.9727
0.00170721	46.4345
0.00171392	41.3963
0.00172062	35.8068
0.00172733	30.1123
0.00173403	24.5189
0.00174074	19.3116
0.00174744	14.7393
0.00175415	10.8341
0.00176085	7.72834
0.00176756	5.29435
0.00177426	3.51877
0.00178097	2.24783
0.00178767	1.38602
0.00179437	0.827828
0.00180108	0.470591
0.00180778	0.264184
0.00181449	0.135541
0.00182119	0.0730825
0.0018279	0.0313776
0.0018346	0.0174759
