0.000166815	3.32817e-54
0.00017352	1.70037e-51
0.000180225	6.7915e-51
0.000186929	2.70556e-48
0.000193634	1.09051e-47
0.000200339	3.38589e-45
0.000207043	1.37783e-44
0.000213748	3.33445e-42
0.000220453	1.36983e-41
0.000227157	2.58429e-39
0.000233862	1.07163e-38
0.000240566	1.57639e-36
0.000247271	6.59672e-36
0.000253976	7.56912e-34
0.00026068	3.19536e-33
0.000267385	2.86122e-31
0.00027409	1.21793e-30
0.000280794	8.51668e-29
0.000287499	3.65291e-28
0.000294204	1.99672e-26
0.000300908	8.62134e-26
0.000307613	3.68841e-24
0.000314317	1.60117e-23
0.000321022	5.37062e-22
0.000327727	2.34011e-21
0.000334431	6.1676e-20
0.000341136	2.69144e-19
0.000347841	5.59005e-18
0.000354545	2.43613e-17
0.00036125	4.00223e-16
0.000367955	1.73545e-15
0.000374659	2.26589e-14
0.000381364	9.73098e-14
0.000388068	1.01574e-12
0.000394773	4.29522e-12
0.000401478	3.61069e-11
0.000408182	1.49271e-10
0.000414887	1.01954e-09
0.000421592	4.08538e-09
0.000428296	2.29106e-08
0.000435001	8.80876e-08
0.000441706	4.10529e-07
0.00044841	1.4971e-06
0.000455115	5.8772e-06
0.000461819	2.00716e-05
0.000468524	6.73463e-05
0.000475229	0.000212525
0.000481933	0.00061872
0.000488638	0.00178032
0.000495343	0.00456439
0.000502047	0.0118303
0.000508752	0.0270837
0.000515457	0.0626077
0.000522161	0.129563
0.000528866	0.265448
0.000535571	0.518063
0.000542275	0.930007
0.00054898	1.63083
0.000555684	2.64727
0.000562389	4.17123
0.000569094	6.2022
0.000575798	8.8948
0.000582503	12.2112
0.000589208	16.1378
0.000595912	20.6087
0.000602617	25.3483
0.000609322	30.2939
0.000616026	34.9386
0.000622731	39.2703
0.000629435	42.7979
0.00063614	45.583
0.000642845	47.5341
0.000649549	48.7407
0.000656254	49.6554
0.000662959	50.3157
0.000669663	51.3583
0.000676368	52.7495
0.000683073	54.7856
0.000689777	57.4354
0.000696482	60.6545
0.000703186	64.4945
0.000709891	69.2788
0.000716596	75.1254
0.0007233	83.4309
0.000730005	94.2774
0.00073671	109.899
0.000743414	130.27
0.000750119	157.245
0.000756824	190.732
0.000763528	231.219
0.000770233	278.645
0.000776937	332.488
0.000783642	392.745
0.000790347	458.868
0.000797051	530.86
0.000803756	608.249
0.000810461	691.033
0.000817165	778.495
0.00082387	870.646
0.000830575	967.367
0.000837279	1068.66
0.000843984	1176
0.000850689	1289.39
0.000857393	1410.37
0.000864098	1539.01
0.000870802	1673.62
0.000877507	1814.34
0.000884212	1955.36
0.000890916	2096.74
0.000897621	2232.08
0.000904326	2361.21
0.00091103	2481.29
0.000917735	2592.1
0.00092444	2694.42
0.000931144	2788.19
0.000937849	2874.48
0.000944553	2953.38
0.000951258	3024.51
0.000957963	3087.9
0.000964667	3142.93
0.000971372	3189.57
0.000978077	3227.63
0.000984781	3257.12
0.000991486	3277.81
0.000998191	3289.85
0.0010049	3291.65
0.0010116	3285.64
0.0010183	3272.61
0.00102501	3251.98
0.00103171	3226.24
0.00103842	3195.82
0.00104512	3160.26
0.00105183	3120.03
0.00105853	3071.48
0.00106524	3014.37
0.00107194	2945.73
0.00107865	2864.53
0.00108535	2773.44
0.00109206	2671.82
0.00109876	2566.63
0.00110546	2458.69
0.00111217	2352.26
0.00111887	2248.64
0.00112558	2146.9
0.00113228	2047.19
0.00113899	1948.26
0.00114569	1849.56
0.0011524	1752.47
0.0011591	1657.16
0.00116581	1564.34
0.00117251	1474.63
0.00117922	1385.94
0.00118592	1298
0.00119263	1209.2
0.00119933	1118.62
0.00120603	1027.83
0.00121274	936.628
0.00121944	847.727
0.00122615	761.839
0.00123285	680.166
0.00123956	603.313
0.00124626	531.283
0.00125297	464.158
0.00125967	402.092
0.00126638	345.085
0.00127308	293.485
0.00127979	247.446
0.00128649	206.98
0.00129319	172.218
0.0012999	142.804
0.0013066	118.772
0.00131331	99.42
0.00132001	84.6978
0.00132672	73.4372
0.00133342	65.3349
0.00134013	59.1069
0.00134683	54.1478
0.00135354	49.7359
0.00136024	45.2935
0.00136695	40.8268
0.00137365	36.119
0.00138035	31.4424
0.00138706	26.8796
0.00139376	22.5655
0.00140047	18.6116
0.00140717	15.0251
0.00141388	11.8398
0.00142058	9.06047
0.00142729	6.70267
0.00143399	4.75773
0.0014407	3.24349
0.0014474	2.09565
0.00145411	1.29439
0.00146081	0.754134
0.00146752	0.412053
0.00147422	0.218455
0.00148092	0.102976
0.00148763	0.0505299
0.00149433	0.0195766
0.00150104	0.00925888
