0.000500379	4.97825e-40
0.000507084	2.27014e-38
0.000513789	8.93121e-38
0.000520493	3.5068e-36
0.000527198	1.38044e-35
0.000533903	4.64446e-34
0.000540607	1.83824e-33
0.000547312	5.30346e-32
0.000554017	2.10893e-31
0.000560721	5.22221e-30
0.000567426	2.08452e-29
0.000574131	4.43509e-28
0.000580835	1.77514e-27
0.00058754	3.24938e-26
0.000594244	1.30242e-25
0.000600949	2.05427e-24
0.000607654	8.23311e-24
0.000614358	1.12098e-22
0.000621063	4.48415e-22
0.000627768	5.28164e-21
0.000634472	2.10431e-20
0.000641177	2.14943e-19
0.000647882	8.50868e-19
0.000654586	7.55863e-18
0.000661291	2.9645e-17
0.000667995	2.29783e-16
0.0006747	8.90008e-16
0.000681405	6.0416e-15
0.000688109	2.30255e-14
0.000694814	1.37456e-13
0.000701519	5.13358e-13
0.000708223	2.70753e-12
0.000714928	9.86409e-12
0.000721633	4.61954e-11
0.000728337	1.63363e-10
0.000735042	6.8304e-10
0.000741746	2.33211e-09
0.000748451	8.75597e-09
0.000755156	2.87008e-08
0.00076186	9.73485e-08
0.000768565	3.04542e-07
0.00077527	9.3894e-07
0.000781974	2.78661e-06
0.000788679	7.85777e-06
0.000795384	2.1992e-05
0.000802088	5.70594e-05
0.000808793	0.00014973
0.000815497	0.000359484
0.000822202	0.000879676
0.000828907	0.00196453
0.000835611	0.00446117
0.000842316	0.00930931
0.000849021	0.019537
0.000855725	0.0382368
0.00086243	0.0739216
0.000869135	0.139423
0.000875839	0.245982
0.000882544	0.430553
0.000889249	0.706019
0.000895953	1.14161
0.000902658	1.74739
0.000909362	2.61412
0.000916067	3.74024
0.000922772	5.19384
0.000929476	6.95866
0.000936181	9.02023
0.000942886	11.3604
0.00094959	13.8753
0.000956295	16.5696
0.000963	19.3616
0.000969704	22.2929
0.000976409	25.4956
0.000983113	29.0304
0.000989818	33.3489
0.000996523	38.491
0.00100323	45.0957
0.00100993	53.1535
0.00101664	63.1618
0.00102334	75.0731
0.00103005	88.9641
0.00103675	104.791
0.00104346	122.241
0.00105016	141.311
0.00105686	161.67
0.00106357	183.359
0.00107027	206.488
0.00107698	231.108
0.00108368	257.955
0.00109039	287.057
0.00109709	319.558
0.0011038	355.457
0.0011105	395.916
0.00111721	440.919
0.00112391	491.401
0.00113062	547.346
0.00113732	609.427
0.00114402	677.632
0.00115073	752.341
0.00115743	833.545
0.00116414	921.125
0.00117084	1015.08
0.00117755	1114.46
0.00118425	1219.27
0.00119096	1327.43
0.00119766	1438.98
0.00120437	1550.72
0.00121107	1662.69
0.00121778	1771.3
0.00122448	1876.51
0.00123119	1975.66
0.00123789	2068.64
0.00124459	2154.95
0.0012513	2234.45
0.001258	2308.63
0.00126471	2377.48
0.00127141	2442.45
0.00127812	2503.73
0.00128482	2560.68
0.00129153	2613.46
0.00129823	2659.58
0.00130494	2698.92
0.00131164	2729.97
0.00131835	2752.34
0.00132505	2768.13
0.00133175	2777.06
0.00133846	2784.13
0.00134516	2789.56
0.00135187	2797.11
0.00135857	2807.58
0.00136528	2819.66
0.00137198	2834.74
0.00137869	2840.84
0.00138539	2842.24
0.0013921	2840.65
0.0013988	2816.35
0.00140551	2772.64
0.00141221	2711.03
0.00141891	2631.87
0.00142562	2534.38
0.00143232	2425.65
0.00143903	2305.91
0.00144573	2182.91
0.00145244	2057.67
0.00145914	1935.57
0.00146585	1817.7
0.00147255	1706.56
0.00147926	1602.9
0.00148596	1507.17
0.00149267	1419.82
0.00149937	1339.89
0.00150608	1267.58
0.00151278	1200.87
0.00151948	1139.62
0.00152619	1081.36
0.00153289	1025.62
0.0015396	970.525
0.0015463	915.44
0.00155301	859.86
0.00155971	803.327
0.00156642	746.52
0.00157312	689.367
0.00157983	632.978
0.00158653	577.59
0.00159324	524.1
0.00159994	472.831
0.00160664	424.249
0.00161335	378.602
0.00162005	336.01
0.00162676	296.597
0.00163346	260.301
0.00164017	227.153
0.00164687	197.02
0.00165358	169.888
0.00166028	145.582
0.00166699	124.068
0.00167369	105.102
0.0016804	88.6257
0.0016871	74.3178
0.00169381	62.068
0.00170051	51.5359
0.00170721	42.5591
0.00171392	34.8688
0.00172062	28.2939
0.00172733	22.6788
0.00173403	17.8964
0.00174074	13.8665
0.00174744	10.5186
0.00175415	7.78341
0.00176085	5.61616
0.00176756	3.93061
0.00177426	2.67428
0.00178097	1.75952
0.00178767	1.12022
0.00179437	0.691289
0.00180108	0.408671
0.00180778	0.236892
0.00181449	0.128196
0.00182119	0.0705686
0.0018279	0.0313052
0.0018346	0.0182174
