3.33898e-05	2.19346e-14
3.55687e-05	1.08461e-13
3.77476e-05	3.68041e-13
3.99264e-05	1.72725e-12
4.21053e-05	5.49146e-12
4.42842e-05	2.34106e-11
4.64631e-05	7.28709e-11
4.8642e-05	2.83154e-10
5.08209e-05	8.60113e-10
5.29998e-05	3.05727e-09
5.51787e-05	9.03155e-09
5.73576e-05	2.94777e-08
5.95365e-05	8.43824e-08
6.17154e-05	2.53887e-07
6.38943e-05	7.01639e-07
6.60732e-05	1.95391e-06
6.82521e-05	5.19336e-06
7.0431e-05	1.344e-05
7.26099e-05	3.42269e-05
7.47888e-05	8.26469e-05
7.69677e-05	0.000200909
7.91465e-05	0.000454431
8.13254e-05	0.00105071
8.35043e-05	0.00223453
8.56832e-05	0.00489745
8.78621e-05	0.00982718
9.0041e-05	0.0203533
9.22199e-05	0.0386564
9.43988e-05	0.0754502
9.65777e-05	0.138038
9.87566e-05	0.250853
0.000100935	0.44003
0.000103114	0.746878
0.000105293	1.24045
0.000107472	1.98394
0.000109651	3.11367
0.00011183	4.70449
0.000114009	6.97041
0.000116188	9.96593
0.000118367	13.9398
0.000120546	18.882
0.000122724	24.9553
0.000124903	32.0618
0.000127082	40.1188
0.000129261	48.9769
0.00013144	58.2378
0.000133619	67.8031
0.000135798	77.1248
0.000137977	86.2701
0.000140156	94.9622
0.000142334	103.472
0.000144513	112.259
0.000146692	121.714
0.000148871	133.214
0.00015105	147.106
0.000153229	165.388
0.000155408	188.236
0.000157587	217.642
0.000159766	253.585
0.000161945	297.445
0.000164123	349.064
0.000166302	408.891
0.000168481	476.709
0.00017066	552.022
0.000172839	634.627
0.000175018	723.296
0.000177197	817.927
0.000179376	917.052
0.000181555	1020.74
0.000183733	1128.09
0.000185912	1239.34
0.000188091	1354.94
0.00019027	1475.18
0.000192449	1602.01
0.000194628	1735.6
0.000196807	1878.64
0.000198986	2031.12
0.000201165	2195.24
0.000203344	2370.87
0.000205522	2558.98
0.000207701	2759.46
0.00020988	2972.17
0.000212059	3197.01
0.000214238	3433.05
0.000216417	3680.18
0.000218596	3936.46
0.000220775	4201.76
0.000222954	4472.69
0.000225132	4749.15
0.000227311	5026.5
0.00022949	5304.76
0.000231669	5579.43
0.000233848	5850.62
0.000236027	6115.75
0.000238206	6374.92
0.000240385	6628.24
0.000242564	6875.72
0.000244743	7118.97
0.000246921	7357.98
0.0002491	7593.15
0.000251279	7824.47
0.000253458	8048.18
0.000255637	8264.36
0.000257816	8463.83
0.000259995	8646.72
0.000262174	8800.53
0.000264353	8925.26
0.000266531	9010.29
0.00026871	9055.39
0.000270889	9057.24
0.000273068	9015.63
0.000275247	8937.22
0.000277426	8821.51
0.000279605	8682.62
0.000281784	8520.44
0.000283963	8350.14
0.000286142	8172.14
0.00028832	7996.58
0.000290499	7824.22
0.000292678	7657.41
0.000294857	7496.84
0.000297036	7338.28
0.000299215	7182.02
0.000301394	7020.8
0.000303573	6854.44
0.000305752	6676.33
0.00030793	6485.9
0.000310109	6279.91
0.000312288	6057.6
0.000314467	5820.66
0.000316646	5568.39
0.000318825	5307.63
0.000321004	5038.1
0.000323183	4769.99
0.000325362	4503.77
0.00032754	4249.28
0.000329719	4007.74
0.000331898	3784.65
0.000334077	3581.5
0.000336256	3397.5
0.000338435	3233.63
0.000340614	3083.99
0.000342793	2948.57
0.000344972	2819.74
0.000347151	2696.57
0.000349329	2573.15
0.000351508	2448.18
0.000353687	2319.2
0.000355866	2185.16
0.000358045	2046.83
0.000360224	1903.72
0.000362403	1758.53
0.000364582	1611.35
0.000366761	1465.58
0.000368939	1321.71
0.000371118	1182.98
0.000373297	1050.12
0.000375476	925.561
0.000377655	810.086
0.000379834	704.864
0.000382013	610.524
0.000384192	526.981
0.000386371	454.516
0.00038855	392.304
0.000390728	340.283
0.000392907	297.459
0.000395086	263.618
0.000397265	237.727
0.000399444	219.036
0.000401623	208.363
0.000403802	203.211
0.000405981	201.876
0.00040816	205.012
0.000410338	209.991
0.000412517	216.052
0.000414696	221.337
0.000416875	224.673
0.000419054	225.811
0.000421233	223.264
0.000423412	217.154
0.000425591	207.543
0.00042777	195.188
0.000429949	180.29
0.000432127	163.906
0.000434306	146.578
0.000436485	129.079
0.000438664	111.989
0.000440843	95.6942
0.000443022	80.6105
0.000445201	66.8395
0.00044738	54.5953
0.000449559	43.8277
0.000451737	34.5993
0.000453916	26.783
0.000456095	20.3435
0.000458274	15.1142
0.000460453	10.9917
0.000462632	7.80513
0.000464811	5.33636
0.00046699	3.66007
