3.33898e-05	1.08458e-29
3.59039e-05	2.20122e-28
3.8418e-05	8.4795e-28
4.09322e-05	1.51299e-26
4.34463e-05	5.76676e-26
4.59604e-05	8.94872e-25
4.84746e-05	3.41172e-24
5.09887e-05	4.61153e-23
5.35028e-05	1.75599e-22
5.6017e-05	2.07124e-21
5.85311e-05	7.8635e-21
6.10452e-05	8.11092e-20
6.35594e-05	3.06403e-19
6.60735e-05	2.7704e-18
6.85877e-05	1.03897e-17
7.11018e-05	8.25739e-17
7.36159e-05	3.0662e-16
7.61301e-05	2.14873e-15
7.86442e-05	7.87694e-15
8.11583e-05	4.88419e-14
8.36725e-05	1.76178e-13
8.61866e-05	9.70332e-13
8.87007e-05	3.43146e-12
9.12149e-05	1.68588e-11
9.3729e-05	5.82171e-11
9.62431e-05	2.56318e-10
9.87573e-05	8.60598e-10
0.000101271	3.41235e-09
0.000103786	1.10888e-08
0.0001063	3.98041e-08
0.000108814	1.24589e-07
0.000111328	4.07071e-07
0.000113842	1.22126e-06
0.000116356	3.65212e-06
0.00011887	1.04498e-05
0.000121384	2.8761e-05
0.000123899	7.81032e-05
0.000126413	0.000198922
0.000128927	0.000510286
0.000131441	0.00120895
0.000133955	0.00291684
0.000136469	0.00645936
0.000138983	0.0146008
0.000141498	0.0303552
0.000144012	0.0640716
0.000146526	0.125528
0.00014904	0.246764
0.000151554	0.463594
0.000154068	0.84199
0.000156582	1.50432
0.000159096	2.5401
0.000161611	4.2433
0.000164125	6.72918
0.000166639	10.5111
0.000169153	15.6873
0.000171667	22.9317
0.000174181	32.2493
0.000176695	44.1938
0.00017921	58.6202
0.000181724	75.5013
0.000184238	94.5735
0.000186752	114.884
0.000189266	136.191
0.00019178	156.798
0.000194294	176.653
0.000196809	194.152
0.000199323	209.506
0.000201837	222.303
0.000204351	232.926
0.000206865	242.833
0.000209379	252.406
0.000211893	264.795
0.000214407	280.232
0.000216922	302.634
0.000219436	332.01
0.00022195	371.754
0.000224464	421.671
0.000226978	483.417
0.000229492	556.705
0.000232006	640.844
0.000234521	735.606
0.000237035	838.439
0.000239549	949.294
0.000242063	1065.29
0.000244577	1186.57
0.000247091	1311.74
0.000249605	1441
0.000252119	1575.5
0.000254634	1715.38
0.000257148	1864.14
0.000259662	2021.83
0.000262176	2193.07
0.00026469	2377.82
0.000267204	2580.03
0.000269718	2799.59
0.000272233	3037.65
0.000274747	3294.08
0.000277261	3565.73
0.000279775	3852.57
0.000282289	4147.58
0.000284803	4450.81
0.000287317	4754.11
0.000289831	5057.53
0.000292346	5354.91
0.00029486	5646.25
0.000297374	5928.62
0.000299888	6201.99
0.000302402	6465.58
0.000304916	6719.36
0.00030743	6962.87
0.000309945	7196.13
0.000312459	7418.09
0.000314973	7628.78
0.000317487	7826.25
0.000320001	8010.59
0.000322515	8178.19
0.000325029	8329.23
0.000327544	8457.49
0.000330058	8563.09
0.000332572	8637.86
0.000335086	8681.67
0.0003376	8686.84
0.000340114	8653.38
0.000342628	8581.68
0.000345142	8467.68
0.000347657	8319.69
0.000350171	8137.44
0.000352685	7933.07
0.000355199	7706.95
0.000357713	7470.83
0.000360227	7225.91
0.000362741	6978.09
0.000365256	6728.52
0.00036777	6477.3
0.000370284	6224.72
0.000372798	5969.87
0.000375312	5712.26
0.000377826	5454.31
0.00038034	5195.66
0.000382854	4941.51
0.000385369	4692.36
0.000387883	4452.06
0.000390397	4221.64
0.000392911	4000.93
0.000395425	3790.53
0.000397939	3587.59
0.000400453	3391.88
0.000402968	3200.88
0.000405482	3013.98
0.000407996	2830.45
0.00041051	2649.87
0.000413024	2472.66
0.000415538	2298.72
0.000418052	2128.78
0.000420566	1962.84
0.000423081	1802.04
0.000425595	1646.43
0.000428109	1497.75
0.000430623	1356.29
0.000433137	1223.82
0.000435651	1100.9
0.000438165	988.412
0.00044068	886.927
0.000443194	796.111
0.000445708	716.215
0.000448222	646.05
0.000450736	585.491
0.00045325	533.055
0.000455764	488.382
0.000458279	450.004
0.000460793	417.479
0.000463307	389.397
0.000465821	365.277
0.000468335	343.789
0.000470849	324.392
0.000473363	305.997
0.000475877	288.028
0.000478392	269.859
0.000480906	250.99
0.00048342	231.376
0.000485934	210.738
0.000488448	189.522
0.000490962	167.748
0.000493476	146.097
0.000495991	124.856
0.000498505	104.641
0.000501019	85.8679
0.000503533	68.8631
0.000506047	53.9924
0.000508561	41.2298
0.000511075	30.7468
0.000513589	22.2657
0.000516104	15.724
0.000518618	10.767
0.000521132	7.16792
0.000523646	4.63451
0.00052616	2.89366
0.000528674	1.76736
0.000531188	0.968343
0.000533703	0.594993
