3.33898e-05	0.0786508
3.55687e-05	0.126173
3.77476e-05	0.235426
3.99264e-05	0.388992
4.21053e-05	0.637737
4.42842e-05	1.00798
4.64631e-05	1.56307
4.8642e-05	2.35712
5.08209e-05	3.46586
5.29998e-05	4.97744
5.51787e-05	6.95166
5.73576e-05	9.49646
5.95365e-05	12.6118
6.17154e-05	16.3771
6.38943e-05	20.6943
6.60732e-05	25.5377
6.82521e-05	30.7109
7.0431e-05	36.0173
7.26099e-05	41.2193
7.47888e-05	45.9525
7.69677e-05	50.0353
7.91465e-05	53.263
8.13254e-05	55.0311
8.35043e-05	54.9176
8.56832e-05	54.4415
8.78621e-05	52.6093
9.0041e-05	49.0039
9.22199e-05	44.7519
9.43988e-05	39.8101
9.65777e-05	34.6083
9.87566e-05	29.2623
0.000100935	24.206
0.000103114	19.4602
0.000105293	15.3089
0.000107472	11.7104
0.000109651	8.75375
0.00011183	6.38079
0.000114009	4.53175
0.000116188	3.16411
0.000118367	2.15407
0.000120546	1.48721
0.000122724	1.04474
0.000124903	0.856714
0.000127082	0.911934
0.000129261	1.16602
0.00013144	1.67342
0.000133619	2.73397
0.000135798	4.44673
0.000137977	7.04638
0.000140156	11.1272
0.000142334	16.9911
0.000144513	25.7425
0.000146692	37.7697
0.000148871	54.8386
0.00015105	77.3478
0.000153229	107.683
0.000155408	146.12
0.000157587	195.266
0.000159766	255.135
0.000161945	327.757
0.000164123	412.833
0.000166302	510.874
0.000168481	621.378
0.00017066	742.811
0.000172839	874.726
0.000175018	1014.02
0.000177197	1160.56
0.000179376	1311.26
0.000181555	1466.43
0.000183733	1624.94
0.000185912	1787.36
0.000188091	1955.66
0.00019027	2130.29
0.000192449	2315.51
0.000194628	2511.34
0.000196807	2721.71
0.000198986	2946.17
0.000201165	3185.29
0.000203344	3438.4
0.000205522	3701.08
0.000207701	3972.77
0.00020988	4244.87
0.000212059	4517.13
0.000214238	4779.39
0.000216417	5031.72
0.000218596	5265.29
0.000220775	5480.38
0.000222954	5671.47
0.000225132	5838.86
0.000227311	5981.12
0.00022949	6098.5
0.000231669	6193.74
0.000233848	6267.01
0.000236027	6325.01
0.000238206	6367.82
0.000240385	6405.29
0.000242564	6437.38
0.000244743	6474.94
0.000246921	6517.85
0.0002491	6574.45
0.000251279	6644.67
0.000253458	6730.73
0.000255637	6832.69
0.000257816	6945.12
0.000259995	7068.15
0.000262174	7190.7
0.000264353	7312.87
0.000266531	7422.99
0.00026871	7520.93
0.000270889	7599.86
0.000273068	7659.46
0.000275247	7700.9
0.000277426	7724.39
0.000279605	7727.78
0.000281784	7723.51
0.000283963	7713.85
0.000286142	7694.4
0.00028832	7669.84
0.000290499	7640.92
0.000292678	7603.57
0.000294857	7558.04
0.000297036	7497.93
0.000299215	7422.99
0.000301394	7328.47
0.000303573	7213.79
0.000305752	7078.38
0.00030793	6921.75
0.000310109	6747
0.000312288	6554.04
0.000314467	6347.03
0.000316646	6126.24
0.000318825	5894.63
0.000321004	5652.53
0.000323183	5401.43
0.000325362	5141.4
0.00032754	4874.02
0.000329719	4599.11
0.000331898	4320.09
0.000334077	4036.81
0.000336256	3754.88
0.000338435	3474.53
0.000340614	3202.02
0.000342793	2938.13
0.000344972	2687.56
0.000347151	2451.34
0.000349329	2231.23
0.000351508	2028.06
0.000353687	1840.81
0.000355866	1669.77
0.000358045	1512.6
0.000360224	1369.04
0.000362403	1237
0.000364582	1115.97
0.000366761	1004.93
0.000368939	903.508
0.000371118	811.507
0.000373297	728.853
0.000375476	655.302
0.000377655	590.993
0.000379834	534.846
0.000382013	486.921
0.000384192	445.215
0.000386371	409.445
0.00038855	377.325
0.000390728	348.207
0.000392907	320.421
0.000395086	293.198
0.000397265	266.03
0.000399444	238.376
0.000401623	210.769
0.000403802	183.109
0.000405981	156.366
0.00040816	130.823
0.000410338	107.24
0.000412517	86.0386
0.000414696	67.4424
0.000416875	51.7501
0.000419054	38.7011
0.000421233	28.35
0.000423412	20.2041
0.000425591	14.1077
0.00042777	9.57892
0.000429949	6.36521
0.000432127	4.11998
0.000434306	2.60015
0.000436485	1.60661
0.000438664	0.960451
0.000440843	0.567835
0.000443022	0.320424
0.000445201	0.181866
0.00044738	0.0955634
0.000449559	0.0529124
0.000451737	0.026443
0.000453916	0.0139396
0.000456095	0.00664381
0.000458274	0.0033245
0.000460453	0.00151513
0.000462632	0.000717659
0.000464811	0.000284572
0.00046699	0.00014021
