0.000500379	2.80155e-07
0.000506246	8.64544e-07
0.000512113	2.61771e-06
0.000517979	7.77158e-06
0.000523846	2.09518e-05
0.000529712	5.60708e-05
0.000535579	0.000143659
0.000541445	0.000348809
0.000547312	0.000843954
0.000553178	0.00187116
0.000559045	0.00424856
0.000564911	0.00865535
0.000570778	0.0183309
0.000576644	0.0345578
0.000582511	0.0678141
0.000588378	0.122901
0.000594244	0.216444
0.000600111	0.36587
0.000605977	0.592197
0.000611844	0.92855
0.00061771	1.3888
0.000623577	2.01398
0.000629443	2.79152
0.00063531	3.73981
0.000641176	4.80918
0.000647043	5.95308
0.000652909	7.10191
0.000658776	8.13051
0.000664643	8.99193
0.000670509	9.53057
0.000676376	9.76515
0.000682242	9.61326
0.000688109	9.12111
0.000693975	8.3544
0.000699842	7.38316
0.000705708	6.36789
0.000711575	5.35675
0.000717441	4.47964
0.000723308	3.87493
0.000729174	3.79867
0.000735041	3.77453
0.000740908	4.07676
0.000746774	5.03883
0.000752641	6.32147
0.000758507	8.00631
0.000764374	10.0988
0.00077024	12.6169
0.000776107	15.5958
0.000781973	19.0639
0.00078784	23.1239
0.000793706	27.7818
0.000799573	33.1454
0.000805439	39.1678
0.000811306	45.8081
0.000817173	52.9849
0.000823039	60.4121
0.000828906	68.0489
0.000834772	75.5146
0.000840639	82.8806
0.000846505	90.0617
0.000852372	97.2339
0.000858238	104.95
0.000864105	113.393
0.000869971	123.706
0.000875838	135.972
0.000881704	151.438
0.000887571	170.061
0.000893438	192.62
0.000899304	219.016
0.000905171	249.356
0.000911037	283.588
0.000916904	321.481
0.00092277	363.069
0.000928637	408.339
0.000934503	457.351
0.00094037	510.502
0.000946236	567.774
0.000952103	629.449
0.000957969	695.405
0.000963836	764.993
0.000969703	838.084
0.000975569	912.972
0.000981436	989.649
0.000987302	1066.39
0.000993169	1143.33
0.000999035	1220.09
0.0010049	1296.81
0.00101077	1374.74
0.00101663	1453.9
0.0010225	1535.88
0.00102837	1620.6
0.00103423	1708.33
0.0010401	1799
0.00104597	1891.19
0.00105183	1984.9
0.0010577	2078.13
0.00106357	2170.89
0.00106943	2261.97
0.0010753	2351.38
0.00108117	2439.06
0.00108703	2525.02
0.0010929	2609.82
0.00109877	2693.44
0.00110463	2776.16
0.0011105	2857.98
0.00111637	2938.16
0.00112223	3016.76
0.0011281	3091.61
0.00113397	3162.76
0.00113983	3226.59
0.0011457	3283.13
0.00115157	3329.1
0.00115743	3365.29
0.0011633	3374.66
0.00116916	3376.25
0.00117503	3372.54
0.0011809	3340.38
0.00118676	3294.27
0.00119263	3235.43
0.0011985	3166.91
0.00120436	3088.64
0.00121023	3006.32
0.0012161	2920.12
0.00122196	2834.65
0.00122783	2750.28
0.0012337	2669.14
0.00123956	2591.63
0.00124543	2517.31
0.0012513	2446.37
0.00125716	2377.07
0.00126303	2309.32
0.0012689	2241.78
0.00127476	2174.2
0.00128063	2106.48
0.0012865	2038.46
0.00129236	1970.72
0.00129823	1903.34
0.0013041	1836.41
0.00130996	1770.1
0.00131583	1703.4
0.00132169	1636.37
0.00132756	1567.34
0.00133343	1496.1
0.00133929	1421.59
0.00134516	1343.39
0.00135103	1262.2
0.00135689	1177.7
0.00136276	1092.46
0.00136863	1006.56
0.00137449	923.247
0.00138036	843.095
0.00138623	768.298
0.00139209	699.611
0.00139796	637.304
0.00140383	581.858
0.00140969	532.038
0.00141556	487.843
0.00142143	447.623
0.00142729	411.02
0.00143316	376.844
0.00143903	344.662
0.00144489	314.019
0.00145076	284.621
0.00145663	256.558
0.00146249	229.745
0.00146836	204.453
0.00147422	180.743
0.00148009	158.791
0.00148596	138.694
0.00149182	120.453
0.00149769	104.121
0.00150356	89.5793
0.00150942	76.8249
0.00151529	65.6758
0.00152116	56.0934
0.00152702	47.8517
0.00153289	40.8816
0.00153876	34.9335
0.00154462	29.9032
0.00155049	25.5728
0.00155636	21.8172
0.00156222	18.5083
0.00156809	15.5399
0.00157396	12.8815
0.00157982	10.4797
0.00158569	8.3512
0.00159156	6.49215
0.00159742	4.90683
0.00160329	3.60663
0.00160916	2.56141
0.00161502	1.76604
0.00162089	1.17243
0.00162675	0.753152
0.00163262	0.466729
0.00163849	0.277331
0.00164435	0.160789
0.00165022	0.0871315
0.00165609	0.0478152
0.00166195	0.0211356
0.00166782	0.0122424
