0.000166815	8.70695e-07
0.000171844	1.89236e-06
0.000176872	4.95737e-06
0.000181901	1.119e-05
0.000186929	2.57856e-05
0.000191958	5.52321e-05
0.000196986	0.000122537
0.000202014	0.000249683
0.000207043	0.000532069
0.000212071	0.00103375
0.0002171	0.00211117
0.000222128	0.00391979
0.000227157	0.00765587
0.000232185	0.0136974
0.000237214	0.025402
0.000242242	0.0442742
0.00024727	0.0772616
0.000252299	0.129649
0.000257327	0.214929
0.000262356	0.346355
0.000267384	0.546959
0.000272413	0.844944
0.000277441	1.27377
0.000282469	1.88428
0.000287498	2.71625
0.000292526	3.84612
0.000297555	5.30906
0.000302583	7.19731
0.000307612	9.52623
0.00031264	12.3761
0.000317669	15.7313
0.000322697	19.6208
0.000327725	24.0019
0.000332754	28.824
0.000337782	34.0409
0.000342811	39.5351
0.000347839	45.292
0.000352868	51.1957
0.000357896	57.291
0.000362924	63.5681
0.000367953	70.1336
0.000372981	77.1727
0.00037801	84.8278
0.000383038	93.5015
0.000388067	103.33
0.000393095	114.868
0.000398123	128.206
0.000403152	143.923
0.00040818	162.04
0.000413209	183.003
0.000418237	206.761
0.000423266	233.492
0.000428294	263.086
0.000433323	295.373
0.000438351	330.217
0.000443379	367.11
0.000448408	405.941
0.000453436	445.99
0.000458465	487.212
0.000463493	528.914
0.000468522	571.139
0.00047355	613.499
0.000478578	656.118
0.000483607	699.145
0.000488635	742.744
0.000493664	787.684
0.000498692	834.114
0.000503721	883.292
0.000508749	935.296
0.000513778	991.517
0.000518806	1051.93
0.000523834	1117.54
0.000528863	1188.23
0.000533891	1264.16
0.00053892	1345.16
0.000543948	1430.35
0.000548977	1519.57
0.000554005	1611.13
0.000559033	1704.96
0.000564062	1799.16
0.00056909	1893.75
0.000574119	1987.33
0.000579147	2079.98
0.000584176	2171.18
0.000589204	2261.02
0.000594233	2349.77
0.000599261	2437.45
0.000604289	2524.62
0.000609318	2611.24
0.000614346	2697.56
0.000619375	2783.54
0.000624403	2868.79
0.000629432	2953.3
0.00063446	3036.17
0.000639488	3117.4
0.000644517	3195.85
0.000649545	3271.52
0.000654574	3343.18
0.000659602	3410.83
0.000664631	3473
0.000669659	3529.69
0.000674688	3578.96
0.000679716	3620.83
0.000684744	3653.72
0.000689773	3677.84
0.000694801	3681.67
0.00069983	3678.92
0.000704858	3670.09
0.000709887	3638.43
0.000714915	3593.46
0.000719943	3535.65
0.000724972	3465.45
0.00073	3382.78
0.000735029	3290.62
0.000740057	3188.91
0.000745086	3081.21
0.000750114	2967.53
0.000755143	2851.37
0.000760171	2732.78
0.000765199	2614.99
0.000770228	2498.06
0.000775256	2384.93
0.000780285	2275.7
0.000785313	2172.9
0.000790342	2076.67
0.00079537	1988.73
0.000800398	1909.28
0.000805427	1838.58
0.000810455	1776.86
0.000815484	1722.54
0.000820512	1675.8
0.000825541	1633.48
0.000830569	1595.58
0.000835598	1558.31
0.000840626	1521.42
0.000845654	1481.69
0.000850683	1438.69
0.000855711	1390.69
0.00086074	1337.23
0.000865768	1278.37
0.000870797	1213.8
0.000875825	1145.03
0.000880853	1071.97
0.000885882	996.937
0.00089091	920.078
0.000895939	843.838
0.000900967	768.524
0.000905996	696.239
0.000911024	627.364
0.000916052	563.364
0.000921081	504.623
0.000926109	451.798
0.000931138	405.21
0.000936166	364.657
0.000941195	330.327
0.000946223	301.279
0.000951252	277.508
0.00095628	257.638
0.000961308	241.462
0.000966337	227.573
0.000971365	215.623
0.000976394	204.536
0.000981422	193.931
0.000986451	183.242
0.000991479	172.168
0.000996507	160.633
0.00100154	148.478
0.00100656	135.952
0.00101159	123.046
0.00101662	110.132
0.00102165	97.3071
0.00102668	84.9105
0.00103171	73.0828
0.00103673	62.0446
0.00104176	51.9269
0.00104679	42.8083
0.00105182	34.776
0.00105685	27.787
0.00106188	21.8705
0.00106691	16.9059
0.00107193	12.8678
0.00107696	9.60603
0.00108199	7.05715
0.00108702	5.0803
0.00109205	3.59535
0.00109708	2.49316
0.0011021	1.69622
0.00110713	1.13235
0.00111216	0.738989
0.00111719	0.474929
0.00112222	0.296573
0.00112725	0.183613
0.00113228	0.109396
0.0011373	0.0653396
0.00114233	0.0370154
0.00114736	0.0213773
0.00115239	0.0113978
0.00115742	0.00642733
0.00116245	0.0029362
0.00116747	0.00177249
