0.000100103	1.47121e-05
0.00010312	2.80037e-05
0.000106137	6.78786e-05
0.000109154	0.000136652
0.000112171	0.000289102
0.000115188	0.000557871
0.000118205	0.00113724
0.000121222	0.00210788
0.000124239	0.0041344
0.000127256	0.00737526
0.000130273	0.0139008
0.00013329	0.0242923
0.000136307	0.0433521
0.000139324	0.0735609
0.000142341	0.125314
0.000145358	0.205878
0.000148375	0.335959
0.000151392	0.533644
0.000154408	0.8361
0.000157425	1.28287
0.000160442	1.9335
0.000163459	2.86425
0.000166476	4.15908
0.000169493	5.94738
0.00017251	8.33074
0.000175527	11.5003
0.000178544	15.5554
0.000181561	20.7359
0.000184578	27.1073
0.000187595	34.9095
0.000190612	44.1397
0.000193629	54.9526
0.000196646	67.2567
0.000199663	81.0211
0.00020268	96.0792
0.000205697	112.147
0.000208714	129.038
0.000211731	146.244
0.000214748	163.639
0.000217765	180.65
0.000220782	197.289
0.000223799	213.181
0.000226816	228.502
0.000229833	243.339
0.00023285	257.981
0.000235867	273.1
0.000238884	288.988
0.000241901	306.773
0.000244918	326.64
0.000247935	349.815
0.000250952	376.319
0.000253969	407.049
0.000256986	441.899
0.000260003	481.173
0.00026302	524.736
0.000266037	572.357
0.000269054	623.972
0.000272071	679.167
0.000275088	737.993
0.000278105	800.29
0.000281122	866.197
0.000284139	936.082
0.000287156	1010.1
0.000290173	1089.1
0.00029319	1173.19
0.000296207	1263.44
0.000299224	1359.86
0.000302241	1463.38
0.000305258	1573.96
0.000308275	1692.1
0.000311292	1817.75
0.000314309	1950.96
0.000317326	2091.66
0.000320343	2239.5
0.00032336	2394.43
0.000326377	2555.83
0.000329394	2723.66
0.000332411	2897.1
0.000335428	3076.1
0.000338445	3259.62
0.000341462	3447.57
0.000344479	3638.41
0.000347496	3832.02
0.000350513	4025.96
0.00035353	4220.1
0.000356547	4410.78
0.000359564	4597.9
0.000362581	4776.68
0.000365598	4947.1
0.000368615	5104.03
0.000371632	5247.54
0.000374649	5373.41
0.000377666	5481.77
0.000380683	5570.54
0.0003837	5639.82
0.000386717	5691.81
0.000389734	5726.15
0.000392751	5731.11
0.000395768	5731
0.000398785	5726.06
0.000401802	5697.49
0.000404819	5660.64
0.000407836	5615.51
0.000410853	5562.95
0.00041387	5502.96
0.000416887	5436.45
0.000419904	5363.44
0.000422921	5284.21
0.000425938	5198.76
0.000428955	5107.46
0.000431972	5010.29
0.000434989	4908.23
0.000438006	4801.23
0.000441023	4691.04
0.00044404	4577.63
0.000447057	4463.22
0.000450074	4347.82
0.000453091	4233.5
0.000456108	4120.34
0.000459125	4009.55
0.000462142	3901.28
0.000465159	3795.48
0.000468176	3692.28
0.000471193	3590.51
0.00047421	3490.22
0.000477227	3389.69
0.000480244	3288.85
0.000483261	3186.25
0.000486278	3081.72
0.000489295	2974.7
0.000492312	2865
0.000495329	2753.24
0.000498346	2639.29
0.000501363	2524.76
0.00050438	2409.65
0.000507397	2296.05
0.000510414	2184.1
0.000513431	2075.79
0.000516448	1971.34
0.000519465	1872.15
0.000522482	1778.48
0.000525499	1690.83
0.000528516	1609.44
0.000531533	1533.92
0.00053455	1464.4
0.000537567	1399.78
0.000540584	1340.04
0.000543601	1283.67
0.000546618	1230.52
0.000549635	1178.97
0.000552652	1128.77
0.000555669	1078.57
0.000558686	1028.06
0.000561703	976.441
0.00056472	923.414
0.000567737	868.892
0.000570754	812.664
0.000573771	755.303
0.000576788	696.76
0.000579805	638.047
0.000582822	579.292
0.000585839	521.636
0.000588856	465.345
0.000591873	411.401
0.00059489	360.13
0.000597907	312.175
0.000600924	267.834
0.000603941	227.357
0.000606958	190.951
0.000609975	158.521
0.000612992	130.153
0.000616009	105.508
0.000619026	84.5536
0.000622043	66.8191
0.00062506	52.1764
0.000628077	40.1242
0.000631094	30.4726
0.000634111	22.7636
0.000637128	16.7823
0.000640145	12.1585
0.000643162	8.68497
0.000646179	6.09419
0.000649196	4.20963
0.000652213	2.85817
0.00065523	1.90544
0.000658247	1.25115
0.000661264	0.803321
0.000664281	0.510116
0.000667298	0.31472
0.000670315	0.19338
0.000673332	0.114345
0.000676349	0.0680652
0.000679366	0.0384568
0.000682383	0.0222186
0.0006854	0.0118833
0.000688417	0.00672585
0.000691434	0.00345053
0.000694451	0.00188396
0.000697468	0.000836892
0.000700485	0.00048787
