0.000500379	4.03489e-29
0.000507084	6.91426e-28
0.000513789	2.64466e-27
0.000520493	4.02483e-26
0.000527198	1.51821e-25
0.000533903	2.02553e-24
0.000540607	7.63351e-24
0.000547312	8.94241e-23
0.000554017	3.36163e-22
0.000560721	3.46424e-21
0.000567426	1.29664e-20
0.000574131	1.17793e-19
0.000580835	4.38062e-19
0.00058754	3.5166e-18
0.000594244	1.29632e-17
0.000600949	9.22061e-17
0.000607654	3.36017e-16
0.000614358	2.12413e-15
0.000621063	7.62947e-15
0.000627768	4.30077e-14
0.000634472	1.51751e-13
0.000641177	7.65623e-13
0.000647882	2.64418e-12
0.000654586	1.1988e-11
0.000661291	4.03642e-11
0.000667995	1.65157e-10
0.0006747	5.39854e-10
0.000681405	2.00267e-09
0.000688109	6.32652e-09
0.000694814	2.13798e-08
0.000701519	6.49681e-08
0.000708223	2.00995e-07
0.000714928	5.84694e-07
0.000721633	1.66428e-06
0.000728337	4.61215e-06
0.000735042	1.21384e-05
0.000741746	3.18923e-05
0.000748451	7.79815e-05
0.000755156	0.000193353
0.00076186	0.000441244
0.000768565	0.00102798
0.00077527	0.0021986
0.000781974	0.00479384
0.000788679	0.00964461
0.000795384	0.0196143
0.000802088	0.037321
0.000808793	0.0705217
0.000815497	0.129778
0.000822202	0.225656
0.000828907	0.388065
0.000835611	0.632009
0.000842316	1.0148
0.000849021	1.55183
0.000855725	2.32683
0.00086243	3.34629
0.000869135	4.69323
0.000875839	6.35744
0.000882544	8.36964
0.000889249	10.7081
0.000895953	13.3159
0.000902658	16.1828
0.000909362	19.2113
0.000916067	22.4292
0.000922772	25.8476
0.000929476	29.5333
0.000936181	33.7625
0.000942886	38.602
0.00094959	44.5812
0.000956295	51.7134
0.000963	60.5125
0.000969704	70.9182
0.000976409	83.0507
0.000983113	96.8159
0.000989818	111.771
0.000996523	127.859
0.00100323	144.334
0.00100993	161.22
0.00101664	178.03
0.00102334	194.852
0.00103005	211.918
0.00103675	229.322
0.00104346	248.038
0.00105016	268.111
0.00105686	290.863
0.00106357	316.288
0.00107027	345.575
0.00107698	378.701
0.00108368	416.51
0.00109039	458.989
0.00109709	506.769
0.0011038	559.85
0.0011105	618.904
0.00111721	683.932
0.00112391	755.701
0.00113062	834.196
0.00113732	919.906
0.00114402	1012.81
0.00115073	1112.47
0.00115743	1218.88
0.00116414	1330.28
0.00117084	1446.69
0.00117755	1565.41
0.00118425	1686.45
0.00119096	1807.12
0.00119766	1927.44
0.00120437	2045.51
0.00121107	2161.33
0.00121778	2273.63
0.00122448	2382.45
0.00123119	2486.27
0.00123789	2585.15
0.00124459	2676.71
0.0012513	2761
0.001258	2835.3
0.00126471	2899.55
0.00127141	2952.14
0.00127812	2992.89
0.00128482	3022.98
0.00129153	3043.04
0.00129823	3047.1
0.00130494	3047.22
0.00131164	3045.86
0.00131835	3033.74
0.00132505	3017.76
0.00133175	2998.9
0.00133846	2977.12
0.00134516	2952.53
0.00135187	2925.28
0.00135857	2895.4
0.00136528	2862.98
0.00137198	2828.05
0.00137869	2790.33
0.00138539	2749.91
0.0013921	2705.65
0.0013988	2657.6
0.00140551	2603.97
0.00141221	2544.66
0.00141891	2478.09
0.00142562	2403.99
0.00143232	2321.89
0.00143903	2231.43
0.00144573	2133.71
0.00145244	2028.48
0.00145914	1918.56
0.00146585	1803.92
0.00147255	1688.66
0.00147926	1573.16
0.00148596	1461.47
0.00149267	1354.4
0.00149937	1254.22
0.00150608	1161.82
0.00151278	1076.91
0.00151948	999.98
0.00152619	928.948
0.00153289	863.637
0.0015396	801.934
0.0015463	743.244
0.00155301	686.67
0.00155971	631.694
0.00156642	578.637
0.00157312	527.376
0.00157983	478.574
0.00158653	432.428
0.00159324	389.17
0.00159994	349.011
0.00160664	311.651
0.00161335	277.101
0.00162005	244.927
0.00162676	214.971
0.00163346	187.046
0.00164017	160.994
0.00164687	136.94
0.00165358	114.851
0.00166028	94.9608
0.00166699	77.3595
0.00167369	62.1579
0.0016804	49.475
0.0016871	39.1852
0.00169381	31.3407
0.00170051	25.5877
0.00170721	21.646
0.00171392	19.7645
0.00172062	19.0859
0.00172733	18.8883
0.00173403	19.4658
0.00174074	20.2489
0.00174744	20.8846
0.00175415	21.1951
0.00176085	20.9383
0.00176756	20.2228
0.00177426	18.8968
0.00178097	17.1285
0.00178767	15.029
0.00179437	12.776
0.00180108	10.5195
0.00180778	8.36773
0.00181449	6.46123
0.00182119	4.80841
0.0018279	3.4695
0.0018346	2.42386
