0.000500379	2.37204e-51
0.000507922	2.41393e-49
0.000515465	9.58456e-49
0.000523008	8.30272e-47
0.00053055	3.31572e-46
0.000538093	2.43954e-44
0.000545636	9.82084e-44
0.000553179	6.13901e-42
0.000560721	2.49055e-41
0.000568264	1.32324e-39
0.000575807	5.4079e-39
0.00058335	2.44336e-37
0.000590892	1.00546e-36
0.000598435	3.86553e-35
0.000605978	1.60073e-34
0.000613521	5.24061e-33
0.000621063	2.18225e-32
0.000628606	6.08968e-31
0.000636149	2.54769e-30
0.000643692	6.0667e-29
0.000651234	2.5472e-28
0.000658777	5.18295e-27
0.00066632	2.18111e-26
0.000673862	3.79844e-25
0.000681405	1.59964e-24
0.000688948	2.38888e-23
0.000696491	1.0049e-22
0.000704033	1.28981e-21
0.000711576	5.40775e-21
0.000719119	5.98139e-20
0.000726662	2.49312e-19
0.000734204	2.38365e-18
0.000741747	9.84805e-18
0.00074929	8.1676e-17
0.000756833	3.3334e-16
0.000764375	2.4078e-15
0.000771918	9.66976e-15
0.000779461	6.11083e-14
0.000787004	2.40438e-13
0.000794546	1.33605e-12
0.000802089	5.12545e-12
0.000809632	2.51814e-11
0.000817175	9.36903e-11
0.000824717	4.09409e-10
0.00083226	1.46893e-09
0.000839803	5.74546e-09
0.000847345	1.97596e-08
0.000854888	6.96351e-08
0.000862431	2.28129e-07
0.000869974	7.29255e-07
0.000877516	2.26147e-06
0.000885059	6.60165e-06
0.000892602	1.92588e-05
0.000900145	5.16755e-05
0.000907687	0.000140982
0.00091523	0.000349848
0.000922773	0.000887798
0.000930316	0.00204892
0.000937858	0.00481377
0.000945401	0.0103828
0.000952944	0.0224996
0.000960487	0.0455388
0.000968029	0.0907838
0.000975572	0.175134
0.000983115	0.320002
0.000990658	0.583211
0.0009982	0.985394
0.00100574	1.65748
0.00101329	2.62106
0.00102083	4.08304
0.00102837	6.05487
0.00103591	8.77103
0.00104346	12.2208
0.001051	16.5484
0.00105854	21.7217
0.00106608	27.6698
0.00107363	34.3572
0.00108117	41.479
0.00108871	49.0188
0.00109626	56.5789
0.0011038	64.1697
0.00111134	71.5156
0.00111888	78.6407
0.00112643	85.5171
0.00113397	92.1636
0.00114151	98.7539
0.00114906	105.295
0.0011566	112.024
0.00116414	118.944
0.00117168	126.304
0.00117923	134.113
0.00118677	142.763
0.00119431	152.272
0.00120185	163.418
0.0012094	176.213
0.00121694	191.909
0.00122448	210.5
0.00123203	233.395
0.00123957	260.575
0.00124711	292.902
0.00125465	330.367
0.0012622	372.624
0.00126974	419.686
0.00127728	470.015
0.00128482	523.625
0.00129237	578.749
0.00129991	635.365
0.00130745	692.783
0.001315	750.948
0.00132254	810.689
0.00133008	871.986
0.00133762	936.043
0.00134517	1002.95
0.00135271	1072.34
0.00136025	1144.36
0.00136779	1216.19
0.00137534	1287.89
0.00138288	1355.58
0.00139042	1419.09
0.00139797	1476.25
0.00140551	1526.75
0.00141305	1571.69
0.00142059	1610.85
0.00142814	1647.43
0.00143568	1681.53
0.00144322	1715.62
0.00145076	1750.04
0.00145831	1784.85
0.00146585	1820.31
0.00147339	1854.69
0.00148094	1888
0.00148848	1918.14
0.00149602	1945.01
0.00150356	1966.95
0.00151111	1985
0.00151865	1989.73
0.00152619	1989.01
0.00153373	1986.17
0.00154128	1966.67
0.00154882	1935.46
0.00155636	1894.31
0.00156391	1843.72
0.00157145	1783.41
0.00157899	1717.38
0.00158653	1645.9
0.00159408	1573.06
0.00160162	1499.57
0.00160916	1427.82
0.0016167	1358.58
0.00162425	1292.04
0.00163179	1228.67
0.00163933	1167.08
0.00164688	1107.29
0.00165442	1047.46
0.00166196	987.214
0.0016695	925.371
0.00167705	861.385
0.00168459	795.513
0.00169213	727.369
0.00169968	658.672
0.00170722	589.484
0.00171476	522.193
0.0017223	457.348
0.00172985	396.877
0.00173739	341.557
0.00174493	292.089
0.00175247	249.084
0.00176002	212.003
0.00176756	181.023
0.0017751	154.94
0.00178265	133.507
0.00179019	115.515
0.00179773	100.504
0.00180527	87.6238
0.00181282	76.4245
0.00182036	66.458
0.0018279	57.401
0.00183544	49.1174
0.00184299	41.435
0.00185053	34.4002
0.00185807	27.9757
0.00186562	22.2445
0.00187316	17.2495
0.0018807	12.9959
0.00188824	9.52711
0.00189579	6.748
0.00190333	4.64472
0.00191087	3.07816
0.00191841	1.97711
0.00192596	1.22405
0.0019335	0.728751
0.00194104	0.422226
0.00194859	0.229936
0.00195613	0.126074
0.00196367	0.0624203
0.00197121	0.0325261
0.00197876	0.0150272
0.0019863	0.00722366
0.00199384	0.00284052
0.00200138	0.00137947
