0.000166815	4.87925e-30
0.00017352	8.57961e-29
0.000180225	3.28547e-28
0.000186929	5.13658e-27
0.000193634	1.94123e-26
0.000200339	2.66449e-25
0.000207043	1.00649e-24
0.000213748	1.21471e-23
0.000220453	4.57936e-23
0.000227157	4.86825e-22
0.000233862	1.82847e-21
0.000240566	1.71569e-20
0.000247271	6.4074e-20
0.000253976	5.31884e-19
0.00026068	1.97067e-18
0.000267385	1.45098e-17
0.00027409	5.32004e-17
0.000280794	3.48448e-16
0.000287499	1.26074e-15
0.000294204	7.36933e-15
0.000300908	2.62296e-14
0.000307613	1.37314e-13
0.000314317	4.79142e-13
0.000321022	2.25523e-12
0.000327727	7.68613e-12
0.000334431	3.26622e-11
0.000341136	1.08291e-10
0.000347841	4.17321e-10
0.000354545	1.34032e-09
0.00036125	4.70592e-09
0.000367955	1.45763e-08
0.000374659	4.68529e-08
0.000381364	1.39324e-07
0.000388068	4.12e-07
0.000394773	1.17078e-06
0.000401478	3.20078e-06
0.000408182	8.65248e-06
0.000414887	2.19744e-05
0.000421592	5.62593e-05
0.000428296	0.000133341
0.000435001	0.000321977
0.000441706	0.000715239
0.00044841	0.00162272
0.000455115	0.00339164
0.000461819	0.00720582
0.000468524	0.0142184
0.000475229	0.0282098
0.000481933	0.0531857
0.000488638	0.0979333
0.000495343	0.177056
0.000502047	0.302606
0.000508752	0.512413
0.000515457	0.82307
0.000522161	1.3046
0.000528866	1.97298
0.000535571	2.92722
0.000542275	4.17127
0.00054898	5.79711
0.000555684	7.78529
0.000562389	10.1484
0.000569094	12.844
0.000575798	15.7341
0.000582503	18.7741
0.000589208	21.6798
0.000595912	24.4384
0.000602617	26.7569
0.000609322	28.6779
0.000616026	30.1363
0.000622731	31.2213
0.000629435	32.2923
0.00063614	33.4426
0.000642845	35.45
0.000649549	38.3621
0.000656254	43.1049
0.000662959	49.6556
0.000669663	58.6689
0.000676368	70.0715
0.000683073	83.9308
0.000689777	100.176
0.000696482	118.32
0.000703186	138.343
0.000709891	159.623
0.000716596	182.202
0.0007233	205.875
0.000730005	230.706
0.00073671	257.186
0.000743414	285.355
0.000750119	316.189
0.000756824	349.686
0.000763528	386.78
0.000770233	427.439
0.000776937	472.086
0.000783642	520.69
0.000790347	572.987
0.000797051	628.955
0.000803756	687.68
0.000810461	749.152
0.000817165	811.842
0.00082387	875.754
0.000830575	938.793
0.000837279	1000.97
0.000843984	1059.93
0.000850689	1115.69
0.000857393	1166.4
0.000864098	1212.03
0.000870802	1252.34
0.000877507	1287.26
0.000884212	1318.82
0.000890916	1346.92
0.000897621	1375.53
0.000904326	1404.59
0.00091103	1438.42
0.000917735	1477.1
0.00092444	1523.34
0.000931144	1577.32
0.000937849	1638.94
0.000944553	1708.42
0.000951258	1782.94
0.000957963	1862.63
0.000964667	1942.94
0.000971372	2023.9
0.000978077	2100.36
0.000984781	2172.21
0.000991486	2234.62
0.000998191	2287.35
0.0010049	2327.25
0.0010116	2355.05
0.0010183	2360.75
0.00102501	2355.04
0.00103171	2341.27
0.00103842	2307.37
0.00104512	2262.51
0.00105183	2208.12
0.00105853	2147.5
0.00106524	2081.03
0.00107194	2011.84
0.00107865	1940.44
0.00108535	1868
0.00109206	1794.89
0.00109876	1720.9
0.00110546	1646.11
0.00111217	1570.02
0.00111887	1492.53
0.00112558	1413.55
0.00113228	1332.95
0.00113899	1251.25
0.00114569	1168.37
0.0011524	1085.43
0.0011591	1002.43
0.00116581	920.983
0.00117251	841.228
0.00117922	764.983
0.00118592	692.563
0.00119263	625.437
0.00119933	564.047
0.00120603	508.942
0.00121274	460.523
0.00121944	418.218
0.00122615	382.187
0.00123285	351.08
0.00123956	324.726
0.00124626	301.674
0.00125297	281.521
0.00125967	263.288
0.00126638	246.562
0.00127308	230.968
0.00127979	216.269
0.00128649	202.403
0.00129319	189.319
0.0012999	176.9
0.0013066	165.148
0.00131331	153.779
0.00132001	142.715
0.00132672	131.692
0.00133342	120.554
0.00134013	109.288
0.00134683	97.7769
0.00135354	86.2855
0.00136024	74.8416
0.00136695	63.8094
0.00137365	53.3506
0.00138035	43.7182
0.00138706	35.104
0.00139376	27.5574
0.00140047	21.1965
0.00140717	15.9069
0.00141388	11.6942
0.00142058	8.37591
0.00142729	5.87032
0.00143399	4.00733
0.0014407	2.66887
0.0014474	1.73446
0.00145411	1.09315
0.00146081	0.676041
0.00146752	0.401092
0.00147422	0.236238
0.00148092	0.130824
0.00148763	0.0737248
0.00149433	0.0337857
0.00150104	0.0204727
