3.33898e-05	1.09302e-07
3.55687e-05	2.57776e-07
3.77476e-05	7.03198e-07
3.99264e-05	1.71182e-06
4.21053e-05	4.14574e-06
4.42842e-05	9.56773e-06
4.64631e-05	2.24021e-05
4.8642e-05	4.91364e-05
5.08209e-05	0.000110982
5.29998e-05	0.000231916
5.51787e-05	0.000504227
5.73576e-05	0.00100621
5.95365e-05	0.00210168
6.17154e-05	0.0040141
6.38943e-05	0.00804001
6.60732e-05	0.0147283
6.82521e-05	0.0282433
7.0431e-05	0.0502458
7.26099e-05	0.0913507
7.47888e-05	0.15797
7.69677e-05	0.272185
7.91465e-05	0.453852
8.13254e-05	0.746201
8.35043e-05	1.1977
8.56832e-05	1.88387
8.78621e-05	2.90758
9.0041e-05	4.38418
9.22199e-05	6.50356
9.43988e-05	9.41681
9.65777e-05	13.4268
9.87566e-05	18.6964
0.000100935	25.6361
0.000103114	34.3766
0.000105293	45.3724
0.000107472	58.6705
0.000109651	74.6415
0.00011183	93.2154
0.000114009	114.519
0.000116188	138.376
0.000118367	164.555
0.000120546	192.838
0.000122724	222.648
0.000124903	253.818
0.000127082	285.61
0.000129261	317.98
0.00013144	350.326
0.000133619	382.737
0.000135798	415.013
0.000137977	447.321
0.000140156	479.946
0.000142334	513.052
0.000144513	547.264
0.000146692	582.679
0.000148871	619.998
0.00015105	659.255
0.000153229	701.012
0.000155408	745.294
0.000157587	792.526
0.000159766	842.772
0.000161945	896.505
0.000164123	953.84
0.000166302	1015.5
0.000168481	1081.61
0.00017066	1153.19
0.000172839	1230.33
0.000175018	1314.2
0.000177197	1404.82
0.000179376	1503.2
0.000181555	1609.32
0.000183733	1723.77
0.000185912	1846.46
0.000188091	1977.37
0.00019027	2116.34
0.000192449	2262.56
0.000194628	2415.87
0.000196807	2574.61
0.000198986	2738.68
0.000201165	2905.88
0.000203344	3076.18
0.000205522	3247.53
0.000207701	3420.01
0.00020988	3592.47
0.000212059	3765.07
0.000214238	3938.01
0.000216417	4111.38
0.000218596	4286.41
0.000220775	4463.07
0.000222954	4642.49
0.000225132	4824.59
0.000227311	5009.36
0.00022949	5196.72
0.000231669	5385.22
0.000233848	5574.86
0.000236027	5763.57
0.000238206	5951.38
0.000240385	6136.93
0.000242564	6320.28
0.000244743	6501.68
0.000246921	6681.14
0.0002491	6860.27
0.000251279	7039.03
0.000253458	7218.68
0.000255637	7399.24
0.000257816	7579.3
0.000259995	7758.95
0.000262174	7932.43
0.000264353	8099.9
0.000266531	8251.38
0.00026871	8387.01
0.000270889	8497.83
0.000273068	8585.59
0.000275247	8606.1
0.000277426	8608.6
0.000279605	8598.35
0.000281784	8514.39
0.000283963	8392.73
0.000286142	8236.27
0.00028832	8049.31
0.000290499	7831.66
0.000292678	7594.77
0.000294857	7338.82
0.000297036	7074.56
0.000299215	6802.41
0.000301394	6530.54
0.000303573	6259.46
0.000305752	5994.46
0.00030793	5735.99
0.000310109	5487.11
0.000312288	5248.18
0.000314467	5020.54
0.000316646	4804.48
0.000318825	4599.75
0.000321004	4406.57
0.000323183	4223.21
0.000325362	4049.76
0.00032754	3883.63
0.000329719	3724.67
0.000331898	3570.49
0.000334077	3420.77
0.000336256	3274.14
0.000338435	3130.26
0.000340614	2988.91
0.000342793	2849.94
0.000344972	2713.67
0.000347151	2580.14
0.000349329	2449.49
0.000351508	2321.84
0.000353687	2196.72
0.000355866	2074.17
0.000358045	1953.28
0.000360224	1833.95
0.000362403	1715.39
0.000364582	1597.34
0.000366761	1479.71
0.000368939	1362.25
0.000371118	1245.78
0.000373297	1130.22
0.000375476	1017.17
0.000377655	906.777
0.000379834	800.95
0.000382013	700.091
0.000384192	605.833
0.000386371	518.712
0.00038855	439.665
0.000390728	369.192
0.000392907	307.35
0.000395086	254.454
0.000397265	209.751
0.000399444	173.278
0.000401623	143.728
0.000403802	120.852
0.000405981	103.128
0.00040816	90.0785
0.000410338	80.3014
0.000412517	73.2028
0.000414696	67.7402
0.000416875	63.3383
0.000419054	59.4212
0.000421233	55.5491
0.000423412	51.5711
0.000425591	47.2485
0.00042777	42.7063
0.000429949	37.9009
0.000432127	33.0519
0.000434306	28.2452
0.000436485	23.6556
0.000438664	19.4094
0.000440843	15.577
0.000443022	12.2529
0.000445201	9.41428
0.00044738	7.0926
0.000449559	5.21616
0.000451737	3.76051
0.000453916	2.64821
0.000456095	1.82501
0.000458274	1.23169
0.000460453	0.810261
0.000462632	0.524785
0.000464811	0.316239
0.00046699	0.204838
