0.000500379	5.81208e-16
0.000506246	3.73336e-15
0.000512113	1.31898e-14
0.000517979	7.79986e-14
0.000523846	2.61633e-13
0.000529712	1.37733e-12
0.000535579	4.53644e-12
0.000541445	2.13386e-11
0.000547312	6.87599e-11
0.000553178	2.90165e-10
0.000559045	9.11153e-10
0.000564911	3.46461e-09
0.000570778	1.05568e-08
0.000576644	3.63383e-08
0.000582511	1.06959e-07
0.000588378	3.34919e-07
0.000594244	9.47822e-07
0.000600111	2.71352e-06
0.000605977	7.34788e-06
0.000611844	1.93323e-05
0.00061771	4.98485e-05
0.000623577	0.000121149
0.000629443	0.000296049
0.00063531	0.000667975
0.000641176	0.00153998
0.000647043	0.00324134
0.000652909	0.00702079
0.000658776	0.0138468
0.000664643	0.0280765
0.000670509	0.0524342
0.000676376	0.098805
0.000682242	0.177723
0.000688109	0.30807
0.000693975	0.520954
0.000699842	0.844605
0.000705708	1.34058
0.000711575	2.04113
0.000717441	3.04091
0.000723308	4.36148
0.000729174	6.10812
0.000735041	8.27402
0.000740908	10.9221
0.000746774	14.0101
0.000752641	17.4975
0.000758507	21.321
0.000764374	25.3136
0.00077024	29.4224
0.000776107	33.4044
0.000781973	37.2497
0.00078784	40.7544
0.000793706	43.9671
0.000799573	46.8581
0.000805439	49.5248
0.000811306	52.2055
0.000817173	55.0122
0.000823039	58.4455
0.000828906	62.5803
0.000834772	68.0287
0.000840639	74.7846
0.000846505	83.2944
0.000852372	93.4709
0.000858238	105.335
0.000864105	118.777
0.000869971	133.366
0.000875838	149.061
0.000881704	165.309
0.000887571	182.187
0.000893438	199.564
0.000899304	217.611
0.000905171	237.02
0.000911037	257.958
0.000916904	281.862
0.00092277	308.793
0.000928637	340.331
0.000934503	376.404
0.00094037	417.932
0.000946236	464.765
0.000952103	516.675
0.000957969	573.527
0.000963836	634.091
0.000969703	698.327
0.000975569	764.759
0.000981436	833.46
0.000987302	903.727
0.000993169	975.7
0.000999035	1050.19
0.0010049	1127.31
0.00101077	1209.25
0.00101663	1296.01
0.0010225	1389.82
0.00102837	1490.56
0.00103423	1598.44
0.0010401	1713.29
0.00104597	1831.89
0.00105183	1954.17
0.0010577	2074.17
0.00106357	2191.91
0.00106943	2301.54
0.0010753	2403.13
0.00108117	2494.11
0.00108703	2574.51
0.0010929	2646.41
0.00109877	2709.76
0.00110463	2769.89
0.0011105	2826.75
0.00111637	2885.79
0.00112223	2947.06
0.0011281	3013.14
0.00113397	3084.19
0.00113983	3158.51
0.0011457	3236.27
0.00115157	3311.98
0.00115743	3385.74
0.0011633	3450.44
0.00116916	3506.01
0.00117503	3547.06
0.0011809	3573.79
0.00118676	3577.88
0.00119263	3567.44
0.0011985	3544.22
0.00120436	3500.16
0.00121023	3443.1
0.0012161	3373.67
0.00122196	3295.16
0.00122783	3207.74
0.0012337	3114.16
0.00123956	3014.59
0.00124543	2910.76
0.0012513	2802.71
0.00125716	2692.29
0.00126303	2579.44
0.0012689	2466.93
0.00127476	2354.83
0.00128063	2246.11
0.0012865	2141.17
0.00129236	2041.35
0.00129823	1947.23
0.0013041	1857.14
0.00130996	1771.43
0.00131583	1686.11
0.00132169	1600.88
0.00132756	1512.14
0.00133343	1419.03
0.00133929	1321.12
0.00134516	1217.58
0.00135103	1111.82
0.00135689	1003.7
0.00136276	898.477
0.00136863	796.876
0.00137449	703.045
0.00138036	618.121
0.00138623	543.387
0.00139209	479.723
0.00139796	425.795
0.00140383	381.837
0.00140969	345.312
0.00141556	315.875
0.00142143	291.12
0.00142729	270.443
0.00143316	252.205
0.00143903	235.838
0.00144489	220.503
0.00145076	205.81
0.00145663	191.479
0.00146249	177.307
0.00146836	163.303
0.00147422	149.401
0.00148009	135.718
0.00148596	122.258
0.00149182	109.161
0.00149769	96.4627
0.00150356	84.3075
0.00150942	72.7419
0.00151529	61.9089
0.00152116	51.868
0.00152702	42.7271
0.00153289	34.5541
0.00153876	27.3763
0.00154462	21.2472
0.00155049	16.0928
0.00155636	11.9228
0.00156222	8.58896
0.00156809	6.04535
0.00157396	4.12625
0.00157982	2.74658
0.00158569	1.7723
0.00159156	1.11036
0.00159742	0.677114
0.00160329	0.397082
0.00160916	0.229235
0.00161502	0.12432
0.00162089	0.068679
0.00162675	0.0344257
0.00163262	0.0181676
0.00163849	0.00857041
0.00164435	0.00422788
0.00165022	0.00188387
0.00165609	0.000864359
0.00166195	0.0003324
0.00166782	0.00015508
