0.000500379	1.20368e-47
0.000507084	8.73344e-46
0.000513789	3.45727e-45
0.000520493	2.15434e-43
0.000527198	8.56363e-43
0.000533903	4.56876e-41
0.000540607	1.82935e-40
0.000547312	8.35962e-39
0.000554017	3.37022e-38
0.000560721	1.31987e-36
0.000567426	5.35496e-36
0.000574131	1.79845e-34
0.000580835	7.33845e-34
0.00058754	2.11525e-32
0.000594244	8.67397e-32
0.000600949	2.14787e-30
0.000607654	8.84325e-30
0.000614358	1.88335e-28
0.000621063	7.77687e-28
0.000627768	1.42642e-26
0.000634472	5.89953e-26
0.000641177	9.33438e-25
0.000647882	3.86074e-24
0.000654586	5.27942e-23
0.000661291	2.17966e-22
0.000667995	2.58175e-21
0.0006747	1.0617e-20
0.000681405	1.09206e-19
0.000688109	4.46206e-19
0.000694814	3.99744e-18
0.000701519	1.61819e-17
0.000708223	1.26688e-16
0.000714928	5.06431e-16
0.000721633	3.47805e-15
0.000728337	1.3679e-14
0.000735042	8.27602e-14
0.000741746	3.18923e-13
0.000748451	1.70781e-12
0.000755156	6.41907e-12
0.00076186	3.05798e-11
0.000768565	1.11554e-10
0.00077527	4.75387e-10
0.000781974	1.67423e-09
0.000788679	6.41952e-09
0.000795384	2.17048e-08
0.000802088	7.53361e-08
0.000808793	2.43129e-07
0.000815497	7.68648e-07
0.000822202	2.35402e-06
0.000828907	6.82066e-06
0.000835611	1.9709e-05
0.000842316	5.26534e-05
0.000849021	0.000142773
0.000855725	0.000353705
0.00086243	0.000895512
0.000869135	0.00206821
0.000875839	0.004868
0.000882544	0.0105306
0.000889249	0.0229634
0.000895953	0.0467168
0.000902658	0.0941611
0.000909362	0.181754
0.000916067	0.337826
0.000922772	0.625062
0.000929476	1.07387
0.000936181	1.84451
0.000942886	2.97798
0.00094959	4.76798
0.000956295	7.25868
0.000963	10.8862
0.000969704	15.6838
0.000976409	22.1722
0.000983113	30.3646
0.000989818	40.7596
0.000996523	53.3527
0.00100323	68.5297
0.00100993	86.2789
0.00101664	106.847
0.00102334	130.223
0.00103005	156.541
0.00103675	185.796
0.00104346	218.06
0.00105016	253.333
0.00105686	291.682
0.00106357	333.107
0.00107027	377.692
0.00107698	425.431
0.00108368	476.34
0.00109039	530.397
0.00109709	587.34
0.0011038	647.141
0.0011105	709.059
0.00111721	773.077
0.00112391	838.032
0.00113062	903.934
0.00113732	969.685
0.00114402	1035.31
0.00115073	1100.52
0.00115743	1165.31
0.00116414	1230.55
0.00117084	1296.21
0.00117755	1363.8
0.00118425	1433.28
0.00119096	1505.92
0.00119766	1581.7
0.00120437	1661.39
0.00121107	1744.99
0.00121778	1833.18
0.00122448	1925.97
0.00123119	2023.86
0.00123789	2126.92
0.00124459	2234.07
0.0012513	2345.48
0.001258	2457.14
0.00126471	2569.19
0.00127141	2675.43
0.00127812	2775.75
0.00128482	2864.86
0.00129153	2942.36
0.00129823	3007.19
0.00130494	3058.84
0.00131164	3101.29
0.00131835	3134.33
0.00132505	3164.1
0.00133175	3190.99
0.00133846	3218.48
0.00134516	3247.42
0.00135187	3275.35
0.00135857	3303.41
0.00136528	3319.72
0.00137198	3326.93
0.00137869	3326.1
0.00138539	3298.26
0.0013921	3246.38
0.0013988	3171.57
0.00140551	3075.21
0.00141221	2956.37
0.00141891	2824.38
0.00142562	2679.48
0.00143232	2532.27
0.00143903	2384.11
0.00144573	2241.85
0.00145244	2107.2
0.00145914	1981.12
0.00146585	1864.72
0.00147255	1754.73
0.00147926	1651.14
0.00148596	1550.16
0.00149267	1450.97
0.00149937	1352.06
0.00150608	1252.62
0.00151278	1153.76
0.00151948	1055.22
0.00152619	959.405
0.00153289	866.614
0.0015396	779.043
0.0015463	697.269
0.00155301	622.503
0.00155971	555.317
0.00156642	495.662
0.00157312	443.915
0.00157983	398.827
0.00158653	360.406
0.00159324	326.735
0.00159994	297.391
0.00160664	270.668
0.00161335	245.909
0.00162005	222.283
0.00162676	199.241
0.00163346	176.841
0.00164017	154.871
0.00164687	133.802
0.00165358	113.721
0.00166028	95.056
0.00166699	78.0101
0.00167369	62.7646
0.0016804	49.4892
0.0016871	38.1169
0.00169381	28.7171
0.00170051	21.0463
0.00170721	15.0616
0.00171392	10.4429
0.00172062	7.05664
0.00172733	4.60792
0.00173403	2.92217
0.00174074	1.79291
0.00174744	1.05981
0.00175415	0.611289
0.00176085	0.332289
0.00176756	0.182146
0.00177426	0.0906551
0.00178097	0.0473116
0.00178767	0.0220164
0.00179437	0.0106592
0.00180108	0.00465828
0.00180778	0.00207961
0.00181449	0.000857828
0.00182119	0.000350948
0.0018279	0.000126129
0.0018346	5.11893e-05
