0.000166815	3.07006e-66
0.00017352	1.57014e-63
0.000180225	6.27135e-63
0.000186929	2.61558e-60
0.000193634	1.05436e-59
0.000200339	3.58413e-57
0.000207043	1.45892e-56
0.000213748	4.04209e-54
0.000220453	1.66146e-53
0.000227157	3.75192e-51
0.000233862	1.55726e-50
0.000240566	2.86644e-48
0.000247271	1.20129e-47
0.000253976	1.80259e-45
0.00026068	7.627e-45
0.000267385	9.33142e-43
0.00027409	3.98545e-42
0.000280794	3.97679e-40
0.000287499	1.71405e-39
0.000294204	1.3954e-37
0.000300908	6.06725e-37
0.000307613	4.03185e-35
0.000314317	1.76762e-34
0.000321022	9.59456e-33
0.000327727	4.23857e-32
0.000334431	1.88084e-30
0.000341136	8.36545e-30
0.000347841	3.03806e-28
0.000354545	1.35896e-27
0.00036125	4.04482e-26
0.000367955	1.81714e-25
0.000374659	4.44047e-24
0.000381364	2.00006e-23
0.000388068	4.02151e-22
0.000394773	1.81216e-21
0.000401478	3.00625e-20
0.000408182	1.35167e-19
0.000414887	1.85622e-18
0.000421592	8.30043e-18
0.000428296	9.47411e-17
0.000435001	4.19693e-16
0.000441706	4.00076e-15
0.00044841	1.74752e-14
0.000455115	1.3992e-13
0.000461819	5.99308e-13
0.000468524	4.05726e-12
0.000475229	1.69322e-11
0.000481933	9.76587e-11
0.000488638	3.94222e-10
0.000495343	1.95363e-09
0.000502047	7.56672e-09
0.000508752	3.25202e-08
0.000515457	1.19795e-07
0.000522161	4.50962e-07
0.000528866	1.56542e-06
0.000535571	5.21505e-06
0.000542275	1.68998e-05
0.00054898	5.03408e-05
0.000555684	0.000150909
0.000562389	0.000405979
0.000569094	0.00111642
0.000575798	0.00273779
0.000582503	0.00685745
0.000589208	0.0154559
0.000595912	0.0350747
0.000602617	0.0731643
0.000609322	0.149989
0.000616026	0.295139
0.000622731	0.545552
0.000629435	1.00285
0.00063614	1.69486
0.000642845	2.83969
0.000649549	4.4644
0.000656254	6.89314
0.000662959	10.1473
0.000669663	14.6193
0.000676368	20.3269
0.000683073	27.7088
0.000689777	36.7872
0.000696482	48.0957
0.000703186	61.6586
0.000709891	78.1524
0.000716596	97.5882
0.0007233	120.695
0.000730005	147.463
0.00073671	178.473
0.000743414	213.704
0.000750119	253.466
0.000756824	297.738
0.000763528	346.541
0.000770233	399.853
0.000776937	457.343
0.000783642	518.994
0.000790347	584.083
0.000797051	652.609
0.000803756	723.733
0.000810461	797.469
0.000817165	873.435
0.00082387	951.641
0.000830575	1032.51
0.000837279	1116.03
0.000843984	1203.1
0.000850689	1293.71
0.000857393	1388.49
0.000864098	1487.44
0.000870802	1590.76
0.000877507	1698.42
0.000884212	1810.73
0.000890916	1927.69
0.000897621	2049.55
0.000904326	2176.4
0.00091103	2306.74
0.000917735	2440.75
0.00092444	2573.9
0.000931144	2706.29
0.000937849	2832.02
0.000944553	2950.94
0.000951258	3058.87
0.000957963	3155.55
0.000964667	3239.67
0.000971372	3311.06
0.000978077	3369.85
0.000984781	3416.03
0.000991486	3449.83
0.000998191	3472
0.0010049	3476.06
0.0010116	3469.59
0.0010183	3454.56
0.00102501	3421.28
0.00103171	3375.02
0.00103842	3316.7
0.00104512	3247.65
0.00105183	3167.79
0.00105853	3080.48
0.00106524	2985.85
0.00107194	2887.52
0.00107865	2785.87
0.00108535	2683.5
0.00109206	2580.93
0.00109876	2478.72
0.00110546	2377.3
0.00111217	2275.23
0.00111887	2172.55
0.00112558	2067.33
0.00113228	1959.11
0.00113899	1847.69
0.00114569	1732.44
0.0011524	1616
0.0011591	1498.21
0.00116581	1383.52
0.00117251	1272.55
0.00117922	1168.98
0.00118592	1073.95
0.00119263	988.315
0.00119933	912.985
0.00120603	846.026
0.00121274	787.578
0.00121944	734.549
0.00122615	686.391
0.00123285	640.459
0.00123956	595.933
0.00124626	551.374
0.00125297	506.001
0.00125967	459.917
0.00126638	412.607
0.00127308	365.749
0.00127979	319.409
0.00128649	275.983
0.00129319	236.24
0.0012999	201.722
0.0013066	173.454
0.00131331	151.093
0.00132001	135.178
0.00132672	123.851
0.00133342	116.793
0.00134013	111.873
0.00134683	108.171
0.00135354	104.343
0.00136024	99.419
0.00136695	93.2153
0.00137365	85.1691
0.00138035	76.0055
0.00138706	65.7621
0.00139376	55.4398
0.00140047	45.5496
0.00140717	36.6995
0.00141388	29.4838
0.00142058	23.825
0.00142729	19.9968
0.00143399	17.4601
0.0014407	16.0395
0.0014474	15.2056
0.00145411	14.5391
0.00146081	13.8414
0.00146752	12.7782
0.00147422	11.4661
0.00148092	9.83768
0.00148763	8.0943
0.00149433	6.42323
0.00150104	4.76031
