0.000500379	2.26365e-37
0.000507084	7.4296e-36
0.000513789	2.90393e-35
0.000520493	8.31798e-34
0.000527198	3.2422e-33
0.000533903	8.05012e-32
0.000540607	3.15054e-31
0.000547312	6.78718e-30
0.000554017	2.66464e-29
0.000560721	4.98622e-28
0.000567426	1.96164e-27
0.000574131	3.19266e-26
0.000580835	1.25705e-25
0.00058754	1.78219e-24
0.000594244	7.01232e-24
0.000600949	8.67586e-23
0.000607654	3.4055e-22
0.000614358	3.6845e-21
0.000621063	1.43994e-20
0.000627768	1.36559e-19
0.000634472	5.30146e-19
0.000641177	4.41904e-18
0.000647882	1.69974e-17
0.000654586	1.24911e-16
0.000661291	4.74641e-16
0.000667995	3.08575e-15
0.0006747	1.15454e-14
0.000681405	6.66559e-14
0.000688109	2.44676e-13
0.000694814	1.25973e-12
0.000701519	4.51865e-12
0.000708223	2.08415e-11
0.000714928	7.27389e-11
0.000721633	3.02025e-10
0.000728337	1.02092e-09
0.000735042	3.83592e-09
0.000741746	1.24979e-08
0.000748451	4.27217e-08
0.000755156	1.33497e-07
0.00076186	4.17455e-07
0.000768565	1.24481e-06
0.00077527	3.5807e-06
0.000781974	1.01384e-05
0.000788679	2.69726e-05
0.000795384	7.2169e-05
0.000802088	0.000178507
0.000808793	0.000449329
0.000815497	0.00103835
0.000822202	0.00244897
0.000828907	0.0053108
0.000835611	0.0116959
0.000842316	0.0238936
0.000849021	0.0489999
0.000855725	0.0946035
0.00086243	0.18031
0.000869135	0.336871
0.000875839	0.592383
0.000882544	1.03732
0.000889249	1.71029
0.000895953	2.79691
0.000902658	4.34096
0.000909362	6.63599
0.000916067	9.70887
0.000922772	13.8981
0.000929476	19.1856
0.000936181	25.7816
0.000942886	33.614
0.00094959	42.5448
0.000956295	52.4803
0.000963	62.8523
0.000969704	73.6114
0.000976409	84.0008
0.000983113	94.0678
0.000989818	103.408
0.000996523	112.153
0.00100323	120.756
0.00100993	129.355
0.00101664	139.291
0.00102334	150.623
0.00103005	165.003
0.00103675	182.393
0.00104346	203.96
0.00105016	229.627
0.00105686	259.708
0.00106357	294.153
0.00107027	332.719
0.00107698	375.392
0.00108368	421.838
0.00109039	472.043
0.00109709	525.514
0.0011038	582.21
0.0011105	640.882
0.00111721	701.495
0.00112391	761.861
0.00113062	822.002
0.00113732	879.913
0.00114402	935.659
0.00115073	989.426
0.00115743	1041.25
0.00116414	1094.64
0.00117084	1149.57
0.00117755	1211.57
0.00118425	1280.62
0.00119096	1360.94
0.00119766	1452.6
0.00120437	1555.36
0.00121107	1669.37
0.00121778	1789.62
0.00122448	1916.19
0.00123119	2042.36
0.00123789	2168.03
0.00124459	2289.07
0.0012513	2405.22
0.001258	2516.85
0.00126471	2623.79
0.00127141	2728.86
0.00127812	2832.16
0.00128482	2934.9
0.00129153	3037.39
0.00129823	3137.14
0.00130494	3234.34
0.00131164	3324.31
0.00131835	3406.94
0.00132505	3478.23
0.00133175	3537.89
0.00133846	3584.49
0.00134516	3619.64
0.00135187	3627.63
0.00135857	3626.22
0.00136528	3620.51
0.00137198	3586.35
0.00137869	3535.03
0.00138539	3469.01
0.0013921	3389.74
0.0013988	3296.97
0.00140551	3196.88
0.00141221	3089.81
0.00141891	2981.43
0.00142562	2872.65
0.00143232	2765.77
0.00143903	2661.64
0.00144573	2559.1
0.00145244	2458.36
0.00145914	2357.05
0.00146585	2254.81
0.00147255	2150.46
0.00147926	2043.5
0.00148596	1934.65
0.00149267	1823.7
0.00149937	1712.4
0.00150608	1600.89
0.00151278	1490.86
0.00151948	1382.62
0.00152619	1277.47
0.00153289	1175.7
0.0015396	1078.28
0.0015463	985.493
0.00155301	897.894
0.00155971	815.761
0.00156642	739.051
0.00157312	667.925
0.00157983	601.825
0.00158653	540.692
0.00159324	483.93
0.00159994	431.329
0.00160664	382.647
0.00161335	337.728
0.00162005	296.588
0.00162676	259.232
0.00163346	225.536
0.00164017	195.555
0.00164687	168.836
0.00165358	145.307
0.00166028	124.39
0.00166699	105.856
0.00167369	89.3212
0.0016804	74.5388
0.0016871	61.4136
0.00169381	49.8168
0.00170051	39.7945
0.00170721	31.3445
0.00171392	24.4634
0.00172062	19.1876
0.00172733	15.3812
0.00173403	12.8461
0.00174074	11.9679
0.00174744	12.1711
0.00175415	12.7325
0.00176085	14.1569
0.00176756	16.0021
0.00177426	17.8669
0.00178097	19.5432
0.00178767	20.8546
0.00179437	21.4513
0.00180108	21.2604
0.00180778	20.7092
0.00181449	19.3784
0.00182119	17.4405
0.0018279	15.2961
0.0018346	12.8079
