0.000166815	3.3327e-05
0.000171844	6.75906e-05
0.000176872	0.000170381
0.000181901	0.00035875
0.000186929	0.000785436
0.000191958	0.00156258
0.000196986	0.00326542
0.000202014	0.00615644
0.000207043	0.0122464
0.000212071	0.0220665
0.0002171	0.0414654
0.000222128	0.0725646
0.000227157	0.127037
0.000232185	0.212922
0.000237214	0.351473
0.000242242	0.562348
0.00024727	0.878304
0.000252299	1.33849
0.000257327	1.98307
0.000262356	2.87483
0.000267384	4.04814
0.000272413	5.58032
0.000277441	7.48048
0.000282469	9.81062
0.000287498	12.5409
0.000292526	15.6749
0.000297555	19.1526
0.000302583	22.892
0.000307612	26.8405
0.00031264	30.8594
0.000317669	34.9527
0.000322697	39.0216
0.000327725	43.1518
0.000332754	47.4034
0.000337782	51.916
0.000342811	56.9605
0.000347839	62.6597
0.000352868	69.4117
0.000357896	77.2587
0.000362924	86.5378
0.000367953	97.2059
0.000372981	109.379
0.00037801	122.994
0.000383038	137.958
0.000388067	154.282
0.000393095	171.881
0.000398123	190.885
0.000403152	211.509
0.00040818	233.95
0.000413209	258.846
0.000418237	286.336
0.000423266	317.268
0.000428294	351.612
0.000433323	389.93
0.000438351	432.009
0.000443379	477.647
0.000448408	526.559
0.000453436	577.687
0.000458465	630.827
0.000463493	684.487
0.000468522	738.647
0.00047355	792.097
0.000478578	844.979
0.000483607	896.93
0.000488635	948.14
0.000493664	999.147
0.000498692	1050.07
0.000503721	1101.88
0.000508749	1154.58
0.000513778	1208.93
0.000518806	1264.86
0.000523834	1322.52
0.000528863	1381.86
0.000533891	1442.63
0.00053892	1504.85
0.000543948	1568.45
0.000548977	1633.53
0.000554005	1700.72
0.000559033	1770.09
0.000564062	1842.93
0.00056909	1919.22
0.000574119	2000.1
0.000579147	2085.47
0.000584176	2175.28
0.000589204	2269.38
0.000594233	2365.99
0.000599261	2465.01
0.000604289	2563.38
0.000609318	2661.1
0.000614346	2755.14
0.000619375	2845.61
0.000624403	2930.9
0.000629432	3011.11
0.00063446	3086.57
0.000639488	3157.32
0.000644517	3224.76
0.000649545	3288.87
0.000654574	3350.47
0.000659602	3409.54
0.000664631	3465
0.000669659	3516.87
0.000674688	3562.12
0.000679716	3600.8
0.000684744	3629.64
0.000689773	3648.76
0.000694801	3651.01
0.00069983	3643.34
0.000704858	3626.14
0.000709887	3591.63
0.000714915	3546.42
0.000719943	3490.68
0.000724972	3427.28
0.00073	3356.23
0.000735029	3280.67
0.000740057	3200.7
0.000745086	3118.14
0.000750114	3033.11
0.000755143	2945.98
0.000760171	2856.82
0.000765199	2765.28
0.000770228	2671.35
0.000775256	2574.94
0.000780285	2475.99
0.000785313	2375.12
0.000790342	2272.29
0.00079537	2168.56
0.000800398	2063.99
0.000805427	1959.38
0.000810455	1854.85
0.000815484	1750.63
0.000820512	1646.78
0.000825541	1543.22
0.000830569	1439.93
0.000835598	1337.17
0.000840626	1234.83
0.000845654	1134.01
0.000850683	1034.62
0.000855711	938.479
0.00086074	845.643
0.000865768	758.092
0.000870797	676.041
0.000875825	601.013
0.000880853	533.302
0.000885882	473.554
0.00089091	422.045
0.000895939	378.431
0.000900967	342.883
0.000905996	314.192
0.000911024	292.377
0.000916052	275.644
0.000921081	263.842
0.000926109	254.972
0.000931138	248.727
0.000936166	243.329
0.000941195	238.369
0.000946223	232.658
0.000951252	225.785
0.00095628	217.335
0.000961308	207.012
0.000966337	195.103
0.000971365	181.503
0.000976394	166.93
0.000981422	151.473
0.000986451	135.929
0.000991479	120.517
0.000996507	105.837
0.00100154	92.1392
0.00100656	79.6913
0.00101159	68.6865
0.00101662	59.0723
0.00102165	50.9309
0.00102668	44.0052
0.00103171	38.2603
0.00103673	33.3891
0.00104176	29.2784
0.00104679	25.6969
0.00105182	22.5151
0.00105685	19.6288
0.00106188	16.9457
0.00106691	14.4622
0.00107193	12.1437
0.00107696	10.0238
0.00108199	8.11019
0.00108702	6.4214
0.00109205	4.97615
0.00109708	3.76053
0.0011021	2.78041
0.00110713	2.00032
0.00111216	1.40724
0.00111719	0.962962
0.00112222	0.64304
0.00112725	0.418719
0.00113228	0.26471
0.0011373	0.164282
0.00114233	0.0980048
0.00114736	0.0581297
0.00115239	0.0325767
0.00115742	0.018547
0.00116245	0.00863869
0.00116747	0.00533592
