0.000166815	2.12469e-09
0.000171844	5.82849e-09
0.000176872	1.69399e-08
0.000181901	4.6983e-08
0.000186929	1.22546e-07
0.000191958	3.18753e-07
0.000196986	8.04541e-07
0.000202014	1.96853e-06
0.000207043	4.79494e-06
0.000212071	1.10694e-05
0.0002171	2.59509e-05
0.000222128	5.66932e-05
0.000227157	0.000127596
0.000232185	0.000264559
0.000237214	0.000570252
0.000242242	0.00112533
0.00024727	0.00231807
0.000252299	0.00436541
0.000257327	0.00857763
0.000262356	0.0155007
0.000267384	0.0289409
0.000272413	0.051021
0.000277441	0.089467
0.000282469	0.151593
0.000287498	0.252638
0.000292526	0.41075
0.000297555	0.652803
0.000302583	1.01767
0.000307612	1.54675
0.00031264	2.31221
0.000317669	3.36896
0.000322697	4.83294
0.000327725	6.76504
0.000332754	9.32485
0.000337782	12.5646
0.000342811	16.6677
0.000347839	21.6592
0.000352868	27.7019
0.000357896	34.779
0.000362924	42.9703
0.000367953	52.2147
0.000372981	62.4508
0.00037801	73.5913
0.000383038	85.4149
0.000388067	97.8482
0.000393095	110.57
0.000398123	123.57
0.000403152	136.585
0.00040818	149.708
0.000413209	162.951
0.000418237	176.507
0.000423266	190.855
0.000428294	206.24
0.000433323	223.653
0.000438351	243.314
0.000443379	266.563
0.000448408	293.532
0.000453436	325.597
0.000458465	362.782
0.000463493	406.167
0.000468522	455.685
0.00047355	511.899
0.000478578	574.677
0.000483607	643.959
0.000488635	719.562
0.000493664	800.743
0.000498692	887.285
0.000503721	977.7
0.000508749	1071.78
0.000513778	1167.35
0.000518806	1264.28
0.000523834	1360.09
0.000528863	1454.79
0.000533891	1546.29
0.00053892	1634.74
0.000543948	1719.29
0.000548977	1800.16
0.000554005	1878.15
0.000559033	1953.46
0.000564062	2028.31
0.00056909	2102.79
0.000574119	2179.59
0.000579147	2258.68
0.000584176	2342.05
0.000589204	2429.54
0.000594233	2521.41
0.000599261	2617.48
0.000604289	2715.83
0.000609318	2816.31
0.000614346	2915.15
0.000619375	3012.33
0.000624403	3103.33
0.000629432	3188.22
0.00063446	3263.31
0.000639488	3328.68
0.000644517	3382.73
0.000649545	3425.54
0.000654574	3458.06
0.000659602	3480.3
0.000664631	3493.87
0.000669659	3500.58
0.000674688	3500.93
0.000679716	3496.93
0.000684744	3489.09
0.000689773	3477.41
0.000694801	3461.92
0.00069983	3442.66
0.000704858	3418.39
0.000709887	3389.13
0.000714915	3353.48
0.000719943	3311.42
0.000724972	3262.28
0.00073	3206
0.000735029	3143.06
0.000740057	3073.39
0.000745086	2998.43
0.000750114	2918.15
0.000755143	2834.39
0.000760171	2747.19
0.000765199	2658.25
0.000770228	2567.64
0.000775256	2476.67
0.000780285	2385.39
0.000785313	2294.83
0.000790342	2205.04
0.00079537	2117.02
0.000800398	2030.81
0.000805427	1947.38
0.000810455	1866.83
0.000815484	1789.72
0.000820512	1716.19
0.000825541	1645.92
0.000830569	1579.04
0.000835598	1514.28
0.000840626	1451.64
0.000845654	1389.49
0.000850683	1327.67
0.000855711	1265.07
0.00086074	1201.44
0.000865768	1136.78
0.000870797	1070.92
0.000875825	1004.83
0.000880853	938.519
0.000885882	873.282
0.00089091	809.289
0.000895939	747.49
0.000900967	688.106
0.000905996	631.5
0.000911024	577.819
0.000916052	527.027
0.000921081	479.165
0.000926109	434.101
0.000931138	391.815
0.000936166	352.232
0.000941195	315.334
0.000946223	281.071
0.000951252	249.445
0.00095628	220.348
0.000961308	193.781
0.000966337	169.551
0.000971365	147.638
0.000976394	127.805
0.000981422	110.003
0.000986451	94.012
0.000991479	79.7698
0.000996507	67.0942
0.00100154	55.9271
0.00100656	46.1174
0.00101159	37.6165
0.00101662	30.2829
0.00102165	24.0733
0.00102668	18.8414
0.00103171	14.5408
0.00103673	11.021
0.00104176	8.22749
0.00104679	6.01808
0.00105182	4.33156
0.00105685	3.04914
0.00106188	2.10952
0.00106691	1.42618
0.00107193	0.945655
0.00107696	0.613299
0.00108199	0.38859
0.00108702	0.241704
0.00109205	0.145866
0.00109708	0.0870859
0.0011021	0.0498699
0.00110713	0.0286333
0.00111216	0.0153943
0.00111719	0.0085974
0.00112222	0.00437917
0.00112725	0.00235101
0.00113228	0.00114301
0.0011373	0.000584486
0.00114233	0.0002718
0.00114736	0.000132015
0.00115239	5.88583e-05
0.00115742	2.70751e-05
0.00116245	1.0549e-05
0.00116747	5.04026e-06
