0.000500379	3.07536e-127
0.00050876	1.58363e-122
0.000517141	6.33443e-122
0.000525522	2.48818e-117
0.000533903	1.00543e-116
0.000542284	3.01213e-112
0.000550665	1.22978e-111
0.000559045	2.80951e-107
0.000567426	1.15914e-106
0.000575807	2.01906e-102
0.000584188	8.41935e-102
0.000592569	1.11797e-97
0.00060095	4.71251e-97
0.00060933	4.76944e-93
0.000617711	2.03263e-92
0.000626092	1.56771e-88
0.000634473	6.75607e-88
0.000642854	3.97028e-84
0.000651235	1.73046e-83
0.000659615	7.74701e-80
0.000667996	3.41556e-79
0.000676377	1.16467e-75
0.000684758	5.19508e-75
0.000693139	1.34907e-71
0.00070152	6.08911e-71
0.0007099	1.20399e-67
0.000718281	5.49979e-67
0.000726662	8.2789e-64
0.000735043	3.82797e-63
0.000743424	4.38624e-60
0.000751805	2.05316e-59
0.000760186	1.79055e-56
0.000768566	8.48609e-56
0.000776947	5.63207e-53
0.000785328	2.70286e-52
0.000793709	1.36506e-49
0.00080209	6.63395e-49
0.000810471	2.54951e-46
0.000818851	1.25474e-45
0.000827232	3.66956e-43
0.000835613	1.82881e-42
0.000843994	4.07066e-40
0.000852375	2.05409e-39
0.000860756	3.48066e-37
0.000869136	1.77791e-36
0.000877517	2.29445e-34
0.000885898	1.18589e-33
0.000894279	1.16632e-31
0.00090266	6.09572e-31
0.000911041	4.57302e-29
0.000919421	2.41469e-28
0.000927802	1.38361e-26
0.000936183	7.37166e-26
0.000944564	3.23208e-24
0.000952945	1.7344e-23
0.000961326	5.83315e-22
0.000969707	3.14511e-21
0.000978087	8.14078e-20
0.000986468	4.39593e-19
0.000994849	8.79557e-18
0.00100323	4.73628e-17
0.00101161	7.36739e-16
0.00101999	3.93414e-15
0.00102837	4.79255e-14
0.00103675	2.5198e-13
0.00104513	2.42613e-12
0.00105351	1.2448e-11
0.0010619	9.58004e-11
0.00107028	4.74471e-10
0.00107866	2.95815e-09
0.00108704	1.39611e-08
0.00109542	7.16109e-08
0.0011038	3.17361e-07
0.00111218	1.36231e-06
0.00112056	5.57927e-06
0.00112894	2.04073e-05
0.00113732	7.59736e-05
0.0011457	0.000241088
0.00115409	0.000803112
0.00116247	0.0022487
0.00117085	0.00661161
0.00117923	0.016577
0.00118761	0.0425824
0.00119599	0.0967298
0.00120437	0.215922
0.00121275	0.451643
0.00122113	0.87752
0.00122951	1.70129
0.00123789	2.93574
0.00124627	4.97776
0.00125466	7.82369
0.00126304	11.8373
0.00127142	16.9995
0.0012798	23.2994
0.00128818	30.719
0.00129656	38.7004
0.00130494	47.2464
0.00131332	55.7199
0.0013217	64.1366
0.00133008	72.7932
0.00133846	81.6896
0.00134684	92.4569
0.00135523	105.082
0.00136361	121.35
0.00137199	141.275
0.00138037	165.158
0.00138875	193.036
0.00139713	223.864
0.00140551	257.605
0.00141389	294.247
0.00142227	333.622
0.00143065	379.214
0.00143903	430.864
0.00144741	494.753
0.0014558	571.02
0.00146418	663.797
0.00147256	773.549
0.00148094	898.502
0.00148932	1039.06
0.0014977	1188.88
0.00150608	1348.01
0.00151446	1509.18
0.00152284	1672.18
0.00153122	1830.64
0.0015396	1984.17
0.00154798	2128.64
0.00155637	2263.52
0.00156475	2388.2
0.00157313	2502.42
0.00158151	2607.11
0.00158989	2702.48
0.00159827	2787.74
0.00160665	2862.99
0.00161503	2926.68
0.00162341	2978.46
0.00163179	3019.04
0.00164017	3048.54
0.00164855	3066.75
0.00165694	3076.19
0.00166532	3077.53
0.0016737	3067.8
0.00168208	3046.44
0.00169046	3013.51
0.00169884	2969.08
0.00170722	2912.57
0.0017156	2847.38
0.00172398	2773.63
0.00173236	2695.28
0.00174074	2613.19
0.00174912	2529.03
0.00175751	2443.78
0.00176589	2355.68
0.00177427	2264.87
0.00178265	2168.61
0.00179103	2065.82
0.00179941	1957.3
0.00180779	1842.09
0.00181617	1725.11
0.00182455	1607.1
0.00183293	1492.25
0.00184131	1382.43
0.00184969	1277.37
0.00185808	1177.98
0.00186646	1081.48
0.00187484	987.09
0.00188322	893.822
0.0018916	800.529
0.00189998	709.428
0.00190836	620.573
0.00191674	537.001
0.00192512	460.009
0.0019335	390.494
0.00194188	329.58
0.00195026	275.86
0.00195865	229.204
0.00196703	188.187
0.00197541	151.962
0.00198379	120.546
0.00199217	93.5796
0.00200055	71.6532
0.00200893	55.0202
0.00201731	43.7651
0.00202569	37.4379
0.00203407	35.5638
0.00204245	36.8151
0.00205083	38.7423
0.00205922	40.9819
0.0020676	42.2131
0.00207598	41.1564
0.00208436	38.3187
0.00209274	33.4041
0.00210112	27.5415
0.0021095	21.3668
0.00211788	15.4951
0.00212626	10.6778
0.00213464	6.80912
0.00214302	4.14087
0.0021514	2.33702
0.00215979	1.1358
0.00216817	0.626876
