3.33898e-05	2.16368
3.52334e-05	3.0058
3.70771e-05	4.2244
3.89207e-05	5.77415
4.07644e-05	7.78745
4.2608e-05	10.3544
4.44517e-05	13.5778
4.62953e-05	17.5735
4.8139e-05	22.4336
4.99827e-05	28.2881
5.18263e-05	35.1981
5.367e-05	43.2849
5.55136e-05	52.5609
5.73573e-05	63.1075
5.92009e-05	74.8793
6.10446e-05	87.8853
6.28882e-05	102.028
6.47319e-05	117.223
6.65755e-05	133.344
6.84192e-05	150.215
7.02628e-05	167.724
7.21065e-05	185.641
7.39502e-05	203.918
7.57938e-05	222.352
7.76375e-05	241
7.94811e-05	259.793
8.13248e-05	278.909
8.31684e-05	298.515
8.50121e-05	318.889
8.68557e-05	340.485
8.86994e-05	363.627
9.0543e-05	389.031
9.23867e-05	416.998
9.42303e-05	448.399
9.6074e-05	483.461
9.79177e-05	523.061
9.97613e-05	567.342
0.000101605	617.058
0.000103449	672.284
0.000105292	733.597
0.000107136	801.036
0.00010898	875.011
0.000110823	955.542
0.000112667	1042.92
0.000114511	1137.14
0.000116354	1238.38
0.000118198	1346.58
0.000120042	1461.79
0.000121885	1583.89
0.000123729	1712.68
0.000125572	1848.02
0.000127416	1989.41
0.00012926	2136.69
0.000131103	2289.12
0.000132947	2446.56
0.000134791	2608.11
0.000136634	2773.67
0.000138478	2942.34
0.000140322	3114.06
0.000142165	3288.06
0.000144009	3464.31
0.000145853	3642.24
0.000147696	3821.88
0.00014954	4002.9
0.000151384	4185.33
0.000153227	4369.14
0.000155071	4554.35
0.000156915	4741.15
0.000158758	4929.53
0.000160602	5119.72
0.000162446	5311.63
0.000164289	5505.17
0.000166133	5700.18
0.000167977	5895.78
0.00016982	6091.74
0.000171664	6286.07
0.000173507	6478.54
0.000175351	6666.03
0.000177195	6848.42
0.000179038	7021.99
0.000180882	7186.73
0.000182726	7339.2
0.000184569	7479.5
0.000186413	7605.38
0.000188257	7716.97
0.0001901	7813.63
0.000191944	7895.48
0.000193788	7963.27
0.000195631	8017.04
0.000197475	8058.87
0.000199319	8088.3
0.000201162	8100.08
0.000203006	8104.92
0.00020485	8102.08
0.000206693	8081.21
0.000208537	8048.23
0.000210381	8002.92
0.000212224	7943.74
0.000214068	7870.73
0.000215912	7784
0.000217755	7683.55
0.000219599	7571.17
0.000221442	7446.84
0.000223286	7313.81
0.00022513	7172.06
0.000226973	7025.38
0.000228817	6873.78
0.000230661	6720.35
0.000232504	6565.14
0.000234348	6409.71
0.000236192	6254.12
0.000238035	6098.38
0.000239879	5942.53
0.000241723	5785.75
0.000243566	5628.02
0.00024541	5468.84
0.000247254	5308.1
0.000249097	5146.39
0.000250941	4983.61
0.000252785	4821.57
0.000254628	4660.2
0.000256472	4501.98
0.000258316	4346.95
0.000260159	4197.35
0.000262003	4053.31
0.000263847	3916.11
0.00026569	3785.91
0.000267534	3662.72
0.000269377	3546.69
0.000271221	3436.78
0.000273065	3333.04
0.000274908	3233.91
0.000276752	3139.34
0.000278596	3047.79
0.000280439	2959.13
0.000282283	2872.15
0.000284127	2786.73
0.00028597	2702.02
0.000287814	2617.92
0.000289658	2533.78
0.000291501	2449.56
0.000293345	2364.58
0.000295189	2278.82
0.000297032	2191.54
0.000298876	2102.66
0.00030072	2011.53
0.000302563	1918.01
0.000304407	1821.82
0.000306251	1722.78
0.000308094	1621.28
0.000309938	1517.17
0.000311782	1411.58
0.000313625	1304.51
0.000315469	1197.67
0.000317312	1091.25
0.000319156	987.188
0.000321	885.846
0.000322843	788.978
0.000324687	697.04
0.000326531	611.248
0.000328374	532.053
0.000330218	459.969
0.000332062	395.337
0.000333905	337.986
0.000335749	288.081
0.000337593	244.92
0.000339436	208.468
0.00034128	177.71
0.000343124	152.434
0.000344967	131.536
0.000346811	114.679
0.000348655	100.862
0.000350498	89.6902
0.000352342	80.3937
0.000354186	72.5936
0.000356029	65.8023
0.000357873	59.7153
0.000359717	54.1063
0.00036156	48.7781
0.000363404	43.6919
0.000365247	38.7588
0.000367091	34.0351
0.000368935	29.5137
0.000370778	25.2666
0.000372622	21.3287
0.000374466	17.7405
0.000376309	14.5414
0.000378153	11.7279
0.000379997	9.31978
0.00038184	7.28056
0.000383684	5.60331
0.000385528	4.23777
0.000387371	3.15621
0.000389215	2.3108
0.000391059	1.66426
0.000392902	1.17986
0.000394746	0.82106
0.00039659	0.563936
0.000398433	0.369948
0.000400277	0.252295
