0.000166815	7.70937e-05
0.000171844	0.000141357
0.000176872	0.000334146
0.000181901	0.000647597
0.000186929	0.00132671
0.000191958	0.00245759
0.000196986	0.00482602
0.000202014	0.00859574
0.000207043	0.0160915
0.000212071	0.0279844
0.0002171	0.049267
0.000222128	0.082711
0.000227157	0.13832
0.000232185	0.223543
0.000237214	0.356115
0.000242242	0.552871
0.00024727	0.840807
0.000252299	1.2521
0.000257327	1.82078
0.000262356	2.59832
0.000267384	3.61723
0.000272413	4.94408
0.000277441	6.59518
0.000282469	8.63336
0.000287498	11.0433
0.000292526	13.8503
0.000297555	17.0013
0.000302583	20.4474
0.000307612	24.11
0.00031264	27.8512
0.000317669	31.598
0.000322697	35.1533
0.000327725	38.4878
0.000332754	41.4237
0.000337782	44.0014
0.000342811	46.1631
0.000347839	48.0192
0.000352868	49.7105
0.000357896	51.3937
0.000362924	53.4299
0.000367953	55.9878
0.000372981	59.6089
0.00037801	64.4438
0.000383038	71.1347
0.000388067	79.7923
0.000393095	91.0642
0.000398123	105.007
0.000403152	122.174
0.00040818	142.559
0.000413209	166.523
0.000418237	194.004
0.000423266	225.09
0.000428294	259.684
0.000433323	297.579
0.000438351	338.67
0.000443379	382.507
0.000448408	429.011
0.000453436	477.61
0.000458465	528.272
0.000463493	580.463
0.000468522	634.203
0.00047355	689.155
0.000478578	745.387
0.000483607	802.884
0.000488635	861.741
0.000493664	922.322
0.000498692	984.714
0.000503721	1049.6
0.000508749	1117.01
0.000513778	1187.7
0.000518806	1261.64
0.000523834	1339.28
0.000528863	1420.51
0.000533891	1505.12
0.00053892	1592.96
0.000543948	1682.99
0.000548977	1775.1
0.000554005	1867.59
0.000559033	1960.41
0.000564062	2051.64
0.00056909	2141.27
0.000574119	2227.64
0.000579147	2310.77
0.000584176	2389.45
0.000589204	2463.72
0.000594233	2532.86
0.000599261	2596.91
0.000604289	2655.61
0.000609318	2708.98
0.000614346	2757.24
0.000619375	2800.44
0.000624403	2839.38
0.000629432	2874.07
0.00063446	2905.87
0.000639488	2934.79
0.000644517	2962.43
0.000649545	2988.79
0.000654574	3015.31
0.000659602	3041.97
0.000664631	3069.64
0.000669659	3098.31
0.000674688	3128.06
0.000679716	3158.91
0.000684744	3190.07
0.000689773	3221.58
0.000694801	3251.76
0.00069983	3280.67
0.000704858	3305.81
0.000709887	3327.27
0.000714915	3340.78
0.000719943	3347.37
0.000724972	3346.79
0.00073	3332.89
0.000735029	3306.33
0.000740057	3267.3
0.000745086	3214.5
0.000750114	3147.76
0.000755143	3068.32
0.000760171	2976.03
0.000765199	2874.03
0.000770228	2762.22
0.000775256	2644.93
0.000780285	2522.16
0.000785313	2398.5
0.000790342	2274.07
0.00079537	2152.9
0.000800398	2035.21
0.000805427	1923.86
0.000810455	1819.16
0.000815484	1722.46
0.000820512	1634.05
0.000825541	1553.68
0.000830569	1481.56
0.000835598	1416.07
0.000840626	1357.26
0.000845654	1302.7
0.000850683	1252.25
0.000855711	1203.49
0.00086074	1156.13
0.000865768	1108.5
0.000870797	1060.25
0.000875825	1010.89
0.000880853	960.135
0.000885882	908.51
0.00089091	855.922
0.000895939	803.412
0.000900967	751.071
0.000905996	699.889
0.000911024	650.056
0.000916052	602.155
0.000921081	556.369
0.000926109	512.833
0.000931138	471.647
0.000936166	432.677
0.000941195	395.932
0.000946223	361.225
0.000951252	328.514
0.00095628	297.689
0.000961308	268.704
0.000966337	241.542
0.000971365	216.184
0.000976394	192.645
0.000981422	170.934
0.000986451	151.031
0.000991479	132.954
0.000996507	116.605
0.00100154	101.988
0.00100656	88.93
0.00101159	77.4022
0.00101662	67.1877
0.00102165	58.2264
0.00102668	50.3078
0.00103171	43.3513
0.00103673	37.1956
0.00104176	31.7603
0.00104679	26.9499
0.00105182	22.7023
0.00105685	18.9764
0.00106188	15.7362
0.00106691	12.9698
0.00107193	10.6623
0.00107696	8.80815
0.00108199	7.38355
0.00108702	6.44454
0.00109205	5.9386
0.00109708	5.78712
0.0011021	6.06625
0.00110713	6.71841
0.00111216	7.7032
0.00111719	8.95068
0.00112222	10.4286
0.00112725	12.0292
0.00113228	13.6923
0.0011373	15.302
0.00114233	16.7706
0.00114736	18.0076
0.00115239	18.9971
0.00115742	19.4574
0.00116245	19.4098
0.00116747	19.269
