0.000166815	2.65662e-11
0.000172682	9.684e-11
0.000178548	3.07661e-10
0.000184415	1.09097e-09
0.000190282	3.17325e-09
0.000196148	1.03275e-08
0.000202015	2.91501e-08
0.000207881	8.73965e-08
0.000213748	2.38508e-07
0.000219614	6.61276e-07
0.000225481	1.73829e-06
0.000231347	4.47419e-06
0.000237214	1.12857e-05
0.00024308	2.70722e-05
0.000248947	6.52776e-05
0.000254813	0.000146494
0.00026068	0.00033641
0.000266547	0.000708899
0.000272413	0.00154487
0.00027828	0.00306744
0.000284146	0.0063225
0.000290013	0.0118666
0.000295879	0.0230635
0.000301746	0.041816
0.000307612	0.0753839
0.000313479	0.130644
0.000319345	0.220018
0.000325212	0.361098
0.000331078	0.572145
0.000336945	0.887046
0.000342812	1.32565
0.000348678	1.93866
0.000354545	2.73667
0.000360411	3.77263
0.000366278	5.03402
0.000372144	6.54129
0.000378011	8.25209
0.000383877	10.1117
0.000389744	12.0591
0.00039561	13.9464
0.000401477	15.7232
0.000407343	17.2016
0.00041321	18.3459
0.000419077	18.9762
0.000424943	19.2374
0.00043081	19.0626
0.000436676	18.5226
0.000442543	17.7981
0.000448409	17.0878
0.000454276	17.0059
0.000460142	16.9864
0.000466009	17.5039
0.000471875	19.5343
0.000477742	22.6796
0.000483608	27.0943
0.000489475	33.0519
0.000495342	40.5171
0.000501208	49.549
0.000507075	60.1151
0.000512941	72.1366
0.000518808	85.605
0.000524674	100.424
0.000530541	116.609
0.000536407	134.148
0.000542274	153.056
0.00054814	173.4
0.000554007	195.175
0.000559873	218.421
0.00056574	243.122
0.000571606	269.231
0.000577473	296.754
0.00058334	325.665
0.000589206	356.008
0.000595073	387.994
0.000600939	421.675
0.000606806	457.564
0.000612672	495.672
0.000618539	536.543
0.000624405	580.123
0.000630272	626.519
0.000636138	675.653
0.000642005	726.957
0.000647871	780.401
0.000653738	835.121
0.000659605	891.172
0.000665471	948.282
0.000671338	1006.57
0.000677204	1067.14
0.000683071	1130.11
0.000688937	1197.96
0.000694804	1270.72
0.00070067	1351.22
0.000706537	1439.39
0.000712403	1536.81
0.00071827	1643.38
0.000724136	1758.29
0.000730003	1881.46
0.00073587	2009.62
0.000741736	2142.78
0.000747603	2276.23
0.000753469	2410.02
0.000759336	2539.4
0.000765202	2664.4
0.000771069	2781.17
0.000776935	2889.72
0.000782802	2987.48
0.000788668	3074.41
0.000794535	3149.31
0.000800401	3212.11
0.000806268	3263.02
0.000812135	3301.98
0.000818001	3331.02
0.000823868	3350.55
0.000829734	3355.94
0.000835601	3357.29
0.000841467	3356.03
0.000847334	3343.9
0.0008532	3326.08
0.000859067	3303.19
0.000864933	3273.81
0.0008708	3237.98
0.000876666	3194.45
0.000882533	3143.14
0.0008884	3083.61
0.000894266	3015.68
0.000900133	2940.6
0.000905999	2858.17
0.000911866	2771.29
0.000917732	2679.9
0.000923599	2587.63
0.000929465	2494.65
0.000935332	2404
0.000941198	2316.03
0.000947065	2232.14
0.000952931	2152.7
0.000958798	2077.13
0.000964665	2005.65
0.000970531	1936.22
0.000976398	1868.81
0.000982264	1801.09
0.000988131	1732.77
0.000993997	1662.39
0.000999864	1589.54
0.00100573	1514.18
0.0010116	1436.02
0.00101746	1356.23
0.00102333	1274.77
0.0010292	1193.33
0.00103506	1112.1
0.00104093	1032.53
0.0010468	954.928
0.00105266	880.151
0.00105853	808.448
0.0010644	740.225
0.00107026	675.607
0.00107613	614.863
0.001082	558.057
0.00108786	505.439
0.00109373	457.107
0.00109959	413.106
0.00110546	373.565
0.00111133	338.077
0.00111719	306.698
0.00112306	278.578
0.00112893	253.59
0.00113479	230.781
0.00114066	209.847
0.00114653	190.154
0.00115239	171.365
0.00115826	153.364
0.00116413	135.947
0.00116999	119.399
0.00117586	103.727
0.00118173	89.3023
0.00118759	76.2835
0.00119346	64.8421
0.00119933	55.1516
0.00120519	47.0714
0.00121106	40.6625
0.00121693	35.558
0.00122279	31.6594
0.00122866	28.565
0.00123453	26.066
0.00124039	23.8949
0.00124626	21.8369
0.00125212	19.8172
0.00125799	17.7054
0.00126386	15.5652
0.00126972	13.377
0.00127559	11.2411
0.00128146	9.21097
0.00128732	7.34688
0.00129319	5.71333
0.00129906	4.31147
0.00130492	3.17345
0.00131079	2.26342
0.00131666	1.57341
0.00132252	1.06117
0.00132839	0.679287
0.00133426	0.443998
