0.000500379	2.3436e-217
0.000509598	4.61977e-210
0.000518817	1.84791e-209
0.000528036	2.57639e-202
0.000537255	1.0411e-201
0.000546474	1.02648e-194
0.000555693	4.19102e-194
0.000564912	2.92174e-187
0.000574131	1.2055e-186
0.00058335	5.94131e-180
0.000592569	2.47764e-179
0.000601788	8.6313e-173
0.000611007	3.6386e-172
0.000620226	8.95826e-166
0.000629445	3.81821e-165
0.000638664	6.64244e-159
0.000647883	2.86298e-158
0.000657101	3.51877e-152
0.00066632	1.53396e-151
0.000675539	1.33173e-145
0.000684758	5.87293e-145
0.000693977	3.60088e-139
0.000703196	1.60673e-138
0.000712415	6.95619e-133
0.000721634	3.14115e-132
0.000730853	9.60087e-127
0.000740072	4.3883e-126
0.000749291	9.46741e-121
0.00075851	4.38102e-120
0.000767729	6.67024e-115
0.000776948	3.12562e-114
0.000786167	3.35776e-109
0.000795386	1.59363e-108
0.000804605	1.20772e-103
0.000813823	5.8069e-103
0.000823042	3.10383e-98
0.000832261	1.51223e-97
0.00084148	5.69984e-93
0.000850699	2.81464e-92
0.000859918	7.47948e-88
0.000869137	3.74435e-87
0.000878356	7.01362e-83
0.000887575	3.56039e-82
0.000896794	4.69996e-78
0.000906013	2.41995e-77
0.000915232	2.25086e-73
0.000924451	1.17578e-72
0.00093367	7.70422e-69
0.000942889	4.08399e-68
0.000952108	1.8848e-64
0.000961327	1.01416e-63
0.000970545	3.29604e-60
0.000979764	1.80065e-59
0.000988983	4.12048e-56
0.000998202	2.28602e-55
0.00100742	3.6828e-52
0.00101664	2.07541e-51
0.00102586	2.35362e-48
0.00103508	1.34753e-47
0.0010443	1.0757e-44
0.00105352	6.25799e-44
0.00106273	3.51659e-41
0.00107195	2.07893e-40
0.00108117	8.22485e-38
0.00109039	4.94095e-37
0.00109961	1.3767e-34
0.00110883	8.40247e-34
0.00111805	1.64975e-31
0.00112727	1.02258e-30
0.00113649	1.41604e-28
0.00114571	8.90739e-28
0.00115492	8.71168e-26
0.00116414	5.55455e-25
0.00117336	3.84478e-23
0.00118258	2.48015e-22
0.0011918	1.21869e-20
0.00120102	7.93118e-20
0.00121024	2.77874e-18
0.00121946	1.81692e-17
0.00122868	4.56714e-16
0.00123789	2.98262e-15
0.00124711	5.42584e-14
0.00125633	3.50973e-13
0.00126555	4.67536e-12
0.00127477	2.9617e-11
0.00128399	2.9343e-10
0.00129321	1.79317e-09
0.00130243	1.34769e-08
0.00131165	7.79468e-08
0.00132087	4.55163e-07
0.00133008	2.43468e-06
0.0013393	1.13522e-05
0.00134852	5.47074e-05
0.00135774	0.000209676
0.00136696	0.000885684
0.00137618	0.0028702
0.0013854	0.0103527
0.00139462	0.0290762
0.00140384	0.0876257
0.00141305	0.217297
0.00142227	0.53923
0.00143149	1.20743
0.00144071	2.4698
0.00144993	4.94446
0.00145915	8.62733
0.00146837	14.1572
0.00147759	21.5621
0.00148681	30.3324
0.00149603	40.4941
0.00150524	50.859
0.00151446	61.3523
0.00152368	72.4381
0.0015329	83.9709
0.00154212	98.8949
0.00155134	117.13
0.00156056	142.65
0.00156978	175.416
0.001579	220.062
0.00158821	276.658
0.00159743	349.628
0.00160665	439.585
0.00161587	544.984
0.00162509	666.791
0.00163431	793.731
0.00164353	925.574
0.00165275	1051.69
0.00166197	1170.02
0.00167118	1285.79
0.0016804	1397.71
0.00168962	1521.49
0.00169884	1659.16
0.00170806	1813.68
0.00171728	1988.12
0.0017265	2165.07
0.00173572	2344.32
0.00174494	2506.92
0.00175416	2649.49
0.00176337	2768.96
0.00177259	2862.84
0.00178181	2940.08
0.00179103	3001.34
0.00180025	3052.91
0.00180947	3096.79
0.00181869	3130.83
0.00182791	3156.68
0.00183713	3163.66
0.00184634	3158.55
0.00185556	3146.18
0.00186478	3116.72
0.001874	3076.17
0.00188322	3027.49
0.00189244	2968.18
0.00190166	2898.78
0.00191088	2815.03
0.0019201	2716.06
0.00192932	2599.51
0.00193853	2463.21
0.00194775	2312.54
0.00195697	2146.43
0.00196619	1977.01
0.00197541	1807.03
0.00198463	1644.56
0.00199385	1493.81
0.00200307	1353.23
0.00201229	1223.88
0.0020215	1101.98
0.00203072	985.89
0.00203994	876.182
0.00204916	772.259
0.00205838	676.231
0.0020676	588.98
0.00207682	510.652
0.00208604	441.736
0.00209526	381.411
0.00210448	329.735
0.00211369	285.247
0.00212291	247.672
0.00213213	215.009
0.00214135	186.121
0.00215057	160.559
0.00215979	137.544
0.00216901	117.853
0.00217823	101.988
0.00218745	89.2868
0.00219666	79.9912
0.00220588	72.2089
0.0022151	64.8561
0.00222432	57.2766
0.00223354	48.3736
0.00224276	39.1473
0.00225198	29.7749
0.0022612	21.1752
0.00227042	14.1836
0.00227964	8.68852
0.00228885	5.02585
0.00229807	2.64777
0.00230729	1.24127
0.00231651	0.5941
0.00232573	0.221204
0.00233495	0.0969058
