3.33898e-05	6.19277
3.52334e-05	8.51715
3.70771e-05	11.6781
3.89207e-05	15.6188
4.07644e-05	20.505
4.2608e-05	26.4829
4.44517e-05	33.5845
4.62953e-05	41.9232
4.8139e-05	51.4317
4.99827e-05	62.1328
5.18263e-05	73.862
5.367e-05	86.5064
5.55136e-05	99.8438
5.73573e-05	113.622
5.92009e-05	127.627
6.10446e-05	141.52
6.28882e-05	155.162
6.47319e-05	168.224
6.65755e-05	180.691
6.84192e-05	192.35
7.02628e-05	203.317
7.21065e-05	213.585
7.39502e-05	223.372
7.57938e-05	232.915
7.76375e-05	242.493
7.94811e-05	252.566
8.13248e-05	263.435
8.31684e-05	275.73
8.50121e-05	289.738
8.68557e-05	306.193
8.86994e-05	325.344
9.0543e-05	347.958
9.23867e-05	374.226
9.42303e-05	404.878
9.6074e-05	440.03
9.79177e-05	480.298
9.97613e-05	525.711
0.000101605	576.692
0.000103449	633.192
0.000105292	695.377
0.000107136	763.14
0.00010898	836.382
0.000110823	914.972
0.000112667	998.583
0.000114511	1087.1
0.000116354	1180.06
0.000118198	1277.38
0.000120042	1378.59
0.000121885	1483.65
0.000123729	1592.19
0.000125572	1704.23
0.000127416	1819.58
0.00012926	1938.29
0.000131103	2060.37
0.000132947	2185.87
0.000134791	2314.91
0.000136634	2447.52
0.000138478	2583.82
0.000140322	2723.85
0.000142165	2867.71
0.000144009	3015.48
0.000145853	3167.46
0.000147696	3323.79
0.00014954	3485.24
0.000151384	3651.99
0.000153227	3825.34
0.000155071	4005.36
0.000156915	4193.41
0.000158758	4389.32
0.000160602	4593.51
0.000162446	4805.58
0.000164289	5023.92
0.000166133	5248.05
0.000167977	5473.96
0.00016982	5701.27
0.000171664	5924.25
0.000173507	6142.75
0.000175351	6350.86
0.000177195	6548.68
0.000179038	6731.87
0.000180882	6900.69
0.000182726	7053.55
0.000184569	7190.75
0.000186413	7313.7
0.000188257	7422.63
0.0001901	7521.25
0.000191944	7609.65
0.000193788	7692.53
0.000195631	7769.83
0.000197475	7845.6
0.000199319	7919.7
0.000201162	7994.08
0.000203006	8068.59
0.00020485	8142.2
0.000206693	8214.81
0.000208537	8282.39
0.000210381	8344.94
0.000212224	8397.66
0.000214068	8440.41
0.000215912	8454.38
0.000217755	8458.93
0.000219599	8453.2
0.000221442	8410.57
0.000223286	8344.84
0.00022513	8256.21
0.000226973	8144.15
0.000228817	8008.56
0.000230661	7853.73
0.000232504	7679.56
0.000234348	7492.46
0.000236192	7292.36
0.000238035	7086.49
0.000239879	6874.86
0.000241723	6664.16
0.000243566	6454.53
0.00024541	6250.93
0.000247254	6053.57
0.000249097	5864.88
0.000250941	5685.13
0.000252785	5513.92
0.000254628	5351.51
0.000256472	5195.14
0.000258316	5044.91
0.000260159	4896.76
0.000262003	4750.6
0.000263847	4602.36
0.00026569	4451.78
0.000267534	4296.03
0.000269377	4134.73
0.000271221	3967.03
0.000273065	3792.58
0.000274908	3612.66
0.000276752	3427.05
0.000278596	3238.75
0.000280439	3047.73
0.000282283	2857.98
0.000284127	2669.68
0.00028597	2486.9
0.000287814	2310.01
0.000289658	2142.34
0.000291501	1984.39
0.000293345	1838.12
0.000295189	1704.05
0.000297032	1582.47
0.000298876	1473.78
0.00030072	1376.6
0.000302563	1291.1
0.000304407	1214.61
0.000306251	1147.02
0.000308094	1085.09
0.000309938	1028.4
0.000311782	974.054
0.000313625	921.419
0.000315469	868.706
0.000317312	815.271
0.000319156	760.759
0.000321	704.738
0.000322843	648.082
0.000324687	590.708
0.000326531	534.105
0.000328374	478.526
0.000330218	425.363
0.000332062	375.054
0.000333905	328.406
0.000335749	285.832
0.000337593	247.425
0.000339436	213.422
0.00034128	183.385
0.000343124	157.322
0.000344967	134.581
0.000346811	114.996
0.000348655	97.9637
0.000350498	83.2459
0.000352342	70.4161
0.000354186	59.2554
0.000356029	49.5112
0.000357873	41.0282
0.000359717	33.6605
0.00036156	27.3141
0.000363404	21.8822
0.000365247	17.3047
0.000367091	13.4774
0.000368935	10.3481
0.000370778	7.80978
0.000372622	5.80519
0.000374466	4.23643
0.000376309	3.04171
0.000378153	2.14368
0.000379997	1.48382
0.00038184	1.00938
0.000383684	0.67234
0.000385528	0.44152
0.000387371	0.282475
0.000389215	0.179199
0.000391059	0.109888
0.000392902	0.0674311
0.000394746	0.0395365
0.00039659	0.0235114
0.000398433	0.0120271
0.000400277	0.00759351
