3.33898e-05	156.712
3.48982e-05	186.315
3.64066e-05	221.806
3.7915e-05	263.145
3.94234e-05	310.449
4.09318e-05	363.94
4.24402e-05	423.302
4.39487e-05	488.453
4.54571e-05	558.848
4.69655e-05	634.047
4.84739e-05	713.409
4.99823e-05	796.177
5.14907e-05	881.785
5.29991e-05	969.322
5.45076e-05	1058.46
5.6016e-05	1148.39
5.75244e-05	1239.11
5.90328e-05	1330.15
6.05412e-05	1421.87
6.20496e-05	1514.33
6.3558e-05	1608.11
6.50665e-05	1703.88
6.65749e-05	1802.27
6.80833e-05	1904.4
6.95917e-05	2010.73
7.11001e-05	2122.52
7.26085e-05	2239.88
7.41169e-05	2363.76
7.56253e-05	2493.87
7.71338e-05	2630.39
7.86422e-05	2772.72
8.01506e-05	2920.08
8.1659e-05	3071.77
8.31674e-05	3226.19
8.46758e-05	3382.83
8.61842e-05	3539.81
8.76927e-05	3696.98
8.92011e-05	3852.89
9.07095e-05	4007.82
9.22179e-05	4161.31
9.37263e-05	4313.88
9.52347e-05	4466.25
9.67431e-05	4618.9
9.82516e-05	4773.34
9.976e-05	4929.81
0.000101268	5089.83
0.000102777	5253.25
0.000104285	5420.78
0.000105794	5591.91
0.000107302	5765.94
0.00010881	5942.2
0.000110319	6118.48
0.000111827	6294.13
0.000113336	6465.88
0.000114844	6633.3
0.000116353	6792.87
0.000117861	6944.48
0.000119369	7085.28
0.000120878	7215.44
0.000122386	7333.51
0.000123895	7439.84
0.000125403	7534.62
0.000126911	7618.23
0.00012842	7692.25
0.000129928	7756.99
0.000131437	7814.81
0.000132945	7865.87
0.000134453	7912.62
0.000135962	7955.09
0.00013747	7995.29
0.000138979	8033.17
0.000140487	8070.06
0.000141996	8105.87
0.000143504	8141.21
0.000145012	8175.97
0.000146521	8210.02
0.000148029	8243.23
0.000149538	8274.59
0.000151046	8303.95
0.000152554	8329.35
0.000154063	8350.52
0.000155571	8363.12
0.00015708	8368.93
0.000158588	8366.63
0.000160097	8349.44
0.000161605	8318.33
0.000163113	8273.03
0.000164622	8211.12
0.00016613	8132.77
0.000167639	8037.97
0.000169147	7926.85
0.000170655	7801.49
0.000172164	7661.93
0.000173672	7511.61
0.000175181	7350.53
0.000176689	7182.5
0.000178197	7007.49
0.000179706	6828.98
0.000181214	6646.93
0.000182723	6464.2
0.000184231	6280.77
0.00018574	6098.96
0.000187248	5918.75
0.000188756	5741.93
0.000190265	5568.51
0.000191773	5399.56
0.000193282	5235.1
0.00019479	5075.2
0.000196298	4919.92
0.000197807	4768.31
0.000199315	4620.39
0.000200824	4474.66
0.000202332	4331.12
0.000203841	4188.56
0.000205349	4046.9
0.000206857	3906.01
0.000208366	3765.78
0.000209874	3627.37
0.000211383	3490.71
0.000212891	3357.73
0.000214399	3228.46
0.000215908	3104.65
0.000217416	2986.44
0.000218925	2874.52
0.000220433	2769.06
0.000221941	2669.38
0.00022345	2575.58
0.000224958	2485.92
0.000226467	2400.37
0.000227975	2316.89
0.000229484	2235.32
0.000230992	2154.08
0.0002325	2072.94
0.000234009	1991.2
0.000235517	1908.67
0.000237026	1825.5
0.000238534	1741.59
0.000240042	1657.63
0.000241551	1573.63
0.000243059	1490.37
0.000244568	1407.93
0.000246076	1326.96
0.000247585	1247.55
0.000249093	1170.13
0.000250601	1094.77
0.00025211	1021.8
0.000253618	951.258
0.000255127	883.453
0.000256635	818.426
0.000258143	756.479
0.000259652	697.672
0.00026116	642.219
0.000262669	590.196
0.000264177	541.622
0.000265685	496.563
0.000267194	454.799
0.000268702	416.35
0.000270211	380.81
0.000271719	348.134
0.000273228	317.856
0.000274736	289.874
0.000276244	263.8
0.000277753	239.507
0.000279261	216.77
0.00028077	195.479
0.000282278	175.578
0.000283786	157.006
0.000285295	139.81
0.000286803	123.987
0.000288312	109.587
0.00028982	96.6425
0.000291329	85.1256
0.000292837	75.0659
0.000294345	66.3231
0.000295854	58.8886
0.000297362	52.5351
0.000298871	47.1993
0.000300379	42.6321
0.000301887	38.7265
0.000303396	35.2808
0.000304904	32.1753
0.000306413	29.2967
0.000307921	26.5482
0.000309429	23.9038
0.000310938	21.3118
0.000312446	18.8023
0.000313955	16.3691
0.000315463	14.0574
0.000316972	11.8899
0.00031848	9.89669
0.000319988	8.10648
0.000321497	6.52322
0.000323005	5.16414
0.000324514	4.01178
0.000326022	3.06531
0.00032753	2.29749
0.000329039	1.6925
0.000330547	1.22385
0.000332056	0.857841
0.000333564	0.606022
