0.000500379	9.84523e-67
0.000507922	2.67936e-64
0.000515465	1.06879e-63
0.000523008	2.45309e-61
0.00053055	9.86884e-61
0.000538093	1.90853e-58
0.000545636	7.75078e-58
0.000553179	1.26301e-55
0.000560721	5.17766e-55
0.000568264	7.10967e-53
0.000575807	2.94193e-52
0.00058335	3.40447e-50
0.000590892	1.42181e-49
0.000598435	1.38686e-47
0.000605978	5.84479e-47
0.000613521	4.80649e-45
0.000621063	2.04369e-44
0.000628606	1.41734e-42
0.000636149	6.07833e-42
0.000643692	3.55644e-40
0.000651234	1.53774e-39
0.000658777	7.5946e-38
0.00066632	3.30916e-37
0.000673862	1.38041e-35
0.000681405	6.05755e-35
0.000688948	2.136e-33
0.000696491	9.43257e-33
0.000704033	2.81433e-31
0.000711576	1.24948e-30
0.000719119	3.15821e-29
0.000726662	1.40802e-28
0.000734204	3.01943e-27
0.000741747	1.34986e-26
0.00074929	2.46024e-25
0.000756833	1.101e-24
0.000764375	1.70911e-23
0.000771918	7.64074e-23
0.000779461	1.01275e-21
0.000787004	4.51191e-21
0.000794546	5.12157e-20
0.000802089	2.26727e-19
0.000809632	2.21167e-18
0.000817175	9.69632e-18
0.000824717	8.16083e-17
0.00083226	3.52964e-16
0.000839803	2.57483e-15
0.000847345	1.0938e-14
0.000854888	6.95154e-14
0.000862431	2.88609e-13
0.000869974	1.60718e-12
0.000877516	6.4855e-12
0.000885059	3.18439e-11
0.000892602	1.24152e-10
0.000900145	5.41114e-10
0.000907687	2.02523e-09
0.00091523	7.89128e-09
0.000922773	2.81625e-08
0.000930316	9.88247e-08
0.000937858	3.33994e-07
0.000945401	1.06331e-06
0.000952944	3.37995e-06
0.000960487	9.83338e-06
0.000968029	2.92055e-05
0.000975572	7.81845e-05
0.000983115	0.000215646
0.000990658	0.000534576
0.0009982	0.00136191
0.00100574	0.0031438
0.00101329	0.00736542
0.00102083	0.0159066
0.00102837	0.0341614
0.00103591	0.0692766
0.00104346	0.136146
0.001051	0.263938
0.00105854	0.474646
0.00106608	0.859164
0.00107363	1.43479
0.00108117	2.38966
0.00108871	3.74005
0.00109626	5.76919
0.0011038	8.48592
0.00111134	12.2165
0.00111888	16.9601
0.00112643	23.0028
0.00113397	30.3406
0.00114151	39.1904
0.00114906	49.5538
0.0011566	61.6496
0.00116414	75.4854
0.00117168	91.3819
0.00117923	109.348
0.00118677	129.857
0.00119431	152.917
0.00120185	179.213
0.0012094	208.754
0.00121694	242.546
0.00122448	280.587
0.00123203	324.084
0.00123957	373.023
0.00124711	428.103
0.00125465	489.317
0.0012622	555.824
0.00126974	627.646
0.00127728	702.144
0.00128482	779.339
0.00129237	856.214
0.00129991	932.721
0.00130745	1007.97
0.001315	1081.83
0.00132254	1157.03
0.00133008	1233.45
0.00133762	1316.12
0.00134517	1405.11
0.00135271	1504.15
0.00136025	1613.54
0.00136779	1732.54
0.00137534	1861.54
0.00138288	1995.1
0.00139042	2133.4
0.00139797	2268.74
0.00140551	2401.01
0.00141305	2523.13
0.00142059	2634.76
0.00142814	2731.02
0.00143568	2811.5
0.00144322	2874.63
0.00145076	2921.32
0.00145831	2941.6
0.00146585	2949.37
0.00147339	2948.81
0.00148094	2927.47
0.00148848	2896.28
0.00149602	2856.87
0.00150356	2813.11
0.00151111	2765.45
0.00151865	2717.52
0.00152619	2669.79
0.00153373	2624.44
0.00154128	2581.89
0.00154882	2542.71
0.00155636	2507.31
0.00156391	2474.42
0.00157145	2444.27
0.00157899	2414.09
0.00158653	2383.78
0.00159408	2350.11
0.00160162	2312.67
0.00160916	2268.67
0.0016167	2217.59
0.00162425	2157.54
0.00163179	2087.95
0.00163933	2008.31
0.00164688	1918.05
0.00165442	1818.65
0.00166196	1709.74
0.0016695	1594.99
0.00167705	1474.56
0.00168459	1353.45
0.00169213	1232.58
0.00169968	1116.52
0.00170722	1006.72
0.00171476	905.569
0.0017223	814.453
0.00172985	732.941
0.00173739	661.678
0.00174493	598.354
0.00175247	542.64
0.00176002	492.141
0.00176756	445.957
0.0017751	402.862
0.00178265	362.074
0.00179019	323.51
0.00179773	286.882
0.00180527	252.464
0.00181282	220.315
0.00182036	190.525
0.0018279	163.167
0.00183544	138.214
0.00184299	115.646
0.00185053	95.5378
0.00185807	77.9019
0.00186562	62.8349
0.00187316	50.4488
0.0018807	40.5863
0.00188824	33.3228
0.00189579	28.1423
0.00190333	24.8999
0.00191087	22.9274
0.00191841	21.8385
0.00192596	21.1408
0.0019335	20.3829
0.00194104	19.4299
0.00194859	17.9909
0.00195613	16.2174
0.00196367	14.0784
0.00197121	11.7958
0.00197876	9.5173
0.0019863	7.36552
0.00199384	5.52355
0.00200138	3.92867
