0.000166815	0.459736
0.000171844	0.592024
0.000176872	0.757585
0.000181901	0.95483
0.000186929	1.1884
0.000191958	1.46228
0.000196986	1.77767
0.000202014	2.13758
0.000207043	2.54149
0.000212071	2.99057
0.0002171	3.48308
0.000222128	4.01803
0.000227157	4.59353
0.000232185	5.20701
0.000237214	5.8578
0.000242242	6.54334
0.00024727	7.26521
0.000252299	8.02304
0.000257327	8.82084
0.000262356	9.66224
0.000267384	10.5527
0.000272413	11.5003
0.000277441	12.5099
0.000282469	13.5923
0.000287498	14.7496
0.000292526	15.9913
0.000297555	17.3155
0.000302583	18.7256
0.000307612	20.2154
0.00031264	21.7788
0.000317669	23.4068
0.000322697	25.0832
0.000327725	26.7995
0.000332754	28.5327
0.000337782	30.2782
0.000342811	32.0138
0.000347839	33.7414
0.000352868	35.4488
0.000357896	37.1448
0.000362924	38.8363
0.000367953	40.5376
0.000372981	42.279
0.00037801	44.0778
0.000383038	45.9871
0.000388067	48.0237
0.000393095	50.2571
0.000398123	52.701
0.000403152	55.4312
0.00040818	58.4565
0.000413209	61.8478
0.000418237	65.6084
0.000423266	69.7941
0.000428294	74.4036
0.000433323	79.4712
0.000438351	84.9922
0.000443379	90.9772
0.000448408	97.4201
0.000453436	104.31
0.000458465	111.64
0.000463493	119.382
0.000468522	127.531
0.00047355	136.049
0.000478578	144.929
0.000483607	154.126
0.000488635	163.634
0.000493664	173.402
0.000498692	183.425
0.000503721	193.64
0.000508749	204.044
0.000513778	214.565
0.000518806	225.197
0.000523834	235.861
0.000528863	246.551
0.000533891	257.183
0.00053892	267.755
0.000543948	278.187
0.000548977	288.478
0.000554005	298.565
0.000559033	308.448
0.000564062	318.084
0.00056909	327.473
0.000574119	336.592
0.000579147	345.44
0.000584176	354.005
0.000589204	362.287
0.000594233	370.276
0.000599261	377.972
0.000604289	385.368
0.000609318	392.465
0.000614346	399.266
0.000619375	405.774
0.000624403	412.018
0.000629432	417.999
0.00063446	423.782
0.000639488	429.367
0.000644517	434.849
0.000649545	440.226
0.000654574	445.596
0.000659602	450.957
0.000664631	456.369
0.000669659	461.83
0.000674688	467.325
0.000679716	472.855
0.000684744	478.309
0.000689773	483.691
0.000694801	488.806
0.00069983	493.657
0.000704858	498.011
0.000709887	501.868
0.000714915	505.029
0.000719943	507.506
0.000724972	508.894
0.00073	509.546
0.000735029	509.503
0.000740057	508.276
0.000745086	506.167
0.000750114	503.199
0.000755143	499.441
0.000760171	494.892
0.000765199	489.676
0.000770228	483.797
0.000775256	477.356
0.000780285	470.359
0.000785313	462.861
0.000790342	454.869
0.00079537	446.396
0.000800398	437.446
0.000805427	428.014
0.000810455	418.099
0.000815484	407.712
0.000820512	396.847
0.000825541	385.551
0.000830569	373.819
0.000835598	361.742
0.000840626	349.318
0.000845654	336.671
0.000850683	323.807
0.000855711	310.866
0.00086074	297.857
0.000865768	284.92
0.000870797	272.067
0.000875825	259.42
0.000880853	246.995
0.000885882	234.885
0.00089091	223.107
0.000895939	211.724
0.000900967	200.749
0.000905996	190.21
0.000911024	180.119
0.000916052	170.469
0.000921081	161.268
0.000926109	152.48
0.000931138	144.107
0.000936166	136.097
0.000941195	128.446
0.000946223	121.101
0.000951252	114.052
0.00095628	107.26
0.000961308	100.712
0.000966337	94.3902
0.000971365	88.2846
0.000976394	82.3973
0.000981422	76.7235
0.000986451	71.2786
0.000991479	66.0639
0.000996507	61.0975
0.00100154	56.3849
0.00100656	51.9382
0.00101159	47.7642
0.00101662	43.864
0.00102165	40.2423
0.00102668	36.8892
0.00103171	33.8054
0.00103673	30.972
0.00104176	28.3853
0.00104679	26.0207
0.00105182	23.8708
0.00105685	21.9085
0.00106188	20.1232
0.00106691	18.4886
0.00107193	16.992
0.00107696	15.6104
0.00108199	14.3306
0.00108702	13.1352
0.00109205	12.0119
0.00109708	10.9507
0.0011021	9.94188
0.00110713	8.98239
0.00111216	8.06662
0.00111719	7.19648
0.00112222	6.37061
0.00112725	5.59307
0.00113228	4.8657
0.0011373	4.19184
0.00114233	3.57464
0.00114736	3.01493
0.00115239	2.51512
0.00115742	2.0731
0.00116245	1.68755
0.00116747	1.35891
