0.000100103	8.11048e-17
0.000103622	5.23288e-16
0.000107142	1.84984e-15
0.000110662	1.10838e-14
0.000114182	3.72779e-14
0.000117702	2.00525e-13
0.000121222	6.63806e-13
0.000124742	3.21594e-12
0.000128261	1.04461e-11
0.000131781	4.57378e-11
0.000135301	1.45294e-10
0.000138821	5.77083e-10
0.000142341	1.78643e-09
0.000145861	6.46192e-09
0.000149381	1.94194e-08
0.0001529	6.42395e-08
0.00015642	1.86673e-07
0.00015994	5.6716e-07
0.00016346	1.58712e-06
0.00016698	4.44838e-06
0.0001705	1.19377e-05
0.00017402	3.10028e-05
0.000177539	7.94555e-05
0.000181059	0.000192039
0.000184579	0.000468106
0.000188099	0.00105738
0.000191619	0.00244184
0.000195139	0.0051756
0.000198659	0.0112822
0.000202178	0.0225212
0.000205698	0.0461883
0.000209218	0.0871173
0.000212738	0.167615
0.000216258	0.306204
0.000219778	0.544108
0.000223298	0.942397
0.000226817	1.56693
0.000230337	2.55652
0.000233857	3.99828
0.000237377	6.13504
0.000240897	9.04304
0.000244417	13.0413
0.000247937	18.1357
0.000251456	24.5829
0.000254976	32.2641
0.000258496	41.131
0.000262016	50.946
0.000265536	61.1438
0.000269056	71.4672
0.000272576	80.8731
0.000276095	89.2393
0.000279615	95.8491
0.000283135	100.112
0.000286655	100.506
0.000290175	100.579
0.000293695	99.3093
0.000297214	95.883
0.000300734	93.7711
0.000304254	92.5173
0.000307774	93.7184
0.000311294	99.9206
0.000314814	111.303
0.000318334	128.434
0.000321853	152.161
0.000325373	182.187
0.000328893	217.919
0.000332413	259.008
0.000335933	303.38
0.000339453	350.886
0.000342973	399.058
0.000346492	448.054
0.000350012	496.599
0.000353532	545.079
0.000357052	594.588
0.000360572	645.494
0.000364092	701.05
0.000367612	761.372
0.000371131	830.126
0.000374651	907.121
0.000378171	994.211
0.000381691	1091.08
0.000385211	1196.72
0.000388731	1310.94
0.000392251	1430.96
0.00039577	1556.83
0.00039929	1686.41
0.00040281	1819.88
0.00040633	1957.57
0.00040985	2099.63
0.00041337	2248.54
0.00041689	2404.29
0.000420409	2569.46
0.000423929	2743.93
0.000427449	2928.15
0.000430969	3122
0.000434489	3322.81
0.000438009	3530.55
0.000441529	3739.78
0.000445048	3950.54
0.000448568	4155.69
0.000452088	4355.27
0.000455608	4541.79
0.000459128	4715.29
0.000462648	4869.58
0.000466168	5004.65
0.000469687	5117.45
0.000473207	5207.88
0.000476727	5277.14
0.000480247	5325.08
0.000483767	5356.93
0.000487287	5373.48
0.000490807	5375.63
0.000494326	5373.18
0.000497846	5368.11
0.000501366	5360.1
0.000504886	5354.3
0.000508406	5351.01
0.000511926	5350.93
0.000515446	5354.12
0.000518965	5355.1
0.000522485	5355.02
0.000526005	5353.55
0.000529525	5338.52
0.000533045	5307.55
0.000536565	5261.37
0.000540085	5193.29
0.000543604	5102.56
0.000547124	4988.46
0.000550644	4850.2
0.000554164	4692.66
0.000557684	4515.4
0.000561204	4327.32
0.000564724	4128.62
0.000568243	3928.83
0.000571763	3728.83
0.000575283	3535.27
0.000578803	3349.3
0.000582323	3172.97
0.000585843	3007.14
0.000589362	2850.04
0.000592882	2701.9
0.000596402	2559.54
0.000599922	2422.63
0.000603442	2288.82
0.000606962	2157.61
0.000610482	2028.21
0.000614001	1900.31
0.000617521	1774.01
0.000621041	1649.27
0.000624561	1526.23
0.000628081	1404.9
0.000631601	1285.46
0.000635121	1167.79
0.00063864	1052.83
0.00064216	940.451
0.00064568	832.798
0.0006492	730.045
0.00065272	634.838
0.00065624	547.834
0.00065976	470.701
0.000663279	404.31
0.000666799	348.276
0.000670319	303.14
0.000673839	266.631
0.000677359	238.582
0.000680879	216.03
0.000684399	198.168
0.000687918	182.661
0.000691438	168.487
0.000694958	154.611
0.000698478	140.26
0.000701998	125.567
0.000705518	110.245
0.000709038	94.9925
0.000712557	79.9492
0.000716077	65.7664
0.000719597	52.7731
0.000723117	41.2423
0.000726637	31.4466
0.000730157	23.2772
0.000733677	16.822
0.000737196	11.7731
0.000740716	8.04433
0.000744236	5.31935
0.000747756	3.4267
0.000751276	2.14201
0.000754796	1.29616
0.000758316	0.767382
0.000761835	0.434031
0.000765355	0.244262
0.000768875	0.126885
0.000772395	0.0692247
0.000775915	0.0338489
0.000779435	0.0173895
0.000782955	0.00803762
0.000786474	0.00386837
0.000789994	0.00169632
0.000793514	0.000761534
0.000797034	0.000289837
0.000800554	0.000132604
