0.000100103	3.01285e-17
0.000103622	1.87727e-16
0.000107142	6.60524e-16
0.000110662	3.8479e-15
0.000114182	1.28683e-14
0.000117702	6.76613e-14
0.000121222	2.22801e-13
0.000124742	1.06052e-12
0.000128261	3.42868e-12
0.000131781	1.48224e-11
0.000135301	4.69037e-11
0.000138821	1.84797e-10
0.000142341	5.70462e-10
0.000145861	2.05592e-09
0.000149381	6.1697e-09
0.0001529	2.0418e-08
0.00015642	5.93492e-08
0.00015994	1.81082e-07
0.00016346	5.07916e-07
0.00016698	1.43464e-06
0.0001705	3.86839e-06
0.00017402	1.01572e-05
0.000177539	2.62298e-05
0.000181059	6.42866e-05
0.000184579	0.000158411
0.000188099	0.00036387
0.000191619	0.000852593
0.000195139	0.00184257
0.000198659	0.00409229
0.000202178	0.00835129
0.000205698	0.0175317
0.000209218	0.0338981
0.000212738	0.0671061
0.000216258	0.124054
0.000219778	0.230318
0.000223298	0.412057
0.000226817	0.713067
0.000230337	1.2103
0.000233857	1.97831
0.000237377	3.18252
0.000240897	4.92986
0.000244417	7.51654
0.000247937	11.0623
0.000251456	16.0001
0.000254976	22.418
0.000258496	30.8066
0.000262016	41.1656
0.000265536	53.8535
0.000269056	68.7446
0.000272576	85.8109
0.000276095	104.817
0.000279615	125.155
0.000283135	146.559
0.000286655	167.866
0.000290175	188.89
0.000293695	208.237
0.000297214	225.891
0.000300734	240.76
0.000304254	253.008
0.000307774	262.354
0.000311294	269.068
0.000314814	273.889
0.000318334	277.087
0.000321853	280.236
0.000325373	283.537
0.000328893	288.984
0.000332413	296.688
0.000335933	308.664
0.000339453	324.952
0.000342973	347.319
0.000346492	375.738
0.000350012	411.511
0.000353532	454.548
0.000357052	505.435
0.000360572	564.04
0.000364092	630.054
0.000367612	703.361
0.000371131	782.893
0.000374651	868.61
0.000378171	959.246
0.000381691	1054.86
0.000385211	1154.75
0.000388731	1259.04
0.000392251	1368.15
0.00039577	1482.18
0.00039929	1602.67
0.00040281	1729.67
0.00040633	1865.29
0.00040985	2009.52
0.00041337	2164.23
0.00041689	2329.33
0.000420409	2505.47
0.000423929	2692.51
0.000427449	2888.74
0.000430969	3094.04
0.000434489	3303.55
0.000438009	3517.25
0.000441529	3727.5
0.000445048	3934.36
0.000448568	4129.42
0.000452088	4312.73
0.000455608	4477.94
0.000459128	4625.06
0.000462648	4752.03
0.000466168	4858.76
0.000469687	4947.95
0.000473207	5019.5
0.000476727	5079.27
0.000480247	5127.21
0.000483767	5169.55
0.000487287	5206.37
0.000490807	5241.52
0.000494326	5275.22
0.000497846	5307.62
0.000501366	5338.94
0.000504886	5366.44
0.000508406	5390.3
0.000511926	5405.19
0.000515446	5412.43
0.000518965	5412.18
0.000522485	5397.74
0.000526005	5370.79
0.000529525	5331.7
0.000533045	5279.77
0.000536565	5214.91
0.000540085	5137.64
0.000543604	5047.93
0.000547124	4946.5
0.000550644	4833.35
0.000554164	4709.25
0.000557684	4574.21
0.000561204	4429.23
0.000564724	4274.29
0.000568243	4110.88
0.000571763	3938.96
0.000575283	3760.7
0.000578803	3576.1
0.000582323	3388.12
0.000585843	3196.82
0.000589362	3005.83
0.000592882	2815.36
0.000596402	2629.23
0.000599922	2447.88
0.000603442	2274.46
0.000606962	2109.58
0.000610482	1954.77
0.000614001	1810.64
0.000617521	1676.55
0.000621041	1552.86
0.000624561	1437.32
0.000628081	1329.77
0.000631601	1227.77
0.000635121	1130.77
0.00063864	1037.49
0.00064216	947.325
0.00064568	860.597
0.0006492	777.045
0.00065272	697.889
0.00065624	623.318
0.00065976	554.331
0.000663279	491.348
0.000666799	434.417
0.000670319	383.839
0.000673839	338.759
0.000677359	299.152
0.000680879	263.826
0.000684399	232.466
0.000687918	204.13
0.000691438	178.415
0.000694958	154.87
0.000698478	133.2
0.000701998	113.342
0.000705518	95.1788
0.000709038	78.7862
0.000712557	64.177
0.000716077	51.3565
0.000719597	40.3693
0.000723117	31.0759
0.000726637	23.4733
0.000730157	17.3141
0.000733677	12.5214
0.000737196	8.82291
0.000740716	6.08791
0.000744236	4.089
0.000747756	2.68249
0.000751276	1.71544
0.000754796	1.06575
0.000758316	0.648953
0.000761835	0.380049
0.000765355	0.220694
0.000768875	0.120665
0.000772395	0.0673784
0.000775915	0.0343084
0.000779435	0.0184338
0.000782955	0.00888757
0.000786474	0.00450369
0.000789994	0.00206163
0.000793514	0.000981294
0.000797034	0.000388191
0.000800554	0.00019049
