0.000166815	1.96988e-46
0.00017352	1.86309e-44
0.000180225	7.39328e-44
0.000186929	5.88214e-42
0.000193634	2.34658e-41
0.000200339	1.56685e-39
0.000207043	6.29851e-39
0.000213748	3.53101e-37
0.000220453	1.4297e-36
0.000227157	6.73295e-35
0.000233862	2.74448e-34
0.000240566	1.08645e-32
0.000247271	4.4554e-32
0.000253976	1.48383e-30
0.00026068	6.11687e-30
0.000267385	1.71562e-28
0.00027409	7.10224e-28
0.000280794	1.67968e-26
0.000287499	6.97418e-26
0.000294204	1.39294e-24
0.000300908	5.79205e-24
0.000307613	9.7877e-23
0.000314317	4.06843e-22
0.000321022	5.82977e-21
0.000327727	2.4171e-20
0.000334431	2.94473e-19
0.000341136	1.21467e-18
0.000347841	1.26209e-17
0.000354545	5.1635e-17
0.00036125	4.59253e-16
0.000367955	1.85692e-15
0.000374659	1.41976e-14
0.000381364	5.65006e-14
0.000388068	3.73159e-13
0.000394773	1.45474e-12
0.000401478	8.345e-12
0.000408182	3.17008e-11
0.000414887	1.58914e-10
0.000421592	5.84807e-10
0.000428296	2.57904e-09
0.000435001	9.13575e-09
0.000441706	3.56995e-08
0.00044841	1.20903e-07
0.000455115	4.21807e-07
0.000461819	1.35618e-06
0.000468524	4.25722e-06
0.000475229	1.29022e-05
0.000481933	3.67275e-05
0.000488638	0.000104194
0.000495343	0.000271007
0.000502047	0.00071502
0.000508752	0.00171145
0.000515457	0.00417514
0.000522161	0.00925608
0.000528866	0.0207791
0.000535571	0.0429052
0.000542275	0.088323
0.00054898	0.17186
0.000555684	0.323027
0.000562389	0.599008
0.000569094	1.02894
0.000575798	1.75368
0.000582503	2.80371
0.000589208	4.40446
0.000595912	6.56927
0.000602617	9.54185
0.000609322	13.2958
0.000616026	17.9261
0.000622731	23.3658
0.000629435	29.3793
0.00063614	35.8969
0.000642845	42.3491
0.000649549	48.7203
0.000656254	54.4161
0.000662959	59.4991
0.000669663	63.8274
0.000676368	67.5066
0.000683073	71.1164
0.000689777	74.7468
0.000696482	79.5586
0.000703186	85.6033
0.000709891	94.317
0.000716596	105.727
0.0007233	121.395
0.000730005	141.323
0.00073671	167.034
0.000743414	198.477
0.000750119	236.568
0.000756824	281.21
0.000763528	331.966
0.000770233	388.75
0.000776937	449.651
0.000783642	514.646
0.000790347	581.176
0.000797051	649.272
0.000803756	716.878
0.000810461	784.033
0.000817165	849.9
0.00082387	914.501
0.000830575	978.333
0.000837279	1041.39
0.000843984	1105.19
0.000850689	1169.69
0.000857393	1236.71
0.000864098	1306.22
0.000870802	1379.41
0.000877507	1456.3
0.000884212	1537
0.000890916	1621.53
0.000897621	1709.62
0.000904326	1801.23
0.00091103	1896.98
0.000917735	1996.82
0.00092444	2102.37
0.000931144	2213.7
0.000937849	2331.35
0.000944553	2455.59
0.000951258	2583.52
0.000957963	2715.42
0.000964667	2845
0.000971372	2972.28
0.000978077	3090.22
0.000984781	3198.55
0.000991486	3292.23
0.000998191	3370.83
0.0010049	3432.8
0.0010116	3479.04
0.0010183	3499.81
0.00102501	3508.03
0.00103171	3507.53
0.00103842	3485.27
0.00104512	3450.48
0.00105183	3404.9
0.00105853	3350.06
0.00106524	3286.38
0.00107194	3214.84
0.00107865	3135.7
0.00108535	3048.83
0.00109206	2954.13
0.00109876	2852.19
0.00110546	2742.75
0.00111217	2628.08
0.00111887	2508.18
0.00112558	2386.08
0.00113228	2262.16
0.00113899	2138.79
0.00114569	2016.45
0.0011524	1896.39
0.0011591	1778.95
0.00116581	1664.6
0.00117251	1553.52
0.00117922	1445.81
0.00118592	1341.54
0.00119263	1240.66
0.00119933	1143.16
0.00120603	1049.18
0.00121274	958.652
0.00121944	872.089
0.00122615	789.53
0.00123285	711.622
0.00123956	638.57
0.00124626	570.628
0.00125297	508.033
0.00125967	450.395
0.00126638	397.765
0.00127308	349.431
0.00127979	305.199
0.00128649	264.583
0.00129319	227.328
0.0012999	193.363
0.0013066	162.584
0.00131331	135.055
0.00132001	110.827
0.00132672	89.7488
0.00133342	71.8605
0.00134013	56.7482
0.00134683	44.3161
0.00135354	34.088
0.00136024	25.8628
0.00136695	19.2633
0.00137365	14.0812
0.00138035	10.0497
0.00138706	7.00073
0.00139376	4.73162
0.00140047	3.10614
0.00140717	1.96963
0.00141388	1.20553
0.00142058	0.713766
0.00142729	0.40279
0.00143399	0.222858
0.0014407	0.112776
0.0014474	0.0598221
0.00145411	0.0280435
0.00146081	0.0136823
0.00146752	0.00597209
0.00147422	0.00265902
0.00148092	0.00108738
0.00148763	0.000438327
0.00149433	0.0001555
0.00150104	6.12251e-05
