0.000500379	0
0.000510437	0
0.000520494	0
0.000530551	0
0.000540608	0
0.000550665	0
0.000560722	0
0.000570779	0
0.000580836	0
0.000590893	1.31219e-319
0.00060095	5.47227e-319
0.000611007	2.85261e-307
0.000621064	1.20254e-306
0.000631121	3.53838e-295
0.000641178	1.50814e-294
0.000651235	2.50447e-283
0.000661292	1.07946e-282
0.000671349	1.01151e-271
0.000681406	4.40956e-271
0.000691463	2.33114e-260
0.00070152	1.02803e-259
0.000711577	3.06555e-249
0.000721634	1.36787e-248
0.000731691	2.30031e-238
0.000741748	1.03873e-237
0.000751806	9.84918e-228
0.000761863	4.50182e-227
0.00077192	2.40629e-217
0.000781977	1.11351e-216
0.000792034	3.35448e-207
0.000802091	1.57189e-206
0.000812148	2.66827e-197
0.000822205	1.26641e-196
0.000832262	1.21105e-187
0.000842319	5.823e-187
0.000852376	3.13627e-178
0.000862433	1.52807e-177
0.00087249	4.6343e-169
0.000882547	2.28854e-168
0.000892604	3.90725e-160
0.000902661	1.95613e-159
0.000912718	1.87962e-151
0.000922775	9.54236e-151
0.000932832	5.15915e-143
0.000942889	2.65665e-142
0.000952946	8.07962e-135
0.000963003	4.22119e-134
0.00097306	7.21948e-127
0.000983117	3.82785e-126
0.000993175	3.6806e-119
0.00100323	1.98105e-118
0.00101329	1.07059e-111
0.00102335	5.85131e-111
0.0010334	1.77673e-104
0.00104346	9.86352e-104
0.00105352	1.6823e-97
0.00106357	9.48919e-97
0.00107363	9.08792e-91
0.00108369	5.21009e-90
0.00109374	2.80094e-84
0.0011038	1.6326e-83
0.00111386	4.9251e-78
0.00112392	2.91967e-77
0.00113397	4.94077e-72
0.00114403	2.97993e-71
0.00115409	2.82773e-66
0.00116414	1.73579e-65
0.0011742	9.23299e-61
0.00118426	5.77044e-60
0.00119432	1.71991e-55
0.00120437	1.09482e-54
0.00121443	1.8278e-50
0.00122449	1.1855e-49
0.00123454	1.1082e-45
0.0012446	7.32638e-45
0.00125466	3.83344e-41
0.00126471	2.58413e-40
0.00127477	7.56597e-37
0.00128483	5.20219e-36
0.00129489	8.52121e-33
0.00130494	5.97756e-32
0.001315	5.47768e-29
0.00132506	3.92063e-28
0.00133511	2.01061e-25
0.00134517	1.468e-24
0.00135523	4.21703e-22
0.00136529	3.1384e-21
0.00137534	5.0605e-19
0.0013854	3.83189e-18
0.00139546	3.4823e-16
0.00140551	2.67314e-15
0.00141557	1.3795e-13
0.00142563	1.06617e-12
0.00143568	3.16682e-11
0.00144574	2.43385e-10
0.0014558	4.2579e-09
0.00146586	3.18564e-08
0.00147591	3.40662e-07
0.00148597	2.39766e-06
0.00149603	1.65561e-05
0.00150608	0.000104263
0.00151614	0.000499318
0.0015262	0.0026401
0.00153625	0.00948662
0.00154631	0.0394258
0.00155637	0.114015
0.00156643	0.354368
0.00157648	0.870384
0.00158654	1.99825
0.0015966	4.30363
0.00160665	7.79227
0.00161671	12.8262
0.00162677	19.4612
0.00163683	27.0262
0.00164688	35.5325
0.00165694	44.1186
0.001667	52.669
0.00167705	61.7843
0.00168711	71.2451
0.00169717	84.3064
0.00170722	100.946
0.00171728	124.761
0.00172734	155.819
0.0017374	197.522
0.00174745	250.019
0.00175751	316.254
0.00176757	397.029
0.00177762	488.855
0.00178768	592.008
0.00179774	700.638
0.00180779	814.318
0.00181785	929.074
0.00182791	1043.67
0.00183797	1161.44
0.00184802	1280.79
0.00185808	1416.77
0.00186814	1571.89
0.00187819	1748.54
0.00188825	1951.17
0.00189831	2156.34
0.00190837	2362.64
0.00191842	2549.31
0.00192848	2710.32
0.00193854	2850.42
0.00194859	2968.23
0.00195865	3073.67
0.00196871	3170.01
0.00197876	3252.86
0.00198882	3322.87
0.00199888	3372.55
0.00200894	3399.51
0.00201899	3404.76
0.00202905	3382.1
0.00203911	3329.01
0.00204916	3245.57
0.00205922	3131.14
0.00206928	2982.45
0.00207933	2813.69
0.00208939	2624.79
0.00209945	2437.73
0.00210951	2260.57
0.00211956	2095.97
0.00212962	1949.1
0.00213968	1809.02
0.00214973	1672.42
0.00215979	1537.67
0.00216985	1403.38
0.00217991	1269.42
0.00218996	1135.19
0.00220002	1001.47
0.00221008	866.033
0.00222013	738.57
0.00223019	622.902
0.00224025	521.856
0.0022503	439.811
0.00226036	369.386
0.00227042	307.906
0.00228048	253.531
0.00229053	203.759
0.00230059	161.341
0.00231065	127.863
0.0023207	101.613
0.00233076	82.936
0.00234082	68.2081
0.00235088	55.1102
0.00236093	43.447
0.00237099	31.9575
0.00238105	22.2867
0.0023911	15.1612
0.00240116	11.0579
0.00241122	9.60584
0.00242127	8.80852
0.00243133	8.28066
0.00244139	7.58356
0.00245145	5.99766
0.0024615	4.23131
0.00247156	2.66151
0.00248162	1.37459
0.00249167	0.599288
0.00250173	0.25726
