3.33898e-05	299.284
3.48982e-05	333.917
3.64066e-05	372.623
3.7915e-05	415.589
3.94234e-05	462.271
4.09318e-05	512.297
4.24402e-05	565.261
4.39487e-05	620.69
4.54571e-05	678.253
4.69655e-05	737.455
4.84739e-05	798.093
4.99823e-05	859.743
5.14907e-05	922.357
5.29991e-05	985.668
5.45076e-05	1049.77
5.6016e-05	1114.6
5.75244e-05	1180.37
5.90328e-05	1247.21
6.05412e-05	1315.37
6.20496e-05	1385.16
6.3558e-05	1456.82
6.50665e-05	1530.76
6.65749e-05	1607.16
6.80833e-05	1686.47
6.95917e-05	1768.86
7.11001e-05	1854.75
7.26085e-05	1944.34
7.41169e-05	2038.06
7.56253e-05	2136.14
7.71338e-05	2239.12
7.86422e-05	2347.24
8.01506e-05	2461.17
8.1659e-05	2581.15
8.31674e-05	2707.91
8.46758e-05	2841.62
8.61842e-05	2982.96
8.76927e-05	3131.91
8.92011e-05	3288.88
9.07095e-05	3453.63
9.22179e-05	3626.03
9.37263e-05	3805.67
9.52347e-05	3991.7
9.67431e-05	4183.61
9.82516e-05	4379.85
9.976e-05	4579.91
0.000101268	4781.75
0.000102777	4984.96
0.000104285	5187.31
0.000105794	5388.55
0.000107302	5586.61
0.00010881	5781.4
0.000110319	5971.26
0.000111827	6156.18
0.000113336	6335.02
0.000114844	6507.8
0.000116353	6673.81
0.000117861	6833.08
0.000119369	6985.18
0.000120878	7130.13
0.000122386	7267.65
0.000123895	7397.76
0.000125403	7520.26
0.000126911	7635.17
0.00012842	7742.36
0.000129928	7841.86
0.000131437	7933.63
0.000132945	8017.67
0.000134453	8094
0.000135962	8162.62
0.00013747	8223.48
0.000138979	8276.58
0.000140487	8321.73
0.000141996	8358.9
0.000143504	8388.43
0.000145012	8409.45
0.000146521	8417.45
0.000148029	8420.71
0.000149538	8417.45
0.000151046	8400.17
0.000152554	8374.34
0.000154063	8339.39
0.000155571	8295.2
0.00015708	8241.82
0.000158588	8179.93
0.000160097	8109.57
0.000161605	8031.76
0.000163113	7946.5
0.000164622	7854.91
0.00016613	7756.99
0.000167639	7653.73
0.000169147	7545.12
0.000170655	7431.94
0.000172164	7314.18
0.000173672	7192.43
0.000175181	7066.7
0.000176689	6937.54
0.000178197	6804.96
0.000179706	6669.66
0.000181214	6531.63
0.000182723	6391.8
0.000184231	6250.17
0.00018574	6107.91
0.000187248	5965
0.000188756	5822.73
0.000190265	5681.1
0.000191773	5541.35
0.000193282	5403.48
0.00019479	5268.56
0.000196298	5136.58
0.000197807	5008.28
0.000199315	4883.69
0.000200824	4763.12
0.000202332	4646.6
0.000203841	4534.02
0.000205349	4425.41
0.000206857	4320.21
0.000208366	4218.46
0.000209874	4119.21
0.000211383	4022.47
0.000212891	3926.99
0.000214399	3832.76
0.000215908	3738.35
0.000217416	3643.73
0.000218925	3547.48
0.000220433	3449.54
0.000221941	3348.72
0.00022345	3244.94
0.000224958	3137.46
0.000226467	3026.19
0.000227975	2911.03
0.000229484	2791.87
0.000230992	2669.32
0.0002325	2543.3
0.000234009	2415.03
0.000235517	2284.49
0.000237026	2153.3
0.000238534	2021.53
0.000240042	1890.92
0.000241551	1761.61
0.000243059	1635.2
0.000244568	1511.87
0.000246076	1392.9
0.000247585	1278.48
0.000249093	1169.44
0.000250601	1065.96
0.00025211	968.454
0.000253618	877.042
0.000255127	791.776
0.000256635	712.734
0.000258143	639.695
0.000259652	572.683
0.00026116	511.294
0.000262669	455.507
0.000264177	404.805
0.000265685	359.128
0.000267194	317.901
0.000268702	281.034
0.000270211	247.941
0.000271719	218.509
0.000273228	192.187
0.000274736	168.846
0.000276244	148.007
0.000277753	129.538
0.000279261	113.055
0.00028077	98.4324
0.000282278	85.3826
0.000283786	73.7998
0.000285295	63.4782
0.000286803	54.3349
0.000288312	46.2231
0.00028982	39.0807
0.000291329	32.7959
0.000292837	27.3218
0.000294345	22.5633
0.000295854	18.4815
0.000297362	14.9889
0.000298871	12.049
0.000300379	9.58056
0.000301887	7.54677
0.000303396	5.87547
0.000304904	4.52968
0.000306413	3.4496
0.000307921	2.60021
0.000309429	1.93571
0.000310938	1.42533
0.000312446	1.03681
0.000313955	0.745214
0.000315463	0.529591
0.000316972	0.371287
0.00031848	0.257782
0.000319988	0.176155
0.000321497	0.119511
0.000323005	0.0795421
0.000324514	0.0527532
0.000326022	0.0341685
0.00032753	0.0221642
0.000329039	0.0139581
0.000330547	0.008862
0.000332056	0.00513438
0.000333564	0.00337164
