3.33898e-05	6.8466e-12
3.55687e-05	3.84798e-11
3.77476e-05	1.33379e-10
3.99264e-05	6.80374e-10
4.21053e-05	2.20883e-09
4.42842e-05	9.8593e-09
4.64631e-05	3.11022e-08
4.8642e-05	1.22197e-07
5.08209e-05	3.72483e-07
5.29998e-05	1.29641e-06
5.51787e-05	3.79563e-06
5.73576e-05	1.17833e-05
5.95365e-05	3.29273e-05
6.17154e-05	9.18355e-05
6.38943e-05	0.000243353
6.60732e-05	0.000614283
6.82521e-05	0.0015337
7.0431e-05	0.00352992
7.26099e-05	0.00825326
7.47888e-05	0.0174451
7.69677e-05	0.0379858
7.91465e-05	0.0742446
8.13254e-05	0.149861
8.35043e-05	0.278291
8.56832e-05	0.511044
8.78621e-05	0.896135
9.0041e-05	1.50741
9.22199e-05	2.46205
9.43988e-05	3.84635
9.65777e-05	5.85132
9.87566e-05	8.53692
0.000100935	12.1221
0.000103114	16.5895
0.000105293	22.0686
0.000107472	28.4412
0.000109651	35.6084
0.00011183	43.3862
0.000114009	51.3887
0.000116188	59.4541
0.000118367	67.0133
0.000120546	74.0287
0.000122724	80.0155
0.000124903	85.1281
0.000127082	89.3164
0.000129261	92.9161
0.00013144	96.592
0.000133619	100.751
0.000135798	106.778
0.000137977	114.978
0.000140156	127.059
0.000142334	143.092
0.000144513	164.445
0.000146692	190.976
0.000148871	223.205
0.00015105	260.935
0.000153229	303.873
0.000155408	351.944
0.000157587	404.617
0.000159766	462.018
0.000161945	524.138
0.000164123	591.217
0.000166302	664.163
0.000168481	743.112
0.00017066	829.411
0.000172839	922.881
0.000175018	1023.96
0.000177197	1132.2
0.000179376	1245.9
0.000181555	1364.65
0.000183733	1484.98
0.000185912	1606.85
0.000188091	1727.16
0.00019027	1846.3
0.000192449	1963.75
0.000194628	2080
0.000196807	2197.6
0.000198986	2316.85
0.000201165	2442.03
0.000203344	2573.27
0.000205522	2715.31
0.000207701	2868.2
0.00020988	3036.72
0.000212059	3220.84
0.000214238	3424.66
0.000216417	3647.88
0.000218596	3891.58
0.000220775	4155.28
0.000222954	4434.35
0.000225132	4728.41
0.000227311	5027.33
0.00022949	5331.03
0.000231669	5627.78
0.000233848	5917.74
0.000236027	6192.05
0.000238206	6450.88
0.000240385	6689.43
0.000242564	6907.79
0.000244743	7103.73
0.000246921	7277.29
0.0002491	7428.29
0.000251279	7556.72
0.000253458	7665.72
0.000255637	7755.24
0.000257816	7831.44
0.000259995	7894.28
0.000262174	7949.25
0.000264353	7996.43
0.000266531	8037.21
0.00026871	8071.71
0.000270889	8098.94
0.000273068	8119.29
0.000275247	8124.38
0.000277426	8125.27
0.000279605	8123.51
0.000281784	8107.73
0.000283963	8082.85
0.000286142	8049.81
0.00028832	8002.05
0.000290499	7939.56
0.000292678	7856.13
0.000294857	7751.19
0.000297036	7624.05
0.000299215	7474
0.000301394	7306.91
0.000303573	7122.67
0.000305752	6928.43
0.00030793	6724.77
0.000310109	6514.93
0.000312288	6299.46
0.000314467	6078.14
0.000316646	5850.89
0.000318825	5618.54
0.000321004	5380.66
0.000323183	5141.41
0.000325362	4900.85
0.00032754	4663.79
0.000329719	4430.96
0.000331898	4204.02
0.000334077	3983.63
0.000336256	3768.52
0.000338435	3558.6
0.000340614	3353.08
0.000342793	3151.55
0.000344972	2955.14
0.000347151	2763.95
0.000349329	2578.87
0.000351508	2400.38
0.000353687	2227.26
0.000355866	2059.55
0.000358045	1895.51
0.000360224	1734.44
0.000362403	1577.03
0.000364582	1422.67
0.000366761	1274.87
0.000368939	1133.92
0.000371118	1003.59
0.000373297	885.012
0.000375476	779.502
0.000377655	688.151
0.000379834	609.234
0.000382013	543.052
0.000384192	486.198
0.000386371	438.064
0.00038855	395.476
0.000390728	357.358
0.000392907	321.949
0.000395086	288.306
0.000397265	256.103
0.000399444	224.878
0.000401623	195.064
0.000403802	166.637
0.000405981	140.136
0.00040816	115.748
0.000410338	93.8051
0.000412517	74.5166
0.000414696	57.944
0.000416875	44.2241
0.000419054	33.1658
0.000421233	24.7936
0.000423412	18.7255
0.000425591	14.5017
0.00042777	12.913
0.000429949	12.7691
0.000432127	12.7355
0.000434306	13.9639
0.000436485	15.7979
0.000438664	17.5073
0.000440843	18.9328
0.000443022	19.7205
0.000445201	19.9739
0.00044738	19.3727
0.000449559	18.0536
0.000451737	16.1564
0.000453916	13.9147
0.000456095	11.5105
0.000458274	9.12851
0.000460453	6.97961
0.000462632	5.09621
0.000464811	3.5895
0.00046699	2.42141
