0.000500379	1.61923e-21
0.000507084	1.76663e-20
0.000513789	6.58076e-20
0.000520493	6.41312e-19
0.000527198	2.32294e-18
0.000533903	1.98217e-17
0.000540607	7.122e-17
0.000547312	5.33576e-16
0.000554017	1.89662e-15
0.000560721	1.25141e-14
0.000567426	4.38716e-14
0.000574131	2.55816e-13
0.000580835	8.81515e-13
0.00058754	4.55998e-12
0.000594244	1.53864e-11
0.000600949	7.09068e-11
0.000607654	2.33306e-10
0.000614358	9.62244e-10
0.000621063	3.07345e-09
0.000627768	1.14005e-08
0.000634472	3.51778e-08
0.000641177	1.17966e-07
0.000647882	3.4986e-07
0.000654586	1.06638e-06
0.000661291	3.02375e-06
0.000667995	8.42325e-06
0.0006747	2.27133e-05
0.000681405	5.81453e-05
0.000688109	0.000148307
0.000694814	0.00035077
0.000701519	0.000841899
0.000708223	0.00184909
0.000714928	0.0041559
0.000721633	0.00851588
0.000728337	0.0178432
0.000735042	0.0342521
0.000741746	0.0666494
0.000748451	0.123377
0.000755156	0.219125
0.00076186	0.380241
0.000768565	0.626548
0.00077527	1.01198
0.000781974	1.55553
0.000788679	2.33533
0.000795384	3.35409
0.000802088	4.6797
0.000808793	6.28261
0.000815497	8.15143
0.000822202	10.2253
0.000828907	12.3509
0.000835611	14.4645
0.000842316	16.302
0.000849021	17.8069
0.000855725	18.6322
0.00086243	18.9842
0.000869135	18.7267
0.000875839	17.7081
0.000882544	16.2406
0.000889249	14.3474
0.000895953	12.3201
0.000902658	10.1837
0.000909362	8.24799
0.000916067	6.51125
0.000922772	5.1233
0.000929476	4.18146
0.000936181	4.1304
0.000942886	4.2569
0.00094959	4.80379
0.000956295	6.51853
0.000963	8.99051
0.000969704	12.3183
0.000976409	16.724
0.000983113	22.2142
0.000989818	28.9725
0.000996523	37.0152
0.00100323	46.5757
0.00100993	57.6893
0.00101664	70.7788
0.00102334	85.8839
0.00103005	103.672
0.00103675	124.161
0.00104346	148.095
0.00105016	175.46
0.00105686	206.79
0.00106357	242.05
0.00107027	281.385
0.00107698	324.759
0.00108368	371.906
0.00109039	422.8
0.00109709	476.787
0.0011038	533.851
0.0011105	593.032
0.00111721	654.34
0.00112391	716.887
0.00113062	780.706
0.00113732	845.692
0.00114402	911.876
0.00115073	980.434
0.00115743	1051.37
0.00116414	1126.8
0.00117084	1206.72
0.00117755	1293.02
0.00118425	1385.71
0.00119096	1485.24
0.00119766	1591.66
0.00120437	1703.59
0.00121107	1821.08
0.00121778	1941.52
0.00122448	2064.93
0.00123119	2188.56
0.00123789	2312.39
0.00124459	2434.23
0.0012513	2554.06
0.001258	2670.13
0.00126471	2782.46
0.00127141	2888.97
0.00127812	2989.72
0.00128482	3081.79
0.00129153	3165.18
0.00129823	3236.5
0.00130494	3295.63
0.00131164	3340.49
0.00131835	3372.04
0.00132505	3378.31
0.00133175	3373.39
0.00133846	3360.82
0.00134516	3324.27
0.00135187	3273.66
0.00135857	3210.64
0.00136528	3136.63
0.00137198	3051.66
0.00137869	2958.94
0.00138539	2858.52
0.0013921	2753.99
0.0013988	2645.47
0.00140551	2536.74
0.00141221	2428.08
0.00141891	2322.66
0.00142562	2220.94
0.00143232	2124.53
0.00143903	2033.91
0.00144573	1948.88
0.00145244	1869.71
0.00145914	1794.92
0.00146585	1724.51
0.00147255	1656.53
0.00147926	1590.73
0.00148596	1525.4
0.00149267	1460.16
0.00149937	1394.08
0.00150608	1326.77
0.00151278	1258.45
0.00151948	1188.9
0.00152619	1119.31
0.00153289	1049.74
0.0015396	981.632
0.0015463	915.322
0.00155301	851.706
0.00155971	791.164
0.00156642	733.786
0.00157312	679.781
0.00157983	628.708
0.00158653	580.548
0.00159324	534.786
0.00159994	491.269
0.00160664	449.692
0.00161335	409.903
0.00162005	371.831
0.00162676	335.396
0.00163346	300.646
0.00164017	267.569
0.00164687	236.242
0.00165358	206.678
0.00166028	178.979
0.00166699	153.169
0.00167369	129.38
0.0016804	107.662
0.0016871	88.1228
0.00169381	70.8428
0.00170051	55.8023
0.00170721	43.0659
0.00171392	32.4357
0.00172062	23.8944
0.00172733	17.1153
0.00173403	11.9734
0.00174074	8.12448
0.00174744	5.37104
0.00175415	3.44474
0.00176085	2.14093
0.00176756	1.29742
0.00177426	0.753484
0.00178097	0.432273
0.00178767	0.231211
0.00179437	0.127187
0.00180108	0.0630368
0.00180778	0.0329271
0.00181449	0.015354
0.00182119	0.00747513
0.0018279	0.00298293
0.0018346	0.00148553
