0.000500379	4.03629e-151
0.000509598	3.83739e-146
0.000518817	1.53494e-145
0.000528036	1.13508e-140
0.000537255	4.58671e-140
0.000546474	2.63786e-135
0.000555693	1.07699e-134
0.000564912	4.81628e-130
0.000574131	1.98714e-129
0.00058335	6.90889e-125
0.000592569	2.88105e-124
0.000601788	7.78649e-120
0.000611007	3.28234e-119
0.000620226	6.89467e-115
0.000629445	2.93851e-114
0.000638664	4.79651e-110
0.000647883	2.06722e-109
0.000657101	2.62167e-105
0.00066632	1.14279e-104
0.000675539	1.12584e-100
0.000684758	4.96437e-100
0.000693977	3.79856e-96
0.000703196	1.69469e-95
0.000712415	1.00696e-91
0.000721634	4.54614e-91
0.000730853	2.09728e-87
0.000740072	9.58364e-87
0.000749291	3.43206e-83
0.00075851	1.58765e-82
0.000767729	4.41281e-79
0.000776948	2.06691e-78
0.000786167	4.45801e-75
0.000795386	2.11462e-74
0.000804605	3.53867e-71
0.000813823	1.70019e-70
0.000823042	2.20709e-67
0.000832261	1.07428e-66
0.00084148	1.08166e-63
0.000850699	5.3346e-63
0.000859918	4.16549e-60
0.000869137	2.08187e-59
0.000878356	1.26056e-56
0.000887575	6.38532e-56
0.000896794	2.99778e-53
0.000906013	1.53919e-52
0.000915232	5.6028e-50
0.000924451	2.91605e-49
0.00093367	8.23023e-47
0.000942889	4.34206e-46
0.000952108	9.50308e-44
0.000961327	5.08166e-43
0.000970545	8.62616e-41
0.000979764	4.67449e-40
0.000988983	6.15663e-38
0.000998202	3.37983e-37
0.00100742	3.45568e-35
0.00101664	1.92088e-34
0.00102586	1.52584e-32
0.00103508	8.58161e-32
0.0010443	5.3018e-30
0.00105352	3.01382e-29
0.00106273	1.45034e-27
0.00107195	8.32088e-27
0.00108117	3.12538e-25
0.00109039	1.80614e-24
0.00109961	5.30928e-23
0.00110883	3.08248e-22
0.00111805	7.11648e-21
0.00112727	4.13671e-20
0.00113649	7.53492e-19
0.00114571	4.36587e-18
0.00115492	6.31054e-17
0.00116414	3.62423e-16
0.00117336	4.18722e-15
0.00118258	2.36689e-14
0.0011918	2.20523e-13
0.00120102	1.21638e-12
0.00121024	9.23685e-12
0.00121946	4.92079e-11
0.00122868	3.08352e-10
0.00123789	1.56773e-09
0.00124711	8.22062e-09
0.00125633	3.93574e-08
0.00126555	1.75339e-07
0.00127477	7.7917e-07
0.00128399	2.99619e-06
0.00129321	1.21765e-05
0.00130243	4.10538e-05
0.00131165	0.000150405
0.00132087	0.000451197
0.00133008	0.00147096
0.0013393	0.00397699
0.00134852	0.0114159
0.00135774	0.0281049
0.00136696	0.0705118
0.00137618	0.159219
0.0013854	0.347947
0.00139462	0.730006
0.00140384	1.39719
0.00141305	2.69949
0.00142227	4.63486
0.00143149	7.81833
0.00144071	12.2468
0.00144993	18.4073
0.00145915	26.309
0.00146837	35.7916
0.00147759	46.8782
0.00148681	58.6434
0.00149603	71.0936
0.00150524	83.239
0.00151446	95.0341
0.00152368	106.49
0.0015329	117.521
0.00154212	129.602
0.00155134	142.688
0.00156056	158.939
0.00156978	178.445
0.001579	202.281
0.00158821	230.664
0.00159743	262.182
0.00160665	296.993
0.00161587	331.921
0.00162509	366.823
0.00163431	399.592
0.00164353	429.805
0.00165275	458.787
0.00166197	486.178
0.00167118	516.344
0.0016804	549.306
0.00168962	589.936
0.00169884	638.68
0.00170806	698.289
0.00171728	769.451
0.0017265	851.133
0.00173572	943.972
0.00174494	1042.81
0.00175416	1147.84
0.00176337	1251.42
0.00177259	1352.95
0.00178181	1445.73
0.00179103	1528.6
0.00180025	1598.73
0.00180947	1655.19
0.00181869	1698.9
0.00182791	1731.93
0.00183713	1743.38
0.00184634	1745.49
0.00185556	1744.71
0.00186478	1721.83
0.001874	1683.2
0.00188322	1631.92
0.00189244	1570
0.00190166	1497.35
0.00191088	1420.27
0.0019201	1340.06
0.00192932	1260.69
0.00193853	1183.73
0.00194775	1109.44
0.00195697	1038.43
0.00196619	969.587
0.00197541	902.678
0.00198463	837.348
0.00199385	773.297
0.00200307	710.979
0.00201229	650.359
0.0020215	592.153
0.00203072	536.488
0.00203994	484.145
0.00204916	435.437
0.00205838	390.704
0.0020676	350.372
0.00207682	313.709
0.00208604	280.748
0.00209526	250.264
0.00210448	221.666
0.00211369	194.701
0.00212291	168.834
0.00213213	144.979
0.00214135	123.377
0.00215057	104.648
0.00215979	89.4276
0.00216901	77.0539
0.00217823	67.6178
0.00218745	59.8798
0.00219666	53.1985
0.00220588	46.9705
0.0022151	40.5126
0.00222432	34.0911
0.00223354	27.5679
0.00224276	21.4189
0.00225198	15.9318
0.0022612	11.2441
0.00227042	7.61056
0.00227964	4.84907
0.00228885	2.95701
0.00229807	1.70275
0.00230729	0.915406
0.00231651	0.484423
0.00232573	0.204382
0.00233495	0.111034
