0.000500379	2.13072e-37
0.000507084	9.66625e-36
0.000513789	3.80258e-35
0.000520493	1.47114e-33
0.000527198	5.78881e-33
0.000533903	1.90078e-31
0.000540607	7.5173e-31
0.000547312	2.09679e-29
0.000554017	8.32719e-29
0.000560721	1.97517e-27
0.000567426	7.8687e-27
0.000574131	1.58922e-25
0.000580835	6.34279e-25
0.00058754	1.09247e-23
0.000594244	4.3615e-23
0.000600949	6.41831e-22
0.000607654	2.55846e-21
0.000614358	3.2238e-20
0.000621063	1.28031e-19
0.000627768	1.38494e-18
0.000634472	5.46586e-18
0.000641177	5.09105e-17
0.000647882	1.99077e-16
0.000654586	1.60219e-15
0.000661291	6.18618e-15
0.000667995	4.31904e-14
0.0006747	1.64014e-13
0.000681405	9.97878e-13
0.000688109	3.71044e-12
0.000694814	1.97716e-11
0.000701519	7.1628e-11
0.000708223	3.36152e-10
0.000714928	1.18003e-09
0.000721633	4.90686e-09
0.000728337	1.65921e-08
0.000735042	6.15271e-08
0.000741746	1.99143e-07
0.000748451	6.6299e-07
0.000755156	2.04054e-06
0.00076186	6.14126e-06
0.000768565	1.78534e-05
0.00077527	4.89087e-05
0.000781974	0.00013341
0.000788679	0.000334883
0.000795384	0.000851628
0.000802088	0.00197107
0.000808793	0.00464552
0.000815497	0.00996914
0.000822202	0.0216612
0.000828907	0.0433046
0.000835611	0.0863689
0.000842316	0.164872
0.000849021	0.298494
0.000855725	0.531962
0.00086243	0.88506
0.000869135	1.44823
0.000875839	2.23444
0.000882544	3.35814
0.000889249	4.80803
0.000895953	6.6452
0.000902658	8.8245
0.000909362	11.2393
0.000916067	13.8296
0.000922772	16.2761
0.000929476	18.5484
0.000936181	20.3423
0.000942886	21.5591
0.00094959	21.6511
0.000956295	21.5958
0.000963	21.1814
0.000969704	20.2555
0.000976409	20.1583
0.000983113	20.2376
0.000989818	20.9262
0.000996523	23.8267
0.00100323	28.4562
0.00100993	34.9153
0.00101664	43.5087
0.00102334	54.1877
0.00103005	66.7777
0.00103675	81.2694
0.00104346	97.3883
0.00105016	115.183
0.00105686	134.824
0.00106357	156.387
0.00107027	180.866
0.00107698	208.301
0.00108368	240.198
0.00109039	276.519
0.00109709	318.26
0.0011038	365.337
0.0011105	417.319
0.00111721	474.152
0.00112391	534.153
0.00113062	597.329
0.00113732	661.954
0.00114402	728.061
0.00115073	794.947
0.00115743	862.63
0.00116414	931.491
0.00117084	1001.53
0.00117755	1073.69
0.00118425	1147.95
0.00119096	1225.63
0.00119766	1306.71
0.00120437	1392.99
0.00121107	1484.46
0.00121778	1582.98
0.00122448	1688.6
0.00123119	1801.61
0.00123789	1922.19
0.00124459	2047.14
0.0012513	2176.68
0.001258	2303.96
0.00126471	2429.03
0.00127141	2544.29
0.00127812	2649.43
0.00128482	2740.74
0.00129153	2817.65
0.00129823	2882.73
0.00130494	2935.63
0.00131164	2982.72
0.00131835	3024.24
0.00132505	3064.63
0.00133175	3104.62
0.00133846	3142.74
0.00134516	3179.56
0.00135187	3209.11
0.00135857	3231.91
0.00136528	3236.81
0.00137198	3228.67
0.00137869	3209.69
0.00138539	3167.95
0.0013921	3110.53
0.0013988	3038.67
0.00140551	2955.6
0.00141221	2861.57
0.00141891	2760.31
0.00142562	2652.26
0.00143232	2539.85
0.00143903	2423.37
0.00144573	2304.86
0.00145244	2184.43
0.00145914	2064.6
0.00146585	1945.58
0.00147255	1829.91
0.00147926	1718.1
0.00148596	1611.5
0.00149267	1510.69
0.00149937	1415.12
0.00150608	1325.09
0.00151278	1238.64
0.00151948	1155.55
0.00152619	1074.06
0.00153289	993.56
0.0015396	913.85
0.0015463	834.438
0.00155301	756.754
0.00155971	680.835
0.00156642	608.541
0.00157312	540.403
0.00157983	477.359
0.00158653	419.983
0.00159324	367.919
0.00159994	321.353
0.00160664	279.336
0.00161335	241.631
0.00162005	207.591
0.00162676	176.884
0.00163346	149.404
0.00164017	125.025
0.00164687	103.744
0.00165358	85.6204
0.00166028	70.3129
0.00166699	57.8181
0.00167369	47.5062
0.0016804	39.1689
0.0016871	32.2538
0.00169381	26.4523
0.00170051	21.5116
0.00170721	17.2077
0.00171392	13.5062
0.00172062	10.3286
0.00172733	7.67078
0.00173403	5.52764
0.00174074	3.83663
0.00174744	2.5805
0.00175415	1.66457
0.00176085	1.03726
0.00176756	0.621649
0.00177426	0.356072
0.00178097	0.199101
0.00178767	0.102444
0.00179437	0.0547507
0.00180108	0.0259708
0.00180778	0.0128744
0.00181449	0.00569699
0.00182119	0.00258559
0.0018279	0.000978887
0.0018346	0.000443321
