0.000500379	8.22594e-114
0.00050876	1.37158e-109
0.000517141	5.48608e-109
0.000525522	7.125e-105
0.000533903	2.87893e-104
0.000542284	2.91184e-100
0.000550665	1.18875e-99
0.000559045	9.36216e-96
0.000567426	3.86229e-95
0.000575807	2.36815e-91
0.000584188	9.87393e-91
0.000592569	4.71266e-87
0.00060095	1.98622e-86
0.00060933	7.37812e-83
0.000617711	3.1438e-82
0.000626092	9.0876e-79
0.000634473	3.91537e-78
0.000642854	8.80596e-75
0.000651235	3.83693e-74
0.000659615	6.71321e-71
0.000667996	2.95859e-70
0.000676377	4.02635e-67
0.000684758	1.79505e-66
0.000693139	1.89988e-63
0.00070152	8.56958e-63
0.0007099	7.05306e-60
0.000718281	3.21909e-59
0.000726662	2.06004e-56
0.000735043	9.51477e-56
0.000743424	4.73406e-53
0.000751805	2.21287e-52
0.000760186	8.55984e-50
0.000768566	4.04952e-49
0.000776947	1.21785e-46
0.000785328	5.83103e-46
0.000793709	1.36348e-43
0.00080209	6.60665e-43
0.000810471	1.20134e-40
0.000818851	5.88998e-40
0.000827232	8.33111e-38
0.000835613	4.13184e-37
0.000843994	4.54803e-35
0.000852375	2.28074e-34
0.000860756	1.95486e-32
0.000869136	9.90634e-32
0.000877517	6.61759e-30
0.000885898	3.38581e-29
0.000894279	1.76491e-27
0.00090266	9.10609e-27
0.000911041	3.71005e-25
0.000919421	1.92722e-24
0.000927802	6.1506e-23
0.000936183	3.20979e-22
0.000944564	8.04726e-21
0.000952945	4.20711e-20
0.000961326	8.31688e-19
0.000969707	4.33989e-18
0.000978087	6.79721e-17
0.000986468	3.52367e-16
0.000994849	4.39877e-15
0.00100323	2.25204e-14
0.00101161	2.2575e-13
0.00101999	1.13312e-12
0.00102837	9.20387e-12
0.00103675	4.48923e-11
0.00104513	2.98651e-10
0.00105351	1.40075e-09
0.0010619	7.72716e-09
0.00107028	3.44324e-08
0.00107866	1.59694e-07
0.00108704	6.67052e-07
0.00109542	2.63983e-06
0.0011038	1.01895e-05
0.00111218	3.49366e-05
0.00112056	0.000122809
0.00112894	0.000370272
0.00113732	0.00116887
0.0011457	0.00314152
0.00115409	0.00879528
0.00116247	0.0213174
0.00117085	0.0524033
0.00117923	0.115553
0.00118761	0.247766
0.00119599	0.509998
0.00120437	0.954828
0.00121275	1.76883
0.00122113	2.95812
0.00122951	4.78954
0.00123789	7.25127
0.00124627	10.4468
0.00125466	14.3571
0.00126304	18.7513
0.00127142	23.6226
0.0012798	28.5728
0.00128818	33.6082
0.00129656	38.4719
0.00130494	43.1686
0.00131332	47.5675
0.0013217	51.6715
0.00133008	55.447
0.00133846	58.8955
0.00134684	62.697
0.00135523	66.8337
0.00136361	73.395
0.00137199	82.3474
0.00138037	96.7792
0.00138875	116.678
0.00139713	144.863
0.00140551	181.354
0.00141389	228.064
0.00142227	285.018
0.00143065	353.57
0.00143903	433.787
0.00144741	525.981
0.0014558	630.353
0.00146418	744.229
0.00147256	867.81
0.00148094	995.613
0.00148932	1127.47
0.0014977	1259.61
0.00150608	1391.56
0.00151446	1524.46
0.00152284	1658.19
0.00153122	1794.88
0.0015396	1935.06
0.00154798	2076.13
0.00155637	2218.43
0.00156475	2356.35
0.00157313	2489.33
0.00158151	2615.35
0.00158989	2733.77
0.00159827	2846.68
0.00160665	2954.47
0.00161503	3056.34
0.00162341	3153.29
0.00163179	3237.84
0.00164017	3310.6
0.00164855	3358.2
0.00165694	3382.2
0.00166532	3384.88
0.0016737	3351.77
0.00168208	3291.5
0.00169046	3205.13
0.00169884	3102.79
0.00170722	2984.87
0.0017156	2864.98
0.00172398	2745.33
0.00173236	2634.54
0.00174074	2535.59
0.00174912	2447.83
0.00175751	2373.34
0.00176589	2303.05
0.00177427	2236.68
0.00178265	2162.92
0.00179103	2078.91
0.00179941	1979.68
0.00180779	1861.74
0.00181617	1730.69
0.00182455	1585.48
0.00183293	1437.35
0.00184131	1288.63
0.00184969	1147.69
0.00185808	1017.98
0.00186646	901.406
0.00187484	800.111
0.00188322	711.46
0.0018916	635.763
0.00189998	568.666
0.00190836	509.09
0.00191674	453.334
0.00192512	399.532
0.0019335	346.846
0.00194188	293.856
0.00195026	242.722
0.00195865	193.605
0.00196703	149.094
0.00197541	110.526
0.00198379	78.561
0.00199217	54.2567
0.00200055	36.3836
0.00200893	24.3809
0.00201731	18.4327
0.00202569	15.9939
0.00203407	15.2786
0.00204245	16.6873
0.00205083	18.6991
0.00205922	20.6301
0.0020676	21.6358
0.00207598	21.3319
0.00208436	20.4834
0.00209274	18.2984
0.00210112	15.3203
0.0021095	12.155
0.00211788	9.05146
0.00212626	6.40787
0.00213464	4.21744
0.00214302	2.65222
0.0021514	1.55023
0.00215979	0.803831
0.00216817	0.449885
