3.33898e-05	8.45191e-24
3.59039e-05	1.05031e-22
3.8418e-05	3.94767e-22
4.09322e-05	4.38647e-21
4.34463e-05	1.6113e-20
4.59604e-05	1.57281e-19
4.84746e-05	5.74738e-19
5.09887e-05	4.93924e-18
5.35028e-05	1.79154e-17
5.6017e-05	1.35896e-16
5.85311e-05	4.88045e-16
6.10452e-05	3.27691e-15
6.35594e-05	1.16193e-14
6.60735e-05	6.92776e-14
6.85877e-05	2.4177e-13
7.11018e-05	1.28456e-12
7.36159e-05	4.39686e-12
7.61301e-05	2.08986e-11
7.86442e-05	6.98914e-11
8.11583e-05	2.9843e-10
8.36725e-05	9.71115e-10
8.61866e-05	3.74186e-09
8.87007e-05	1.17954e-08
9.12149e-05	4.12093e-08
9.3729e-05	1.25253e-07
9.62431e-05	3.98738e-07
9.87573e-05	1.16288e-06
0.000101271	3.39047e-06
0.000103786	9.44077e-06
0.0001063	2.53384e-05
0.000108814	6.70297e-05
0.000111328	0.000166445
0.000113842	0.000416281
0.000116356	0.000961016
0.00011887	0.00226182
0.000121384	0.00487654
0.000123899	0.0107545
0.000126413	0.0217441
0.000128927	0.0447638
0.000131441	0.0851776
0.000133955	0.163175
0.000136469	0.300783
0.000138983	0.528071
0.000141498	0.911486
0.000144012	1.49451
0.000146526	2.40941
0.00014904	3.70291
0.000151554	5.57426
0.000154068	8.04634
0.000156582	11.3244
0.000159096	15.3792
0.000161611	20.2919
0.000164125	25.982
0.000166639	32.2847
0.000169153	39.1151
0.000171667	46.0866
0.000174181	53.1744
0.000176695	59.9971
0.00017921	66.6146
0.000181724	72.9397
0.000184238	79.0721
0.000186752	85.3169
0.000189266	91.7444
0.00019178	98.8622
0.000194294	106.69
0.000196809	115.671
0.000199323	125.827
0.000201837	137.533
0.000204351	150.884
0.000206865	166.562
0.000209379	184.742
0.000211893	206.851
0.000214407	233.048
0.000216922	265.445
0.000219436	304.06
0.00022195	350.849
0.000224464	405.658
0.000226978	469.163
0.000229492	541.142
0.000232006	620.537
0.000234521	707.214
0.000237035	799.08
0.000239549	896.149
0.000242063	996.593
0.000244577	1100.53
0.000247091	1207.39
0.000249605	1317.34
0.000252119	1431.56
0.000254634	1550.19
0.000257148	1676.41
0.000259662	1810.29
0.000262176	1956.68
0.00026469	2115.54
0.000267204	2291.77
0.000269718	2485.25
0.000272233	2698.17
0.000274747	2930.39
0.000277261	3179.23
0.000279775	3444.66
0.000282289	3719.5
0.000284803	4003.82
0.000287317	4289.08
0.000289831	4575.31
0.000292346	4856.4
0.00029486	5132.31
0.000297374	5401.42
0.000299888	5663.62
0.000302402	5920.89
0.000304916	6173.21
0.00030743	6422.8
0.000309945	6669.84
0.000312459	6913.11
0.000314973	7152.9
0.000317487	7383.04
0.000320001	7603.72
0.000322515	7805.91
0.000325029	7989.45
0.000327544	8147.06
0.000330058	8278.23
0.000332572	8381.34
0.000335086	8456.08
0.0003376	8504.07
0.000340114	8528.98
0.000342628	8531.94
0.000345142	8516.66
0.000347657	8484.16
0.000350171	8433.66
0.000352685	8361.83
0.000355199	8269.1
0.000357713	8148.42
0.000360227	7999.15
0.000362741	7817.61
0.000365256	7602.52
0.00036777	7357.9
0.000370284	7082.74
0.000372798	6788.28
0.000375312	6474.64
0.000377826	6155.23
0.00038034	5831.39
0.000382854	5513.1
0.000385369	5202.21
0.000387883	4902.68
0.000390397	4615.91
0.000392911	4341.04
0.000395425	4078.53
0.000397939	3825.77
0.000400453	3582.41
0.000402968	3346.89
0.000405482	3118.56
0.000407996	2898.08
0.00041051	2685.09
0.000413024	2481.92
0.000415538	2288.8
0.000418052	2108.07
0.000420566	1940.41
0.000423081	1786.62
0.000425595	1647.34
0.000428109	1521.49
0.000430623	1409.26
0.000433137	1308.45
0.000435651	1218.77
0.000438165	1137.88
0.00044068	1065.28
0.000443194	998.718
0.000445708	937.661
0.000448222	879.861
0.000450736	824.65
0.00045325	770.134
0.000455764	715.442
0.000458279	659.886
0.000460793	602.684
0.000463307	544.805
0.000465821	486.052
0.000468335	428.435
0.000470849	372.531
0.000473363	320.095
0.000475877	272.108
0.000478392	229.132
0.000480906	191.911
0.00048342	159.839
0.000485934	133.029
0.000488448	110.411
0.000490962	91.5651
0.000493476	75.6475
0.000495991	62.09
0.000498505	50.5006
0.000501019	40.4805
0.000503533	31.9183
0.000506047	24.6435
0.000508561	18.5811
0.000511075	13.6679
0.000513589	9.76303
0.000516104	6.78806
0.000518618	4.5706
0.000521132	2.98521
0.000523646	1.89209
0.00052616	1.15406
0.000528674	0.689686
0.000531188	0.363113
0.000533703	0.220869
