0.000500379	7.92154e-61
0.000507084	2.94561e-58
0.000513789	1.17587e-57
0.000520493	3.56644e-55
0.000527198	1.43634e-54
0.000533903	3.55102e-52
0.000540607	1.4438e-51
0.000547312	2.90964e-49
0.000554017	1.19428e-48
0.000560721	1.96208e-46
0.000567426	8.12932e-46
0.000574131	1.08895e-43
0.000580835	4.55362e-43
0.00058754	4.9745e-41
0.000594244	2.099e-40
0.000600949	1.87061e-38
0.000607654	7.96209e-38
0.000614358	5.79108e-36
0.000621063	2.48543e-35
0.000627768	1.4762e-33
0.000634472	6.38473e-33
0.000641177	3.09902e-31
0.000647882	1.34975e-30
0.000654586	5.35916e-29
0.000661291	2.34827e-28
0.000667995	7.63637e-27
0.0006747	3.36228e-26
0.000681405	8.96912e-25
0.000688109	3.96211e-24
0.000694814	8.68704e-23
0.000701519	3.8428e-22
0.000708223	6.94193e-21
0.000714928	3.06779e-20
0.000721633	4.5798e-19
0.000728337	2.01603e-18
0.000735042	2.49628e-17
0.000741746	1.09072e-16
0.000748451	1.12511e-15
0.000755156	4.85893e-15
0.00076186	4.19745e-14
0.000768565	1.78267e-13
0.00077527	1.29764e-12
0.000781974	5.38797e-12
0.000788679	3.32843e-11
0.000795384	1.34206e-10
0.000802088	7.09298e-10
0.000808793	2.75638e-09
0.000815497	1.25759e-08
0.000822202	4.67122e-08
0.000828907	1.85785e-07
0.000835611	6.5383e-07
0.000842316	2.29035e-06
0.000849021	7.5685e-06
0.000855725	2.35994e-05
0.00086243	7.25826e-05
0.000869135	0.000203582
0.000875839	0.000578051
0.000882544	0.00147321
0.000889249	0.00383524
0.000895953	0.0089643
0.000902658	0.0212877
0.000909362	0.0460091
0.000916067	0.0993838
0.000922772	0.200007
0.000929476	0.392904
0.000936181	0.754971
0.000942886	1.3484
0.00094959	2.40301
0.000956295	3.98172
0.000963	6.54806
0.000969704	10.1679
0.000976409	15.5481
0.000983113	22.732
0.000989818	32.5545
0.000996523	45.0096
0.00100323	60.784
0.00100993	79.817
0.00101664	102.312
0.00102334	128.179
0.00103005	156.942
0.00103675	188.522
0.00104346	221.855
0.00105016	256.907
0.00105686	292.387
0.00106357	328.307
0.00107027	363.598
0.00107698	398.299
0.00108368	431.847
0.00109039	464.281
0.00109709	495.606
0.0011038	525.862
0.0011105	555.693
0.00111721	585.146
0.00112391	615.842
0.00113062	647.819
0.00113732	684.035
0.00114402	724.493
0.00115073	773.149
0.00115743	829.969
0.00116414	898.275
0.00117084	978.04
0.00117755	1069.67
0.00118425	1173.19
0.00119096	1285.45
0.00119766	1406.5
0.00120437	1532.06
0.00121107	1662.12
0.00121778	1794.3
0.00122448	1928.57
0.00123119	2064.1
0.00123789	2200.98
0.00124459	2336.71
0.0012513	2471.47
0.001258	2599.68
0.00126471	2721.38
0.00127141	2830.58
0.00127812	2927.02
0.00128482	3008.07
0.00129153	3073.29
0.00129823	3124.62
0.00130494	3161.79
0.00131164	3189.61
0.00131835	3208.13
0.00132505	3222.07
0.00133175	3231.84
0.00133846	3239.19
0.00134516	3244.69
0.00135187	3245.62
0.00135857	3241.56
0.00136528	3232.14
0.00137198	3209.91
0.00137869	3173.75
0.00138539	3123.74
0.0013921	3060.13
0.0013988	2982.12
0.00140551	2895.85
0.00141221	2801.37
0.00141891	2705.94
0.00142562	2610.52
0.00143232	2518.95
0.00143903	2432.4
0.00144573	2349.94
0.00145244	2272.21
0.00145914	2195.15
0.00146585	2118.62
0.00147255	2037.99
0.00147926	1952.46
0.00148596	1859.35
0.00149267	1757.51
0.00149937	1648.13
0.00150608	1530.41
0.00151278	1409.25
0.00151948	1284.91
0.00152619	1163.19
0.00153289	1045.41
0.0015396	935.013
0.0015463	833.458
0.00155301	740.867
0.00155971	657.911
0.00156642	582.966
0.00157312	515.824
0.00157983	455.144
0.00158653	400.459
0.00159324	351.233
0.00159994	307.262
0.00160664	268.059
0.00161335	233.579
0.00162005	202.933
0.00162676	175.882
0.00163346	151.663
0.00164017	129.872
0.00164687	110.409
0.00165358	93.0769
0.00166028	78.0841
0.00166699	65.5563
0.00167369	55.283
0.0016804	47.3739
0.0016871	41.1
0.00169381	36.2416
0.00170051	32.1247
0.00170721	28.3216
0.00171392	24.6683
0.00172062	20.8845
0.00172733	17.1922
0.00173403	13.6056
0.00174074	10.3391
0.00174744	7.54574
0.00175415	5.23612
0.00176085	3.49766
0.00176756	2.21002
0.00177426	1.34147
0.00178097	0.774167
0.00178767	0.420037
0.00179437	0.225027
0.00180108	0.10808
0.00180778	0.0542644
0.00181449	0.0239534
0.00182119	0.0108176
0.0018279	0.00404068
0.0018346	0.00178171
