0.000100103	5.20107e-30
0.000103622	1.29396e-28
0.000107142	5.01982e-28
0.000110662	1.0793e-26
0.000114182	4.15577e-26
0.000117702	7.65578e-25
0.000121222	2.95129e-24
0.000124742	4.6658e-23
0.000128261	1.79808e-22
0.000131781	2.44409e-21
0.000135301	9.39911e-21
0.000138821	1.1009e-19
0.000142341	4.21597e-19
0.000145861	4.26614e-18
0.000149381	1.62295e-17
0.0001529	1.42303e-16
0.00015642	5.3627e-16
0.00015994	4.0884e-15
0.00016346	1.52133e-14
0.00016698	1.01239e-13
0.0001705	3.70625e-13
0.00017402	2.16229e-12
0.000177539	7.75611e-12
0.000181059	3.98656e-11
0.000184579	1.39479e-10
0.000188099	6.34986e-10
0.000191619	2.15634e-09
0.000195139	8.74558e-09
0.000198659	2.86745e-08
0.000202178	1.04247e-07
0.000205698	3.28185e-07
0.000209218	1.07644e-06
0.000212738	3.23535e-06
0.000216258	9.63769e-06
0.000219778	2.74985e-05
0.000223298	7.48927e-05
0.000226817	0.000201734
0.000230337	0.000505632
0.000233857	0.00127921
0.000237377	0.00296927
0.000240897	0.00702332
0.000244417	0.0151862
0.000247937	0.0334577
0.000251456	0.0677491
0.000254976	0.13865
0.000258496	0.264537
0.000262016	0.501765
0.000265536	0.925138
0.000269056	1.61236
0.000272576	2.77793
0.000276095	4.53923
0.000279615	7.32014
0.000283135	11.264
0.000286655	17.0467
0.000290175	24.7905
0.000293695	35.3386
0.000297214	48.7323
0.000300734	65.7275
0.000304254	86.2566
0.000307774	110.656
0.000311294	138.793
0.000314814	170.419
0.000318334	205.44
0.000321853	243.253
0.000325373	283.887
0.000328893	326.955
0.000332413	372.58
0.000335933	421.027
0.000339453	472.379
0.000342973	527.318
0.000346492	585.77
0.000350012	647.973
0.000353532	713.726
0.000357052	782.09
0.000360572	852.901
0.000364092	924.279
0.000367612	996.246
0.000371131	1067.23
0.000374651	1137.44
0.000378171	1207.04
0.000381691	1276.31
0.000385211	1347.68
0.000388731	1421.31
0.000392251	1501.02
0.00039577	1586.75
0.00039929	1681.71
0.00040281	1785.7
0.00040633	1899.42
0.00040985	2022.67
0.00041337	2153.27
0.00041689	2291.14
0.000420409	2432.66
0.000423929	2577.88
0.000427449	2723.95
0.000430969	2870.96
0.000434489	3018.43
0.000438009	3166.43
0.000441529	3316.99
0.000445048	3470.12
0.000448568	3628.97
0.000452088	3793.52
0.000455608	3965.53
0.000459128	4145.03
0.000462648	4330.14
0.000466168	4520.96
0.000469687	4711.33
0.000473207	4901.39
0.000476727	5082.1
0.000480247	5253.54
0.000483767	5406.2
0.000487287	5540.01
0.000490807	5648.24
0.000494326	5731.14
0.000497846	5778.04
0.000501366	5800.33
0.000504886	5800.04
0.000508406	5768.33
0.000511926	5718.14
0.000515446	5649.94
0.000518965	5572.15
0.000522485	5485.21
0.000526005	5394.42
0.000529525	5300.41
0.000533045	5203.2
0.000536565	5103.14
0.000540085	4997.6
0.000543604	4886.41
0.000547124	4768.26
0.000550644	4642.75
0.000554164	4511.35
0.000557684	4373.92
0.000561204	4232.92
0.000564724	4088.59
0.000568243	3942.17
0.000571763	3793.93
0.000575283	3643.74
0.000578803	3491.61
0.000582323	3337.59
0.000585843	3181.5
0.000589362	3024.64
0.000592882	2866.98
0.000596402	2710.39
0.000599922	2555.13
0.000603442	2402.36
0.000606962	2252.39
0.000610482	2105.29
0.000614001	1961.15
0.000617521	1819.92
0.000621041	1681.43
0.000624561	1546.59
0.000628081	1415.3
0.000631601	1289.33
0.000635121	1168.93
0.00063864	1055.6
0.00064216	949.817
0.00064568	851.827
0.0006492	761.986
0.00065272	679.44
0.00065624	604.167
0.00065976	535.12
0.000663279	472.017
0.000666799	414.269
0.000670319	361.62
0.000673839	313.898
0.000677359	271.016
0.000680879	232.814
0.000684399	199.298
0.000687918	170.086
0.000691438	145.132
0.000694958	123.897
0.000698478	106.239
0.000701998	91.6356
0.000705518	79.8994
0.000709038	70.5929
0.000712557	63.5543
0.000716077	58.3419
0.000719597	54.8167
0.000723117	52.4309
0.000726637	50.9912
0.000730157	49.9031
0.000733677	48.8642
0.000737196	47.4686
0.000740716	45.3792
0.000744236	42.5799
0.000747756	38.8747
0.000751276	34.5896
0.000754796	29.7827
0.000758316	24.8553
0.000761835	20.0521
0.000765355	15.6012
0.000768875	11.75
0.000772395	8.49814
0.000775915	5.9581
0.000779435	4.00377
0.000782955	2.60416
0.000786474	1.6288
0.000789994	0.977918
0.000793514	0.571715
0.000797034	0.289687
0.000800554	0.173103
