0.000500379	3.29907e-261
0.000510437	5.06327e-253
0.000520494	2.02531e-252
0.000530551	2.17736e-244
0.000540608	8.79856e-244
0.000550665	6.62499e-236
0.000560722	2.70492e-235
0.000570779	1.42624e-227
0.000580836	5.88465e-227
0.000590893	2.17248e-219
0.00060095	9.05965e-219
0.000611007	2.34137e-211
0.000621064	9.87027e-211
0.000631121	1.78541e-203
0.000641178	7.60983e-203
0.000651235	9.63296e-196
0.000661292	4.15194e-195
0.000671349	3.67735e-188
0.000681406	1.60309e-187
0.000691463	9.93261e-181
0.00070152	4.38028e-180
0.000711577	1.89822e-173
0.000721634	8.46997e-173
0.000731691	2.56675e-166
0.000741748	1.15905e-165
0.000751806	2.45572e-159
0.000761863	1.12245e-158
0.00077192	1.66238e-152
0.000781977	7.69265e-152
0.000792034	7.96233e-146
0.000802091	3.73111e-145
0.000812148	2.69843e-139
0.000822205	1.28072e-138
0.000832262	6.47063e-133
0.000842319	3.11123e-132
0.000852376	1.09786e-126
0.000862433	5.34903e-126
0.00087249	1.318e-120
0.000882547	6.50863e-120
0.000892604	1.11959e-114
0.000902661	5.60509e-114
0.000912718	6.72946e-109
0.000922775	3.41634e-108
0.000932832	2.86209e-103
0.000942889	1.47378e-102
0.000952946	8.6134e-98
0.000963003	4.49996e-97
0.00097306	1.83426e-92
0.000983117	9.72512e-92
0.000993175	2.76408e-87
0.00100323	1.48766e-86
0.00101329	2.94748e-82
0.00102335	1.61083e-81
0.0010334	2.2242e-77
0.00104346	1.23464e-76
0.00105352	1.18777e-72
0.00106357	6.69873e-72
0.00107363	4.48888e-68
0.00108369	2.57289e-67
0.00109374	1.20063e-63
0.0011038	6.9959e-63
0.00111386	2.27282e-59
0.00112392	1.34672e-58
0.00113397	3.0453e-55
0.00114403	1.83545e-54
0.00115409	2.88826e-51
0.00116414	1.77117e-50
0.0011742	1.93919e-47
0.00118426	1.2102e-46
0.00119432	9.21796e-44
0.00120437	5.8554e-43
0.00121443	3.10272e-40
0.00122449	2.00626e-39
0.00123454	7.3966e-37
0.0012446	4.86836e-36
0.00125466	1.24917e-33
0.00126471	8.36711e-33
0.00127477	1.49513e-30
0.00128483	1.01861e-29
0.00129489	1.2689e-27
0.00130494	8.78453e-27
0.001315	7.64168e-25
0.00132506	5.36739e-24
0.00133511	3.26892e-22
0.00134517	2.32381e-21
0.00135523	9.94706e-20
0.00136529	7.13021e-19
0.00137534	2.1573e-17
0.0013854	1.5508e-16
0.00139546	3.34347e-15
0.00140551	2.39152e-14
0.00141557	3.71589e-13
0.00142563	2.61576e-12
0.00143568	2.97433e-11
0.00144574	2.03012e-10
0.0014558	1.72338e-09
0.00146586	1.11868e-08
0.00147591	7.26761e-08
0.00148597	4.3804e-07
0.00149603	2.24173e-06
0.00150608	1.22027e-05
0.00151614	5.07612e-05
0.0015262	0.000242252
0.00153625	0.000845034
0.00154631	0.00343581
0.00155637	0.0103333
0.00156643	0.034942
0.00157648	0.0925876
0.00158654	0.256261
0.0015966	0.606449
0.00160665	1.36739
0.00161671	2.96811
0.00162677	5.62458
0.00163683	10.346
0.00164688	17.136
0.00165694	26.8869
0.001667	39.6505
0.00167705	55.6362
0.00168711	74.8513
0.00169717	97.4497
0.00170722	123.343
0.00171728	153.58
0.00172734	187.899
0.0017374	230.003
0.00174745	279.644
0.00175751	343.46
0.00176757	421.948
0.00177762	518.637
0.00178768	634.632
0.00179774	765.592
0.00180779	912.015
0.00181785	1065.64
0.00182791	1226.22
0.00183797	1385.3
0.00184802	1541.95
0.00185808	1691.11
0.00186814	1831.1
0.00187819	1965.56
0.00188825	2094.3
0.00189831	2222.2
0.00190837	2351.08
0.00191842	2476.35
0.00192848	2598.13
0.00193854	2710.61
0.00194859	2811.91
0.00195865	2904.53
0.00196871	2988.53
0.00197876	3065.83
0.00198882	3138.35
0.00199888	3199.41
0.00200894	3252.99
0.00201899	3270.17
0.00202905	3266.79
0.00203911	3256.99
0.00204916	3203.63
0.00205922	3119.95
0.00206928	3014.26
0.00207933	2887.35
0.00208939	2739.61
0.00209945	2577.66
0.00210951	2402.59
0.00211956	2221.29
0.00212962	2035.64
0.00213968	1850.64
0.00214973	1668.02
0.00215979	1491.05
0.00216985	1321.1
0.00217991	1160.11
0.00218996	1008.92
0.00220002	869.006
0.00221008	740.785
0.00222013	626.11
0.00223019	525.932
0.00224025	440.682
0.0022503	371.703
0.00226036	315.688
0.00227042	272.518
0.00228048	236.899
0.00229053	206.425
0.00230059	178.314
0.00231065	149.901
0.0023207	122.368
0.00233076	95.1719
0.00234082	70.4891
0.00235088	49.5305
0.00236093	32.73
0.00237099	20.6314
0.00238105	13.5336
0.0023911	10.2036
0.00240116	9.1729
0.00241122	10.7923
0.00242127	13.59
0.00243133	16.9757
0.00244139	19.6336
0.00245145	20.6292
0.0024615	20.9512
0.00247156	19.1636
0.00248162	15.8858
0.00249167	12.5104
0.00250173	8.56037
