0.000500379	1.1462e-67
0.000507922	3.58103e-65
0.000515465	1.42897e-64
0.000523008	3.74874e-62
0.00053055	1.50897e-61
0.000538093	3.32124e-59
0.000545636	1.34967e-58
0.000553179	2.49237e-56
0.000560721	1.02252e-55
0.000568264	1.5843e-53
0.000575807	6.56155e-53
0.00058335	8.53091e-51
0.000590892	3.56646e-50
0.000598435	3.89139e-48
0.000605978	1.64196e-47
0.000613521	1.50381e-45
0.000621063	6.40303e-45
0.000628606	4.92373e-43
0.000636149	2.11498e-42
0.000643692	1.36599e-40
0.000651234	5.91736e-40
0.000658777	3.21145e-38
0.00066632	1.40234e-37
0.000673862	6.39904e-36
0.000681405	2.81503e-35
0.000688948	1.08083e-33
0.000696491	4.78658e-33
0.000704033	1.5478e-31
0.000711576	6.89419e-31
0.000719119	1.87969e-29
0.000726662	8.41133e-29
0.000734204	1.93639e-27
0.000741747	8.6932e-27
0.00074929	1.69269e-25
0.000756833	7.61096e-25
0.000764375	1.25603e-23
0.000771918	5.64494e-23
0.000779461	7.91507e-22
0.000787004	3.54699e-21
0.000794546	4.238e-20
0.000802089	1.88827e-19
0.000809632	1.92916e-18
0.000817175	8.51742e-18
0.000824717	7.47059e-17
0.00083226	3.25561e-16
0.000839803	2.46277e-15
0.000847345	1.05461e-14
0.000854888	6.91683e-14
0.000862431	2.89573e-13
0.000869974	1.65634e-12
0.000877516	6.74103e-12
0.000885059	3.38461e-11
0.000892602	1.33081e-10
0.000900145	5.90668e-10
0.000907687	2.22891e-09
0.00091523	8.81063e-09
0.000922773	3.16858e-08
0.000930316	1.12419e-07
0.000937858	3.82569e-07
0.000945401	1.22792e-06
0.000952944	3.9264e-06
0.000960487	1.14901e-05
0.000968029	3.42925e-05
0.000975572	9.21816e-05
0.000983115	0.000255239
0.000990658	0.00063464
0.0009982	0.001622
0.00100574	0.00375374
0.00101329	0.00882153
0.00102083	0.019103
0.00102837	0.0411832
0.00103591	0.0838109
0.00104346	0.165637
0.001051	0.321569
0.00105854	0.583113
0.00106608	1.06651
0.00107363	1.79709
0.00108117	3.03413
0.00108871	4.80409
0.00109626	7.52788
0.0011038	11.2203
0.00111134	16.3923
0.00111888	23.0317
0.00112643	31.515
0.00113397	41.8016
0.00114151	53.8328
0.00114906	67.5632
0.0011566	82.3733
0.00116414	98.2467
0.00117168	114.304
0.00117923	130.57
0.00118677	146.546
0.00119431	162.274
0.00120185	178.131
0.0012094	194.145
0.00121694	211.521
0.00122448	230.264
0.00123203	251.977
0.00123957	276.649
0.00124711	305.878
0.00125465	339.649
0.0012622	379.253
0.00126974	424.685
0.00127728	476.616
0.00128482	535.055
0.00129237	599.881
0.00129991	671.113
0.00130745	748.108
0.001315	830.871
0.00132254	918.795
0.00133008	1011.86
0.00133762	1109.87
0.00134517	1212.79
0.00135271	1320.81
0.00136025	1433.94
0.00136779	1552.56
0.00137534	1676.72
0.00138288	1806.37
0.00139042	1941.69
0.00139797	2080.8
0.00140551	2224.01
0.00141305	2366.33
0.00142059	2507.99
0.00142814	2641.41
0.00143568	2766.46
0.00144322	2875.74
0.00145076	2968.68
0.00145831	3041.94
0.00146585	3096.72
0.00147339	3118.98
0.00148094	3126.67
0.00148848	3125.66
0.00149602	3098.07
0.00150356	3057.82
0.00151111	3007.23
0.00151865	2951.36
0.00152619	2890.74
0.00153373	2830.87
0.00154128	2772.61
0.00154882	2718.52
0.00155636	2669.46
0.00156391	2624.62
0.00157145	2584.45
0.00157899	2545.86
0.00158653	2508.77
0.00159408	2469.47
0.00160162	2427.5
0.00160916	2379.76
0.0016167	2325.64
0.00162425	2263.15
0.00163179	2191.71
0.00163933	2110.55
0.00164688	2019.16
0.00165442	1918.29
0.00166196	1807.55
0.0016695	1689.64
0.00167705	1564.53
0.00168459	1436.52
0.00169213	1306.21
0.00169968	1178.16
0.00170722	1053.53
0.00171476	935.572
0.0017223	825.533
0.00172985	724.832
0.00173739	634.331
0.00174493	554.033
0.00175247	484.333
0.00176002	424.356
0.00176756	374.162
0.0017751	332.193
0.00178265	298.205
0.00179019	270.19
0.00179773	247.535
0.00180527	228.383
0.00181282	211.874
0.00182036	196.911
0.0018279	182.732
0.00183544	169.102
0.00184299	155.626
0.00185053	142.547
0.00185807	129.836
0.00186562	117.788
0.00187316	106.553
0.0018807	96.2589
0.00188824	87.0637
0.00189579	78.8578
0.00190333	71.6937
0.00191087	65.2812
0.00191841	59.5056
0.00192596	54.0847
0.0019335	48.7899
0.00194104	43.5451
0.00194859	38.1724
0.00195613	32.8232
0.00196367	27.503
0.00197121	22.4253
0.00197876	17.7486
0.0019863	13.5752
0.00199384	10.0704
0.00200138	7.17769
