3.33898e-05	1.30312e-06
3.55687e-05	3.5092e-06
3.77476e-05	1.01274e-05
3.99264e-05	2.70802e-05
4.21053e-05	6.92239e-05
4.42842e-05	0.000170553
4.64631e-05	0.0004163
4.8642e-05	0.000949624
5.08209e-05	0.00220359
5.29998e-05	0.00467588
5.51787e-05	0.0102715
5.73576e-05	0.0203662
5.95365e-05	0.042183
6.17154e-05	0.0784845
6.38943e-05	0.15272
6.60732e-05	0.27467
6.82521e-05	0.490001
7.0431e-05	0.836286
7.26099e-05	1.38824
7.47888e-05	2.23477
7.69677e-05	3.47252
7.91465e-05	5.25868
8.13254e-05	7.67254
8.35043e-05	10.9156
8.56832e-05	14.9825
8.78621e-05	20.0177
9.0041e-05	25.8755
9.22199e-05	32.4801
9.43988e-05	39.5639
9.65777e-05	46.7115
9.87566e-05	53.6533
0.000100935	59.708
0.000103114	64.7693
0.000105293	68.4016
0.000107472	70.3073
0.000109651	70.1725
0.00011183	69.4601
0.000114009	67.7825
0.000116188	65.5414
0.000118367	64.198
0.000120546	63.5156
0.000122724	64.4726
0.000124903	68.4515
0.000127082	75.3644
0.000129261	85.4377
0.00013144	99.2745
0.000133619	116.734
0.000135798	137.897
0.000137977	162.525
0.000140156	190.119
0.000142334	220.392
0.000144513	252.263
0.000146692	285.507
0.000148871	318.711
0.00015105	351.825
0.000153229	383.65
0.000155408	414.363
0.000157587	443.597
0.000159766	471.71
0.000161945	499.579
0.000164123	527.623
0.000166302	557.959
0.000168481	590.93
0.00017066	629.434
0.000172839	673.633
0.000175018	726.418
0.000177197	787.76
0.000179376	859.763
0.000181555	942.305
0.000183733	1036.4
0.000185912	1141.96
0.000188091	1259.31
0.00019027	1388.51
0.000192449	1530.01
0.000194628	1683.9
0.000196807	1851.21
0.000198986	2031.91
0.000201165	2226.86
0.000203344	2435.82
0.000205522	2657.82
0.000207701	2892.46
0.00020988	3135.68
0.000212059	3387.2
0.000214238	3640.53
0.000216417	3895.68
0.000218596	4146.52
0.000220775	4393.29
0.000222954	4633.1
0.000225132	4866.22
0.000227311	5093.74
0.00022949	5315.78
0.000231669	5535.51
0.000233848	5752.9
0.000236027	5970.54
0.000238206	6188.37
0.000240385	6406.95
0.000242564	6626.22
0.000244743	6844.77
0.000246921	7062.58
0.0002491	7276.61
0.000251279	7486.87
0.000253458	7688.83
0.000255637	7882.54
0.000257816	8062.4
0.000259995	8228.44
0.000262174	8375.59
0.000264353	8503.79
0.000266531	8610.65
0.00026871	8696.04
0.000270889	8761.91
0.000273068	8808.78
0.000275247	8827.94
0.000277426	8835.52
0.000279605	8833.3
0.000281784	8803.59
0.000283963	8751.47
0.000286142	8678.04
0.00028832	8575.48
0.000290499	8443.39
0.000292678	8279.62
0.000294857	8083.32
0.000297036	7861.12
0.000299215	7612.27
0.000301394	7351.25
0.000303573	7078.11
0.000305752	6808.94
0.00030793	6544.83
0.000310109	6295.66
0.000312288	6063.14
0.000314467	5846.34
0.000316646	5646.63
0.000318825	5453.93
0.000321004	5268.35
0.000323183	5077.42
0.000325362	4879.87
0.00032754	4668.36
0.000329719	4440.99
0.000331898	4199.26
0.000334077	3941.87
0.000336256	3677.52
0.000338435	3406.24
0.000340614	3138.99
0.000342793	2877.04
0.000344972	2628.66
0.000347151	2395.65
0.000349329	2181.16
0.000351508	1986.64
0.000353687	1810.49
0.000355866	1653.27
0.000358045	1510.78
0.000360224	1382.65
0.000362403	1264.55
0.000364582	1155.53
0.000366761	1053
0.000368939	955.959
0.000371118	864.179
0.000373297	777.097
0.000375476	696.142
0.000377655	621.405
0.000379834	554.447
0.000382013	495.825
0.000384192	445.889
0.000386371	405.193
0.00038855	372.466
0.000390728	347.835
0.000392907	328.951
0.000395086	315.39
0.000397265	304.633
0.000399444	295.882
0.000401623	287.182
0.000403802	277.638
0.000405981	266.264
0.00040816	252.321
0.000410338	235.898
0.000412517	216.615
0.000414696	195.439
0.000416875	172.466
0.000419054	149.024
0.000421233	125.629
0.000423412	103.356
0.000425591	82.8783
0.00042777	64.6369
0.000429949	49.1409
0.000432127	36.2204
0.000434306	26.0369
0.000436485	18.1054
0.000438664	12.2725
0.000440843	8.04779
0.000443022	5.12739
0.000445201	3.17397
0.00044738	1.89277
0.000449559	1.10898
0.000451737	0.614122
0.000453916	0.343081
0.000456095	0.174643
0.000458274	0.0939727
0.000460453	0.0450708
0.000462632	0.0227221
0.000464811	0.00931539
0.00046699	0.00484649
