0.000100103	2.07667e-25
0.000103622	3.03351e-24
0.000107142	1.1511e-23
0.000110662	1.48876e-22
0.000114182	5.54541e-22
0.000117702	6.25589e-21
0.000121222	2.32194e-20
0.000124742	2.2897e-19
0.000128261	8.45071e-19
0.000131781	7.30227e-18
0.000135301	2.67361e-17
0.000138821	2.03007e-16
0.000142341	7.35368e-16
0.000145861	4.92192e-15
0.000149381	1.75858e-14
0.0001529	1.04122e-13
0.00015642	3.65701e-13
0.00015994	1.92288e-12
0.00016346	6.61396e-12
0.00016698	3.10169e-11
0.0001705	1.04051e-10
0.00017402	4.37229e-10
0.000177539	1.42417e-09
0.000181059	5.38906e-09
0.000184579	1.69636e-08
0.000188099	5.81067e-08
0.000191619	1.75884e-07
0.000195139	5.48336e-07
0.000198659	1.58789e-06
0.000202178	4.53055e-06
0.000205698	1.24869e-05
0.000209218	3.27855e-05
0.000212738	8.55652e-05
0.000216258	0.00020785
0.000219778	0.00051114
0.000223298	0.00115459
0.000226817	0.00266315
0.000230337	0.00562019
0.000233857	0.0121088
0.000237377	0.0239728
0.000240897	0.0480734
0.000244417	0.0906307
0.000247937	0.167674
0.000251456	0.301899
0.000254976	0.515079
0.000258496	0.865236
0.000262016	1.37968
0.000265536	2.15969
0.000269056	3.2257
0.000272576	4.70439
0.000276095	6.58796
0.000279615	8.9583
0.000283135	11.7655
0.000286655	14.9403
0.000290175	18.406
0.000293695	21.8824
0.000297214	25.315
0.000300734	28.305
0.000304254	30.8741
0.000307774	32.7682
0.000311294	34.0998
0.000314814	35.0558
0.000318334	35.7964
0.000321853	37.0677
0.000325373	39.0057
0.000328893	42.746
0.000332413	48.3471
0.000335933	56.9613
0.000339453	68.5604
0.000342973	83.9324
0.000346492	102.991
0.000350012	125.931
0.000353532	152.654
0.000357052	182.761
0.000360572	216.186
0.000364092	252.173
0.000367612	290.716
0.000371131	331.111
0.000374651	373.405
0.000378171	417.328
0.000381691	462.943
0.000385211	510.533
0.000388731	560.14
0.000392251	612.416
0.00039577	667.377
0.00039929	725.79
0.00040281	787.657
0.00040633	853.729
0.00040985	923.998
0.00041337	999.094
0.00041689	1079
0.000420409	1163.98
0.000423929	1254.03
0.000427449	1348.83
0.000430969	1448.37
0.000434489	1551.69
0.000438009	1658.78
0.000441529	1767.92
0.000445048	1879.11
0.000448568	1989.56
0.000452088	2099.28
0.000455608	2204.4
0.000459128	2304.95
0.000462648	2397.02
0.000466168	2480.6
0.000469687	2553.6
0.000473207	2615.96
0.000476727	2668.62
0.000480247	2711.49
0.000483767	2747.88
0.000487287	2777.77
0.000490807	2804.78
0.000494326	2828.99
0.000497846	2852.56
0.000501366	2875.63
0.000504886	2898.4
0.000508406	2921.02
0.000511926	2941.97
0.000515446	2961.39
0.000518965	2976.28
0.000522485	2986.75
0.000526005	2988.28
0.000529525	2980.7
0.000533045	2963.93
0.000536565	2932.16
0.000540085	2887.37
0.000543604	2829.59
0.000547124	2762
0.000550644	2684.36
0.000554164	2602.78
0.000557684	2517.61
0.000561204	2433.74
0.000564724	2351.94
0.000568243	2273.18
0.000571763	2198.14
0.000575283	2124.01
0.000578803	2050.91
0.000582323	1974.84
0.000585843	1895.3
0.000589362	1809.95
0.000592882	1718.03
0.000596402	1620.31
0.000599922	1516.25
0.000603442	1409.39
0.000606962	1299.71
0.000610482	1191.94
0.000614001	1086.63
0.000617521	987.807
0.000621041	896.339
0.000624561	814.2
0.000628081	742.221
0.000631601	679.994
0.000635121	627.975
0.00063864	583.971
0.00064216	547.934
0.00064568	516.918
0.0006492	490.442
0.00065272	465.823
0.00065624	442.337
0.00065976	418.308
0.000663279	393.015
0.000666799	366.122
0.000670319	337.16
0.000673839	306.946
0.000677359	275.421
0.000680879	243.919
0.000684399	212.76
0.000687918	183.059
0.000691438	155.293
0.000694958	129.955
0.000698478	107.415
0.000701998	87.5942
0.000705518	70.6282
0.000709038	56.155
0.000712557	44.1145
0.000716077	34.1112
0.000719597	25.9971
0.000723117	19.4397
0.000726637	14.2807
0.000730157	10.2514
0.000733677	7.20679
0.000737196	4.93146
0.000740716	3.29434
0.000744236	2.1373
0.000747756	1.34762
0.000751276	0.826525
0.000754796	0.488502
0.000758316	0.2832
0.000761835	0.155029
0.000765355	0.085673
0.000768875	0.0431499
0.000772395	0.0228239
0.000775915	0.0107893
0.000779435	0.00532627
0.000782955	0.00237162
0.000786474	0.00108666
0.000789994	0.000457691
0.000793514	0.000193539
0.000797034	7.09301e-05
0.000800554	3.00605e-05
