3.33898e-05	101.08
3.48982e-05	115.601
3.64066e-05	132.693
3.7915e-05	152.248
3.94234e-05	174.584
4.09318e-05	199.909
4.24402e-05	228.495
4.39487e-05	260.623
4.54571e-05	296.584
4.69655e-05	336.728
4.84739e-05	381.335
4.99823e-05	430.802
5.14907e-05	485.352
5.29991e-05	545.384
5.45076e-05	611.028
5.6016e-05	682.618
5.75244e-05	760.165
5.90328e-05	843.868
6.05412e-05	933.61
6.20496e-05	1029.39
6.3558e-05	1130.99
6.50665e-05	1238.17
6.65749e-05	1350.64
6.80833e-05	1467.95
6.95917e-05	1589.82
7.11001e-05	1715.64
7.26085e-05	1845.25
7.41169e-05	1978.02
7.56253e-05	2113.95
7.71338e-05	2252.63
7.86422e-05	2394.25
8.01506e-05	2538.79
8.1659e-05	2686.62
8.31674e-05	2838.26
8.46758e-05	2994.16
8.61842e-05	3155.35
8.76927e-05	3322.21
8.92011e-05	3496.04
9.07095e-05	3676.97
9.22179e-05	3866.16
9.37263e-05	4063.38
9.52347e-05	4269.03
9.67431e-05	4482.53
9.82516e-05	4703.06
9.976e-05	4929.76
0.000101268	5160.35
0.000102777	5393.88
0.000104285	5626.79
0.000105794	5858.28
0.000107302	6084.04
0.00010881	6303.58
0.000110319	6512.71
0.000111827	6711.31
0.000113336	6896.13
0.000114844	7067.37
0.000116353	7223.33
0.000117861	7364.38
0.000119369	7490.51
0.000120878	7602.14
0.000122386	7700.67
0.000123895	7786.46
0.000125403	7861.76
0.000126911	7926.79
0.00012842	7984.06
0.000129928	8033.65
0.000131437	8077.79
0.000132945	8116.49
0.000134453	8151.42
0.000135962	8182.51
0.00013747	8210.76
0.000138979	8236.09
0.000140487	8258.82
0.000141996	8278.84
0.000143504	8295.89
0.000145012	8309.85
0.000146521	8320.17
0.000148029	8326.56
0.000149538	8326.56
0.000151046	8322.86
0.000152554	8314.63
0.000154063	8298.3
0.000155571	8275.75
0.00015708	8246.77
0.000158588	8211.07
0.000160097	8168.68
0.000161605	8120.01
0.000163113	8065.06
0.000164622	8004.47
0.00016613	7938.24
0.000167639	7866.89
0.000169147	7790.41
0.000170655	7708.9
0.000172164	7622.36
0.000173672	7530.42
0.000175181	7433.09
0.000176689	7329.73
0.000178197	7220.36
0.000179706	7104.42
0.000181214	6981.94
0.000182723	6852.81
0.000184231	6717.04
0.00018574	6575.18
0.000187248	6427.23
0.000188756	6274.33
0.000190265	6116.48
0.000191773	5955.19
0.000193282	5790.46
0.00019479	5623.82
0.000196298	5455.28
0.000197807	5286.14
0.000199315	5116.42
0.000200824	4947.06
0.000202332	4778.06
0.000203841	4610.02
0.000205349	4442.95
0.000206857	4277.24
0.000208366	4112.9
0.000209874	3950.31
0.000211383	3789.45
0.000212891	3630.82
0.000214399	3474.42
0.000215908	3320.89
0.000217416	3170.24
0.000218925	3023.22
0.000220433	2879.83
0.000221941	2740.77
0.00022345	2606.07
0.000224958	2476.15
0.000226467	2351.08
0.000227975	2230.89
0.000229484	2115.65
0.000230992	2004.99
0.0002325	1898.94
0.000234009	1796.87
0.000235517	1698.75
0.000237026	1603.86
0.000238534	1512.14
0.000240042	1423.01
0.000241551	1336.39
0.000243059	1251.99
0.000244568	1169.74
0.000246076	1089.73
0.000247585	1011.9
0.000249093	936.631
0.000250601	863.929
0.00025211	794.306
0.000253618	727.818
0.000255127	664.928
0.000256635	605.731
0.000258143	550.483
0.000259652	499.284
0.00026116	452.11
0.000262669	409.031
0.000264177	369.755
0.000265685	334.294
0.000267194	302.177
0.000268702	273.351
0.000270211	247.289
0.000271719	223.885
0.000273228	202.675
0.000274736	183.531
0.000276244	166.126
0.000277753	150.342
0.000279261	136.01
0.00028077	123.046
0.000282278	111.401
0.000283786	101.036
0.000285295	91.9492
0.000286803	84.1392
0.000288312	77.5757
0.00028982	72.2721
0.000291329	68.1174
0.000292837	65.1108
0.000294345	63.0446
0.000295854	61.7771
0.000297362	61.4088
0.000298871	61.4811
0.000300379	61.673
0.000301887	62.1356
0.000303396	62.4037
0.000304904	62.3598
0.000306413	62.2382
0.000307921	61.4941
0.000309429	60.0642
0.000310938	58.1169
0.000312446	55.628
0.000313955	52.5863
0.000315463	49.1221
0.000316972	45.2842
0.00031848	41.2202
0.000319988	37.0198
0.000321497	32.8086
0.000323005	28.6898
0.000324514	24.7441
0.000326022	21.0614
0.00032753	17.6735
0.000329039	14.6393
0.000330547	11.9513
0.000332056	9.62325
0.000333564	7.65042
