0.000166815	1.53429e-28
0.00017352	2.81755e-27
0.000180225	1.08099e-26
0.000186929	1.74794e-25
0.000193634	6.62095e-25
0.000200339	9.31465e-24
0.000207043	3.52541e-23
0.000213748	4.32246e-22
0.000220453	1.63191e-21
0.000227157	1.74721e-20
0.000233862	6.56738e-20
0.000240566	6.15379e-19
0.000247271	2.29776e-18
0.000253976	1.88921e-17
0.00026068	6.98953e-17
0.000267385	5.05731e-16
0.00027409	1.84859e-15
0.000280794	1.18097e-14
0.000287499	4.25109e-14
0.000294204	2.40672e-13
0.000300908	8.50073e-13
0.000307613	4.28225e-12
0.000314317	1.47822e-11
0.000321022	6.65539e-11
0.000327727	2.23559e-10
0.000334431	9.039e-10
0.000341136	2.94079e-09
0.000347841	1.07324e-08
0.000354545	3.36527e-08
0.00036125	1.11447e-07
0.000367955	3.35074e-07
0.000374659	1.01249e-06
0.000381364	2.90354e-06
0.000388068	8.04978e-06
0.000394773	2.19034e-05
0.000401478	5.60214e-05
0.000408182	0.000143898
0.000414887	0.000341336
0.000421592	0.000823689
0.000428296	0.00182111
0.000435001	0.00411056
0.000441706	0.00850916
0.00044841	0.0178977
0.000455115	0.0348269
0.000461819	0.0680574
0.000468524	0.127317
0.000475229	0.228671
0.000481933	0.403656
0.000488638	0.673927
0.000495343	1.10972
0.000502047	1.73633
0.000508752	2.66776
0.000515457	3.92062
0.000522161	5.62785
0.000528866	7.77971
0.000535571	10.4552
0.000542275	13.6086
0.00054898	17.1656
0.000555684	21.0564
0.000562389	24.9957
0.000569094	28.922
0.000575798	32.3946
0.000582503	35.3949
0.000589208	37.5699
0.000595912	38.8571
0.000602617	38.8297
0.000609322	38.1889
0.000616026	36.8107
0.000622731	34.5847
0.000629435	32.2422
0.00063614	29.8051
0.000642845	27.935
0.000649549	26.6626
0.000656254	26.7536
0.000662959	27.9561
0.000669663	30.4699
0.000676368	35.0788
0.000683073	41.5426
0.000689777	49.922
0.000696482	60.4768
0.000703186	73.1977
0.000709891	88.2158
0.000716596	105.518
0.0007233	125.089
0.000730005	146.929
0.00073671	170.995
0.000743414	197.315
0.000750119	226.162
0.000756824	257.576
0.000763528	292.401
0.000770233	330.657
0.000776937	373.54
0.000783642	421.037
0.000790347	474.115
0.000797051	532.755
0.000803756	597.401
0.000810461	668.047
0.000817165	744.991
0.00082387	828.234
0.000830575	918.399
0.000837279	1015.48
0.000843984	1120.07
0.000850689	1232.17
0.000857393	1351.12
0.000864098	1476.96
0.000870802	1606.97
0.000877507	1741.2
0.000884212	1875.59
0.000890916	2010.13
0.000897621	2141.3
0.000904326	2269
0.00091103	2391.64
0.000917735	2509.1
0.00092444	2621.61
0.000931144	2729.12
0.000937849	2832.41
0.000944553	2931.54
0.000951258	3026.55
0.000957963	3117.58
0.000964667	3203.01
0.000971372	3283.03
0.000978077	3353.91
0.000984781	3415.8
0.000991486	3463.68
0.000998191	3498.54
0.0010049	3505.45
0.0010116	3495.23
0.0010183	3470.95
0.00102501	3413.29
0.00103171	3333.42
0.00103842	3232.73
0.00104512	3118.03
0.00105183	2989.2
0.00105853	2857.31
0.00106524	2723.16
0.00107194	2595.55
0.00107865	2475.86
0.00108535	2367.38
0.00109206	2271.35
0.00109876	2185.72
0.00110546	2110.98
0.00111217	2042.31
0.00111887	1979.42
0.00112558	1917.44
0.00113228	1855.63
0.00113899	1790.77
0.00114569	1722
0.0011524	1648.5
0.0011591	1569.56
0.00116581	1486.91
0.00117251	1400.25
0.00117922	1313.23
0.00118592	1226.2
0.00119263	1143.13
0.00119933	1064.97
0.00120603	993.983
0.00121274	931.265
0.00121944	876.176
0.00122615	829.313
0.00123285	787.804
0.00123956	751.352
0.00124626	716.768
0.00125297	683.111
0.00125967	648.51
0.00126638	612.012
0.00127308	573.426
0.00127979	532.257
0.00128649	489.365
0.00129319	444.756
0.0012999	399.61
0.0013066	354.22
0.00131331	309.737
0.00132001	266.565
0.00132672	225.697
0.00133342	187.59
0.00134013	152.896
0.00134683	122.061
0.00135354	95.2111
0.00136024	72.6396
0.00136695	53.9485
0.00137365	39.1603
0.00138035	27.5835
0.00138706	18.9741
0.00139376	12.6442
0.00140047	8.20952
0.00140717	5.17106
0.00141388	3.15478
0.00142058	1.87984
0.00142729	1.0716
0.00143399	0.605735
0.0014407	0.317129
0.0014474	0.173102
0.00145411	0.084817
0.00146081	0.0436573
0.00146752	0.0201662
0.00147422	0.00969408
0.00148092	0.00423647
0.00148763	0.001892
0.00149433	0.00071607
0.00150104	0.000324093
