0.000500379	3.40505e-255
0.000510437	3.86316e-247
0.000520494	1.54526e-246
0.000530551	1.23087e-238
0.000540608	4.97387e-238
0.000550665	2.78118e-230
0.000560722	1.13553e-229
0.000570779	4.45642e-222
0.000580836	1.83871e-221
0.000590893	5.06388e-214
0.00060095	2.11174e-213
0.000611007	4.08056e-206
0.000621064	1.7202e-205
0.000631121	2.3318e-198
0.000641178	9.93865e-198
0.000651235	9.44924e-191
0.000661292	4.07275e-190
0.000671349	2.7154e-183
0.000681406	1.18375e-182
0.000691463	5.53352e-176
0.00070152	2.44028e-175
0.000711577	7.99643e-169
0.000721634	3.56806e-168
0.000731691	8.19437e-162
0.000741748	3.70027e-161
0.000751806	5.95466e-155
0.000761863	2.72172e-154
0.00077192	3.06845e-148
0.000781977	1.41992e-147
0.000792034	1.12124e-141
0.000802091	5.25405e-141
0.000812148	2.90529e-135
0.000822205	1.3789e-134
0.000832262	5.33819e-129
0.000842319	2.56672e-128
0.000852376	6.95515e-123
0.000862433	3.38871e-122
0.00087249	6.42577e-117
0.000882547	3.1732e-116
0.000892604	4.20965e-111
0.000902661	2.1075e-110
0.000912718	1.95554e-105
0.000922775	9.92764e-105
0.000932832	6.44144e-100
0.000942889	3.31689e-99
0.000952946	1.5045e-94
0.000963003	7.86001e-94
0.00097306	2.49168e-89
0.000983117	1.32106e-88
0.000993175	2.92602e-84
0.00100323	1.5748e-83
0.00101329	2.4364e-79
0.00102335	1.33149e-78
0.0010334	1.43847e-74
0.00104346	7.98459e-74
0.00105352	6.02189e-70
0.00106357	3.39606e-69
0.00107363	1.7875e-65
0.00108369	1.02448e-64
0.00109374	3.76217e-61
0.0011038	2.19197e-60
0.00111386	5.61456e-57
0.00112392	3.32638e-56
0.00113397	5.94134e-53
0.00114403	3.58027e-52
0.00115409	4.45818e-49
0.00116414	2.73317e-48
0.0011742	2.37222e-45
0.00118426	1.47987e-44
0.00119432	8.9518e-42
0.00120437	5.68314e-41
0.00121443	2.39592e-38
0.00122449	1.54798e-37
0.00123454	4.54902e-35
0.0012446	2.9906e-34
0.00125466	6.12853e-32
0.00126471	4.09799e-31
0.00127477	5.86075e-29
0.00128483	3.98303e-28
0.00129489	3.9806e-26
0.00130494	2.74599e-25
0.001315	1.92172e-23
0.00132506	1.3429e-22
0.00133511	6.60199e-21
0.00134517	4.65884e-20
0.00135523	1.6166e-18
0.00136529	1.14667e-17
0.00137534	2.82774e-16
0.0013854	2.00258e-15
0.00139546	3.54389e-14
0.00140551	2.48204e-13
0.00141557	3.19442e-12
0.00142563	2.18385e-11
0.00143568	2.08064e-10
0.00144574	1.36461e-09
0.0014558	9.84348e-09
0.00146586	6.05924e-08
0.00147591	3.39988e-07
0.00148597	1.91344e-06
0.00149603	8.60855e-06
0.00150608	4.30236e-05
0.00151614	0.000160136
0.0015262	0.000689952
0.00153625	0.00218767
0.00154631	0.00790973
0.00155637	0.0218875
0.00156643	0.0650388
0.00157648	0.15969
0.00158654	0.385474
0.0015966	0.860733
0.00160665	1.71314
0.00161671	3.31142
0.00162677	5.65326
0.00163683	9.08741
0.00164688	13.6123
0.00165694	19.5088
0.001667	26.667
0.00167705	36.8131
0.00168711	49.7678
0.00169717	69.6204
0.00170722	96.5381
0.00171728	133.233
0.00172734	180.352
0.0017374	234.467
0.00174745	295.796
0.00175751	358.599
0.00176757	421.91
0.00177762	487.515
0.00178768	554.467
0.00179774	632.197
0.00180779	721.553
0.00181785	827.088
0.00182791	950.587
0.00183797	1085.28
0.00184802	1231.15
0.00185808	1380.85
0.00186814	1532.46
0.00187819	1689.13
0.00188825	1850.31
0.00189831	2022.44
0.00190837	2207.46
0.00191842	2402.21
0.00192848	2608.41
0.00193854	2813.29
0.00194859	3016.9
0.00195865	3201.9
0.00196871	3367.06
0.00197876	3493.49
0.00198882	3580.16
0.00199888	3602.71
0.00200894	3570.14
0.00201899	3493.13
0.00202905	3357.48
0.00203911	3195.34
0.00204916	3012.3
0.00205922	2832.43
0.00206928	2664
0.00207933	2513.25
0.00208939	2386.09
0.00209945	2273.21
0.00210951	2174.86
0.00211956	2078.56
0.00212962	1980.37
0.00213968	1875.17
0.00214973	1758.95
0.00215979	1635.88
0.00216985	1505.67
0.00217991	1373.85
0.00218996	1242.56
0.00220002	1113.45
0.00221008	987.384
0.00222013	866.012
0.00223019	749.515
0.00224025	641.217
0.0022503	542.659
0.00226036	455.011
0.00227042	379.776
0.00228048	315.211
0.00229053	261.266
0.00230059	215.709
0.00231065	177.644
0.0023207	145.298
0.00233076	117.545
0.00234082	93.503
0.00235088	72.2165
0.00236093	53.8881
0.00237099	38.3572
0.00238105	25.7801
0.0023911	16.4136
0.00240116	9.65532
0.00241122	5.31937
0.00242127	2.73581
0.00243133	1.24173
0.00244139	0.577696
0.00245145	0.230706
0.0024615	0.0891728
0.00247156	0.0319939
0.00248162	0.00997509
0.00249167	0.00309662
0.00250173	0.000803792
