3.33898e-05	0.00106474
3.52334e-05	0.00180501
3.70771e-05	0.00402582
3.89207e-05	0.00730485
4.07644e-05	0.014119
4.2608e-05	0.0248257
4.44517e-05	0.0459641
4.62953e-05	0.079121
4.8139e-05	0.139093
4.99827e-05	0.232563
5.18263e-05	0.391163
5.367e-05	0.634003
5.55136e-05	1.02281
5.73573e-05	1.60467
5.92009e-05	2.48812
6.10446e-05	3.77478
6.28882e-05	5.63523
6.47319e-05	8.26253
6.65755e-05	11.8934
6.84192e-05	16.8504
7.02628e-05	23.4175
7.21065e-05	32.0647
7.39502e-05	43.0745
7.57938e-05	57.0329
7.76375e-05	74.1494
7.94811e-05	95.024
8.13248e-05	119.724
8.31684e-05	148.699
8.50121e-05	181.847
8.68557e-05	219.296
8.86994e-05	260.814
9.0543e-05	306.129
9.23867e-05	354.988
9.42303e-05	406.804
9.6074e-05	461.446
9.79177e-05	518.29
9.97613e-05	577.424
0.000101605	638.564
0.000103449	702.014
0.000105292	768.13
0.000107136	837.318
0.00010898	910.607
0.000110823	988.331
0.000112667	1071.88
0.000114511	1161.36
0.000116354	1257.97
0.000118198	1361.56
0.000120042	1472.58
0.000121885	1590.71
0.000123729	1715.46
0.000125572	1846.51
0.000127416	1982.65
0.00012926	2123.77
0.000131103	2268.62
0.000132947	2417.35
0.000134791	2569.46
0.000136634	2725.32
0.000138478	2885.65
0.000140322	3050.88
0.000142165	3222.97
0.000144009	3402.24
0.000145853	3591.31
0.000147696	3790.26
0.00014954	4001.5
0.000151384	4224.86
0.000153227	4461.55
0.000155071	4711.18
0.000156915	4973.03
0.000158758	5246.56
0.000160602	5528.7
0.000162446	5818.85
0.000164289	6111.61
0.000166133	6406.5
0.000167977	6696.34
0.00016982	6980.84
0.000171664	7252.15
0.000173507	7510.22
0.000175351	7747.91
0.000177195	7965.37
0.000179038	8157.49
0.000180882	8324.58
0.000182726	8464.48
0.000184569	8577.54
0.000186413	8664.9
0.000188257	8726.77
0.0001901	8767.03
0.000191944	8786.53
0.000193788	8786.59
0.000195631	8774.44
0.000197475	8751.61
0.000199319	8718.31
0.000201162	8679.57
0.000203006	8635.24
0.00020485	8587.58
0.000206693	8536.46
0.000208537	8481.29
0.000210381	8422.03
0.000212224	8355.83
0.000214068	8282.69
0.000215912	8198.92
0.000217755	8104.54
0.000219599	7996.67
0.000221442	7875.31
0.000223286	7739.66
0.00022513	7589.66
0.000226973	7426.96
0.000228817	7251.47
0.000230661	7066.66
0.000232504	6872.48
0.000234348	6673.06
0.000236192	6468.41
0.000238035	6262.18
0.000239879	6054.44
0.000241723	5847.72
0.000243566	5642.11
0.00024541	5439.04
0.000247254	5238.57
0.000249097	5041.49
0.000250941	4847.83
0.000252785	4658.23
0.000254628	4472.69
0.000256472	4291.9
0.000258316	4115.87
0.000260159	3945.09
0.000262003	3779.65
0.000263847	3619.48
0.00026569	3464.69
0.000267534	3314.51
0.000269377	3169.01
0.000271221	3026.97
0.000273065	2888.33
0.000274908	2751.99
0.000276752	2617.79
0.000278596	2485.29
0.000280439	2354.3
0.000282283	2225.28
0.000284127	2098.13
0.00028597	1973.96
0.000287814	1852.8
0.000289658	1735.88
0.000291501	1623.37
0.000293345	1515.98
0.000295189	1413.93
0.000297032	1317.2
0.000298876	1225.93
0.00030072	1139.54
0.000302563	1058.03
0.000304407	980.718
0.000306251	907.492
0.000308094	838.003
0.000309938	772.106
0.000311782	709.896
0.000313625	651.312
0.000315469	596.695
0.000317312	546.098
0.000319156	499.771
0.000321	457.833
0.000322843	420.184
0.000324687	386.917
0.000326531	357.539
0.000328374	332.04
0.000330218	309.693
0.000332062	290.363
0.000333905	273.332
0.000335749	258.386
0.000337593	244.998
0.000339436	232.957
0.00034128	221.975
0.000343124	211.905
0.000344967	202.615
0.000346811	194.039
0.000348655	186.057
0.000350498	178.645
0.000352342	171.6
0.000354186	164.879
0.000356029	158.207
0.000357873	151.483
0.000359717	144.465
0.00036156	137.009
0.000363404	129.028
0.000365247	120.399
0.000367091	111.237
0.000368935	101.51
0.000370778	91.488
0.000372622	81.2565
0.000374466	71.126
0.000376309	61.2697
0.000378153	51.922
0.000379997	43.2752
0.00038184	35.428
0.000383684	28.5214
0.000385528	22.5264
0.000387371	17.495
0.000389215	13.3208
0.000391059	9.97012
0.000392902	7.31658
0.000394746	5.27226
0.00039659	3.72969
0.000398433	2.54355
0.000400277	1.76362
