0.000166815	0.000160333
0.000171844	0.000279824
0.000176872	0.000638298
0.000181901	0.00118576
0.000186929	0.00234096
0.000191958	0.00417446
0.000196986	0.00790968
0.000202014	0.0138034
0.000207043	0.0246631
0.000212071	0.0417235
0.0002171	0.0709071
0.000222128	0.115886
0.000227157	0.187941
0.000232185	0.296096
0.000237214	0.459252
0.000242242	0.696354
0.00024727	1.0347
0.000252299	1.50827
0.000257327	2.14979
0.000262356	3.01067
0.000267384	4.12067
0.000272413	5.54296
0.000277441	7.29159
0.000282469	9.42339
0.000287498	11.925
0.000292526	14.8181
0.000297555	18.0596
0.000302583	21.6089
0.000307612	25.4071
0.00031264	29.3458
0.000317669	33.3786
0.000322697	37.3632
0.000327725	41.2962
0.000332754	45.0725
0.000337782	48.7496
0.000342811	52.3425
0.000347839	55.9639
0.000352868	59.8053
0.000357896	64.0116
0.000362924	68.9548
0.000367953	74.7826
0.000372981	82.0035
0.00037801	90.7441
0.000383038	101.578
0.000388067	114.594
0.000393095	130.35
0.000398123	148.884
0.000403152	170.651
0.00040818	195.626
0.000413209	224.062
0.000418237	255.876
0.000423266	291.035
0.000428294	329.42
0.000433323	370.688
0.000438351	414.726
0.000443379	460.958
0.000448408	509.309
0.000453436	559.133
0.000458465	610.402
0.000463493	662.56
0.000468522	715.611
0.00047355	769.172
0.000478578	823.255
0.000483607	877.631
0.000488635	932.315
0.000493664	987.19
0.000498692	1042.28
0.000503721	1097.6
0.000508749	1153.21
0.000513778	1209.36
0.000518806	1266.12
0.000523834	1324.12
0.000528863	1383.45
0.000533891	1445.08
0.00053892	1509.06
0.000543948	1576.55
0.000548977	1647.52
0.000554005	1722.9
0.000559033	1802.58
0.000564062	1886.78
0.00056909	1975.36
0.000574119	2067.49
0.000579147	2163.05
0.000584176	2260.09
0.000589204	2358.54
0.000594233	2455.64
0.000599261	2551.37
0.000604289	2642.66
0.000609318	2729.53
0.000614346	2809.16
0.000619375	2881.62
0.000624403	2944.82
0.000629432	2998.83
0.00063446	3042.68
0.000639488	3076.42
0.000644517	3100.95
0.000649545	3116.16
0.000654574	3118.02
0.000659602	3115.95
0.000664631	3110.22
0.000669659	3094.99
0.000674688	3076.91
0.000679716	3055.98
0.000684744	3034.44
0.000689773	3012.28
0.000694801	2991.54
0.00069983	2972.23
0.000704858	2955.48
0.000709887	2941.34
0.000714915	2929.85
0.000719943	2921.08
0.000724972	2913.87
0.00073	2908.3
0.000735029	2902.06
0.000740057	2895.21
0.000745086	2884.64
0.000750114	2870.36
0.000755143	2849.23
0.000760171	2821.17
0.000765199	2784.03
0.000770228	2737.62
0.000775256	2681.6
0.000780285	2615.74
0.000785313	2541.7
0.000790342	2459.34
0.00079537	2371.78
0.000800398	2279.05
0.000805427	2184.7
0.000810455	2088.91
0.000815484	1994.61
0.000820512	1902.1
0.000825541	1812.98
0.000830569	1727.53
0.000835598	1645.94
0.000840626	1568.4
0.000845654	1494.02
0.000850683	1422.84
0.000855711	1353.55
0.00086074	1286.04
0.000865768	1219.13
0.000870797	1152.64
0.000875825	1085.98
0.000880853	1018.94
0.000885882	951.682
0.00089091	884.073
0.000895939	816.943
0.000900967	750.269
0.000905996	685.295
0.000911024	622.132
0.000916052	562.074
0.000921081	505.342
0.000926109	452.932
0.000931138	405.114
0.000936166	362.325
0.000941195	324.808
0.000946223	292.336
0.000951252	265.047
0.00095628	242.134
0.000961308	223.573
0.000966337	208.23
0.000971365	195.91
0.000976394	185.483
0.000981422	176.638
0.000986451	168.538
0.000991479	160.853
0.000996507	153.188
0.00100154	145.292
0.00100656	137.175
0.00101159	128.729
0.00101662	120.194
0.00102165	111.597
0.00102668	103.201
0.00103171	95.1097
0.00103673	87.4609
0.00104176	80.3584
0.00104679	73.7811
0.00105182	67.774
0.00105685	62.2184
0.00106188	57.0889
0.00106691	52.2616
0.00107193	47.6708
0.00107696	43.2544
0.00108199	38.9512
0.00108702	34.7745
0.00109205	30.6998
0.00109708	26.7856
0.0011021	23.0491
0.00110713	19.5497
0.00111216	16.3275
0.00111719	13.4115
0.00112222	10.8387
0.00112725	8.60032
0.00113228	6.71126
0.0011373	5.13611
0.00114233	3.86361
0.00114736	2.84937
0.00115239	2.06323
0.00115742	1.46592
0.00116245	1.00504
0.00116747	0.69854
