0.000500379	1.06866e-39
0.000507084	4.86169e-38
0.000513789	1.91261e-37
0.000520493	7.48662e-36
0.000527198	2.94685e-35
0.000533903	9.87684e-34
0.000540607	3.9087e-33
0.000547312	1.1226e-31
0.000554017	4.46328e-31
0.000560721	1.09945e-29
0.000567426	4.3876e-29
0.000574131	9.28028e-28
0.000580835	3.71325e-27
0.00058754	6.75262e-26
0.000594244	2.70546e-25
0.000600949	4.23666e-24
0.000607654	1.69705e-23
0.000614358	2.29267e-22
0.000621063	9.16473e-22
0.000627768	1.07047e-20
0.000634472	4.26116e-20
0.000641177	4.31401e-19
0.000647882	1.70581e-18
0.000654586	1.50122e-17
0.000661291	5.87948e-17
0.000667995	4.5129e-16
0.0006747	1.74491e-15
0.000681405	1.17254e-14
0.000688109	4.45913e-14
0.000694814	2.63438e-13
0.000701519	9.81287e-13
0.000708223	5.12071e-12
0.000714928	1.85969e-11
0.000721633	8.616e-11
0.000728337	3.03541e-10
0.000735042	1.25549e-09
0.000741746	4.26748e-09
0.000748451	1.58503e-08
0.000755156	5.16835e-08
0.00076186	1.73437e-07
0.000768565	5.39288e-07
0.00077527	1.64527e-06
0.000781974	4.849e-06
0.000788679	1.35329e-05
0.000795384	3.7578e-05
0.000802088	9.652e-05
0.000808793	0.000251057
0.000815497	0.000596864
0.000822202	0.00144644
0.000828907	0.00319945
0.000835611	0.00718919
0.000842316	0.0148623
0.000849021	0.0308406
0.000855725	0.0598545
0.00086243	0.114319
0.000869135	0.214143
0.000875839	0.37314
0.000882544	0.645422
0.000889249	1.0478
0.000895953	1.67513
0.000902658	2.53978
0.000909362	3.76059
0.000916067	5.33466
0.000922772	7.34612
0.000929476	9.77568
0.000936181	12.6056
0.000942886	15.819
0.00094959	19.3092
0.000956295	23.0917
0.000963	27.1271
0.000969704	31.4754
0.000976409	36.3923
0.000983113	41.9586
0.000989818	48.8343
0.000996523	57.0788
0.00100323	67.6183
0.00100993	80.4631
0.00101664	96.4879
0.00102334	115.655
0.00103005	138.469
0.00103675	164.865
0.00104346	194.78
0.00105016	228.148
0.00105686	264.307
0.00106357	303.212
0.00107027	343.75
0.00107698	385.906
0.00108368	428.418
0.00109039	471.301
0.00109709	513.496
0.0011038	555.043
0.0011105	595.442
0.00111721	634.741
0.00112391	673.365
0.00113062	711.354
0.00113732	750.343
0.00114402	790.347
0.00115073	834.114
0.00115743	881.63
0.00116414	936.038
0.00117084	997.314
0.00117755	1067.83
0.00118425	1147.58
0.00119096	1237.06
0.00119766	1336.32
0.00120437	1443.46
0.00121107	1558.56
0.00121778	1677.81
0.00122448	1801.25
0.00123119	1924.63
0.00123789	2047.89
0.00124459	2168.14
0.0012513	2285.23
0.001258	2398.53
0.00126471	2507.91
0.00127141	2614.44
0.00127812	2718.1
0.00128482	2820.02
0.00129153	2920.35
0.00129823	3018.64
0.00130494	3115.16
0.00131164	3206.85
0.00131835	3293.95
0.00132505	3370.94
0.00133175	3437.82
0.00133846	3489.07
0.00134516	3525.6
0.00135187	3533.16
0.00135857	3524.83
0.00136528	3504.92
0.00137198	3457.48
0.00137869	3395.11
0.00138539	3319.78
0.0013921	3235.89
0.0013988	3144.16
0.00140551	3047.32
0.00141221	2946.06
0.00141891	2840.26
0.00142562	2730
0.00143232	2615.18
0.00143903	2495.45
0.00144573	2372.83
0.00145244	2247.18
0.00145914	2121.99
0.00146585	1997.66
0.00147255	1876.88
0.00147926	1760.34
0.00148596	1648.55
0.00149267	1541.96
0.00149937	1439.48
0.00150608	1341.09
0.00151278	1245.63
0.00151948	1152.78
0.00152619	1062.27
0.00153289	973.835
0.0015396	888.069
0.0015463	804.939
0.00155301	725.375
0.00155971	649.54
0.00156642	578.25
0.00157312	511.74
0.00157983	450.534
0.00158653	394.847
0.00159324	344.886
0.00159994	300.824
0.00160664	262.495
0.00161335	230.019
0.00162005	202.751
0.00162676	180.696
0.00163346	162.717
0.00164017	148.607
0.00164687	136.978
0.00165358	127.37
0.00166028	118.619
0.00166699	110.121
0.00167369	101.369
0.0016804	91.869
0.0016871	81.8497
0.00169381	71.1529
0.00170051	60.4013
0.00170721	49.7927
0.00171392	39.8554
0.00172062	30.9389
0.00172733	23.1974
0.00173403	16.8789
0.00174074	11.8109
0.00174744	8.02414
0.00175415	5.23344
0.00176085	3.3056
0.00176756	2.01173
0.00177426	1.17459
0.00178097	0.669565
0.00178767	0.355517
0.00179437	0.193077
0.00180108	0.0940585
0.00180778	0.0481314
0.00181449	0.0219249
0.00182119	0.0103507
0.0018279	0.00402705
0.0018346	0.00191917
