0.000500379	33.701
0.000506246	35.3206
0.000512113	36.9863
0.000517979	38.7135
0.000523846	40.4577
0.000529712	42.1905
0.000535579	43.8722
0.000541445	45.4579
0.000547312	46.9193
0.000553178	48.2083
0.000559045	49.318
0.000564911	50.2147
0.000570778	50.9168
0.000576644	51.4195
0.000582511	51.7635
0.000588378	51.9812
0.000594244	52.126
0.000600111	52.2658
0.000605977	52.4559
0.000611844	52.7889
0.00061771	53.3126
0.000623577	54.1286
0.000629443	55.271
0.00063531	56.8346
0.000641176	58.837
0.000647043	61.3523
0.000652909	64.381
0.000658776	67.9665
0.000664643	72.0936
0.000670509	76.7677
0.000676376	81.9613
0.000682242	87.639
0.000688109	93.7663
0.000693975	100.27
0.000699842	107.117
0.000705708	114.207
0.000711575	121.514
0.000717441	128.933
0.000723308	136.451
0.000729174	143.983
0.000735041	151.536
0.000740908	159.071
0.000746774	166.616
0.000752641	174.203
0.000758507	181.881
0.000764374	189.768
0.00077024	197.924
0.000776107	206.562
0.000781973	215.744
0.00078784	225.76
0.000793706	236.663
0.000799573	248.784
0.000805439	262.156
0.000811306	277.097
0.000817173	293.609
0.000823039	311.933
0.000828906	332.044
0.000834772	354.047
0.000840639	377.9
0.000846505	403.543
0.000852372	430.927
0.000858238	459.836
0.000864105	490.22
0.000869971	521.735
0.000875838	554.338
0.000881704	587.598
0.000887571	621.484
0.000893438	655.527
0.000899304	689.714
0.000905171	723.612
0.000911037	757.231
0.000916904	790.276
0.00092277	822.784
0.000928637	854.717
0.000934503	886.132
0.00094037	917.336
0.000946236	948.388
0.000952103	979.942
0.000957969	1012.04
0.000963836	1045.54
0.000969703	1080.47
0.000975569	1117.67
0.000981436	1157.12
0.000987302	1199.39
0.000993169	1244.45
0.000999035	1292.4
0.0010049	1343.21
0.00101077	1396.5
0.00101663	1452.26
0.0010225	1509.77
0.00102837	1569.04
0.00103423	1629.31
0.0010401	1690.58
0.00104597	1752.27
0.00105183	1814.39
0.0010577	1876.63
0.00106357	1939.01
0.00106943	2001.42
0.0010753	2063.86
0.00108117	2126.21
0.00108703	2188.46
0.0010929	2250.18
0.00109877	2311.38
0.00110463	2371.13
0.0011105	2429.45
0.00111637	2484.89
0.00112223	2537.48
0.0011281	2585.42
0.00113397	2628.72
0.00113983	2665.54
0.0011457	2695.87
0.00115157	2718.56
0.00115743	2733.86
0.0011633	2736.26
0.00116916	2732.36
0.00117503	2723.04
0.0011809	2700.87
0.00118676	2670.71
0.00119263	2632.97
0.0011985	2588.68
0.00120436	2537.82
0.00121023	2482.29
0.0012161	2422.11
0.00122196	2359.08
0.00122783	2293.3
0.0012337	2226.14
0.00123956	2157.72
0.00124543	2088.9
0.0012513	2019.77
0.00125716	1950.73
0.00126303	1881.84
0.0012689	1813.17
0.00127476	1744.74
0.00128063	1676.49
0.0012865	1608.41
0.00129236	1540.47
0.00129823	1472.63
0.0013041	1404.98
0.00130996	1337.47
0.00131583	1270.34
0.00132169	1203.55
0.00132756	1137.46
0.00133343	1072.06
0.00133929	1007.75
0.00134516	944.565
0.00135103	882.913
0.00135689	822.843
0.00136276	764.723
0.00136863	708.61
0.00137449	654.8
0.00138036	603.353
0.00138623	554.469
0.00139209	508.204
0.00139796	464.65
0.00140383	423.853
0.00140969	385.797
0.00141556	350.511
0.00142143	317.878
0.00142729	287.904
0.00143316	260.392
0.00143903	235.321
0.00144489	212.436
0.00145076	191.693
0.00145663	172.81
0.00146249	155.72
0.00146836	140.149
0.00147422	126.014
0.00148009	113.079
0.00148596	101.257
0.00149182	90.3762
0.00149769	80.3564
0.00150356	71.0961
0.00150942	62.5357
0.00151529	54.6325
0.00152116	47.3525
0.00152702	40.6854
0.00153289	34.6195
0.00153876	29.1475
0.00154462	24.2694
0.00155049	19.9606
0.00155636	16.2195
0.00156222	12.9989
0.00156809	10.2859
0.00157396	8.01758
0.00157982	6.16743
0.00158569	4.66943
0.00159156	3.4869
0.00159742	2.56202
0.00160329	1.85501
0.00160916	1.32217
0.00161502	0.927144
0.00162089	0.640993
0.00162675	0.434828
0.00163262	0.291684
0.00163849	0.191183
0.00164435	0.124509
0.00165022	0.0787429
0.00165609	0.0498335
0.00166195	0.0287919
0.00166782	0.0186963
