3.33898e-05	74.7935
3.48982e-05	78.1738
3.64066e-05	82.1855
3.7915e-05	86.7966
3.94234e-05	92.1009
4.09318e-05	98.1559
4.24402e-05	105.053
4.39487e-05	112.876
4.54571e-05	121.739
4.69655e-05	131.762
4.84739e-05	143.071
4.99823e-05	155.822
5.14907e-05	170.13
5.29991e-05	186.174
5.45076e-05	204.037
5.6016e-05	223.891
5.75244e-05	245.775
5.90328e-05	269.822
6.05412e-05	296.017
6.20496e-05	324.422
6.3558e-05	354.973
6.50665e-05	387.64
6.65749e-05	422.32
6.80833e-05	458.883
6.95917e-05	497.213
7.11001e-05	537.095
7.26085e-05	578.427
7.41169e-05	620.948
7.56253e-05	664.594
7.71338e-05	709.122
7.86422e-05	754.516
8.01506e-05	800.609
8.1659e-05	847.432
8.31674e-05	894.931
8.46758e-05	943.162
8.61842e-05	992.186
8.76927e-05	1042.05
8.92011e-05	1092.88
9.07095e-05	1144.71
9.22179e-05	1197.64
9.37263e-05	1251.67
9.52347e-05	1306.84
9.67431e-05	1363.1
9.82516e-05	1420.38
9.976e-05	1478.64
0.000101268	1537.71
0.000102777	1597.56
0.000104285	1658.01
0.000105794	1719.05
0.000107302	1780.56
0.00010881	1842.57
0.000110319	1905.08
0.000111827	1968.13
0.000113336	2031.86
0.000114844	2096.29
0.000116353	2161.64
0.000117861	2227.88
0.000119369	2295.19
0.000120878	2363.52
0.000122386	2432.86
0.000123895	2503.15
0.000125403	2574.17
0.000126911	2645.84
0.00012842	2717.78
0.000129928	2789.94
0.000131437	2861.87
0.000132945	2933.58
0.000134453	3004.69
0.000135962	3075.23
0.00013747	3145
0.000138979	3214.02
0.000140487	3282.21
0.000141996	3349.54
0.000143504	3415.85
0.000145012	3481.08
0.000146521	3544.74
0.000148029	3606.74
0.000149538	3666.1
0.000151046	3722.71
0.000152554	3775.11
0.000154063	3823.24
0.000155571	3865.34
0.00015708	3901.42
0.000158588	3930.4
0.000160097	3951.86
0.000161605	3960.89
0.000163113	3964.67
0.000164622	3962.27
0.00016613	3947.07
0.000167639	3924.39
0.000169147	3893.98
0.000170655	3856.93
0.000172164	3813.23
0.000173672	3764.76
0.000175181	3711.51
0.000176689	3655.36
0.000178197	3596.31
0.000179706	3535.93
0.000181214	3474.21
0.000182723	3412.2
0.000184231	3349.91
0.00018574	3287.78
0.000187248	3225.82
0.000188756	3163.97
0.000190265	3102.23
0.000191773	3040.17
0.000193282	2977.8
0.00019479	2914.51
0.000196298	2850.31
0.000197807	2784.62
0.000199315	2717.44
0.000200824	2648.37
0.000202332	2577.39
0.000203841	2504.4
0.000205349	2429.36
0.000206857	2352.46
0.000208366	2273.68
0.000209874	2193.51
0.000211383	2111.92
0.000212891	2029.64
0.000214399	1946.67
0.000215908	1863.86
0.000217416	1781.23
0.000218925	1699.66
0.000220433	1619.19
0.000221941	1540.57
0.00022345	1463.86
0.000224958	1389.59
0.000226467	1317.84
0.000227975	1248.85
0.000229484	1182.7
0.000230992	1119.4
0.0002325	1058.99
0.000234009	1001.34
0.000235517	946.449
0.000237026	894.143
0.000238534	844.409
0.000240042	797.07
0.000241551	752.111
0.000243059	709.377
0.000244568	668.858
0.000246076	630.393
0.000247585	593.976
0.000249093	559.403
0.000250601	526.666
0.00025211	495.504
0.000253618	465.897
0.000255127	437.555
0.000256635	410.439
0.000258143	384.283
0.000259652	359.036
0.00026116	334.511
0.000262669	310.655
0.000264177	287.401
0.000265685	264.705
0.000267194	242.618
0.000268702	221.122
0.000270211	200.35
0.000271719	180.314
0.000273228	161.179
0.000274736	142.98
0.000276244	125.862
0.000277753	109.873
0.000279261	95.097
0.00028077	81.5799
0.000282278	69.3296
0.000283786	58.3752
0.000285295	48.6514
0.000286803	40.1635
0.000288312	32.7918
0.00028982	26.516
0.000291329	21.1886
0.000292837	16.7675
0.000294345	13.1028
0.000295854	10.1391
0.000297362	7.74286
0.000298871	5.85421
0.000300379	4.36643
0.000301887	3.22327
0.000303396	2.34708
0.000304904	1.69035
0.000306413	1.20132
0.000307921	0.843434
0.000309429	0.584965
0.000310938	0.400051
0.000312446	0.270774
0.000313955	0.180222
0.000315463	0.11907
0.000316972	0.0770559
0.00031848	0.0497143
0.000319988	0.0312481
0.000321497	0.0196987
0.000323005	0.0120116
0.000324514	0.00740469
0.000326022	0.0043742
0.00032753	0.00263968
0.000329039	0.00150836
0.000330547	0.000892185
0.000332056	0.000445189
0.000333564	0.000285855
