0.000166815	1.38145e-51
0.00017352	1.32433e-49
0.000180225	5.25588e-49
0.000186929	4.30712e-47
0.000193634	1.7189e-46
0.000200339	1.20126e-44
0.000207043	4.83228e-44
0.000213748	2.8808e-42
0.000220453	1.16775e-41
0.000227157	5.9409e-40
0.000233862	2.42577e-39
0.000240566	1.05366e-37
0.000247271	4.33163e-37
0.000253976	1.60734e-35
0.00026068	6.64904e-35
0.000267385	2.10931e-33
0.00027409	8.7736e-33
0.000280794	2.38162e-31
0.000287499	9.95207e-31
0.000294204	2.31413e-29
0.000300908	9.7045e-29
0.000307613	1.9355e-27
0.000314317	8.13516e-27
0.000321022	1.3938e-25
0.000327727	5.86279e-25
0.000334431	8.64478e-24
0.000341136	3.63248e-23
0.000347841	4.61961e-22
0.000354545	1.935e-21
0.00036125	2.12781e-20
0.000367955	8.86265e-20
0.000374659	8.45157e-19
0.000381364	3.49045e-18
0.000388068	2.89628e-17
0.000394773	1.18215e-16
0.000401478	8.56808e-16
0.000408182	3.44344e-15
0.000414887	2.18942e-14
0.000421592	8.62779e-14
0.000428296	4.83566e-13
0.000435001	1.85985e-12
0.000441706	9.23743e-12
0.00044841	3.45012e-11
0.000455115	1.52726e-10
0.000461819	5.50931e-10
0.000468524	2.18693e-09
0.000475229	7.57599e-09
0.000481933	2.71403e-08
0.000488638	8.97583e-08
0.000495343	2.92104e-07
0.000502047	9.16802e-07
0.000508752	2.72829e-06
0.000515457	8.07951e-06
0.000522161	2.21289e-05
0.000528866	6.14942e-05
0.000535571	0.000155974
0.000542275	0.000404724
0.00054898	0.000956095
0.000555684	0.00230683
0.000562389	0.00510158
0.000569094	0.0114079
0.000575798	0.0237217
0.000582503	0.0490545
0.000589208	0.0962539
0.000595912	0.183885
0.000602617	0.348052
0.000609322	0.612877
0.000616026	1.08286
0.000622731	1.78692
0.000629435	2.93669
0.00063614	4.56353
0.000642845	6.99797
0.000649549	10.2595
0.000656254	14.7363
0.000662959	20.4223
0.000669663	27.614
0.000676368	36.2845
0.000683073	46.4993
0.000689777	58.2415
0.000696482	71.4096
0.000703186	86.0285
0.000709891	102.181
0.000716596	119.928
0.0007233	139.904
0.000730005	162.149
0.00073671	187.73
0.000743414	216.626
0.000750119	249.616
0.000756824	286.642
0.000763528	327.605
0.000770233	372.482
0.000776937	420.72
0.000783642	472.358
0.000790347	527.605
0.000797051	586.507
0.000803756	650.631
0.000810461	719.976
0.000817165	796.496
0.00082387	880.162
0.000830575	971.638
0.000837279	1070.91
0.000843984	1176.64
0.000850689	1288.83
0.000857393	1404.83
0.000864098	1524.67
0.000870802	1645.51
0.000877507	1767.38
0.000884212	1887.83
0.000890916	2006.85
0.000897621	2122.34
0.000904326	2234.3
0.00091103	2340.97
0.000917735	2442.32
0.00092444	2537.38
0.000931144	2626.09
0.000937849	2708.67
0.000944553	2785.07
0.000951258	2856.25
0.000957963	2922.26
0.000964667	2983.46
0.000971372	3040.01
0.000978077	3090.42
0.000984781	3134.83
0.000991486	3170.85
0.000998191	3199.82
0.0010049	3206.8
0.0010116	3207
0.0010183	3204.58
0.00102501	3179.63
0.00103171	3144.46
0.00103842	3101.08
0.00104512	3052.96
0.00105183	3000.47
0.00105853	2947.56
0.00106524	2895.04
0.00107194	2842.76
0.00107865	2791.43
0.00108535	2736.62
0.00109206	2678.33
0.00109876	2611.12
0.00110546	2534.08
0.00111217	2445.14
0.00111887	2343.11
0.00112558	2231.26
0.00113228	2109.08
0.00113899	1983.25
0.00114569	1854.42
0.0011524	1728.68
0.0011591	1607.4
0.00116581	1493.31
0.00117251	1387.59
0.00117922	1289.7
0.00118592	1200.04
0.00119263	1116.77
0.00119933	1039.62
0.00120603	967.216
0.00121274	899.127
0.00121944	834.786
0.00122615	773.968
0.00123285	716.382
0.00123956	661.973
0.00124626	610.287
0.00125297	561.249
0.00125967	514.333
0.00126638	469.363
0.00127308	426.06
0.00127979	384.227
0.00128649	344.001
0.00129319	305.283
0.0012999	268.568
0.0013066	233.915
0.00131331	201.979
0.00132001	172.983
0.00132672	147.424
0.00133342	125.627
0.00134013	107.581
0.00134683	93.5411
0.00135354	82.8374
0.00136024	75.4404
0.00136695	70.2485
0.00137365	66.8603
0.00138035	64.2533
0.00138706	61.8036
0.00139376	59.015
0.00140047	55.3505
0.00140717	50.9295
0.00141388	45.5524
0.00142058	39.6816
0.00142729	33.4751
0.00143399	27.3571
0.0014407	21.6503
0.0014474	16.5225
0.00145411	12.2271
0.00146081	8.69571
0.00146752	5.99947
0.00147422	3.97574
0.00148092	2.54748
0.00148763	1.57606
0.00149433	0.887372
0.00150104	0.541051
