0.000500379	9.10101e-40
0.000507084	3.65068e-38
0.000513789	1.43297e-37
0.000520493	4.98789e-36
0.000527198	1.95681e-35
0.000533903	5.87775e-34
0.000540607	2.31756e-33
0.000547312	6.01205e-32
0.000554017	2.38066e-31
0.000560721	5.33862e-30
0.000567426	2.12108e-29
0.000574131	4.11643e-28
0.000580835	1.63918e-27
0.00058754	2.75678e-26
0.000594244	1.09881e-25
0.000600949	1.60395e-24
0.000607654	6.3895e-24
0.000614358	8.11006e-23
0.000621063	3.22315e-22
0.000627768	3.56492e-21
0.000634472	1.41057e-20
0.000641177	1.36282e-19
0.000647882	5.35598e-19
0.000654586	4.53293e-18
0.000661291	1.76464e-17
0.000667995	1.31241e-16
0.0006747	5.04531e-16
0.000681405	3.30925e-15
0.000688109	1.25196e-14
0.000694814	7.2709e-14
0.000701519	2.69665e-13
0.000708223	1.39277e-12
0.000714928	5.04271e-12
0.000721633	2.32725e-11
0.000728337	8.18824e-11
0.000735042	3.39401e-10
0.000741746	1.15479e-09
0.000748451	4.32227e-09
0.000755156	1.41485e-08
0.00076186	4.80884e-08
0.000768565	1.5064e-07
0.00077527	4.67602e-07
0.000781974	1.39425e-06
0.000788679	3.97524e-06
0.000795384	1.12222e-05
0.000802088	2.95535e-05
0.000808793	7.85836e-05
0.000815497	0.000192167
0.000822202	0.000478976
0.000828907	0.00109295
0.000835611	0.00254244
0.000842316	0.00543711
0.000849021	0.0117597
0.000855725	0.0236557
0.00086243	0.0474267
0.000869135	0.0908016
0.000875839	0.167888
0.000882544	0.30707
0.000889249	0.524482
0.000895953	0.890557
0.000902658	1.42457
0.000909362	2.24691
0.000916067	3.37086
0.000922772	4.9445
0.000929476	6.96135
0.000936181	9.51885
0.000942886	12.5864
0.00094959	16.1076
0.000956295	20.0476
0.000963	24.1774
0.000969704	28.4984
0.000976409	32.7939
0.000983113	37.1309
0.000989818	41.6673
0.000996523	46.5166
0.00100323	52.4965
0.00100993	59.7006
0.00101664	69.4854
0.00102334	81.8596
0.00103005	98.1152
0.00103675	118.17
0.00104346	142.517
0.00105016	171.044
0.00105686	203.142
0.00106357	238.746
0.00107027	276.557
0.00107698	316.59
0.00108368	357.73
0.00109039	400.043
0.00109709	443.36
0.0011038	487.753
0.0011105	534.254
0.00111721	582.903
0.00112391	635.666
0.00113062	692.543
0.00113732	755.816
0.00114402	825.457
0.00115073	903.246
0.00115743	989.152
0.00116414	1083.57
0.00117084	1186.5
0.00117755	1296.28
0.00118425	1412.93
0.00119096	1532.77
0.00119766	1655.83
0.00120437	1777.5
0.00121107	1897.77
0.00121778	2012.95
0.00122448	2122.96
0.00123119	2226.16
0.00123789	2322.5
0.00124459	2411.72
0.0012513	2493.84
0.001258	2568.19
0.00126471	2634.84
0.00127141	2691.96
0.00127812	2739.51
0.00128482	2776.36
0.00129153	2802.49
0.00129823	2817.34
0.00130494	2824.61
0.00131164	2825.45
0.00131835	2822.94
0.00132505	2822.22
0.00133175	2823.49
0.00133846	2826.94
0.00134516	2838.02
0.00135187	2852.48
0.00135857	2870.22
0.00136528	2886.05
0.00137198	2900.26
0.00137869	2903.73
0.00138539	2899.22
0.0013921	2888.37
0.0013988	2861.28
0.00140551	2822.9
0.00141221	2774.27
0.00141891	2717.62
0.00142562	2653.14
0.00143232	2583.49
0.00143903	2509.15
0.00144573	2431.02
0.00145244	2349.43
0.00145914	2264.13
0.00146585	2175.1
0.00147255	2082.24
0.00147926	1985.35
0.00148596	1885.32
0.00149267	1782.07
0.00149937	1677.27
0.00150608	1571.1
0.00151278	1465.27
0.00151948	1360.12
0.00152619	1256.95
0.00153289	1156.06
0.0015396	1058.39
0.0015463	964.161
0.00155301	874.179
0.00155971	788.627
0.00156642	708.244
0.00157312	633.24
0.00157983	564.129
0.00158653	501.136
0.00159324	444.377
0.00159994	394.037
0.00160664	349.749
0.00161335	311.588
0.00162005	278.722
0.00162676	251.054
0.00163346	227.459
0.00164017	207.64
0.00164687	190.502
0.00165358	175.607
0.00166028	162.194
0.00166699	149.836
0.00167369	138.21
0.0016804	127.032
0.0016871	116.314
0.00169381	105.951
0.00170051	96.1026
0.00170721	86.7989
0.00171392	78.1869
0.00172062	70.3577
0.00172733	63.3535
0.00173403	57.2547
0.00174074	51.9686
0.00174744	47.5094
0.00175415	43.6838
0.00176085	40.416
0.00176756	37.498
0.00177426	34.7869
0.00178097	32.1528
0.00178767	29.4495
0.00179437	26.6723
0.00180108	23.7421
0.00180778	20.7535
0.00181449	17.7279
0.00182119	14.7812
0.0018279	12.0436
0.0018346	9.47046
