0.000500379	0.000541219
0.000507922	0.000921439
0.000515465	0.0020621
0.000523008	0.0037347
0.00053055	0.00719939
0.000538093	0.0126638
0.000545636	0.0230572
0.000553179	0.0393749
0.000560721	0.0677695
0.000568264	0.111644
0.000575807	0.182763
0.00058335	0.289754
0.000590892	0.452373
0.000598435	0.689033
0.000605978	1.02814
0.000613521	1.50293
0.000621063	2.14706
0.000628606	3.01063
0.000636149	4.12352
0.000643692	5.54656
0.000651234	7.29254
0.000658777	9.41473
0.00066632	11.8968
0.000673862	14.7562
0.000681405	17.9444
0.000688948	21.4164
0.000696491	25.102
0.000704033	28.8854
0.000711576	32.6962
0.000719119	36.3687
0.000726662	39.8547
0.000734204	42.9842
0.000741747	45.7429
0.00074929	48.0071
0.000756833	49.7933
0.000764375	51.1383
0.000771918	51.8896
0.000779461	51.9656
0.000787004	51.989
0.000794546	51.7011
0.000802089	50.9138
0.000809632	50.0463
0.000817175	49.0683
0.000824717	48.1286
0.00083226	47.2642
0.000839803	46.6582
0.000847345	46.3237
0.000854888	46.4588
0.000862431	47.1025
0.000869974	48.3373
0.000877516	50.3806
0.000885059	53.246
0.000892602	56.9682
0.000900145	61.6716
0.000907687	67.3447
0.00091523	74.0417
0.000922773	81.7382
0.000930316	90.4017
0.000937858	99.9984
0.000945401	110.396
0.000952944	121.56
0.000960487	133.272
0.000968029	145.512
0.000975572	158.03
0.000983115	170.828
0.000990658	183.72
0.0009982	196.727
0.00100574	209.803
0.00101329	222.976
0.00102083	236.349
0.00102837	249.941
0.00103591	263.927
0.00104346	278.309
0.001051	293.225
0.00105854	308.665
0.00106608	324.673
0.00107363	341.245
0.00108117	358.384
0.00108871	376.103
0.00109626	394.508
0.0011038	413.626
0.00111134	433.795
0.00111888	455.043
0.00112643	477.954
0.00113397	502.543
0.00114151	529.518
0.00114906	558.878
0.0011566	591.269
0.00116414	626.678
0.00117168	665.551
0.00117923	707.874
0.00118677	753.867
0.00119431	803.52
0.00120185	856.891
0.0012094	913.975
0.00121694	974.743
0.00122448	1039.19
0.00123203	1107.21
0.00123957	1178.78
0.00124711	1253.62
0.00125465	1331.72
0.0012622	1412.44
0.00126974	1495.77
0.00127728	1580.59
0.00128482	1666.91
0.00129237	1753.09
0.00129991	1839.14
0.00130745	1923.07
0.001315	2004.87
0.00132254	2082.47
0.00133008	2155.85
0.00133762	2223.22
0.00134517	2284.55
0.00135271	2338.58
0.00136025	2385.26
0.00136779	2424.01
0.00137534	2454.78
0.00138288	2477.91
0.00139042	2493.94
0.00139797	2497
0.00140551	2495.41
0.00141305	2490.78
0.00142059	2473.96
0.00142814	2449.99
0.00143568	2419.66
0.00144322	2382.85
0.00145076	2339.53
0.00145831	2290.73
0.00146585	2236.42
0.00147339	2177.99
0.00148094	2115.47
0.00148848	2050.42
0.00149602	1982.91
0.00150356	1914.39
0.00151111	1844.99
0.00151865	1775.76
0.00152619	1706.85
0.00153373	1638.83
0.00154128	1571.81
0.00154882	1505.94
0.00155636	1441.3
0.00156391	1377.8
0.00157145	1315.45
0.00157899	1254.12
0.00158653	1193.79
0.00159408	1134.43
0.00160162	1076.02
0.00160916	1018.67
0.0016167	962.374
0.00162425	907.358
0.00163179	853.644
0.00163933	801.473
0.00164688	750.897
0.00165442	702.065
0.00166196	655.038
0.0016695	609.814
0.00167705	566.429
0.00168459	524.755
0.00169213	484.785
0.00169968	446.363
0.00170722	409.443
0.00171476	373.962
0.0017223	339.866
0.00172985	307.241
0.00173739	276.067
0.00174493	246.536
0.00175247	218.685
0.00176002	192.71
0.00176756	168.688
0.0017751	146.714
0.00178265	126.866
0.00179019	109.09
0.00179773	93.4239
0.00180527	79.6841
0.00181282	67.8454
0.00182036	57.6609
0.0018279	49.0495
0.00183544	41.7732
0.00184299	35.7224
0.00185053	30.7115
0.00185807	26.635
0.00186562	23.3617
0.00187316	20.8097
0.0018807	18.8751
0.00188824	17.4974
0.00189579	16.5695
0.00190333	15.9862
0.00191087	15.789
0.00191841	15.7711
0.00192596	15.7655
0.0019335	15.781
0.00194104	15.7942
0.00194859	15.6417
0.00195613	15.2576
0.00196367	14.6714
0.00197121	13.8841
0.00197876	12.8858
0.0019863	11.7378
0.00199384	10.501
0.00200138	9.15455
