0.000500379	1.71209e-35
0.000507084	4.70692e-34
0.000513789	1.8314e-33
0.000520493	4.42273e-32
0.000527198	1.71215e-31
0.000533903	3.60254e-30
0.000540607	1.39897e-29
0.000547312	2.56735e-28
0.000554017	9.99044e-28
0.000560721	1.60104e-26
0.000567426	6.2356e-26
0.000574131	8.73879e-25
0.000580835	3.4017e-24
0.00058754	4.17581e-23
0.000594244	1.62198e-22
0.000600949	1.74738e-21
0.000607654	6.75985e-21
0.000614358	6.405e-20
0.000621063	2.46252e-19
0.000627768	2.05721e-18
0.000634472	7.84129e-18
0.000641177	5.79186e-17
0.000647882	2.1826e-16
0.000654586	1.42987e-15
0.000661291	5.31076e-15
0.000667995	3.09661e-14
0.0006747	1.12968e-13
0.000681405	5.88511e-13
0.000688109	2.10085e-12
0.000694814	9.81915e-12
0.000701519	3.41587e-11
0.000708223	1.43882e-10
0.000714928	4.85634e-10
0.000721633	1.85227e-09
0.000728337	6.03749e-09
0.000735042	2.09557e-08
0.000741746	6.5643e-08
0.000748451	2.08402e-07
0.000755156	6.24253e-07
0.00076186	1.82215e-06
0.000768565	5.1932e-06
0.00077527	1.40085e-05
0.000781974	3.77998e-05
0.000788679	9.46953e-05
0.000795384	0.000240776
0.000802088	0.000562813
0.000808793	0.00134252
0.000815497	0.00294061
0.000822202	0.00655462
0.000828907	0.013504
0.000835611	0.028033
0.000842316	0.0544943
0.000849021	0.10508
0.000855725	0.197077
0.00086243	0.350066
0.000869135	0.617089
0.000875839	1.02368
0.000882544	1.68216
0.000889249	2.62141
0.000895953	4.01926
0.000902658	5.89428
0.000909362	8.45141
0.000916067	11.6837
0.000922772	15.7271
0.000929476	20.5494
0.000936181	26.1206
0.000942886	32.4083
0.00094959	39.2294
0.000956295	46.5841
0.000963	54.3102
0.000969704	62.4468
0.000976409	71.0637
0.000983113	80.2029
0.000989818	90.18
0.000996523	100.995
0.00100323	112.935
0.00100993	125.954
0.00101664	139.988
0.00102334	154.994
0.00103005	170.569
0.00103675	186.73
0.00104346	203.227
0.00105016	220.146
0.00105686	238.028
0.00106357	256.97
0.00107027	278.526
0.00107698	302.741
0.00108368	331.701
0.00109039	365.384
0.00109709	405.54
0.0011038	452.109
0.0011105	505.832
0.00111721	566.654
0.00112391	634.157
0.00113062	708.312
0.00113732	787.819
0.00114402	872.677
0.00115073	961.221
0.00115743	1053.47
0.00116414	1148.09
0.00117084	1245.1
0.00117755	1344.25
0.00118425	1445.52
0.00119096	1549.87
0.00119766	1657.31
0.00120437	1769
0.00121107	1885
0.00121778	2004.86
0.00122448	2128.71
0.00123119	2253.2
0.00123789	2378.46
0.00124459	2498.96
0.0012513	2614.69
0.001258	2720.64
0.00126471	2816.58
0.00127141	2900.74
0.00127812	2972.83
0.00128482	3034.7
0.00129153	3086.25
0.00129823	3130.62
0.00130494	3168.01
0.00131164	3199.6
0.00131835	3225.76
0.00132505	3244.2
0.00133175	3254.86
0.00133846	3255.91
0.00134516	3243.7
0.00135187	3217.39
0.00135857	3175.84
0.00136528	3119.31
0.00137198	3047.42
0.00137869	2963.64
0.00138539	2867.76
0.0013921	2765.55
0.0013988	2657.18
0.00140551	2548.7
0.00141221	2440.68
0.00141891	2337.56
0.00142562	2240.12
0.00143232	2149.94
0.00143903	2067.74
0.00144573	1992.03
0.00145244	1923.15
0.00145914	1857.59
0.00146585	1795.15
0.00147255	1732.29
0.00147926	1668.34
0.00148596	1601.48
0.00149267	1530.97
0.00149937	1457.24
0.00150608	1379.91
0.00151278	1300.91
0.00151948	1220.37
0.00152619	1140.45
0.00153289	1061.61
0.0015396	985.314
0.0015463	912.068
0.00155301	842.411
0.00155971	776.674
0.00156642	714.695
0.00157312	656.588
0.00157983	601.852
0.00158653	550.429
0.00159324	501.788
0.00159994	455.769
0.00160664	412.035
0.00161335	370.406
0.00162005	330.849
0.00162676	293.252
0.00163346	257.846
0.00164017	224.647
0.00164687	193.949
0.00165358	165.881
0.00166028	140.559
0.00166699	118.125
0.00167369	98.4082
0.0016804	81.4464
0.0016871	66.8667
0.00169381	54.5659
0.00170051	44.1516
0.00170721	35.4357
0.00171392	28.1309
0.00172062	22.0539
0.00172733	17.0263
0.00173403	12.9164
0.00174074	9.59754
0.00174744	6.97865
0.00175415	4.94519
0.00176085	3.41815
0.00176756	2.29512
0.00177426	1.49743
0.00178097	0.949622
0.00178767	0.580969
0.00179437	0.347934
0.00180108	0.198181
0.00180778	0.112418
0.00181449	0.0585224
0.00182119	0.0319745
0.0018279	0.0139774
0.0018346	0.00797836
