0.000500379	7.14716e-144
0.00050876	1.03655e-138
0.000517141	4.14618e-138
0.000525522	4.54051e-133
0.000533903	1.83477e-132
0.000542284	1.51694e-127
0.000550665	6.19344e-127
0.000559045	3.86528e-122
0.000567426	1.59478e-121
0.000575807	7.51175e-117
0.000584188	3.13247e-116
0.000592569	1.11339e-111
0.00060095	4.69346e-111
0.00060933	1.25863e-106
0.000617711	5.36435e-106
0.000626092	1.08516e-101
0.000634473	4.67693e-101
0.000642854	7.13563e-97
0.000651235	3.11046e-96
0.000659615	3.57861e-92
0.000667996	1.57801e-91
0.000676377	1.3688e-87
0.000684758	6.10685e-87
0.000693139	3.99309e-83
0.00070152	1.80281e-82
0.0007099	8.88432e-79
0.000718281	4.05981e-78
0.000726662	1.5076e-74
0.000735043	6.97415e-74
0.000743424	1.9512e-70
0.000751805	9.13919e-70
0.000760186	1.92607e-66
0.000768566	9.13606e-66
0.000776947	1.45014e-62
0.000785328	6.96707e-62
0.000793709	8.3277e-59
0.00080209	4.05309e-58
0.000810471	3.6478e-55
0.000818851	1.79877e-54
0.000827232	1.21885e-51
0.000835613	6.09012e-51
0.000843994	3.10677e-48
0.000852375	1.57308e-47
0.000860756	6.04154e-45
0.000869136	3.09999e-44
0.000877517	8.96423e-42
0.000885898	4.66094e-41
0.000894279	1.01502e-38
0.00090266	5.34704e-38
0.000911041	8.77233e-36
0.000919421	4.68064e-35
0.000927802	5.78838e-33
0.000936183	3.12668e-32
0.000944564	2.9171e-30
0.000952945	1.594e-29
0.000961326	1.12332e-27
0.000969707	6.20263e-27
0.000978087	3.30733e-25
0.000986468	1.84251e-24
0.000994849	7.45106e-23
0.00100323	4.17898e-22
0.00101161	1.2858e-20
0.00101999	7.23877e-20
0.00102837	1.70181e-18
0.00103675	9.57902e-18
0.00104513	1.7304e-16
0.00105351	9.68727e-16
0.0010619	1.35443e-14
0.00107028	7.49048e-14
0.00107866	8.18068e-13
0.00108704	4.43099e-12
0.00109542	3.82343e-11
0.0011038	2.00674e-10
0.00111218	1.38698e-09
0.00112056	6.9643e-09
0.00112894	3.91751e-08
0.00113732	1.85418e-07
0.0011457	8.64101e-07
0.00115409	3.79243e-06
0.00116247	1.49225e-05
0.00117085	5.96939e-05
0.00117923	0.000202141
0.00118761	0.00072462
0.00119599	0.00215017
0.00120437	0.00680146
0.00121275	0.0179669
0.00122113	0.0495252
0.00122951	0.117941
0.00123789	0.280915
0.00124627	0.608338
0.00125466	1.24788
0.00126304	2.53862
0.00127142	4.55093
0.0012798	8.02554
0.00128818	12.9572
0.00129656	20.061
0.00130494	29.317
0.00131332	40.7511
0.0013217	54.3556
0.00133008	69.4926
0.00133846	86.1668
0.00134684	104.06
0.00135523	123.169
0.00136361	144.048
0.00137199	166.693
0.00138037	191.671
0.00138875	218.988
0.00139713	248.701
0.00140551	280.749
0.00141389	316.599
0.00142227	356.067
0.00143065	404.363
0.00143903	461.387
0.00144741	534.056
0.0014558	622.73
0.00146418	729.102
0.00147256	853.974
0.00148094	988.616
0.00148932	1133.52
0.0014977	1273.74
0.00150608	1408.56
0.00151446	1529.66
0.00152284	1635.35
0.00153122	1732.69
0.0015396	1820.85
0.00154798	1914.51
0.00155637	2015
0.00156475	2127.55
0.00157313	2254.24
0.00158151	2385.48
0.00158989	2521.62
0.00159827	2649.61
0.00160665	2767.9
0.00161503	2871.32
0.00162341	2958.31
0.00163179	3031.68
0.00164017	3091.02
0.00164855	3141.65
0.00165694	3184.2
0.00166532	3221.84
0.0016737	3255.9
0.00168208	3283.38
0.00169046	3305.6
0.00169884	3311.31
0.00170722	3299.01
0.0017156	3269.84
0.00172398	3206.36
0.00173236	3113.5
0.00174074	2992.22
0.00174912	2851.95
0.00175751	2692.93
0.00176589	2529.59
0.00177427	2364.95
0.00178265	2207.29
0.00179103	2060.07
0.00179941	1922.68
0.00180779	1796.63
0.00181617	1676.77
0.00182455	1562.45
0.00183293	1449.02
0.00184131	1334.95
0.00184969	1218.41
0.00185808	1097.86
0.00186646	975.364
0.00187484	850.186
0.00188322	727.799
0.0018916	609.099
0.00189998	499.968
0.00190836	402.79
0.00191674	319.981
0.00192512	253.921
0.0019335	202.05
0.00194188	164.913
0.00195026	137.361
0.00195865	117.72
0.00196703	102.227
0.00197541	88.555
0.00198379	75.9422
0.00199217	63.1417
0.00200055	50.987
0.00200893	39.5113
0.00201731	29.3356
0.00202569	20.9002
0.00203407	14.1111
0.00204245	9.14991
0.00205083	5.57874
0.00205922	3.24942
0.0020676	1.78271
0.00207598	0.897324
0.00208436	0.456334
0.00209274	0.202701
0.00210112	0.0919758
0.0021095	0.0368799
0.00211788	0.0144226
0.00212626	0.00528947
0.00213464	0.00174708
0.00214302	0.000594667
0.0021514	0.00016272
0.00215979	4.93938e-05
0.00216817	1.16182e-05
