0.000166815	0.252082
0.00017352	0.379842
0.000180225	0.588164
0.000186929	0.866444
0.000193634	1.24564
0.000200339	1.75018
0.000207043	2.39442
0.000213748	3.20556
0.000220453	4.17767
0.000227157	5.32649
0.000233862	6.61738
0.000240566	8.03517
0.000247271	9.52126
0.000253976	11.0167
0.00026068	12.4603
0.000267385	13.7578
0.00027409	14.8755
0.000280794	15.7476
0.000287499	16.3174
0.000294204	16.5581
0.000300908	16.6479
0.000307613	16.5235
0.000314317	16.2915
0.000321022	16.1422
0.000327727	16.0561
0.000334431	16.2284
0.000341136	16.8485
0.000347841	17.9202
0.000354545	19.4903
0.00036125	21.6246
0.000367955	24.2687
0.000374659	27.3881
0.000381364	30.8957
0.000388068	34.6403
0.000394773	38.5262
0.000401478	42.309
0.000408182	45.9058
0.000414887	49.0236
0.000421592	51.6132
0.000428296	53.4526
0.000435001	54.4257
0.000441706	54.2496
0.00044841	53.3968
0.000455115	51.6396
0.000461819	48.8356
0.000468524	45.4139
0.000475229	41.412
0.000481933	37.1569
0.000488638	32.7248
0.000495343	28.5196
0.000502047	24.5902
0.000508752	21.2762
0.000515457	18.7036
0.000522161	17.4229
0.000528866	16.8824
0.000535571	17.4211
0.000542275	19.7735
0.00054898	23.5623
0.000555684	28.899
0.000562389	35.9606
0.000569094	44.716
0.000575798	55.1818
0.000582503	67.3025
0.000589208	80.8901
0.000595912	95.8798
0.000602617	111.868
0.000609322	128.803
0.000616026	146.14
0.000622731	163.862
0.000629435	181.437
0.00063614	198.892
0.000642845	215.908
0.000649549	232.553
0.000656254	248.919
0.000662959	265.097
0.000669663	281.707
0.000676368	298.835
0.000683073	317.576
0.000689777	337.979
0.000696482	361.35
0.000703186	387.681
0.000709891	418.07
0.000716596	452.461
0.0007233	491.353
0.000730005	534.677
0.00073671	582.164
0.000743414	633.76
0.000750119	688.543
0.000756824	746.487
0.000763528	806.307
0.000770233	868.003
0.000776937	930.238
0.000783642	993.025
0.000790347	1055.23
0.000797051	1116.88
0.000803756	1177.28
0.000810461	1236.45
0.000817165	1294.41
0.00082387	1351.16
0.000830575	1407.59
0.000837279	1463.71
0.000843984	1521.16
0.000850689	1579.93
0.000857393	1641.89
0.000864098	1707.04
0.000870802	1776.49
0.000877507	1850.3
0.000884212	1927.95
0.000890916	2009.53
0.000897621	2092.57
0.000904326	2177.14
0.00091103	2259.37
0.000917735	2339.26
0.00092444	2412.72
0.000931144	2479.67
0.000937849	2537.09
0.000944553	2584.82
0.000951258	2622.1
0.000957963	2649.34
0.000964667	2660.93
0.000971372	2665.47
0.000978077	2664.77
0.000984781	2651.27
0.000991486	2630.89
0.000998191	2604.33
0.0010049	2572.68
0.0010116	2536.06
0.0010183	2495.61
0.00102501	2451.44
0.00103171	2404.15
0.00103842	2353.83
0.00104512	2300.71
0.00105183	2244.82
0.00105853	2186.27
0.00106524	2125.04
0.00107194	2061.33
0.00107865	1995.09
0.00108535	1926.76
0.00109206	1856.31
0.00109876	1784.37
0.00110546	1710.99
0.00111217	1636.82
0.00111887	1561.95
0.00112558	1486.87
0.00113228	1411.67
0.00113899	1336.6
0.00114569	1261.69
0.0011524	1187.14
0.0011591	1112.91
0.00116581	1039.38
0.00117251	966.521
0.00117922	895.062
0.00118592	825.035
0.00119263	757.411
0.00119933	692.344
0.00120603	630.709
0.00121274	572.755
0.00121944	518.911
0.00122615	469.419
0.00123285	424.125
0.00123956	383.148
0.00124626	345.892
0.00125297	312.3
0.00125967	281.656
0.00126638	253.767
0.00127308	228.101
0.00127979	204.432
0.00128649	182.543
0.00129319	162.279
0.0012999	143.662
0.0013066	126.651
0.00131331	111.313
0.00132001	97.6903
0.00132672	85.7269
0.00133342	75.4638
0.00134013	66.6741
0.00134683	59.3279
0.00135354	53.0967
0.00136024	47.8628
0.00136695	43.321
0.00137365	39.305
0.00138035	35.628
0.00138706	32.14
0.00139376	28.7934
0.00140047	25.5029
0.00140717	22.3147
0.00141388	19.2176
0.00142058	16.2826
0.00142729	13.5461
0.00143399	11.0521
0.0014407	8.84532
0.0014474	6.92601
0.00145411	5.31779
0.00146081	3.98845
0.00146752	2.93173
0.00147422	2.1043
0.00148092	1.47798
0.00148763	1.01512
0.00149433	0.665803
0.00150104	0.447119
