0.000500379	3.85525e-149
0.00050876	8.06054e-144
0.000517141	3.2242e-143
0.000525522	5.06449e-138
0.000533903	2.04651e-137
0.000542284	2.41468e-132
0.000550665	9.85882e-132
0.000559045	8.73645e-127
0.000567426	3.60459e-126
0.000575807	2.3986e-121
0.000584188	1.00025e-120
0.000592569	4.99723e-116
0.00060095	2.10659e-115
0.00060933	7.90034e-111
0.000617711	3.36721e-110
0.000626092	9.47776e-106
0.000634473	4.08488e-105
0.000642854	8.62794e-101
0.000651235	3.76104e-100
0.000659615	5.96004e-96
0.000667996	2.62819e-95
0.000676377	3.12413e-91
0.000684758	1.39387e-90
0.000693139	1.24264e-86
0.00070152	5.61057e-86
0.0007099	3.75059e-82
0.000718281	1.714e-81
0.000726662	8.58992e-78
0.000735043	3.97402e-77
0.000743424	1.49284e-73
0.000751805	6.99308e-73
0.000760186	1.96868e-69
0.000768566	9.33953e-69
0.000776947	1.97003e-65
0.000785328	9.4667e-65
0.000793709	1.49594e-61
0.00080209	7.28266e-61
0.000810471	8.61992e-58
0.000818851	4.25205e-57
0.000827232	3.7692e-54
0.000835613	1.88419e-53
0.000843994	1.25074e-50
0.000852375	6.33682e-50
0.000860756	3.14972e-47
0.000869136	1.61747e-46
0.000877517	6.01998e-44
0.000885898	3.13344e-43
0.000894279	8.73319e-41
0.00090266	4.60711e-40
0.000911041	9.6174e-38
0.000919421	5.14116e-37
0.000927802	8.04123e-35
0.000936183	4.35433e-34
0.000944564	5.10582e-32
0.000952945	2.79908e-31
0.000961326	2.46275e-29
0.000969707	1.36568e-28
0.000978087	9.02753e-27
0.000986468	5.05746e-26
0.000994849	2.51625e-24
0.00100323	1.42161e-23
0.00101161	5.33697e-22
0.00101999	3.03325e-21
0.00102837	8.62213e-20
0.00103675	4.91297e-19
0.00104513	1.06233e-17
0.00105351	6.04116e-17
0.0010619	9.99797e-16
0.00107028	5.64009e-15
0.00107866	7.20155e-14
0.00108704	3.99857e-13
0.00109542	3.9793e-12
0.0011038	2.1531e-11
0.00111218	1.69119e-10
0.00112056	8.8081e-10
0.00112894	5.54359e-09
0.00113732	2.73857e-08
0.0011457	1.4053e-07
0.00115409	6.47454e-07
0.00116247	2.76134e-06
0.00117085	1.16477e-05
0.00117923	4.21214e-05
0.00118761	0.000159599
0.00119599	0.000499061
0.00120437	0.00166788
0.00121275	0.00459059
0.00122113	0.0133191
0.00122951	0.0327434
0.00123789	0.0815093
0.00124627	0.180875
0.00125466	0.384001
0.00126304	0.794467
0.00127142	1.4559
0.0012798	2.61572
0.00128818	4.27364
0.00129656	6.69933
0.00130494	9.88896
0.00131332	13.9956
0.0013217	19.0195
0.00133008	25.2122
0.00133846	32.5725
0.00134684	41.7567
0.00135523	52.7585
0.00136361	66.3808
0.00137199	82.6196
0.00138037	102.119
0.00138875	124.858
0.00139713	152.04
0.00140551	183.61
0.00141389	222.062
0.00142227	267.382
0.00143065	322.209
0.00143903	386.646
0.00144741	461.439
0.0014558	546.703
0.00146418	641.49
0.00147256	745.763
0.00148094	859.246
0.00148932	981.909
0.0014977	1113.99
0.00150608	1255.77
0.00151446	1404.38
0.00152284	1560.16
0.00153122	1716.35
0.0015396	1872.76
0.00154798	2023.37
0.00155637	2167.39
0.00156475	2304.29
0.00157313	2433.41
0.00158151	2558.85
0.00158989	2681.1
0.00159827	2801.17
0.00160665	2920.47
0.00161503	3030.34
0.00162341	3131.05
0.00163179	3211.2
0.00164017	3272.69
0.00164855	3288.56
0.00165694	3284.91
0.00166532	3274.21
0.0016737	3228.1
0.00168208	3169.02
0.00169046	3102.75
0.00169884	3033.96
0.00170722	2964.74
0.0017156	2895.1
0.00172398	2826.22
0.00173236	2753.25
0.00174074	2675.31
0.00174912	2590.58
0.00175751	2497.58
0.00176589	2400.24
0.00177427	2298.96
0.00178265	2196.79
0.00179103	2095.25
0.00179941	1992.28
0.00180779	1887.72
0.00181617	1780.06
0.00182455	1667.84
0.00183293	1554.91
0.00184131	1441.65
0.00184969	1331.96
0.00185808	1227.98
0.00186646	1127.74
0.00187484	1031.67
0.00188322	936.016
0.0018916	838.902
0.00189998	741.33
0.00190836	642.215
0.00191674	546.227
0.00192512	454.566
0.0019335	370.705
0.00194188	296.591
0.00195026	232.721
0.00195865	180.205
0.00196703	137.567
0.00197541	104.813
0.00198379	79.7952
0.00199217	61.7896
0.00200055	48.807
0.00200893	39.8386
0.00201731	33.4508
0.00202569	28.652
0.00203407	24.7585
0.00204245	21.0344
0.00205083	17.5154
0.00205922	13.9351
0.0020676	10.602
0.00207598	7.63961
0.00208436	5.15316
0.00209274	3.30141
0.00210112	1.95176
0.0021095	1.08822
0.00211788	0.568964
0.00212626	0.264709
0.00213464	0.127382
0.00214302	0.0528583
0.0021514	0.0217228
0.00215979	0.0075435
0.00216817	0.00281705
