0.000166815	1.07978e-06
0.000171844	2.20243e-06
0.000176872	5.57039e-06
0.000181901	1.19446e-05
0.000186929	2.65402e-05
0.000191958	5.44383e-05
0.000196986	0.000116815
0.000202014	0.000229669
0.000207043	0.000475125
0.000212071	0.00089716
0.0002171	0.00178648
0.000222128	0.00324583
0.000227157	0.00621251
0.000232185	0.0109758
0.000237214	0.0200188
0.000242242	0.0345036
0.00024727	0.0598325
0.000252299	0.0998671
0.000257327	0.165745
0.000262356	0.267471
0.000267384	0.425919
0.000272413	0.663856
0.000277441	1.01646
0.000282469	1.52954
0.000287498	2.25614
0.000292526	3.27805
0.000297555	4.66641
0.000302583	6.5508
0.000307612	9.01549
0.00031264	12.2425
0.000317669	16.3193
0.000322697	21.4722
0.000327725	27.7795
0.000332754	35.49
0.000337782	44.6627
0.000342811	55.5386
0.000347839	68.1523
0.000352868	82.7072
0.000357896	99.2116
0.000362924	117.807
0.000367953	138.474
0.000372981	161.268
0.00037801	186.14
0.000383038	213.032
0.000388067	241.864
0.000393095	272.437
0.000398123	304.657
0.000403152	338.18
0.00040818	372.925
0.000413209	408.463
0.000418237	444.762
0.000423266	481.435
0.000428294	518.517
0.000433323	555.827
0.000438351	593.459
0.000443379	631.552
0.000448408	670.22
0.000453436	709.918
0.000458465	750.732
0.000463493	793.284
0.000468522	837.595
0.00047355	884.215
0.000478578	933.09
0.000483607	984.454
0.000488635	1038.2
0.000493664	1094.11
0.000498692	1152.06
0.000503721	1211.37
0.000508749	1271.97
0.000513778	1332.92
0.000518806	1394.21
0.000523834	1455
0.000528863	1515.33
0.000533891	1574.82
0.00053892	1633.57
0.000543948	1691.93
0.000548977	1750.02
0.000554005	1808.94
0.000559033	1868.78
0.000564062	1931.1
0.00056909	1995.92
0.000574119	2064.7
0.000579147	2137.36
0.000584176	2214.57
0.000589204	2296.19
0.000594233	2381.58
0.000599261	2470.6
0.000604289	2561.19
0.000609318	2653.26
0.000614346	2743.76
0.000619375	2832.68
0.000624403	2916.78
0.000629432	2996.1
0.00063446	3068.08
0.000639488	3132.79
0.000644517	3188.85
0.000649545	3236.3
0.000654574	3274.98
0.000659602	3304.89
0.000664631	3327.28
0.000669659	3342.13
0.000674688	3344.32
0.000679716	3343.59
0.000684744	3340.23
0.000689773	3325.69
0.000694801	3306.02
0.00069983	3281.36
0.000704858	3251.84
0.000709887	3217.46
0.000714915	3178.79
0.000719943	3135.84
0.000724972	3088.94
0.00073	3038.08
0.000735029	2983.19
0.000740057	2924.27
0.000745086	2860.9
0.000750114	2793.08
0.000755143	2720.34
0.000760171	2642.66
0.000765199	2560.07
0.000770228	2472.47
0.000775256	2380.79
0.000780285	2284.94
0.000785313	2186.83
0.000790342	2086.42
0.00079537	1986.29
0.000800398	1886.5
0.000805427	1789.7
0.000810455	1696.05
0.000815484	1607.58
0.000820512	1524.51
0.000825541	1447.7
0.000830569	1377.39
0.000835598	1313.11
0.000840626	1255.02
0.000845654	1201.56
0.000850683	1152.75
0.000855711	1106.52
0.00086074	1062.71
0.000865768	1019.43
0.000870797	976.418
0.000875825	932.481
0.000880853	887.331
0.000885882	840.75
0.00089091	792.524
0.000895939	743.296
0.000900967	692.998
0.000905996	642.783
0.000911024	592.741
0.000916052	544.095
0.000921081	497.051
0.000926109	452.544
0.000931138	410.819
0.000936166	372.331
0.000941195	337.285
0.000946223	305.641
0.000951252	277.512
0.00095628	252.476
0.000961308	230.534
0.000966337	211.06
0.000971365	193.955
0.000976394	178.571
0.000981422	164.744
0.000986451	151.951
0.000991479	140.009
0.000996507	128.604
0.00100154	117.579
0.00100656	106.844
0.00101159	96.3004
0.00101662	86.0303
0.00102165	76.0108
0.00102668	66.4045
0.00103171	57.251
0.00103673	48.702
0.00104176	40.8283
0.00104679	33.7068
0.00105182	27.4024
0.00105685	21.8994
0.00106188	17.2287
0.00106691	13.3034
0.00107193	10.1111
0.00107696	7.53358
0.00108199	5.52364
0.00108702	3.96785
0.00109205	2.80269
0.00109708	1.94033
0.0011021	1.31849
0.00110713	0.879823
0.00111216	0.57425
0.00111719	0.369561
0.00112222	0.231261
0.00112725	0.143691
0.00113228	0.0860209
0.0011373	0.0516877
0.00114233	0.0295232
0.00114736	0.0171945
0.00115239	0.00930034
0.00115742	0.00528988
0.00116245	0.0024501
0.00116747	0.00150351
