0.000100103	0.00247069
0.00010312	0.0051967
0.000106137	0.0133748
0.000109154	0.0274986
0.000112171	0.0588221
0.000115188	0.111666
0.000118205	0.210638
0.000121222	0.370261
0.000124239	0.614779
0.000127256	0.978053
0.000130273	1.46044
0.00013329	2.09181
0.000136307	2.82748
0.000139324	3.64701
0.000142341	4.48255
0.000145358	5.24131
0.000148375	5.90511
0.000151392	6.37681
0.000154408	6.74149
0.000157425	7.02546
0.000160442	7.37501
0.000163459	7.98788
0.000166476	8.96268
0.000169493	10.5523
0.00017251	12.7465
0.000175527	15.6741
0.000178544	19.2679
0.000181561	23.4782
0.000184578	28.291
0.000187595	33.617
0.000190612	39.5497
0.000193629	46.162
0.000196646	53.5973
0.000199663	62.1469
0.00020268	71.8888
0.000205697	83.1588
0.000208714	95.9151
0.000211731	110.286
0.000214748	126.185
0.000217765	143.486
0.000220782	162.18
0.000223799	182.137
0.000226816	203.435
0.000229833	226.174
0.00023285	250.409
0.000235867	276.348
0.000238884	303.991
0.000241901	333.435
0.000244918	364.743
0.000247935	398.078
0.000250952	433.605
0.000253969	471.887
0.000256986	513.032
0.000260003	557.778
0.00026302	606.079
0.000266037	658.27
0.000269054	714.326
0.000272071	774.27
0.000275088	838.306
0.000278105	907.075
0.000281122	980.875
0.000284139	1061.38
0.000287156	1148.59
0.000290173	1243.98
0.00029319	1347.09
0.000296207	1457.25
0.000299224	1573.88
0.000302241	1693.79
0.000305258	1816.71
0.000308275	1938.78
0.000311292	2060.21
0.000314309	2178.93
0.000317326	2295.39
0.000320343	2410.44
0.00032336	2524.34
0.000326377	2639.6
0.000329394	2756.13
0.000332411	2875.36
0.000335428	2997.04
0.000338445	3120.36
0.000341462	3245.37
0.000344479	3371.47
0.000347496	3498.99
0.000350513	3630.57
0.00035353	3766.38
0.000356547	3910.83
0.000359564	4063.61
0.000362581	4225.45
0.000365598	4395.87
0.000368615	4568.73
0.000371632	4743.84
0.000374649	4911.21
0.000377666	5070.96
0.000380683	5214.9
0.0003837	5343.21
0.000386717	5452.51
0.000389734	5542.91
0.000392751	5615.17
0.000395768	5669.31
0.000398785	5709.34
0.000401802	5735.2
0.000404819	5739.96
0.000407836	5740.53
0.000410853	5737.65
0.00041387	5718.29
0.000416887	5691.84
0.000419904	5658.55
0.000422921	5617.17
0.000425938	5567.72
0.000428955	5509.7
0.000431972	5443.04
0.000434989	5368.84
0.000438006	5287.02
0.000441023	5200.12
0.00044404	5108.17
0.000447057	5013.21
0.000450074	4915.4
0.000453091	4815.02
0.000456108	4712.23
0.000459125	4605.76
0.000462142	4495.72
0.000465159	4379.75
0.000468176	4257.86
0.000471193	4127.01
0.00047421	3987
0.000477227	3835.97
0.000480244	3673.37
0.000483261	3501.36
0.000486278	3319.36
0.000489295	3134.34
0.000492312	2946.26
0.000495329	2763.79
0.000498346	2587.68
0.000501363	2423.6
0.00050438	2272.66
0.000507397	2135.24
0.000510414	2012.11
0.000513431	1899.66
0.000516448	1797.93
0.000519465	1702.35
0.000522482	1612.39
0.000525499	1524.77
0.000528516	1438.83
0.000531533	1353.2
0.00053455	1267.37
0.000537567	1181.59
0.000540584	1095.58
0.000543601	1010.85
0.000546618	927.375
0.000549635	847.438
0.000552652	771.373
0.000555669	701.004
0.000558686	636.921
0.000561703	579.405
0.00056472	528.893
0.000567737	484.237
0.000570754	445.465
0.000573771	410.909
0.000576788	380.276
0.000579805	352.09
0.000582822	325.917
0.000585839	300.86
0.000588856	276.491
0.000591873	252.699
0.00059489	229.245
0.000597907	206.574
0.000600924	184.74
0.000603941	164.149
0.000606958	145.006
0.000609975	127.306
0.000612992	111.151
0.000616009	96.3024
0.000619026	82.6851
0.000622043	70.2078
0.00062506	58.7739
0.000628077	48.4941
0.000631094	39.396
0.000634111	31.5284
0.000637128	24.9763
0.000640145	19.5634
0.000643162	15.2784
0.000646179	11.8503
0.000649196	9.15161
0.000652213	7.00361
0.00065523	5.27033
0.000658247	3.88742
0.000661264	2.78161
0.000664281	1.92253
0.000667298	1.27944
0.000670315	0.812621
0.000673332	0.494314
0.000676349	0.286395
0.000679366	0.155712
0.000682383	0.0832084
0.0006854	0.0397591
0.000688417	0.019825
0.000691434	0.00865756
0.000694451	0.00384881
0.000697468	0.00141804
0.000700485	0.000607784
