0.000166815	2.83699e-16
0.000172682	2.6569e-15
0.000178548	9.7765e-15
0.000184415	7.99073e-14
0.000190282	2.83048e-13
0.000196148	1.97559e-12
0.000202015	6.88497e-12
0.000207881	4.12303e-11
0.000213748	1.40711e-10
0.000219614	7.26864e-10
0.000225481	2.41639e-09
0.000231347	1.08322e-08
0.000237214	3.48695e-08
0.00024308	1.36558e-07
0.000248947	4.22871e-07
0.000254813	1.45724e-06
0.00026068	4.31026e-06
0.000266547	1.31706e-05
0.000272413	3.69311e-05
0.00027828	0.000100861
0.000284146	0.000266042
0.000290013	0.000654611
0.000295879	0.00161166
0.000301746	0.00360075
0.000307612	0.00821247
0.000313479	0.0167823
0.000319345	0.0352117
0.000325212	0.0672527
0.000331078	0.127657
0.000336945	0.230273
0.000342812	0.392517
0.000348678	0.649299
0.000354545	1.01353
0.000360411	1.53269
0.000366278	2.19866
0.000372144	3.03725
0.000378011	4.00816
0.000383877	5.0623
0.000389744	6.14253
0.00039561	7.10895
0.000401477	7.92028
0.000407343	8.38701
0.00041321	8.57932
0.000419077	8.41788
0.000424943	7.88294
0.00043081	7.13419
0.000436676	6.22282
0.000442543	5.31375
0.000448409	4.55562
0.000454276	4.39981
0.000460142	4.34622
0.000466009	4.73635
0.000471875	6.27402
0.000477742	8.64888
0.000483608	11.9929
0.000489475	16.5559
0.000495342	22.3204
0.000501208	29.3918
0.000507075	37.7476
0.000512941	47.3629
0.000518808	58.257
0.000524674	70.4523
0.000530541	84.0174
0.000536407	99.2363
0.000542274	116.165
0.00054814	135.289
0.000554007	156.578
0.000559873	180.304
0.00056574	206.356
0.000571606	234.407
0.000577473	264.374
0.00058334	295.505
0.000589206	327.837
0.000595073	360.921
0.000600939	394.882
0.000606806	430.128
0.000612672	466.751
0.000618539	505.759
0.000624405	547.149
0.000630272	591.767
0.000636138	639.575
0.000642005	690.945
0.000647871	745.886
0.000653738	804.786
0.000659605	867.696
0.000665471	935.574
0.000671338	1008.45
0.000677204	1087.62
0.000683071	1173.07
0.000688937	1265.54
0.000694804	1364.97
0.00070067	1470.76
0.000706537	1582.85
0.000712403	1699.01
0.00071827	1819.21
0.000724136	1939.81
0.000730003	2060.82
0.00073587	2177.98
0.000741736	2291.33
0.000747603	2397.64
0.000753469	2496.94
0.000759336	2588.56
0.000765202	2672.5
0.000771069	2750.44
0.000776935	2822.36
0.000782802	2890.2
0.000788668	2953.98
0.000794535	3014.02
0.000800401	3070.36
0.000806268	3121.66
0.000812135	3167.93
0.000818001	3207.52
0.000823868	3240.36
0.000829734	3266.02
0.000835601	3284.73
0.000841467	3292.57
0.000847334	3295.64
0.0008532	3295
0.000859067	3284.88
0.000864933	3268.7
0.0008708	3246.94
0.000876666	3218.62
0.000882533	3183.78
0.0008884	3141.43
0.000894266	3091.51
0.000900133	3033.27
0.000905999	2966.57
0.000911866	2891.65
0.000917732	2808.3
0.000923599	2718.44
0.000929465	2621.89
0.000935332	2522.18
0.000941198	2419.38
0.000947065	2317.2
0.000952931	2216.06
0.000958798	2117.98
0.000964665	2023.45
0.000970531	1932.23
0.000976398	1844.52
0.000982264	1759.16
0.000988131	1675.97
0.000993997	1594.53
0.000999864	1514.6
0.00100573	1436.79
0.0010116	1361.11
0.00101746	1288.18
0.00102333	1218.22
0.0010292	1151.02
0.00103506	1086.76
0.00104093	1024.39
0.0010468	963.868
0.00105266	904.014
0.00105853	844.537
0.0010644	784.971
0.00107026	724.962
0.00107613	665.191
0.001082	605.523
0.00108786	547.42
0.00109373	491.126
0.00109959	437.908
0.00110546	388.224
0.00111133	342.454
0.00111719	300.914
0.00112306	263.297
0.00112893	229.62
0.00113479	199.526
0.00114066	172.903
0.00114653	149.571
0.00115239	129.492
0.00115826	112.398
0.00116413	98.2878
0.00116999	86.6269
0.00117586	77.3032
0.00118173	69.6826
0.00118759	63.5275
0.00119346	58.3411
0.00119933	53.8638
0.00120519	49.8069
0.00121106	45.9632
0.00121693	42.2343
0.00122279	38.4877
0.00122866	34.7924
0.00123453	31.1171
0.00124039	27.6086
0.00124626	24.3372
0.00125212	21.3748
0.00125799	18.8131
0.00126386	16.5811
0.00126972	14.6895
0.00127559	13.0142
0.00128146	11.4779
0.00128732	10.0285
0.00129319	8.58851
0.00129906	7.19791
0.00130492	5.84858
0.00131079	4.59837
0.00131666	3.49165
0.00132252	2.54246
0.00132839	1.7818
0.00133426	1.19907
