3.33898e-05	3.74974e-13
3.59039e-05	1.62493e-12
3.8418e-05	5.3748e-12
4.09322e-05	2.22779e-11
4.34463e-05	6.8348e-11
4.59604e-05	2.57873e-10
4.84746e-05	7.7109e-10
5.09887e-05	2.65799e-09
5.35028e-05	7.71831e-09
5.6017e-05	2.44016e-08
5.85311e-05	6.8549e-08
6.10452e-05	1.99566e-07
6.35594e-05	5.4022e-07
6.60735e-05	1.45421e-06
6.85877e-05	3.77803e-06
7.11018e-05	9.44234e-06
7.36159e-05	2.34489e-05
7.61301e-05	5.46347e-05
7.86442e-05	0.000129178
8.11583e-05	0.000281698
8.36725e-05	0.000631702
8.61866e-05	0.00129416
8.87007e-05	0.00274256
9.12149e-05	0.00529683
9.3729e-05	0.0105727
9.62431e-05	0.0194822
9.87573e-05	0.0362887
0.000101271	0.0644635
0.000103786	0.111224
0.0001063	0.186848
0.000108814	0.302507
0.000111328	0.479226
0.000113842	0.730179
0.000116356	1.08893
0.00011887	1.56416
0.000121384	2.1942
0.000123899	2.9738
0.000126413	3.92354
0.000128927	5.01818
0.000131441	6.22931
0.000133955	7.51671
0.000136469	8.78463
0.000138983	9.99562
0.000141498	11.0266
0.000144012	11.8214
0.000146526	12.1949
0.00014904	12.3483
0.000151554	12.1667
0.000154068	11.5402
0.000156582	10.6765
0.000159096	9.58459
0.000161611	8.41045
0.000164125	7.18004
0.000166639	6.06712
0.000169153	5.08415
0.000171667	4.37481
0.000174181	3.96302
0.000176695	4.02934
0.00017921	4.46194
0.000181724	5.35325
0.000184238	6.94577
0.000186752	9.17048
0.000189266	12.0531
0.00019178	15.6657
0.000194294	19.9833
0.000196809	24.9568
0.000199323	30.5564
0.000201837	36.6063
0.000204351	43.0941
0.000206865	49.8074
0.000209379	56.7667
0.000211893	63.891
0.000214407	71.228
0.000216922	78.9697
0.000219436	87.1678
0.00022195	96.2973
0.000224464	106.391
0.000226978	118.076
0.000229492	131.358
0.000232006	146.826
0.000234521	164.463
0.000237035	184.663
0.000239549	207.392
0.000242063	232.728
0.000244577	260.631
0.000247091	290.773
0.000249605	323.12
0.000252119	356.944
0.000254634	392.23
0.000257148	428.055
0.000259662	464.433
0.000262176	500.659
0.00026469	536.765
0.000267204	572.68
0.000269718	608.432
0.000272233	644.701
0.000274747	681.494
0.000277261	719.917
0.000279775	759.96
0.000282289	802.565
0.000284803	847.722
0.000287317	895.721
0.000289831	946.565
0.000292346	999.795
0.00029486	1055.42
0.000297374	1112.51
0.000299888	1171.07
0.000302402	1230.08
0.000304916	1289.55
0.00030743	1348.66
0.000309945	1407.4
0.000312459	1465.28
0.000314973	1522.28
0.000317487	1578.11
0.000320001	1632.76
0.000322515	1685.84
0.000325029	1737.39
0.000327544	1786.48
0.000330058	1833.18
0.000332572	1875.79
0.000335086	1914.32
0.0003376	1946.58
0.000340114	1972.6
0.000342628	1989.48
0.000345142	1998.05
0.000347657	1998.64
0.000350171	1988.47
0.000352685	1969.67
0.000355199	1942.35
0.000357713	1908.43
0.000360227	1867.95
0.000362741	1823.05
0.000365256	1773.94
0.00036777	1721.78
0.000370284	1666.81
0.000372798	1609.14
0.000375312	1548.85
0.000377826	1485.7
0.00038034	1419.61
0.000382854	1350.78
0.000385369	1279.09
0.000387883	1205.5
0.000390397	1129.98
0.000392911	1053.99
0.000395425	977.639
0.000397939	902.538
0.000400453	828.871
0.000402968	758.129
0.000405482	690.546
0.000407996	627.333
0.00041051	568.76
0.000413024	515.547
0.000415538	467.979
0.000418052	426.026
0.000420566	389.906
0.000423081	358.77
0.000425595	332.649
0.000428109	310.187
0.000430623	291.166
0.000433137	274.289
0.000435651	259.178
0.000438165	245.065
0.00044068	231.596
0.000443194	218.617
0.000445708	205.951
0.000448222	193.771
0.000450736	182.092
0.00045325	171.03
0.000455764	160.676
0.000458279	150.899
0.000460793	141.726
0.000463307	132.867
0.000465821	124.232
0.000468335	115.604
0.000470849	106.837
0.000473363	97.9568
0.000475877	88.8753
0.000478392	79.8397
0.000480906	70.8939
0.00048342	62.3313
0.000485934	54.301
0.000488448	46.9593
0.000490962	40.4586
0.000493476	34.7568
0.000495991	29.9138
0.000498505	25.7653
0.000501019	22.2588
0.000503533	19.2346
0.000506047	16.5836
0.000508561	14.2272
0.000511075	12.0743
0.000513589	10.1213
0.000516104	8.33182
0.000518618	6.72659
0.000521132	5.31067
0.000523646	4.08869
0.00052616	3.07267
0.000528674	2.24339
0.000531188	1.585
0.000533703	1.10292
