3.33898e-05	4.58921e-18
3.55687e-05	4.28306e-17
3.77476e-05	1.57555e-16
3.99264e-05	1.31178e-15
4.21053e-05	4.65861e-15
4.42842e-05	3.38216e-14
4.64631e-05	1.18646e-13
4.8642e-05	7.53753e-13
5.08209e-05	2.60299e-12
5.29998e-05	1.45281e-11
5.51787e-05	4.92012e-11
5.73576e-05	2.4232e-10
5.95365e-05	8.01364e-10
6.17154e-05	3.49967e-09
6.38943e-05	1.12491e-08
6.60732e-05	4.37909e-08
6.82521e-05	1.36124e-07
7.0431e-05	4.75024e-07
7.26099e-05	1.42036e-06
7.47888e-05	4.46956e-06
7.69677e-05	1.27834e-05
7.91465e-05	3.6497e-05
8.13254e-05	9.92787e-05
8.35043e-05	0.000258761
8.56832e-05	0.000665637
8.78621e-05	0.0015936
9.0041e-05	0.00385534
9.22199e-05	0.00852872
9.43988e-05	0.0193057
9.65777e-05	0.0396835
9.87566e-05	0.08367
0.000100935	0.160625
0.000103114	0.314302
0.000105293	0.580425
0.000107472	1.03551
0.000109651	1.79546
0.00011183	2.96981
0.000114009	4.80467
0.000116188	7.42814
0.000118367	11.2261
0.000120546	16.2983
0.000122724	23.092
0.000124903	31.6324
0.000127082	42.2644
0.000129261	54.9416
0.00013144	69.7741
0.000133619	86.7034
0.000135798	105.64
0.000137977	126.571
0.000140156	149.386
0.000142334	174.121
0.000144513	200.786
0.000146692	229.437
0.000148871	260.22
0.00015105	293.205
0.000153229	328.672
0.000155408	366.716
0.000157587	407.818
0.000159766	452.062
0.000161945	500.102
0.000164123	551.936
0.000166302	608.073
0.000168481	668.416
0.00017066	732.949
0.000172839	801.607
0.000175018	873.982
0.000177197	950.215
0.000179376	1030.46
0.000181555	1115.07
0.000183733	1205.89
0.000185912	1303.27
0.000188091	1410.64
0.00019027	1528.08
0.000192449	1658.87
0.000194628	1802.76
0.000196807	1960.83
0.000198986	2132.81
0.000201165	2317.6
0.000203344	2515.19
0.000205522	2724.58
0.000207701	2945.92
0.00020988	3179.95
0.000212059	3426.6
0.000214238	3686.39
0.000216417	3958.89
0.000218596	4240.15
0.000220775	4529.67
0.000222954	4817.32
0.000225132	5102.95
0.000227311	5374.06
0.00022949	5630.92
0.000231669	5865.07
0.000233848	6076.88
0.000236027	6265.47
0.000238206	6431.05
0.000240385	6578.91
0.000242564	6709.07
0.000244743	6829.3
0.000246921	6939.55
0.0002491	7047.32
0.000251279	7152.56
0.000253458	7261.16
0.000255637	7373.11
0.000257816	7491.21
0.000259995	7615.54
0.000262174	7743.87
0.000264353	7876.4
0.000266531	8004.98
0.00026871	8129.82
0.000270889	8238.9
0.000273068	8332.22
0.000275247	8398.78
0.000277426	8438.47
0.000279605	8442.43
0.000281784	8414.42
0.000283963	8355.4
0.000286142	8260.88
0.00028832	8139
0.000290499	7989.77
0.000292678	7821.58
0.000294857	7634.42
0.000297036	7437.9
0.000299215	7232.29
0.000301394	7026.09
0.000303573	6819.89
0.000305752	6618.39
0.00030793	6422.36
0.000310109	6231.32
0.000312288	6045.74
0.000314467	5861.72
0.000316646	5679.12
0.000318825	5494.54
0.000321004	5307.4
0.000323183	5117.31
0.000325362	4923.88
0.00032754	4728.82
0.000329719	4532.28
0.000331898	4335.34
0.000334077	4138.39
0.000336256	3940.59
0.000338435	3742.02
0.000340614	3541.35
0.000342793	3338.14
0.000344972	3133.03
0.000347151	2925.5
0.000349329	2718.95
0.000351508	2513.38
0.000353687	2313.47
0.000355866	2119.89
0.000358045	1936.22
0.000360224	1763.44
0.000362403	1602.7
0.000364582	1454.73
0.000366761	1318.54
0.000368939	1194.31
0.000371118	1080.14
0.000373297	975.757
0.000375476	879.486
0.000377655	790.856
0.000379834	708.954
0.000382013	633.394
0.000384192	563.9
0.000386371	500.313
0.00038855	442.51
0.000390728	390.512
0.000392907	343.884
0.000395086	302.644
0.000397265	265.94
0.000399444	233.616
0.000401623	204.696
0.000403802	178.833
0.000405981	155.36
0.00040816	133.886
0.000410338	114.281
0.000412517	96.3092
0.000414696	80.2485
0.000416875	66.111
0.000419054	54.2291
0.000421233	44.792
0.000423412	37.8383
0.000425591	33.243
0.00042777	31.6865
0.000429949	32.222
0.000432127	33.6697
0.000434306	36.6788
0.000436485	40.14
0.000438664	43.5503
0.000440843	45.8579
0.000443022	46.6852
0.000445201	46.9377
0.00044738	45.2218
0.000449559	41.7995
0.000451737	37.373
0.000453916	32.2712
0.000456095	26.8679
0.000458274	21.5331
0.000460453	16.6887
0.000462632	12.4109
0.000464811	8.93419
0.00046699	6.17834
