0.000500379	6.65148e-41
0.000507084	2.96729e-39
0.000513789	1.16696e-38
0.000520493	4.50454e-37
0.000527198	1.77239e-36
0.000533903	5.89025e-35
0.000540607	2.3304e-34
0.000547312	6.6726e-33
0.000554017	2.65262e-32
0.000560721	6.54939e-31
0.000567426	2.61394e-30
0.000574131	5.57096e-29
0.000580835	2.22997e-28
0.00058754	4.10746e-27
0.000594244	1.647e-26
0.000600949	2.62564e-25
0.000607654	1.05314e-24
0.000614358	1.45557e-23
0.000621063	5.83033e-23
0.000627768	7.00014e-22
0.000634472	2.79463e-21
0.000641177	2.92149e-20
0.000647882	1.15984e-19
0.000654586	1.05851e-18
0.000661291	4.16808e-18
0.000667995	3.33096e-17
0.0006747	1.29708e-16
0.000681405	9.10803e-16
0.000688109	3.49561e-15
0.000694814	2.16509e-14
0.000701519	8.15914e-14
0.000708223	4.4766e-13
0.000714928	1.64961e-12
0.000721633	8.05511e-12
0.000728337	2.88933e-11
0.000735042	1.26205e-10
0.000741746	4.38498e-10
0.000748451	1.72258e-09
0.000755156	5.76744e-09
0.00076186	2.04926e-08
0.000768565	6.57594e-08
0.00077527	2.12576e-07
0.000781974	6.50173e-07
0.000788679	1.9235e-06
0.000795384	5.57654e-06
0.000802088	1.5187e-05
0.000808793	4.15112e-05
0.000815497	0.000104656
0.000822202	0.000268332
0.000828907	0.000629575
0.000835611	0.00150722
0.000842316	0.00330674
0.000849021	0.00736242
0.000855725	0.0151665
0.00086243	0.0313047
0.000869135	0.0607553
0.000875839	0.11599
0.000882544	0.217629
0.000889249	0.381482
0.000895953	0.666129
0.000902658	1.09185
0.000909362	1.7712
0.000916067	2.72344
0.000922772	4.11012
0.000929476	5.93614
0.000936181	8.35522
0.000942886	11.3471
0.00094959	14.9512
0.000956295	19.1291
0.000963	23.7249
0.000969704	28.7119
0.000976409	33.8037
0.000983113	39.0171
0.000989818	44.1836
0.000996523	49.3646
0.00100323	54.7844
0.00100993	60.5086
0.00101664	67.1828
0.00102334	74.8296
0.00103005	84.1956
0.00103675	95.2549
0.00104346	108.451
0.00105016	123.751
0.00105686	141.227
0.00106357	160.881
0.00107027	182.779
0.00107698	206.953
0.00108368	233.876
0.00109039	263.575
0.00109709	296.955
0.0011038	334.019
0.0011105	375.781
0.00111721	422.234
0.00112391	474.278
0.00113062	531.909
0.00113732	596.042
0.00114402	666.674
0.00115073	744.956
0.00115743	830.879
0.00116414	925.624
0.00117084	1029.18
0.00117755	1141.91
0.00118425	1263.82
0.00119096	1393.3
0.00119766	1530.41
0.00120437	1671
0.00121107	1815.16
0.00121778	1956.97
0.00122448	2096.44
0.00123119	2227.79
0.00123789	2350.92
0.00124459	2462.16
0.0012513	2561.33
0.001258	2647.78
0.00126471	2721.32
0.00127141	2783.79
0.00127812	2835.1
0.00128482	2878.24
0.00129153	2913.23
0.00129823	2943.05
0.00130494	2967.8
0.00131164	2989.86
0.00131835	3009.36
0.00132505	3027.68
0.00133175	3045.06
0.00133846	3061.1
0.00134516	3076.11
0.00135187	3087.04
0.00135857	3093.62
0.00136528	3094.23
0.00137198	3083.86
0.00137869	3061.24
0.00138539	3024.94
0.0013921	2974.58
0.0013988	2909.55
0.00140551	2834.09
0.00141221	2747.91
0.00141891	2658.09
0.00142562	2565.23
0.00143232	2475.03
0.00143903	2388.69
0.00144573	2307.55
0.00145244	2232.6
0.00145914	2160.97
0.00146585	2092.84
0.00147255	2023.82
0.00147926	1953.26
0.00148596	1878.18
0.00149267	1797.64
0.00149937	1711.54
0.00150608	1619.22
0.00151278	1523.18
0.00151948	1423.4
0.00152619	1323.48
0.00153289	1224.04
0.0015396	1128.02
0.0015463	1036.33
0.00155301	950.208
0.00155971	870.382
0.00156642	796.465
0.00157312	728.712
0.00157983	665.933
0.00158653	607.964
0.00159324	553.626
0.00159994	502.556
0.00160664	454.01
0.00161335	407.623
0.00162005	363.192
0.00162676	320.475
0.00163346	279.746
0.00164017	240.951
0.00164687	204.631
0.00165358	170.928
0.00166028	140.324
0.00166699	113.07
0.00167369	89.324
0.0016804	69.297
0.0016871	52.7635
0.00169381	39.7764
0.00170051	29.8491
0.00170721	22.8074
0.00171392	18.2421
0.00172062	15.5788
0.00172733	14.7883
0.00173403	15.1653
0.00174074	16.031
0.00174744	17.4624
0.00175415	18.9322
0.00176085	20.2168
0.00176756	20.837
0.00177426	20.7058
0.00178097	20.335
0.00178767	19.1271
0.00179437	17.252
0.00180108	15.0737
0.00180778	12.7148
0.00181449	10.3618
0.00182119	8.12651
0.0018279	6.19502
0.0018346	4.50359
