0.000500379	5.87476e-121
0.00050876	1.09742e-116
0.000517141	4.38949e-116
0.000525522	6.44869e-112
0.000533903	2.60568e-111
0.000542284	3.01011e-107
0.000550665	1.22889e-106
0.000559045	1.11612e-102
0.000567426	4.60455e-102
0.000575807	3.2874e-98
0.000584188	1.37071e-97
0.000592569	7.69147e-94
0.00060095	3.24179e-93
0.00060933	1.42948e-89
0.000617711	6.09127e-89
0.000626092	2.11038e-85
0.000634473	9.09313e-85
0.000642854	2.47489e-81
0.000651235	1.07845e-80
0.000659615	2.3055e-77
0.000667996	1.01618e-76
0.000676377	1.70603e-73
0.000684758	7.60716e-73
0.000693139	1.00283e-69
0.00070152	4.52435e-69
0.0007099	4.6826e-66
0.000718281	2.13783e-65
0.000726662	1.73689e-62
0.000735043	8.02547e-62
0.000743424	5.11791e-59
0.000751805	2.39359e-58
0.000760186	1.198e-55
0.000768566	5.6717e-55
0.000776947	2.2278e-52
0.000785328	1.06772e-51
0.000793709	3.29136e-49
0.00080209	1.59694e-48
0.000810471	3.86348e-46
0.000818851	1.89759e-45
0.000827232	3.60344e-43
0.000835613	1.79145e-42
0.000843994	2.67079e-40
0.000852375	1.34367e-39
0.000860756	1.57327e-37
0.000869136	8.00709e-37
0.000877517	7.36687e-35
0.000885898	3.79097e-34
0.000894279	2.74271e-32
0.00090266	1.42602e-31
0.000911041	8.12119e-30
0.000919421	4.26197e-29
0.000927802	1.91322e-27
0.000936183	1.01207e-26
0.000944564	3.58777e-25
0.000952945	1.90958e-24
0.000961326	5.35867e-23
0.000969707	2.86292e-22
0.000978087	6.37949e-21
0.000986468	3.4107e-20
0.000994849	6.05911e-19
0.00100323	3.22902e-18
0.00101161	4.59626e-17
0.00101999	2.42954e-16
0.00102837	2.78828e-15
0.00103675	1.45296e-14
0.00104513	1.35472e-13
0.00105351	6.90741e-13
0.0010619	5.28027e-12
0.00107028	2.61093e-11
0.00107866	1.65386e-10
0.00108704	7.84877e-10
0.00109542	4.16982e-09
0.0011038	1.87705e-08
0.00111218	8.47577e-08
0.00112056	3.57287e-07
0.00112894	1.39068e-06
0.00113732	5.41614e-06
0.0011457	1.84341e-05
0.00115409	6.54436e-05
0.00116247	0.000197489
0.00117085	0.000631074
0.00117923	0.00171005
0.00118761	0.00486532
0.00119599	0.0119677
0.00120437	0.0300706
0.00121275	0.0677235
0.00122113	0.149628
0.00122951	0.311048
0.00123789	0.604888
0.00124627	1.18614
0.00125466	2.06599
0.00126304	3.58818
0.00127142	5.75925
0.0012798	9.07993
0.00128818	13.5533
0.00129656	19.8308
0.00130494	27.9125
0.00131332	38.6348
0.0013217	51.9916
0.00133008	68.8333
0.00133846	89.1528
0.00134684	113.127
0.00135523	140.767
0.00136361	170.857
0.00137199	203.423
0.00138037	236.229
0.00138875	269.267
0.00139713	300.989
0.00140551	331.302
0.00141389	361.184
0.00142227	390.482
0.00143065	423.174
0.00143903	459.155
0.00144741	504.012
0.0014558	557.814
0.00146418	625.163
0.00147256	706.361
0.00148094	802.348
0.00148932	913.574
0.0014977	1035.98
0.00150608	1169.87
0.00151446	1307.64
0.00152284	1449.16
0.00153122	1587.31
0.0015396	1721.5
0.00154798	1848.71
0.00155637	1968.34
0.00156475	2081.72
0.00157313	2188.64
0.00158151	2292.03
0.00158989	2392.06
0.00159827	2490.77
0.00160665	2588.37
0.00161503	2685.95
0.00162341	2783.73
0.00163179	2881.96
0.00164017	2981.27
0.00164855	3078.2
0.00165694	3173.55
0.00166532	3257.98
0.0016737	3331.26
0.00168208	3382.09
0.00169046	3408.71
0.00169884	3412.77
0.00170722	3385.75
0.0017156	3334.62
0.00172398	3260.88
0.00173236	3168.93
0.00174074	3059.7
0.00174912	2936.14
0.00175751	2798.5
0.00176589	2650.87
0.00177427	2493.39
0.00178265	2332.15
0.00179103	2168.29
0.00179941	2006.3
0.00180779	1847.64
0.00181617	1693.87
0.00182455	1545.63
0.00183293	1403.9
0.00184131	1268.84
0.00184969	1141.97
0.00185808	1023.81
0.00186646	914.999
0.00187484	816.166
0.00188322	726.192
0.0018916	645.103
0.00189998	571.246
0.00190836	504.03
0.00191674	442.696
0.00192512	386.697
0.0019335	336.186
0.00194188	291.112
0.00195026	251.513
0.00195865	217.623
0.00196703	188.604
0.00197541	164.424
0.00198379	143.651
0.00199217	125.717
0.00200055	109.562
0.00200893	94.3914
0.00201731	80.1854
0.00202569	66.5236
0.00203407	54.1139
0.00204245	43.1858
0.00205083	34.2182
0.00205922	27.57
0.0020676	23.3854
0.00207598	21.2602
0.00208436	20.6005
0.00209274	20.9614
0.00210112	21.2772
0.0021095	21.1024
0.00211788	20.6034
0.00212626	19.0399
0.00213464	16.6206
0.00214302	13.7875
0.0021514	10.8114
0.00215979	8.13893
0.00216817	5.6171
