0.000500379	5.3555e-100
0.00050876	3.46794e-96
0.000517141	1.38701e-95
0.000525522	7.07338e-92
0.000533903	2.85773e-91
0.000542284	1.14752e-87
0.000550665	4.68402e-87
0.000559045	1.48079e-83
0.000567426	6.10767e-83
0.000575807	1.51991e-79
0.000584188	6.33563e-79
0.000592569	1.24092e-75
0.00060095	5.22832e-75
0.00060933	8.0587e-72
0.000617711	3.43236e-71
0.000626092	4.16282e-68
0.000634473	1.79259e-67
0.000642854	1.71047e-64
0.000651235	7.44778e-64
0.000659615	5.59055e-61
0.000667996	2.46167e-60
0.000676377	1.45349e-57
0.000684758	6.4728e-57
0.000693139	3.00606e-54
0.00070152	1.35398e-53
0.0007099	4.9457e-51
0.000718281	2.25315e-50
0.000726662	6.47322e-48
0.000735043	2.98283e-47
0.000743424	6.74066e-45
0.000751805	3.14142e-44
0.000760186	5.58479e-42
0.000768566	2.63201e-41
0.000776947	3.68195e-39
0.000785328	1.75433e-38
0.000793709	1.93185e-36
0.00080209	9.30252e-36
0.000810471	8.06806e-34
0.000818851	3.92429e-33
0.000827232	2.68263e-31
0.000835613	1.31703e-30
0.000843994	7.10348e-29
0.000852375	3.5165e-28
0.000860756	1.49851e-26
0.000869136	7.46992e-26
0.000877517	2.51957e-24
0.000885898	1.26247e-23
0.000894279	3.37847e-22
0.00090266	1.69762e-21
0.000911041	3.61539e-20
0.000919421	1.81633e-19
0.000927802	3.09037e-18
0.000936183	1.54635e-17
0.000944564	2.11225e-16
0.000952945	1.04764e-15
0.000961326	1.15584e-14
0.000969707	5.64871e-14
0.000978087	5.07091e-13
0.000986468	2.42424e-12
0.000994849	1.78642e-11
0.00100323	8.28251e-11
0.00101161	5.06175e-10
0.00101999	2.25319e-09
0.00102837	1.1554e-08
0.00103675	4.88204e-08
0.00104513	2.12769e-07
0.00105351	8.42792e-07
0.0010619	3.16453e-06
0.00107028	1.15969e-05
0.00107866	3.80386e-05
0.00108704	0.000127263
0.00109542	0.000369564
0.0011038	0.00111452
0.00111218	0.00290053
0.00112056	0.00779571
0.00112894	0.0183702
0.00113732	0.0435961
0.0011457	0.0937406
0.00115409	0.195167
0.00116247	0.394969
0.00117085	0.721271
0.00117923	1.2993
0.00118761	2.13171
0.00119599	3.36968
0.00120437	4.99937
0.00121275	7.0222
0.00122113	9.41897
0.00122951	11.9388
0.00123789	14.582
0.00124627	17.0794
0.00125466	19.4552
0.00126304	21.8586
0.00127142	24.3068
0.0012798	27.3689
0.00128818	31.0361
0.00129656	35.6933
0.00130494	41.3277
0.00131332	47.8247
0.0013217	55.1871
0.00133008	63.4668
0.00133846	72.6644
0.00134684	83.8672
0.00135523	97.0579
0.00136361	114.35
0.00137199	135.723
0.00138037	163.664
0.00138875	198.172
0.00139713	241.357
0.00140551	293.271
0.00141389	354.509
0.00142227	425.187
0.00143065	503.444
0.00143903	589.363
0.00144741	679.701
0.0014558	774.363
0.00146418	871.572
0.00147256	971.122
0.00148094	1073.91
0.00148932	1179.94
0.0014977	1290.14
0.00150608	1404.83
0.00151446	1521.34
0.00152284	1639.9
0.00153122	1755.27
0.0015396	1867.04
0.00154798	1973.07
0.00155637	2072.65
0.00156475	2169.15
0.00157313	2262.54
0.00158151	2356.7
0.00158989	2452.33
0.00159827	2548.69
0.00160665	2646.26
0.00161503	2741.14
0.00162341	2833.21
0.00163179	2918.62
0.00164017	2997.33
0.00164855	3064.76
0.00165694	3122.5
0.00166532	3154.09
0.0016737	3167.69
0.00168208	3168.19
0.00169046	3132
0.00169884	3069.53
0.00170722	2983.41
0.0017156	2881.5
0.00172398	2764.31
0.00173236	2643.25
0.00174074	2520.42
0.00174912	2402.63
0.00175751	2292.1
0.00176589	2190
0.00177427	2097.6
0.00178265	2012.36
0.00179103	1934.36
0.00179941	1860.11
0.00180779	1789
0.00181617	1718.25
0.00182455	1647.32
0.00183293	1573.48
0.00184131	1496.25
0.00184969	1412.5
0.00185808	1321.01
0.00186646	1220.92
0.00187484	1110.57
0.00188322	994.376
0.0018916	872.031
0.00189998	751.577
0.00190836	635.198
0.00191674	529.198
0.00192512	436.96
0.0019335	359.391
0.00194188	298.672
0.00195026	251.152
0.00195865	216.606
0.00196703	190.306
0.00197541	170.303
0.00198379	153.69
0.00199217	138.377
0.00200055	123.959
0.00200893	109.421
0.00201731	95.6296
0.00202569	82.7531
0.00203407	71.2712
0.00204245	61.6872
0.00205083	53.5537
0.00205922	46.8825
0.0020676	41.0287
0.00207598	35.5503
0.00208436	30.3334
0.00209274	25.0698
0.00210112	20.0568
0.0021095	15.3806
0.00211788	11.2461
0.00212626	7.87644
0.00213464	5.202
0.00214302	3.29046
0.0021514	1.95983
0.00215979	1.04326
0.00216817	0.59788
