0.000500379	8.0505e-186
0.000509598	1.21792e-179
0.000518817	4.87167e-179
0.000528036	5.45964e-173
0.000537255	2.20619e-172
0.000546474	1.83127e-166
0.000555693	7.47689e-166
0.000564912	4.59602e-160
0.000574131	1.89631e-159
0.00058335	8.6308e-154
0.000592569	3.5992e-153
0.000601788	1.21271e-147
0.000611007	5.11228e-147
0.000620226	1.27496e-141
0.000629445	5.43416e-141
0.000638664	1.00293e-135
0.000647883	4.32275e-135
0.000657101	5.90305e-130
0.00066632	2.57334e-129
0.000675539	2.59962e-124
0.000684758	1.14642e-123
0.000693977	8.56586e-119
0.000703196	3.82208e-118
0.000712415	2.11181e-113
0.000721634	9.53595e-113
0.000730853	3.89549e-108
0.000740072	1.78048e-107
0.000749291	5.37636e-103
0.00075851	2.48781e-102
0.000767729	5.55179e-98
0.000776948	2.6014e-97
0.000786167	4.28937e-93
0.000795386	2.03565e-92
0.000804605	2.47952e-88
0.000813823	1.19209e-87
0.000823042	1.07239e-83
0.000832261	5.2242e-83
0.00084148	3.47016e-79
0.000850699	1.71332e-78
0.000859918	8.40151e-75
0.000869137	4.205e-74
0.000878356	1.52186e-70
0.000887575	7.72325e-70
0.000896794	2.06256e-66
0.000906013	1.06155e-65
0.000915232	2.09147e-62
0.000924451	1.09192e-61
0.00093367	1.58679e-58
0.000942889	8.40519e-58
0.000952108	9.00775e-55
0.000961327	4.84188e-54
0.000970545	3.82612e-51
0.000979764	2.08733e-50
0.000988983	1.21609e-47
0.000998202	6.73414e-47
0.00100742	2.89246e-44
0.00101664	1.62588e-43
0.00102586	5.14882e-41
0.00103508	2.93775e-40
0.0010443	6.86035e-38
0.00105352	3.97254e-37
0.00106273	6.84335e-35
0.00107195	4.02029e-34
0.00108117	5.11202e-32
0.00109039	3.04505e-31
0.00109961	2.86075e-29
0.00110883	1.72624e-28
0.00111805	1.19993e-26
0.00112727	7.32483e-26
0.00113649	3.77509e-24
0.00114571	2.32661e-23
0.00115492	8.9167e-22
0.00116414	5.53262e-21
0.00117336	1.5832e-19
0.00118258	9.8512e-19
0.0011918	2.11661e-17
0.00120102	1.31371e-16
0.00121024	2.13521e-15
0.00121946	1.31252e-14
0.00122868	1.6296e-13
0.00123789	9.829e-13
0.00124711	9.43923e-12
0.00125633	5.52063e-11
0.00126555	4.16453e-10
0.00127477	2.32777e-09
0.00128399	1.40486e-08
0.00129321	7.37757e-08
0.00130243	3.63723e-07
0.00131165	1.76068e-06
0.00132087	7.25148e-06
0.00133008	3.17174e-05
0.0013393	0.000111623
0.00134852	0.000432735
0.00135774	0.00132923
0.00136696	0.00449161
0.00137618	0.0122644
0.0013854	0.0356789
0.00139462	0.0878345
0.00140384	0.218539
0.00141305	0.48965
0.00142227	1.04179
0.00143149	2.17489
0.00144071	4.03245
0.00144993	7.43654
0.00145915	12.3778
0.00146837	19.894
0.00147759	30.0008
0.00148681	42.9798
0.00149603	58.8757
0.00150524	76.7244
0.00151446	96.5184
0.00152368	117.451
0.0015329	139.366
0.00154212	164.241
0.00155134	191.905
0.00156056	226.995
0.00156978	269.676
0.001579	322.54
0.00158821	386.096
0.00159743	457.071
0.00160665	535.707
0.00161587	615.971
0.00162509	697.325
0.00163431	778.45
0.00164353	858.396
0.00165275	944.16
0.00166197	1035.51
0.00167118	1142.29
0.0016804	1265.71
0.00168962	1408.08
0.00169884	1571.14
0.00170806	1745.44
0.00171728	1931.53
0.0017265	2114.69
0.00173572	2293.72
0.00174494	2458.06
0.00175416	2605.87
0.00176337	2734.2
0.00177259	2841.93
0.00178181	2930.48
0.00179103	2999.72
0.00180025	3051.86
0.00180947	3089.48
0.00181869	3100.85
0.00182791	3102.17
0.00183713	3101.33
0.00184634	3084.07
0.00185556	3062.69
0.00186478	3041.79
0.001874	3019.68
0.00188322	2998.46
0.00189244	2968.57
0.00190166	2929.18
0.00191088	2870.83
0.0019201	2790.27
0.00192932	2687.02
0.00193853	2558.93
0.00194775	2412.45
0.00195697	2247.86
0.00196619	2073.02
0.00197541	1889
0.00198463	1705.05
0.00199385	1523.09
0.00200307	1352.2
0.00201229	1196.24
0.0020215	1057.19
0.00203072	938.044
0.00203994	833.425
0.00204916	742.501
0.00205838	660.908
0.0020676	586.317
0.00207682	518.649
0.00208604	457.354
0.00209526	402.405
0.00210448	354.133
0.00211369	310.777
0.00212291	271.75
0.00213213	235.82
0.00214135	202.057
0.00215057	170.655
0.00215979	141.322
0.00216901	114.698
0.00217823	90.9971
0.00218745	70.6561
0.00219666	54.0593
0.00220588	41.1044
0.0022151	32.0593
0.00222432	26.1404
0.00223354	23.0273
0.00224276	21.4053
0.00225198	20.5289
0.0022612	19.7199
0.00227042	18.1159
0.00227964	16.0018
0.00228885	13.1878
0.00229807	10.2007
0.00230729	7.40064
0.00231651	4.93866
0.00232573	3.10527
0.00233495	1.80097
