0.000166815	0.0681602
0.000171844	0.111626
0.000176872	0.1993
0.000181901	0.323067
0.000186929	0.506629
0.000191958	0.768226
0.000196986	1.12016
0.000202014	1.58515
0.000207043	2.15695
0.000212071	2.84789
0.0002171	3.62716
0.000222128	4.47731
0.000227157	5.35537
0.000232185	6.20954
0.000237214	7.01149
0.000242242	7.69996
0.00024727	8.27971
0.000252299	8.72035
0.000257327	9.05107
0.000262356	9.2905
0.000267384	9.46712
0.000272413	9.62615
0.000277441	9.7849
0.000282469	9.98264
0.000287498	10.2425
0.000292526	10.6014
0.000297555	11.1096
0.000302583	11.8429
0.000307612	12.8753
0.00031264	14.3506
0.000317669	16.3393
0.000322697	19.0319
0.000327725	22.4684
0.000332754	26.8287
0.000337782	32.1108
0.000342811	38.4247
0.000347839	45.7279
0.000352868	54.0154
0.000357896	63.224
0.000362924	73.2205
0.000367953	83.974
0.000372981	95.3039
0.00037801	107.276
0.000383038	119.873
0.000388067	133.267
0.000393095	147.813
0.000398123	163.697
0.000403152	181.622
0.00040818	201.652
0.000413209	224.468
0.000418237	249.966
0.000423266	278.351
0.000428294	309.446
0.000433323	342.858
0.000438351	378.493
0.000443379	415.731
0.000448408	454.634
0.000453436	494.921
0.000458465	536.756
0.000463493	580.489
0.000468522	626.277
0.00047355	674.953
0.000478578	726.59
0.000483607	782.115
0.000488635	841.508
0.000493664	905.428
0.000498692	973.759
0.000503721	1046.56
0.000508749	1123.62
0.000513778	1204.03
0.000518806	1287.57
0.000523834	1372.25
0.000528863	1457.93
0.000533891	1542.12
0.00053892	1624.89
0.000543948	1704.43
0.000548977	1780.93
0.000554005	1854.29
0.000559033	1924.71
0.000564062	1993.79
0.00056909	2061.63
0.000574119	2130.48
0.000579147	2200.25
0.000584176	2272.3
0.000589204	2346.42
0.000594233	2421.8
0.000599261	2498.24
0.000604289	2572.66
0.000609318	2645.02
0.000614346	2711.5
0.000619375	2772.2
0.000624403	2824.94
0.000629432	2869.87
0.00063446	2907.84
0.000639488	2938.94
0.000644517	2966.3
0.000649545	2989.91
0.000654574	3012.72
0.000659602	3034.69
0.000664631	3056.48
0.000669659	3078.08
0.000674688	3097.66
0.000679716	3115.24
0.000684744	3128.45
0.000689773	3137.34
0.000694801	3138.46
0.00069983	3135.4
0.000704858	3128.6
0.000709887	3115.78
0.000714915	3100.89
0.000719943	3084.01
0.000724972	3066.99
0.00073	3049.95
0.000735029	3032.7
0.000740057	3015.4
0.000745086	2995.62
0.000750114	2973.41
0.000755143	2945.45
0.000760171	2911.64
0.000765199	2869.62
0.000770228	2819.15
0.000775256	2759.91
0.000780285	2691.68
0.000785313	2616
0.000790342	2532.78
0.00079537	2444.36
0.000800398	2350.81
0.000805427	2254.26
0.000810455	2154.84
0.000815484	2054.15
0.000820512	1952.31
0.000825541	1850.67
0.000830569	1749.3
0.000835598	1649.66
0.000840626	1551.83
0.000845654	1457.23
0.000850683	1366.03
0.000855711	1279.09
0.00086074	1196.64
0.000865768	1118.63
0.000870797	1045.2
0.000875825	975.627
0.000880853	909.873
0.000885882	847.182
0.00089091	787.389
0.000895939	730.292
0.000900967	675.737
0.000905996	624.119
0.000911024	575.426
0.000916052	530.209
0.000921081	488.602
0.000926109	450.788
0.000931138	416.941
0.000936166	386.609
0.000941195	359.877
0.000946223	335.762
0.000951252	314.173
0.00095628	293.972
0.000961308	274.901
0.000966337	256.119
0.000971365	237.3
0.000976394	218.202
0.000981422	198.582
0.000986451	178.788
0.000991479	158.769
0.000996507	139.172
0.00100154	120.14
0.00100656	102.239
0.00101159	85.7021
0.00101662	70.7883
0.00102165	57.6884
0.00102668	46.3545
0.00103171	36.8612
0.00103673	28.9913
0.00104176	22.7133
0.00104679	17.7678
0.00105182	14.0683
0.00105685	11.3647
0.00106188	9.53787
0.00106691	8.40561
0.00107193	7.75626
0.00107696	7.53111
0.00108199	7.4933
0.00108702	7.45258
0.00109205	7.38544
0.00109708	7.24741
0.0011021	6.91686
0.00110713	6.41727
0.00111216	5.76589
0.00111719	5.02495
0.00112222	4.22917
0.00112725	3.43808
0.00113228	2.70422
0.0011373	2.04693
0.00114233	1.50253
0.00114736	1.05895
0.00115239	0.724039
0.00115742	0.475836
0.00116245	0.294086
0.00116747	0.185723
