3.33898e-05	2.55128e-10
3.59039e-05	5.58471e-10
3.8418e-05	1.4685e-09
4.09322e-05	3.37109e-09
4.34463e-05	7.86301e-09
4.59604e-05	1.72958e-08
4.84746e-05	3.91683e-08
5.09887e-05	8.26992e-08
5.35028e-05	1.81535e-07
5.6017e-05	3.68532e-07
5.85311e-05	7.82913e-07
6.10452e-05	1.53068e-06
6.35594e-05	3.14235e-06
6.60735e-05	5.92588e-06
6.85877e-05	1.17396e-05
7.11018e-05	2.13849e-05
7.36159e-05	4.08312e-05
7.61301e-05	7.23276e-05
7.86442e-05	0.000132381
8.11583e-05	0.000229686
8.36725e-05	0.000400748
8.61866e-05	0.000674951
8.87007e-05	0.00113039
9.12149e-05	0.00184501
9.3729e-05	0.00297196
9.62431e-05	0.0046951
9.87573e-05	0.00728604
0.000101271	0.011132
0.000103786	0.0166657
0.0001063	0.0246155
0.000108814	0.0355942
0.000111328	0.0508223
0.000113842	0.0710596
0.000116356	0.098115
0.00011887	0.132793
0.000121384	0.177436
0.000123899	0.232736
0.000126413	0.30129
0.000128927	0.383519
0.000131441	0.481791
0.000133955	0.59618
0.000136469	0.728302
0.000138983	0.877957
0.000141498	1.04571
0.000144012	1.23129
0.000146526	1.43438
0.00014904	1.65488
0.000151554	1.89223
0.000154068	2.14661
0.000156582	2.41803
0.000159096	2.70687
0.000161611	3.01414
0.000164125	3.34013
0.000166639	3.6865
0.000169153	4.05313
0.000171667	4.44111
0.000174181	4.84975
0.000176695	5.27789
0.00017921	5.72437
0.000181724	6.18466
0.000184238	6.65747
0.000186752	7.13497
0.000189266	7.6163
0.00019178	8.09213
0.000194294	8.56247
0.000196809	9.0198
0.000199323	9.46513
0.000201837	9.89659
0.000204351	10.316
0.000206865	10.7302
0.000209379	11.1415
0.000211893	11.5665
0.000214407	12.0074
0.000216922	12.4896
0.000219436	13.0147
0.00022195	13.6133
0.000224464	14.2861
0.000226978	15.0635
0.000229492	15.9449
0.000232006	16.954
0.000234521	18.0894
0.000237035	19.3616
0.000239549	20.7686
0.000242063	22.3034
0.000244577	23.9642
0.000247091	25.7267
0.000249605	27.5896
0.000252119	29.5164
0.000254634	31.507
0.000257148	33.5225
0.000259662	35.5636
0.000262176	37.6001
0.00026469	39.6329
0.000267204	41.648
0.000269718	43.6461
0.000272233	45.6303
0.000274747	47.601
0.000277261	49.5725
0.000279775	51.5448
0.000282289	53.5336
0.000284803	55.5388
0.000287317	57.5674
0.000289831	59.6196
0.000292346	61.6872
0.00029486	63.7706
0.000297374	65.8445
0.000299888	67.9094
0.000302402	69.9252
0.000304916	71.8924
0.00030743	73.7614
0.000309945	75.5323
0.000312459	77.1537
0.000314973	78.6252
0.000317487	79.9028
0.000320001	80.9855
0.000322515	81.8503
0.000325029	82.4989
0.000327544	82.8873
0.000330058	83.0791
0.000332572	83.0883
0.000335086	82.8817
0.0003376	82.5331
0.000340114	82.0438
0.000342628	81.482
0.000345142	80.849
0.000347657	80.2125
0.000350171	79.5763
0.000352685	78.9878
0.000355199	78.4527
0.000357713	77.9859
0.000360227	77.5932
0.000362741	77.2552
0.000365256	76.9756
0.00036777	76.7096
0.000370284	76.4571
0.000372798	76.1633
0.000375312	75.8246
0.000377826	75.3918
0.00038034	74.8591
0.000382854	74.1928
0.000385369	73.3871
0.000387883	72.4254
0.000390397	71.3034
0.000392911	70.017
0.000395425	68.5639
0.000397939	66.9464
0.000400453	65.1635
0.000402968	63.2215
0.000405482	61.1197
0.000407996	58.8704
0.00041051	56.4728
0.000413024	53.9504
0.000415538	51.3028
0.000418052	48.5675
0.000420566	45.7467
0.000423081	42.8899
0.000425595	40.0032
0.000428109	37.1411
0.000430623	34.3141
0.000433137	31.5717
0.000435651	28.9273
0.000438165	26.4171
0.00044068	24.0544
0.000443194	21.8571
0.000445708	19.8358
0.000448222	17.99
0.000450736	16.3252
0.00045325	14.8265
0.000455764	13.4936
0.000458279	12.3032
0.000460793	11.2501
0.000463307	10.309
0.000465821	9.47134
0.000468335	8.71555
0.000470849	8.03187
0.000473363	7.40543
0.000475877	6.82757
0.000478392	6.29065
0.000480906	5.78864
0.00048342	5.3194
0.000485934	4.88
0.000488448	4.47086
0.000490962	4.09147
0.000493476	3.74199
0.000495991	3.42292
0.000498505	3.13248
0.000501019	2.87068
0.000503533	2.63372
0.000506047	2.42022
0.000508561	2.22557
0.000511075	2.04699
0.000513589	1.88068
0.000516104	1.72333
0.000518618	1.57304
0.000521132	1.42715
0.000523646	1.28576
0.00052616	1.14768
0.000528674	1.01428
0.000531188	0.886569
0.000533703	0.76421
