0.000500379	1.01057e-75
0.000507922	8.29671e-73
0.000515465	3.31565e-72
0.000523008	2.22635e-69
0.00053055	8.98289e-69
0.000538093	4.9312e-66
0.000545636	2.00958e-65
0.000553179	9.01828e-63
0.000560721	3.71224e-62
0.000568264	1.3618e-59
0.000575807	5.66252e-59
0.00058335	1.69798e-56
0.000590892	7.13223e-56
0.000598435	1.7482e-53
0.000605978	7.41796e-53
0.000613521	1.48632e-50
0.000621063	6.3707e-50
0.000628606	1.04354e-47
0.000636149	4.51787e-47
0.000643692	6.0508e-45
0.000651234	2.64561e-44
0.000658777	2.89772e-42
0.00066632	1.27927e-41
0.000673862	1.14625e-39
0.000681405	5.10799e-39
0.000688948	3.74573e-37
0.000696491	1.68417e-36
0.000704033	1.01132e-34
0.000711576	4.5854e-34
0.000719119	2.25642e-32
0.000726662	1.03092e-31
0.000734204	4.16127e-30
0.000741747	1.91397e-29
0.00074929	6.34494e-28
0.000756833	2.93435e-27
0.000764375	8.00148e-26
0.000771918	3.71507e-25
0.000779461	8.34895e-24
0.000787004	3.88426e-23
0.000794546	7.21146e-22
0.000802089	3.35389e-21
0.000809632	5.15933e-20
0.000817175	2.3917e-19
0.000824717	3.05939e-18
0.00083226	1.40864e-17
0.000839803	1.5048e-16
0.000847345	6.85266e-16
0.000854888	6.14473e-15
0.000862431	2.75368e-14
0.000869974	2.08504e-13
0.000877516	9.14125e-13
0.000885059	5.88502e-12
0.000892602	2.50719e-11
0.000900145	1.38307e-10
0.000907687	5.6823e-10
0.00091523	2.70909e-09
0.000922773	1.06438e-08
0.000930316	4.42661e-08
0.000937858	1.64821e-07
0.000945401	6.03804e-07
0.000952944	2.11056e-06
0.000960487	6.87873e-06
0.000968029	2.23572e-05
0.000975572	6.54645e-05
0.000983115	0.000196016
0.000990658	0.000520442
0.0009982	0.00142333
0.00100574	0.00345537
0.00101329	0.0085674
0.00102083	0.0191522
0.00102837	0.0428047
0.00103591	0.0886038
0.00104346	0.177864
0.001051	0.349704
0.00105854	0.630013
0.00106608	1.13094
0.00107363	1.86699
0.00108117	3.03118
0.00108871	4.63022
0.00109626	6.88132
0.0011038	9.7845
0.00111134	13.5222
0.00111888	18.1002
0.00112643	23.722
0.00113397	30.4054
0.00114151	38.534
0.00114906	48.1162
0.0011566	59.6602
0.00116414	73.1387
0.00117168	88.6935
0.00117923	106.28
0.00118677	125.24
0.00119431	145.564
0.00120185	166.265
0.0012094	187.381
0.00121694	208.884
0.00122448	230.811
0.00123203	254.786
0.00123957	280.804
0.00124711	311.04
0.00125465	345.477
0.0012622	384.745
0.00126974	428.857
0.00127728	476.272
0.00128482	526.995
0.00129237	579.645
0.00129991	634.125
0.00130745	692.688
0.001315	755.166
0.00132254	827.975
0.00133008	911.11
0.00133762	1010.73
0.00134517	1127.21
0.00135271	1260.29
0.00136025	1410.55
0.00136779	1569.45
0.00137534	1737.26
0.00138288	1902.05
0.00139042	2063.41
0.00139797	2213.4
0.00140551	2351.24
0.00141305	2476.19
0.00142059	2587.74
0.00142814	2689.58
0.00143568	2781.75
0.00144322	2867.61
0.00145076	2947.55
0.00145831	3022.16
0.00146585	3091.82
0.00147339	3154.43
0.00148094	3210.2
0.00148848	3255.92
0.00149602	3293.7
0.00150356	3304.36
0.00151111	3305.11
0.00151865	3302.7
0.00152619	3270.5
0.00153373	3221.74
0.00154128	3159.98
0.00154882	3087.53
0.00155636	3004.76
0.00156391	2915.87
0.00157145	2821.56
0.00157899	2724.15
0.00158653	2624.2
0.00159408	2522.64
0.00160162	2419.81
0.00160916	2315.71
0.0016167	2210.5
0.00162425	2103.56
0.00163179	1994.73
0.00163933	1883.96
0.00164688	1770.86
0.00165442	1657.15
0.00166196	1542.74
0.0016695	1430.51
0.00167705	1321.03
0.00168459	1216.26
0.00169213	1117.04
0.00169968	1023.33
0.00170722	935.55
0.00171476	852.556
0.0017223	774.137
0.00172985	699.546
0.00173739	628.358
0.00174493	560.816
0.00175247	496.744
0.00176002	436.952
0.00176756	381.659
0.0017751	331.392
0.00178265	286.554
0.00179019	246.794
0.00179773	212.295
0.00180527	182.005
0.00181282	155.655
0.00182036	132.261
0.0018279	111.293
0.00183544	92.4046
0.00184299	75.2214
0.00185053	59.8923
0.00185807	46.3832
0.00186562	34.8158
0.00187316	25.3178
0.0018807	17.694
0.00188824	11.9635
0.00189579	7.72735
0.00190333	4.81584
0.00191087	2.86773
0.00191841	1.631
0.00192596	0.897834
0.0019335	0.452195
0.00194104	0.237154
0.00194859	0.109507
0.00195613	0.052401
0.00196367	0.0223831
0.00197121	0.00965609
0.00197876	0.00384492
0.0019863	0.00148088
0.00199384	0.000511762
0.00200138	0.000188724
