0.000100103	0.642611
0.000103622	0.874848
0.000107142	1.19814
0.000110662	1.60308
0.000114182	2.11714
0.000117702	2.75981
0.000121222	3.55017
0.000124742	4.51143
0.000128261	5.65879
0.000131781	7.01597
0.000135301	8.5913
0.000138821	10.4043
0.000142341	12.4551
0.000145861	14.7542
0.000149381	17.2949
0.0001529	20.0761
0.00015642	23.0879
0.00015994	26.3189
0.00016346	29.7616
0.00016698	33.3998
0.0001705	37.2333
0.00017402	41.2507
0.000177539	45.4619
0.000181059	49.8696
0.000184579	54.4934
0.000188099	59.3572
0.000191619	64.4862
0.000195139	69.926
0.000198659	75.7006
0.000202178	81.8702
0.000205698	88.4497
0.000209218	95.4988
0.000212738	103.016
0.000216258	111.04
0.000219778	119.548
0.000223298	128.536
0.000226817	137.964
0.000230337	147.765
0.000233857	157.891
0.000237377	168.214
0.000240897	178.69
0.000244417	189.15
0.000247937	199.57
0.000251456	209.785
0.000254976	219.8
0.000258496	229.512
0.000262016	238.959
0.000265536	248.151
0.000269056	257.149
0.000272576	266.105
0.000276095	275.084
0.000279615	284.361
0.000283135	293.987
0.000286655	304.297
0.000290175	315.311
0.000293695	327.33
0.000297214	340.34
0.000300734	354.511
0.000304254	369.799
0.000307774	386.183
0.000311294	403.606
0.000314814	421.849
0.000318334	440.865
0.000321853	460.303
0.000325373	480.142
0.000328893	500.015
0.000332413	519.934
0.000335933	539.651
0.000339453	559.202
0.000342973	578.558
0.000346492	597.762
0.000350012	617.025
0.000353532	636.383
0.000357052	656.221
0.000360572	676.555
0.000364092	697.818
0.000367612	720.007
0.000371131	743.469
0.000374651	768.188
0.000378171	794.342
0.000381691	821.913
0.000385211	850.906
0.000388731	881.305
0.000392251	912.994
0.00039577	945.964
0.00039929	980.032
0.00040281	1015.19
0.00040633	1051.22
0.00040985	1088.09
0.00041337	1125.48
0.00041689	1163.37
0.000420409	1201.26
0.000423929	1239.14
0.000427449	1276.29
0.000430969	1312.72
0.000434489	1347.55
0.000438009	1380.79
0.000441529	1411.61
0.000445048	1440.01
0.000448568	1465.34
0.000452088	1487.62
0.000455608	1506.55
0.000459128	1522.14
0.000462648	1534.48
0.000466168	1543.57
0.000469687	1549.9
0.000473207	1553.5
0.000476727	1553.92
0.000480247	1552.77
0.000483767	1550.23
0.000487287	1545.44
0.000490807	1539.4
0.000494326	1532.16
0.000497846	1523.94
0.000501366	1514.75
0.000504886	1504.68
0.000508406	1493.76
0.000511926	1481.84
0.000515446	1468.96
0.000518965	1454.77
0.000522485	1439.29
0.000526005	1422.01
0.000529525	1402.94
0.000533045	1381.53
0.000536565	1357.76
0.000540085	1331.18
0.000543604	1301.75
0.000547124	1269.3
0.000550644	1233.77
0.000554164	1195.37
0.000557684	1154.03
0.000561204	1110.34
0.000564724	1064.28
0.000568243	1016.7
0.000571763	967.605
0.000575283	917.964
0.000578803	867.835
0.000582323	818.102
0.000585843	768.857
0.000589362	720.791
0.000592882	674.002
0.000596402	628.947
0.000599922	585.71
0.000603442	544.532
0.000606962	505.475
0.000610482	468.619
0.000614001	434
0.000617521	401.585
0.000621041	371.393
0.000624561	343.304
0.000628081	317.324
0.000631601	293.263
0.000635121	271.111
0.00063864	250.62
0.00064216	231.763
0.00064568	214.265
0.0006492	198.079
0.00065272	182.946
0.00065624	168.805
0.00065976	155.457
0.000663279	142.837
0.000666799	130.838
0.000670319	119.406
0.000673839	108.522
0.000677359	98.1565
0.000680879	88.3518
0.000684399	79.1062
0.000687918	70.4805
0.000691438	62.4938
0.000694958	55.1841
0.000698478	48.5771
0.000701998	42.6632
0.000705518	37.459
0.000709038	32.9038
0.000712557	28.9941
0.000716077	25.6338
0.000719597	22.7964
0.000723117	20.3756
0.000726637	18.3276
0.000730157	16.5601
0.000733677	15.0228
0.000737196	13.6526
0.000740716	12.4046
0.000744236	11.2476
0.000747756	10.1504
0.000751276	9.10715
0.000754796	8.10281
0.000758316	7.14511
0.000761835	6.23243
0.000765355	5.37516
0.000768875	4.579
0.000772395	3.85008
0.000775915	3.19518
0.000779435	2.61394
0.000782955	2.10991
0.000786474	1.6775
0.000789994	1.31551
0.000793514	1.01587
0.000797034	0.769667
0.000800554	0.579945
