0.000500379	1.58527e-16
0.000506246	8.95655e-16
0.000512113	3.10704e-15
0.000517979	1.65389e-14
0.000523846	5.42403e-14
0.000529712	2.6168e-13
0.000535579	8.43478e-13
0.000541445	3.69955e-12
0.000547312	1.16858e-11
0.000553178	4.67509e-11
0.000559045	1.44258e-10
0.000564911	5.28262e-10
0.000570778	1.58705e-09
0.000576644	5.33923e-09
0.000582511	1.55632e-08
0.000588378	4.82868e-08
0.000594244	1.36071e-07
0.000600111	3.90881e-07
0.000605977	1.06098e-06
0.000611844	2.83314e-06
0.00061771	7.38017e-06
0.000623577	1.83922e-05
0.000629443	4.58142e-05
0.00063531	0.000106973
0.000641176	0.000253921
0.000647043	0.000557587
0.000652909	0.00125713
0.000658776	0.00260546
0.000664643	0.00556298
0.000670509	0.0109175
0.000676376	0.0220179
0.000682242	0.0410375
0.000688109	0.0780073
0.000693975	0.141396
0.000699842	0.249711
0.000705708	0.430668
0.000711575	0.716482
0.000717441	1.17133
0.000723308	1.84348
0.000729174	2.854
0.000735041	4.25922
0.000740908	6.244
0.000746774	8.8509
0.000752641	12.2954
0.000758507	16.5765
0.000764374	21.8502
0.00077024	28.0525
0.000776107	35.1562
0.000781973	43.0463
0.00078784	51.4283
0.000793706	60.1857
0.000799573	68.8024
0.000805439	77.2221
0.000811306	84.9097
0.000817173	91.9038
0.000823039	97.9232
0.000828906	103.083
0.000834772	107.537
0.000840639	111.417
0.000846505	115.281
0.000852372	119.224
0.000858238	123.991
0.000864105	129.621
0.000869971	136.808
0.000875838	145.56
0.000881704	156.413
0.000887571	169.372
0.000893438	184.863
0.000899304	202.898
0.000905171	223.866
0.000911037	247.767
0.000916904	274.923
0.00092277	305.312
0.000928637	339.079
0.000934503	376.201
0.00094037	416.627
0.000946236	460.37
0.000952103	507.425
0.000957969	557.859
0.000963836	612.117
0.000969703	670.29
0.000975569	733.525
0.000981436	801.879
0.000987302	876.961
0.000993169	958.752
0.000999035	1048.6
0.0010049	1146.4
0.00101077	1252.4
0.00101663	1366.47
0.0010225	1487.26
0.00102837	1614.67
0.00103423	1745.84
0.0010401	1880.73
0.00104597	2015.5
0.00105183	2150.14
0.0010577	2280.57
0.00106357	2406.81
0.00106943	2525.24
0.0010753	2635.9
0.00108117	2736.33
0.00108703	2826.56
0.0010929	2905.71
0.00109877	2973.76
0.00110463	3031.34
0.0011105	3078.44
0.00111637	3116.61
0.00112223	3145.84
0.0011281	3168.15
0.00113397	3183.79
0.00113983	3188.83
0.0011457	3190.44
0.00115157	3189.2
0.00115743	3177.5
0.0011633	3159.19
0.00116916	3134.57
0.00117503	3103.32
0.0011809	3065.34
0.00118676	3022.3
0.00119263	2974.12
0.0011985	2923.63
0.00120436	2870.87
0.00121023	2818.52
0.0012161	2766.79
0.00122196	2716.9
0.00122783	2669.11
0.0012337	2622.81
0.00123956	2578.16
0.00124543	2533.38
0.0012513	2488.47
0.00125716	2441.54
0.00126303	2392.45
0.0012689	2339.87
0.00127476	2283.64
0.00128063	2223.12
0.0012865	2158.16
0.00129236	2088.75
0.00129823	2014.77
0.0013041	1936.81
0.00130996	1854.79
0.00131583	1769.99
0.00132169	1682.38
0.00132756	1593.77
0.00133343	1504.27
0.00133929	1415.71
0.00134516	1328.36
0.00135103	1243.46
0.00135689	1161.32
0.00136276	1082.39
0.00136863	1006.86
0.00137449	934.611
0.00138036	865.681
0.00138623	799.902
0.00139209	737.209
0.00139796	677.679
0.00140383	621.281
0.00140969	568.237
0.00141556	518.604
0.00142143	472.46
0.00142729	429.892
0.00143316	390.684
0.00143903	354.863
0.00144489	322.01
0.00145076	292.062
0.00145663	264.582
0.00146249	239.455
0.00146836	216.324
0.00147422	195.075
0.00148009	175.42
0.00148596	157.259
0.00149182	140.356
0.00149769	124.612
0.00150356	109.879
0.00150942	96.0631
0.00151529	83.1447
0.00152116	71.0696
0.00152702	59.9192
0.00153289	49.7035
0.00153876	40.51
0.00154462	32.3929
0.00155049	25.3534
0.00155636	19.4365
0.00156222	14.5338
0.00156809	10.6361
0.00157396	7.57144
0.00157982	5.27049
0.00158569	3.56467
0.00159156	2.35249
0.00159742	1.51094
0.00160329	0.942027
0.00160916	0.575109
0.00161502	0.337329
0.00162089	0.196243
0.00162675	0.107316
0.00163262	0.0600128
0.00163849	0.0305313
0.00164435	0.0164331
0.00165022	0.00792092
0.00165609	0.00402009
0.00166195	0.00166361
0.00166782	0.000878119
