3.33898e-05	1.43665e-40
3.59039e-05	2.30571e-38
3.8418e-05	9.17974e-38
4.09322e-05	1.16352e-35
4.34463e-05	4.66399e-35
4.59604e-05	4.66302e-33
4.84746e-05	1.88423e-32
5.09887e-05	1.48673e-30
5.35028e-05	6.05287e-30
5.6017e-05	3.77183e-28
5.85311e-05	1.54612e-27
6.10452e-05	7.61606e-26
6.35594e-05	3.14038e-25
6.60735e-05	1.22434e-23
6.85877e-05	5.07207e-23
7.11018e-05	1.56761e-21
7.36159e-05	6.51414e-21
7.61301e-05	1.59938e-19
7.86442e-05	6.65287e-19
8.11583e-05	1.30111e-17
8.36725e-05	5.40322e-17
8.61866e-05	8.44602e-16
8.87007e-05	3.48985e-15
9.12149e-05	4.37889e-14
9.3729e-05	1.79265e-13
9.62431e-05	1.8152e-12
9.87573e-05	7.3241e-12
0.000101271	6.02404e-11
0.000103786	2.38028e-10
0.0001063	1.60278e-09
0.000108814	6.15433e-09
0.000111328	3.42422e-08
0.000113842	1.26621e-07
0.000116356	5.88371e-07
0.00011887	2.07364e-06
0.000121384	8.1439e-06
0.000123899	2.70429e-05
0.000126413	9.09357e-05
0.000128927	0.000281027
0.000131441	0.000820154
0.000133955	0.00232939
0.000136469	0.00598069
0.000138983	0.0154236
0.000141498	0.0352931
0.000144012	0.0817704
0.000146526	0.168729
0.00014904	0.348399
0.000151554	0.676995
0.000154068	1.22297
0.000156582	2.14471
0.000159096	3.48838
0.000161611	5.49289
0.000164125	8.16476
0.000166639	11.694
0.000169153	16.0517
0.000171667	21.2756
0.000174181	27.3427
0.000176695	34.1907
0.00017921	41.8278
0.000181724	50.2301
0.000184238	59.4232
0.000186752	69.4735
0.000189266	80.4179
0.00019178	92.4309
0.000194294	105.566
0.000196809	120.181
0.000199323	136.308
0.000201837	154.402
0.000204351	174.424
0.000206865	196.54
0.000209379	220.692
0.000211893	246.62
0.000214407	274.413
0.000216922	304.211
0.000219436	336.288
0.00022195	372.419
0.000224464	412.858
0.000226978	460.954
0.000229492	516.712
0.000232006	583.188
0.000234521	660.162
0.000237035	748.528
0.000239549	848.076
0.000242063	957.629
0.000244577	1077.12
0.000247091	1204.73
0.000249605	1340.48
0.000252119	1482.65
0.000254634	1631.25
0.000257148	1784.7
0.000259662	1943.03
0.000262176	2105.3
0.00026469	2271.58
0.000267204	2442.24
0.000269718	2617.33
0.000272233	2798.78
0.000274747	2986.63
0.000277261	3185.12
0.000279775	3394.23
0.000282289	3620.59
0.000284803	3864.13
0.000287317	4130.2
0.000289831	4418.81
0.000292346	4728.44
0.00029486	5059.26
0.000297374	5401.33
0.000299888	5754.84
0.000302402	6105.18
0.000304916	6452.43
0.00030743	6782.15
0.000309945	7094.21
0.000312459	7378.34
0.000314973	7634.11
0.000317487	7858.91
0.000320001	8052.28
0.000322515	8218.29
0.000325029	8356.98
0.000327544	8471.63
0.000330058	8562.71
0.000332572	8628.08
0.000335086	8668.43
0.0003376	8674.42
0.000340114	8654.95
0.000342628	8612.74
0.000345142	8542.85
0.000347657	8456.03
0.000350171	8353.78
0.000352685	8235.61
0.000355199	8102.78
0.000357713	7945.21
0.000360227	7762.13
0.000362741	7547.6
0.000365256	7298.94
0.00036777	7027.43
0.000370284	6731.64
0.000372798	6434.25
0.000375312	6137.35
0.000377826	5856.24
0.00038034	5594.68
0.000382854	5351.38
0.000385369	5128.17
0.000387883	4915.07
0.000390397	4711.29
0.000392911	4508.83
0.000395425	4306.18
0.000397939	4099.54
0.000400453	3887.93
0.000402968	3669.57
0.000405482	3443.73
0.000407996	3210.68
0.00041051	2969.56
0.000413024	2724.61
0.000415538	2475.37
0.000418052	2230.07
0.000420566	1989.63
0.000423081	1762.58
0.000425595	1551.25
0.000428109	1359.7
0.000430623	1190.21
0.000433137	1041.26
0.000435651	913.599
0.000438165	803.259
0.00044068	709.536
0.000443194	629.049
0.000445708	560.753
0.000448222	502.314
0.000450736	452.932
0.00045325	410.688
0.000455764	374.891
0.000458279	343.991
0.000460793	317.313
0.000463307	293.895
0.000465821	273.248
0.000468335	254.771
0.000470849	238.199
0.000473363	222.884
0.000475877	208.55
0.000478392	194.617
0.000480906	180.662
0.00048342	166.718
0.000485934	152.495
0.000488448	138.711
0.000490962	125.586
0.000493476	113.723
0.000495991	103.686
0.000498505	95.1541
0.000501019	88.35
0.000503533	82.281
0.000506047	76.4534
0.000508561	70.27
0.000511075	63.0105
0.000513589	55.0397
0.000516104	46.1882
0.000518618	37.2546
0.000521132	28.7318
0.000523646	21.04
0.00052616	14.7541
0.000528674	9.73369
0.000531188	6.04077
0.000533703	3.6541
