0.000500379	2.22617e-19
0.000506246	1.63069e-18
0.000512113	5.85492e-18
0.000517979	3.96631e-17
0.000523846	1.36466e-16
0.000529712	8.29621e-16
0.000535579	2.81909e-15
0.000541445	1.5423e-14
0.000547312	5.16204e-14
0.000553178	2.54929e-13
0.000559045	8.3795e-13
0.000564911	3.74796e-12
0.000570778	1.20604e-11
0.000576644	4.90308e-11
0.000582511	1.53932e-10
0.000588378	5.70971e-10
0.000594244	1.74262e-09
0.000600111	5.92106e-09
0.000605977	1.75018e-08
0.000611844	5.47006e-08
0.00061771	1.55985e-07
0.000623577	4.5035e-07
0.000629443	1.23407e-06
0.00063531	3.30539e-06
0.000641176	8.66961e-06
0.000647043	2.16347e-05
0.000652909	5.41057e-05
0.000658776	0.000126317
0.000664643	0.000300102
0.000670509	0.000658079
0.000676376	0.00148017
0.000682242	0.00305996
0.000688109	0.0064958
0.000693975	0.0127026
0.000699842	0.0253827
0.000705708	0.0472668
0.000711575	0.0885168
0.000717441	0.159773
0.000723308	0.277736
0.000729174	0.474157
0.000735041	0.776544
0.000740908	1.25205
0.000746774	1.93767
0.000752641	2.94897
0.000758507	4.3217
0.000764374	6.21167
0.00077024	8.63474
0.000776107	11.7391
0.000781973	15.5054
0.00078784	19.9929
0.000793706	25.1524
0.000799573	30.8917
0.000805439	37.1667
0.000811306	43.7691
0.000817173	50.7085
0.000823039	57.833
0.000828906	65.2315
0.000834772	73.0466
0.000840639	81.4203
0.000846505	90.9259
0.000852372	101.688
0.000858238	114.595
0.000864105	129.683
0.000869971	147.788
0.000875838	168.832
0.000881704	193.156
0.000887571	220.608
0.000893438	250.781
0.000899304	283.539
0.000905171	317.879
0.000911037	353.777
0.000916904	390.225
0.00092277	427.347
0.000928637	464.937
0.000934503	503.21
0.00094037	543.295
0.000946236	585.369
0.000952103	631.648
0.000957969	682.145
0.000963836	738.999
0.000969703	802.024
0.000975569	871.698
0.000981436	947.742
0.000987302	1028.01
0.000993169	1112.3
0.000999035	1196.42
0.0010049	1280.38
0.00101077	1360.09
0.00101663	1435.71
0.0010225	1505.81
0.00102837	1570.59
0.00103423	1632.51
0.0010401	1691.68
0.00104597	1753.47
0.00105183	1817.86
0.0010577	1890.37
0.00106357	1970.9
0.00106943	2062.15
0.0010753	2164.04
0.00108117	2274.86
0.00108703	2394.6
0.0010929	2517.74
0.00109877	2644.32
0.00110463	2767.37
0.0011105	2886.89
0.00111637	2997.13
0.00112223	3098.05
0.0011281	3186.54
0.00113397	3262.53
0.00113983	3325.2
0.0011457	3374.5
0.00115157	3411.14
0.00115743	3435.63
0.0011633	3439.64
0.00116916	3435.24
0.00117503	3424.03
0.0011809	3393.42
0.00118676	3352.34
0.00119263	3301.42
0.0011985	3243.43
0.00120436	3178.38
0.00121023	3109.94
0.0012161	3038.34
0.00122196	2965.25
0.00122783	2890.99
0.0012337	2814.82
0.00123956	2736.87
0.00124543	2655.63
0.0012513	2570.89
0.00125716	2482.64
0.00126303	2390.53
0.0012689	2296.86
0.00127476	2201.56
0.00128063	2107.99
0.0012865	2016.48
0.00129236	1929.25
0.00129823	1846.85
0.0013041	1769.03
0.00130996	1696.14
0.00131583	1626.1
0.00132169	1558.81
0.00132756	1492.16
0.00133343	1425.74
0.00133929	1358.83
0.00134516	1291.08
0.00135103	1223.17
0.00135689	1155.07
0.00136276	1087.81
0.00136863	1021.61
0.00137449	956.847
0.00138036	893.748
0.00138623	831.967
0.00139209	771.514
0.00139796	711.961
0.00140383	653.134
0.00140969	595.166
0.00141556	537.9
0.00142143	482.131
0.00142729	427.895
0.00143316	376.249
0.00143903	327.433
0.00144489	282.255
0.00145076	241.031
0.00145663	204.036
0.00146249	171.511
0.00146836	143.217
0.00147422	119.233
0.00148009	98.9945
0.00148596	82.4232
0.00149182	68.8201
0.00149769	57.9962
0.00150356	49.2686
0.00150942	42.3854
0.00151529	36.792
0.00152116	32.2228
0.00152702	28.327
0.00153289	24.8797
0.00153876	21.7451
0.00154462	18.7843
0.00155049	16.012
0.00155636	13.3848
0.00156222	10.9654
0.00156809	8.7742
0.00157396	6.84377
0.00157982	5.20724
0.00158569	3.84616
0.00159156	2.77102
0.00159742	1.93319
0.00160329	1.31458
0.00160916	0.865796
0.00161502	0.553897
0.00162089	0.344815
0.00162675	0.206726
0.00163262	0.121996
0.00163849	0.0681143
0.00164435	0.0383316
0.00165022	0.0196621
0.00165609	0.0106996
0.00166195	0.00466083
0.00166782	0.0026479
