0.000500379	2.41068e-41
0.000507084	1.06229e-39
0.000513789	4.17685e-39
0.000520493	1.59388e-37
0.000527198	6.26946e-37
0.000533903	2.06133e-35
0.000540607	8.1526e-35
0.000547312	2.31125e-33
0.000554017	9.18467e-33
0.000560721	2.24716e-31
0.000567426	8.96503e-31
0.000574131	1.89498e-29
0.000580835	7.58199e-29
0.00058754	1.38632e-27
0.000594244	5.55627e-27
0.000600949	8.80114e-26
0.000607654	3.52845e-25
0.000614358	4.85031e-24
0.000621063	1.94187e-23
0.000627768	2.32122e-22
0.000634472	9.26262e-22
0.000641177	9.65072e-21
0.000647882	3.82978e-20
0.000654586	3.48738e-19
0.000661291	1.37277e-18
0.000667995	1.09586e-17
0.0006747	4.2665e-17
0.000681405	2.99617e-16
0.000688109	1.14994e-15
0.000694814	7.13169e-15
0.000701519	2.68843e-14
0.000708223	1.47878e-13
0.000714928	5.45317e-13
0.000721633	2.67287e-12
0.000728337	9.59956e-12
0.000735042	4.21413e-11
0.000741746	1.46707e-10
0.000748451	5.79928e-10
0.000755156	1.94721e-09
0.00076186	6.97035e-09
0.000768565	2.24559e-08
0.00077527	7.3217e-08
0.000781974	2.25125e-07
0.000788679	6.72493e-07
0.000795384	1.96311e-06
0.000802088	5.40381e-06
0.000808793	1.48996e-05
0.000815497	3.80047e-05
0.000822202	9.84986e-05
0.000828907	0.000234025
0.000835611	0.000567616
0.000842316	0.00126214
0.000849021	0.0028538
0.000855725	0.00596318
0.00086243	0.0125297
0.000869135	0.0246865
0.000875839	0.0480857
0.000882544	0.0910629
0.000889249	0.163419
0.000895953	0.291788
0.000902658	0.487719
0.000909362	0.809642
0.000916067	1.27005
0.000922772	1.96156
0.000929476	2.89011
0.000936181	4.15763
0.000942886	5.75384
0.00094959	7.72297
0.000956295	10.0361
0.000963	12.5966
0.000969704	15.3696
0.000976409	18.0926
0.000983113	20.7481
0.000989818	23.0087
0.000996523	24.8903
0.00100323	26.2445
0.00100993	27.0657
0.00101664	27.2659
0.00102334	27.3289
0.00103005	27.4009
0.00103675	27.4834
0.00104346	27.8116
0.00105016	28.9218
0.00105686	30.7973
0.00106357	33.4557
0.00107027	37.0514
0.00107698	41.5771
0.00108368	47.0608
0.00109039	53.5066
0.00109709	60.9989
0.0011038	69.5468
0.0011105	79.3924
0.00111721	90.5429
0.00112391	103.416
0.00113062	118.014
0.00113732	134.864
0.00114402	153.961
0.00115073	175.757
0.00115743	200.242
0.00116414	227.498
0.00117084	257.523
0.00117755	289.777
0.00118425	324.27
0.00119096	359.854
0.00119766	396.542
0.00120437	432.908
0.00121107	468.956
0.00121778	503.449
0.00122448	536.373
0.00123119	567.056
0.00123789	595.462
0.00124459	621.637
0.0012513	645.539
0.001258	667.855
0.00126471	688.561
0.00127141	708.678
0.00127812	728.22
0.00128482	748.045
0.00129153	768.212
0.00129823	788.955
0.00130494	810.348
0.00131164	831.916
0.00131835	853.699
0.00132505	874.826
0.00133175	895.293
0.00133846	914.157
0.00134516	931.406
0.00135187	946.067
0.00135857	958.225
0.00136528	965.931
0.00137198	969.776
0.00137869	970.01
0.00138539	963.632
0.0013921	951.147
0.0013988	932.722
0.00140551	908.673
0.00141221	878.79
0.00141891	845.078
0.00142562	807.516
0.00143232	768.793
0.00143903	729.157
0.00144573	690.851
0.00145244	654.293
0.00145914	620.466
0.00146585	589.751
0.00147255	561.79
0.00147926	536.759
0.00148596	513.494
0.00149267	491.927
0.00149937	470.795
0.00150608	449.865
0.00151278	428.3
0.00151948	405.821
0.00152619	382.278
0.00153289	357.456
0.0015396	331.906
0.0015463	305.569
0.00155301	279.452
0.00155971	253.701
0.00156642	229.318
0.00157312	206.606
0.00157983	186.09
0.00158653	168.084
0.00159324	152.427
0.00159994	139.271
0.00160664	127.945
0.00161335	118.364
0.00162005	109.763
0.00162676	101.881
0.00163346	94.2405
0.00164017	86.5615
0.00164687	78.7843
0.00165358	70.7544
0.00166028	62.704
0.00166699	54.6464
0.00167369	46.8725
0.0016804	39.5027
0.0016871	32.7137
0.00169381	26.6338
0.00170051	21.2841
0.00170721	16.7332
0.00171392	12.8993
0.00172062	9.78041
0.00172733	7.26097
0.00173403	5.29346
0.00174074	3.77143
0.00174744	2.631
0.00175415	1.79037
0.00176085	1.18787
0.00176756	0.768414
0.00177426	0.481493
0.00178097	0.295124
0.00178767	0.173279
0.00179437	0.100569
0.00180108	0.0545656
0.00180778	0.0302303
0.00181449	0.0151009
0.00182119	0.00797381
0.0018279	0.00337097
0.0018346	0.00183669
