3.33898e-05	1.6669e-26
3.59039e-05	2.63569e-25
3.8418e-05	1.00427e-24
4.09322e-05	1.40615e-23
4.34463e-05	5.27143e-23
4.59604e-05	6.44551e-22
4.84746e-05	2.41073e-21
5.09887e-05	2.57894e-20
5.35028e-05	9.60542e-20
5.6017e-05	9.00974e-19
5.85311e-05	3.33459e-18
6.10452e-05	2.74924e-17
6.35594e-05	1.00864e-16
6.60735e-05	7.32986e-16
6.85877e-05	2.65833e-15
7.11018e-05	1.70816e-14
7.36159e-05	6.10493e-14
7.61301e-05	3.48082e-13
7.86442e-05	1.22171e-12
8.11583e-05	6.20494e-12
8.36725e-05	2.13057e-11
8.61866e-05	9.67996e-11
8.87007e-05	3.23812e-10
9.12149e-05	1.32211e-09
9.3729e-05	4.28939e-09
9.62431e-05	1.58154e-08
9.87573e-05	4.95279e-08
0.000101271	1.65755e-07
0.000103786	4.98554e-07
0.0001063	1.52249e-06
0.000108814	4.37575e-06
0.000111328	1.22588e-05
0.000113842	3.34934e-05
0.000116356	8.654e-05
0.00011887	0.000223639
0.000121384	0.000535691
0.000123899	0.00130305
0.000126413	0.00290781
0.000128927	0.00662815
0.000131441	0.0138417
0.000133955	0.0294502
0.000136469	0.0577846
0.000138983	0.114388
0.000141498	0.21477
0.000144012	0.391767
0.000146526	0.698997
0.00014904	1.18134
0.000151554	1.96821
0.000154068	3.11658
0.000156582	4.84935
0.000159096	7.21475
0.000161611	10.4998
0.000164125	14.7105
0.000166639	20.0818
0.000169153	26.5559
0.000171667	34.1464
0.000174181	42.7482
0.000176695	52.0461
0.00017921	61.9384
0.000181724	71.8472
0.000184238	81.7218
0.000186752	90.942
0.000189266	99.5227
0.00019178	107.039
0.000194294	113.564
0.000196809	119.036
0.000199323	123.589
0.000201837	127.695
0.000204351	131.568
0.000206865	136.49
0.000209379	142.747
0.000211893	152.751
0.000214407	166.804
0.000216922	188.534
0.000219436	218.156
0.00022195	260.063
0.000224464	314.271
0.000226978	384.765
0.000229492	471.293
0.000232006	575.653
0.000234521	697.381
0.000237035	834.397
0.000239549	986.231
0.000242063	1146.62
0.000244577	1315.35
0.000247091	1484.06
0.000249605	1652.9
0.000252119	1815.33
0.000254634	1971.74
0.000257148	2120.91
0.000259662	2263.22
0.000262176	2403.66
0.00026469	2542.41
0.000267204	2688.38
0.000269718	2841.52
0.000272233	3010.4
0.000274747	3194.85
0.000277261	3398.72
0.000279775	3621.9
0.000282289	3861.43
0.000284803	4117.33
0.000287317	4381.67
0.000289831	4654.52
0.000292346	4927.8
0.00029486	5201.49
0.000297374	5471.2
0.000299888	5736.88
0.000302402	5997.26
0.000304916	6252.37
0.00030743	6500.4
0.000309945	6741.48
0.000312459	6971
0.000314973	7189.03
0.000317487	7390.12
0.000320001	7574.12
0.000322515	7738.23
0.000325029	7882.2
0.000327544	8006.39
0.000330058	8110.76
0.000332572	8195.81
0.000335086	8261.9
0.0003376	8305.31
0.000340114	8327.71
0.000342628	8329.15
0.000345142	8303.07
0.000347657	8253.27
0.000350171	8179.69
0.000352685	8088.4
0.000355199	7979.39
0.000357713	7860.48
0.000360227	7732.71
0.000362741	7598
0.000365256	7457.67
0.00036777	7305.39
0.000370284	7141.42
0.000372798	6956.53
0.000375312	6749.47
0.000377826	6516.15
0.00038034	6254.81
0.000382854	5970
0.000385369	5660.84
0.000387883	5337.57
0.000390397	5000.7
0.000392911	4661.02
0.000395425	4319.9
0.000397939	3985.7
0.000400453	3659.85
0.000402968	3348.1
0.000405482	3051.65
0.000407996	2774.13
0.00041051	2516.58
0.000413024	2280.5
0.000415538	2066.74
0.000418052	1874.42
0.000420566	1704
0.000423081	1552.53
0.000425595	1419.88
0.000428109	1302.08
0.000430623	1198.44
0.000433137	1105.19
0.000435651	1021.35
0.000438165	944.197
0.00044068	872.765
0.000443194	805.638
0.000445708	742.103
0.000448222	681.773
0.000450736	624.312
0.00045325	569.781
0.000455764	518.155
0.000458279	469.372
0.000460793	423.489
0.000463307	380.14
0.000465821	339.243
0.000468335	300.43
0.000470849	263.472
0.000473363	228.401
0.000475877	195.054
0.000478392	163.884
0.000480906	134.986
0.00048342	108.842
0.000485934	85.747
0.000488448	65.8044
0.000490962	49.2603
0.000493476	35.7624
0.000495991	25.308
0.000498505	17.3158
0.000501019	11.5324
0.000503533	7.42468
0.000506047	4.63217
0.000508561	2.80788
0.000511075	1.63183
0.000513589	0.934097
0.000516104	0.498352
0.000518618	0.273293
0.000521132	0.134906
0.000523646	0.0701415
0.00052616	0.0325545
0.000528674	0.0157551
0.000531188	0.00625961
0.000533703	0.00309446
