0.000100103	9.57896e-09
0.00010312	2.5594e-08
0.000106137	7.36392e-08
0.000109154	1.99044e-07
0.000112171	5.1209e-07
0.000115188	1.29687e-06
0.000118205	3.22181e-06
0.000121222	7.66869e-06
0.000124239	1.8343e-05
0.000127256	4.11639e-05
0.000130273	9.45322e-05
0.00013329	0.000200621
0.000136307	0.000441139
0.000139324	0.000887987
0.000142341	0.00186485
0.000145358	0.00357052
0.000148375	0.00714521
0.000151392	0.0130468
0.000154408	0.0248302
0.000157425	0.0441776
0.000160442	0.078663
0.000163459	0.134544
0.000166476	0.226532
0.000169493	0.370949
0.00017251	0.593354
0.000175527	0.928928
0.000178544	1.41573
0.000181561	2.11809
0.000184578	3.08323
0.000187595	4.41014
0.000190612	6.14521
0.000193629	8.41414
0.000196646	11.2482
0.000199663	14.7729
0.00020268	18.9935
0.000205697	23.9959
0.000208714	29.76
0.000211731	36.3012
0.000214748	43.5908
0.000217765	51.576
0.000220782	60.2465
0.000223799	69.5319
0.000226816	79.4651
0.000229833	90.0463
0.00023285	101.363
0.000235867	113.584
0.000238884	126.844
0.000241901	141.548
0.000244918	157.859
0.000247935	176.425
0.000250952	197.398
0.000253969	221.601
0.000256986	249.128
0.000260003	280.809
0.00026302	316.651
0.000266037	357.262
0.000269054	402.575
0.000272071	452.798
0.000275088	507.854
0.000278105	567.591
0.000281122	632.012
0.000284139	700.949
0.000287156	774.533
0.000290173	853.085
0.00029319	936.81
0.000296207	1026.8
0.000299224	1123.19
0.000302241	1227.52
0.000305258	1339.75
0.000308275	1460.97
0.000311292	1590.95
0.000314309	1729.45
0.000317326	1876.15
0.000320343	2029.17
0.00032336	2188.29
0.000326377	2350.54
0.000329394	2515.8
0.000332411	2680.84
0.000335428	2845.58
0.000338445	3006.83
0.000341462	3164.5
0.000344479	3315.07
0.000347496	3458.44
0.000350513	3590.51
0.00035353	3711.25
0.000356547	3816.65
0.000359564	3906.85
0.000362581	3979.75
0.000365598	4035.62
0.000368615	4076.2
0.000371632	4101.74
0.000374649	4118.35
0.000377666	4126.13
0.000380683	4133.83
0.0003837	4141.37
0.000386717	4156.76
0.000389734	4179.88
0.000392751	4214.65
0.000395768	4260.99
0.000398785	4317.2
0.000401802	4383.27
0.000404819	4452.74
0.000407836	4525.69
0.000410853	4593.68
0.00041387	4656.76
0.000416887	4708.59
0.000419904	4749.41
0.000422921	4766.25
0.000425938	4772.76
0.000428955	4770.09
0.000431972	4742.92
0.000434989	4701.98
0.000438006	4647.81
0.000441023	4581.86
0.00044404	4504.16
0.000447057	4416.66
0.000450074	4319.41
0.000453091	4213.81
0.000456108	4099.86
0.000459125	3979.13
0.000462142	3851.59
0.000465159	3719.5
0.000468176	3582.84
0.000471193	3444.39
0.00047421	3304.23
0.000477227	3164.92
0.000480244	3026.64
0.000483261	2891.1
0.000486278	2758.49
0.000489295	2629.55
0.000492312	2504.42
0.000495329	2383.2
0.000498346	2265.93
0.000501363	2152.52
0.00050438	2042.97
0.000507397	1937.27
0.000510414	1835.39
0.000513431	1737.44
0.000516448	1643.41
0.000519465	1553.36
0.000522482	1467.32
0.000525499	1385.19
0.000528516	1307.01
0.000531533	1232.38
0.00053455	1161.33
0.000537567	1093.24
0.000540584	1028.06
0.000543601	965.05
0.000546618	904.121
0.000549635	844.644
0.000552652	786.468
0.000555669	729.3
0.000558686	672.985
0.000561703	617.685
0.00056472	563.302
0.000567737	510.44
0.000570754	459.112
0.000573771	410.173
0.000576788	363.775
0.000579805	320.706
0.000582822	281.217
0.000585839	245.702
0.000588856	214.411
0.000591873	187.174
0.00059489	164.123
0.000597907	144.604
0.000600924	128.559
0.000603941	115.12
0.000606958	104.058
0.000609975	94.597
0.000612992	86.4283
0.000616009	79.0488
0.000619026	72.1809
0.000622043	65.6226
0.00062506	59.1955
0.000628077	52.9174
0.000631094	46.7235
0.000634111	40.7341
0.000637128	34.9709
0.000640145	29.5565
0.000643162	24.5539
0.000646179	20.0287
0.000649196	16.0416
0.000652213	12.5854
0.00065523	9.68924
0.000658247	7.29184
0.000661264	5.3823
0.000664281	3.87808
0.000667298	2.73783
0.000670315	1.88656
0.000673332	1.27075
0.000676349	0.837189
0.000679366	0.536593
0.000682383	0.338217
0.0006854	0.205628
0.000688417	0.124208
0.000691434	0.071356
0.000694451	0.0414218
0.000697468	0.0201927
0.000700485	0.0125359
