3.33898e-05	204.241
3.48982e-05	230.653
3.64066e-05	260.293
3.7915e-05	293.311
3.94234e-05	329.269
4.09318e-05	367.835
4.24402e-05	408.779
4.39487e-05	451.75
4.54571e-05	496.662
4.69655e-05	543.25
4.84739e-05	591.595
4.99823e-05	641.613
5.14907e-05	693.538
5.29991e-05	747.519
5.45076e-05	803.89
5.6016e-05	863.028
5.75244e-05	925.298
5.90328e-05	991.247
6.05412e-05	1061.2
6.20496e-05	1135.79
6.3558e-05	1215.27
6.50665e-05	1300.23
6.65749e-05	1390.84
6.80833e-05	1487.61
6.95917e-05	1590.61
7.11001e-05	1700.21
7.26085e-05	1816.41
7.41169e-05	1939.42
7.56253e-05	2069.16
7.71338e-05	2205.67
7.86422e-05	2348.8
8.01506e-05	2498.39
8.1659e-05	2654.22
8.31674e-05	2815.9
8.46758e-05	2983.12
8.61842e-05	3155.23
8.76927e-05	3331.87
8.92011e-05	3512.07
9.07095e-05	3695.46
9.22179e-05	3880.78
9.37263e-05	4067.68
9.52347e-05	4254.69
9.67431e-05	4441.46
9.82516e-05	4626.45
9.976e-05	4809.37
0.000101268	4988.67
0.000102777	5164.14
0.000104285	5334.34
0.000105794	5499.16
0.000107302	5657.37
0.00010881	5808.95
0.000110319	5953.01
0.000111827	6089.64
0.000113336	6218.44
0.000114844	6339.61
0.000116353	6453.4
0.000117861	6560.13
0.000119369	6660.88
0.000120878	6755.99
0.000122386	6847.4
0.000123895	6935.46
0.000125403	7022.77
0.000126911	7109.59
0.00012842	7198.78
0.000129928	7290.41
0.000131437	7386.96
0.000132945	7488.3
0.000134453	7595.8
0.000135962	7709.15
0.00013747	7828
0.000138979	7951.95
0.000140487	8078.68
0.000141996	8207.77
0.000143504	8335.15
0.000145012	8460.53
0.000146521	8578.78
0.000148029	8689.79
0.000149538	8788.49
0.000151046	8874.95
0.000152554	8945.28
0.000154063	8999.7
0.000155571	9036.92
0.00015708	9056.73
0.000158588	9056.6
0.000160097	9042.96
0.000161605	9015.65
0.000163113	8972.72
0.000164622	8919.38
0.00016613	8855.48
0.000167639	8783.95
0.000169147	8704.68
0.000170655	8619.2
0.000172164	8527.42
0.000173672	8428.85
0.000175181	8323.45
0.000176689	8209.04
0.000178197	8085.61
0.000179706	7950.29
0.000181214	7803.08
0.000182723	7641.62
0.000184231	7465.93
0.00018574	7275.22
0.000187248	7069.48
0.000188756	6850.02
0.000190265	6616.82
0.000191773	6373.16
0.000193282	6118.98
0.00019479	5858.96
0.000196298	5593.05
0.000197807	5326.45
0.000199315	5059.14
0.000200824	4796.07
0.000202332	4537.3
0.000203841	4286.99
0.000205349	4045.23
0.000206857	3815.16
0.000208366	3596.88
0.000209874	3392.37
0.000211383	3201.77
0.000212891	3025.85
0.000214399	2864.76
0.000215908	2718.08
0.000217416	2585.95
0.000218925	2466.82
0.000220433	2360.77
0.000221941	2265.28
0.00022345	2180.36
0.000224958	2102.85
0.000226467	2032.67
0.000227975	1966.47
0.000229484	1904.07
0.000230992	1842.5
0.0002325	1781.51
0.000234009	1718.95
0.000235517	1654.54
0.000237026	1587.28
0.000238534	1516.89
0.000240042	1443.56
0.000241551	1367.09
0.000243059	1288.6
0.000244568	1208.05
0.000246076	1127.09
0.000247585	1045.82
0.000249093	966.016
0.000250601	887.877
0.00025211	812.9
0.000253618	741.349
0.000255127	674.189
0.000256635	611.676
0.000258143	554.156
0.000259652	501.818
0.00026116	454.45
0.000262669	412.138
0.000264177	374.275
0.000265685	340.834
0.000267194	311.023
0.000268702	284.723
0.000270211	261.159
0.000271719	240.153
0.000273228	221.096
0.000274736	203.799
0.000276244	187.888
0.000277753	173.206
0.000279261	159.602
0.00028077	146.979
0.000282278	135.343
0.000283786	124.66
0.000285295	114.992
0.000286803	106.356
0.000288312	98.7785
0.00028982	92.2936
0.000291329	86.8334
0.000292837	82.4161
0.000294345	78.867
0.000295854	76.162
0.000297362	74.0528
0.000298871	72.4639
0.000300379	71.1344
0.000301887	69.9493
0.000303396	68.6987
0.000304904	67.2561
0.000306413	65.5075
0.000307921	63.348
0.000309429	60.7718
0.000310938	57.7229
0.000312446	54.283
0.000313955	50.4562
0.000315463	46.3712
0.000316972	42.0845
0.00031848	37.7271
0.000319988	33.3859
0.000321497	29.1607
0.000323005	25.1415
0.000324514	21.3818
0.000326022	17.9516
0.00032753	14.8601
0.000329039	12.1449
0.000330547	9.78402
0.000332056	7.76838
0.000333564	6.1011
