0.000100103	1.69586e-05
0.00010312	3.25988e-05
0.000106137	7.95196e-05
0.000109154	0.000161276
0.000112171	0.000343188
0.000115188	0.000665819
0.000118205	0.00136341
0.000121222	0.00253545
0.000124239	0.00498703
0.000127256	0.00890628
0.000130273	0.0167988
0.00013329	0.0293905
0.000136307	0.0522525
0.000139324	0.0884986
0.000142341	0.149818
0.000145358	0.244946
0.000148375	0.396007
0.000151392	0.623819
0.000154408	0.96525
0.000157425	1.46308
0.000160442	2.17042
0.000163459	3.16291
0.000166476	4.50458
0.000169493	6.30904
0.00017251	8.63629
0.000175527	11.6268
0.000178544	15.3143
0.000181561	19.8305
0.000184578	25.1642
0.000187595	31.3833
0.000190612	38.4315
0.000193629	46.2654
0.000196646	54.8141
0.000199663	63.9254
0.00020268	73.5695
0.000205697	83.5739
0.000208714	94.0046
0.000211731	104.833
0.000214748	116.238
0.000217765	128.502
0.000220782	141.871
0.000223799	156.999
0.000226816	174.103
0.000229833	194.069
0.00023285	216.983
0.000235867	243.645
0.000238884	273.968
0.000241901	308.299
0.000244918	346.431
0.000247935	388.07
0.000250952	433.008
0.000253969	480.459
0.000256986	530.354
0.000260003	581.891
0.00026302	635.204
0.000266037	690.075
0.000269054	746.799
0.000272071	806.127
0.000275088	868.372
0.000278105	935.158
0.000281122	1006.66
0.000284139	1084.74
0.000287156	1169.34
0.000290173	1261.69
0.00029319	1361.5
0.000296207	1468.62
0.000299224	1582.67
0.000302241	1701.91
0.000305258	1826.04
0.000308275	1952.21
0.000311292	2080.26
0.000314309	2207.16
0.000317326	2332.92
0.000320343	2455.22
0.00032336	2574.21
0.000326377	2688.87
0.000329394	2799.4
0.000332411	2906.22
0.000335428	3009.51
0.000338445	3110.92
0.000341462	3210.56
0.000344479	3310.86
0.000347496	3411.86
0.000350513	3516.15
0.00035353	3623.69
0.000356547	3736.45
0.000359564	3854.3
0.000362581	3977.75
0.000365598	4106.65
0.000368615	4239.44
0.000371632	4376
0.000374649	4512.73
0.000377666	4649.6
0.000380683	4781.76
0.0003837	4909.24
0.000386717	5027.25
0.000389734	5135.85
0.000392751	5231.49
0.000395768	5314.21
0.000398785	5382.32
0.000401802	5435.83
0.000404819	5475.87
0.000407836	5502.54
0.000410853	5506.57
0.00041387	5504.85
0.000416887	5498.28
0.000419904	5472.53
0.000422921	5438.67
0.000425938	5397.03
0.000428955	5348.92
0.000431972	5294.34
0.000434989	5234.93
0.000438006	5170.74
0.000441023	5102.15
0.00044404	5029.24
0.000447057	4950.87
0.000450074	4867.1
0.000453091	4775.77
0.000456108	4676.82
0.000459125	4568.34
0.000462142	4450.14
0.000465159	4322.03
0.000468176	4183.75
0.000471193	4037.76
0.00047421	3883.84
0.000477227	3726.75
0.000480244	3566.48
0.000483261	3408.55
0.000486278	3253.27
0.000489295	3104.94
0.000492312	2964.08
0.000495329	2832.38
0.000498346	2710.37
0.000501363	2596.91
0.00050438	2492.28
0.000507397	2393.54
0.000510414	2300.6
0.000513431	2210.28
0.000516448	2122.19
0.000519465	2034.25
0.000522482	1945.99
0.000525499	1856.96
0.000528516	1766.82
0.000531533	1676.39
0.00053455	1585.61
0.000537567	1495.74
0.000540584	1406.93
0.000543601	1320.15
0.000546618	1235.61
0.000549635	1153.74
0.000552652	1074.68
0.000555669	998.496
0.000558686	925.208
0.000561703	854.894
0.00056472	787.525
0.000567737	723.38
0.000570754	662.471
0.000573771	605.19
0.000576788	551.633
0.000579805	502.056
0.000582822	456.598
0.000585839	415.173
0.000588856	377.881
0.000591873	344.267
0.00059489	314.319
0.000597907	287.354
0.000600924	263.231
0.000603941	241.246
0.000606958	221.173
0.000609975	202.466
0.000612992	184.88
0.000616009	168.123
0.000619026	152
0.000622043	136.47
0.00062506	121.432
0.000628077	107.015
0.000631094	93.2205
0.000634111	80.2314
0.000637128	68.1205
0.000640145	57.0202
0.000643162	47.0241
0.000646179	38.1567
0.000649196	30.4816
0.000652213	23.9172
0.00065523	18.4677
0.000658247	13.987
0.000661264	10.4202
0.000664281	7.60871
0.000667298	5.4602
0.000670315	3.84139
0.000673332	2.65118
0.000676349	1.79688
0.000679366	1.19066
0.000682383	0.777773
0.0006854	0.493857
0.000688417	0.311225
0.000691434	0.188937
0.000694451	0.115047
0.000697468	0.0620139
0.000700485	0.0392688
