0.000500379	8.09878e-259
0.000510437	2.49443e-250
0.000520494	9.97771e-250
0.000530551	2.09297e-241
0.000540608	8.45751e-241
0.000550665	1.20805e-232
0.000560722	4.93236e-232
0.000570779	4.79669e-224
0.000580836	1.9791e-223
0.000590893	1.31017e-215
0.00060095	5.46367e-215
0.000611007	2.46175e-207
0.000621064	1.03777e-206
0.000631121	3.1819e-199
0.000641178	1.3562e-198
0.000651235	2.82916e-191
0.000661292	1.21941e-190
0.000671349	1.73043e-183
0.000681406	7.54359e-183
0.000691463	7.28075e-176
0.00070152	3.21081e-175
0.000711577	2.10729e-168
0.000721634	9.40284e-168
0.000731691	4.19561e-161
0.000741748	1.89458e-160
0.000751806	5.74635e-154
0.000761863	2.62651e-153
0.00077192	5.41393e-147
0.000781977	2.5053e-146
0.000792034	3.5088e-140
0.000802091	1.64421e-139
0.000812148	1.56434e-133
0.000822205	7.42462e-133
0.000832262	4.79767e-127
0.000842319	2.30683e-126
0.000852376	1.01219e-120
0.000862433	4.9316e-120
0.00087249	1.469e-114
0.000882547	7.25429e-114
0.000892604	1.46662e-108
0.000902661	7.34247e-108
0.000912718	1.0073e-102
0.000922775	5.11374e-102
0.000932832	4.75928e-97
0.000942889	2.45071e-96
0.000952946	1.54696e-91
0.000963003	8.08191e-91
0.00097306	3.45924e-86
0.000983117	1.83407e-85
0.000993175	5.32176e-81
0.00100323	2.86424e-80
0.00101329	5.63272e-76
0.00102335	3.07833e-75
0.0010334	4.1019e-71
0.00104346	2.27693e-70
0.00105352	2.05531e-66
0.00106357	1.15914e-65
0.00107363	7.08635e-62
0.00108369	4.06159e-61
0.00109374	1.68132e-57
0.0011038	9.79641e-57
0.00111386	2.74537e-53
0.00112392	1.6266e-52
0.00113397	3.08549e-49
0.00114403	1.85942e-48
0.00115409	2.38717e-45
0.00116414	1.46355e-44
0.0011742	1.27163e-41
0.00118426	7.93283e-41
0.00119432	4.66507e-38
0.00120437	2.96144e-37
0.00121443	1.17901e-34
0.00122449	7.61567e-34
0.00123454	2.05362e-31
0.0012446	1.34938e-30
0.00125466	2.46669e-28
0.00126471	1.64773e-27
0.00127477	2.04474e-25
0.00128483	1.38702e-24
0.00129489	1.171e-22
0.00130494	8.05136e-22
0.001315	4.63989e-20
0.00132506	3.22413e-19
0.00133511	1.2746e-17
0.00134517	8.91067e-17
0.00135523	2.43421e-15
0.00136529	1.70058e-14
0.00137534	3.24392e-13
0.0013854	2.24259e-12
0.00139546	3.03105e-11
0.00140551	2.04508e-10
0.00141557	1.99748e-09
0.00142563	1.2909e-08
0.00143568	9.3458e-08
0.00144574	5.64707e-07
0.0014558	3.12508e-06
0.00146586	1.71459e-05
0.00147591	7.50839e-05
0.00148597	0.000362047
0.00149603	0.00129991
0.00150608	0.00533049
0.00151614	0.0162107
0.0015262	0.0549124
0.00153625	0.145134
0.00154631	0.397636
0.00155637	0.928116
0.00156643	2.03665
0.00157648	4.37217
0.00158654	7.98065
0.0015966	13.6062
0.00160665	21.3208
0.00161671	30.2771
0.00162677	40.5559
0.00163683	49.8519
0.00164688	58.0529
0.00165694	64.5434
0.001667	69.0382
0.00167705	74.6412
0.00168711	81.175
0.00169717	93.9046
0.00170722	112.965
0.00171728	142.655
0.00172734	183.477
0.0017374	235.45
0.00174745	299.14
0.00175751	369.639
0.00176757	446.844
0.00177762	526.114
0.00178768	606.466
0.00179774	690.188
0.00180779	776.528
0.00181785	873.491
0.00182791	981.71
0.00183797	1106.3
0.00184802	1248.89
0.00185808	1405.31
0.00186814	1576.44
0.00187819	1752.18
0.00188825	1931.5
0.00189831	2108.05
0.00190837	2280.93
0.00191842	2446.04
0.00192848	2603.9
0.00193854	2744.71
0.00194859	2867.04
0.00195865	2964.8
0.00196871	3034.61
0.00197876	3084.66
0.00198882	3115
0.00199888	3135.38
0.00200894	3149.66
0.00201899	3153.19
0.00202905	3147.46
0.00203911	3133.34
0.00204916	3096.14
0.00205922	3036.34
0.00206928	2955.64
0.00207933	2855.46
0.00208939	2735.97
0.00209945	2600.17
0.00210951	2448.6
0.00211956	2283.96
0.00212962	2105.44
0.00213968	1921.61
0.00214973	1733.11
0.00215979	1552.1
0.00216985	1383.02
0.00217991	1230.9
0.00218996	1100.37
0.00220002	986.191
0.00221008	888.592
0.00222013	800.421
0.00223019	718.535
0.00224025	640.918
0.0022503	565.455
0.00226036	493.271
0.00227042	424.158
0.00228048	359.405
0.00229053	299.308
0.00230059	245.385
0.00231065	198.658
0.0023207	159.128
0.00233076	127.739
0.00234082	102.13
0.00235088	81.4033
0.00236093	63.998
0.00237099	48.4311
0.00238105	35.1307
0.0023911	23.9306
0.00240116	15.0681
0.00241122	8.89206
0.00242127	4.72572
0.00243133	2.24975
0.00244139	1.05967
0.00245145	0.42643
0.0024615	0.1667
0.00247156	0.0594281
0.00248162	0.0182412
0.00249167	0.00559785
0.00250173	0.0013834
