0.000100103	39.6187
0.000103622	44.3846
0.000107142	48.7735
0.000110662	52.8344
0.000114182	56.4242
0.000117702	59.3976
0.000121222	61.7814
0.000124742	63.5157
0.000128261	64.704
0.000131781	65.4489
0.000135301	65.7406
0.000138821	65.7875
0.000142341	65.8079
0.000145861	65.8155
0.000149381	65.8218
0.0001529	65.9351
0.00015642	66.139
0.00015994	66.3392
0.00016346	66.4779
0.00016698	66.3823
0.0001705	66.0519
0.00017402	65.3382
0.000177539	64.1008
0.000181059	62.3933
0.000184579	60.2542
0.000188099	57.7287
0.000191619	54.9291
0.000195139	52.0363
0.000198659	49.1436
0.000202178	46.4948
0.000205698	44.1297
0.000209218	42.2393
0.000212738	40.8431
0.000216258	40.0492
0.000219778	39.7317
0.000223298	39.9338
0.000226817	40.6767
0.000230337	41.8663
0.000233857	43.5547
0.000237377	45.7696
0.000240897	48.5992
0.000244417	52.2251
0.000247937	56.7478
0.000251456	62.4943
0.000254976	69.5336
0.000258496	78.2382
0.000262016	88.6163
0.000265536	100.942
0.000269056	115.163
0.000272576	131.341
0.000276095	149.389
0.000279615	169.125
0.000283135	190.465
0.000286655	213.047
0.000290175	236.812
0.000293695	261.332
0.000297214	286.578
0.000300734	312.157
0.000304254	338.06
0.000307774	363.976
0.000311294	389.905
0.000314814	415.619
0.000318334	441.128
0.000321853	466.287
0.000325373	491.13
0.000328893	515.653
0.000332413	539.929
0.000335933	564.235
0.000339453	588.696
0.000342973	614.066
0.000346492	640.514
0.000350012	669.465
0.000353532	701.104
0.000357052	737.6
0.000360572	779.109
0.000364092	828.387
0.000367612	885.509
0.000371131	953.363
0.000374651	1031.91
0.000378171	1123.45
0.000381691	1227.83
0.000385211	1345.98
0.000388731	1477.68
0.000392251	1621.89
0.00039577	1778.42
0.00039929	1944.16
0.00040281	2118.98
0.00040633	2298.22
0.00040985	2481.85
0.00041337	2664.62
0.00041689	2846.55
0.000420409	3022.91
0.000423929	3193.78
0.000427449	3355.78
0.000430969	3508.98
0.000434489	3651.72
0.000438009	3784.04
0.000441529	3905.7
0.000445048	4016.73
0.000448568	4117.66
0.000452088	4208.51
0.000455608	4289.95
0.000459128	4361.98
0.000462648	4425.08
0.000466168	4479.23
0.000469687	4524.77
0.000473207	4561.69
0.000476727	4590.58
0.000480247	4611.49
0.000483767	4624.26
0.000487287	4630.62
0.000490807	4630.87
0.000494326	4624.98
0.000497846	4614.36
0.000501366	4599.02
0.000504886	4580.05
0.000508406	4557.47
0.000511926	4532.05
0.000515446	4503.81
0.000518965	4473.18
0.000522485	4440.2
0.000526005	4404.9
0.000529525	4367.33
0.000533045	4326.95
0.000536565	4283.84
0.000540085	4236.74
0.000543604	4185.7
0.000547124	4128.96
0.000550644	4066.47
0.000554164	3996.53
0.000557684	3918.97
0.000561204	3832.84
0.000564724	3737.91
0.000568243	3634.46
0.000571763	3522.3
0.000575283	3402.86
0.000578803	3276.09
0.000582323	3144.04
0.000585843	3006.8
0.000589362	2866.42
0.000592882	2723.09
0.000596402	2578.44
0.000599922	2432.67
0.000603442	2287.07
0.000606962	2141.76
0.000610482	1997.95
0.000614001	1855.73
0.000617521	1716.52
0.000621041	1580.43
0.000624561	1449.19
0.000628081	1322.99
0.000631601	1203.66
0.000635121	1091.51
0.00063864	988.009
0.00064216	893.584
0.00064568	808.848
0.0006492	734.215
0.00065272	669.152
0.00065624	613.898
0.00065976	566.83
0.000663279	527.874
0.000666799	494.747
0.000670319	467.026
0.000673839	442.413
0.000677359	420.236
0.000680879	398.788
0.000684399	377.347
0.000687918	355.135
0.000691438	331.597
0.000694958	306.862
0.000698478	280.689
0.000701998	253.805
0.000705518	226.298
0.000709038	199.074
0.000712557	172.451
0.000716077	147.155
0.000719597	123.576
0.000723117	102.076
0.000726637	82.9657
0.000730157	66.2386
0.000733677	52.0413
0.000737196	40.1136
0.000740716	30.4289
0.000744236	22.6254
0.000747756	16.5517
0.000751276	11.8654
0.000754796	8.36055
0.000758316	5.77694
0.000761835	3.91506
0.000765355	2.60782
0.000768875	1.69699
0.000772395	1.09026
0.000775915	0.679866
0.000779435	0.421731
0.000782955	0.251402
0.000786474	0.150815
0.000789994	0.0856915
0.000793514	0.0498262
0.000797034	0.0241527
0.000800554	0.0152006
