0.000100103	1.99387e-10
0.000103622	6.73109e-10
0.000107142	2.09427e-09
0.000110662	6.93958e-09
0.000114182	1.96534e-08
0.000117702	6.00525e-08
0.000121222	1.64789e-07
0.000124742	4.65999e-07
0.000128261	1.2346e-06
0.000131781	3.24303e-06
0.000135301	8.26546e-06
0.000138821	2.02427e-05
0.000142341	4.94515e-05
0.000145861	0.000113332
0.000149381	0.000264426
0.0001529	0.000569124
0.00015642	0.00126381
0.00015994	0.00256328
0.00016346	0.00539971
0.00016698	0.0103532
0.0001705	0.0206264
0.00017402	0.0377565
0.000177539	0.0705718
0.000181059	0.125011
0.000184579	0.216993
0.000188099	0.365292
0.000191619	0.59643
0.000195139	0.951344
0.000198659	1.46565
0.000202178	2.21093
0.000205698	3.22058
0.000209218	4.59046
0.000212738	6.33088
0.000216258	8.52618
0.000219778	11.1439
0.000223298	14.1932
0.000226817	17.6
0.000230337	21.2428
0.000233857	25.0409
0.000237377	28.7556
0.000240897	32.3561
0.000244417	35.6063
0.000247937	38.5631
0.000251456	41.173
0.000254976	43.5639
0.000258496	45.9798
0.000262016	48.5527
0.000265536	51.7635
0.000269056	55.6825
0.000272576	60.812
0.000276095	67.1512
0.000279615	75.023
0.000283135	84.41
0.000286655	95.4488
0.000290175	108.169
0.000293695	122.72
0.000297214	139.182
0.000300734	157.917
0.000304254	178.982
0.000307774	202.885
0.000311294	229.576
0.000314814	259.315
0.000318334	291.924
0.000321853	326.95
0.000325373	364.167
0.000328893	402.279
0.000332413	441.153
0.000335933	479.123
0.000339453	516.26
0.000342973	551.488
0.000346492	585.085
0.000350012	617.537
0.000353532	649.212
0.000357052	682.539
0.000360572	717.809
0.000364092	758.849
0.000367612	805.74
0.000371131	862.36
0.000374651	928.557
0.000378171	1006.67
0.000381691	1096.39
0.000385211	1197.39
0.000388731	1309.36
0.000392251	1429.15
0.00039577	1556.58
0.00039929	1686.72
0.00040281	1819.56
0.00040633	1950.27
0.00040985	2078.99
0.00041337	2203.03
0.00041689	2322.59
0.000420409	2438.39
0.000423929	2550.55
0.000427449	2663.01
0.000430969	2775.79
0.000434489	2894.29
0.000438009	3018.47
0.000441529	3152.76
0.000445048	3297.11
0.000448568	3452.86
0.000452088	3619.99
0.000455608	3795.71
0.000459128	3980.07
0.000462648	4166.44
0.000466168	4354.9
0.000469687	4536.62
0.000473207	4711.65
0.000476727	4871.69
0.000480247	5016.65
0.000483767	5141.82
0.000487287	5246.94
0.000490807	5332.62
0.000494326	5398.6
0.000497846	5449.8
0.000501366	5486.15
0.000504886	5513.45
0.000508406	5532.18
0.000511926	5541.95
0.000515446	5546.57
0.000518965	5546.22
0.000522485	5534.12
0.000526005	5508.97
0.000529525	5471.16
0.000533045	5416.83
0.000536565	5345.48
0.000540085	5257.92
0.000543604	5153.72
0.000547124	5037.15
0.000550644	4908.21
0.000554164	4771.84
0.000557684	4628.46
0.000561204	4481.02
0.000564724	4330.06
0.000568243	4175.93
0.000571763	4018.91
0.000575283	3858.15
0.000578803	3693.54
0.000582323	3524.98
0.000585843	3352.18
0.000589362	3176.8
0.000592882	2998.69
0.000596402	2820.83
0.000599922	2643.42
0.000603442	2469.49
0.000606962	2299.49
0.000610482	2135.43
0.000614001	1977.8
0.000617521	1827.26
0.000621041	1684.14
0.000624561	1548.21
0.000628081	1419.55
0.000631601	1297.69
0.000635121	1182.56
0.00063864	1073.85
0.00064216	971.475
0.00064568	875.344
0.0006492	785.41
0.00065272	701.683
0.00065624	624.168
0.00065976	552.827
0.000663279	487.691
0.000666799	428.57
0.000670319	375.495
0.000673839	328.029
0.000677359	286.16
0.000680879	249.171
0.000684399	216.953
0.000687918	188.619
0.000691438	163.931
0.000694958	142.079
0.000698478	122.741
0.000701998	105.401
0.000705518	89.7691
0.000709038	75.6598
0.000712557	62.9062
0.000716077	51.5095
0.000719597	41.4324
0.000723117	32.6711
0.000726637	25.2448
0.000730157	19.0447
0.000733677	14.0638
0.000737196	10.1069
0.000740716	7.10551
0.000744236	4.8529
0.000747756	3.23769
0.000751276	2.10005
0.000754796	1.32533
0.000758316	0.817069
0.000761835	0.485957
0.000765355	0.285402
0.000768875	0.158986
0.000772395	0.0894608
0.000775915	0.0461883
0.000779435	0.0251862
0.000782955	0.01232
0.000786474	0.00634977
0.000789994	0.00295148
0.000793514	0.001433
0.000797034	0.000575307
0.000800554	0.000289409
