0.000500379	1.3657e-18
0.000506246	9.82146e-18
0.000512113	3.51888e-17
0.000517979	2.33424e-16
0.000523846	8.0018e-16
0.000529712	4.74893e-15
0.000535579	1.60589e-14
0.000541445	8.55212e-14
0.000547312	2.84446e-13
0.000553178	1.36369e-12
0.000559045	4.44689e-12
0.000564911	1.92602e-11
0.000570778	6.13629e-11
0.000576644	2.41011e-10
0.000582511	7.47431e-10
0.000588378	2.67285e-09
0.000594244	8.03674e-09
0.000600111	2.62775e-08
0.000605977	7.62898e-08
0.000611844	2.2907e-07
0.00061771	6.39399e-07
0.000623577	1.77094e-06
0.000629443	4.73203e-06
0.00063531	1.21437e-05
0.000641176	3.09283e-05
0.000647043	7.38655e-05
0.000652909	0.000178557
0.000658776	0.000398557
0.000664643	0.000910769
0.000670509	0.00190762
0.000676376	0.00410566
0.000682242	0.00809894
0.000688109	0.0163633
0.000693975	0.0306004
0.000699842	0.0577615
0.000705708	0.10457
0.000711575	0.182166
0.000717441	0.310808
0.000723308	0.508018
0.000729174	0.815427
0.000735041	1.25481
0.000740908	1.894
0.000746774	2.75089
0.000752641	3.90869
0.000758507	5.37032
0.000764374	7.20117
0.00077024	9.38402
0.000776107	11.9243
0.000781973	14.7938
0.00078784	17.9226
0.000793706	21.2924
0.000799573	24.7988
0.000805439	28.4505
0.000811306	32.1913
0.000817173	36.0542
0.000823039	40.0946
0.000828906	44.3515
0.000834772	48.9855
0.000840639	54.0296
0.000846505	59.699
0.000852372	66.0286
0.000858238	73.2783
0.000864105	81.5031
0.000869971	91.0837
0.000875838	102.093
0.000881704	115.116
0.000887571	130.205
0.000893438	148.071
0.000899304	168.704
0.000905171	192.638
0.000911037	219.798
0.000916904	250.219
0.00092277	283.826
0.000928637	320.182
0.000934503	359.297
0.00094037	400.797
0.000946236	444.789
0.000952103	491.649
0.000957969	541.496
0.000963836	595.595
0.000969703	653.967
0.000975569	718.009
0.000981436	787.618
0.000987302	863.141
0.000993169	944.426
0.000999035	1030.17
0.0010049	1120.29
0.00101077	1212.48
0.00101663	1306.77
0.0010225	1401.4
0.00102837	1496.48
0.00103423	1591.97
0.0010401	1687.95
0.00104597	1785.85
0.00105183	1885.65
0.0010577	1988.44
0.00106357	2094.17
0.00106943	2201.53
0.0010753	2310.5
0.00108117	2416.97
0.00108703	2520.97
0.0010929	2617.64
0.00109877	2707.01
0.00110463	2786.88
0.0011105	2857.19
0.00111637	2920.57
0.00112223	2976.89
0.0011281	3032.27
0.00113397	3086.73
0.00113983	3145.39
0.0011457	3208.52
0.00115157	3275.79
0.00115743	3347.59
0.0011633	3417.12
0.00116916	3484.57
0.00117503	3541.39
0.0011809	3588.89
0.00118676	3600.96
0.00119263	3602.33
0.0011985	3597.58
0.00120436	3554.28
0.00121023	3492.93
0.0012161	3415.8
0.00122196	3327.23
0.00122783	3227.4
0.0012337	3122.5
0.00123956	3013
0.00124543	2902.43
0.0012513	2791.25
0.00125716	2680.31
0.00126303	2569.87
0.0012689	2459.34
0.00127476	2348.7
0.00128063	2237.54
0.0012865	2125.66
0.00129236	2013.94
0.00129823	1902.22
0.0013041	1792.65
0.00130996	1685.29
0.00131583	1582.5
0.00132169	1484.62
0.00132756	1392.83
0.00133343	1307.59
0.00133929	1228.27
0.00134516	1155.13
0.00135103	1086.21
0.00135689	1021.4
0.00136276	958.603
0.00136863	897.417
0.00137449	836.728
0.00138036	776.08
0.00138623	715.716
0.00139209	655.393
0.00139796	596.307
0.00140383	538.523
0.00140969	483.475
0.00141556	431.455
0.00142143	383.538
0.00142729	340.094
0.00143316	301.51
0.00143903	268.097
0.00144489	239.478
0.00145076	215.783
0.00145663	196.048
0.00146249	180.154
0.00146836	166.959
0.00147422	156.129
0.00148009	146.808
0.00148596	138.605
0.00149182	131.165
0.00149769	124.229
0.00150356	117.79
0.00150942	111.79
0.00151529	106.221
0.00152116	101.126
0.00152702	96.289
0.00153289	91.6873
0.00153876	86.9867
0.00154462	82.035
0.00155049	76.6447
0.00155636	70.6259
0.00156222	64.1016
0.00156809	57.0007
0.00157396	49.6755
0.00157982	42.2427
0.00158569	35.0549
0.00159156	28.3423
0.00159742	22.2773
0.00160329	17.0619
0.00160916	12.6647
0.00161502	9.16411
0.00162089	6.41631
0.00162675	4.37558
0.00163262	2.89063
0.00163849	1.85238
0.00164435	1.15666
0.00165022	0.693818
0.00165609	0.410829
0.00166195	0.211772
0.00166782	0.129498
