0.000500379	2.979e-214
0.000510437	2.06876e-207
0.000520494	8.27504e-207
0.000530551	4.20309e-200
0.000540608	1.69844e-199
0.000550665	6.3087e-193
0.000560722	2.57578e-192
0.000570779	6.99557e-186
0.000580836	2.88635e-185
0.000590893	5.73083e-179
0.00060095	2.38987e-178
0.000611007	3.46836e-172
0.000621064	1.46212e-171
0.000631121	1.55075e-165
0.000641178	6.60963e-165
0.000651235	5.12235e-159
0.000661292	2.2078e-158
0.000671349	1.25e-152
0.000681406	5.4492e-152
0.000691463	2.25352e-146
0.00070152	9.938e-146
0.000711577	3.00142e-140
0.000721634	1.33925e-139
0.000731691	2.95328e-134
0.000741748	1.33358e-133
0.000751806	2.14683e-128
0.000761863	9.81255e-128
0.00077192	1.15294e-122
0.000781977	5.33519e-122
0.000792034	4.57442e-117
0.000802091	2.14352e-116
0.000812148	1.34087e-111
0.000822205	6.36385e-111
0.000832262	2.90375e-106
0.000842319	1.39615e-105
0.000852376	4.64579e-101
0.000862433	2.26346e-100
0.00087249	5.49153e-96
0.000882547	2.71172e-95
0.000892604	4.79584e-91
0.000902661	2.40081e-90
0.000912718	3.09442e-86
0.000922775	1.57079e-85
0.000932832	1.47518e-81
0.000942889	7.59519e-81
0.000952946	5.19602e-77
0.000963003	2.7141e-76
0.00097306	1.35228e-72
0.000983117	7.16793e-72
0.000993175	2.60045e-68
0.00100323	1.39911e-67
0.00101329	3.69512e-64
0.00102335	2.01845e-63
0.0010334	3.87996e-60
0.00104346	2.15232e-59
0.00105352	3.01071e-56
0.00106357	1.69642e-55
0.00107363	1.72657e-52
0.00108369	9.88371e-52
0.00109374	7.31826e-49
0.0011038	4.25683e-48
0.00111386	2.29293e-45
0.00112392	1.35537e-44
0.00113397	5.31121e-42
0.00114403	3.1905e-41
0.00115409	9.09699e-39
0.00116414	5.55294e-38
0.0011742	1.15242e-35
0.00118426	7.14634e-35
0.00119432	1.08011e-32
0.00120437	6.80112e-32
0.00121443	7.49318e-30
0.00122449	4.78694e-29
0.00123454	3.8499e-27
0.0012446	2.49212e-26
0.00125466	1.46608e-24
0.00126471	9.59791e-24
0.00127477	4.14221e-22
0.00128483	2.73499e-21
0.00129489	8.69498e-20
0.00130494	5.76762e-19
0.001315	1.35843e-17
0.00132506	9.00354e-17
0.00133511	1.58317e-15
0.00134517	1.04076e-14
0.00135523	1.38029e-13
0.00136529	8.91228e-13
0.00137534	9.03302e-12
0.0013854	5.65684e-11
0.00139546	4.45426e-10
0.00140551	2.66332e-09
0.00141557	1.66163e-08
0.00142563	9.31044e-08
0.00143568	4.70704e-07
0.00144574	2.41988e-06
0.0014558	1.01564e-05
0.00146586	4.68475e-05
0.00147591	0.000167247
0.00148597	0.000677212
0.00149603	0.00210336
0.00150608	0.00733448
0.00151614	0.0201983
0.0015262	0.0597839
0.00153625	0.148035
0.00154631	0.368956
0.00155637	0.828291
0.00156643	1.7375
0.00157648	3.63182
0.00158654	6.60794
0.0015966	11.764
0.00160665	19.1116
0.00161671	29.4344
0.00162677	42.8172
0.00163683	58.5364
0.00164688	76.6707
0.00165694	95.2819
0.001667	114.27
0.00167705	132.929
0.00168711	150.949
0.00169717	171.19
0.00170722	193.41
0.00171728	223.246
0.00172734	260.868
0.0017374	310.884
0.00174745	373.96
0.00175751	449.488
0.00176757	538.228
0.00177762	633.275
0.00178768	734.499
0.00179774	834.929
0.00180779	933.115
0.00181785	1031.45
0.00182791	1128.91
0.00183797	1235.15
0.00184802	1351.25
0.00185808	1481.49
0.00186814	1627.58
0.00187819	1784.77
0.00188825	1953.61
0.00189831	2125.63
0.00190837	2300.79
0.00191842	2467.99
0.00192848	2626.29
0.00193854	2765.05
0.00194859	2881.69
0.00195865	2974.55
0.00196871	3041.71
0.00197876	3089.34
0.00198882	3120.16
0.00199888	3127.81
0.00200894	3123.1
0.00201899	3111.27
0.00202905	3076.45
0.00203911	3024.95
0.00204916	2959.69
0.00205922	2883.9
0.00206928	2799.19
0.00207933	2706.08
0.00208939	2606.22
0.00209945	2494.37
0.00210951	2369.05
0.00211956	2229.02
0.00212962	2071.65
0.00213968	1904.88
0.00214973	1729.35
0.00215979	1554.65
0.00216985	1384.22
0.00217991	1222.3
0.00218996	1071.46
0.00220002	932.323
0.00221008	805.832
0.00222013	691.673
0.00223019	590.172
0.00224025	500.264
0.0022503	421.762
0.00226036	353.485
0.00227042	294.936
0.00228048	245.318
0.00229053	204.318
0.00230059	170.942
0.00231065	144.886
0.0023207	124.78
0.00233076	110.032
0.00234082	99.3387
0.00235088	91.9753
0.00236093	86.8789
0.00237099	83.3349
0.00238105	80.5587
0.0023911	77.895
0.00240116	74.9297
0.00241122	71.1937
0.00242127	66.5574
0.00243133	60.7006
0.00244139	53.8633
0.00245145	45.9285
0.0024615	37.5888
0.00247156	29.2305
0.00248162	21.4443
0.00249167	14.9936
0.00250173	9.61687
