3.33898e-05	0.0577607
3.55687e-05	0.0894497
3.77476e-05	0.150225
3.99264e-05	0.233669
4.21053e-05	0.358524
4.42842e-05	0.535759
4.64631e-05	0.785058
4.8642e-05	1.12543
5.08209e-05	1.5771
5.29998e-05	2.16668
5.51787e-05	2.90643
5.73576e-05	3.82411
5.95365e-05	4.91338
6.17154e-05	6.1891
6.38943e-05	7.61909
6.60732e-05	9.18697
6.82521e-05	10.8373
7.0431e-05	12.5093
7.26099e-05	14.1393
7.47888e-05	15.6263
7.69677e-05	16.9214
7.91465e-05	17.9903
8.13254e-05	18.6127
8.35043e-05	18.6565
8.56832e-05	18.6705
8.78621e-05	18.2842
9.0041e-05	17.3056
9.22199e-05	16.1269
9.43988e-05	14.7147
9.65777e-05	13.1821
9.87566e-05	11.5763
0.000100935	10.0342
0.000103114	8.58425
0.000105293	7.34847
0.000107472	6.34011
0.000109651	5.63058
0.00011183	5.26764
0.000114009	5.35261
0.000116188	5.72731
0.000118367	6.49956
0.000120546	7.81217
0.000122724	9.55916
0.000124903	11.7743
0.000127082	14.4835
0.000129261	17.6807
0.00013144	21.3694
0.000133619	25.5376
0.000135798	30.1609
0.000137977	35.2255
0.000140156	40.6797
0.000142334	46.5153
0.000144513	52.6704
0.000146692	59.1526
0.000148871	65.9285
0.00015105	73.033
0.000153229	80.5264
0.000155408	88.477
0.000157587	97.1194
0.000159766	106.551
0.000161945	117.244
0.000164123	129.306
0.000166302	143.452
0.000168481	159.766
0.00017066	179.112
0.000172839	201.523
0.000175018	227.815
0.000177197	257.953
0.000179376	292.448
0.000181555	331.204
0.000183733	374.196
0.000185912	421.292
0.000188091	471.814
0.00019027	525.639
0.000192449	581.524
0.000194628	639.394
0.000196807	697.74
0.000198986	756.56
0.000201165	814.518
0.000203344	871.672
0.000205522	927.275
0.000207701	981.412
0.00020988	1034.13
0.000212059	1085.51
0.000214238	1136.31
0.000216417	1186.56
0.000218596	1237.4
0.000220775	1288.82
0.000222954	1341.85
0.000225132	1396.48
0.000227311	1453.28
0.00022949	1512.23
0.000231669	1573.36
0.000233848	1636.65
0.000236027	1701.73
0.000238206	1768.6
0.000240385	1836.77
0.000242564	1906.25
0.000244743	1976.58
0.000246921	2047.78
0.0002491	2119.39
0.000251279	2191.42
0.000253458	2263.12
0.000255637	2334.5
0.000257816	2404.25
0.000259995	2472.39
0.000262174	2537.04
0.000264353	2598.22
0.000266531	2653.82
0.00026871	2703.84
0.000270889	2746.54
0.000273068	2781.89
0.000275247	2809.45
0.000277426	2829.41
0.000279605	2837.96
0.000281784	2841.42
0.000283963	2840.77
0.000286142	2831.19
0.00028832	2817.4
0.000290499	2799.72
0.000292678	2779.55
0.000294857	2756.98
0.000297036	2732.83
0.000299215	2707.23
0.000301394	2679.79
0.000303573	2650.64
0.000305752	2618.46
0.00030793	2583.27
0.000310109	2543.51
0.000312288	2499.09
0.000314467	2448.86
0.000316646	2392.66
0.000318825	2330.28
0.000321004	2261.55
0.000323183	2187.28
0.000325362	2107.37
0.00032754	2023.5
0.000329719	1935.67
0.000331898	1846.02
0.000334077	1754.69
0.000336256	1663.83
0.000338435	1573.68
0.000340614	1485.97
0.000342793	1400.99
0.000344972	1319.76
0.000347151	1242.54
0.000349329	1169.58
0.000351508	1101.04
0.000353687	1036.54
0.000355866	976.114
0.000358045	919.083
0.000360224	865.372
0.000362403	814.323
0.000364582	765.799
0.000366761	719.367
0.000368939	674.897
0.000371118	632.198
0.000373297	591.189
0.000375476	551.827
0.000377655	514.081
0.000379834	477.95
0.000382013	443.43
0.000384192	410.504
0.000386371	379.171
0.00038855	349.405
0.000390728	321.199
0.000392907	294.529
0.000395086	269.39
0.000397265	245.749
0.000399444	223.606
0.000401623	202.904
0.000403802	183.637
0.000405981	165.725
0.00040816	149.147
0.000410338	133.825
0.000412517	119.725
0.000414696	106.798
0.000416875	95.0132
0.000419054	84.3416
0.000421233	74.7703
0.000423412	66.2557
0.000425591	58.7943
0.00042777	52.2921
0.000429949	46.7305
0.000432127	41.9596
0.000434306	37.9234
0.000436485	34.4501
0.000438664	31.4449
0.000440843	28.7661
0.000443022	26.3049
0.000445201	23.9873
0.00044738	21.7258
0.000449559	19.5172
0.000451737	17.3206
0.000453916	15.1753
0.000456095	13.0881
0.000458274	11.1034
0.000460453	9.25544
0.000462632	7.56807
0.000464811	6.07905
0.00046699	4.77547
