0.000500379	2.59908e-102
0.00050876	1.96705e-98
0.000517141	7.86743e-98
0.000525522	4.68244e-94
0.000533903	1.89182e-93
0.000542284	8.85288e-90
0.000550665	3.61374e-89
0.000559045	1.32943e-85
0.000567426	5.48364e-85
0.000575807	1.58568e-81
0.000584188	6.61016e-81
0.000592569	1.50223e-77
0.00060095	6.32977e-77
0.00060933	1.13038e-73
0.000617711	4.815e-73
0.000626092	6.756e-70
0.000634473	2.90962e-69
0.000642854	3.20722e-66
0.000651235	1.39672e-65
0.000659615	1.20934e-62
0.000667996	5.32614e-62
0.000676377	3.62206e-59
0.000684758	1.61343e-58
0.000693139	8.61707e-56
0.00070152	3.88256e-55
0.0007099	1.62844e-52
0.000718281	7.42197e-52
0.000726662	2.44462e-49
0.000735043	1.12708e-48
0.000743424	2.9154e-46
0.000751805	1.35964e-45
0.000760186	2.76225e-43
0.000768566	1.30295e-42
0.000776947	2.07944e-40
0.000785328	9.91901e-40
0.000793709	1.24393e-37
0.00080209	5.99859e-37
0.000810471	5.91403e-35
0.000818851	2.88185e-34
0.000827232	2.23507e-32
0.000835613	1.09987e-31
0.000843994	6.71635e-30
0.000852375	3.33475e-29
0.000860756	1.60528e-27
0.000869136	8.0324e-27
0.000877517	3.05299e-25
0.000885898	1.53708e-24
0.000894279	4.6226e-23
0.00090266	2.33685e-22
0.000911041	5.57596e-21
0.000919421	2.8227e-20
0.000927802	5.36266e-19
0.000936183	2.70907e-18
0.000944564	4.1162e-17
0.000952945	2.06598e-16
0.000961326	2.52453e-15
0.000969707	1.25206e-14
0.000978087	1.23886e-13
0.000986468	6.03059e-13
0.000994849	4.87181e-12
0.00100323	2.30887e-11
0.00101161	1.53778e-10
0.00101999	7.02792e-10
0.00102837	3.9026e-09
0.00103675	1.70117e-08
0.00104513	7.97535e-08
0.00105351	3.27565e-07
0.0010619	1.31415e-06
0.00107028	5.01937e-06
0.00107866	1.74751e-05
0.00108704	6.12377e-05
0.00109542	0.000187595
0.0011038	0.000595213
0.00111218	0.00162527
0.00112056	0.00461249
0.00112894	0.0113536
0.00113732	0.028523
0.0011457	0.0638556
0.00115409	0.140896
0.00116247	0.292178
0.00117085	0.563847
0.00117923	1.0787
0.00118761	1.84547
0.00119599	3.07239
0.00120437	4.74686
0.00121275	6.9527
0.00122113	9.65739
0.00122951	12.5457
0.00123789	15.593
0.00124627	18.2053
0.00125466	20.337
0.00126304	20.6478
0.00127142	20.6436
0.0012798	20.202
0.00128818	18.4949
0.00129656	18.1255
0.00130494	18.1142
0.00131332	18.7869
0.0013217	23.5222
0.00133008	31.877
0.00133846	43.8603
0.00134684	60.7368
0.00135523	82.5054
0.00136361	109.537
0.00137199	141.851
0.00138037	178.787
0.00138875	220.388
0.00139713	264.668
0.00140551	311.638
0.00141389	359.174
0.00142227	407.153
0.00143065	456.158
0.00143903	505.979
0.00144741	560.858
0.0014558	620.768
0.00146418	690.258
0.00147256	769.579
0.00148094	860.045
0.00148932	961.865
0.0014977	1074.14
0.00150608	1196.83
0.00151446	1329.75
0.00152284	1472.95
0.00153122	1625.9
0.0015396	1789.16
0.00154798	1956.96
0.00155637	2130.02
0.00156475	2295.5
0.00157313	2453.12
0.00158151	2589.89
0.00158989	2703.99
0.00159827	2792.84
0.00160665	2854.48
0.00161503	2898.42
0.00162341	2924.66
0.00163179	2944.16
0.00164017	2958.73
0.00164855	2971.11
0.00165694	2982.91
0.00166532	2989.2
0.0016737	2991.78
0.00168208	2991.86
0.00169046	2985.57
0.00169884	2977.47
0.00170722	2969.19
0.0017156	2959.02
0.00172398	2948.4
0.00173236	2928.26
0.00174074	2897.91
0.00174912	2848.28
0.00175751	2776.5
0.00176589	2682.31
0.00177427	2563.49
0.00178265	2428.21
0.00179103	2276.88
0.00179941	2118.93
0.00180779	1956.49
0.00181617	1795.67
0.00182455	1638.39
0.00183293	1488.17
0.00184131	1346.28
0.00184969	1214.82
0.00185808	1094.98
0.00186646	986.456
0.00187484	890.07
0.00188322	802.839
0.0018916	724.416
0.00189998	651.359
0.00190836	582.276
0.00191674	515.886
0.00192512	450.912
0.0019335	388.666
0.00194188	329.016
0.00195026	273.996
0.00195865	224.515
0.00196703	181.2
0.00197541	144.916
0.00198379	114.59
0.00199217	90.1944
0.00200055	70.2846
0.00200893	54.1792
0.00201731	41.0884
0.00202569	30.4054
0.00203407	21.8526
0.00204245	15.1589
0.00205083	10.0655
0.00205922	6.41673
0.0020676	3.87671
0.00207598	2.23231
0.00208436	1.22315
0.00209274	0.61229
0.00210112	0.314419
0.0021095	0.141229
0.00211788	0.0651411
0.00212626	0.0267218
0.00213464	0.0108259
0.00214302	0.00410208
0.0021514	0.00143978
0.00215979	0.000474687
0.00216817	0.000152988
