3.33898e-05	292.389
3.48982e-05	312.011
3.64066e-05	334.204
3.7915e-05	358.749
3.94234e-05	386.286
4.09318e-05	417.27
4.24402e-05	452.133
4.39487e-05	491.392
4.54571e-05	535.44
4.69655e-05	584.814
4.84739e-05	639.851
4.99823e-05	701.075
5.14907e-05	768.759
5.29991e-05	843.391
5.45076e-05	925.167
5.6016e-05	1014.51
5.75244e-05	1111.53
5.90328e-05	1216.56
6.05412e-05	1329.59
6.20496e-05	1450.82
6.3558e-05	1580.11
6.50665e-05	1717.46
6.65749e-05	1862.56
6.80833e-05	2015.13
6.95917e-05	2174.67
7.11001e-05	2340.51
7.26085e-05	2511.93
7.41169e-05	2687.76
7.56253e-05	2867.11
7.71338e-05	3048.18
7.86422e-05	3230.03
8.01506e-05	3410.29
8.1659e-05	3588.15
8.31674e-05	3760.91
8.46758e-05	3928.09
8.61842e-05	4087.21
8.76927e-05	4238.26
8.92011e-05	4379.66
9.07095e-05	4511.92
9.22179e-05	4634.96
9.37263e-05	4749.67
9.52347e-05	4857.71
9.67431e-05	4960.1
9.82516e-05	5059.95
9.976e-05	5158.03
0.000101268	5258.1
0.000102777	5360.45
0.000104285	5468.32
0.000105794	5581.48
0.000107302	5701.62
0.00010881	5828.13
0.000110319	5960.61
0.000111827	6098.32
0.000113336	6238.97
0.000114844	6381.93
0.000116353	6523.77
0.000117861	6664.15
0.000119369	6799.57
0.000120878	6930.01
0.000122386	7052.88
0.000123895	7168.4
0.000125403	7275.44
0.000126911	7374.37
0.00012842	7465.63
0.000129928	7549.55
0.000131437	7627.84
0.000132945	7700.71
0.000134453	7770.44
0.000135962	7837.1
0.00013747	7902.79
0.000138979	7967.43
0.000140487	8032.21
0.000141996	8096.92
0.000143504	8161.32
0.000145012	8225.14
0.000146521	8286.53
0.000148029	8345.23
0.000149538	8398.02
0.000151046	8444.76
0.000152554	8483.15
0.000154063	8511.63
0.000155571	8516.16
0.00015708	8516.86
0.000158588	8510.01
0.000160097	8475.2
0.000161605	8426.56
0.000163113	8363.02
0.000164622	8284.91
0.00016613	8192.32
0.000167639	8087.93
0.000169147	7971.76
0.000170655	7846.89
0.000172164	7713.29
0.000173672	7573.56
0.000175181	7427.65
0.000176689	7277.12
0.000178197	7121.93
0.000179706	6962.6
0.000181214	6799.12
0.000182723	6631.4
0.000184231	6459.46
0.00018574	6283.34
0.000187248	6103.04
0.000188756	5919.4
0.000190265	5732.39
0.000191773	5543.9
0.000193282	5353.91
0.00019479	5165.15
0.000196298	4977.62
0.000197807	4794.29
0.000199315	4615.19
0.000200824	4442.69
0.000202332	4276.87
0.000203841	4118.82
0.000205349	3968.67
0.000206857	3825.89
0.000208366	3690.59
0.000209874	3560.87
0.000211383	3436.79
0.000212891	3315.69
0.000214399	3197.54
0.000215908	3079.85
0.000217416	2962.47
0.000218925	2843.85
0.000220433	2723.79
0.000221941	2602.08
0.00022345	2478.53
0.000224958	2354.23
0.000226467	2229.07
0.000227975	2104.95
0.000229484	1981.89
0.000230992	1861.92
0.0002325	1745.19
0.000234009	1633.28
0.000235517	1526.38
0.000237026	1425.25
0.000238534	1330.1
0.000240042	1240.84
0.000241551	1157.58
0.000243059	1079.66
0.000244568	1007.08
0.000246076	938.957
0.000247585	875.203
0.000249093	815.074
0.000250601	758.433
0.00025211	704.907
0.000253618	654.368
0.000255127	606.855
0.000256635	562.3
0.000258143	521.023
0.000259652	483.039
0.00026116	448.715
0.000262669	418.141
0.000264177	391.473
0.000265685	368.83
0.000267194	349.982
0.000268702	335.014
0.000270211	323.254
0.000271719	314.692
0.000273228	308.315
0.000274736	303.982
0.000276244	300.549
0.000277753	297.752
0.000279261	294.573
0.00028077	290.678
0.000282278	285.4
0.000283786	278.414
0.000285295	269.517
0.000286803	258.484
0.000288312	245.556
0.00028982	230.663
0.000291329	214.362
0.000292837	196.747
0.000294345	178.495
0.000295854	159.83
0.000297362	141.36
0.000298871	123.37
0.000300379	106.275
0.000301887	90.3405
0.000303396	75.7513
0.000304904	62.6926
0.000306413	51.1482
0.000307921	41.1977
0.000309429	32.6951
0.000310938	25.6211
0.000312446	19.7763
0.000313955	15.0724
0.000315463	11.3153
0.000316972	8.38413
0.00031848	6.12245
0.000319988	4.40827
0.000321497	3.13199
0.000323005	2.19014
0.000324514	1.51451
0.000326022	1.02787
0.00032753	0.692173
0.000329039	0.455553
0.000330547	0.298942
0.000332056	0.1833
0.000333564	0.121997
