3.33898e-05	9.17995e-10
3.55687e-05	2.41251e-09
3.77476e-05	6.89604e-09
3.99264e-05	1.84828e-08
4.21053e-05	4.73434e-08
4.42842e-05	1.19676e-07
4.64631e-05	2.9706e-07
4.8642e-05	7.1005e-07
5.08209e-05	1.70371e-06
5.29998e-05	3.86048e-06
5.51787e-05	8.93232e-06
5.73576e-05	1.92351e-05
5.95365e-05	4.28165e-05
6.17154e-05	8.78372e-05
6.38943e-05	0.000187678
6.60732e-05	0.000367641
6.82521e-05	0.000752443
7.0431e-05	0.0014105
7.26099e-05	0.00276006
7.47888e-05	0.00497484
7.69677e-05	0.00927202
7.91465e-05	0.0163277
8.13254e-05	0.0286423
8.35043e-05	0.0485582
8.56832e-05	0.0810578
8.78621e-05	0.132024
9.0041e-05	0.210311
9.22199e-05	0.328669
9.43988e-05	0.500778
9.65777e-05	0.750492
9.87566e-05	1.09585
0.000100935	1.57518
0.000103114	2.2081
0.000105293	3.04679
0.000107472	4.10753
0.000109651	5.44879
0.00011183	7.07838
0.000114009	9.04663
0.000116188	11.3503
0.000118367	14.0155
0.000120546	17.0301
0.000122724	20.3865
0.000124903	24.0694
0.000127082	28.0416
0.000129261	32.2913
0.00013144	36.7675
0.000133619	41.4661
0.000135798	46.343
0.000137977	51.4022
0.000140156	56.6228
0.000142334	62.0159
0.000144513	67.5933
0.000146692	73.3744
0.000148871	79.4127
0.00015105	85.7418
0.000153229	92.4809
0.000155408	99.6868
0.000157587	107.597
0.000159766	116.3
0.000161945	126.234
0.000164123	137.516
0.000166302	150.867
0.000168481	166.418
0.00017066	185.192
0.000172839	207.3
0.000175018	233.972
0.000177197	265.26
0.000179376	302.364
0.000181555	345.252
0.000183733	394.757
0.000185912	450.766
0.000188091	513.412
0.00019027	582.527
0.000192449	657.321
0.000194628	737.609
0.000196807	821.645
0.000198986	909.275
0.000201165	997.994
0.000203344	1087.72
0.000205522	1175.63
0.000207701	1261.73
0.00020988	1343.52
0.000212059	1421.08
0.000214238	1492.85
0.000216417	1558.97
0.000218596	1619.28
0.000220775	1673.9
0.000222954	1724.12
0.000225132	1770.02
0.000227311	1813.88
0.00022949	1855.72
0.000231669	1898.01
0.000233848	1940.7
0.000236027	1985.52
0.000238206	2032.41
0.000240385	2081.67
0.000242564	2133.26
0.000244743	2185.95
0.000246921	2239.72
0.0002491	2292.39
0.000251279	2343.97
0.000253458	2392.39
0.000255637	2437.63
0.000257816	2478.66
0.000259995	2515.44
0.000262174	2548.23
0.000264353	2577
0.000266531	2602.67
0.00026871	2625.26
0.000270889	2645.22
0.000273068	2662.62
0.000275247	2676.97
0.000277426	2688.63
0.000279605	2690.89
0.000281784	2690.03
0.000283963	2686.65
0.000286142	2670.29
0.00028832	2645.19
0.000290499	2611.86
0.000292678	2570.19
0.000294857	2520.04
0.000297036	2463.82
0.000299215	2401.5
0.000301394	2336.23
0.000303573	2268.1
0.000305752	2199.84
0.00030793	2131.63
0.000310109	2064.97
0.000312288	2000.08
0.000314467	1937.1
0.000316646	1876.18
0.000318825	1816.58
0.000321004	1758.32
0.000323183	1700.45
0.000325362	1642.89
0.00032754	1584.99
0.000329719	1526.63
0.000331898	1467.72
0.000334077	1408.16
0.000336256	1348.32
0.000338435	1288.18
0.000340614	1228.28
0.000342793	1168.67
0.000344972	1109.74
0.000347151	1051.57
0.000349329	994.228
0.000351508	937.762
0.000353687	881.992
0.000355866	826.896
0.000358045	772.342
0.000360224	718.243
0.000362403	664.822
0.000364582	611.996
0.000366761	560.443
0.000368939	510.178
0.000371118	462.152
0.000373297	416.521
0.000375476	374.144
0.000377655	335.278
0.000379834	300.341
0.000382013	269.586
0.000384192	242.829
0.000386371	220.205
0.00038855	201.016
0.000390728	185.212
0.000392907	171.861
0.000395086	160.735
0.000397265	150.992
0.000399444	142.314
0.000401623	134.171
0.000403802	126.274
0.000405981	118.464
0.00040816	110.564
0.000410338	102.683
0.000412517	94.7866
0.000414696	87.0725
0.000416875	79.6075
0.000419054	72.5287
0.000421233	65.9294
0.000423412	59.8259
0.000425591	54.2737
0.00042777	49.1949
0.000429949	44.5832
0.000432127	40.3358
0.000434306	36.4013
0.000436485	32.7118
0.000438664	29.2086
0.000440843	25.8796
0.000443022	22.6908
0.000445201	19.67
0.00044738	16.8179
0.000449559	14.1697
0.000451737	11.749
0.000453916	9.57296
0.000456095	7.66615
0.000458274	6.01937
0.000460453	4.64134
0.000462632	3.50402
0.000464811	2.58108
0.00046699	1.88154
