3.33898e-05	193.964
3.48982e-05	221.931
3.64066e-05	253.537
3.7915e-05	288.86
3.94234e-05	327.675
4.09318e-05	369.807
4.24402e-05	415.145
4.39487e-05	463.506
4.54571e-05	514.875
4.69655e-05	569.129
4.84739e-05	626.364
4.99823e-05	686.586
5.14907e-05	749.974
5.29991e-05	816.689
5.45076e-05	886.937
5.6016e-05	961.005
5.75244e-05	1039.05
5.90328e-05	1121.39
6.05412e-05	1208.08
6.20496e-05	1299.36
6.3558e-05	1395.13
6.50665e-05	1495.43
6.65749e-05	1600.04
6.80833e-05	1708.75
6.95917e-05	1821.27
7.11001e-05	1937.14
7.26085e-05	2056.09
7.41169e-05	2177.52
7.56253e-05	2301.27
7.71338e-05	2426.78
7.86422e-05	2554.07
8.01506e-05	2682.79
8.1659e-05	2813.17
8.31674e-05	2945.28
8.46758e-05	3079.48
8.61842e-05	3216.37
8.76927e-05	3356.35
8.92011e-05	3500.45
9.07095e-05	3649
9.22179e-05	3803.25
9.37263e-05	3963.34
9.52347e-05	4130.38
9.67431e-05	4304.28
9.82516e-05	4485.57
9.976e-05	4673.95
0.000101268	4869.12
0.000102777	5070.6
0.000104285	5277.13
0.000105794	5488.18
0.000107302	5701.61
0.00010881	5916.92
0.000110319	6131.38
0.000111827	6344.56
0.000113336	6553.41
0.000114844	6757.59
0.000116353	6954.02
0.000117861	7142.42
0.000119369	7319.82
0.000120878	7486.03
0.000122386	7638.31
0.000123895	7776.58
0.000125403	7898.5
0.000126911	8004.12
0.00012842	8091.81
0.000129928	8161.77
0.000131437	8215.59
0.000132945	8250.42
0.000134453	8257.64
0.000135962	8259.95
0.00013747	8252.25
0.000138979	8220.68
0.000140487	8181.02
0.000141996	8131.85
0.000143504	8076.98
0.000145012	8016.55
0.000146521	7954.97
0.000148029	7892.21
0.000149538	7831.91
0.000151046	7773.94
0.000152554	7720.57
0.000154063	7671.63
0.000155571	7627.81
0.00015708	7588.96
0.000158588	7554.33
0.000160097	7523.8
0.000161605	7495.59
0.000163113	7469.65
0.000164622	7443.67
0.00016613	7417.63
0.000167639	7389.19
0.000169147	7358.35
0.000170655	7323.05
0.000172164	7283.32
0.000173672	7237.53
0.000175181	7185.72
0.000176689	7126.8
0.000178197	7060.79
0.000179706	6987.11
0.000181214	6905.77
0.000182723	6816.68
0.000184231	6719.85
0.00018574	6615.61
0.000187248	6503.97
0.000188756	6385.63
0.000190265	6260.58
0.000191773	6129.78
0.000193282	5993.23
0.00019479	5852
0.000196298	5706.09
0.000197807	5556.57
0.000199315	5403.45
0.000200824	5247.7
0.000202332	5089.33
0.000203841	4929.18
0.000205349	4767.28
0.000206857	4604.37
0.000208366	4440.47
0.000209874	4276.31
0.000211383	4111.87
0.000212891	3947.91
0.000214399	3784.42
0.000215908	3622.15
0.000217416	3461.12
0.000218925	3302.09
0.000220433	3145.07
0.000221941	2990.78
0.00022345	2839.26
0.000224958	2691.14
0.000226467	2546.47
0.000227975	2405.8
0.000229484	2269.18
0.000230992	2137.05
0.0002325	2009.45
0.000234009	1886.75
0.000235517	1768.98
0.000237026	1656.38
0.000238534	1549
0.000240042	1446.95
0.000241551	1350.26
0.000243059	1258.96
0.000244568	1173.05
0.000246076	1092.44
0.000247585	1017.13
0.000249093	946.905
0.000250601	881.761
0.00025211	821.363
0.000253618	765.702
0.000255127	714.334
0.000256635	667.231
0.000258143	623.859
0.000259652	584.166
0.00026116	547.565
0.000262669	513.977
0.000264177	482.828
0.000265685	454.01
0.000267194	427.043
0.000268702	401.806
0.000270211	377.975
0.000271719	355.438
0.000273228	334.055
0.000274736	313.746
0.000276244	294.519
0.000277753	276.345
0.000279261	259.299
0.00028077	243.396
0.000282278	228.684
0.000283786	215.202
0.000285295	202.896
0.000286803	191.792
0.000288312	181.716
0.00028982	172.654
0.000291329	164.344
0.000292837	156.72
0.000294345	149.503
0.000295854	142.587
0.000297362	135.755
0.000298871	128.888
0.000300379	121.881
0.000301887	114.638
0.000303396	107.177
0.000304904	99.4538
0.000306413	91.5764
0.000307921	83.5609
0.000309429	75.5591
0.000310938	67.6355
0.000312446	59.9333
0.000313955	52.5416
0.000315463	45.5592
0.000316972	39.0719
0.00031848	33.1205
0.000319988	27.7649
0.000321497	22.9941
0.000323005	18.8314
0.000324514	15.2309
0.000326022	12.1805
0.00032753	9.61941
0.000329039	7.50926
0.000330547	5.79022
0.000332056	4.38525
0.000333564	3.32074
