0.000100103	7.4816e-17
0.000103622	4.75448e-16
0.000107142	1.67734e-15
0.000110662	9.90391e-15
0.000114182	3.32116e-14
0.000117702	1.76042e-13
0.000121222	5.80777e-13
0.000124742	2.77244e-12
0.000128261	8.97003e-12
0.000131781	3.86966e-11
0.000135301	1.22366e-10
0.000138821	4.78829e-10
0.000142341	1.47446e-09
0.000145861	5.25419e-09
0.000149381	1.56939e-08
0.0001529	5.11399e-08
0.00015642	1.47566e-07
0.00015994	4.41606e-07
0.00016346	1.22583e-06
0.00016698	3.38379e-06
0.0001705	8.99704e-06
0.00017402	2.30098e-05
0.000177539	5.83502e-05
0.000181059	0.000138861
0.000184579	0.000334433
0.000188099	0.000743691
0.000191619	0.00169418
0.000195139	0.00353427
0.000198659	0.0075868
0.000202178	0.0149012
0.000205698	0.030039
0.000209218	0.0560146
0.000212738	0.105369
0.000216258	0.189853
0.000219778	0.329587
0.000223298	0.559557
0.000226817	0.910352
0.000230337	1.4526
0.000233857	2.22107
0.000237377	3.32601
0.000240897	4.78714
0.000244417	6.72438
0.000247937	9.11677
0.000251456	12.0157
0.000254976	15.3477
0.000258496	18.997
0.000262016	22.8617
0.000265536	26.6217
0.000269056	30.2073
0.000272576	33.2036
0.000276095	35.6362
0.000279615	37.2768
0.000283135	38.2163
0.000286655	38.6095
0.000290175	38.8013
0.000293695	39.3885
0.000297214	40.6589
0.000300734	43.356
0.000304254	48.2565
0.000307774	55.9907
0.000311294	66.6048
0.000314814	80.792
0.000318334	98.4092
0.000321853	119.404
0.000325373	143.641
0.000328893	170.458
0.000332413	199.844
0.000335933	231.133
0.000339453	264.492
0.000342973	300.109
0.000346492	338.278
0.000350012	380.631
0.000353532	427.444
0.000357052	481.64
0.000360572	543.331
0.000364092	615.733
0.000367612	698.731
0.000371131	794.4
0.000374651	902.442
0.000378171	1022.54
0.000381691	1154.35
0.000385211	1294.65
0.000388731	1443.19
0.000392251	1594.49
0.00039577	1748.5
0.00039929	1899.31
0.00040281	2047.09
0.00040633	2188
0.00040985	2322.33
0.00041337	2450.21
0.00041689	2571.87
0.000420409	2691.42
0.000423929	2808.91
0.000427449	2930.08
0.000430969	3054.85
0.000434489	3187.51
0.000438009	3327.94
0.000441529	3477.23
0.000445048	3635.35
0.000448568	3800.75
0.000452088	3973.42
0.000455608	4150.72
0.000459128	4332.68
0.000462648	4516.1
0.000466168	4701.03
0.000469687	4883.1
0.000473207	5062.37
0.000476727	5232.92
0.000480247	5394.8
0.000483767	5541.95
0.000487287	5674.3
0.000490807	5788.11
0.000494326	5883.19
0.000497846	5959.39
0.000501366	6016.54
0.000504886	6057.26
0.000508406	6082.14
0.000511926	6085.85
0.000515446	6077.82
0.000518965	6059.43
0.000522485	6018.56
0.000526005	5957.67
0.000529525	5877.71
0.000533045	5773.7
0.000536565	5645.28
0.000540085	5491.07
0.000543604	5310.5
0.000547124	5106.49
0.000550644	4878.5
0.000554164	4633.96
0.000557684	4372.64
0.000561204	4105.26
0.000564724	3832.11
0.000568243	3564.64
0.000571763	3303.77
0.000575283	3058.45
0.000578803	2830.02
0.000582323	2622.54
0.000585843	2437.26
0.000589362	2272.98
0.000592882	2130.39
0.000596402	2004.77
0.000599922	1896.05
0.000603442	1798.54
0.000606962	1711.62
0.000610482	1630.5
0.000614001	1554.37
0.000617521	1479.97
0.000621041	1406.59
0.000624561	1332.46
0.000628081	1257
0.000631601	1179.79
0.000635121	1100.42
0.00063864	1019.76
0.00064216	937.617
0.00064568	855.98
0.0006492	774.987
0.00065272	697.132
0.00065624	622.914
0.00065976	554.423
0.000663279	492.37
0.000666799	437.666
0.000670319	390.948
0.000673839	351.7
0.000677359	320.212
0.000680879	294.885
0.000684399	275.546
0.000687918	260.192
0.000691438	248.271
0.000694958	238.039
0.000698478	228.788
0.000701998	219.436
0.000705518	209.349
0.000709038	198.19
0.000712557	185.563
0.000716077	171.724
0.000719597	156.561
0.000723117	140.668
0.000726637	124.186
0.000730157	107.77
0.000733677	91.7217
0.000737196	76.5386
0.000740716	62.5587
0.000744236	49.9977
0.000747756	39.1095
0.000751276	29.8321
0.000754796	22.2608
0.000758316	16.1607
0.000761835	11.4678
0.000765355	7.90819
0.000768875	5.31909
0.000772395	3.48127
0.000775915	2.2112
0.000779435	1.37409
0.000782955	0.820504
0.000786474	0.485061
0.000789994	0.270473
0.000793514	0.152848
0.000797034	0.0704045
0.000800554	0.0429235
