0.000166815	3.62569e-17
0.000172682	1.73188e-16
0.000178548	5.8398e-16
0.000184415	2.69407e-15
0.000190282	8.5267e-15
0.000196148	3.62776e-14
0.000202015	1.12866e-13
0.000207881	4.43964e-13
0.000213748	1.3545e-12
0.000219614	4.93888e-12
0.000225481	1.47388e-11
0.000231347	4.99541e-11
0.000237214	1.45431e-10
0.00024308	4.59476e-10
0.000248947	1.30141e-09
0.000254813	3.84405e-09
0.00026068	1.05632e-08
0.000266547	2.92571e-08
0.000272413	7.77798e-08
0.00027828	2.02612e-07
0.000284146	5.19648e-07
0.000290013	1.27692e-06
0.000295879	3.15077e-06
0.000301746	7.32487e-06
0.000307612	1.7342e-05
0.000313479	3.82505e-05
0.000319345	8.66734e-05
0.000325212	0.000181864
0.000331078	0.000393485
0.000336945	0.000787414
0.000342812	0.00162332
0.000348678	0.00310524
0.000354545	0.00608884
0.000360411	0.0111719
0.000366278	0.0207876
0.000372144	0.037254
0.000378011	0.0651025
0.000383877	0.111653
0.000389744	0.185576
0.00039561	0.304171
0.000401477	0.482129
0.000407343	0.754772
0.00041321	1.14343
0.000419077	1.71018
0.000424943	2.4811
0.00043081	3.54951
0.000436676	4.94178
0.000442543	6.77707
0.000448409	9.07736
0.000454276	11.9722
0.000460142	15.4787
0.000466009	19.722
0.000471875	24.7204
0.000477742	30.5994
0.000483608	37.3865
0.000489475	45.2394
0.000495342	54.1957
0.000501208	64.4805
0.000507075	76.1264
0.000512941	89.4123
0.000518808	104.342
0.000524674	121.148
0.000530541	139.794
0.000536407	160.318
0.000542274	182.659
0.00054814	206.587
0.000554007	232.063
0.000559873	258.711
0.00056574	286.561
0.000571606	315.416
0.000577473	345.381
0.00058334	376.811
0.000589206	409.842
0.000595073	445.527
0.000600939	483.966
0.000606806	526.666
0.000612672	573.636
0.000618539	626.252
0.000624405	684.425
0.000630272	748.724
0.000636138	819.005
0.000642005	894.602
0.000647871	975.382
0.000653738	1059.49
0.000659605	1146.87
0.000665471	1235.04
0.000671338	1324.01
0.000677204	1411.51
0.000683071	1497.63
0.000688937	1581.06
0.000694804	1661.87
0.00070067	1740.05
0.000706537	1815.64
0.000712403	1889.58
0.00071827	1961.87
0.000724136	2033.69
0.000730003	2105.02
0.00073587	2176.48
0.000741736	2248.05
0.000747603	2319.42
0.000753469	2390.58
0.000759336	2460.37
0.000765202	2528.82
0.000771069	2594.39
0.000776935	2657.1
0.000782802	2715.47
0.000788668	2769.5
0.000794535	2817.91
0.000800401	2860.71
0.000806268	2896.75
0.000812135	2926.05
0.000818001	2948.06
0.000823868	2963.09
0.000829734	2965.58
0.000835601	2962.84
0.000841467	2955.86
0.000847334	2937.02
0.0008532	2911.82
0.000859067	2880.69
0.000864933	2845.2
0.0008708	2805.34
0.000876666	2763.34
0.000882533	2719.3
0.0008884	2674.82
0.000894266	2630.06
0.000900133	2585.75
0.000905999	2541.99
0.000911866	2498.8
0.000917732	2456.23
0.000923599	2413.96
0.000929465	2371.99
0.000935332	2329.99
0.000941198	2287.95
0.000947065	2245.45
0.000952931	2202.55
0.000958798	2158.44
0.000964665	2113.19
0.000970531	2065.47
0.000976398	2015.25
0.000982264	1960.95
0.000988131	1902.39
0.000993997	1838.48
0.000999864	1768.92
0.00100573	1693.87
0.0010116	1613.06
0.00101746	1528.13
0.00102333	1439.02
0.0010292	1348.31
0.00103506	1256.26
0.00104093	1165.42
0.0010468	1076.27
0.00105266	990.582
0.00105853	908.837
0.0010644	831.788
0.00107026	759.772
0.00107613	692.813
0.001082	631.041
0.00108786	574.162
0.00109373	522.176
0.00109959	474.688
0.00110546	431.656
0.00111133	392.587
0.00111719	357.418
0.00112306	325.513
0.00112893	296.756
0.00113479	270.436
0.00114066	246.356
0.00114653	223.916
0.00115239	202.869
0.00115826	182.892
0.00116413	163.774
0.00116999	145.498
0.00117586	127.961
0.00118173	111.341
0.00118759	95.6578
0.00119346	81.1125
0.00119933	67.7982
0.00120519	55.8128
0.00121106	45.25
0.00121693	36.0643
0.00122279	28.2949
0.00122866	21.7875
0.00123453	16.5093
0.00124039	12.262
0.00124626	8.95679
0.00125212	6.40837
0.00125799	4.50351
0.00126386	3.10087
0.00126972	2.09191
0.00127559	1.38534
0.00128146	0.894913
0.00128732	0.569969
0.00129319	0.351528
0.00129906	0.215456
0.00130492	0.126424
0.00131079	0.0746797
0.00131666	0.0414627
0.00132252	0.0236958
0.00132839	0.0110777
0.00133426	0.00687166
