0.000500379	5.40891e-221
0.000510437	8.55424e-214
0.000520494	3.4217e-213
0.000530551	3.88055e-206
0.000540608	1.5681e-205
0.000550665	1.27508e-198
0.000560722	5.20601e-198
0.000570779	3.03466e-191
0.000580836	1.25209e-190
0.000590893	5.23133e-184
0.00060095	2.18156e-183
0.000611007	6.5319e-177
0.000621064	2.75358e-176
0.000631121	5.90733e-170
0.000641178	2.51784e-169
0.000651235	3.86959e-163
0.000661292	1.66785e-162
0.000671349	1.83594e-156
0.000681406	8.00354e-156
0.000691463	6.30913e-150
0.00070152	2.78232e-149
0.000711577	1.57035e-143
0.000721634	7.00697e-143
0.000731691	2.83096e-137
0.000741748	1.27835e-136
0.000751806	3.69644e-131
0.000761863	1.68954e-130
0.00077192	3.49575e-125
0.000781977	1.61765e-124
0.000792034	2.39443e-119
0.000802091	1.12201e-118
0.000812148	1.18787e-113
0.000822205	5.63776e-113
0.000832262	4.26808e-108
0.000842319	2.05216e-107
0.000852376	1.11069e-102
0.000862433	5.41145e-102
0.00087249	2.0934e-97
0.000882547	1.03374e-96
0.000892604	2.85759e-92
0.000902661	1.43056e-91
0.000912718	2.82513e-87
0.000922775	1.43415e-86
0.000932832	2.02286e-82
0.000942889	1.04155e-81
0.000952946	1.049e-77
0.000963003	5.47975e-77
0.00097306	3.93979e-73
0.000983117	2.08851e-72
0.000993175	1.07165e-68
0.00100323	5.76645e-68
0.00101329	2.11115e-64
0.00102335	1.15339e-63
0.0010334	3.01214e-60
0.00104346	1.67125e-59
0.00105352	3.11262e-56
0.00106357	1.75431e-55
0.00107363	2.3296e-52
0.00108369	1.33404e-51
0.00109374	1.26288e-48
0.0011038	7.34913e-48
0.00111386	4.95895e-45
0.00112392	2.93298e-44
0.00113397	1.41061e-41
0.00114403	8.48001e-41
0.00115409	2.90716e-38
0.00116414	1.77626e-37
0.0011742	4.3417e-35
0.00118426	2.69556e-34
0.00119432	4.70003e-32
0.00120437	2.96378e-31
0.00121443	3.68948e-29
0.00122449	2.36114e-28
0.00123454	2.10136e-26
0.0012446	1.36306e-25
0.00125466	8.69069e-24
0.00126471	5.70269e-23
0.00127477	2.61285e-21
0.00128483	1.72939e-20
0.00129489	5.71945e-19
0.00130494	3.80245e-18
0.001315	9.13447e-17
0.00132506	6.06385e-16
0.00133511	1.06735e-14
0.00134517	7.01734e-14
0.00135523	9.15733e-13
0.00136529	5.89728e-12
0.00137534	5.79364e-11
0.0013854	3.60273e-10
0.00139546	2.71659e-09
0.00140551	1.60228e-08
0.00141557	9.49041e-08
0.00142563	5.19805e-07
0.00143568	2.48273e-06
0.00144574	1.23347e-05
0.0014558	4.88421e-05
0.00146586	0.000214884
0.00147591	0.000724737
0.00148597	0.00276164
0.00149603	0.00812607
0.00150608	0.0263447
0.00151614	0.0689284
0.0015262	0.187958
0.00153625	0.442905
0.00154631	1.01188
0.00155637	2.19199
0.00156643	4.25675
0.00157648	8.19644
0.00158654	13.9985
0.0015966	22.8597
0.00160665	34.8403
0.00161671	49.7971
0.00162677	67.8325
0.00163683	86.9969
0.00164688	107.279
0.00165694	126.897
0.001667	145.655
0.00167705	164.307
0.00168711	182.657
0.00169717	203.687
0.00170722	227.356
0.00171728	257.208
0.00172734	293.316
0.0017374	339.024
0.00174745	394.605
0.00175751	461.596
0.00176757	540.533
0.00177762	628.834
0.00178768	726.849
0.00179774	828.919
0.00180779	934.696
0.00181785	1039.96
0.00182791	1143.67
0.00183797	1247.58
0.00184802	1350.72
0.00185808	1461.33
0.00186814	1580.04
0.00187819	1713.27
0.00188825	1863.69
0.00189831	2023.81
0.00190837	2195.4
0.00191842	2359.18
0.00192848	2512.56
0.00193854	2644.36
0.00194859	2749.85
0.00195865	2837.35
0.00196871	2906.1
0.00197876	2969.1
0.00198882	3030.58
0.00199888	3088.04
0.00200894	3148.23
0.00201899	3176.09
0.00202905	3182.93
0.00203911	3181.87
0.00204916	3124.24
0.00205922	3031.91
0.00206928	2914.31
0.00207933	2785.8
0.00208939	2652.24
0.00209945	2519.52
0.00210951	2393.37
0.00211956	2263.51
0.00212962	2127.96
0.00213968	1981.71
0.00214973	1819.76
0.00215979	1652.39
0.00216985	1480.58
0.00217991	1315.34
0.00218996	1162.09
0.00220002	1020.94
0.00221008	894.367
0.00222013	777.4
0.00223019	668.302
0.00224025	565.913
0.0022503	468.323
0.00226036	378.828
0.00227042	298.19
0.00228048	228.861
0.00229053	173.034
0.00230059	128.754
0.00231065	96.4506
0.0023207	72.251
0.00233076	54.317
0.00234082	40.6736
0.00235088	29.5338
0.00236093	20.7665
0.00237099	13.8226
0.00238105	8.61581
0.0023911	5.06163
0.00240116	2.73056
0.00241122	1.33312
0.00242127	0.648844
0.00243133	0.272101
0.00244139	0.113785
0.00245145	0.0425679
0.0024615	0.0146191
0.00247156	0.00498769
0.00248162	0.00137223
0.00249167	0.000413512
0.00250173	9.39397e-05
