3.33898e-05	3.97875e-14
3.55687e-05	1.62648e-13
3.77476e-05	5.31231e-13
3.99264e-05	2.12034e-12
4.21053e-05	6.42871e-12
4.42842e-05	2.37562e-11
4.64631e-05	7.052e-11
4.8642e-05	2.41926e-10
5.08209e-05	7.01304e-10
5.29998e-05	2.23987e-09
5.51787e-05	6.32366e-09
5.73576e-05	1.88581e-08
5.95365e-05	5.17095e-08
6.17154e-05	1.44414e-07
6.38943e-05	3.83523e-07
6.60732e-05	1.00612e-06
6.82521e-05	2.58061e-06
7.0431e-05	6.37827e-06
7.26099e-05	1.57567e-05
7.47888e-05	3.68005e-05
7.69677e-05	8.73233e-05
7.91465e-05	0.000193276
8.13254e-05	0.000439387
8.35043e-05	0.000924157
8.56832e-05	0.00200796
8.78621e-05	0.00402368
9.0041e-05	0.00833701
9.22199e-05	0.0159541
9.43988e-05	0.0314617
9.65777e-05	0.0576238
9.87566e-05	0.107962
0.000100935	0.193365
0.000103114	0.339528
0.000105293	0.582312
0.000107472	0.970951
0.000109651	1.59145
0.00011183	2.52635
0.000114009	3.952
0.000116188	5.98374
0.000118367	8.9273
0.000120546	12.909
0.000122724	18.3657
0.000124903	25.3868
0.000127082	34.4551
0.000129261	45.5649
0.00013144	59.0503
0.000133619	74.7815
0.000135798	92.701
0.000137977	112.601
0.000140156	133.913
0.000142334	156.486
0.000144513	179.456
0.000146692	202.895
0.000148871	226.278
0.00015105	249.996
0.000153229	274.706
0.000155408	301.04
0.000157587	331.39
0.000159766	366.37
0.000161945	409.832
0.000164123	462.059
0.000166302	527.059
0.000168481	604.591
0.00017066	696.914
0.000172839	803.32
0.000175018	922.739
0.000177197	1054.3
0.000179376	1193.32
0.000181555	1339.18
0.000183733	1485.02
0.000185912	1630.76
0.000188091	1770.13
0.00019027	1903.58
0.000192449	2028.26
0.000194628	2144.91
0.000196807	2255.61
0.000198986	2361.02
0.000201165	2467.5
0.000203344	2575.37
0.000205522	2692.71
0.000207701	2819.42
0.00020988	2962.06
0.000212059	3120.29
0.000214238	3296.85
0.000216417	3491.4
0.000218596	3702.62
0.000220775	3930.32
0.000222954	4170.66
0.000225132	4423.61
0.000227311	4684.75
0.00022949	4954.09
0.000231669	5227.49
0.000233848	5504.96
0.000236027	5782.07
0.000238206	6058.8
0.000240385	6329.53
0.000242564	6594.25
0.000244743	6846.25
0.000246921	7085.58
0.0002491	7306.09
0.000251279	7507.83
0.000253458	7687.38
0.000255637	7844.73
0.000257816	7980.34
0.000259995	8094.16
0.000262174	8189.71
0.000264353	8266.94
0.000266531	8330.15
0.00026871	8379.39
0.000270889	8418.11
0.000273068	8447.11
0.000275247	8453.31
0.000277426	8453.86
0.000279605	8450.09
0.000281784	8417.31
0.000283963	8363.07
0.000286142	8288.62
0.00028832	8187.89
0.000290499	8060.45
0.000292678	7906.63
0.000294857	7725.86
0.000297036	7524.18
0.000299215	7301.18
0.000301394	7067.29
0.000303573	6822.56
0.000305752	6578.41
0.00030793	6335.44
0.000310109	6102.22
0.000312288	5879.73
0.000314467	5671.14
0.000316646	5477.4
0.000318825	5295.97
0.000321004	5127.39
0.000323183	4965.31
0.000325362	4809.63
0.00032754	4653.26
0.000329719	4495.5
0.000331898	4331.4
0.000334077	4160
0.000336256	3979.81
0.000338435	3790.08
0.000340614	3592.55
0.000342793	3386.88
0.000344972	3176.81
0.000347151	2962.46
0.000349329	2748.29
0.000351508	2534.73
0.000353687	2326.24
0.000355866	2123.42
0.000358045	1930.29
0.000360224	1747.58
0.000362403	1578.27
0.000364582	1423.21
0.000366761	1283.6
0.000368939	1160.22
0.000371118	1052.05
0.000373297	959.497
0.000375476	879.598
0.000377655	812.17
0.000379834	753.348
0.000382013	702.359
0.000384192	655.759
0.000386371	612.461
0.00038855	570.381
0.000390728	528.515
0.000392907	486.376
0.000395086	443.355
0.000397265	400.19
0.000399444	356.774
0.000401623	314.41
0.000403802	273.407
0.000405981	234.991
0.00040816	199.681
0.000410338	168.195
0.000412517	141.032
0.000414696	118.223
0.000416875	100.063
0.000419054	85.9655
0.000421233	75.9209
0.000423412	68.9686
0.000425591	64.7129
0.00042777	62.4333
0.000429949	61.3467
0.000432127	60.6351
0.000434306	59.944
0.000436485	58.8404
0.000438664	56.9088
0.000440843	54.1872
0.000443022	50.5011
0.000445201	46.1346
0.00044738	41.1556
0.000449559	35.8936
0.000451737	30.5651
0.000453916	25.3953
0.000456095	20.6184
0.000458274	16.3071
0.000460453	12.6141
0.000462632	9.49628
0.000464811	6.96403
0.00046699	5.01381
