0.000500379	10.0503
0.000507922	11.7377
0.000515465	13.3874
0.000523008	15.0251
0.00053055	16.576
0.000538093	17.9773
0.000545636	19.2047
0.000553179	20.2061
0.000560721	20.9856
0.000568264	21.5683
0.000575807	21.8415
0.00058335	21.844
0.000590892	21.8447
0.000598435	21.6677
0.000605978	21.2784
0.000613521	20.8432
0.000621063	20.3258
0.000628606	19.7504
0.000636149	19.1049
0.000643692	18.387
0.000651234	17.5848
0.000658777	16.6781
0.00066632	15.6692
0.000673862	14.5443
0.000681405	13.3231
0.000688948	12.0207
0.000696491	10.6661
0.000704033	9.30741
0.000711576	7.9704
0.000719119	6.7201
0.000726662	5.57121
0.000734204	4.58305
0.000741747	3.75964
0.00074929	3.10504
0.000756833	2.69911
0.000764375	2.61547
0.000771918	2.58468
0.000779461	2.75483
0.000787004	3.27603
0.000794546	3.97043
0.000802089	4.87359
0.000809632	5.97391
0.000817175	7.26282
0.000824717	8.71279
0.00083226	10.3183
0.000839803	12.0477
0.000847345	13.9021
0.000854888	15.8632
0.000862431	17.9356
0.000869974	20.1223
0.000877516	22.4222
0.000885059	24.8413
0.000892602	27.3652
0.000900145	29.9634
0.000907687	32.6123
0.00091523	35.22
0.000922773	37.7695
0.000930316	40.1345
0.000937858	42.3204
0.000945401	44.2441
0.000952944	45.9348
0.000960487	47.43
0.000968029	48.7682
0.000975572	50.1244
0.000983115	51.5286
0.000990658	53.2383
0.0009982	55.2679
0.00100574	57.8789
0.00101329	61.0746
0.00102083	65.0742
0.00102837	69.8761
0.00103591	75.6485
0.00104346	82.3835
0.001051	90.1823
0.00105854	99.0269
0.00106608	108.899
0.00107363	119.774
0.00108117	131.466
0.00108871	143.956
0.00109626	156.932
0.0011038	170.396
0.00111134	184.074
0.00111888	197.993
0.00112643	212.131
0.00113397	226.524
0.00114151	241.526
0.00114906	257.161
0.0011566	274.075
0.00116414	292.273
0.00117168	312.451
0.00117923	334.594
0.00118677	359.193
0.00119431	386.228
0.00120185	415.858
0.0012094	448.07
0.00121694	482.724
0.00122448	519.818
0.00123203	559.029
0.00123957	600.359
0.00124711	643.394
0.00125465	688.136
0.0012622	734.115
0.00126974	781.335
0.00127728	829.307
0.00128482	878.033
0.00129237	927.093
0.00129991	976.483
0.00130745	1025.97
0.001315	1075.54
0.00132254	1125.2
0.00133008	1174.96
0.00133762	1224.97
0.00134517	1275.25
0.00135271	1325.94
0.00136025	1377.06
0.00136779	1428.5
0.00137534	1480.28
0.00138288	1531.93
0.00139042	1583.47
0.00139797	1634.07
0.00140551	1683.74
0.00141305	1731.41
0.00142059	1777.09
0.00142814	1819.56
0.00143568	1858.83
0.00144322	1893.66
0.00145076	1924.03
0.00145831	1948.9
0.00146585	1968.34
0.00147339	1980.46
0.00148094	1986.55
0.00148848	1987.13
0.00149602	1979.99
0.00150356	1966.56
0.00151111	1947.06
0.00151865	1922.26
0.00152619	1892.21
0.00153373	1857.86
0.00154128	1819.34
0.00154882	1777.21
0.00155636	1731.61
0.00156391	1682.59
0.00157145	1630.21
0.00157899	1574.33
0.00158653	1514.87
0.00159408	1452.02
0.00160162	1385.64
0.00160916	1316.63
0.0016167	1244.91
0.00162425	1172.04
0.00163179	1098.14
0.00163933	1024.96
0.00164688	952.809
0.00165442	883.054
0.00166196	816.085
0.0016695	752.527
0.00167705	692.692
0.00168459	636.491
0.00169213	584.055
0.00169968	534.902
0.00170722	488.98
0.00171476	445.788
0.0017223	405.177
0.00172985	366.86
0.00173739	330.692
0.00174493	296.636
0.00175247	264.619
0.00176002	234.744
0.00176756	207.019
0.0017751	181.542
0.00178265	158.366
0.00179019	137.482
0.00179773	118.935
0.00180527	102.586
0.00181282	88.4314
0.00182036	76.242
0.0018279	65.9576
0.00183544	57.3188
0.00184299	50.2258
0.00185053	44.4309
0.00185807	39.8193
0.00186562	36.1663
0.00187316	33.356
0.0018807	31.1839
0.00188824	29.5334
0.00189579	28.226
0.00190333	27.1431
0.00191087	26.1525
0.00191841	25.1429
0.00192596	24.0497
0.0019335	22.7889
0.00194104	21.3674
0.00194859	19.7479
0.00195613	17.9884
0.00196367	16.1031
0.00197121	14.1662
0.00197876	12.2291
0.0019863	10.3498
0.00199384	8.6082
0.00200138	6.97686
