0.000500379	2.27441e-278
0.000510437	2.32829e-269
0.000520494	9.31314e-269
0.000530551	6.39886e-260
0.000540608	2.58573e-259
0.000550665	1.19223e-250
0.000560722	4.86775e-250
0.000570779	1.50593e-241
0.000580836	6.21344e-241
0.000590893	1.28955e-232
0.00060095	5.37767e-232
0.000611007	7.48609e-224
0.000621064	3.15583e-223
0.000631121	2.94615e-215
0.000641178	1.25571e-214
0.000651235	7.86021e-207
0.000661292	3.38786e-206
0.000671349	1.42165e-198
0.000681406	6.19751e-198
0.000691463	1.74312e-190
0.00070152	7.68715e-190
0.000711577	1.44889e-182
0.000721634	6.46503e-182
0.000731691	8.16421e-175
0.000741748	3.68665e-174
0.000751806	3.11862e-167
0.000761863	1.42544e-166
0.00077192	8.07563e-160
0.000781977	3.737e-159
0.000792034	1.4176e-152
0.000802091	6.64281e-152
0.000812148	1.68691e-145
0.000822205	8.00637e-145
0.000832262	1.36078e-138
0.000842319	6.54297e-138
0.000852376	7.44114e-132
0.000862433	3.6255e-131
0.00087249	2.75831e-125
0.000882547	1.36212e-124
0.000892604	6.93097e-119
0.000902661	3.46992e-118
0.000912718	1.18057e-112
0.000922775	5.99342e-112
0.000932832	1.36311e-106
0.000942889	7.01915e-106
0.000952946	1.06686e-100
0.000963003	5.57375e-100
0.00097306	5.66005e-95
0.000983117	3.00098e-94
0.000993175	2.03547e-89
0.00100323	1.09555e-88
0.00101329	4.96177e-84
0.00102335	2.71176e-83
0.0010334	8.19849e-79
0.00104346	4.55118e-78
0.00105352	9.18234e-74
0.00106357	5.17903e-73
0.00107363	6.97095e-69
0.00108369	3.99599e-68
0.00109374	3.58714e-64
0.0011038	2.09051e-63
0.00111386	1.25119e-59
0.00112392	7.41533e-59
0.00113397	2.95813e-55
0.00114403	1.78345e-54
0.00115409	4.74064e-51
0.00116414	2.90832e-50
0.0011742	5.14985e-47
0.00118426	3.21571e-46
0.00119432	3.79236e-43
0.00120437	2.41082e-42
0.00121443	1.89329e-39
0.00122449	1.22549e-38
0.00123454	6.40872e-36
0.0012446	4.22389e-35
0.00125466	1.47116e-32
0.00126471	9.87147e-32
0.00127477	2.29096e-29
0.00128483	1.56432e-28
0.00129489	2.42133e-26
0.00130494	1.68097e-25
0.001315	1.73816e-23
0.00132506	1.22492e-22
0.00133511	8.48408e-21
0.00134517	6.05349e-20
0.00135523	2.82048e-18
0.00136529	2.02913e-17
0.00137534	6.4018e-16
0.0013854	4.61434e-15
0.00139546	9.95516e-14
0.00140551	7.12105e-13
0.00141557	1.0657e-11
0.00142563	7.46156e-11
0.00143568	7.90211e-10
0.00144574	5.31258e-09
0.0014558	4.08864e-08
0.00146586	2.57335e-07
0.00147591	1.48772e-06
0.00148597	8.49622e-06
0.00149603	3.8331e-05
0.00150608	0.000191757
0.00151614	0.000702434
0.0015262	0.00297166
0.00153625	0.00916856
0.00154631	0.0318324
0.00155637	0.0851691
0.00156643	0.238024
0.00157648	0.562684
0.00158654	1.25993
0.0015966	2.72587
0.00160665	5.08515
0.00161671	9.0605
0.00162677	14.6742
0.00163683	22.199
0.00164688	31.684
0.00165694	42.644
0.001667	55.0708
0.00167705	68.6089
0.00168711	83.1938
0.00169717	99.1787
0.00170722	116.446
0.00171728	136.493
0.00172734	159.038
0.0017374	188.493
0.00174745	224.656
0.00175751	274.465
0.00176757	338.345
0.00177762	420.839
0.00178768	522.905
0.00179774	642.702
0.00180779	781.043
0.00181785	930.175
0.00182791	1090.08
0.00183797	1251.56
0.00184802	1413.4
0.00185808	1572.05
0.00186814	1726.1
0.00187819	1879.11
0.00188825	2031.14
0.00189831	2185.62
0.00190837	2343.41
0.00191842	2504.22
0.00192848	2668.79
0.00193854	2833.4
0.00194859	2999.59
0.00195865	3153.95
0.00196871	3296.79
0.00197876	3408.02
0.00198882	3486.63
0.00199888	3507.99
0.00200894	3487.82
0.00201899	3440.03
0.00202905	3353.73
0.00203911	3249.4
0.00204916	3134.26
0.00205922	3006.86
0.00206928	2868.11
0.00207933	2717.21
0.00208939	2551.56
0.00209945	2382.57
0.00210951	2212.78
0.00211956	2048.85
0.00212962	1895.2
0.00213968	1746.71
0.00214973	1602.72
0.00215979	1460.36
0.00216985	1317.11
0.00217991	1177.3
0.00218996	1041.15
0.00220002	913.834
0.00221008	797.492
0.00222013	693.991
0.00223019	605.53
0.00224025	529.278
0.0022503	465.715
0.00226036	409.162
0.00227042	357.115
0.00228048	307.299
0.00229053	256.919
0.00230059	208.962
0.00231065	163.804
0.0023207	124.225
0.00233076	92.3431
0.00234082	67.4276
0.00235088	50.2988
0.00236093	38.3832
0.00237099	30.6221
0.00238105	25.1882
0.0023911	20.4491
0.00240116	16.3352
0.00241122	12.1589
0.00242127	8.45176
0.00243133	5.44468
0.00244139	3.13512
0.00245145	1.6619
0.0024615	0.805983
0.00247156	0.339403
0.00248162	0.142116
0.00249167	0.0483095
0.00250173	0.0170406
