0.000500379	3.30118e-16
0.000506246	1.75977e-15
0.000512113	6.04871e-15
0.000517979	3.0512e-14
0.000523846	9.88059e-14
0.000529712	4.52679e-13
0.000535579	1.43893e-12
0.000541445	6.00592e-12
0.000547312	1.86833e-11
0.000553178	7.12766e-11
0.000559045	2.16291e-10
0.000564911	7.56821e-10
0.000570778	2.23265e-09
0.000576644	7.19138e-09
0.000582511	2.05507e-08
0.000588378	6.11625e-08
0.000594244	1.68691e-07
0.000600111	4.65673e-07
0.000605977	1.23496e-06
0.000611844	3.17432e-06
0.00061771	8.06428e-06
0.000623577	1.93745e-05
0.000629443	4.69771e-05
0.00063531	0.000105886
0.000641176	0.000244171
0.000647043	0.000518179
0.000652909	0.00113263
0.000658776	0.00227067
0.000664643	0.00469032
0.000670509	0.00890967
0.000676376	0.0173464
0.000682242	0.0317613
0.000688109	0.0576264
0.000693975	0.101182
0.000699842	0.171711
0.000705708	0.285593
0.000711575	0.457382
0.000717441	0.719661
0.000723308	1.09091
0.000729174	1.62381
0.000735041	2.33572
0.000740908	3.29381
0.000746774	4.50794
0.000752641	6.04152
0.000758507	7.89561
0.000764374	10.1096
0.00077024	12.6855
0.000776107	15.6425
0.000781973	19.0023
0.00078784	22.8135
0.000793706	27.131
0.000799573	32.1156
0.000805439	37.8449
0.000811306	44.6425
0.000817173	52.5709
0.000823039	62.0566
0.000828906	73.1008
0.000834772	86.0387
0.000840639	100.791
0.000846505	117.36
0.000852372	135.616
0.000858238	155.102
0.000864105	175.706
0.000869971	196.636
0.000875838	217.862
0.000881704	238.615
0.000887571	258.959
0.000893438	278.555
0.000899304	297.531
0.000905171	316.208
0.000911037	334.725
0.000916904	354.04
0.00092277	374.262
0.000928637	396.78
0.000934503	421.665
0.00094037	450.488
0.000946236	483.27
0.000952103	521.506
0.000957969	565.165
0.000963836	615.344
0.000969703	671.962
0.000975569	735.369
0.000981436	805.463
0.000987302	881.639
0.000993169	963.817
0.000999035	1050.57
0.0010049	1141.86
0.00101077	1235.87
0.00101663	1332.6
0.0010225	1430.26
0.00102837	1528.86
0.00103423	1626.85
0.0010401	1724.24
0.00104597	1819.64
0.00105183	1913.08
0.0010577	2003.35
0.00106357	2090.47
0.00106943	2173.56
0.0010753	2252.64
0.00108117	2327.4
0.00108703	2397.84
0.0010929	2464.26
0.00109877	2526.65
0.00110463	2585.72
0.0011105	2641.48
0.00111637	2694.66
0.00112223	2745.27
0.0011281	2793.76
0.00113397	2840.14
0.00113983	2884.45
0.0011457	2926.7
0.00115157	2966.62
0.00115743	3004.21
0.0011633	3039.1
0.00116916	3071.27
0.00117503	3100.22
0.0011809	3125.98
0.00118676	3147.68
0.00119263	3165.39
0.0011985	3177.2
0.00120436	3183.25
0.00121023	3183.46
0.0012161	3174.34
0.00122196	3155.39
0.00122783	3126.79
0.0012337	3087.12
0.00123956	3036.16
0.00124543	2974.37
0.0012513	2901.56
0.00125716	2819.57
0.00126303	2728.34
0.0012689	2630.43
0.00127476	2525.91
0.00128063	2417.53
0.0012865	2305.42
0.00129236	2192.38
0.00129823	2078.58
0.0013041	1966.75
0.00130996	1857.14
0.00131583	1751.99
0.00132169	1651.66
0.00132756	1557.28
0.00133343	1469.23
0.00133929	1387.21
0.00134516	1311.45
0.00135103	1240.44
0.00135689	1174.18
0.00136276	1110.65
0.00136863	1049.59
0.00137449	989.337
0.00138036	929.474
0.00138623	869.326
0.00139209	808.511
0.00139796	747.49
0.00140383	686.094
0.00140969	625.563
0.00141556	566.015
0.00142143	508.822
0.00142729	454.312
0.00143316	403.431
0.00143903	356.545
0.00144489	313.958
0.00145076	275.918
0.00145663	242.204
0.00146249	212.889
0.00146836	187.468
0.00147422	165.873
0.00148009	147.515
0.00148596	132.246
0.00149182	119.477
0.00149769	109.03
0.00150356	100.341
0.00150942	93.2122
0.00151529	87.134
0.00152116	81.8917
0.00152702	77.0839
0.00153289	72.4945
0.00153876	67.8929
0.00154462	63.0971
0.00155049	58.0797
0.00155636	52.7376
0.00156222	47.213
0.00156809	41.5091
0.00157396	35.8421
0.00157982	30.3071
0.00158569	25.0822
0.00159156	20.2983
0.00159742	16.027
0.00160329	12.3684
0.00160916	9.28754
0.00161502	6.81486
0.00162089	4.8576
0.00162675	3.3799
0.00163262	2.28538
0.00163849	1.50355
0.00164435	0.964977
0.00165022	0.598219
0.00165609	0.365114
0.00166195	0.199365
0.00166782	0.123675
