0.000500379	4.32419e-38
0.000507084	1.37155e-36
0.000513789	5.35649e-36
0.000520493	1.49078e-34
0.000527198	5.8046e-34
0.000533903	1.40753e-32
0.000540607	5.50291e-32
0.000547312	1.16364e-30
0.000554017	4.5641e-30
0.000560721	8.42521e-29
0.000567426	3.31187e-28
0.000574131	5.3436e-27
0.000580835	2.10265e-26
0.00058754	2.9695e-25
0.000594244	1.16802e-24
0.000600949	1.44626e-23
0.000607654	5.67738e-23
0.000614358	6.17519e-22
0.000621063	2.4148e-21
0.000627768	2.31228e-20
0.000634472	8.98829e-20
0.000641177	7.59574e-19
0.000647882	2.92796e-18
0.000654586	2.18982e-17
0.000661291	8.34792e-17
0.000667995	5.54285e-16
0.0006747	2.08333e-15
0.000681405	1.23234e-14
0.000688109	4.5514e-14
0.000694814	2.40768e-13
0.000701519	8.70551e-13
0.000708223	4.13552e-12
0.000714928	1.45802e-11
0.000721633	6.24766e-11
0.000728337	2.13857e-10
0.000735042	8.30517e-10
0.000741746	2.74761e-09
0.000748451	9.71845e-09
0.000755156	3.0928e-08
0.00076186	1.00143e-07
0.000768565	3.05089e-07
0.00077527	9.08985e-07
0.000781974	2.63822e-06
0.000788679	7.26976e-06
0.000795384	2.00061e-05
0.000802088	5.12395e-05
0.000808793	0.000133096
0.000815497	0.000318336
0.000822202	0.000777224
0.000828907	0.00174352
0.000835611	0.0039863
0.000842316	0.00841963
0.000849021	0.0179706
0.000855725	0.0358563
0.00086243	0.071272
0.000869135	0.135681
0.000875839	0.250175
0.000882544	0.457088
0.000889249	0.782662
0.000895953	1.33595
0.000902658	2.15321
0.000909362	3.43722
0.000916067	5.22489
0.000922772	7.81192
0.000929476	11.2152
0.000936181	15.7439
0.000942886	21.3752
0.00094959	28.2667
0.000956295	36.357
0.000963	45.4853
0.000969704	55.5854
0.000976409	66.1682
0.000983113	77.214
0.000989818	88.1706
0.000996523	99.0969
0.00100323	109.848
0.00100993	120.541
0.00101664	131.83
0.00102334	143.825
0.00103005	157.943
0.00103675	174.212
0.00104346	194.2
0.00105016	217.831
0.00105686	245.887
0.00106357	278.237
0.00107027	314.237
0.00107698	353.79
0.00108368	395.072
0.00109039	438.089
0.00109709	481.06
0.0011038	524.085
0.0011105	567.015
0.00111721	609.969
0.00112391	655.341
0.00113062	703.185
0.00113732	757.849
0.00114402	819.302
0.00115073	891.734
0.00115743	975.081
0.00116414	1070.74
0.00117084	1178.69
0.00117755	1295.97
0.00118425	1422.61
0.00119096	1551.92
0.00119766	1683.96
0.00120437	1811.01
0.00121107	1933.04
0.00121778	2044.59
0.00122448	2145.52
0.00123119	2234.75
0.00123789	2312.07
0.00124459	2380.84
0.0012513	2440.92
0.001258	2498.22
0.00126471	2552.75
0.00127141	2609.93
0.00127812	2670.02
0.00128482	2734.96
0.00129153	2805.19
0.00129823	2877.9
0.00130494	2953.41
0.00131164	3025.61
0.00131835	3094.43
0.00132505	3153.84
0.00133175	3203.36
0.00133846	3240.73
0.00134516	3266.65
0.00135187	3272.22
0.00135857	3270.49
0.00136528	3265.42
0.00137198	3245.66
0.00137869	3219.33
0.00138539	3188.23
0.0013921	3151.58
0.0013988	3109.77
0.00140551	3060.94
0.00141221	3005.04
0.00141891	2940.28
0.00142562	2866.2
0.00143232	2783.09
0.00143903	2690.51
0.00144573	2591.18
0.00145244	2485.08
0.00145914	2375.84
0.00146585	2263.93
0.00147255	2151.89
0.00147926	2040.36
0.00148596	1930
0.00149267	1821.18
0.00149937	1713.42
0.00150608	1606.67
0.00151278	1500.65
0.00151948	1395.1
0.00152619	1290.71
0.00153289	1187.34
0.0015396	1086.59
0.0015463	988.6
0.00155301	895.306
0.00155971	807.12
0.00156642	725.611
0.00157312	651.348
0.00157983	584.902
0.00158653	526.797
0.00159324	476.282
0.00159994	433.583
0.00160664	396.838
0.00161335	365.793
0.00162005	338.22
0.00162676	313.423
0.00163346	289.732
0.00164017	266.299
0.00164687	242.59
0.00165358	217.998
0.00166028	193.064
0.00166699	167.667
0.00167369	142.836
0.0016804	118.902
0.0016871	96.6985
0.00169381	76.7284
0.00170051	59.2536
0.00170721	44.6387
0.00171392	32.6162
0.00172062	23.2536
0.00172733	16.0405
0.00173403	10.789
0.00174074	7.02007
0.00174744	4.43859
0.00175415	2.72589
0.00176085	1.61272
0.00176756	0.93701
0.00177426	0.513627
0.00178097	0.284945
0.00178767	0.143933
0.00179437	0.076596
0.00180108	0.0364167
0.00180778	0.0181357
0.00181449	0.00814545
0.00182119	0.0037781
0.0018279	0.00146345
0.0018346	0.000691903
