0.000166815	0.0960798
0.000171844	0.145702
0.000176872	0.233445
0.000181901	0.352129
0.000186929	0.522719
0.000191958	0.758435
0.000196986	1.07856
0.000202014	1.50367
0.000207043	2.05061
0.000212071	2.74492
0.0002171	3.5923
0.000222128	4.61487
0.000227157	5.79848
0.000232185	7.14758
0.000237214	8.62483
0.000242242	10.2019
0.00024727	11.8251
0.000252299	13.4269
0.000257327	14.9552
0.000262356	16.3147
0.000267384	17.4776
0.000272413	18.3881
0.000277441	18.9714
0.000282469	19.1868
0.000287498	19.2682
0.000292526	19.1127
0.000297555	18.8067
0.000302583	18.5969
0.000307612	18.4675
0.00031264	18.6872
0.000317669	19.5062
0.000322697	21.0002
0.000327725	23.4735
0.000332754	27.0756
0.000337782	31.8938
0.000342811	38.1846
0.000347839	45.9572
0.000352868	55.379
0.000357896	66.4301
0.000362924	79.1717
0.000367953	93.5736
0.000372981	109.607
0.00037801	127.253
0.000383038	146.443
0.000388067	167.18
0.000393095	189.424
0.000398123	213.197
0.000403152	238.528
0.00040818	265.446
0.000413209	294.046
0.000418237	324.352
0.000423266	356.487
0.000428294	390.464
0.000433323	426.4
0.000438351	464.304
0.000443379	504.277
0.000448408	546.331
0.000453436	590.568
0.000458465	636.99
0.000463493	685.686
0.000468522	736.626
0.00047355	789.79
0.000478578	845.099
0.000483607	902.27
0.000488635	961.193
0.000493664	1021.22
0.000498692	1082.24
0.000503721	1143.33
0.000508749	1204.45
0.000513778	1264.69
0.000518806	1324.1
0.000523834	1382.22
0.000528863	1439.2
0.000533891	1495.36
0.00053892	1550.86
0.000543948	1606.86
0.000548977	1663.46
0.000554005	1722.28
0.000559033	1783.34
0.000564062	1848.09
0.00056909	1916.46
0.000574119	1989.09
0.000579147	2065.87
0.000584176	2146.24
0.000589204	2230.08
0.000594233	2315.69
0.000599261	2403
0.000604289	2489.54
0.000609318	2575.3
0.000614346	2657.68
0.000619375	2736.71
0.000624403	2810.28
0.000629432	2878.43
0.00063446	2939.91
0.000639488	2994.78
0.000644517	3042.77
0.000649545	3083.91
0.000654574	3118.77
0.000659602	3147.35
0.000664631	3170.69
0.000669659	3188.79
0.000674688	3202.77
0.000679716	3212.64
0.000684744	3218.63
0.000689773	3221.59
0.000694801	3221.57
0.00069983	3218
0.000704858	3210.82
0.000709887	3200.02
0.000714915	3184.62
0.000719943	3164.62
0.000724972	3138.84
0.00073	3107.27
0.000735029	3068.9
0.000740057	3023.69
0.000745086	2971.29
0.000750114	2911.62
0.000755143	2845.29
0.000760171	2772.21
0.000765199	2693.94
0.000770228	2610.44
0.000775256	2523.86
0.000780285	2434.22
0.000785313	2343.67
0.000790342	2252.31
0.00079537	2161.74
0.000800398	2072.09
0.000805427	1984.19
0.000810455	1898.14
0.000815484	1814.2
0.000820512	1732.39
0.000825541	1652.75
0.000830569	1575.25
0.000835598	1500.05
0.000840626	1427.11
0.000845654	1356.75
0.000850683	1288.98
0.000855711	1224.12
0.00086074	1162.22
0.000865768	1103.37
0.000870797	1047.62
0.000875825	994.677
0.000880853	944.57
0.000885882	896.675
0.00089091	850.963
0.000895939	806.723
0.000900967	763.855
0.000905996	721.816
0.000911024	680.473
0.000916052	639.6
0.000921081	599.085
0.000926109	559.024
0.000931138	519.364
0.000936166	480.428
0.000941195	442.227
0.000946223	405.178
0.000951252	369.347
0.00095628	335.136
0.000961308	302.64
0.000966337	272.171
0.000971365	243.834
0.000976394	217.791
0.000981422	194.136
0.000986451	172.845
0.000991479	153.977
0.000996507	137.324
0.00100154	122.888
0.00100656	110.332
0.00101159	99.5908
0.00101662	90.2928
0.00102165	82.3211
0.00102668	75.3581
0.00103171	69.2702
0.00103673	63.8383
0.00104176	58.9468
0.00104679	54.469
0.00105182	50.3245
0.00105685	46.4453
0.00106188	42.7825
0.00106691	39.2969
0.00107193	35.9579
0.00107696	32.745
0.00108199	29.6367
0.00108702	26.6336
0.00109205	23.7241
0.00109708	20.9295
0.0011021	18.2523
0.00110713	15.7238
0.00111216	13.3601
0.00111719	11.1857
0.00112222	9.22235
0.00112725	7.47579
0.00113228	5.96158
0.0011373	4.66584
0.00114233	3.58984
0.00114736	2.70772
0.00115239	2.00595
0.00115742	1.45673
0.00116245	1.02587
0.00116747	0.72508
