0.000500379	9.50952e-93
0.00050876	2.53154e-89
0.000517141	1.01233e-88
0.000525522	2.17362e-85
0.000533903	8.77929e-85
0.000542284	1.52006e-81
0.000550665	6.20254e-81
0.000559045	8.65868e-78
0.000567426	3.56987e-77
0.000575807	4.01756e-74
0.000584188	1.67382e-73
0.000592569	1.51843e-70
0.00060095	6.39348e-70
0.00060933	4.67469e-67
0.000617711	1.98948e-66
0.000626092	1.17231e-63
0.000634473	5.04328e-63
0.000642854	2.3948e-60
0.000651235	1.0415e-59
0.000659615	3.98514e-57
0.000667996	1.75219e-56
0.000676377	5.4023e-54
0.000684758	2.40146e-53
0.000693139	5.96611e-51
0.00070152	2.68129e-50
0.0007099	5.36787e-48
0.000718281	2.43886e-47
0.000726662	3.93494e-45
0.000735043	1.8072e-44
0.000743424	2.35037e-42
0.000751805	1.09095e-41
0.000760186	1.14404e-39
0.000768566	5.36512e-39
0.000776947	4.53844e-37
0.000785328	2.1495e-36
0.000793709	1.4676e-34
0.00080209	7.01588e-34
0.000810471	3.86931e-32
0.000818851	1.86559e-31
0.000827232	8.31947e-30
0.000835613	4.04153e-29
0.000843994	1.45927e-27
0.000852375	7.13313e-27
0.000860756	2.08892e-25
0.000869136	1.02572e-24
0.000877517	2.44158e-23
0.000885898	1.20171e-22
0.000894279	2.33148e-21
0.00090266	1.14714e-20
0.000911041	1.82018e-19
0.000919421	8.92263e-19
0.000927802	1.16272e-17
0.000936183	5.65535e-17
0.000944564	6.08313e-16
0.000952945	2.92111e-15
0.000961326	2.60937e-14
0.000969707	1.2297e-13
0.000978087	9.1877e-13
0.000986468	4.21959e-12
0.000994849	2.65872e-11
0.00100323	1.18039e-10
0.00101161	6.33082e-10
0.00101999	2.69244e-09
0.00102837	1.24182e-08
0.00103675	5.00888e-08
0.00104513	2.00853e-07
0.00105351	7.60214e-07
0.0010619	2.68049e-06
0.00107028	9.41653e-06
0.00107866	2.95256e-05
0.00108704	9.52352e-05
0.00109542	0.000268405
0.0011038	0.00078684
0.00111218	0.00201265
0.00112056	0.0053141
0.00112894	0.0124375
0.00113732	0.0293594
0.0011457	0.0632634
0.00115409	0.132803
0.00116247	0.268873
0.00117085	0.501196
0.00117923	0.931324
0.00118761	1.56696
0.00119599	2.58029
0.00120437	3.96589
0.00121275	5.84017
0.00122113	8.18473
0.00122951	10.8835
0.00123789	13.9238
0.00124627	16.9757
0.00125466	20.0562
0.00126304	23.0822
0.00127142	26.0936
0.0012798	29.8701
0.00128818	34.434
0.00129656	41.3782
0.00130494	50.6857
0.00131332	63.6715
0.0013217	80.3088
0.00133008	100.432
0.00133846	124.039
0.00134684	149.583
0.00135523	177.074
0.00136361	204.977
0.00137199	233.28
0.00138037	261.499
0.00138875	289.612
0.00139713	317.982
0.00140551	346.581
0.00141389	376.308
0.00142227	407.099
0.00143065	440.992
0.00143903	477.891
0.00144741	521.417
0.0014558	571.547
0.00146418	632.261
0.00147256	703.717
0.00148094	788.033
0.00148932	885.488
0.0014977	995.214
0.00150608	1117.45
0.00151446	1248.94
0.00152284	1389.77
0.00153122	1535.61
0.0015396	1686.33
0.00154798	1837.95
0.00155637	1990.17
0.00156475	2140.76
0.00157313	2289.52
0.00158151	2435.23
0.00158989	2578.15
0.00159827	2714.6
0.00160665	2844.94
0.00161503	2961.94
0.00162341	3065.05
0.00163179	3148.86
0.00164017	3211.91
0.00164855	3256.47
0.00165694	3283.46
0.00166532	3289.3
0.0016737	3285.96
0.00168208	3277.7
0.00169046	3252.96
0.00169884	3210.87
0.00170722	3153
0.0017156	3074
0.00172398	2971.72
0.00173236	2851.1
0.00174074	2711.13
0.00174912	2562.86
0.00175751	2407.75
0.00176589	2254.74
0.00177427	2106.38
0.00178265	1965.57
0.00179103	1833.9
0.00179941	1710.59
0.00180779	1595.83
0.00181617	1488.78
0.00182455	1389.17
0.00183293	1296.94
0.00184131	1212.18
0.00184969	1134.09
0.00185808	1062.88
0.00186646	996.263
0.00187484	933.83
0.00188322	873.3
0.0018916	813.679
0.00189998	754.444
0.00190836	694.893
0.00191674	636.003
0.00192512	577.878
0.0019335	521.408
0.00194188	467.045
0.00195026	414.913
0.00195865	365.166
0.00196703	317.866
0.00197541	272.907
0.00198379	230.94
0.00199217	192.1
0.00200055	157.199
0.00200893	126.759
0.00201731	100.85
0.00202569	79.9011
0.00203407	63.0445
0.00204245	50.1282
0.00205083	40.0484
0.00205922	32.1673
0.0020676	25.8608
0.00207598	20.5184
0.00208436	16.0393
0.00209274	12.1559
0.00210112	8.91472
0.0021095	6.29033
0.00211788	4.23429
0.00212626	2.73594
0.00213464	1.67673
0.00214302	0.978577
0.0021514	0.547374
0.00215979	0.255497
0.00216817	0.146653
