0.000166815	11.4254
0.000171844	12.895
0.000176872	14.2634
0.000181901	15.5595
0.000186929	16.6984
0.000191958	17.6259
0.000196986	18.2648
0.000202014	18.5742
0.000207043	18.6828
0.000212071	18.4828
0.0002171	18.0117
0.000222128	17.3711
0.000227157	16.6271
0.000232185	15.8741
0.000237214	15.1981
0.000242242	14.7483
0.00024727	14.5399
0.000252299	14.743
0.000257327	15.4301
0.000262356	16.6532
0.000267384	18.5101
0.000272413	21.0192
0.000277441	24.1903
0.000282469	28.0575
0.000287498	32.5962
0.000292526	37.7936
0.000297555	43.6189
0.000302583	50.023
0.000307612	56.978
0.00031264	64.4159
0.000317669	72.3192
0.000322697	80.6213
0.000327725	89.3196
0.000332754	98.3684
0.000337782	107.782
0.000342811	117.552
0.000347839	127.709
0.000352868	138.298
0.000357896	149.366
0.000362924	161.019
0.000367953	173.319
0.000372981	186.442
0.00037801	200.454
0.000383038	215.597
0.000388067	231.935
0.000393095	249.755
0.000398123	269.11
0.000403152	290.303
0.00040818	313.374
0.000413209	338.614
0.000418237	366.05
0.000423266	395.941
0.000428294	428.3
0.000433323	463.343
0.000438351	501.063
0.000443379	541.6
0.000448408	584.921
0.000453436	631.034
0.000458465	679.873
0.000463493	731.239
0.000468522	785.041
0.00047355	840.823
0.000478578	898.499
0.000483607	957.395
0.000488635	1017.46
0.000493664	1077.94
0.000498692	1138.85
0.000503721	1199.6
0.000508749	1260.21
0.000513778	1320.41
0.000518806	1380.24
0.000523834	1439.72
0.000528863	1498.87
0.000533891	1557.82
0.00053892	1616.51
0.000543948	1674.9
0.000548977	1732.93
0.000554005	1790.15
0.000559033	1846.52
0.000564062	1901.28
0.00056909	1954.44
0.000574119	2005.25
0.000579147	2053.74
0.000584176	2099.57
0.000589204	2142.79
0.000594233	2183.7
0.000599261	2222.35
0.000604289	2259.63
0.000609318	2295.54
0.000614346	2331.26
0.000619375	2366.76
0.000624403	2403.05
0.000629432	2440.09
0.00063446	2478.34
0.000639488	2517.79
0.000644517	2558.18
0.000649545	2599.5
0.000654574	2640.84
0.000659602	2682.19
0.000664631	2722.12
0.000669659	2760.63
0.000674688	2796.01
0.000679716	2828.28
0.000684744	2855.71
0.000689773	2878.32
0.000694801	2894.92
0.00069983	2905.57
0.000704858	2906.85
0.000709887	2902.54
0.000714915	2892.93
0.000719943	2873.59
0.000724972	2847.46
0.00073	2814.68
0.000735029	2775.8
0.000740057	2730.81
0.000745086	2680.73
0.000750114	2625.57
0.000755143	2566.28
0.000760171	2502.88
0.000765199	2436.13
0.000770228	2366.07
0.000775256	2293.33
0.000780285	2217.92
0.000785313	2140.48
0.000790342	2061.01
0.00079537	1980.18
0.000800398	1898.01
0.000805427	1815.26
0.000810455	1731.96
0.000815484	1648.89
0.000820512	1566.09
0.000825541	1484.33
0.000830569	1403.65
0.000835598	1324.73
0.000840626	1247.61
0.000845654	1172.86
0.000850683	1100.52
0.000855711	1031.01
0.00086074	964.402
0.000865768	900.971
0.000870797	840.771
0.000875825	783.947
0.000880853	730.544
0.000885882	680.551
0.00089091	634.002
0.000895939	590.722
0.000900967	550.728
0.000905996	513.699
0.000911024	479.624
0.000916052	448.082
0.000921081	419.034
0.000926109	392.022
0.000931138	366.979
0.000936166	343.482
0.000941195	321.445
0.000946223	300.528
0.000951252	280.644
0.00095628	261.56
0.000961308	243.198
0.000966337	225.436
0.000971365	208.215
0.000976394	191.508
0.000981422	175.28
0.000986451	159.576
0.000991479	144.384
0.000996507	129.794
0.00100154	115.816
0.00100656	102.553
0.00101159	90.0337
0.00101662	78.3418
0.00102165	67.5148
0.00102668	57.5963
0.00103171	48.6199
0.00103673	40.5759
0.00104176	33.4834
0.00104679	27.2815
0.00105182	21.967
0.00105685	17.4425
0.00106188	13.6809
0.00106691	10.5697
0.00107193	8.063
0.00107696	6.05319
0.00108199	4.48444
0.00108702	3.26797
0.00109205	2.34789
0.00109708	1.6596
0.0011021	1.15469
0.00110713	0.791329
0.00111216	0.5324
0.00111719	0.35372
0.00112222	0.229757
0.00112725	0.148027
0.00113228	0.0926632
0.0011373	0.0579329
0.00114233	0.0348796
0.00114736	0.0211849
0.00115239	0.0122386
0.00115742	0.00723299
0.00116245	0.00363211
0.00116747	0.00230442
