3.33898e-05	7.00255
3.48982e-05	8.98596
3.64066e-05	11.4926
3.7915e-05	14.4862
3.94234e-05	18.0725
4.09318e-05	22.3274
4.24402e-05	27.3218
4.39487e-05	33.14
4.54571e-05	39.8486
4.69655e-05	47.5371
4.84739e-05	56.2628
4.99823e-05	66.1166
5.14907e-05	77.1383
5.29991e-05	89.4118
5.45076e-05	102.948
5.6016e-05	117.807
5.75244e-05	133.96
5.90328e-05	151.418
6.05412e-05	170.107
6.20496e-05	189.963
6.3558e-05	210.876
6.50665e-05	232.694
6.65749e-05	255.305
6.80833e-05	278.488
6.95917e-05	302.179
7.11001e-05	326.155
7.26085e-05	350.454
7.41169e-05	374.968
7.56253e-05	399.861
7.71338e-05	425.27
7.86422e-05	451.473
8.01506e-05	478.933
8.1659e-05	507.978
8.31674e-05	539.38
8.46758e-05	573.414
8.61842e-05	611.007
8.76927e-05	652.288
8.92011e-05	698.068
9.07095e-05	748.278
9.22179e-05	803.322
9.37263e-05	862.95
9.52347e-05	926.954
9.67431e-05	994.992
9.82516e-05	1066.23
9.976e-05	1140.35
0.000101268	1216.09
0.000102777	1293.26
0.000104285	1370.54
0.000105794	1447.87
0.000107302	1524.27
0.00010881	1599.8
0.000110319	1674.02
0.000111827	1747.06
0.000113336	1819.02
0.000114844	1890.04
0.000116353	1960.59
0.000117861	2030.73
0.000119369	2101.02
0.000120878	2171.45
0.000122386	2242.38
0.000123895	2313.77
0.000125403	2385.65
0.000126911	2457.95
0.00012842	2530.43
0.000129928	2603.02
0.000131437	2675.3
0.000132945	2747.24
0.000134453	2818.43
0.000135962	2888.85
0.00013747	2958.18
0.000138979	3026.43
0.000140487	3093.37
0.000141996	3159.02
0.000143504	3223.21
0.000145012	3285.93
0.000146521	3346.96
0.000148029	3406.27
0.000149538	3463.48
0.000151046	3518.55
0.000152554	3570.89
0.000154063	3620.46
0.000155571	3666.46
0.00015708	3708.87
0.000158588	3746.77
0.000160097	3780.15
0.000161605	3808.15
0.000163113	3830.77
0.000164622	3847.88
0.00016613	3859.17
0.000167639	3860.36
0.000169147	3858.61
0.000170655	3853.32
0.000172164	3838.08
0.000173672	3817.73
0.000175181	3792.09
0.000176689	3761.5
0.000178197	3725.95
0.000179706	3686.19
0.000181214	3642.2
0.000182723	3594.68
0.000184231	3543.61
0.00018574	3489.57
0.000187248	3432.56
0.000188756	3373.11
0.000190265	3311.21
0.000191773	3247.39
0.000193282	3181.64
0.00019479	3114.5
0.000196298	3045.97
0.000197807	2976.54
0.000199315	2906.21
0.000200824	2835.37
0.000202332	2764.04
0.000203841	2692.47
0.000205349	2620.67
0.000206857	2548.82
0.000208366	2476.92
0.000209874	2405.13
0.000211383	2333.44
0.000212891	2262.05
0.000214399	2190.97
0.000215908	2120.42
0.000217416	2050.4
0.000218925	1981.09
0.000220433	1912.51
0.000221941	1844.71
0.00022345	1777.7
0.000224958	1711.38
0.000226467	1645.75
0.000227975	1580.58
0.000229484	1515.85
0.000230992	1451.31
0.0002325	1386.93
0.000234009	1322.52
0.000235517	1258.03
0.000237026	1193.42
0.000238534	1128.67
0.000240042	1063.9
0.000241551	999.114
0.000243059	934.647
0.000244568	870.494
0.000246076	807.187
0.000247585	744.744
0.000249093	683.817
0.000250601	624.456
0.00025211	567.338
0.000253618	512.549
0.000255127	460.675
0.000256635	411.826
0.000258143	366.391
0.000259652	324.481
0.00026116	286.221
0.000262669	251.699
0.000264177	220.772
0.000265685	193.482
0.000267194	169.474
0.000268702	148.731
0.000270211	130.782
0.000271719	115.559
0.000273228	102.563
0.000274736	91.6915
0.000276244	82.4902
0.000277753	74.8399
0.000279261	68.3649
0.00028077	62.9485
0.000282278	58.2991
0.000283786	54.3128
0.000285295	50.7766
0.000286803	47.6032
0.000288312	44.651
0.00028982	41.8503
0.000291329	39.125
0.000292837	36.4249
0.000294345	33.7306
0.000295854	31.0141
0.000297362	28.2985
0.000298871	25.5781
0.000300379	22.8989
0.000301887	20.2738
0.000303396	17.7508
0.000304904	15.3534
0.000306413	13.1152
0.000307921	11.0609
0.000309429	9.20234
0.000310938	7.55669
0.000312446	6.11578
0.000313955	4.88486
0.000315463	3.84273
0.000316972	2.98299
0.00031848	2.27984
0.000319988	1.7188
0.000321497	1.27603
0.000323005	0.933699
0.000324514	0.673357
0.000326022	0.477881
0.00032753	0.334874
0.000329039	0.230332
0.000330547	0.15691
0.000332056	0.101751
0.000333564	0.0692597
