3.33898e-05	5.05931e-11
3.55687e-05	1.75157e-10
3.77476e-05	5.48848e-10
3.99264e-05	1.86759e-09
4.21053e-05	5.34655e-09
4.42842e-05	1.68211e-08
4.64631e-05	4.67832e-08
4.8642e-05	1.36568e-07
5.08209e-05	3.67844e-07
5.29998e-05	9.9991e-07
5.51787e-05	2.60005e-06
5.73576e-05	6.60536e-06
5.95365e-05	1.65295e-05
6.17154e-05	3.93883e-05
6.38943e-05	9.45674e-05
6.60732e-05	0.000212124
6.82521e-05	0.000487196
7.0431e-05	0.00103226
7.26099e-05	0.00226182
7.47888e-05	0.0045415
7.69677e-05	0.00946995
7.91465e-05	0.0180745
8.13254e-05	0.0357895
8.35043e-05	0.0653145
8.56832e-05	0.122308
8.78621e-05	0.21728
9.0041e-05	0.38013
9.22199e-05	0.645586
9.43988e-05	1.06906
9.65777e-05	1.73221
9.87566e-05	2.72388
0.000100935	4.20593
0.000103114	6.29564
0.000105293	9.26082
0.000107472	13.2202
0.000109651	18.5331
0.00011183	25.2717
0.000114009	33.7995
0.000116188	44.0935
0.000118367	56.3619
0.000120546	70.4747
0.000122724	86.3228
0.000124903	103.72
0.000127082	122.2
0.000129261	141.624
0.00013144	161.343
0.000133619	181.371
0.000135798	201.25
0.000137977	221.185
0.000140156	241.314
0.000142334	261.983
0.000144513	284.15
0.000146692	308.194
0.000148871	335.807
0.00015105	367.29
0.000153229	404.707
0.000155408	448.196
0.000157587	499.681
0.000159766	559.103
0.000161945	627.703
0.000164123	705.236
0.000166302	791.798
0.000168481	887.016
0.00017066	989.574
0.000172839	1099.08
0.000175018	1212.93
0.000177197	1330.86
0.000179376	1449.69
0.000181555	1569.47
0.000183733	1687.77
0.000185912	1804.97
0.000188091	1920.92
0.00019027	2036.17
0.000192449	2153.63
0.000194628	2273.72
0.000196807	2401.61
0.000198986	2537.35
0.000201165	2685.99
0.000203344	2847.19
0.000205522	3023.08
0.000207701	3213.14
0.00020988	3414.95
0.000212059	3628.08
0.000214238	3846.29
0.000216417	4069.43
0.000218596	4290.07
0.000220775	4508.35
0.000222954	4718.78
0.000225132	4921.61
0.000227311	5115.1
0.00022949	5299.44
0.000231669	5476.21
0.000233848	5645.45
0.000236027	5809.99
0.000238206	5969.78
0.000240385	6126.58
0.000242564	6280.34
0.000244743	6430.45
0.000246921	6576.88
0.0002491	6716.8
0.000251279	6850.22
0.000253458	6973.38
0.000255637	7086.29
0.000257816	7186.09
0.000259995	7272.75
0.000262174	7345.87
0.000264353	7405.39
0.000266531	7453.73
0.00026871	7490.83
0.000270889	7520.64
0.000273068	7543.18
0.000275247	7561.46
0.000277426	7575.64
0.000279605	7585.51
0.000281784	7591.13
0.000283963	7591.2
0.000286142	7582.26
0.00028832	7563.35
0.000290499	7531.31
0.000292678	7483.74
0.000294857	7420.61
0.000297036	7340.4
0.000299215	7242.84
0.000301394	7129
0.000303573	6998.74
0.000305752	6854.5
0.00030793	6696.28
0.000310109	6526.87
0.000312288	6346.39
0.000314467	6157.4
0.000316646	5960.06
0.000318825	5756.4
0.000321004	5546.6
0.000323183	5332.08
0.000325362	5112.97
0.00032754	4890.41
0.000329719	4664.44
0.000331898	4436.53
0.000334077	4206.64
0.000336256	3977.06
0.000338435	3747.81
0.000340614	3521.9
0.000342793	3299.55
0.000344972	3083.75
0.000347151	2874.94
0.000349329	2675.19
0.000351508	2485.01
0.000353687	2305.06
0.000355866	2135.74
0.000358045	1976.46
0.000360224	1827.37
0.000362403	1687.28
0.000364582	1556.06
0.000366761	1432.53
0.000368939	1316.45
0.000371118	1206.94
0.000373297	1103.76
0.000375476	1006.44
0.000377655	914.792
0.000379834	828.702
0.000382013	748.068
0.000384192	672.986
0.000386371	603.453
0.00038855	539.574
0.000390728	481.415
0.000392907	428.895
0.000395086	382.079
0.000397265	340.608
0.000399444	304.472
0.000401623	273.088
0.000403802	246.34
0.000405981	223.54
0.00040816	204.492
0.000410338	188.475
0.000412517	175.246
0.000414696	164.075
0.000416875	154.675
0.000419054	146.372
0.000421233	138.827
0.000423412	131.573
0.000425591	124.267
0.00042777	116.793
0.000429949	108.923
0.000432127	100.879
0.000434306	92.6457
0.000436485	84.5887
0.000438664	76.8903
0.000440843	69.7958
0.000443022	63.5461
0.000445201	58.1165
0.00044738	53.6334
0.000449559	49.8523
0.000451737	46.701
0.000453916	43.8982
0.000456095	41.2308
0.000458274	38.5495
0.000460453	35.6445
0.000462632	32.5472
0.000464811	29.2139
0.00046699	25.6597
