0.000100103	8.301e-26
0.000103622	1.03787e-24
0.000107142	3.90244e-24
0.000110662	4.40328e-23
0.000114182	1.61994e-22
0.000117702	1.62041e-21
0.000121222	5.93806e-21
0.000124742	5.27592e-20
0.000128261	1.92223e-19
0.000131781	1.5203e-18
0.000135301	5.49561e-18
0.000138821	3.87858e-17
0.000142341	1.38777e-16
0.000145861	8.76365e-16
0.000149381	3.0957e-15
0.0001529	1.75444e-14
0.00015642	6.1009e-14
0.00015994	3.11325e-13
0.00016346	1.0624e-12
0.00016698	4.89889e-12
0.0001705	1.63501e-11
0.00017402	6.83881e-11
0.000177539	2.22421e-10
0.000181059	8.47338e-10
0.000184579	2.67523e-09
0.000188099	9.32226e-09
0.000191619	2.84578e-08
0.000195139	9.11098e-08
0.000198659	2.6782e-07
0.000202178	7.91368e-07
0.000205698	2.2308e-06
0.000209218	6.11146e-06
0.000212738	1.64534e-05
0.000216258	4.19805e-05
0.000219778	0.000107516
0.000223298	0.000256607
0.000226817	0.000622866
0.000230337	0.00139635
0.000233857	0.0032015
0.000237377	0.00676752
0.000240897	0.014613
0.000244417	0.0292279
0.000247937	0.0592944
0.000251456	0.112555
0.000254976	0.214147
0.000258496	0.394268
0.000262016	0.696786
0.000265536	1.21623
0.000269056	2.02323
0.000272576	3.33179
0.000276095	5.24388
0.000279615	8.1502
0.000283135	12.1661
0.000286655	17.8723
0.000290175	25.3578
0.000293695	35.2995
0.000297214	47.7198
0.000300734	63.1831
0.000304254	81.6409
0.000307774	103.335
0.000311294	128.193
0.000314814	156.11
0.000318334	187.059
0.000321853	220.829
0.000325373	257.46
0.000328893	296.956
0.000332413	339.379
0.000335933	385.019
0.000339453	433.892
0.000342973	486.311
0.000346492	542.258
0.000350012	601.845
0.000353532	665.108
0.000357052	732.245
0.000360572	803.397
0.000364092	879.543
0.000367612	960.848
0.000371131	1049.34
0.000374651	1145.04
0.000378171	1250.1
0.000381691	1364.3
0.000385211	1488.03
0.000388731	1620.93
0.000392251	1760.14
0.00039577	1905.37
0.00039929	2050.94
0.00040281	2196.84
0.00040633	2337.22
0.00040985	2472.32
0.00041337	2599.51
0.00041689	2719.08
0.000420409	2833.19
0.000423929	2941.98
0.000427449	3050.71
0.000430969	3159.35
0.000434489	3272.52
0.000438009	3390.09
0.000441529	3513.16
0.000445048	3641.67
0.000448568	3773.22
0.000452088	3907.84
0.000455608	4041.92
0.000459128	4175.49
0.000462648	4305.92
0.000466168	4433.2
0.000469687	4556.21
0.000473207	4674.93
0.000476727	4789.17
0.000480247	4898.92
0.000483767	5004.19
0.000487287	5104.99
0.000490807	5200.66
0.000494326	5291.29
0.000497846	5374.38
0.000501366	5450.11
0.000504886	5514.01
0.000508406	5566.75
0.000511926	5594.79
0.000515446	5607.35
0.000518965	5605.86
0.000522485	5572.56
0.000526005	5516.83
0.000529525	5439.54
0.000533045	5345.04
0.000536565	5233.18
0.000540085	5111.68
0.000543604	4980.93
0.000547124	4846.83
0.000550644	4710.07
0.000554164	4572.68
0.000557684	4435.25
0.000561204	4296.37
0.000564724	4156.26
0.000568243	4012.15
0.000571763	3863.79
0.000575283	3709.39
0.000578803	3548.43
0.000582323	3381.56
0.000585843	3208.36
0.000589362	3031.98
0.000592882	2852.39
0.000596402	2673.85
0.000599922	2496.82
0.000603442	2324.64
0.000606962	2158.05
0.000610482	1998.27
0.000614001	1845.87
0.000617521	1700.21
0.000621041	1561.45
0.000624561	1428.42
0.000628081	1300.89
0.000631601	1178.37
0.000635121	1060.53
0.00063864	947.936
0.00064216	840.453
0.00064568	739.262
0.0006492	644.515
0.00065272	557.37
0.00065624	478.157
0.00065976	407.484
0.000663279	345.704
0.000666799	292.601
0.000670319	248.405
0.000673839	212.055
0.000677359	183.544
0.000680879	161.179
0.000684399	144.657
0.000687918	132.075
0.000691438	122.869
0.000694958	115.434
0.000698478	109.085
0.000701998	102.899
0.000705518	96.2844
0.000709038	89.083
0.000712557	80.9718
0.000716077	72.3271
0.000719597	63.1416
0.000723117	53.948
0.000726637	44.9565
0.000730157	36.5442
0.000733677	28.9686
0.000737196	22.3321
0.000740716	16.8001
0.000744236	12.2591
0.000747756	8.73405
0.000751276	6.02696
0.000754796	4.0572
0.000758316	2.64759
0.000761835	1.67906
0.000765355	1.03735
0.000768875	0.617315
0.000772395	0.361988
0.000775915	0.200632
0.000779435	0.11242
0.000782955	0.0574605
0.000786474	0.0310653
0.000789994	0.0149907
0.000793514	0.00761476
0.000797034	0.0031444
0.000800554	0.00165428
