0.000500379	1.09005e-45
0.000507084	6.4642e-44
0.000513789	2.55298e-43
0.000520493	1.30721e-41
0.000527198	5.17758e-41
0.000533903	2.28034e-39
0.000540607	9.09258e-39
0.000547312	3.44629e-37
0.000554017	1.38271e-36
0.000560721	4.51288e-35
0.000567426	1.82078e-34
0.000574131	5.1211e-33
0.000580835	2.07623e-32
0.00058754	5.03676e-31
0.000594244	2.05015e-30
0.000600949	4.29434e-29
0.000607654	1.75304e-28
0.000614358	3.17462e-27
0.000621063	1.29808e-26
0.000627768	2.03538e-25
0.000634472	8.32387e-25
0.000641177	1.13208e-23
0.000647882	4.62242e-23
0.000654586	5.46418e-22
0.000661291	2.22303e-21
0.000667995	2.28951e-20
0.0006747	9.25915e-20
0.000681405	8.33105e-19
0.000688109	3.34012e-18
0.000694814	2.63379e-17
0.000701519	1.04362e-16
0.000708223	7.23748e-16
0.000714928	2.82449e-15
0.000721633	1.72953e-14
0.000728337	6.62197e-14
0.000735042	3.59601e-13
0.000741746	1.34502e-12
0.000748451	6.50857e-12
0.000755156	2.3671e-11
0.00076186	1.02598e-10
0.000768565	3.61007e-10
0.00077527	1.40924e-09
0.000781974	4.77207e-09
0.000788679	1.68737e-08
0.000795384	5.46876e-08
0.000802088	1.76189e-07
0.000808793	5.43481e-07
0.000815497	1.60483e-06
0.000822202	4.6854e-06
0.000828907	1.27545e-05
0.000835611	3.5056e-05
0.000842316	8.84647e-05
0.000849021	0.000227753
0.000855725	0.000535559
0.00086243	0.0012857
0.000869135	0.00283031
0.000875839	0.00631172
0.000882544	0.0130595
0.000889249	0.0269729
0.000895953	0.0526256
0.000902658	0.10047
0.000909362	0.189339
0.000916067	0.332442
0.000922772	0.58341
0.000929476	0.958682
0.000936181	1.56311
0.000942886	2.41328
0.00094959	3.66484
0.000956295	5.32549
0.000963	7.56061
0.000969704	10.362
0.000976409	13.8247
0.000983113	17.9299
0.000989818	22.643
0.000996523	27.9546
0.00100323	33.7554
0.00100993	40.0678
0.00101664	46.9172
0.00102334	54.3645
0.00103005	62.8513
0.00103675	72.46
0.00104346	84.2399
0.00105016	98.2638
0.00105686	116.156
0.00106357	137.951
0.00107027	165.549
0.00107698	198.936
0.00108368	239.779
0.00109039	288.023
0.00109709	344.565
0.0011038	409.346
0.0011105	482.246
0.00111721	563.233
0.00112391	651.474
0.00113062	746.972
0.00113732	848.89
0.00114402	957.242
0.00115073	1071.7
0.00115743	1192.26
0.00116414	1318.8
0.00117084	1451.34
0.00117755	1588.87
0.00118425	1731.43
0.00119096	1876.09
0.00119766	2022.89
0.00120437	2166.94
0.00121107	2308.29
0.00121778	2441.36
0.00122448	2566.14
0.00123119	2678.34
0.00123789	2777.83
0.00124459	2863.05
0.0012513	2933.8
0.001258	2991.37
0.00126471	3035.63
0.00127141	3069.52
0.00127812	3093.06
0.00128482	3109
0.00129153	3117.6
0.00129823	3118.55
0.00130494	3113.46
0.00131164	3102.41
0.00131835	3082.64
0.00132505	3054.73
0.00133175	3018.72
0.00133846	2975.57
0.00134516	2925.09
0.00135187	2870.34
0.00135857	2811.42
0.00136528	2751.17
0.00137198	2689.98
0.00137869	2628.48
0.00138539	2567.02
0.0013921	2504.21
0.0013988	2440
0.00140551	2373.08
0.00141221	2303.08
0.00141891	2230.55
0.00142562	2155.22
0.00143232	2079.26
0.00143903	2002.83
0.00144573	1927.89
0.00145244	1854.91
0.00145914	1784.07
0.00146585	1715.78
0.00147255	1648.41
0.00147926	1581.99
0.00148596	1514.37
0.00149267	1445.17
0.00149937	1373.12
0.00150608	1297.7
0.00151278	1219.34
0.00151948	1137.67
0.00152619	1054.76
0.00153289	970.655
0.0015396	888.237
0.0015463	808.04
0.00155301	732.392
0.00155971	662.117
0.00156642	597.899
0.00157312	540.395
0.00157983	488.597
0.00158653	442.61
0.00159324	400.741
0.00159994	362.566
0.00160664	326.885
0.00161335	293.132
0.00162005	261.053
0.00162676	230.326
0.00163346	201.285
0.00164017	173.932
0.00164687	148.624
0.00165358	125.513
0.00166028	104.731
0.00166699	86.3926
0.00167369	70.4712
0.0016804	57.0037
0.0016871	45.896
0.00169381	37.1508
0.00170051	30.5841
0.00170721	25.7982
0.00171392	23.78
0.00172062	23.4444
0.00172733	23.3557
0.00173403	24.8914
0.00174074	27.3785
0.00174744	30.0129
0.00175415	32.5696
0.00176085	34.8801
0.00176756	36.2216
0.00177426	36.5528
0.00178097	36.6552
0.00178767	35.5259
0.00179437	33.2605
0.00180108	30.3896
0.00180778	27.0179
0.00181449	23.3298
0.00182119	19.5536
0.0018279	15.9969
0.0018346	12.5545
