0.000500379	1.27019e-71
0.000507922	4.71691e-69
0.000515465	1.88295e-68
0.000523008	5.87924e-66
0.00053055	2.36802e-65
0.000538093	6.21228e-63
0.000545636	2.52644e-62
0.000553179	5.56868e-60
0.000560721	2.28671e-59
0.000568264	4.23486e-57
0.000575807	1.75588e-56
0.00058335	2.73229e-54
0.000590892	1.14384e-53
0.000598435	1.49569e-51
0.000605978	6.32159e-51
0.000613521	6.94708e-49
0.000621063	2.96402e-48
0.000628606	2.73807e-46
0.000636149	1.17906e-45
0.000643692	9.15811e-44
0.000651234	3.97926e-43
0.000658777	2.59974e-41
0.00066632	1.13942e-40
0.000673862	6.26432e-39
0.000681405	2.76816e-38
0.000688948	1.28145e-36
0.000696491	5.70607e-36
0.000704033	2.22584e-34
0.000711576	9.98013e-34
0.000719119	3.28353e-32
0.000726662	1.48117e-31
0.000734204	4.11488e-30
0.000741747	1.86537e-29
0.00074929	4.38201e-28
0.000756833	1.99361e-27
0.000764375	3.96682e-26
0.000771918	1.80826e-25
0.000779461	3.05382e-24
0.000787004	1.39206e-23
0.000794546	2.00026e-22
0.000802089	9.09658e-22
0.000809632	1.11534e-20
0.000817175	5.04626e-20
0.000824717	5.2975e-19
0.00083226	2.3768e-18
0.000839803	2.14477e-17
0.000847345	9.50654e-17
0.000854888	7.40738e-16
0.000862431	3.22959e-15
0.000869974	2.18412e-14
0.000877516	9.32126e-14
0.000885059	5.5029e-13
0.000892602	2.28632e-12
0.000900145	1.18576e-11
0.000907687	4.76756e-11
0.00091523	2.18716e-10
0.000922773	8.45566e-10
0.000930316	3.45644e-09
0.000937858	1.27625e-08
0.000945401	4.68394e-08
0.000952944	1.64042e-07
0.000960487	5.44727e-07
0.000968029	1.79711e-06
0.000975572	5.44082e-06
0.000983115	1.67976e-05
0.000990658	4.67086e-05
0.0009982	0.000134132
0.00100574	0.000344917
0.00101329	0.000916451
0.00102083	0.00219279
0.00102837	0.00536804
0.00103591	0.0120146
0.00104346	0.0270184
0.001051	0.056811
0.00105854	0.117178
0.00106608	0.232234
0.00107363	0.439337
0.00108117	0.839331
0.00108871	1.46202
0.00109626	2.57404
0.0011038	4.20725
0.00111134	6.85263
0.00111888	10.5364
0.00112643	15.9558
0.00113397	23.1142
0.00114151	32.7196
0.00114906	44.7446
0.0011566	59.5554
0.00116414	77.1094
0.00117168	97.1549
0.00117923	119.666
0.00118677	143.906
0.00119431	169.888
0.00120185	197.044
0.0012094	225.413
0.00121694	255.416
0.00122448	287.082
0.00123203	322.184
0.00123957	360.72
0.00124711	405.338
0.00125465	456.02
0.0012622	515.157
0.00126974	582.746
0.00127728	659.649
0.00128482	745.908
0.00129237	839.962
0.00129991	941.897
0.00130745	1047.63
0.001315	1157.24
0.00132254	1265.09
0.00133008	1371.19
0.00133762	1470.27
0.00134517	1562.2
0.00135271	1644.23
0.00136025	1716.11
0.00136779	1778.7
0.00137534	1831.77
0.00138288	1879.07
0.00139042	1920.55
0.00139797	1960.95
0.00140551	2000.38
0.00141305	2042.94
0.00142059	2088.83
0.00142814	2140.82
0.00143568	2199.17
0.00144322	2264.94
0.00145076	2338.49
0.00145831	2418.34
0.00146585	2504.88
0.00147339	2593.41
0.00148094	2684.12
0.00148848	2770.05
0.00149602	2850.88
0.00150356	2920.26
0.00151111	2977.34
0.00151865	3019.77
0.00152619	3048.17
0.00153373	3054.73
0.00154128	3050.8
0.00154882	3041.17
0.00155636	3016.16
0.00156391	2982.1
0.00157145	2941.31
0.00157899	2891.71
0.00158653	2833.61
0.00159408	2764.29
0.00160162	2683.25
0.00160916	2589.44
0.0016167	2482.04
0.00162425	2363.3
0.00163179	2232.83
0.00163933	2095.28
0.00164688	1951.02
0.00165442	1805.25
0.00166196	1658.86
0.0016695	1516.31
0.00167705	1378.68
0.00168459	1249
0.00169213	1128.33
0.00169968	1017.99
0.00170722	918.791
0.00171476	830.335
0.0017223	753.048
0.00172985	685.122
0.00173739	626.491
0.00174493	574.506
0.00175247	528.569
0.00176002	486.17
0.00176756	446.313
0.0017751	407.712
0.00178265	369.435
0.00179019	331.78
0.00179773	294.404
0.00180527	258.425
0.00181282	224.165
0.00182036	192.399
0.0018279	163.655
0.00183544	137.895
0.00184299	115.353
0.00185053	95.5588
0.00185807	78.3842
0.00186562	63.4547
0.00187316	50.5406
0.0018807	39.482
0.00188824	30.147
0.00189579	22.4109
0.00190333	16.2138
0.00191087	11.3433
0.00191841	7.70299
0.00192596	5.03795
0.0019335	3.18552
0.00194104	1.94339
0.00194859	1.13471
0.00195613	0.647079
0.00196367	0.34241
0.00197121	0.185515
0.00197876	0.0897423
0.0019863	0.0456168
0.00199384	0.0185981
0.00200138	0.00959182
