0.000166815	0.000739546
0.000171844	0.0012537
0.000176872	0.00279616
0.000181901	0.00503752
0.000186929	0.00966056
0.000191958	0.0169457
0.000196986	0.0305485
0.000202014	0.0518677
0.000207043	0.0884468
0.000212071	0.144666
0.0002171	0.234556
0.000222128	0.368802
0.000227157	0.570216
0.000232185	0.860749
0.000237214	1.27212
0.000242242	1.84246
0.00024727	2.60809
0.000252299	3.62443
0.000257327	4.92271
0.000262356	6.56791
0.000267384	8.57322
0.000272413	10.994
0.000277441	13.8148
0.000282469	17.0541
0.000287498	20.6664
0.000292526	24.6097
0.000297555	28.8193
0.000302583	33.1871
0.000307612	37.652
0.00031264	42.0615
0.000317669	46.3845
0.000322697	50.4754
0.000327725	54.3553
0.000332754	57.9547
0.000337782	61.3584
0.000342811	64.644
0.000347839	67.9555
0.000352868	71.5709
0.000357896	75.6682
0.000362924	80.7348
0.000367953	86.9395
0.000372981	94.9167
0.00037801	104.772
0.000383038	117.142
0.000388067	132.024
0.000393095	149.847
0.000398123	170.497
0.000403152	194.001
0.00040818	220.174
0.000413209	248.574
0.000418237	279.03
0.000423266	310.773
0.000428294	343.734
0.000433323	377.157
0.000438351	411.116
0.000443379	445.27
0.000448408	479.801
0.000453436	515.032
0.000458465	551.159
0.000463493	589.099
0.000468522	628.967
0.00047355	671.883
0.000478578	717.832
0.000483607	767.624
0.000488635	821.139
0.000493664	878.506
0.000498692	939.58
0.000503721	1003.8
0.000508749	1071.06
0.000513778	1140.48
0.000518806	1212.05
0.000523834	1285.04
0.000528863	1359.53
0.000533891	1435.36
0.00053892	1512.64
0.000543948	1591.84
0.000548977	1673.04
0.000554005	1757.12
0.000559033	1844.1
0.000564062	1934.83
0.00056909	2029.25
0.000574119	2127.75
0.000579147	2230.24
0.000584176	2336.23
0.000589204	2445.63
0.000594233	2556.92
0.000599261	2670
0.000604289	2782.36
0.000609318	2893.94
0.000614346	3001.6
0.000619375	3105.36
0.000624403	3202.12
0.000629432	3291.94
0.00063446	3372.58
0.000639488	3444.09
0.000644517	3505.54
0.000649545	3556.95
0.000654574	3598.64
0.000659602	3630.6
0.000664631	3654.42
0.000669659	3670.08
0.000674688	3672.31
0.000679716	3670.92
0.000684744	3666.13
0.000689773	3648.38
0.000694801	3623.15
0.00069983	3590.59
0.000704858	3549.51
0.000709887	3499.88
0.000714915	3441.48
0.000719943	3374.29
0.000724972	3298.88
0.00073	3215.18
0.000735029	3124.71
0.000740057	3027.42
0.000745086	2925.55
0.000750114	2819.09
0.000755143	2710.53
0.000760171	2599.91
0.000765199	2489.4
0.000770228	2379.1
0.000775256	2270.41
0.000780285	2163.43
0.000785313	2058.79
0.000790342	1956.54
0.00079537	1856.91
0.000800398	1759.9
0.000805427	1665.91
0.000810455	1574.91
0.000815484	1487.81
0.000820512	1404.6
0.000825541	1326.5
0.000830569	1253.59
0.000835598	1186.79
0.000840626	1126.28
0.000845654	1072.04
0.000850683	1024.28
0.000855711	981.862
0.00086074	944.878
0.000865768	911.398
0.000870797	881.341
0.000875825	852.589
0.000880853	824.906
0.000885882	796.584
0.00089091	767.314
0.000895939	736.149
0.000900967	702.803
0.000905996	667.16
0.000911024	629.028
0.000916052	588.985
0.000921081	546.97
0.000926109	504.018
0.000931138	460.202
0.000936166	416.74
0.000941195	373.819
0.000946223	332.57
0.000951252	293.254
0.00095628	256.693
0.000961308	223.158
0.000966337	193.027
0.000971365	166.522
0.000976394	143.544
0.000981422	124.212
0.000986451	108.036
0.000991479	94.9984
0.000996507	84.382
0.00100154	76.0388
0.00100656	69.2314
0.00101159	63.7212
0.00101662	58.939
0.00102165	54.626
0.00102668	50.4865
0.00103171	46.3171
0.00103673	42.0873
0.00104176	37.6981
0.00104679	33.2826
0.00105182	28.8479
0.00105685	24.5611
0.00106188	20.4934
0.00106691	16.7519
0.00107193	13.416
0.00107696	10.5032
0.00108199	8.05962
0.00108702	6.03569
0.00109205	4.43214
0.00109708	3.1737
0.0011021	2.22766
0.00110713	1.52565
0.00111216	1.02226
0.00111719	0.670182
0.00112222	0.427942
0.00112725	0.268959
0.00113228	0.163305
0.0011373	0.0986064
0.00114233	0.0567642
0.00114736	0.0330263
0.00115239	0.0178801
0.00115742	0.0101092
0.00116245	0.00464671
0.00116747	0.00282589
