3.33898e-05	118.916
3.52334e-05	126.004
3.70771e-05	133.865
3.89207e-05	142.475
4.07644e-05	151.906
4.2608e-05	162.229
4.44517e-05	173.441
4.62953e-05	185.574
4.8139e-05	198.599
4.99827e-05	212.504
5.18263e-05	227.254
5.367e-05	242.804
5.55136e-05	259.14
5.73573e-05	276.214
5.92009e-05	294.053
6.10446e-05	312.644
6.28882e-05	332.065
6.47319e-05	352.375
6.65755e-05	373.695
6.84192e-05	396.176
7.02628e-05	419.957
7.21065e-05	445.271
7.39502e-05	472.238
7.57938e-05	501.134
7.76375e-05	532.022
7.94811e-05	565.147
8.13248e-05	600.49
8.31684e-05	638.182
8.50121e-05	678.122
8.68557e-05	720.257
8.86994e-05	764.423
9.0543e-05	810.358
9.23867e-05	857.877
9.42303e-05	906.54
9.6074e-05	956.191
9.79177e-05	1006.31
9.97613e-05	1056.8
0.000101605	1107.21
0.000103449	1157.55
0.000105292	1207.55
0.000107136	1257.33
0.00010898	1306.96
0.000110823	1356.63
0.000112667	1406.79
0.000114511	1457.69
0.000116354	1510.11
0.000118198	1564.29
0.000120042	1621.23
0.000121885	1681.1
0.000123729	1744.91
0.000125572	1812.69
0.000127416	1885.21
0.00012926	1962.34
0.000131103	2044.31
0.000132947	2130.89
0.000134791	2221.56
0.000136634	2316.01
0.000138478	2412.94
0.000140322	2512.03
0.000142165	2611.31
0.000144009	2710.5
0.000145853	2807.25
0.000147696	2901.39
0.00014954	2990.59
0.000151384	3074.79
0.000153227	3152.1
0.000155071	3222.57
0.000156915	3285.08
0.000158758	3339.75
0.000160602	3386.39
0.000162446	3425.16
0.000164289	3456.77
0.000166133	3481.38
0.000167977	3500.42
0.00016982	3513.99
0.000171664	3523.93
0.000173507	3530.31
0.000175351	3535.01
0.000177195	3538.02
0.000179038	3540.96
0.000180882	3543.76
0.000182726	3547.47
0.000184569	3552.01
0.000186413	3557.69
0.000188257	3564.41
0.0001901	3571.73
0.000191944	3579.59
0.000193788	3586.89
0.000195631	3593.6
0.000197475	3598.19
0.000199319	3600.7
0.000201162	3600.36
0.000203006	3595.84
0.00020485	3586.97
0.000206693	3573.43
0.000208537	3554.71
0.000210381	3530.82
0.000212224	3501.71
0.000214068	3467.38
0.000215912	3428.29
0.000217755	3384.43
0.000219599	3336.53
0.000221442	3284.61
0.000223286	3229.49
0.00022513	3171.18
0.000226973	3110.49
0.000228817	3047.41
0.000230661	2982.65
0.000232504	2916.23
0.000234348	2848.74
0.000236192	2780.17
0.000238035	2711.03
0.000239879	2641.31
0.000241723	2571.37
0.000243566	2501.22
0.00024541	2431.06
0.000247254	2360.9
0.000249097	2290.8
0.000250941	2220.75
0.000252785	2150.69
0.000254628	2080.61
0.000256472	2010.4
0.000258316	1940.05
0.000260159	1869.49
0.000262003	1798.7
0.000263847	1727.74
0.00026569	1656.59
0.000267534	1585.49
0.000269377	1514.41
0.000271221	1443.72
0.000273065	1373.44
0.000274908	1304.03
0.000276752	1235.49
0.000278596	1168.32
0.000280439	1102.54
0.000282283	1038.58
0.000284127	976.48
0.00028597	916.579
0.000287814	858.917
0.000289658	803.712
0.000291501	751.005
0.000293345	700.892
0.000295189	653.406
0.000297032	608.528
0.000298876	566.278
0.00030072	526.532
0.000302563	489.297
0.000304407	454.363
0.000306251	421.72
0.000308094	391.109
0.000309938	362.501
0.000311782	335.633
0.000313625	310.462
0.000315469	286.764
0.000317312	264.489
0.000319156	243.481
0.000321	223.695
0.000322843	205.051
0.000324687	187.514
0.000326531	171.06
0.000328374	155.673
0.000330218	141.346
0.000332062	128.08
0.000333905	115.851
0.000335749	104.664
0.000337593	94.458
0.000339436	85.2312
0.00034128	76.8829
0.000343124	69.3964
0.000344967	62.647
0.000346811	56.6013
0.000348655	51.1352
0.000350498	46.2034
0.000352342	41.7049
0.000354186	37.592
0.000356029	33.7982
0.000357873	30.2834
0.000359717	27.0151
0.00036156	23.9667
0.000363404	21.1296
0.000365247	18.4914
0.000367091	16.0544
0.000368935	13.8163
0.000370778	11.7788
0.000372622	9.94391
0.000374466	8.30605
0.000376309	6.86594
0.000378153	5.61013
0.000379997	4.53454
0.00038184	3.62046
0.000383684	2.85845
0.000385528	2.2285
0.000387371	1.71726
0.000389215	1.30675
0.000391059	0.982163
0.000392902	0.729365
0.000394746	0.534368
0.00039659	0.387278
0.000398433	0.272566
0.000400277	0.195552
