3.33898e-05	1.89774e-36
3.59039e-05	5.86853e-35
3.8418e-05	2.29048e-34
4.09322e-05	6.19744e-33
4.34463e-05	2.41046e-32
4.59604e-05	5.66574e-31
4.84746e-05	2.21199e-30
5.09887e-05	4.52109e-29
5.35028e-05	1.77011e-28
5.6017e-05	3.14973e-27
5.85311e-05	1.23532e-26
6.10452e-05	1.91629e-25
6.35594e-05	7.5189e-25
6.60735e-05	1.01843e-23
6.85877e-05	3.9917e-23
7.11018e-05	4.72967e-22
7.36159e-05	1.84853e-21
7.61301e-05	1.92005e-20
7.86442e-05	7.46798e-20
8.11583e-05	6.81623e-19
8.36725e-05	2.63227e-18
8.61866e-05	2.11695e-17
8.87007e-05	8.09575e-17
9.12149e-05	5.75451e-16
9.3729e-05	2.17288e-15
9.62431e-05	1.36975e-14
9.87573e-05	5.09004e-14
0.000101271	2.85641e-13
0.000103786	1.04082e-12
0.0001063	5.2211e-12
0.000108814	1.85811e-11
0.000111328	8.36908e-11
0.000113842	2.89651e-10
0.000116356	1.17698e-09
0.00011887	3.94339e-09
0.000121384	1.45288e-08
0.000123899	4.68968e-08
0.000126413	1.57478e-07
0.000128927	4.87296e-07
0.000131441	1.49929e-06
0.000133955	4.42516e-06
0.000136469	1.25411e-05
0.000138983	3.51297e-05
0.000141498	9.21823e-05
0.000144012	0.000243877
0.000146526	0.000595476
0.00014904	0.00148111
0.000151554	0.0033807
0.000154068	0.0078727
0.000156582	0.0168687
0.000159096	0.0366466
0.000161611	0.0739778
0.000164125	0.149499
0.000166639	0.286125
0.000169153	0.536152
0.000171667	0.99012
0.000174181	1.71308
0.000176695	2.95046
0.00017921	4.79425
0.000181724	7.70994
0.000184238	11.7974
0.000186752	17.7528
0.000189266	25.6417
0.00019178	36.2468
0.000194294	49.5681
0.000196809	66.2033
0.000199323	86.1105
0.000201837	109.531
0.000204351	136.461
0.000206865	166.996
0.000209379	201.234
0.000211893	239.694
0.000214407	282.545
0.000216922	331.164
0.000219436	385.677
0.00022195	448.065
0.000224464	518.309
0.000226978	598.045
0.000229492	687.109
0.000232006	785.765
0.000234521	893.8
0.000237035	1009.71
0.000239549	1133.35
0.000242063	1261.93
0.000244577	1395.46
0.000247091	1531.12
0.000249605	1669.05
0.000252119	1808.09
0.000254634	1948.47
0.000257148	2092.26
0.000259662	2239.67
0.000262176	2396.34
0.00026469	2562.33
0.000267204	2744.76
0.000269718	2943.48
0.000272233	3162.46
0.000274747	3401.52
0.000277261	3657
0.000279775	3928.85
0.000282289	4205.52
0.000284803	4487.1
0.000287317	4759.68
0.000289831	5023.3
0.000292346	5269.59
0.00029486	5498.41
0.000297374	5711.09
0.000299888	5907.4
0.000302402	6095.5
0.000304916	6275.35
0.00030743	6454.54
0.000309945	6633.37
0.000312459	6812.87
0.000314973	6993.49
0.000317487	7169.04
0.000320001	7339.77
0.000322515	7496.1
0.000325029	7637.91
0.000327544	7757.02
0.000330058	7852.99
0.000332572	7923.19
0.000335086	7968.51
0.0003376	7976.63
0.000340114	7967.72
0.000342628	7946.7
0.000345142	7900.14
0.000347657	7844.41
0.000350171	7781.32
0.000352685	7715.47
0.000355199	7648.15
0.000357713	7576.17
0.000360227	7500.61
0.000362741	7410.21
0.000365256	7304.69
0.00036777	7172.4
0.000370284	7011.55
0.000372798	6819
0.000375312	6592.69
0.000377826	6340.47
0.00038034	6061.68
0.000382854	5769.49
0.000385369	5465.11
0.000387883	5159
0.000390397	4853.15
0.000392911	4551.89
0.000395425	4256.52
0.000397939	3967.7
0.000400453	3685.6
0.000402968	3411.34
0.000405482	3144.73
0.000407996	2888.73
0.00041051	2643.59
0.000413024	2412.54
0.000415538	2196.35
0.000418052	1996.48
0.000420566	1813.69
0.000423081	1647.36
0.000425595	1497.78
0.000428109	1363.19
0.000430623	1243.44
0.000433137	1136.48
0.000435651	1041.97
0.000438165	957.737
0.00044068	883.365
0.000443194	816.555
0.000445708	756.72
0.000448222	701.815
0.000450736	651.082
0.00045325	603.333
0.000455764	557.874
0.000458279	514.584
0.000460793	473.14
0.000463307	433.984
0.000465821	397.223
0.000468335	363.061
0.000470849	331.748
0.000473363	302.859
0.000475877	276.421
0.000478392	251.67
0.000480906	228.302
0.00048342	205.806
0.000485934	183.769
0.000488448	162.251
0.000490962	141.048
0.000493476	120.635
0.000495991	101.137
0.000498505	83.0382
0.000501019	66.6613
0.000503533	52.1936
0.000506047	39.9108
0.000508561	29.6622
0.000511075	21.5145
0.000513589	15.1327
0.000516104	10.3707
0.000518618	6.89273
0.000521132	4.44441
0.000523646	2.79114
0.00052616	1.68467
0.000528674	1.0014
0.000531188	0.520457
0.000533703	0.317478
