0.000166815	3.41549e-18
0.000172682	2.13341e-17
0.000178548	7.50898e-17
0.000184415	4.39616e-16
0.000190282	1.47169e-15
0.000196148	7.79583e-15
0.000202015	2.57159e-14
0.000207881	1.23605e-13
0.000213748	4.00671e-13
0.000219614	1.75287e-12
0.000225481	5.56721e-12
0.000231347	2.22413e-11
0.000237214	6.89961e-11
0.00024308	2.52599e-10
0.000248947	7.62847e-10
0.000254813	2.56878e-09
0.00026068	7.52632e-09
0.000266547	2.34e-08
0.000272413	6.62803e-08
0.00027828	1.91015e-07
0.000284146	5.21184e-07
0.000290013	1.39781e-06
0.000295879	3.66083e-06
0.000301746	9.17344e-06
0.000307612	2.29802e-05
0.000313479	5.40123e-05
0.000319345	0.00012899
0.000325212	0.000285438
0.000331078	0.000647845
0.000336945	0.00135451
0.000342812	0.00291358
0.000348678	0.00577453
0.000354545	0.0117438
0.000360411	0.0221289
0.000366278	0.0424682
0.000372144	0.0775026
0.000378011	0.138866
0.000383877	0.242665
0.000389744	0.409112
0.00039561	0.678782
0.000401477	1.08422
0.000407343	1.70683
0.00041321	2.58986
0.000419077	3.86928
0.000424943	5.58881
0.00043081	7.93257
0.000436676	10.9266
0.000442543	14.76
0.000448409	19.423
0.000454276	25.03
0.000460142	31.5301
0.000466009	38.878
0.000471875	46.9971
0.000477742	55.6458
0.000483608	64.7535
0.000489475	73.9353
0.000495342	83.1607
0.000501208	92.0436
0.000507075	100.614
0.000512941	108.674
0.000518808	116.312
0.000524674	123.684
0.000530541	130.914
0.000536407	138.58
0.000542274	146.796
0.00054814	156.471
0.000554007	167.664
0.000559873	181.353
0.00056574	197.53
0.000571606	216.936
0.000577473	239.531
0.00058334	265.689
0.000589206	295.39
0.000595073	328.8
0.000600939	365.942
0.000606806	407.083
0.000612672	452.256
0.000618539	501.942
0.000624405	556.138
0.000630272	615.282
0.000636138	679.327
0.000642005	748.284
0.000647871	822.103
0.000653738	900.307
0.000659605	982.888
0.000665471	1069.29
0.000671338	1159.56
0.000677204	1253.55
0.000683071	1351.31
0.000688937	1453.11
0.000694804	1558.95
0.00070067	1668.88
0.000706537	1782.86
0.000712403	1899.86
0.00071827	2019.85
0.000724136	2140.35
0.000730003	2261.37
0.00073587	2379.34
0.000741736	2494.28
0.000747603	2602.41
0.000753469	2703.73
0.000759336	2795.2
0.000765202	2876.8
0.000771069	2946.96
0.000776935	3005.64
0.000782802	3053.08
0.000788668	3089.22
0.000794535	3116.17
0.000800401	3134.12
0.000806268	3140.85
0.000812135	3143.42
0.000818001	3142.68
0.000823868	3134.04
0.000829734	3121.21
0.000835601	3104.46
0.000841467	3083.75
0.000847334	3059.07
0.0008532	3030.79
0.000859067	2998.86
0.000864933	2964.31
0.0008708	2927.09
0.000876666	2888.67
0.000882533	2849.1
0.0008884	2809.43
0.000894266	2769.82
0.000900133	2730.15
0.000905999	2690.58
0.000911866	2649.76
0.000917732	2607.74
0.000923599	2562.57
0.000929465	2514.16
0.000935332	2460.91
0.000941198	2402.59
0.000947065	2338.59
0.000952931	2268.69
0.000958798	2193.52
0.000964665	2112.9
0.000970531	2028.56
0.000976398	1940.49
0.000982264	1850.96
0.000988131	1760.15
0.000993997	1670.13
0.000999864	1581.24
0.00100573	1494.53
0.0010116	1410.38
0.00101746	1328.58
0.00102333	1249.31
0.0010292	1171.55
0.00103506	1095.2
0.00104093	1019.36
0.0010468	943.739
0.00105266	868.35
0.00105853	792.929
0.0010644	718.546
0.00107026	645.183
0.00107613	574.448
0.001082	506.612
0.00108786	443.077
0.00109373	384.264
0.00109959	330.877
0.00110546	283.286
0.00111133	241.43
0.00111719	205.495
0.00112306	174.882
0.00112893	149.574
0.00113479	128.723
0.00114066	112.157
0.00114653	98.9969
0.00115239	88.9847
0.00115826	81.3364
0.00116413	75.7662
0.00116999	71.6521
0.00117586	68.7252
0.00118173	66.536
0.00118759	64.8619
0.00119346	63.3925
0.00119933	61.9554
0.00120519	60.3451
0.00121106	58.4252
0.00121693	56.0962
0.00122279	53.2535
0.00122866	49.9281
0.00123453	46.0679
0.00124039	41.8307
0.00124626	37.2449
0.00125212	32.5308
0.00125799	27.7964
0.00126386	23.2289
0.00126972	18.9706
0.00127559	15.1092
0.00128146	11.7584
0.00128732	8.90242
0.00129319	6.58594
0.00129906	4.7334
0.00130492	3.32121
0.00131079	2.26526
0.00131666	1.50369
0.00132252	0.974079
0.00132839	0.588074
0.00133426	0.375932
