0.000500379	3.9299e-293
0.000510437	6.35064e-284
0.000520494	2.54025e-283
0.000530551	2.76702e-274
0.000540608	1.11813e-273
0.000550665	8.20836e-265
0.000560722	3.35139e-264
0.000570779	1.65787e-255
0.000580836	6.84032e-255
0.000590893	2.27976e-246
0.00060095	9.50706e-246
0.000611007	2.1344e-237
0.000621064	8.99775e-237
0.000631121	1.36052e-228
0.000641178	5.79883e-228
0.000651235	5.90437e-220
0.000661292	2.54486e-219
0.000671349	1.74455e-211
0.000681406	7.60514e-211
0.000691463	3.50938e-203
0.00070152	1.54764e-202
0.000711577	4.80633e-195
0.000721634	2.14462e-194
0.000731691	4.48159e-187
0.000741748	2.02372e-186
0.000751806	2.845e-179
0.000761863	1.30038e-178
0.00077192	1.2296e-171
0.000781977	5.68996e-171
0.000792034	3.61804e-164
0.000802091	1.69539e-163
0.000812148	7.24787e-157
0.000822205	3.43997e-156
0.000832262	9.88495e-150
0.000842319	4.75292e-149
0.000852376	9.17832e-143
0.000862433	4.4719e-142
0.00087249	5.80198e-136
0.000882547	2.86517e-135
0.000892604	2.49696e-129
0.000902661	1.25008e-128
0.000912718	7.31596e-123
0.000922775	3.71412e-122
0.000932832	1.45933e-116
0.000942889	7.51466e-116
0.000952946	1.9818e-110
0.000963003	1.03538e-109
0.00097306	1.83228e-104
0.000983117	9.71487e-104
0.000993175	1.15332e-98
0.00100323	6.20757e-98
0.00101329	4.94245e-93
0.00102335	2.70124e-92
0.0010334	1.44202e-87
0.00104346	8.00514e-87
0.00105352	2.86445e-82
0.00106357	1.61566e-81
0.00107363	3.87407e-77
0.00108369	2.22086e-76
0.00109374	3.56747e-72
0.0011038	2.0792e-71
0.00111386	2.23685e-67
0.00112392	1.32585e-66
0.00113397	9.55038e-63
0.00114403	5.75892e-62
0.00115409	2.77678e-58
0.00116414	1.70398e-57
0.0011742	5.49845e-54
0.00118426	3.4348e-53
0.00119432	7.41601e-50
0.00120437	4.71737e-49
0.00121443	6.81401e-46
0.00122449	4.41485e-45
0.00123454	4.26613e-42
0.0012446	2.81593e-41
0.00125466	1.82052e-38
0.00126471	1.22436e-37
0.00127477	5.2974e-35
0.00128483	3.62987e-34
0.00129489	1.05167e-31
0.00130494	7.34033e-31
0.001315	1.42555e-28
0.00132506	1.0129e-27
0.00133511	1.32079e-25
0.00134517	9.54293e-25
0.00135523	8.3767e-23
0.00136529	6.14266e-22
0.00137534	3.64403e-20
0.0013854	2.70376e-19
0.00139546	1.09036e-17
0.00140551	8.14688e-17
0.00141557	2.25251e-15
0.00142563	1.68274e-14
0.00143568	3.22871e-13
0.00144574	2.38661e-12
0.0014558	3.23136e-11
0.00146586	2.32903e-10
0.00147591	2.27516e-09
0.00148597	1.56773e-08
0.00149603	1.13637e-07
0.00150608	7.30036e-07
0.00151614	4.05923e-06
0.0015262	2.35978e-05
0.00153625	0.000104391
0.00154631	0.000531581
0.00155637	0.00194039
0.00156643	0.00838376
0.00157648	0.0260902
0.00158654	0.0930829
0.0015966	0.253328
0.00160665	0.732568
0.00161671	1.77162
0.00162677	4.12365
0.00163683	9.11399
0.00164688	17.6085
0.00165694	32.6896
0.001667	54.4883
0.00167705	84.295
0.00168711	122.559
0.00169717	165.228
0.00170722	212.436
0.00171728	258.498
0.00172734	302.906
0.0017374	344.441
0.00174745	382.51
0.00175751	420.775
0.00176757	459.045
0.00177762	502.704
0.00178768	551.679
0.00179774	612.902
0.00180779	686.348
0.00181785	781.046
0.00182791	897.997
0.00183797	1041.72
0.00184802	1214.25
0.00185808	1408.16
0.00186814	1624.46
0.00187819	1848.29
0.00188825	2078.75
0.00189831	2302.1
0.00190837	2516.79
0.00191842	2712.34
0.00192848	2886.53
0.00193854	3036.03
0.00194859	3159.32
0.00195865	3259.21
0.00196871	3341.57
0.00197876	3377.37
0.00198882	3388.03
0.00199888	3387.11
0.00200894	3324.51
0.00201899	3225.73
0.00202905	3099.24
0.00203911	2962.97
0.00204916	2821.61
0.00205922	2689.15
0.00206928	2571.74
0.00207933	2467.91
0.00208939	2380.83
0.00209945	2298.82
0.00210951	2220.52
0.00211956	2134.26
0.00212962	2036.06
0.00213968	1920.99
0.00214973	1784.74
0.00215979	1632.98
0.00216985	1463.35
0.00217991	1292.53
0.00218996	1124.78
0.00220002	972.86
0.00221008	845.281
0.00222013	737.191
0.00223019	650.915
0.00224025	575.11
0.0022503	504.71
0.00226036	437.535
0.00227042	369.993
0.00228048	306.35
0.00229053	247.775
0.00230059	196.084
0.00231065	153.14
0.0023207	117.397
0.00233076	88.7882
0.00234082	65.7218
0.00235088	47.252
0.00236093	32.8522
0.00237099	21.9819
0.00238105	14.3442
0.0023911	9.3876
0.00240116	7.69591
0.00241122	8.0795
0.00242127	9.16122
0.00243133	11.4011
0.00244139	13.6112
0.00245145	14.7497
0.0024615	15.1384
0.00247156	13.9151
0.00248162	11.5991
0.00249167	9.09088
0.00250173	6.08206
