0.000500379	1.13321e-26
0.000507084	1.43658e-25
0.000513789	5.40635e-25
0.000520493	6.18763e-24
0.000527198	2.27954e-23
0.000533903	2.31421e-22
0.000540607	8.49462e-22
0.000547312	7.66358e-21
0.000554017	2.79771e-20
0.000560721	2.24762e-19
0.000567426	8.14389e-19
0.000574131	5.83971e-18
0.000580835	2.09527e-17
0.00058754	1.34451e-16
0.000594244	4.76476e-16
0.000600949	2.74393e-15
0.000607654	9.5774e-15
0.000614358	4.96537e-14
0.000621063	1.70167e-13
0.000627768	7.96957e-13
0.000634472	2.67268e-12
0.000641177	1.1349e-11
0.000647882	3.71096e-11
0.000654586	1.43433e-10
0.000661291	4.55534e-10
0.000667995	1.60925e-09
0.0006747	4.94408e-09
0.000681405	1.6032e-08
0.000688109	4.74488e-08
0.000694814	1.4185e-07
0.000701519	4.02707e-07
0.000708223	1.11485e-06
0.000714928	3.02304e-06
0.000721633	7.78392e-06
0.000728337	2.00755e-05
0.000735042	4.82833e-05
0.000741746	0.000117967
0.000748451	0.000266088
0.000755156	0.000613555
0.00076186	0.00130282
0.000768565	0.00282564
0.00077527	0.00566745
0.000781974	0.0115287
0.000788679	0.0219062
0.000795384	0.0417014
0.000802088	0.0768531
0.000808793	0.135441
0.000815497	0.235724
0.000822202	0.390366
0.000828907	0.639128
0.000835611	0.999175
0.000842316	1.53968
0.000849021	2.27807
0.000855725	3.31016
0.00086243	4.6465
0.000869135	6.38739
0.000875839	8.53114
0.000882544	11.1461
0.000889249	14.2197
0.000895953	17.7599
0.000902658	21.7498
0.000909362	26.1365
0.000916067	30.9042
0.000922772	35.9566
0.000929476	41.2777
0.000936181	46.7334
0.000942886	52.3061
0.00094959	57.8141
0.000956295	63.2485
0.000963	68.41
0.000969704	73.3163
0.000976409	77.8756
0.000983113	82.1392
0.000989818	86.2999
0.000996523	90.4264
0.00100323	95.0899
0.00100993	100.348
0.00101664	107.072
0.00102334	115.292
0.00103005	125.995
0.00103675	139.195
0.00104346	155.87
0.00105016	176.029
0.00105686	200.639
0.00106357	229.7
0.00107027	264.136
0.00107698	303.923
0.00108368	349.713
0.00109039	401.458
0.00109709	459.14
0.0011038	522.706
0.0011105	591.203
0.00111721	664.6
0.00112391	741.173
0.00113062	820.927
0.00113732	901.978
0.00114402	984.351
0.00115073	1066.73
0.00115743	1149.13
0.00116414	1231.17
0.00117084	1312.86
0.00117755	1394.46
0.00118425	1475.97
0.00119096	1557.65
0.00119766	1639.51
0.00120437	1721.24
0.00121107	1802.85
0.00121778	1883.53
0.00122448	1963.27
0.00123119	2041.34
0.00123789	2117.7
0.00124459	2192.29
0.0012513	2265.07
0.001258	2336.69
0.00126471	2407.16
0.00127141	2477.38
0.00127812	2547.38
0.00128482	2617.62
0.00129153	2688.18
0.00129823	2758.48
0.00130494	2828.64
0.00131164	2896.76
0.00131835	2962.94
0.00132505	3023.86
0.00133175	3079.57
0.00133846	3126.19
0.00134516	3164.64
0.00135187	3182.28
0.00135857	3189.02
0.00136528	3187.98
0.00137198	3162.17
0.00137869	3119.95
0.00138539	3062.97
0.0013921	2993.52
0.0013988	2911.59
0.00140551	2821.97
0.00141221	2725.07
0.00141891	2624.64
0.00142562	2521.24
0.00143232	2416.82
0.00143903	2311.78
0.00144573	2206.79
0.00145244	2102.01
0.00145914	1997.79
0.00146585	1894.14
0.00147255	1791.51
0.00147926	1689.93
0.00148596	1589.94
0.00149267	1491.59
0.00149937	1395.56
0.00150608	1301.89
0.00151278	1211.47
0.00151948	1124.39
0.00152619	1041.63
0.00153289	963.411
0.0015396	890.463
0.0015463	823.069
0.00155301	761.34
0.00155971	705.509
0.00156642	654.948
0.00157312	609.716
0.00157983	568.667
0.00158653	531.628
0.00159324	497.364
0.00159994	465.516
0.00160664	435.206
0.00161335	406.026
0.00162005	377.714
0.00162676	349.994
0.00163346	323.122
0.00164017	297.064
0.00164687	272.22
0.00165358	248.745
0.00166028	226.804
0.00166699	206.567
0.00167369	187.868
0.0016804	170.739
0.0016871	154.862
0.00169381	140.121
0.00170051	126.275
0.00170721	113.164
0.00171392	100.725
0.00172062	88.856
0.00172733	77.6234
0.00173403	67.0169
0.00174074	57.1362
0.00174744	48.0311
0.00175415	39.7627
0.00176085	32.3923
0.00176756	25.9141
0.00177426	20.3626
0.00178097	15.6688
0.00178767	11.821
0.00179437	8.71144
0.00180108	6.28127
0.00180778	4.41732
0.00181449	3.0303
0.00182119	2.02872
0.0018279	1.28362
0.0018346	0.839167
