0.000500379	1.09282e-16
0.000506246	5.79312e-16
0.000512113	1.9894e-15
0.000517979	1.0017e-14
0.000523846	3.24237e-14
0.000529712	1.48778e-13
0.000535579	4.73132e-13
0.000541445	1.98412e-12
0.000547312	6.18161e-12
0.000553178	2.37648e-11
0.000559045	7.2318e-11
0.000564911	2.55705e-10
0.000570778	7.57612e-10
0.000576644	2.47217e-09
0.000582511	7.10789e-09
0.000588378	2.14804e-08
0.000594244	5.97277e-08
0.000600111	1.67771e-07
0.000605977	4.49585e-07
0.000611844	1.17809e-06
0.00061771	3.03197e-06
0.000623577	7.43868e-06
0.000629443	1.83236e-05
0.00063531	4.22416e-05
0.000641176	9.92638e-05
0.000647043	0.000215765
0.000652909	0.000482199
0.000658776	0.000991521
0.000664643	0.00210148
0.000670509	0.00410022
0.000676376	0.00822163
0.000682242	0.0152633
0.000688109	0.028899
0.000693975	0.0522421
0.000699842	0.0921166
0.000705708	0.158691
0.000711575	0.264253
0.000717441	0.432588
0.000723308	0.683156
0.000729174	1.06229
0.000735041	1.59552
0.000740908	2.35841
0.000746774	3.37747
0.000752641	4.75432
0.000758507	6.50841
0.000764374	8.74886
0.00077024	11.4814
0.000776107	14.7923
0.000781973	18.6734
0.00078784	23.1614
0.000793706	28.2425
0.000799573	33.9005
0.000805439	40.1294
0.000811306	46.8912
0.000817173	54.201
0.000823039	62.0619
0.000828906	70.5185
0.000834772	79.6948
0.000840639	89.664
0.000846505	100.744
0.000852372	113.02
0.000858238	127.027
0.000864105	142.831
0.000869971	161.098
0.000875838	181.839
0.000881704	205.637
0.000887571	232.434
0.000893438	262.451
0.000899304	295.584
0.000905171	331.521
0.000911037	370.17
0.000916904	410.783
0.00092277	453.332
0.000928637	497.014
0.000934503	541.874
0.00094037	587.498
0.000946236	633.967
0.000952103	681.467
0.000957969	730.061
0.000963836	780.381
0.000969703	832.445
0.000975569	886.952
0.000981436	943.882
0.000987302	1003.69
0.000993169	1066.34
0.000999035	1131.98
0.0010049	1200.58
0.00101077	1272.07
0.00101663	1346.44
0.0010225	1423.51
0.00102837	1503.29
0.00103423	1585.48
0.0010401	1670.07
0.00104597	1756.57
0.00105183	1844.96
0.0010577	1934.48
0.00106357	2025.13
0.00106943	2115.97
0.0010753	2206.99
0.00108117	2297.2
0.00108703	2386.6
0.0010929	2474.12
0.00109877	2559.78
0.00110463	2642.23
0.0011105	2721.49
0.00111637	2795.89
0.00112223	2865.45
0.0011281	2928.56
0.00113397	2985.2
0.00113983	3034.6
0.0011457	3076.7
0.00115157	3112.11
0.00115743	3140.78
0.0011633	3164.31
0.00116916	3182.71
0.00117503	3197.44
0.0011809	3208.77
0.00118676	3214.39
0.00119263	3216.87
0.0011985	3216.37
0.00120436	3207.05
0.00121023	3188.94
0.0012161	3162.38
0.00122196	3125.18
0.00122783	3077.02
0.0012337	3018.69
0.00123956	2949.89
0.00124543	2873.67
0.0012513	2789.99
0.00125716	2702.64
0.00126303	2611.88
0.0012689	2520.48
0.00127476	2428.86
0.00128063	2337.8
0.0012865	2247.63
0.00129236	2157.42
0.00129823	2067.26
0.0013041	1975.6
0.00130996	1882.25
0.00131583	1786.32
0.00132169	1687.49
0.00132756	1586.24
0.00133343	1482.33
0.00133929	1377.71
0.00134516	1272.36
0.00135103	1169.14
0.00135689	1068.33
0.00136276	972.729
0.00136863	882.855
0.00137449	800.442
0.00138036	726.084
0.00138623	659.907
0.00139209	602.319
0.00139796	552.013
0.00140383	509.036
0.00140969	471.381
0.00141556	438.74
0.00142143	409.259
0.00142729	382.442
0.00143316	357.127
0.00143903	332.853
0.00144489	309.225
0.00145076	285.96
0.00145663	263.196
0.00146249	240.852
0.00146836	219.273
0.00147422	198.527
0.00148009	178.915
0.00148596	160.562
0.00149182	143.597
0.00149769	128.129
0.00150356	114.092
0.00150942	101.53
0.00151529	90.2387
0.00152116	80.1834
0.00152702	71.1242
0.00153289	62.9663
0.00153876	55.5264
0.00154462	48.6951
0.00155049	42.3911
0.00155636	36.5353
0.00156222	31.1321
0.00156809	26.1541
0.00157396	21.636
0.00157982	17.5909
0.00158569	14.0306
0.00159156	10.9768
0.00159742	8.39722
0.00160329	6.2935
0.00160916	4.60079
0.00161502	3.2913
0.00162089	2.29418
0.00162675	1.56147
0.00163262	1.03687
0.00163849	0.669211
0.00164435	0.423504
0.00165022	0.258229
0.00165609	0.156007
0.00166195	0.0833621
0.00166782	0.0517593
