0.000166815	0.000839544
0.000171844	0.00134514
0.000176872	0.00286194
0.000181901	0.00498808
0.000186929	0.00902512
0.000191958	0.0153087
0.000196986	0.0263402
0.000202014	0.043287
0.000207043	0.0711579
0.000212071	0.113064
0.0002171	0.178008
0.000222128	0.273068
0.000227157	0.412594
0.000232185	0.610514
0.000237214	0.886846
0.000242242	1.26532
0.00024727	1.76986
0.000252299	2.43524
0.000257327	3.28495
0.000262356	4.36203
0.000267384	5.68369
0.000272413	7.29314
0.000277441	9.19665
0.000282469	11.426
0.000287498	13.9765
0.000292526	16.859
0.000297555	20.0639
0.000302583	23.5812
0.000307612	27.4075
0.00031264	31.5257
0.000317669	35.9495
0.000322697	40.6806
0.000327725	45.7557
0.000332754	51.2242
0.000337782	57.144
0.000342811	63.6323
0.000347839	70.7595
0.000352868	78.7137
0.000357896	87.5624
0.000362924	97.545
0.000367953	108.707
0.000372981	121.291
0.00037801	135.302
0.000383038	150.913
0.000388067	168.075
0.000393095	186.806
0.000398123	207.017
0.000403152	228.514
0.00040818	251.202
0.000413209	274.705
0.000418237	298.97
0.000423266	323.581
0.000428294	348.566
0.000433323	373.692
0.000438351	399.069
0.000443379	424.842
0.000448408	451.169
0.000453436	478.635
0.000458465	507.378
0.000463493	538.296
0.000468522	571.464
0.00047355	607.819
0.000478578	647.365
0.000483607	690.813
0.000488635	738.115
0.000493664	789.61
0.000498692	845.237
0.000503721	904.982
0.000508749	968.794
0.000513778	1036.42
0.000518806	1107.84
0.000523834	1182.68
0.000528863	1260.92
0.000533891	1342.12
0.00053892	1426.25
0.000543948	1512.72
0.000548977	1601.5
0.000554005	1691.76
0.000559033	1783.45
0.000564062	1875.45
0.00056909	1967.74
0.000574119	2058.96
0.000579147	2149.11
0.000584176	2236.83
0.000589204	2322.14
0.000594233	2403.9
0.000599261	2482.16
0.000604289	2556.2
0.000609318	2626.05
0.000614346	2691.49
0.000619375	2752.52
0.000624403	2809.27
0.000629432	2861.76
0.00063446	2910.33
0.000639488	2954.99
0.000644517	2996.19
0.000649545	3033.93
0.000654574	3068.68
0.000659602	3100.45
0.000664631	3129.63
0.000669659	3156.21
0.000674688	3180.34
0.000679716	3202.04
0.000684744	3221.03
0.000689773	3237.34
0.000694801	3250.56
0.00069983	3260.84
0.000704858	3262.66
0.000709887	3262.29
0.000714915	3260.01
0.000719943	3247.03
0.000724972	3226.97
0.00073	3200.14
0.000735029	3165.06
0.000740057	3121.68
0.000745086	3069.81
0.000750114	3009.39
0.000755143	2940.99
0.000760171	2864.55
0.000765199	2781.36
0.000770228	2691.39
0.000775256	2596.56
0.000780285	2496.84
0.000785313	2394.63
0.000790342	2289.93
0.00079537	2185.36
0.000800398	2080.98
0.000805427	1979.28
0.000810455	1880.41
0.000815484	1786.33
0.000820512	1697.23
0.000825541	1614.21
0.000830569	1537.49
0.000835598	1467.04
0.000840626	1403.06
0.000845654	1344.5
0.000850683	1291.42
0.000855711	1242.1
0.00086074	1196.48
0.000865768	1152.71
0.000870797	1110.59
0.000875825	1068.73
0.000880853	1026.88
0.000885882	984.413
0.00089091	941.114
0.000895939	897.167
0.000900967	852.463
0.000905996	807.688
0.000911024	762.878
0.000916052	718.801
0.000921081	675.596
0.000926109	633.773
0.000931138	593.493
0.000936166	554.877
0.000941195	518.031
0.000946223	482.78
0.000951252	449.137
0.00095628	416.839
0.000961308	385.825
0.000966337	355.937
0.000971365	327.097
0.000976394	299.329
0.000981422	272.59
0.000986451	247.044
0.000991479	222.708
0.000996507	199.766
0.00100154	178.282
0.00100656	158.35
0.00101159	140.039
0.00101662	123.313
0.00102165	108.205
0.00102668	94.5719
0.00103171	82.3959
0.00103673	71.4918
0.00104176	61.7997
0.00104679	53.1529
0.00105182	45.4752
0.00105685	38.6468
0.00106188	32.5997
0.00106691	27.2563
0.00107193	22.5676
0.00107696	18.477
0.00108199	14.9512
0.00108702	11.936
0.00109205	9.40321
0.00109708	7.29391
0.0011021	5.5767
0.00110713	4.19185
0.00111216	3.10244
0.00111719	2.25569
0.00112222	1.61256
0.00112725	1.13283
0.00113228	0.780714
0.0011373	0.529704
0.00114233	0.351256
0.00114736	0.230217
0.00115239	0.146595
0.00115742	0.0928828
0.00116245	0.053867
0.00116747	0.0347575
