0.000500379	1.59641e-27
0.000506246	3.25309e-26
0.000512113	1.25335e-25
0.000517979	2.21375e-24
0.000523846	8.43254e-24
0.000529712	1.27748e-22
0.000535579	4.86203e-22
0.000541445	6.32953e-21
0.000547312	2.40249e-20
0.000553178	2.69365e-19
0.000559045	1.01744e-18
0.000564911	9.8501e-18
0.000570778	3.69299e-17
0.000576644	3.09651e-16
0.000582511	1.14895e-15
0.000588378	8.37259e-15
0.000594244	3.06417e-14
0.000600111	1.94826e-13
0.000605977	7.00587e-13
0.000611844	3.90393e-12
0.00061771	1.37345e-11
0.000623577	6.7407e-11
0.000629443	2.30915e-10
0.00063531	1.00359e-09
0.000641176	3.33034e-09
0.000647043	1.28932e-08
0.000652909	4.12168e-08
0.000658776	1.43036e-07
0.000664643	4.37935e-07
0.000670509	1.37131e-06
0.000676376	3.99732e-06
0.000682242	1.13708e-05
0.000688109	3.13707e-05
0.000693975	8.16215e-05
0.000699842	0.000211925
0.000705708	0.000507741
0.000711575	0.00123434
0.000717441	0.00274091
0.000723308	0.00621208
0.000729174	0.0128633
0.000735041	0.0270942
0.000740908	0.0526138
0.000746774	0.102822
0.000752641	0.191617
0.000758507	0.344496
0.000764374	0.606995
0.00077024	1.01753
0.000776107	1.6825
0.000781973	2.65895
0.00078784	4.14325
0.000793706	6.20813
0.000799573	9.16269
0.000805439	13.0836
0.000811306	18.3874
0.000817173	25.1362
0.000823039	33.8029
0.000828906	44.4161
0.000834772	57.4064
0.000840639	72.7583
0.000846505	90.7414
0.000852372	111.298
0.000858238	134.438
0.000864105	160.066
0.000869971	187.856
0.000875838	217.678
0.000881704	248.784
0.000887571	281.035
0.000893438	313.245
0.000899304	345.343
0.000905171	375.996
0.000911037	405.274
0.000916904	432.4
0.00092277	457.585
0.000928637	481.345
0.000934503	503.927
0.00094037	527.285
0.000946236	551.576
0.000952103	579.539
0.000957969	611.199
0.000963836	649.121
0.000969703	693.242
0.000975569	745.334
0.000981436	805.304
0.000987302	873.944
0.000993169	951.145
0.000999035	1036.58
0.0010049	1130.14
0.00101077	1230.13
0.00101663	1336.45
0.0010225	1446.02
0.00102837	1558.81
0.00103423	1671.02
0.0010401	1782.68
0.00104597	1890.58
0.00105183	1994.8
0.0010577	2093.9
0.00106357	2187.95
0.00106943	2277.54
0.0010753	2362.7
0.00108117	2445.09
0.00108703	2524.73
0.0010929	2603.21
0.00109877	2680.53
0.00110463	2757.86
0.0011105	2835.2
0.00111637	2913.39
0.00112223	2992.46
0.0011281	3072.25
0.00113397	3152.87
0.00113983	3231.44
0.0011457	3308.16
0.00115157	3376.74
0.00115743	3437.27
0.0011633	3482.79
0.00116916	3513.6
0.00117503	3518.26
0.0011809	3506.22
0.00118676	3479.29
0.00119263	3427.29
0.0011985	3361.16
0.00120436	3281.52
0.00121023	3194.41
0.0012161	3100.09
0.00122196	3003.79
0.00122783	2905.84
0.0012337	2809.55
0.00123956	2715.18
0.00124543	2624.83
0.0012513	2538.73
0.00125716	2457.81
0.00126303	2382.37
0.0012689	2311.43
0.00127476	2245.25
0.00128063	2180.87
0.0012865	2118.27
0.00129236	2053.78
0.00129823	1987.04
0.0013041	1915.61
0.00130996	1838.93
0.00131583	1756.84
0.00132169	1668.93
0.00132756	1576.91
0.00133343	1480.69
0.00133929	1382.81
0.00134516	1283.45
0.00135103	1185.25
0.00135689	1088.53
0.00136276	995.625
0.00136863	906.973
0.00137449	824.206
0.00138036	747.806
0.00138623	678.243
0.00139209	615.899
0.00139796	560.044
0.00140383	510.783
0.00140969	466.747
0.00141556	427.747
0.00142143	392.474
0.00142729	360.611
0.00143316	331.228
0.00143903	304.044
0.00144489	278.423
0.00145076	254.149
0.00145663	230.789
0.00146249	208.14
0.00146836	186.085
0.00147422	164.452
0.00148009	143.555
0.00148596	123.364
0.00149182	104.455
0.00149769	86.9973
0.00150356	71.4216
0.00150942	57.9966
0.00151529	46.6991
0.00152116	37.6965
0.00152702	30.5479
0.00153289	25.1936
0.00153876	21.0774
0.00154462	17.9593
0.00155049	15.461
0.00155636	13.3202
0.00156222	11.4217
0.00156809	9.61102
0.00157396	7.93135
0.00157982	6.35446
0.00158569	4.93846
0.00159156	3.71572
0.00159742	2.69083
0.00160329	1.88766
0.00160916	1.26889
0.00161502	0.825721
0.00162089	0.515412
0.00162675	0.309389
0.00163262	0.179994
0.00163849	0.0984926
0.00164435	0.0540427
0.00165022	0.0267346
0.00165609	0.0139468
0.00166195	0.00580207
0.00166782	0.00308716
