0.000100103	8.7399e-10
0.00010312	2.36372e-09
0.000106137	6.83291e-09
0.000109154	1.88581e-08
0.000112171	4.90724e-08
0.000115188	1.28026e-07
0.000118205	3.23797e-07
0.000121222	8.00476e-07
0.000124239	1.96339e-06
0.000127256	4.6103e-06
0.000130273	1.09429e-05
0.00013329	2.44639e-05
0.000136307	5.60744e-05
0.000139324	0.000119625
0.000142341	0.000264254
0.000145358	0.000539143
0.000148375	0.00114562
0.000151392	0.00224007
0.000154408	0.00457065
0.000157425	0.008582
0.000160442	0.0167883
0.000163459	0.0303246
0.000166476	0.0567978
0.000169493	0.100512
0.00017251	0.177894
0.000175527	0.304285
0.000178544	0.513831
0.000181561	0.847186
0.000184578	1.36915
0.000187595	2.17308
0.000190612	3.36798
0.000193629	5.14204
0.000196646	7.65555
0.000199663	11.2404
0.00020268	16.0981
0.000205697	22.7364
0.000208714	31.3625
0.000211731	42.6376
0.000214748	56.7168
0.000217765	74.3039
0.000220782	95.4431
0.000223799	120.684
0.000226816	149.931
0.000229833	183.362
0.00023285	220.774
0.000235867	261.843
0.000238884	306.342
0.000241901	353.519
0.000244918	403.224
0.000247935	454.559
0.000250952	507.511
0.000253969	561.415
0.000256986	616.386
0.000260003	672.278
0.00026302	729.261
0.000266037	787.746
0.000269054	847.874
0.000272071	910.396
0.000275088	975.372
0.000278105	1043.55
0.000281122	1114.93
0.000284139	1189.99
0.000287156	1268.7
0.000290173	1351.25
0.00029319	1437.61
0.000296207	1527.87
0.000299224	1622.08
0.000302241	1720.5
0.000305258	1823.24
0.000308275	1931.02
0.000311292	2043.95
0.000314309	2163.16
0.000317326	2288.68
0.000320343	2421.6
0.00032336	2561.78
0.000326377	2709.45
0.000329394	2864.32
0.000332411	3024.84
0.000335428	3190.71
0.000338445	3358.24
0.000341462	3527.19
0.000344479	3692.3
0.000347496	3853.51
0.000350513	4005.45
0.00035353	4148.25
0.000356547	4278.31
0.000359564	4395.89
0.000362581	4500.53
0.000365598	4592.48
0.000368615	4674.63
0.000371632	4747.1
0.000374649	4814.82
0.000377666	4877.76
0.000380683	4940.67
0.0003837	5003.45
0.000386717	5068.47
0.000389734	5135.65
0.000392751	5203.97
0.000395768	5273.42
0.000398785	5340.16
0.000401802	5404.21
0.000404819	5460.73
0.000407836	5509.75
0.000410853	5548.58
0.00041387	5577.46
0.000416887	5582.97
0.000419904	5583.31
0.000422921	5579.63
0.000425938	5553.42
0.000428955	5516.8
0.000431972	5470.37
0.000434989	5413.61
0.000438006	5346.56
0.000441023	5268.81
0.00044404	5180.41
0.000447057	5080.23
0.000450074	4968.24
0.000453091	4843.77
0.000456108	4706.68
0.000459125	4557.92
0.000462142	4397.28
0.000465159	4227.8
0.000468176	4049.33
0.000471193	3866.66
0.00047421	3679.77
0.000477227	3494.24
0.000480244	3310.24
0.000483261	3132.9
0.000486278	2962.56
0.000489295	2802.79
0.000492312	2654.05
0.000495329	2517.7
0.000498346	2394.14
0.000501363	2282.46
0.00050438	2182.92
0.000507397	2092.79
0.000510414	2012.09
0.000513431	1937.19
0.000516448	1867.84
0.000519465	1800.5
0.000522482	1734.74
0.000525499	1667.98
0.000528516	1599.73
0.000531533	1528.9
0.00053455	1455.04
0.000537567	1378.56
0.000540584	1299.25
0.000543601	1218.54
0.000546618	1136.48
0.000549635	1054.88
0.000552652	973.988
0.000555669	895.388
0.000558686	819.421
0.000561703	747.087
0.00056472	678.701
0.000567737	614.659
0.000570754	555.174
0.000573771	500.175
0.000576788	449.757
0.000579805	403.547
0.000582822	361.538
0.000585839	323.196
0.000588856	288.429
0.000591873	256.67
0.00059489	227.768
0.000597907	201.255
0.000600924	176.957
0.000603941	154.594
0.000606958	134.02
0.000609975	115.14
0.000612992	97.8755
0.000616009	82.2274
0.000619026	68.1829
0.000622043	55.7278
0.00062506	44.878
0.000628077	35.5348
0.000631094	27.696
0.000634111	21.178
0.000637128	15.9329
0.000640145	11.7398
0.000643162	8.50762
0.000646179	6.03255
0.000649196	4.2035
0.000652213	2.86671
0.00065523	1.91742
0.000658247	1.25781
0.000661264	0.806082
0.000664281	0.509004
0.000667298	0.311893
0.000670315	0.189842
0.000673332	0.110941
0.000676349	0.0652246
0.000679366	0.0361788
0.000682383	0.0206434
0.0006854	0.010816
0.000688417	0.00601919
0.000691434	0.00302513
0.000694451	0.00161413
0.000697468	0.000702019
0.000700485	0.000397981
