3.33898e-05	0.926511
3.52334e-05	1.3635
3.70771e-05	2.03187
3.89207e-05	2.90695
4.07644e-05	4.06076
4.2608e-05	5.55241
4.44517e-05	7.40863
4.62953e-05	9.68642
4.8139e-05	12.371
4.99827e-05	15.4878
5.18263e-05	18.9771
5.367e-05	22.8054
5.55136e-05	26.8895
5.73573e-05	31.1327
5.92009e-05	35.4714
6.10446e-05	39.7801
6.28882e-05	44.0595
6.47319e-05	48.2227
6.65755e-05	52.3599
6.84192e-05	56.4977
7.02628e-05	60.8122
7.21065e-05	65.4937
7.39502e-05	70.7775
7.57938e-05	77.0262
7.76375e-05	84.4963
7.94811e-05	93.6909
8.13248e-05	104.852
8.31684e-05	118.566
8.50121e-05	135.033
8.68557e-05	154.853
8.86994e-05	178.167
9.0543e-05	205.523
9.23867e-05	236.977
9.42303e-05	272.949
9.6074e-05	313.395
9.79177e-05	358.507
9.97613e-05	408.14
0.000101605	462.17
0.000103449	520.401
0.000105292	582.385
0.000107136	647.972
0.00010898	716.553
0.000110823	788.12
0.000112667	862.227
0.000114511	939.033
0.000116354	1018.57
0.000118198	1101.11
0.000120042	1187.28
0.000121885	1277.34
0.000123729	1372.33
0.000125572	1472.44
0.000127416	1578.82
0.00012926	1691.58
0.000131103	1811.78
0.000132947	1939.48
0.000134791	2075.64
0.000136634	2220.29
0.000138478	2374.3
0.000140322	2537.61
0.000142165	2710.76
0.000144009	2893.49
0.000145853	3085.49
0.000147696	3286.31
0.00014954	3494.15
0.000151384	3708.53
0.000153227	3926.03
0.000155071	4146.28
0.000156915	4364.88
0.000158758	4581.72
0.000160602	4792.69
0.000162446	4997.97
0.000164289	5195.1
0.000166133	5384.48
0.000167977	5566.2
0.00016982	5740.65
0.000171664	5910.3
0.000173507	6075.34
0.000175351	6239.28
0.000177195	6402.04
0.000179038	6566.19
0.000180882	6731.46
0.000182726	6897.91
0.000184569	7065.26
0.000186413	7230.82
0.000188257	7394.44
0.0001901	7551.84
0.000191944	7703.03
0.000193788	7843.92
0.000195631	7974.6
0.000197475	8092.46
0.000199319	8197.59
0.000201162	8289.06
0.000203006	8366.91
0.00020485	8431.28
0.000206693	8482.18
0.000208537	8521.2
0.000210381	8548.02
0.000212224	8551.83
0.000214068	8550.6
0.000215912	8543.96
0.000217755	8513.75
0.000219599	8470.82
0.000221442	8415.2
0.000223286	8345.29
0.00022513	8261.1
0.000226973	8162.76
0.000228817	8050.25
0.000230661	7924.79
0.000232504	7786.32
0.000234348	7637.29
0.000236192	7477.63
0.000238035	7310.61
0.000239879	7136.21
0.000241723	6957.55
0.000243566	6774.72
0.00024541	6589.8
0.000247254	6402.91
0.000249097	6214.83
0.000250941	6025.65
0.000252785	5835.31
0.000254628	5643.81
0.000256472	5451.07
0.000258316	5257.02
0.000260159	5062.05
0.000262003	4866.11
0.000263847	4669.95
0.00026569	4473.58
0.000267534	4277.75
0.000269377	4082.5
0.000271221	3888.4
0.000273065	3695.45
0.000274908	3504.37
0.000276752	3315.09
0.000278596	3128.98
0.000280439	2945.96
0.000282283	2768.25
0.000284127	2595.91
0.00028597	2431.47
0.000287814	2275.19
0.000289658	2128.89
0.000291501	1992.99
0.000293345	1867.59
0.000295189	1753.08
0.000297032	1647.58
0.000298876	1551.19
0.00030072	1460.75
0.000302563	1375.95
0.000304407	1293.71
0.000306251	1213.4
0.000308094	1133.33
0.000309938	1052.81
0.000311782	972.131
0.000313625	890.888
0.000315469	810.937
0.000317312	732.343
0.000319156	657.476
0.000321	586.811
0.000322843	522.139
0.000324687	464.091
0.000326531	413.253
0.000328374	370.119
0.000330218	334.067
0.000332062	305.267
0.000333905	282.316
0.000335749	265.039
0.000337593	251.779
0.000339436	242.121
0.00034128	234.551
0.000343124	228.549
0.000344967	222.963
0.000346811	217.28
0.000348655	210.819
0.000350498	203.151
0.000352342	194.126
0.000354186	183.47
0.000356029	171.53
0.000357873	158.256
0.000359717	144.317
0.00036156	129.906
0.000363404	115.724
0.000365247	102.129
0.000367091	89.5738
0.000368935	78.4256
0.000370778	68.7462
0.000372622	60.7537
0.000374466	54.1792
0.000376309	49.0116
0.000378153	44.8495
0.000379997	41.4915
0.00038184	38.6108
0.000383684	35.9395
0.000385528	33.3372
0.000387371	30.5997
0.000389215	27.7605
0.000391059	24.7478
0.000392902	21.6789
0.000394746	18.6009
0.00039659	15.6204
0.000398433	12.8672
0.000400277	10.2969
