0.000100103	0.137136
0.00010312	0.19149
0.000106137	0.272539
0.000109154	0.376515
0.000112171	0.514425
0.000115188	0.693259
0.000118205	0.922997
0.000121222	1.21364
0.000124239	1.57592
0.000127256	2.02267
0.000130273	2.56393
0.00013329	3.21426
0.000136307	3.98135
0.000139324	4.87946
0.000142341	5.91248
0.000145358	7.09175
0.000148375	8.41664
0.000151392	9.89297
0.000154408	11.5158
0.000157425	13.2836
0.000160442	15.188
0.000163459	17.2196
0.000166476	19.3675
0.000169493	21.6151
0.00017251	23.9497
0.000175527	26.3479
0.000178544	28.796
0.000181561	31.2644
0.000184578	33.7385
0.000187595	36.1829
0.000190612	38.5833
0.000193629	40.8995
0.000196646	43.1201
0.000199663	45.2037
0.00020268	47.1447
0.000205697	48.9082
0.000208714	50.4977
0.000211731	51.8956
0.000214748	53.1163
0.000217765	54.172
0.000220782	55.0873
0.000223799	55.9139
0.000226816	56.6835
0.000229833	57.4901
0.00023285	58.3668
0.000235867	59.4434
0.000238884	60.7478
0.000241901	62.4278
0.000244918	64.5003
0.000247935	67.1049
0.000250952	70.2438
0.000253969	74.0186
0.000256986	78.4164
0.000260003	83.4742
0.00026302	89.1674
0.000266037	95.4529
0.000269054	102.301
0.000272071	109.591
0.000275088	117.295
0.000278105	125.237
0.000281122	133.399
0.000284139	141.586
0.000287156	149.796
0.000290173	157.863
0.00029319	165.797
0.000296207	173.508
0.000299224	181.014
0.000302241	188.326
0.000305258	195.467
0.000308275	202.549
0.000311292	209.595
0.000314309	216.801
0.000317326	224.179
0.000320343	231.968
0.00032336	240.172
0.000326377	249.018
0.000329394	258.501
0.000332411	268.79
0.000335428	279.873
0.000338445	291.822
0.000341462	304.624
0.000344479	318.234
0.000347496	332.638
0.000350513	347.678
0.00035353	363.344
0.000356547	379.381
0.000359564	395.783
0.000362581	412.229
0.000365598	428.719
0.000368615	444.901
0.000371632	460.778
0.000374649	476.005
0.000377666	490.588
0.000380683	504.222
0.0003837	516.912
0.000386717	528.43
0.000389734	538.781
0.000392751	547.841
0.000395768	555.614
0.000398785	562.109
0.000401802	567.325
0.000404819	571.411
0.000407836	574.364
0.000410853	576.483
0.00041387	577.774
0.000416887	578.182
0.000419904	578.325
0.000422921	578.277
0.000425938	577.833
0.000428955	577.328
0.000431972	576.776
0.000434989	576.201
0.000438006	575.613
0.000441023	574.905
0.00044404	574.082
0.000447057	572.947
0.000450074	571.5
0.000453091	569.537
0.000456108	567.05
0.000459125	563.899
0.000462142	560.073
0.000465159	555.531
0.000468176	550.262
0.000471193	544.305
0.00047421	537.655
0.000477227	530.382
0.000480244	522.487
0.000483261	514.019
0.000486278	504.984
0.000489295	495.386
0.000492312	485.231
0.000495329	474.497
0.000498346	463.181
0.000501363	451.285
0.00050438	438.797
0.000507397	425.783
0.000510414	412.234
0.000513431	398.298
0.000516448	383.971
0.000519465	369.464
0.000522482	354.787
0.000525499	340.158
0.000528516	325.602
0.000531533	311.289
0.00053455	297.252
0.000537567	283.577
0.000540584	270.292
0.000543601	257.401
0.000546618	244.919
0.000549635	232.795
0.000552652	221.03
0.000555669	209.563
0.000558686	198.381
0.000561703	187.45
0.00056472	176.754
0.000567737	166.297
0.000570754	156.07
0.000573771	146.111
0.000576788	136.419
0.000579805	127.044
0.000582822	117.995
0.000585839	109.312
0.000588856	101.008
0.000591873	93.099
0.00059489	85.5966
0.000597907	78.4941
0.000600924	71.7959
0.000603941	65.4805
0.000606958	59.545
0.000609975	53.9643
0.000612992	48.7307
0.000616009	43.8239
0.000619026	39.235
0.000622043	34.9514
0.00062506	30.9661
0.000628077	27.2721
0.000631094	23.8654
0.000634111	20.7399
0.000637128	17.8937
0.000640145	15.317
0.000643162	13.0076
0.000646179	10.9504
0.000649196	9.14056
0.000652213	7.55758
0.00065523	6.19321
0.000658247	5.02374
0.000661264	4.03727
0.000664281	3.20998
0.000667298	2.52743
0.000670315	1.96821
0.000673332	1.51699
0.000676349	1.15635
0.000679366	0.871708
0.000682383	0.6501
0.0006854	0.478923
0.000688417	0.349319
0.000691434	0.251269
0.000694451	0.1792
0.000697468	0.123582
0.000700485	0.087679
