3.33898e-05	8.41181e-43
3.59039e-05	7.75122e-41
3.8418e-05	3.07525e-40
4.09322e-05	2.35584e-38
4.34463e-05	9.39357e-38
4.59604e-05	5.96867e-36
4.84746e-05	2.39741e-35
5.09887e-05	1.26415e-33
5.35028e-05	5.11238e-33
5.6017e-05	2.23862e-31
5.85311e-05	9.10918e-31
6.10452e-05	3.31519e-29
6.35594e-05	1.35619e-28
6.60735e-05	4.10661e-27
6.85877e-05	1.68717e-26
7.11018e-05	4.25629e-25
7.36159e-05	1.75391e-24
7.61301e-05	3.69235e-23
7.86442e-05	1.52368e-22
8.11583e-05	2.68213e-21
8.36725e-05	1.10621e-20
8.61866e-05	1.6322e-19
8.87007e-05	6.71247e-19
9.12149e-05	8.32601e-18
9.3729e-05	3.40462e-17
9.62431e-05	3.56257e-16
9.87573e-05	1.44364e-15
0.000101271	1.27965e-14
0.000103786	5.11835e-14
0.0001063	3.86186e-13
0.000108814	1.5177e-12
0.000111328	9.80188e-12
0.000113842	3.76492e-11
0.000116356	2.09455e-10
0.00011887	7.81651e-10
0.000121384	3.77256e-09
0.000123899	1.35886e-08
0.000126413	5.7341e-08
0.000128927	1.97937e-07
0.000131441	7.36391e-07
0.000133955	2.41785e-06
0.000136469	8.00023e-06
0.000138983	2.47937e-05
0.000141498	7.3618e-05
0.000144012	0.00021372
0.000146526	0.000574504
0.00014904	0.00155117
0.000151554	0.00380706
0.000154068	0.00949895
0.000156582	0.0214522
0.000159096	0.0492012
0.000161611	0.102949
0.000164125	0.216199
0.000166639	0.422494
0.000169153	0.809931
0.000171667	1.5186
0.000174181	2.64139
0.000176695	4.54887
0.00017921	7.34942
0.000181724	11.6685
0.000184238	17.5869
0.000186752	25.8719
0.000189266	36.5277
0.00019178	50.1573
0.000194294	66.7024
0.000196809	86.3511
0.000199323	109.074
0.000201837	134.824
0.000204351	163.67
0.000206865	195.892
0.000209379	231.586
0.000211893	271.562
0.000214407	315.783
0.000216922	364.814
0.000219436	418.45
0.00022195	475.897
0.000224464	536.984
0.000226978	599.702
0.000229492	664.159
0.000232006	729.198
0.000234521	795.209
0.000237035	864.332
0.000239549	936.945
0.000242063	1018.68
0.000244577	1109.58
0.000247091	1215.71
0.000249605	1336.76
0.000252119	1475.2
0.000254634	1630.7
0.000257148	1801.03
0.000259662	1986.1
0.000262176	2181.86
0.00026469	2388.41
0.000267204	2603.4
0.000269718	2826.93
0.000272233	3058.92
0.000274747	3299.37
0.000277261	3548.41
0.000279775	3806.02
0.000282289	4070.4
0.000284803	4341.56
0.000287317	4614.79
0.000289831	4890.14
0.000292346	5160.59
0.00029486	5426.18
0.000297374	5681.12
0.000299888	5925.27
0.000302402	6159.22
0.000304916	6382.72
0.00030743	6603.28
0.000309945	6820.93
0.000312459	7042.05
0.000314973	7267.27
0.000317487	7492
0.000320001	7716.99
0.000322515	7926.79
0.000325029	8121.4
0.000327544	8285.22
0.000330058	8417.45
0.000332572	8512.01
0.000335086	8569.3
0.0003376	8578.02
0.000340114	8554.15
0.000342628	8501.36
0.000345142	8404.35
0.000347657	8276.07
0.000350171	8117.35
0.000352685	7938.36
0.000355199	7738.98
0.000357713	7533.95
0.000360227	7324.52
0.000362741	7119.7
0.000365256	6921.61
0.00036777	6727.47
0.000370284	6538.55
0.000372798	6344.26
0.000375312	6143.78
0.000377826	5929.49
0.00038034	5699.23
0.000382854	5455.61
0.000385369	5197.26
0.000387883	4934.42
0.000390397	4667.82
0.000392911	4406.64
0.000395425	4152.9
0.000397939	3909.27
0.000400453	3677.19
0.000402968	3454.55
0.000405482	3241.41
0.000407996	3035.45
0.00041051	2836.05
0.000413024	2642.7
0.000415538	2454.99
0.000418052	2273.6
0.000420566	2098.45
0.000423081	1930.66
0.000425595	1770.36
0.000428109	1618.67
0.000430623	1475.94
0.000433137	1342.59
0.000435651	1219
0.000438165	1104.48
0.00044068	999.131
0.000443194	901.703
0.000445708	811.953
0.000448222	728.735
0.000450736	651.703
0.00045325	579.939
0.000455764	513.082
0.000458279	450.543
0.000460793	391.948
0.000463307	337.307
0.000465821	286.416
0.000468335	239.759
0.000470849	197.465
0.000473363	159.863
0.000475877	127.241
0.000478392	99.34
0.000480906	76.2712
0.00048342	57.3388
0.000485934	42.3527
0.000488448	30.5584
0.000490962	21.5928
0.000493476	14.8502
0.000495991	9.95091
0.000498505	6.46388
0.000501019	4.06377
0.000503533	2.4732
0.000506047	1.44144
0.000508561	0.818702
0.000511075	0.432205
0.000513589	0.232374
0.000516104	0.111634
0.000518618	0.0560272
0.000521132	0.0249339
0.000523646	0.0113939
0.00052616	0.00472542
0.000528674	0.00194755
0.000531188	0.000696279
0.000533703	0.00027919
