0.000500379	2.69944e-122
0.000507922	6.75805e-117
0.000515465	2.70321e-116
0.000523008	4.73048e-111
0.00053055	1.91154e-110
0.000538093	2.33786e-105
0.000545636	9.54515e-105
0.000553179	8.15751e-100
0.000560721	3.36573e-99
0.000568264	2.00966e-94
0.000575807	8.38054e-94
0.00058335	3.49554e-89
0.000590892	1.47354e-88
0.000598435	4.29269e-84
0.000605978	1.82957e-83
0.000613521	3.72192e-79
0.000621063	1.60411e-78
0.000628606	2.27839e-74
0.000636149	9.93159e-74
0.000643692	9.84723e-70
0.000651234	4.34213e-69
0.000658777	3.00486e-65
0.00066632	1.34056e-64
0.000673862	6.47387e-61
0.000681405	2.92264e-60
0.000688948	9.84776e-57
0.000696491	4.49957e-56
0.000704033	1.05768e-52
0.000711576	4.89188e-52
0.000719119	8.02092e-49
0.000726662	3.75574e-48
0.000734204	4.29507e-45
0.000741747	2.03628e-44
0.00074929	1.62412e-41
0.000756833	7.79674e-41
0.000764375	4.3372e-38
0.000771918	2.1083e-37
0.000779461	8.18094e-35
0.000787004	4.02638e-34
0.000794546	1.09015e-31
0.000802089	5.43102e-31
0.000809632	1.02654e-28
0.000817175	5.17444e-28
0.000824717	6.83365e-26
0.00083226	3.4826e-25
0.000839803	3.21781e-23
0.000847345	1.65598e-22
0.000854888	1.07264e-20
0.000862431	5.5641e-20
0.000869974	2.5341e-18
0.000877516	1.32136e-17
0.000885059	4.24971e-16
0.000892602	2.21855e-15
0.000900145	5.0699e-14
0.000907687	2.63461e-13
0.00091523	4.31521e-12
0.000922773	2.21414e-11
0.000930316	2.63024e-10
0.000937858	1.31781e-09
0.000945401	1.15344e-08
0.000952944	5.56016e-08
0.000960487	3.65874e-07
0.000968029	1.66524e-06
0.000975572	8.4425e-06
0.000983115	3.54623e-05
0.000990658	0.000142463
0.0009982	0.000538203
0.00100574	0.00176507
0.00101329	0.00583869
0.00102083	0.0160905
0.00102837	0.0454574
0.00103591	0.107943
0.00104346	0.255367
0.001051	0.549107
0.00105854	1.07323
0.00106608	2.00277
0.00107363	3.33117
0.00108117	5.18683
0.00108871	7.52529
0.00109626	10.1117
0.0011038	12.9215
0.00111134	15.5126
0.00111888	17.9086
0.00112643	19.9162
0.00113397	21.5775
0.00114151	23.1091
0.00114906	24.5759
0.0011566	26.9243
0.00116414	30.2278
0.00117168	36.5801
0.00117923	45.9599
0.00118677	60.2662
0.00119431	79.3897
0.00120185	102.842
0.0012094	130.593
0.00121694	161.032
0.00122448	194.221
0.00123203	231.04
0.00123957	271.496
0.00124711	317.788
0.00125465	369.895
0.0012622	426.012
0.00126974	486.179
0.00127728	545.331
0.00128482	603.412
0.00129237	660.105
0.00129991	715.19
0.00130745	776.24
0.001315	843.187
0.00132254	924.488
0.00133008	1020.51
0.00133762	1131.49
0.00134517	1258.04
0.00135271	1389.75
0.00136025	1526.82
0.00136779	1656.15
0.00137534	1777.02
0.00138288	1885.61
0.00139042	1980.86
0.00139797	2070.84
0.00140551	2155.22
0.00141305	2245.5
0.00142059	2342.55
0.00142814	2450.34
0.00143568	2570.39
0.00144322	2693.57
0.00145076	2820.37
0.00145831	2936.65
0.00146585	3040.84
0.00147339	3129.16
0.00148094	3200.06
0.00148848	3259.87
0.00149602	3309.36
0.00150356	3350.37
0.00151111	3386.42
0.00151865	3396.13
0.00152619	3395.87
0.00153373	3392.84
0.00154128	3359.87
0.00154882	3312.15
0.00155636	3254.65
0.00156391	3185.37
0.00157145	3105.47
0.00157899	3009.49
0.00158653	2896.25
0.00159408	2765.33
0.00160162	2614.49
0.00160916	2454.2
0.0016167	2284.63
0.00162425	2119.04
0.00163179	1960.34
0.00163933	1814.49
0.00164688	1684.76
0.00165442	1566.99
0.00166196	1462.26
0.0016695	1361.33
0.00167705	1262
0.00168459	1160.1
0.00169213	1052.43
0.00169968	944.625
0.00170722	836.513
0.00171476	735.982
0.0017223	645.975
0.00172985	567.724
0.00173739	503.327
0.00174493	448.674
0.00175247	403.119
0.00176002	363.442
0.00176756	328.163
0.0017751	296.557
0.00178265	268.084
0.00179019	242.197
0.00179773	218.836
0.00180527	196.686
0.00181282	175.193
0.00182036	153.692
0.0018279	131.39
0.00183544	109.32
0.00184299	87.4544
0.00185053	67.4113
0.00185807	50.0815
0.00186562	35.8514
0.00187316	25.4934
0.0018807	17.9993
0.00188824	13.2045
0.00189579	10.0315
0.00190333	7.76112
0.00191087	6.08803
0.00191841	4.54825
0.00192596	3.26199
0.0019335	2.17928
0.00194104	1.33454
0.00194859	0.765743
0.00195613	0.395288
0.00196367	0.17996
0.00197121	0.0840141
0.00197876	0.0332969
0.0019863	0.0126544
0.00199384	0.00417463
0.00200138	0.00134805
