0.000166815	1.06809e-42
0.00017352	9.26186e-41
0.000180225	3.6727e-40
0.000186929	2.655e-38
0.000193634	1.05779e-37
0.000200339	6.35929e-36
0.000207043	2.55192e-35
0.000213748	1.2766e-33
0.000220453	5.15709e-33
0.000227157	2.14826e-31
0.000233862	8.73039e-31
0.000240566	3.03112e-29
0.000247271	1.23816e-28
0.000253976	3.58691e-27
0.00026068	1.47116e-26
0.000267385	3.56104e-25
0.00027409	1.46458e-24
0.000280794	2.96711e-23
0.000287499	1.22171e-22
0.000294204	2.07576e-21
0.000300908	8.53999e-21
0.000307613	1.2199e-19
0.000314317	5.00294e-19
0.000321022	6.02598e-18
0.000327727	2.4565e-17
0.000334431	2.50358e-16
0.000341136	1.01108e-15
0.000347841	8.75473e-15
0.000354545	3.48887e-14
0.00036125	2.57875e-13
0.000367955	1.00945e-12
0.000374659	6.40365e-12
0.000381364	2.4494e-11
0.000388068	1.34176e-10
0.000394773	4.98529e-10
0.000401478	2.37425e-09
0.000408182	8.51287e-09
0.000414887	3.55096e-08
0.000421592	1.2199e-07
0.000428296	4.49218e-07
0.000435001	1.46743e-06
0.000441706	4.80982e-06
0.00044841	1.48223e-05
0.000455115	4.36066e-05
0.000461819	0.000125764
0.000468524	0.000334831
0.000475229	0.000896733
0.000481933	0.00217742
0.000488638	0.00537567
0.000495343	0.0119892
0.000502047	0.0271076
0.000508752	0.0558665
0.000515457	0.11505
0.000522161	0.22387
0.000528866	0.415671
0.000535571	0.756994
0.000542275	1.27602
0.00054898	2.11228
0.000555684	3.27943
0.000562389	4.94089
0.000569094	7.07078
0.000575798	9.71887
0.000582503	12.8157
0.000589208	16.1341
0.000595912	19.6083
0.000602617	22.7585
0.000609322	25.597
0.000616026	27.752
0.000622731	29.3398
0.000629435	30.596
0.00063614	31.6716
0.000642845	33.5652
0.000649549	36.3446
0.000656254	41.2748
0.000662959	48.2786
0.000669663	57.9876
0.000676368	70.2368
0.000683073	84.4325
0.000689777	100.462
0.000696482	116.878
0.000703186	133.731
0.000709891	150.036
0.000716596	165.98
0.0007233	182.358
0.000730005	199.351
0.00073671	219.646
0.000743414	243.293
0.000750119	273.542
0.000756824	310.321
0.000763528	355.823
0.000770233	409.948
0.000776937	473.24
0.000783642	545.633
0.000790347	626.399
0.000797051	715.501
0.000803756	811.124
0.000810461	913.245
0.000817165	1018.56
0.00082387	1127.09
0.000830575	1234.24
0.000837279	1340.04
0.000843984	1440.65
0.000850689	1536.08
0.000857393	1626.23
0.000864098	1711.01
0.000870802	1795.19
0.000877507	1878.68
0.000884212	1968.25
0.000890916	2064
0.000897621	2169.49
0.000904326	2285.04
0.00091103	2407.69
0.000917735	2537.75
0.00092444	2666.91
0.000931144	2795.25
0.000937849	2913.49
0.000944553	3021.36
0.000951258	3112.97
0.000957963	3187.82
0.000964667	3245.57
0.000971372	3286.2
0.000978077	3309.26
0.000984781	3320.58
0.000991486	3321.62
0.000998191	3311.84
0.0010049	3293.28
0.0010116	3266.33
0.0010183	3229.69
0.00102501	3183.31
0.00103171	3126.35
0.00103842	3058.36
0.00104512	2981.75
0.00105183	2896.22
0.00105853	2806.82
0.00106524	2713.86
0.00107194	2621.69
0.00107865	2531.09
0.00108535	2443.02
0.00109206	2358.12
0.00109876	2274.25
0.00110546	2191.44
0.00111217	2107.13
0.00111887	2020.79
0.00112558	1931.89
0.00113228	1839.87
0.00113899	1746.74
0.00114569	1652.4
0.0011524	1559.97
0.0011591	1469.97
0.00116581	1384.46
0.00117251	1304.25
0.00117922	1229
0.00118592	1159.2
0.00119263	1092.53
0.00119933	1028.77
0.00120603	965.539
0.00121274	902.062
0.00121944	837.755
0.00122615	771.937
0.00123285	706.04
0.00123956	640.013
0.00124626	575.998
0.00125297	514.537
0.00125967	457.054
0.00126638	404.208
0.00127308	356.268
0.00127979	313.609
0.00128649	275.755
0.00129319	242.747
0.0012999	213.828
0.0013066	188.856
0.00131331	166.958
0.00132001	147.868
0.00132672	130.744
0.00133342	115.2
0.00134013	100.733
0.00134683	86.9583
0.00135354	73.9092
0.00136024	61.4134
0.00136695	49.8271
0.00137365	39.2577
0.00138035	29.9569
0.00138706	22.1374
0.00139376	15.7255
0.00140047	10.8138
0.00140717	7.10937
0.00141388	4.51798
0.00142058	2.74452
0.00142729	1.59902
0.00143399	0.899953
0.0014407	0.470253
0.0014474	0.250647
0.00145411	0.11911
0.00146081	0.059027
0.00146752	0.0259972
0.00147422	0.0117148
0.00148092	0.00481539
0.00148763	0.00195679
0.00149433	0.000695317
0.00150104	0.000274827
