0.000100103	8.24295e-21
0.000103622	7.36772e-20
0.000107142	2.6998e-19
0.000110662	2.1983e-18
0.000114182	7.7831e-18
0.000117702	5.63277e-17
0.000121222	1.97503e-16
0.000124742	1.27384e-15
0.000128261	4.41194e-15
0.000131781	2.54352e-14
0.000135301	8.67696e-14
0.000138821	4.486e-13
0.000142341	1.5026e-12
0.000145861	6.99163e-12
0.000149381	2.29154e-11
0.0001529	9.63369e-11
0.00015642	3.07827e-10
0.00015994	1.17411e-09
0.00016346	3.64327e-09
0.00016698	1.26633e-08
0.0001705	3.8003e-08
0.00017402	1.20928e-07
0.000177539	3.49506e-07
0.000181059	1.023e-06
0.000184579	2.83537e-06
0.000188099	7.67067e-06
0.000191619	2.0302e-05
0.000195139	5.10092e-05
0.000198659	0.000128397
0.000202178	0.000301016
0.000205698	0.000717862
0.000209218	0.00157742
0.000212738	0.00355181
0.000216258	0.00734605
0.000219778	0.0155712
0.000223298	0.0304284
0.000226817	0.0605741
0.000230337	0.112893
0.000233857	0.209982
0.000237377	0.378025
0.000240897	0.653341
0.000244417	1.11101
0.000247937	1.80971
0.000251456	2.9048
0.000254976	4.4734
0.000258496	6.77788
0.000262016	9.88987
0.000265536	14.1563
0.000269056	19.6015
0.000272576	26.5427
0.000276095	34.9188
0.000279615	44.8166
0.000283135	56.0909
0.000286655	68.4119
0.000290175	81.6164
0.000293695	94.9658
0.000297214	108.388
0.000300734	121.066
0.000304254	133.101
0.000307774	144.173
0.000311294	154.545
0.000314814	164.881
0.000318334	175.489
0.000321853	188.059
0.000325373	202.794
0.000328893	221.865
0.000332413	245.283
0.000335933	274.827
0.000339453	310.322
0.000342973	352.38
0.000346492	400.737
0.000350012	454.527
0.000353532	513.526
0.000357052	575.729
0.000360572	641.07
0.000364092	707.371
0.000367612	774.769
0.000371131	842.218
0.000374651	909.993
0.000378171	979.175
0.000381691	1050.03
0.000385211	1125.74
0.000388731	1206.43
0.000392251	1296.16
0.00039577	1394.85
0.00039929	1505.59
0.00040281	1628.18
0.00040633	1763.22
0.00040985	1910.52
0.00041337	2067.72
0.00041689	2234.67
0.000420409	2406.68
0.000423929	2583.72
0.000427449	2760.19
0.000430969	2936.15
0.000434489	3107.08
0.000438009	3273.07
0.000441529	3432.53
0.000445048	3585.5
0.000448568	3733.9
0.000452088	3877.74
0.000455608	4020.92
0.000459128	4163.42
0.000462648	4307.98
0.000466168	4454.66
0.000469687	4602.42
0.000473207	4751.37
0.000476727	4896.83
0.000480247	5038.85
0.000483767	5171.89
0.000487287	5295.85
0.000490807	5407.36
0.000494326	5506.24
0.000497846	5591.99
0.000501366	5664.54
0.000504886	5724.43
0.000508406	5771.77
0.000511926	5805.71
0.000515446	5826.62
0.000518965	5829.23
0.000522485	5815.21
0.000526005	5784.58
0.000529525	5728.11
0.000533045	5646.95
0.000536565	5541.39
0.000540085	5411.91
0.000543604	5257.89
0.000547124	5085.79
0.000550644	4895.31
0.000554164	4696.23
0.000557684	4488.86
0.000561204	4282.63
0.000564724	4078.42
0.000568243	3882.11
0.000571763	3694.71
0.000575283	3517.56
0.000578803	3351.33
0.000582323	3194.1
0.000585843	3046
0.000589362	2904.04
0.000592882	2767.96
0.000596402	2635.31
0.000599922	2505.72
0.000603442	2377.69
0.000606962	2250.91
0.000610482	2124.51
0.000614001	1998.24
0.000617521	1871.75
0.000621041	1744.77
0.000624561	1617.89
0.000628081	1490.84
0.000631601	1365.59
0.000635121	1242.12
0.00063864	1123.4
0.00064216	1009.86
0.00064568	904.196
0.0006492	807.211
0.00065272	719.957
0.00065624	643.199
0.00065976	575.935
0.000663279	518.437
0.000666799	468.41
0.000670319	425.497
0.000673839	387.383
0.000677359	353.339
0.000680879	321.926
0.000684399	292.443
0.000687918	264.477
0.000691438	237.624
0.000694958	212.122
0.000698478	187.898
0.000701998	165.367
0.000705518	144.661
0.000709038	126.029
0.000712557	109.651
0.000716077	95.4719
0.000719597	83.5852
0.000723117	73.6899
0.000726637	65.7346
0.000730157	59.3426
0.000733677	54.3547
0.000737196	50.4618
0.000740716	47.4876
0.000744236	45.2075
0.000747756	43.4838
0.000751276	42.1102
0.000754796	40.9661
0.000758316	39.8413
0.000761835	38.589
0.000765355	37.0698
0.000768875	35.128
0.000772395	32.7804
0.000775915	29.9434
0.000779435	26.7796
0.000782955	23.3375
0.000786474	19.8172
0.000789994	16.3709
0.000793514	13.1235
0.000797034	10.2624
0.000800554	7.72335
