0.000500379	1.95935e-29
0.000506246	2.64526e-28
0.000512113	9.99323e-28
0.000517979	1.22487e-26
0.000523846	4.54124e-26
0.000529712	4.9694e-25
0.000535579	1.8388e-24
0.000541445	1.79921e-23
0.000547312	6.63452e-23
0.000553178	5.81476e-22
0.000559045	2.13317e-21
0.000564911	1.67791e-20
0.000570778	6.11241e-20
0.000576644	4.3244e-19
0.000582511	1.56103e-18
0.000588378	9.95727e-18
0.000594244	3.55361e-17
0.000600111	2.04911e-16
0.000605977	7.21177e-16
0.000611844	3.7702e-15
0.00061771	1.30496e-14
0.000623577	6.20451e-14
0.000629443	2.10578e-13
0.00063531	9.13647e-13
0.000641176	3.03106e-12
0.000647043	1.20439e-11
0.000652909	3.89275e-11
0.000658776	1.42193e-10
0.000664643	4.46213e-10
0.000670509	1.50423e-09
0.000676376	4.56692e-09
0.000682242	1.42659e-08
0.000688109	4.17545e-08
0.000693975	1.21356e-07
0.000699842	3.41215e-07
0.000705708	9.26497e-07
0.000711575	2.49395e-06
0.000717441	6.35202e-06
0.000723308	1.63164e-05
0.000729174	3.91338e-05
0.000735041	9.56407e-05
0.000740908	0.000216814
0.000746774	0.000502822
0.000752641	0.00108112
0.000758507	0.00237403
0.000764374	0.00485662
0.00077024	0.0100805
0.000776107	0.0196761
0.000781973	0.0385591
0.00078784	0.0720963
0.000793706	0.133236
0.000799573	0.242655
0.000805439	0.42092
0.000811306	0.72836
0.000817173	1.20231
0.000823039	1.97801
0.000828906	3.11556
0.000834772	4.87823
0.000840639	7.34852
0.000846505	10.9704
0.000852372	15.8389
0.000858238	22.6009
0.000864105	31.3457
0.000869971	42.8856
0.000875838	57.285
0.000881704	75.4192
0.000887571	97.3156
0.000893438	123.774
0.000899304	154.781
0.000905171	190.915
0.000911037	232.114
0.000916904	278.569
0.00092277	330.167
0.000928637	386.494
0.000934503	447.402
0.00094037	511.679
0.000946236	579.193
0.000952103	648.006
0.000957969	718.064
0.000963836	787.244
0.000969703	855.606
0.000975569	921.715
0.000981436	985.706
0.000987302	1047.51
0.000993169	1107.25
0.000999035	1166.14
0.0010049	1224.23
0.00101077	1283.15
0.00101663	1342.88
0.0010225	1404.54
0.00102837	1468.07
0.00103423	1533.79
0.0010401	1601.68
0.00104597	1671.85
0.00105183	1744.31
0.0010577	1819.82
0.00106357	1898.39
0.00106943	1981.48
0.0010753	2069.07
0.00108117	2161.97
0.00108703	2260.18
0.0010929	2361.86
0.00109877	2467.07
0.00110463	2570.39
0.0011105	2671.9
0.00111637	2764.15
0.00112223	2847.13
0.0011281	2915.15
0.00113397	2968.03
0.00113983	3005.97
0.0011457	3028.95
0.00115157	3038.18
0.00115743	3041.5
0.0011633	3044.31
0.00116916	3046.62
0.00117503	3052.87
0.0011809	3068.62
0.00118676	3091.85
0.00119263	3122.84
0.0011985	3155.58
0.00120436	3190.35
0.00121023	3217.55
0.0012161	3236.95
0.00122196	3240.07
0.00122783	3226.77
0.0012337	3197.63
0.00123956	3147.15
0.00124543	3081.06
0.0012513	2999.56
0.00125716	2908.81
0.00126303	2809.06
0.0012689	2706.43
0.00127476	2601.56
0.00128063	2497.81
0.0012865	2395.86
0.00129236	2296.04
0.00129823	2198.74
0.0013041	2102.45
0.00130996	2007.16
0.00131583	1911.26
0.00132169	1814.45
0.00132756	1716.35
0.00133343	1616.6
0.00133929	1516.5
0.00134516	1415.91
0.00135103	1317.22
0.00135689	1220.63
0.00136276	1128.46
0.00136863	1041.19
0.00137449	959.949
0.00138036	885.24
0.00138623	816.641
0.00139209	754.407
0.00139796	697.029
0.00140383	644.387
0.00140969	594.817
0.00141556	547.923
0.00142143	502.69
0.00142729	458.683
0.00143316	415.809
0.00143903	373.821
0.00144489	333.275
0.00145076	294.19
0.00145663	257.254
0.00146249	222.67
0.00146836	190.848
0.00147422	162.016
0.00148009	136.183
0.00148596	113.473
0.00149182	93.6063
0.00149769	76.5691
0.00150356	61.9773
0.00150942	49.7208
0.00151529	39.4464
0.00152116	31.0097
0.00152702	24.1394
0.00153289	18.7004
0.00153876	14.4979
0.00154462	11.4144
0.00155049	9.33742
0.00155636	8.11385
0.00156222	7.75748
0.00156809	8.09335
0.00157396	8.94215
0.00157982	10.343
0.00158569	12.0715
0.00159156	14.0432
0.00159742	16.0444
0.00160329	17.9476
0.00160916	19.5746
0.00161502	20.8724
0.00162089	21.4502
0.00162675	21.346
0.00163262	21.0484
0.00163849	20.0303
0.00164435	18.3985
0.00165022	16.481
0.00165609	14.352
0.00166195	12.2093
0.00166782	9.98519
