0.000500379	1.43671e-276
0.000510437	5.42765e-267
0.000520494	2.17106e-266
0.000530551	5.23163e-257
0.000540608	2.11406e-256
0.000550665	3.24891e-247
0.000560722	1.3265e-246
0.000570779	1.2999e-237
0.000580836	5.36336e-237
0.000590893	3.35084e-228
0.00060095	1.39736e-227
0.000611007	5.565e-219
0.000621064	2.34598e-218
0.000631121	5.95447e-210
0.000641178	2.53793e-209
0.000651235	4.10475e-201
0.000661292	1.7692e-200
0.000671349	1.82302e-192
0.000681406	7.94723e-192
0.000691463	5.21623e-184
0.00070152	2.30036e-183
0.000711577	9.61567e-176
0.000721634	4.29057e-175
0.000731691	1.14198e-167
0.000741748	5.15674e-167
0.000751806	8.73752e-160
0.000761863	3.9937e-159
0.00077192	4.30695e-152
0.000781977	1.99304e-151
0.000792034	1.36772e-144
0.000802091	6.40908e-144
0.000812148	2.79815e-137
0.000822205	1.32805e-136
0.000832262	3.68796e-130
0.000842319	1.77326e-129
0.000852376	3.13141e-123
0.000862433	1.5257e-122
0.00087249	1.71289e-116
0.000882547	8.4587e-116
0.000892604	6.03603e-110
0.000902661	3.02188e-109
0.000912718	1.37026e-103
0.000922775	6.95645e-103
0.000932832	2.00392e-97
0.000942889	1.0319e-96
0.000952946	1.88791e-91
0.000963003	9.86329e-91
0.00097306	1.14578e-85
0.000983117	6.07497e-85
0.000993175	4.47956e-80
0.00100323	2.41103e-79
0.00101329	1.12819e-74
0.00102335	6.16593e-74
0.0010334	1.83038e-69
0.00104346	1.01609e-68
0.00105352	1.91296e-64
0.00106357	1.07894e-63
0.00107363	1.28788e-59
0.00108369	7.38248e-59
0.00109374	5.58538e-55
0.0011038	3.25493e-54
0.00111386	1.56041e-50
0.00112392	9.24737e-50
0.00113397	2.80829e-46
0.00114403	1.6929e-45
0.00115409	3.25596e-42
0.00116414	1.99703e-41
0.0011742	2.43207e-38
0.00118426	1.51802e-37
0.00119432	1.17054e-34
0.00120437	7.43564e-34
0.00121443	3.63065e-31
0.00122449	2.347e-30
0.00123454	7.25953e-28
0.0012446	4.77391e-27
0.00125466	9.36209e-25
0.00126471	6.25781e-24
0.00127477	7.79338e-22
0.00128483	5.28678e-21
0.00129489	4.19295e-19
0.00130494	2.87895e-18
0.001315	1.46091e-16
0.00132506	1.01073e-15
0.00133511	3.30651e-14
0.00134517	2.28843e-13
0.00135523	4.88376e-12
0.00136529	3.34316e-11
0.00137534	4.73831e-10
0.0013854	3.15388e-09
0.00139546	3.04626e-08
0.00140551	1.92379e-07
0.00141557	1.31134e-06
0.00142563	7.60266e-06
0.00143568	3.82009e-05
0.00144574	0.00019526
0.0014558	0.00075931
0.00146586	0.00327441
0.00147591	0.0103351
0.00148597	0.0361
0.00149603	0.0961899
0.00150608	0.264184
0.00151614	0.619823
0.0015262	1.332
0.00153625	2.70869
0.00154631	4.75255
0.00155637	7.53769
0.00156643	11.0881
0.00157648	14.5797
0.00158654	18.0143
0.0015966	20.6056
0.00160665	22.2896
0.00161671	23.697
0.00162677	24.764
0.00163683	27.1049
0.00164688	30.7722
0.00165694	38.5319
0.001667	50.3547
0.00167705	69.6963
0.00168711	96.9673
0.00169717	130.86
0.00170722	171.757
0.00171728	213.982
0.00172734	256.864
0.0017374	301.158
0.00174745	346.126
0.00175751	399.163
0.00176757	460.594
0.00177762	535.658
0.00178768	624.969
0.00179774	730.334
0.00180779	852.6
0.00181785	987.971
0.00182791	1136.62
0.00183797	1292.93
0.00184802	1455.73
0.00185808	1626.43
0.00186814	1805.68
0.00187819	1990.28
0.00188825	2182.12
0.00189831	2365.11
0.00190837	2537.8
0.00191842	2687.95
0.00192848	2811.43
0.00193854	2913.83
0.00194859	2994.05
0.00195865	3063.46
0.00196871	3126.26
0.00197876	3175.4
0.00198882	3212.26
0.00199888	3221.97
0.00200894	3199.89
0.00201899	3152.72
0.00202905	3078.73
0.00203911	2992.16
0.00204916	2897.48
0.00205922	2794.76
0.00206928	2685.26
0.00207933	2566.91
0.00208939	2438.27
0.00209945	2303.45
0.00210951	2163.73
0.00211956	2019.39
0.00212962	1870.62
0.00213968	1718.07
0.00214973	1559.39
0.00215979	1405.66
0.00216985	1259.52
0.00217991	1128.8
0.00218996	1019.56
0.00220002	924.671
0.00221008	844.281
0.00222013	769.006
0.00223019	693.872
0.00224025	619.333
0.0022503	543.184
0.00226036	470.372
0.00227042	403.134
0.00228048	341.716
0.00229053	287.344
0.00230059	238.07
0.00231065	192.626
0.0023207	152.266
0.00233076	117.079
0.00234082	88.4597
0.00235088	67.901
0.00236093	53.6558
0.00237099	45.753
0.00238105	41.3124
0.0023911	38.6327
0.00240116	36.3022
0.00241122	32.5484
0.00242127	27.9692
0.00243133	22.1704
0.00244139	16.2784
0.00245145	11.0709
0.0024615	6.73809
0.00247156	3.82996
0.00248162	1.93099
0.00249167	0.765599
0.00250173	0.377136
