0.000500379	2.12283e-38
0.000507084	9.29789e-37
0.000513789	3.65547e-36
0.000520493	1.37404e-34
0.000527198	5.40248e-34
0.000533903	1.73404e-32
0.000540607	6.85277e-32
0.000547312	1.87978e-30
0.000554017	7.46047e-30
0.000560721	1.75072e-28
0.000567426	6.97102e-28
0.000574131	1.40114e-26
0.000580835	5.59063e-26
0.00058754	9.63856e-25
0.000594244	3.84827e-24
0.000600949	5.70069e-23
0.000607654	2.27362e-22
0.000614358	2.89981e-21
0.000621063	1.15299e-20
0.000627768	1.2691e-19
0.000634472	5.01876e-19
0.000641177	4.78062e-18
0.000647882	1.87519e-17
0.000654586	1.55071e-16
0.000661291	6.01435e-16
0.000667995	4.33358e-15
0.0006747	1.65594e-14
0.000681405	1.04389e-13
0.000688109	3.91411e-13
0.000694814	2.16866e-12
0.000701519	7.94299e-12
0.000708223	3.88764e-11
0.000714928	1.38398e-10
0.000721633	6.01682e-10
0.000728337	2.07067e-09
0.000735042	8.04345e-09
0.000741746	2.66055e-08
0.000748451	9.29162e-08
0.000755156	2.93611e-07
0.00076186	9.27803e-07
0.000768565	2.78341e-06
0.00077527	8.00984e-06
0.000781974	2.26708e-05
0.000788679	5.97898e-05
0.000795384	0.000158684
0.000802088	0.000385863
0.000808793	0.000954744
0.000815497	0.0021525
0.000822202	0.00493916
0.000828907	0.0103753
0.000835611	0.0219777
0.000842316	0.0431905
0.000849021	0.0841498
0.000855725	0.159055
0.00086243	0.281988
0.000869135	0.494572
0.000875839	0.812169
0.000882544	1.31273
0.000889249	2.00687
0.000895953	2.99244
0.000902658	4.26373
0.000909362	5.88091
0.000916067	7.81867
0.000922772	10.0255
0.000929476	12.4754
0.000936181	15.0045
0.000942886	17.62
0.00094959	20.1985
0.000956295	22.7976
0.000963	25.5767
0.000969704	28.6168
0.000976409	32.4697
0.000983113	37.1842
0.000989818	43.507
0.000996523	51.4257
0.00100323	61.4959
0.00100993	73.6731
0.00101664	88.1113
0.00102334	104.789
0.00103005	123.651
0.00103675	144.722
0.00104346	168.132
0.00105016	193.921
0.00105686	222.584
0.00106357	254.141
0.00107027	289.256
0.00107698	327.925
0.00108368	370.724
0.00109039	417.649
0.00109709	469.186
0.0011038	525.343
0.0011105	586.733
0.00111721	653.367
0.00112391	726.11
0.00113062	804.964
0.00113732	890.961
0.00114402	984.089
0.00115073	1085.22
0.00115743	1194.34
0.00116414	1311.37
0.00117084	1436.31
0.00117755	1566.85
0.00118425	1703.01
0.00119096	1839.26
0.00119766	1975.66
0.00120437	2104.35
0.00121107	2225.35
0.00121778	2331.78
0.00122448	2423.5
0.00123119	2498.43
0.00123789	2556.28
0.00124459	2601.13
0.0012513	2632.75
0.001258	2658.9
0.00126471	2679.62
0.00127141	2701.91
0.00127812	2726.11
0.00128482	2755.2
0.00129153	2789.61
0.00129823	2828.02
0.00130494	2870.68
0.00131164	2913.72
0.00131835	2957.17
0.00132505	2996.79
0.00133175	3032.38
0.00133846	3061.28
0.00134516	3083.72
0.00135187	3094.54
0.00135857	3099.01
0.00136528	3098.89
0.00137198	3087.88
0.00137869	3069.22
0.00138539	3043.83
0.0013921	3010.24
0.0013988	2968.57
0.00140551	2916.9
0.00141221	2855.12
0.00141891	2781.41
0.00142562	2695.42
0.00143232	2596.59
0.00143903	2484.44
0.00144573	2360.72
0.00145244	2224.99
0.00145914	2081.88
0.00146585	1931.33
0.00147255	1780.04
0.00147926	1628.68
0.00148596	1483.57
0.00149267	1346.03
0.00149937	1219.35
0.00150608	1104.86
0.00151278	1001.96
0.00151948	911.261
0.00152619	829.875
0.00153289	757.488
0.0015396	691.433
0.0015463	630.945
0.00155301	574.893
0.00155971	522.711
0.00156642	474.412
0.00157312	429.867
0.00157983	389.196
0.00158653	352.487
0.00159324	319.471
0.00159994	290.164
0.00160664	264.081
0.00161335	241.112
0.00162005	220.821
0.00162676	203.088
0.00163346	187.486
0.00164017	173.93
0.00164687	161.83
0.00165358	151.041
0.00166028	140.868
0.00166699	131.022
0.00167369	121.033
0.0016804	110.551
0.0016871	99.6169
0.00169381	88.033
0.00170051	76.282
0.00170721	64.4556
0.00171392	53.1152
0.00172062	42.5636
0.00172733	33.0978
0.00173403	25.0146
0.00174074	18.2629
0.00174744	12.9631
0.00175415	8.86104
0.00176085	5.88327
0.00176756	3.76242
0.00177426	2.32549
0.00178097	1.39333
0.00178767	0.796552
0.00179437	0.448941
0.00180108	0.232683
0.00180778	0.125835
0.00181449	0.0605074
0.00182119	0.0305602
0.0018279	0.012454
0.0018346	0.00641854
