0.000500379	1.8796e-241
0.000510437	1.08436e-233
0.000520494	4.33744e-233
0.000530551	1.76491e-225
0.000540608	7.13184e-225
0.000550665	2.04645e-217
0.000560722	8.35546e-217
0.000570779	1.69049e-209
0.000580836	6.97491e-209
0.000590893	9.94835e-202
0.00060095	4.14866e-201
0.000611007	4.17078e-194
0.000621064	1.75823e-193
0.000631121	1.24568e-186
0.000641178	5.30938e-186
0.000651235	2.65045e-179
0.000661292	1.14238e-178
0.000671349	4.01747e-172
0.000681406	1.75137e-171
0.000691463	4.33814e-165
0.00070152	1.91312e-164
0.000711577	3.3371e-158
0.000721634	1.48904e-157
0.000731691	1.82873e-151
0.000741748	8.25784e-151
0.000751806	7.13903e-145
0.000761863	3.26307e-144
0.00077192	1.98535e-138
0.000781977	9.1872e-138
0.000792034	3.93316e-132
0.000802091	1.84305e-131
0.000812148	5.5507e-126
0.000822205	2.63445e-125
0.000832262	5.58026e-120
0.000842319	2.68311e-119
0.000852376	3.9963e-114
0.000862433	1.94708e-113
0.00087249	2.03871e-108
0.000882547	1.00676e-107
0.000892604	7.40875e-103
0.000902661	3.70905e-102
0.000912718	1.91788e-97
0.000922775	9.73636e-97
0.000932832	3.53659e-92
0.000942889	1.82106e-91
0.000952946	4.64546e-87
0.000963003	2.42689e-86
0.00097306	4.34664e-82
0.000983117	2.30446e-81
0.000993175	2.89705e-77
0.00100323	1.55913e-76
0.00101329	1.37541e-72
0.00102335	7.51606e-72
0.0010334	4.65141e-68
0.00104346	2.58162e-67
0.00105352	1.1205e-63
0.00106357	6.31814e-63
0.00107363	1.92271e-59
0.00108369	1.10174e-58
0.00109374	2.35017e-55
0.0011038	1.36888e-54
0.00111386	2.04633e-51
0.00112392	1.21184e-50
0.00113397	1.26928e-47
0.00114403	7.64399e-47
0.00115409	5.60883e-44
0.00116414	3.43552e-43
0.0011742	1.76585e-40
0.00118426	1.10018e-39
0.00119432	3.96151e-37
0.00120437	2.51035e-36
0.00121443	6.33399e-34
0.00122449	4.08142e-33
0.00123454	7.21984e-31
0.0012446	4.72826e-30
0.00125466	5.86939e-28
0.00126471	3.90315e-27
0.00127477	3.40516e-25
0.00128483	2.29597e-24
0.00129489	1.41104e-22
0.00130494	9.62445e-22
0.001315	4.1815e-20
0.00132506	2.87527e-19
0.00133511	8.87698e-18
0.00134517	6.12242e-17
0.00135523	1.35319e-15
0.00136529	9.29349e-15
0.00137534	1.48582e-13
0.0013854	1.00589e-12
0.00139546	1.17977e-11
0.00140551	7.76601e-11
0.00141557	6.80612e-10
0.00142563	4.27904e-09
0.00143568	2.86748e-08
0.00144574	1.68398e-07
0.0014558	8.8665e-07
0.00146586	4.73881e-06
0.00147591	2.02003e-05
0.00148597	9.55173e-05
0.00149603	0.000339809
0.00150608	0.00138248
0.00151614	0.00422073
0.0015262	0.0144209
0.00153625	0.0386458
0.00154631	0.108994
0.00155637	0.260321
0.00156643	0.601568
0.00157648	1.31558
0.00158654	2.54378
0.0015966	4.78922
0.00160665	8.0519
0.00161671	12.7791
0.00162677	19.0024
0.00163683	26.5857
0.00164688	35.5473
0.00165694	45.4959
0.001667	56.4144
0.00167705	68.153
0.00168711	80.6951
0.00169717	93.9852
0.00170722	107.903
0.00171728	123.539
0.00172734	140.519
0.0017374	163.789
0.00174745	193.157
0.00175751	236.076
0.00176757	293.159
0.00177762	367.79
0.00178768	460.677
0.00179774	570.578
0.00180779	697.413
0.00181785	841.125
0.00182791	1002.1
0.00183797	1177.68
0.00184802	1369.15
0.00185808	1564.21
0.00186814	1762.56
0.00187819	1950.61
0.00188825	2125.82
0.00189831	2285.41
0.00190837	2427.19
0.00191842	2558.59
0.00192848	2679.84
0.00193854	2798.59
0.00194859	2917.71
0.00195865	3032.51
0.00196871	3144.98
0.00197876	3240.21
0.00198882	3320.07
0.00199888	3354.15
0.00200894	3363.04
0.00201899	3363.19
0.00202905	3324.79
0.00203911	3263.19
0.00204916	3187.17
0.00205922	3091.54
0.00206928	2976.34
0.00207933	2840
0.00208939	2680.54
0.00209945	2504.2
0.00210951	2310.3
0.00211956	2110.99
0.00212962	1908.45
0.00213968	1714.28
0.00214973	1532.44
0.00215979	1369.27
0.00216985	1229.31
0.00217991	1109.28
0.00218996	1011.36
0.00220002	924.388
0.00221008	844.799
0.00222013	766.666
0.00223019	684.679
0.00224025	604.304
0.0022503	525.871
0.00226036	454.78
0.00227042	395.059
0.00228048	343.529
0.00229053	300.615
0.00230059	261.476
0.00231065	222.974
0.0023207	185.905
0.00233076	149.032
0.00234082	115.643
0.00235088	87.5384
0.00236093	65.1082
0.00237099	49.8334
0.00238105	39.3409
0.0023911	32.8805
0.00240116	28.486
0.00241122	24.4402
0.00242127	20.6569
0.00243133	16.3426
0.00244139	12.1806
0.00245145	8.45342
0.0024615	5.33991
0.00247156	3.17367
0.00248162	1.69367
0.00249167	0.747035
0.00250173	0.386111
