3.33898e-05	0.000882216
3.55687e-05	0.00141402
3.77476e-05	0.00300944
3.99264e-05	0.00524147
4.21053e-05	0.0095617
4.42842e-05	0.0162779
4.64631e-05	0.0283272
4.8642e-05	0.0469068
5.08209e-05	0.0783011
5.29998e-05	0.125924
5.51787e-05	0.202157
5.73576e-05	0.315448
5.95365e-05	0.488141
6.17154e-05	0.738763
6.38943e-05	1.10425
6.60732e-05	1.62101
6.82521e-05	2.34498
7.0431e-05	3.34078
7.26099e-05	4.68605
7.47888e-05	6.485
7.69677e-05	8.83627
7.91465e-05	11.8932
8.13254e-05	15.7702
8.35043e-05	20.6735
8.56832e-05	26.7222
8.78621e-05	34.1698
9.0041e-05	43.1235
9.22199e-05	53.8631
9.43988e-05	66.4629
9.65777e-05	81.1897
9.87566e-05	98.0627
0.000100935	117.276
0.000103114	138.777
0.000105293	162.614
0.000107472	188.66
0.000109651	216.754
0.00011183	246.711
0.000114009	278.13
0.000116188	310.81
0.000118367	344.145
0.000120546	377.963
0.000122724	411.557
0.000124903	444.82
0.000127082	477.087
0.000129261	508.324
0.00013144	538.036
0.000133619	566.247
0.000135798	592.696
0.000137977	617.436
0.000140156	640.428
0.000142334	661.743
0.000144513	681.521
0.000146692	699.852
0.000148871	717.048
0.00015105	733.244
0.000153229	748.995
0.000155408	764.496
0.000157587	780.689
0.000159766	797.822
0.000161945	817.347
0.000164123	839.52
0.000166302	866.295
0.000168481	897.865
0.00017066	936.44
0.000172839	982.084
0.000175018	1036.78
0.000177197	1100.43
0.000179376	1174.2
0.000181555	1257.85
0.000183733	1351.23
0.000185912	1454.04
0.000188091	1564.67
0.00019027	1682.86
0.000192449	1805.83
0.000194628	1933.46
0.000196807	2062.54
0.000198986	2193.1
0.000201165	2322.41
0.000203344	2450.6
0.000205522	2576.15
0.000207701	2699.21
0.00020988	2819.73
0.000212059	2937.81
0.000214238	3054.54
0.000216417	3169.97
0.000218596	3285.61
0.000220775	3401.45
0.000222954	3518.69
0.000225132	3637.28
0.000227311	3757.63
0.00022949	3879.7
0.000231669	4003.1
0.000233848	4127.82
0.000236027	4253.06
0.000238206	4378.84
0.000240385	4504.42
0.000242564	4629.81
0.000244743	4754.59
0.000246921	4878.75
0.0002491	5001.92
0.000251279	5124.1
0.000253458	5244.34
0.000255637	5362.66
0.000257816	5476.92
0.000259995	5587.15
0.000262174	5689.76
0.000264353	5784.79
0.000266531	5867.69
0.00026871	5938.45
0.000270889	5993.99
0.000273068	6035.12
0.000275247	6042.57
0.000277426	6039.88
0.000279605	6029.71
0.000281784	5985.17
0.000283963	5922.98
0.000286142	5844.47
0.00028832	5751.49
0.000290499	5644
0.000292678	5526.32
0.000294857	5398.56
0.000297036	5264.36
0.000299215	5123.89
0.000301394	4979.54
0.000303573	4831.49
0.000305752	4680.95
0.00030793	4528.03
0.000310109	4373.24
0.000312288	4216.63
0.000314467	4058.49
0.000316646	3898.81
0.000318825	3738.03
0.000321004	3576.11
0.000323183	3413.73
0.000325362	3250.85
0.00032754	3088.38
0.000329719	2926.33
0.000331898	2765.78
0.000334077	2606.78
0.000336256	2450.61
0.000338435	2297.36
0.000340614	2148.44
0.000342793	2003.97
0.000344972	1865.35
0.000347151	1732.77
0.000349329	1607.34
0.000351508	1489.28
0.000353687	1379.18
0.000355866	1277.26
0.000358045	1183.37
0.000360224	1097.68
0.000362403	1019.31
0.000364582	948.308
0.000366761	883.309
0.000368939	824.172
0.000371118	769.421
0.000373297	718.767
0.000375476	670.99
0.000377655	625.736
0.000379834	582.291
0.000382013	540.345
0.000384192	499.726
0.000386371	460.251
0.00038855	422.14
0.000390728	385.364
0.000392907	350.282
0.000395086	316.985
0.000397265	285.751
0.000399444	256.71
0.000401623	229.95
0.000403802	205.568
0.000405981	183.459
0.00040816	163.649
0.000410338	145.922
0.000412517	130.228
0.000414696	116.335
0.000416875	104.149
0.000419054	93.4772
0.000421233	84.2214
0.000423412	76.2389
0.000425591	69.4509
0.00042777	63.7377
0.000429949	59.0409
0.000432127	55.2245
0.000434306	52.232
0.000436485	49.8904
0.000438664	48.1204
0.000440843	46.7262
0.000443022	45.5941
0.000445201	44.5486
0.00044738	43.4545
0.000449559	42.2039
0.000451737	40.6743
0.000453916	38.85
0.000456095	36.6594
0.000458274	34.1676
0.000460453	31.3751
0.000462632	28.3878
0.000464811	25.3176
0.00046699	22.1261
