0.000166815	8.09847e-58
0.00017352	4.76499e-55
0.000180225	1.90357e-54
0.000186929	8.80016e-52
0.000193634	3.54826e-51
0.000200339	1.2883e-48
0.000207043	5.24505e-48
0.000213748	1.4957e-45
0.000220453	6.14857e-45
0.000227157	1.37722e-42
0.000233862	5.71602e-42
0.000240566	1.00583e-39
0.000247271	4.21418e-39
0.000253976	5.8271e-37
0.00026068	2.46398e-36
0.000267385	2.67819e-34
0.00027409	1.14254e-33
0.000280794	9.76704e-32
0.000287499	4.20168e-31
0.000294204	2.82686e-29
0.000300908	1.22546e-28
0.000307613	6.49504e-27
0.000314317	2.83469e-26
0.000321022	1.18505e-24
0.000327727	5.2006e-24
0.000334431	1.71773e-22
0.000341136	7.56756e-22
0.000347841	1.97908e-20
0.000354545	8.73427e-20
0.00036125	1.81362e-18
0.000367955	7.99619e-18
0.000374659	1.32299e-16
0.000381364	5.80696e-16
0.000388068	7.68972e-15
0.000394773	3.34544e-14
0.000401478	3.56547e-13
0.000408182	1.52909e-12
0.000414887	1.32054e-11
0.000421592	5.54544e-11
0.000428296	3.91263e-10
0.000435001	1.59597e-09
0.000441706	9.28882e-09
0.00044841	3.64568e-08
0.000455115	1.76983e-07
0.000461819	6.61156e-07
0.000468524	2.71046e-06
0.000475229	9.52218e-06
0.000481933	3.34074e-05
0.000488638	0.000108957
0.000495343	0.000331673
0.000502047	0.000991049
0.000508752	0.00265341
0.000515457	0.00717097
0.000522161	0.017102
0.000528866	0.0413181
0.000535571	0.0887462
0.000542275	0.18985
0.00054898	0.380353
0.000555684	0.710021
0.000562389	1.28939
0.000569094	2.13779
0.000575798	3.42327
0.000582503	5.12561
0.000589208	7.30793
0.000595912	9.91788
0.000602617	12.7731
0.000609322	15.8483
0.000616026	18.8488
0.000622731	21.8265
0.000629435	24.7756
0.00063614	27.7868
0.000642845	31.348
0.000649549	35.4993
0.000656254	40.9066
0.000662959	47.5222
0.000669663	55.6316
0.000676368	65.1442
0.000683073	75.6732
0.000689777	87.1696
0.000696482	98.8645
0.000703186	110.815
0.000709891	122.728
0.000716596	134.751
0.0007233	147.95
0.000730005	162.452
0.00073671	180.659
0.000743414	202.572
0.000750119	230.592
0.000756824	264.61
0.000763528	305.425
0.000770233	352.945
0.000776937	406.311
0.000783642	465.53
0.000790347	529.817
0.000797051	599.219
0.000803756	674.303
0.000810461	755.071
0.000817165	842.381
0.00082387	936.205
0.000830575	1035.48
0.000837279	1140.21
0.000843984	1246.7
0.000850689	1354.98
0.000857393	1460.49
0.000864098	1563.21
0.000870802	1660.57
0.000877507	1752.46
0.000884212	1840.11
0.000890916	1923.4
0.000897621	2006.55
0.000904326	2089.55
0.00091103	2176.59
0.000917735	2267.85
0.00092444	2364.04
0.000931144	2465.48
0.000937849	2568.2
0.000944553	2672.38
0.000951258	2771.77
0.000957963	2866.18
0.000964667	2951.1
0.000971372	3026.18
0.000978077	3090.09
0.000984781	3142.66
0.000991486	3184.16
0.000998191	3215.65
0.0010049	3227.57
0.0010116	3231.4
0.0010183	3230.19
0.00102501	3210.75
0.00103171	3183.01
0.00103842	3148.44
0.00104512	3110.15
0.00105183	3068.74
0.00105853	3025.3
0.00106524	2980.36
0.00107194	2932.16
0.00107865	2880.64
0.00108535	2824.3
0.00109206	2762.81
0.00109876	2696.2
0.00110546	2624.46
0.00111217	2547.48
0.00111887	2465.5
0.00112558	2377
0.00113228	2281.88
0.00113899	2178.68
0.00114569	2066.75
0.0011524	1947.36
0.0011591	1819.89
0.00116581	1688.92
0.00117251	1554.65
0.00117922	1422.66
0.00118592	1294.02
0.00119263	1172.52
0.00119933	1059.39
0.00120603	955.798
0.00121274	862.55
0.00121944	778.878
0.00122615	705.075
0.00123285	639.191
0.00123956	581.061
0.00124626	528.263
0.00125297	480.174
0.00125967	435.037
0.00126638	392
0.00127308	350.924
0.00127979	311.311
0.00128649	274.228
0.00129319	239.886
0.0012999	209.065
0.0013066	182.305
0.00131331	159.197
0.00132001	139.932
0.00132672	123.433
0.00133342	109.365
0.00134013	96.9534
0.00134683	85.7217
0.00135354	75.5167
0.00136024	66.0935
0.00136695	57.5907
0.00137365	50.0251
0.00138035	43.4285
0.00138706	37.8864
0.00139376	33.1906
0.00140047	29.3114
0.00140717	25.9453
0.00141388	22.9146
0.00142058	20.0654
0.00142729	17.2102
0.00143399	14.4261
0.0014407	11.6712
0.0014474	9.09913
0.00145411	6.80582
0.00146081	4.84301
0.00146752	3.3051
0.00147422	2.12666
0.00148092	1.30892
0.00148763	0.760842
0.00149433	0.387058
0.00150104	0.220229
