3.33898e-05	6.74276e-10
3.55687e-05	2.00672e-09
3.77476e-05	6.00406e-09
3.99264e-05	1.78897e-08
4.21053e-05	4.83503e-08
4.42842e-05	1.34458e-07
4.64631e-05	3.52155e-07
4.8642e-05	9.16829e-07
5.08209e-05	2.32006e-06
5.29998e-05	5.6724e-06
5.51787e-05	1.3828e-05
5.73576e-05	3.18478e-05
5.95365e-05	7.45747e-05
6.17154e-05	0.000162284
6.38943e-05	0.000363988
6.60732e-05	0.000750599
6.82521e-05	0.00160828
7.0431e-05	0.00315158
7.26099e-05	0.0064352
7.47888e-05	0.0120143
7.69677e-05	0.0233273
7.91465e-05	0.0420574
8.13254e-05	0.0768547
8.35043e-05	0.134061
8.56832e-05	0.230284
8.78621e-05	0.384354
9.0041e-05	0.626003
9.22199e-05	0.997729
9.43988e-05	1.54512
9.65777e-05	2.34898
9.87566e-05	3.46628
0.000100935	5.02468
0.000103114	7.07711
0.000105293	9.78526
0.000107472	13.1736
0.000109651	17.3903
0.00011183	22.4103
0.000114009	28.2915
0.000116188	34.9606
0.000118367	42.3184
0.000120546	50.2829
0.000122724	58.6073
0.000124903	67.2762
0.000127082	76.044
0.000129261	85.0446
0.00013144	94.3304
0.000133619	104.227
0.000135798	115.443
0.000137977	128.451
0.000140156	144.842
0.000142334	165.087
0.000144513	191.519
0.000146692	224.391
0.000148871	266.113
0.00015105	316.545
0.000153229	377.096
0.000155408	447.211
0.000157587	526.261
0.000159766	613.475
0.000161945	705.838
0.000164123	802.696
0.000166302	899.421
0.000168481	995.767
0.00017066	1087.22
0.000172839	1174.02
0.000175018	1253.65
0.000177197	1326.7
0.000179376	1393.76
0.000181555	1455.47
0.000183733	1515.39
0.000185912	1573.98
0.000188091	1636.56
0.00019027	1703.34
0.000192449	1779.82
0.000194628	1865.97
0.000196807	1966.24
0.000198986	2080.46
0.000201165	2211.32
0.000203344	2358.6
0.000205522	2523.06
0.000207701	2704.49
0.00020988	2901.8
0.000212059	3114.79
0.000214238	3340.69
0.000216417	3579.37
0.000218596	3826.71
0.000220775	4082.64
0.000222954	4342.43
0.000225132	4606.08
0.000227311	4869.23
0.00022949	5131.95
0.000231669	5391.26
0.000233848	5647.25
0.000236027	5898.74
0.000238206	6145.78
0.000240385	6388.31
0.000242564	6626.32
0.000244743	6859.23
0.000246921	7087
0.0002491	7306.59
0.000251279	7518.01
0.000253458	7714.82
0.000255637	7897.08
0.000257816	8055.88
0.000259995	8191.27
0.000262174	8297.46
0.000264353	8375.4
0.000266531	8388.8
0.00026871	8385.09
0.000270889	8367.96
0.000273068	8288.69
0.000275247	8183.21
0.000277426	8053.15
0.000279605	7907.69
0.000281784	7746.79
0.000283963	7583.96
0.000286142	7419.49
0.00028832	7263.88
0.000290499	7117.7
0.000292678	6985.74
0.000294857	6868.68
0.000297036	6765.08
0.000299215	6675.43
0.000301394	6593.71
0.000303573	6520.04
0.000305752	6446.69
0.00030793	6373.4
0.000310109	6293.32
0.000312288	6205.98
0.000314467	6106.55
0.000316646	5994.57
0.000318825	5867.11
0.000321004	5723.79
0.000323183	5563.11
0.000325362	5384.72
0.00032754	5188.75
0.000329719	4974.82
0.000331898	4745.38
0.000334077	4500.11
0.000336256	4244.14
0.000338435	3977.45
0.000340614	3707.14
0.000342793	3433.65
0.000344972	3164.39
0.000347151	2900.26
0.000349329	2647.2
0.000351508	2406.31
0.000353687	2181.09
0.000355866	1972.51
0.000358045	1781.66
0.000360224	1609.15
0.000362403	1454.28
0.000364582	1317.31
0.000366761	1196.31
0.000368939	1091.26
0.000371118	999.412
0.000373297	920.465
0.000375476	851.189
0.000377655	791.006
0.000379834	736.802
0.000382013	687.751
0.000384192	641.6
0.000386371	597.47
0.00038855	554.444
0.000390728	511.88
0.000392907	470.071
0.000395086	428.808
0.000397265	388.949
0.000399444	350.683
0.000401623	314.703
0.000403802	281.358
0.000405981	250.787
0.00040816	223.233
0.000410338	198.345
0.000412517	176.126
0.000414696	156.055
0.000416875	137.944
0.000419054	121.401
0.000421233	106.19
0.000423412	92.1598
0.000425591	79.152
0.00042777	67.193
0.000429949	56.2409
0.000432127	46.3601
0.000434306	37.5841
0.000436485	29.9109
0.000438664	23.3763
0.000440843	17.8866
0.000443022	13.4278
0.000445201	9.85086
0.00044738	7.08301
0.000449559	4.97389
0.000451737	3.41642
0.000453916	2.29504
0.000456095	1.5019
0.000458274	0.965496
0.000460453	0.600177
0.000462632	0.369706
0.000464811	0.20462
0.00046699	0.128708
