0.000166815	1.52501
0.000171844	2.0671
0.000176872	2.77146
0.000181901	3.63349
0.000186929	4.66658
0.000191958	5.88954
0.000196986	7.2849
0.000202014	8.85356
0.000207043	10.557
0.000212071	12.3672
0.0002171	14.2367
0.000222128	16.1086
0.000227157	17.9485
0.000232185	19.6883
0.000237214	21.3302
0.000242242	22.83
0.00024727	24.2376
0.000252299	25.5708
0.000257327	26.9184
0.000262356	28.3805
0.000267384	30.0558
0.000272413	32.1119
0.000277441	34.622
0.000282469	37.7711
0.000287498	41.583
0.000292526	46.1948
0.000297555	51.5815
0.000302583	57.786
0.000307612	64.7568
0.00031264	72.441
0.000317669	80.7905
0.000322697	89.6983
0.000327725	99.1373
0.000332754	109.003
0.000337782	119.283
0.000342811	129.908
0.000347839	140.86
0.000352868	152.083
0.000357896	163.542
0.000362924	175.146
0.000367953	186.839
0.000372981	198.464
0.00037801	209.972
0.000383038	221.155
0.000388067	232.005
0.000393095	242.355
0.000398123	252.258
0.000403152	261.706
0.00040818	270.815
0.000413209	279.839
0.000418237	288.939
0.000423266	298.673
0.000428294	309.221
0.000433323	321.427
0.000438351	335.466
0.000443379	352.411
0.000448408	372.42
0.000453436	396.719
0.000458465	425.436
0.000463493	459.869
0.000468522	500.098
0.00047355	547.368
0.000478578	601.687
0.000483607	664.043
0.000488635	734.349
0.000493664	813.044
0.000498692	899.939
0.000503721	994.6
0.000508749	1096.76
0.000513778	1204.87
0.000518806	1318.64
0.000523834	1435.38
0.000528863	1554.87
0.000533891	1673.59
0.00053892	1791.42
0.000543948	1904.65
0.000548977	2013.29
0.000554005	2114.24
0.000559033	2207.6
0.000564062	2291.6
0.00056909	2366.41
0.000574119	2431.93
0.000579147	2488.35
0.000584176	2537.17
0.000589204	2578.48
0.000594233	2614.84
0.000599261	2646.26
0.000604289	2675.5
0.000609318	2702.52
0.000614346	2729.5
0.000619375	2756.39
0.000624403	2784.37
0.000629432	2813.37
0.00063446	2843.48
0.000639488	2874.67
0.000644517	2906.2
0.000649545	2938.07
0.000654574	2969.13
0.000659602	2999.38
0.000664631	3027.64
0.000669659	3053.93
0.000674688	3077.24
0.000679716	3097.58
0.000684744	3114.23
0.000689773	3127.22
0.000694801	3134.84
0.00069983	3138.49
0.000704858	3138.17
0.000709887	3131.31
0.000714915	3118.66
0.000719943	3100.31
0.000724972	3075.56
0.00073	3044.41
0.000735029	3006.78
0.000740057	2962.64
0.000745086	2912.47
0.000750114	2856.22
0.000755143	2794.89
0.000760171	2728.45
0.000765199	2658.2
0.000770228	2584.13
0.000775256	2507.6
0.000780285	2428.62
0.000785313	2348.41
0.000790342	2267
0.00079537	2185.37
0.000800398	2103.56
0.000805427	2022.29
0.000810455	1941.6
0.000815484	1861.95
0.000820512	1783.38
0.000825541	1706.09
0.000830569	1630.11
0.000835598	1555.37
0.000840626	1481.89
0.000845654	1409.37
0.000850683	1337.82
0.000855711	1266.89
0.00086074	1196.54
0.000865768	1126.59
0.000870797	1056.96
0.000875825	987.843
0.000880853	919.173
0.000885882	851.591
0.00089091	785.08
0.000895939	720.623
0.000900967	658.296
0.000905996	599.149
0.000911024	543.351
0.000916052	491.687
0.000921081	444.373
0.000926109	401.676
0.000931138	363.786
0.000936166	330.382
0.000941195	301.551
0.000946223	276.513
0.000951252	255.216
0.00095628	236.68
0.000961308	220.728
0.000966337	206.462
0.000971365	193.633
0.000976394	181.622
0.000981422	170.19
0.000986451	159.062
0.000991479	148.068
0.000996507	137.223
0.00100154	126.455
0.00100656	115.942
0.00101159	105.703
0.00101662	95.9357
0.00102165	86.713
0.00102668	78.1553
0.00103171	70.3409
0.00103673	63.2719
0.00104176	56.9938
0.00104679	51.4083
0.00105182	46.5098
0.00105685	42.1534
0.00106188	38.2884
0.00106691	34.7834
0.00107193	31.5664
0.00107696	28.5593
0.00108199	25.698
0.00108702	22.9653
0.00109205	20.3256
0.00109708	17.8029
0.0011021	15.394
0.00110713	13.1334
0.00111216	11.0394
0.00111719	9.1332
0.00112222	7.43681
0.00112725	5.94892
0.00113228	4.68114
0.0011373	3.61408
0.00114233	2.74351
0.00114736	2.04239
0.00115239	1.49361
0.00115742	1.07184
0.00116245	0.744149
0.00116747	0.521818
