3.33898e-05	7.49558e-31
3.59039e-05	1.54861e-29
3.8418e-05	5.96959e-29
4.09322e-05	1.08788e-27
4.34463e-05	4.15166e-27
4.59604e-05	6.60216e-26
4.84746e-05	2.52139e-25
5.09887e-05	3.50382e-24
5.35028e-05	1.33723e-23
5.6017e-05	1.62649e-22
5.85311e-05	6.19331e-22
6.10452e-05	6.6059e-21
6.35594e-05	2.50495e-20
6.60735e-05	2.34806e-19
6.85877e-05	8.84799e-19
7.11018e-05	7.3067e-18
7.36159e-05	2.72941e-17
7.61301e-05	1.99122e-16
7.86442e-05	7.35331e-16
8.11583e-05	4.75407e-15
8.36725e-05	1.73023e-14
8.61866e-05	9.94776e-14
8.87007e-05	3.55589e-13
9.12149e-05	1.82503e-12
9.3729e-05	6.38319e-12
9.62431e-05	2.93675e-11
9.87573e-05	1.00092e-10
0.000101271	4.14651e-10
0.000103786	1.37107e-09
0.0001063	5.13886e-09
0.000108814	1.6408e-08
0.000111328	5.5918e-08
0.000113842	1.71565e-07
0.000116356	5.34372e-07
0.00011887	1.56757e-06
0.000121384	4.48555e-06
0.000123899	1.25173e-05
0.000126413	3.30755e-05
0.000128927	8.73665e-05
0.000131441	0.000214245
0.000133955	0.000533097
0.000136469	0.00121894
0.000138983	0.00284438
0.000141498	0.00609027
0.000144012	0.0132738
0.000146526	0.0267148
0.00014904	0.0541957
0.000151554	0.103304
0.000154068	0.194145
0.000156582	0.356581
0.000159096	0.616807
0.000161611	1.05619
0.000164125	1.71013
0.000166639	2.72886
0.000169153	4.14555
0.000171667	6.16835
0.000174181	8.80646
0.000176695	12.2481
0.00017921	16.4668
0.000181724	21.5099
0.000184238	27.3418
0.000186752	33.8352
0.000189266	41.0138
0.00019178	48.8009
0.000194294	57.3431
0.000196809	67.1056
0.000199323	78.3435
0.000201837	92.5096
0.000204351	109.851
0.000206865	132.727
0.000209379	161.224
0.000211893	197.779
0.000214407	242.244
0.000216922	295.889
0.000219436	358.401
0.00022195	428.969
0.000224464	507.279
0.000226978	590.499
0.000229492	678.477
0.000232006	767.52
0.000234521	857.714
0.000237035	946.355
0.000239549	1033.74
0.000242063	1119.96
0.000244577	1205.41
0.000247091	1294
0.000249605	1386.01
0.000252119	1488.65
0.000254634	1601.98
0.000257148	1734.28
0.000259662	1885.39
0.000262176	2061.37
0.00026469	2261.96
0.000267204	2488.27
0.000269718	2740.06
0.000272233	3012.49
0.000274747	3305.45
0.000277261	3609.1
0.000279775	3923.48
0.000282289	4235.98
0.000284803	4546.71
0.000287317	4843.11
0.000289831	5125.24
0.000292346	5383.58
0.00029486	5618.08
0.000297374	5824.92
0.000299888	6003.92
0.000302402	6158.35
0.000304916	6287.93
0.00030743	6402.46
0.000309945	6501.71
0.000312459	6599.42
0.000314973	6695.59
0.000317487	6803.61
0.000320001	6923.89
0.000322515	7063.95
0.000325029	7224.65
0.000327544	7402.99
0.000330058	7599.98
0.000332572	7801.27
0.000335086	8007.42
0.0003376	8197.32
0.000340114	8370.59
0.000342628	8509.8
0.000345142	8618.57
0.000347657	8643.06
0.000350171	8635.77
0.000352685	8611.73
0.000355199	8501.45
0.000357713	8344.89
0.000360227	8149.42
0.000362741	7920.61
0.000365256	7658.98
0.00036777	7375.29
0.000370284	7070.37
0.000372798	6752.8
0.000375312	6423.27
0.000377826	6089.49
0.00038034	5751.95
0.000382854	5418.67
0.000385369	5090.39
0.000387883	4774.34
0.000390397	4471.77
0.000392911	4186.52
0.000395425	3919.94
0.000397939	3671.09
0.000400453	3440.68
0.000402968	3224.62
0.000405482	3022.57
0.000407996	2830.67
0.00041051	2647.98
0.000413024	2472.99
0.000415538	2305
0.000418052	2144.28
0.000420566	1990.78
0.000423081	1844.71
0.000425595	1706.28
0.000428109	1574.82
0.000430623	1450.27
0.000433137	1331.95
0.000435651	1219.49
0.000438165	1113.34
0.00044068	1013.3
0.000443194	920.698
0.000445708	835.912
0.000448222	759.642
0.000450736	692.563
0.00045325	633.55
0.000455764	582.856
0.000458279	537.906
0.000460793	498.096
0.000463307	460.994
0.000465821	425.451
0.000468335	390.508
0.000470849	355.235
0.000473363	320.168
0.000475877	285.106
0.000478392	251.107
0.000480906	218.57
0.00048342	188.155
0.000485934	160.363
0.000488448	135.228
0.000490962	112.987
0.000493476	93.3544
0.000495991	76.2836
0.000498505	61.4921
0.000501019	48.8271
0.000503533	38.0869
0.000506047	29.1371
0.000508561	21.7884
0.000511075	15.9233
0.000513589	11.3242
0.000516104	7.8475
0.000518618	5.27952
0.000521132	3.44669
0.000523646	2.18847
0.00052616	1.33742
0.000528674	0.801954
0.000531188	0.424446
0.000533703	0.258877
