0.000500379	0.0142929
0.000506246	0.0224514
0.000512113	0.0402951
0.000517979	0.0650736
0.000523846	0.104818
0.000529712	0.163347
0.000535579	0.251631
0.000541445	0.377832
0.000547312	0.55773
0.000553178	0.806121
0.000559045	1.14216
0.000564911	1.58845
0.000570778	2.16351
0.000576644	2.8958
0.000582511	3.79733
0.000588378	4.89582
0.000594244	6.19177
0.000600111	7.70208
0.000605977	9.41511
0.000611844	11.3282
0.00061771	13.4231
0.000623577	15.6768
0.000629443	18.0743
0.00063531	20.5824
0.000641176	23.1971
0.000647043	25.8928
0.000652909	28.677
0.000658776	31.5451
0.000664643	34.5091
0.000670509	37.5852
0.000676376	40.7821
0.000682242	44.1231
0.000688109	47.6115
0.000693975	51.2639
0.000699842	55.084
0.000705708	59.0819
0.000711575	63.2706
0.000717441	67.6716
0.000723308	72.3124
0.000729174	77.2503
0.000735041	82.5256
0.000740908	88.2468
0.000746774	94.4592
0.000752641	101.32
0.000758507	108.871
0.000764374	117.299
0.00077024	126.634
0.000776107	137.064
0.000781973	148.598
0.00078784	161.392
0.000793706	175.432
0.000799573	190.793
0.000805439	207.434
0.000811306	225.309
0.000817173	244.354
0.000823039	264.36
0.000828906	285.256
0.000834772	306.672
0.000840639	328.549
0.000846505	350.419
0.000852372	372.262
0.000858238	393.645
0.000864105	414.603
0.000869971	434.924
0.000875838	454.697
0.000881704	474.099
0.000887571	493.249
0.000893438	512.783
0.000899304	532.807
0.000905171	554.32
0.000911037	577.38
0.000916904	603.093
0.00092277	631.457
0.000928637	663.371
0.000934503	698.787
0.00094037	738.167
0.000946236	781.448
0.000952103	828.601
0.000957969	879.576
0.000963836	933.971
0.000969703	991.755
0.000975569	1052.33
0.000981436	1115.67
0.000987302	1181.1
0.000993169	1248.6
0.000999035	1317.43
0.0010049	1387.56
0.00101077	1458.17
0.00101663	1529.24
0.0010225	1599.9
0.00102837	1670.14
0.00103423	1739.15
0.0010401	1806.96
0.00104597	1872.98
0.00105183	1937.24
0.0010577	1999.53
0.00106357	2059.86
0.00106943	2118.37
0.0010753	2175.07
0.00108117	2230.32
0.00108703	2284.14
0.0010929	2336.93
0.00109877	2388.69
0.00110463	2439.62
0.0011105	2489.74
0.00111637	2538.82
0.00112223	2586.9
0.0011281	2633.14
0.00113397	2677.6
0.00113983	2718.8
0.0011457	2756.78
0.00115157	2789.61
0.00115743	2817.3
0.0011633	2838.08
0.00116916	2852.16
0.00117503	2854.35
0.0011809	2849.49
0.00118676	2838.32
0.00119263	2814.05
0.0011985	2780.6
0.00120436	2738.37
0.00121023	2688.31
0.0012161	2630.37
0.00122196	2566.59
0.00122783	2496.99
0.0012337	2423.52
0.00123956	2346.27
0.00124543	2266.62
0.0012513	2184.69
0.00125716	2101.17
0.00126303	2016.14
0.0012689	1929.85
0.00127476	1842.3
0.00128063	1753.76
0.0012865	1664.18
0.00129236	1574.24
0.00129823	1483.89
0.0013041	1394.42
0.00130996	1305.84
0.00131583	1219.84
0.00132169	1136.54
0.00132756	1057.59
0.00133343	983.228
0.00133929	914.497
0.00134516	851.691
0.00135103	794.926
0.00135689	744.434
0.00136276	699.377
0.00136863	659.831
0.00137449	624.311
0.00138036	592.697
0.00138623	563.353
0.00139209	535.995
0.00139796	509.316
0.00140383	482.965
0.00140969	456.259
0.00141556	428.894
0.00142143	400.846
0.00142729	371.949
0.00143316	342.664
0.00143903	312.988
0.00144489	283.589
0.00145076	254.598
0.00145663	226.631
0.00146249	199.884
0.00146836	174.76
0.00147422	151.445
0.00148009	130.086
0.00148596	110.808
0.00149182	93.5465
0.00149769	78.3458
0.00150356	65.0151
0.00150942	53.5273
0.00151529	43.6444
0.00152116	35.293
0.00152702	28.2412
0.00153289	22.3946
0.00153876	17.5526
0.00154462	13.6186
0.00155049	10.4296
0.00155636	7.89648
0.00156222	5.89314
0.00156809	4.3418
0.00157396	3.14952
0.00157982	2.25171
0.00158569	1.58415
0.00159156	1.09607
0.00159742	0.746654
0.00160329	0.49866
0.00160916	0.328586
0.00161502	0.211278
0.00162089	0.134629
0.00162675	0.0831192
0.00163262	0.0512406
0.00163849	0.0302881
0.00164435	0.0180858
0.00165022	0.0102016
0.00165609	0.00591227
0.00166195	0.00283598
0.00166782	0.00178844
