0.000166815	1.07857e-08
0.000171844	2.56305e-08
0.000176872	7.01649e-08
0.000181901	1.7261e-07
0.000186929	4.20826e-07
0.000191958	9.8461e-07
0.000196986	2.32735e-06
0.000202014	5.19035e-06
0.000207043	1.1871e-05
0.000212071	2.52888e-05
0.0002171	5.58564e-05
0.000222128	0.000113902
0.000227157	0.000242511
0.000232185	0.000474324
0.000237214	0.000971833
0.000242242	0.0018266
0.00024727	0.00359583
0.000252299	0.00650614
0.000257327	0.0122893
0.000262356	0.0217272
0.000267384	0.0389285
0.000272413	0.0668305
0.000277441	0.114129
0.000282469	0.189303
0.000287498	0.309516
0.000292526	0.495271
0.000297555	0.776968
0.000302583	1.19823
0.000307612	1.80673
0.00031264	2.68417
0.000317669	3.89575
0.000322697	5.57558
0.000327725	7.7996
0.000332754	10.7586
0.000337782	14.5242
0.000342811	19.3269
0.000347839	25.215
0.000352868	32.4148
0.000357896	40.9376
0.000362924	50.9458
0.000367953	62.4161
0.000372981	75.4011
0.00037801	89.866
0.000383038	105.759
0.000388067	123.069
0.000393095	141.717
0.000398123	161.746
0.000403152	183.177
0.00040818	206.108
0.000413209	230.774
0.000418237	257.297
0.000423266	286.15
0.000428294	317.423
0.000433323	351.707
0.000438351	389.017
0.000443379	429.833
0.000448408	474.08
0.000453436	521.884
0.000458465	573.113
0.000463493	627.416
0.000468522	684.663
0.00047355	744.118
0.000478578	805.709
0.000483607	868.596
0.000488635	932.788
0.000493664	997.673
0.000498692	1063.31
0.000503721	1129.52
0.000508749	1196.34
0.000513778	1263.95
0.000518806	1332.34
0.000523834	1401.73
0.000528863	1472.08
0.000533891	1543.36
0.00053892	1615.52
0.000543948	1688.22
0.000548977	1761.43
0.000554005	1834.7
0.000559033	1908.04
0.000564062	1981.18
0.00056909	2054.15
0.000574119	2127
0.000579147	2199.74
0.000584176	2272.51
0.000589204	2345.29
0.000594233	2417.94
0.000599261	2490.41
0.000604289	2561.95
0.000609318	2632.53
0.000614346	2700.84
0.000619375	2766.87
0.000624403	2829.13
0.000629432	2887.64
0.00063446	2941.22
0.000639488	2989.89
0.000644517	3033.06
0.000649545	3070.73
0.000654574	3102.82
0.000659602	3129.32
0.000664631	3150.41
0.000669659	3166.1
0.000674688	3176.18
0.000679716	3181.2
0.000684744	3181.17
0.000689773	3175.63
0.000694801	3164.9
0.00069983	3149
0.000704858	3128.04
0.000709887	3102.01
0.000714915	3071.19
0.000719943	3035.57
0.000724972	2995.56
0.00073	2951.16
0.000735029	2902.88
0.000740057	2850.72
0.000745086	2795.36
0.000750114	2736.78
0.000755143	2675.75
0.000760171	2612.27
0.000765199	2547.08
0.000770228	2480.19
0.000775256	2412.18
0.000780285	2343.07
0.000785313	2273.23
0.000790342	2202.69
0.00079537	2131.74
0.000800398	2060.36
0.000805427	1988.95
0.000810455	1917.5
0.000815484	1846.53
0.000820512	1776.07
0.000825541	1706.72
0.000830569	1638.52
0.000835598	1571.9
0.000840626	1506.94
0.000845654	1443.71
0.000850683	1382.28
0.000855711	1322.27
0.00086074	1263.73
0.000865768	1206
0.000870797	1149.05
0.000875825	1092.25
0.000880853	1035.48
0.000885882	978.419
0.00089091	920.928
0.000895939	863.116
0.000900967	804.894
0.000905996	746.786
0.000911024	688.78
0.000916052	631.652
0.000921081	575.476
0.000926109	521.07
0.000931138	468.568
0.000936166	418.659
0.000941195	371.501
0.000946223	327.564
0.000951252	286.993
0.00095628	250.022
0.000961308	216.761
0.000966337	187.22
0.000971365	161.468
0.000976394	139.313
0.000981422	120.774
0.000986451	105.48
0.000991479	93.3984
0.000996507	84.0047
0.00100154	77.2076
0.00100656	72.3807
0.00101159	69.3164
0.00101662	67.5766
0.00102165	66.7342
0.00102668	66.2426
0.00103171	65.9667
0.00103673	65.5048
0.00104176	64.6146
0.00104679	63.1424
0.00105182	60.946
0.00105685	58.079
0.00106188	54.483
0.00106691	50.3582
0.00107193	45.7449
0.00107696	40.887
0.00108199	35.895
0.00108702	30.9707
0.00109205	26.2472
0.00109708	21.8376
0.0011021	17.852
0.00110713	14.3125
0.00111216	11.2788
0.00111719	8.70993
0.00112222	6.61215
0.00112725	4.91745
0.00113228	3.5934
0.0011373	2.57384
0.00114233	1.80868
0.00114736	1.24817
0.00115239	0.842436
0.00115742	0.560511
0.00116245	0.351555
0.00116747	0.23298
