0.000100103	7.08426e-05
0.00010312	0.000135393
0.000106137	0.000329043
0.000109154	0.000661095
0.000112171	0.00139555
0.000115188	0.00267207
0.000118205	0.00540602
0.000121222	0.0098879
0.000124239	0.0191338
0.000127256	0.0339033
0.000130273	0.06198
0.00013329	0.106596
0.000136307	0.183869
0.000139324	0.304543
0.000142341	0.499257
0.000145358	0.794549
0.000148375	1.24152
0.000151392	1.89565
0.000154408	2.82974
0.000157425	4.14203
0.000160442	5.91792
0.000163459	8.30296
0.000166476	11.3726
0.000169493	15.3008
0.00017251	20.1222
0.000175527	25.9886
0.000178544	32.8703
0.000181561	40.8253
0.000184578	49.7627
0.000187595	59.5911
0.000190612	70.1996
0.000193629	81.3566
0.000196646	92.9974
0.000199663	104.855
0.00020268	116.969
0.000205697	129.213
0.000208714	141.748
0.000211731	154.751
0.000214748	168.465
0.000217765	183.435
0.000220782	199.9
0.000223799	218.677
0.000226816	239.925
0.000229833	264.503
0.00023285	292.445
0.000235867	324.395
0.000238884	360.263
0.000241901	400.281
0.000244918	444.271
0.000247935	491.968
0.000250952	543.156
0.000253969	597.105
0.000256986	653.616
0.000260003	711.632
0.00026302	771.036
0.000266037	830.713
0.000269054	890.695
0.000272071	950.226
0.000275088	1009.51
0.000278105	1068.62
0.000281122	1127.89
0.000284139	1188.52
0.000287156	1250.85
0.000290173	1317.08
0.00029319	1387.41
0.000296207	1464.37
0.000299224	1547.94
0.000302241	1640.06
0.000305258	1740.49
0.000308275	1849.74
0.000311292	1967.48
0.000314309	2092.5
0.000317326	2224.49
0.000320343	2360.85
0.00032336	2501.41
0.000326377	2642.94
0.000329394	2785.43
0.000332411	2925.98
0.000335428	3064.69
0.000338445	3199.79
0.000341462	3331.47
0.000344479	3459.57
0.000347496	3584.27
0.000350513	3707
0.00035353	3827.85
0.000356547	3949.12
0.000359564	4070.77
0.000362581	4194.66
0.000365598	4320.67
0.000368615	4448.83
0.000371632	4579.01
0.000374649	4708.78
0.000377666	4838.05
0.000380683	4962.47
0.0003837	5082.05
0.000386717	5192.07
0.000389734	5292.61
0.000392751	5380.4
0.000395768	5455.5
0.000398785	5517.13
0.000401802	5565.32
0.000404819	5601.94
0.000407836	5627.04
0.000410853	5638.57
0.00041387	5643.64
0.000416887	5642.78
0.000419904	5631.11
0.000422921	5611.64
0.000425938	5584.54
0.000428955	5547.72
0.000431972	5501.24
0.000434989	5442.74
0.000438006	5372.18
0.000441023	5288.09
0.00044404	5190.35
0.000447057	5079.49
0.000450074	4955.36
0.000453091	4820.73
0.000456108	4675.5
0.000459125	4523.99
0.000462142	4366.2
0.000465159	4206.88
0.000468176	4046.17
0.000471193	3888.17
0.00047421	3733.11
0.000477227	3583.78
0.000480244	3440.46
0.000483261	3304.21
0.000486278	3175.32
0.000489295	3053.07
0.000492312	2937.66
0.000495329	2826.89
0.000498346	2720.8
0.000501363	2616.45
0.00050438	2513.66
0.000507397	2409.79
0.000510414	2304.5
0.000513431	2196.36
0.000516448	2084.99
0.000519465	1970.56
0.000522482	1852.82
0.000525499	1733.29
0.000528516	1611.93
0.000531533	1491.02
0.00053455	1370.71
0.000537567	1253.38
0.000540584	1139.36
0.000543601	1030.64
0.000546618	927.623
0.000549635	831.66
0.000552652	743.13
0.000555669	662.574
0.000558686	590.299
0.000561703	525.965
0.00056472	469.737
0.000567737	420.529
0.000570754	378.306
0.000573771	341.572
0.000576788	310.087
0.000579805	282.374
0.000582822	258.058
0.000585839	236.023
0.000588856	215.878
0.000591873	197.004
0.00059489	179.1
0.000597907	161.981
0.000600924	145.482
0.000603941	129.681
0.000606958	114.537
0.000609975	100.21
0.000612992	86.7398
0.000616009	74.2527
0.000619026	62.8121
0.000622043	52.4649
0.00062506	43.2614
0.000628077	35.1634
0.000631094	28.1897
0.000634111	22.2364
0.000637128	17.2855
0.000640145	13.1973
0.000643162	9.92152
0.000646179	7.31402
0.000649196	5.3042
0.000652213	3.76798
0.00065523	2.62944
0.000658247	1.79742
0.000661264	1.20398
0.000664281	0.791391
0.000667298	0.507518
0.000670315	0.3208
0.000673332	0.196401
0.000676349	0.11949
0.000679366	0.0696077
0.000682383	0.0408365
0.0006854	0.0224938
0.000688417	0.0127957
0.000691434	0.00664477
0.000694451	0.00367237
0.000697468	0.0016409
0.000700485	0.000963744
