0.000100103	6.81374e-19
0.000103622	3.99807e-18
0.000107142	1.39482e-17
0.000110662	7.76418e-17
0.000114182	2.57184e-16
0.000117702	1.30762e-15
0.000121222	4.27142e-15
0.000124742	1.9885e-14
0.000128261	6.39021e-14
0.000131781	2.73097e-13
0.000135301	8.61164e-13
0.000138821	3.388e-12
0.000142341	1.04544e-11
0.000145861	3.79741e-11
0.000149381	1.14335e-10
0.0001529	3.84613e-10
0.00015642	1.12652e-09
0.00015994	3.52064e-09
0.00016346	1.00002e-08
0.00016698	2.91301e-08
0.0001705	7.99873e-08
0.00017402	2.17888e-07
0.000177539	5.76515e-07
0.000181059	1.47343e-06
0.000184579	3.74474e-06
0.000188099	9.00852e-06
0.000191619	2.19235e-05
0.000195139	4.97991e-05
0.000198659	0.000115702
0.000202178	0.000248907
0.000205698	0.000550562
0.000209218	0.00112486
0.000212738	0.00236272
0.000216258	0.00459641
0.000219778	0.00914768
0.000223298	0.0169833
0.000226817	0.0319674
0.000230337	0.0578758
0.000233857	0.101793
0.000237377	0.175788
0.000240897	0.292744
0.000244417	0.480909
0.000247937	0.761046
0.000251456	1.18874
0.000254976	1.79207
0.000258496	2.66345
0.000262016	3.83414
0.000265536	5.43309
0.000269056	7.48902
0.000272576	10.1534
0.000276095	13.4508
0.000279615	17.5383
0.000283135	22.4447
0.000286655	28.3399
0.000290175	35.2719
0.000293695	43.478
0.000297214	53.0326
0.000300734	64.3196
0.000304254	77.4234
0.000307774	92.9017
0.000311294	110.811
0.000314814	131.776
0.000318334	155.791
0.000321853	183.322
0.000325373	214.308
0.000328893	248.854
0.000332413	286.901
0.000335933	328.231
0.000339453	372.852
0.000342973	420.58
0.000346492	471.523
0.000350012	526.037
0.000353532	584.287
0.000357052	647.484
0.000360572	715.756
0.000364092	790.952
0.000367612	873.074
0.000371131	963.8
0.000374651	1062.98
0.000378171	1171.03
0.000381691	1287.71
0.000385211	1411.4
0.000388731	1541.89
0.000392251	1675.63
0.00039577	1812.55
0.00039929	1948.44
0.00040281	2083.39
0.00040633	2214.44
0.00040985	2341.8
0.00041337	2465.41
0.00041689	2585.47
0.000420409	2705.2
0.000423929	2824.69
0.000427449	2948.99
0.000430969	3078.06
0.000434489	3216.01
0.000438009	3362.71
0.000441529	3518.49
0.000445048	3683.28
0.000448568	3852.33
0.000452088	4025.66
0.000455608	4194.67
0.000459128	4359.42
0.000462648	4510.62
0.000466168	4648.29
0.000469687	4765.81
0.000473207	4863.09
0.000476727	4938.8
0.000480247	4993.2
0.000483767	5018.62
0.000487287	5029.67
0.000490807	5028.2
0.000494326	5004.44
0.000497846	4969.06
0.000501366	4922.5
0.000504886	4869.21
0.000508406	4809.2
0.000511926	4747.77
0.000515446	4684.97
0.000518965	4625.88
0.000522485	4570.69
0.000526005	4523.09
0.000529525	4483.46
0.000533045	4452.57
0.000536565	4430.91
0.000540085	4415.39
0.000543604	4406.38
0.000547124	4397.31
0.000550644	4388.24
0.000554164	4371.02
0.000557684	4345.23
0.000561204	4304.07
0.000564724	4246.66
0.000568243	4170.15
0.000571763	4073.57
0.000575283	3959.04
0.000578803	3825.95
0.000582323	3680.24
0.000585843	3522.01
0.000589362	3358.27
0.000592882	3189.76
0.000596402	3021.92
0.000599922	2855.7
0.000603442	2693.81
0.000606962	2536.96
0.000610482	2385.81
0.000614001	2240.64
0.000617521	2101.54
0.000621041	1968.52
0.000624561	1841.91
0.000628081	1721.76
0.000631601	1608.33
0.000635121	1501.84
0.00063864	1401.72
0.00064216	1308.17
0.00064568	1219.57
0.0006492	1135.83
0.00065272	1054.95
0.00065624	976.482
0.00065976	899.113
0.000663279	822.237
0.000666799	745.891
0.000670319	669.681
0.000673839	594.839
0.000677359	521.413
0.000680879	451.111
0.000684399	384.381
0.000687918	322.597
0.000691438	266.365
0.000694958	216.249
0.000698478	172.73
0.000701998	135.541
0.000705518	104.862
0.000709038	79.8868
0.000712557	60.4805
0.000716077	45.6643
0.000719597	35.0953
0.000723117	27.8668
0.000726637	23.1547
0.000730157	21.6683
0.000733677	21.8076
0.000737196	22.1899
0.000740716	23.9698
0.000744236	26.4331
0.000747756	28.8665
0.000751276	31.093
0.000754796	33.0183
0.000758316	33.9014
0.000761835	33.8556
0.000765355	33.7249
0.000768875	32.4685
0.000772395	30.2206
0.000775915	27.5282
0.000779435	24.4566
0.000782955	21.1688
0.000786474	17.8471
0.000789994	14.679
0.000793514	11.7428
0.000797034	9.18916
0.000800554	6.9665
