0.000166815	2.638e-23
0.000172682	2.14843e-22
0.000178548	7.8023e-22
0.000184415	5.92576e-21
0.000190282	2.07691e-20
0.000196148	1.43084e-19
0.000202015	4.97598e-19
0.000207881	3.11572e-18
0.000213748	1.07306e-17
0.000219614	6.11995e-17
0.000225481	2.08295e-16
0.000231347	1.08458e-15
0.000237214	3.63971e-15
0.00024308	1.73464e-14
0.000248947	5.72554e-14
0.000254813	2.50435e-13
0.00026068	8.10887e-13
0.000266547	3.26455e-12
0.000272413	1.03403e-11
0.00027828	3.84325e-11
0.000284146	1.18736e-10
0.000290013	4.08713e-10
0.000295879	1.22785e-09
0.000301746	3.92712e-09
0.000307612	1.14361e-08
0.000313479	3.40996e-08
0.000319345	9.59495e-08
0.000325212	2.67619e-07
0.000331078	7.25276e-07
0.000336945	1.89862e-06
0.000342812	4.94011e-06
0.000348678	1.21776e-05
0.000354545	3.03271e-05
0.000360411	7.06199e-05
0.000366278	0.000167837
0.000372144	0.000370308
0.000378011	0.000837563
0.000383877	0.00175586
0.000389744	0.00377014
0.00039561	0.00752882
0.000401477	0.015313
0.000407343	0.0291939
0.00041321	0.0561446
0.000419077	0.10346
0.000424943	0.186928
0.00043081	0.33193
0.000436676	0.564957
0.000442543	0.953242
0.000448409	1.54116
0.000454276	2.46893
0.000460142	3.79892
0.000466009	5.77732
0.000471875	8.472
0.000477742	12.238
0.000483608	17.1227
0.000489475	23.5245
0.000495342	31.4411
0.000501208	41.1678
0.000507075	52.6429
0.000512941	65.8863
0.000518808	80.8039
0.000524674	97.0672
0.000530541	114.608
0.000536407	132.89
0.000542274	151.923
0.00054814	171.306
0.000554007	191.136
0.000559873	211.503
0.00056574	232.542
0.000571606	254.964
0.000577473	278.872
0.00058334	305.382
0.000589206	334.528
0.000595073	367.41
0.000600939	403.998
0.000606806	445.019
0.000612672	490.41
0.000618539	540.387
0.000624405	594.884
0.000630272	653.629
0.000636138	716.558
0.000642005	782.928
0.000647871	852.673
0.000653738	924.534
0.000659605	998.458
0.000665471	1072.7
0.000671338	1147.25
0.000677204	1220.23
0.000683071	1291.68
0.000688937	1360.25
0.000694804	1426.02
0.00070067	1488.88
0.000706537	1548.92
0.000712403	1607.58
0.00071827	1664.89
0.000724136	1723.51
0.000730003	1783.4
0.00073587	1847.43
0.000741736	1915.55
0.000747603	1989.63
0.000753469	2069.65
0.000759336	2155.66
0.000765202	2247.68
0.000771069	2343.78
0.000776935	2444.01
0.000782802	2545.07
0.000788668	2646.99
0.000794535	2746.04
0.000800401	2842.22
0.000806268	2932.12
0.000812135	3015.74
0.000818001	3090.31
0.000823868	3155.8
0.000829734	3210.08
0.000835601	3253.08
0.000841467	3283.54
0.000847334	3301.62
0.0008532	3303.95
0.000859067	3294.64
0.000864933	3274.52
0.0008708	3240.21
0.000876666	3196.13
0.000882533	3142.44
0.0008884	3082.42
0.000894266	3016.16
0.000900133	2946.9
0.000905999	2874.85
0.000911866	2802.03
0.000917732	2728.71
0.000923599	2655.42
0.000929465	2582.36
0.000935332	2508.95
0.000941198	2435.26
0.000947065	2360.25
0.000952931	2283.86
0.000958798	2205.28
0.000964665	2124.35
0.000970531	2041.08
0.000976398	1955.29
0.000982264	1868.08
0.000988131	1779.36
0.000993997	1691.07
0.000999864	1603.33
0.00100573	1518.12
0.0010116	1435.76
0.00101746	1357.33
0.00102333	1283.22
0.0010292	1213.15
0.00103506	1147.35
0.00104093	1084.51
0.0010468	1024.54
0.00105266	966.02
0.00105853	908.622
0.0010644	851.646
0.00107026	794.733
0.00107613	738.192
0.001082	681.865
0.00108786	626.702
0.00109373	572.823
0.00109959	521.174
0.00110546	472.041
0.00111133	425.901
0.00111719	383.017
0.00112306	343.35
0.00112893	307.007
0.00113479	273.69
0.00114066	243.355
0.00114653	215.721
0.00115239	190.691
0.00115826	168.086
0.00116413	147.841
0.00116999	129.794
0.00117586	113.915
0.00118173	99.9554
0.00118759	87.8657
0.00119346	77.3085
0.00119933	68.1708
0.00120519	60.1214
0.00121106	52.9975
0.00121693	46.5782
0.00122279	40.7076
0.00122866	35.308
0.00123453	30.2834
0.00124039	25.6533
0.00124626	21.3937
0.00125212	17.5444
0.00125799	14.1252
0.00126386	11.1419
0.00126972	8.61608
0.00127559	6.50912
0.00128146	4.81678
0.00128732	3.47616
0.00129319	2.45431
0.00129906	1.68995
0.00130492	1.13527
0.00131079	0.7458
0.00131666	0.475291
0.00132252	0.298201
0.00132839	0.170734
0.00133426	0.107888
