0.000500379	1.34871e-48
0.000507084	1.02837e-46
0.000513789	4.07302e-46
0.000520493	2.66563e-44
0.000527198	1.06045e-43
0.000533903	5.93935e-42
0.000540607	2.38035e-41
0.000547312	1.14137e-39
0.000554017	4.60656e-39
0.000560721	1.89197e-37
0.000567426	7.686e-37
0.000574131	2.70554e-35
0.000580835	1.10565e-34
0.00058754	3.33819e-33
0.000594244	1.37132e-32
0.000600949	3.55437e-31
0.000607654	1.46647e-30
0.000614358	3.26664e-29
0.000621063	1.35217e-28
0.000627768	2.59196e-27
0.000634472	1.07506e-26
0.000641177	1.77611e-25
0.000647882	7.37041e-25
0.000654586	1.05139e-23
0.000661291	4.35749e-23
0.000667995	5.37864e-22
0.0006747	2.22175e-21
0.000681405	2.37892e-20
0.000688109	9.7703e-20
0.000694814	9.10109e-19
0.000701519	3.70613e-18
0.000708223	3.0133e-17
0.000714928	1.21281e-16
0.000721633	8.63931e-16
0.000728337	3.42448e-15
0.000735042	2.14626e-14
0.000741746	8.34496e-14
0.000748451	4.62323e-13
0.000755156	1.75548e-12
0.00076186	8.64142e-12
0.000768565	3.18898e-11
0.00077527	1.40258e-10
0.000781974	5.00471e-10
0.000788679	1.9784e-09
0.000795384	6.78895e-09
0.000802088	2.42713e-08
0.000808793	7.96543e-08
0.000815497	2.59195e-07
0.000822202	8.09013e-07
0.000828907	2.41151e-06
0.000835611	7.12007e-06
0.000842316	1.95651e-05
0.000849021	5.43678e-05
0.000855725	0.000138562
0.00086243	0.000360742
0.000869135	0.00085758
0.000875839	0.00208382
0.000882544	0.00464461
0.000889249	0.0105024
0.000895953	0.022047
0.000902658	0.046303
0.000909362	0.0918919
0.000916067	0.179095
0.000922772	0.340944
0.000929476	0.615469
0.000936181	1.11338
0.000942886	1.87889
0.00094959	3.1744
0.000956295	5.05877
0.000963	8.00474
0.000969704	12.0711
0.000976409	17.9411
0.000983113	25.6455
0.000989818	35.9319
0.000996523	48.7834
0.00100323	64.7333
0.00100993	83.7304
0.00101664	105.876
0.00102334	131.132
0.00103005	159.284
0.00103675	190.348
0.00104346	224.249
0.00105016	261.032
0.00105686	301.088
0.00106357	344.42
0.00107027	391.507
0.00107698	442.288
0.00108368	496.471
0.00109039	553.987
0.00109709	613.472
0.0011038	674.922
0.0011105	736.802
0.00111721	799.163
0.00112391	861.542
0.00113062	923.978
0.00113732	987.162
0.00114402	1051.09
0.00115073	1116.35
0.00115743	1182.94
0.00116414	1250.33
0.00117084	1318.51
0.00117755	1386.35
0.00118425	1453.86
0.00119096	1520.84
0.00119766	1587.24
0.00120437	1654.82
0.00121107	1723.51
0.00121778	1796.72
0.00122448	1874.4
0.00123119	1960.31
0.00123789	2054.52
0.00124459	2159.19
0.0012513	2274.56
0.001258	2398.97
0.00126471	2532.79
0.00127141	2669.26
0.00127812	2808.67
0.00128482	2940.55
0.00129153	3064.78
0.00129823	3171.43
0.00130494	3259.91
0.00131164	3326.69
0.00131835	3373.02
0.00132505	3382.59
0.00133175	3380.53
0.00133846	3373.33
0.00134516	3340.47
0.00135187	3298.62
0.00135857	3250.43
0.00136528	3197.11
0.00137198	3139.21
0.00137869	3076.72
0.00138539	3009.75
0.0013921	2937.85
0.0013988	2860.85
0.00140551	2779.52
0.00141221	2693.73
0.00141891	2605.21
0.00142562	2514.07
0.00143232	2421.79
0.00143903	2328.65
0.00144573	2235.02
0.00145244	2141.18
0.00145914	2046.3
0.00146585	1950.45
0.00147255	1852.21
0.00147926	1751.34
0.00148596	1646.98
0.00149267	1538.65
0.00149937	1427.29
0.00150608	1312.49
0.00151278	1197.4
0.00151948	1082.09
0.00152619	970.827
0.00153289	864.356
0.0015396	766.095
0.0015463	677.188
0.00155301	598.63
0.00155971	531.346
0.00156642	473.804
0.00157312	426.215
0.00157983	385.764
0.00158653	351.927
0.00159324	322.156
0.00159994	295.584
0.00160664	270.788
0.00161335	247.022
0.00162005	223.97
0.00162676	201.242
0.00163346	179.162
0.00164017	157.687
0.00164687	137.291
0.00165358	118.131
0.00166028	100.513
0.00166699	84.6276
0.00167369	70.5256
0.0016804	58.3116
0.0016871	47.873
0.00169381	39.211
0.00170051	32.1725
0.00170721	26.712
0.00171392	22.654
0.00172062	19.7763
0.00172733	18.4074
0.00173403	17.9742
0.00174074	17.8466
0.00174744	18.3935
0.00175415	19.1435
0.00176085	19.7386
0.00176756	20.0324
0.00177426	19.7664
0.00178097	19.017
0.00178767	17.6592
0.00179437	15.8702
0.00180108	13.7573
0.00180778	11.5103
0.00181449	9.30004
0.00182119	7.22458
0.0018279	5.44975
0.0018346	3.91879
