0.000100103	0.00180359
0.00010312	0.00297856
0.000106137	0.00650346
0.000109154	0.0115248
0.000112171	0.0214389
0.000115188	0.0369871
0.000118205	0.0646758
0.000121222	0.107618
0.000124239	0.178488
0.000127256	0.285619
0.000130273	0.450664
0.00013329	0.692082
0.000136307	1.04134
0.000139324	1.53257
0.000142341	2.20311
0.000145358	3.10508
0.000148375	4.27109
0.000151392	5.76428
0.000154408	7.59734
0.000157425	9.82394
0.000160442	12.4247
0.000163459	15.4136
0.000166476	18.7401
0.000169493	22.3543
0.00017251	26.1942
0.000175527	30.1486
0.000178544	34.1765
0.000181561	38.1482
0.000184578	42.0736
0.000187595	45.8757
0.000190612	49.6286
0.000193629	53.3795
0.000196646	57.2586
0.000199663	61.4803
0.00020268	66.2092
0.000205697	71.829
0.000208714	78.5102
0.000211731	86.7715
0.000214748	96.7554
0.000217765	109.042
0.000220782	123.709
0.000223799	141.28
0.000226816	161.736
0.000229833	185.389
0.00023285	212.135
0.000235867	241.945
0.000238884	274.679
0.000241901	309.974
0.000244918	347.739
0.000247935	387.47
0.000250952	429.195
0.000253969	472.601
0.000256986	517.843
0.000260003	565.102
0.00026302	614.59
0.000266037	667.056
0.000269054	722.671
0.000272071	782.526
0.000275088	846.681
0.000278105	916.154
0.000281122	990.887
0.000284139	1071.44
0.000287156	1157.66
0.000290173	1249.47
0.00029319	1346.68
0.000296207	1448.56
0.000299224	1554.94
0.000302241	1664.55
0.000305258	1777.29
0.000308275	1891.59
0.000311292	2007.4
0.000314309	2123.17
0.000317326	2238.95
0.000320343	2353.67
0.00032336	2467.48
0.000326377	2580.39
0.000329394	2692.62
0.000332411	2805.71
0.000335428	2919.89
0.000338445	3038.25
0.000341462	3160.9
0.000344479	3291.76
0.000347496	3430.77
0.000350513	3581.19
0.00035353	3742.78
0.000356547	3916.38
0.000359564	4101.67
0.000362581	4295.73
0.000365598	4498.31
0.000368615	4702.65
0.000371632	4908.64
0.000374649	5107.1
0.000377666	5298.06
0.000380683	5472.31
0.0003837	5630
0.000386717	5764.28
0.000389734	5875.31
0.000392751	5961.65
0.000395768	6023.16
0.000398785	6047.34
0.000401802	6056.96
0.000404819	6052.79
0.000407836	6018.34
0.000410853	5970.24
0.00041387	5908.58
0.000416887	5838.56
0.000419904	5760.16
0.000422921	5678.34
0.000425938	5593.17
0.000428955	5507.15
0.000431972	5420.44
0.000434989	5332.72
0.000438006	5244.12
0.000441023	5152.09
0.00044404	5056.68
0.000447057	4954.55
0.000450074	4845.61
0.000453091	4727.42
0.000456108	4599.77
0.000459125	4462.29
0.000462142	4314.75
0.000465159	4159.05
0.000468176	3995.01
0.000471193	3826.16
0.00047421	3652.48
0.000477227	3478.11
0.000480244	3303.17
0.000483261	3131.49
0.000486278	2963.31
0.000489295	2801.49
0.000492312	2646.34
0.000495329	2499.33
0.000498346	2360.77
0.000501363	2230.66
0.00050438	2109.22
0.000507397	1995.29
0.000510414	1888.91
0.000513431	1788.41
0.000516448	1693.68
0.000519465	1603.25
0.000522482	1516.92
0.000525499	1433.89
0.000528516	1353.96
0.000531533	1277
0.00053455	1202.91
0.000537567	1131.89
0.000540584	1063.96
0.000543601	999.367
0.000546618	938.159
0.000549635	880.465
0.000552652	826.341
0.000555669	775.745
0.000558686	728.722
0.000561703	685.042
0.00056472	644.73
0.000567737	607.339
0.000570754	572.855
0.000573771	540.613
0.000576788	510.533
0.000579805	481.847
0.000582822	454.388
0.000585839	427.498
0.000588856	400.952
0.000591873	374.412
0.00059489	347.67
0.000597907	320.799
0.000600924	293.691
0.000603941	266.745
0.000606958	239.999
0.000609975	213.972
0.000612992	188.821
0.000616009	164.975
0.000619026	142.636
0.000622043	122.024
0.00062506	103.304
0.000628077	86.4847
0.000631094	71.6461
0.000634111	58.649
0.000637128	47.4883
0.000640145	37.955
0.000643162	29.9811
0.000646179	23.345
0.000649196	17.9443
0.000652213	13.5758
0.00065523	10.1245
0.000658247	7.42122
0.000661264	5.3533
0.000664281	3.79212
0.000667298	2.63774
0.000670315	1.80221
0.000673332	1.20517
0.000676349	0.793292
0.000679366	0.50846
0.000682383	0.322359
0.0006854	0.197404
0.000688417	0.120627
0.000691434	0.0703268
0.000694451	0.0414908
0.000697468	0.0209075
0.000700485	0.0131014
