0.000166815	8.78034e-53
0.00017352	1.04875e-50
0.000180225	4.16867e-50
0.000186929	4.22536e-48
0.000193634	1.69032e-47
0.000200339	1.45116e-45
0.000207043	5.85377e-45
0.000213748	4.25763e-43
0.000220453	1.73142e-42
0.000227157	1.06725e-40
0.000233862	4.37397e-40
0.000240566	2.28589e-38
0.000247271	9.4377e-38
0.000253976	4.184e-36
0.00026068	1.73933e-35
0.000267385	6.54542e-34
0.00027409	2.738e-33
0.000280794	8.75327e-32
0.000287499	3.68154e-31
0.000294204	1.00087e-29
0.000300908	4.22848e-29
0.000307613	9.78731e-28
0.000314317	4.14867e-27
0.000321022	8.18738e-26
0.000327727	3.47712e-25
0.000334431	5.86086e-24
0.000341136	2.48961e-23
0.000347841	3.59144e-22
0.000354545	1.52287e-21
0.00036125	1.88472e-20
0.000367955	7.95864e-20
0.000374659	8.47409e-19
0.000381364	3.55371e-18
0.000388068	3.26612e-17
0.000394773	1.35588e-16
0.000401478	1.07971e-15
0.000408182	4.4207e-15
0.000414887	3.06318e-14
0.000421592	1.23178e-13
0.000428296	7.46287e-13
0.000435001	2.93357e-12
0.000441706	1.56236e-11
0.00044841	5.97222e-11
0.000455115	2.81239e-10
0.000461819	1.0395e-09
0.000468524	4.35559e-09
0.000475229	1.54718e-08
0.000481933	5.80671e-08
0.000488638	1.96964e-07
0.000495343	6.66691e-07
0.000502047	2.14529e-06
0.000508752	6.59452e-06
0.000515457	1.9998e-05
0.000522161	5.62095e-05
0.000528866	0.000159613
0.000535571	0.000412912
0.000542275	0.00109133
0.00054898	0.00261417
0.000555684	0.00639632
0.000562389	0.0142634
0.000569094	0.0321615
0.000575798	0.0670661
0.000582503	0.138873
0.000589208	0.272334
0.000595912	0.516487
0.000602617	0.973691
0.000609322	1.68826
0.000616026	2.92297
0.000622731	4.72714
0.000629435	7.54266
0.00063614	11.3998
0.000642845	16.8292
0.000649549	23.8133
0.000656254	32.7107
0.000662959	43.4601
0.000669663	55.9808
0.000676368	70.2219
0.000683073	85.7258
0.000689777	102.516
0.000696482	120.314
0.000703186	139.221
0.000709891	159.825
0.000716596	182.235
0.0007233	208.04
0.000730005	237.265
0.00073671	271.725
0.000743414	311.341
0.000750119	356.914
0.000756824	408.324
0.000763528	464.627
0.000770233	525.757
0.000776937	589.541
0.000783642	656
0.000790347	723.239
0.000797051	791.324
0.000803756	859.952
0.000810461	929.162
0.000817165	1000.28
0.00082387	1073.31
0.000830575	1150.05
0.000837279	1230.48
0.000843984	1315.52
0.000850689	1405.19
0.000857393	1498.8
0.000864098	1596.4
0.000870802	1695.89
0.000877507	1797.31
0.000884212	1898.25
0.000890916	1998.67
0.000897621	2097.37
0.000904326	2194.28
0.00091103	2290.11
0.000917735	2384.83
0.00092444	2479.88
0.000931144	2575.35
0.000937849	2671.17
0.000944553	2767.55
0.000951258	2861.82
0.000957963	2954.09
0.000964667	3040.25
0.000971372	3120.21
0.000978077	3190.23
0.000984781	3250.12
0.000991486	3297.99
0.000998191	3334.77
0.0010049	3349.42
0.0010116	3354.42
0.0010183	3353.13
0.00102501	3330.09
0.00103171	3294.59
0.00103842	3248.19
0.00104512	3193.25
0.00105183	3129.96
0.00105853	3061.52
0.00106524	2988.51
0.00107194	2911.33
0.00107865	2830.49
0.00108535	2743.63
0.00109206	2650.64
0.00109876	2549.34
0.00110546	2439
0.00111217	2320.83
0.00111887	2194.2
0.00112558	2064.02
0.00113228	1930.48
0.00113899	1799.22
0.00114569	1671.27
0.0011524	1549.64
0.0011591	1435.49
0.00116581	1328.34
0.00117251	1228.71
0.00117922	1134.3
0.00118592	1044.82
0.00119263	958.403
0.00119933	874.394
0.00120603	792.588
0.00121274	712.524
0.00121944	635.456
0.00122615	561.419
0.00123285	492.008
0.00123956	427.67
0.00124626	369.237
0.00125297	317.211
0.00125967	271.282
0.00126638	231.657
0.00127308	197.327
0.00127979	168.123
0.00128649	143.033
0.00129319	121.711
0.0012999	103.482
0.0013066	88.0558
0.00131331	74.9714
0.00132001	64.045
0.00132672	54.8198
0.00133342	47.1213
0.00134013	40.5162
0.00134683	34.7843
0.00135354	29.6782
0.00136024	25.0021
0.00136695	20.7389
0.00137365	16.8068
0.00138035	13.2856
0.00138706	10.1991
0.00139376	7.57357
0.00140047	5.45222
0.00140717	3.77179
0.00141388	2.52877
0.00142058	1.62433
0.00142729	1.00797
0.00143399	0.601659
0.0014407	0.343032
0.0014474	0.191173
0.00145411	0.0978074
0.00146081	0.0521984
0.00146752	0.0246866
0.00147422	0.012195
0.00148092	0.00538352
0.00148763	0.0024354
0.00149433	0.000920546
0.00150104	0.000415594
