0.000500379	2.36755e-190
0.000510437	4.29616e-184
0.000520494	1.71846e-183
0.000530551	2.31089e-177
0.000540608	9.33812e-177
0.000550665	9.30442e-171
0.000560722	3.7989e-170
0.000570779	2.8042e-164
0.000580836	1.157e-163
0.000590893	6.32607e-158
0.00060095	2.63809e-157
0.000611007	1.06823e-151
0.000621064	4.50321e-151
0.000631121	1.3502e-145
0.000641178	5.75483e-145
0.000651235	1.27741e-139
0.000661292	5.5058e-139
0.000671349	9.04617e-134
0.000681406	3.94354e-133
0.000691463	4.79506e-128
0.00070152	2.1146e-127
0.000711577	1.90247e-122
0.000721634	8.48882e-122
0.000731691	5.64979e-117
0.000741748	2.55119e-116
0.000751806	1.25585e-111
0.000761863	5.74003e-111
0.00077192	2.08944e-106
0.000781977	9.66856e-106
0.000792034	2.602e-101
0.000802091	1.21923e-100
0.000812148	2.42531e-96
0.000822205	1.15102e-95
0.000832262	1.69203e-91
0.000842319	8.135e-91
0.000852376	8.83544e-87
0.000862433	4.30434e-86
0.00087249	3.45323e-82
0.000882547	1.70502e-81
0.000892604	1.01018e-77
0.000902661	5.05624e-77
0.000912718	2.21181e-73
0.000922775	1.12254e-72
0.000932832	3.62471e-69
0.000942889	1.86572e-68
0.000952946	4.44607e-65
0.000963003	2.3215e-64
0.00097306	4.08189e-61
0.000983117	2.16254e-60
0.000993175	2.80501e-57
0.00100323	1.50811e-56
0.00101329	1.4428e-53
0.00102335	7.87368e-53
0.0010334	5.55507e-50
0.00104346	3.0775e-49
0.00105352	1.60107e-46
0.00106357	9.00521e-46
0.00107363	3.45461e-43
0.00108369	1.97273e-42
0.00109374	5.58087e-40
0.0011038	3.23536e-39
0.00111386	6.75126e-37
0.00112392	3.97248e-36
0.00113397	6.117e-34
0.00114403	3.65165e-33
0.00115409	4.1523e-31
0.00116414	2.51311e-30
0.0011742	2.11256e-28
0.00118426	1.2949e-27
0.00119432	8.06006e-26
0.00120437	4.99555e-25
0.00121443	2.3078e-23
0.00122449	1.443e-22
0.00123454	4.96386e-21
0.0012446	3.12113e-20
0.00125466	8.03106e-19
0.00126471	5.05543e-18
0.00127477	9.79029e-17
0.00128483	6.13277e-16
0.00129489	9.01192e-15
0.00130494	5.57289e-14
0.001315	6.28013e-13
0.00132506	3.79429e-12
0.00133511	3.32324e-11
0.00134517	1.9362e-10
0.00135523	1.33974e-09
0.00136529	7.40862e-09
0.00137534	4.12816e-08
0.0013854	2.12703e-07
0.00139546	9.75002e-07
0.00140551	4.58624e-06
0.00141557	1.76864e-05
0.00142563	7.43615e-05
0.00143568	0.000246632
0.00144574	0.000908336
0.0014558	0.00264323
0.00146586	0.00838113
0.00147591	0.0217506
0.00148597	0.05864
0.00149603	0.137304
0.00150608	0.312907
0.00151614	0.673258
0.0015262	1.3093
0.00153625	2.53613
0.00154631	4.34838
0.00155637	7.22507
0.00156643	11.1669
0.00157648	16.5164
0.00158654	23.2785
0.0015966	31.6227
0.00160665	41.5486
0.00161671	53.2477
0.00162677	66.7289
0.00163683	82.0456
0.00164688	99.2331
0.00165694	117.804
0.001667	137.776
0.00167705	158.406
0.00168711	179.62
0.00169717	201.457
0.00170722	223.706
0.00171728	248.57
0.00172734	275.748
0.0017374	310.594
0.00174745	353.052
0.00175751	409.786
0.00176757	481.386
0.00177762	570.759
0.00178768	678.86
0.00179774	801.882
0.00180779	940.124
0.00181785	1087.22
0.00182791	1242.31
0.00183797	1403.78
0.00184802	1570.86
0.00185808	1746.22
0.00186814	1930.91
0.00187819	2121.15
0.00188825	2318.82
0.00189831	2507.42
0.00190837	2686.31
0.00191842	2837.56
0.00192848	2957.17
0.00193854	3042.9
0.00194859	3094.81
0.00195865	3106.88
0.00196871	3100.93
0.00197876	3086.56
0.00198882	3052.65
0.00199888	3005.5
0.00200894	2948.25
0.00201899	2878.43
0.00202905	2795.15
0.00203911	2701.56
0.00204916	2597.3
0.00205922	2488.61
0.00206928	2376.67
0.00207933	2266.01
0.00208939	2158.24
0.00209945	2054.82
0.00210951	1956.83
0.00211956	1863.5
0.00212962	1775.59
0.00213968	1689.31
0.00214973	1604.42
0.00215979	1515.57
0.00216985	1420.67
0.00217991	1318.03
0.00218996	1205.32
0.00220002	1086.74
0.00221008	962.168
0.00222013	838.2
0.00223019	716.905
0.00224025	603.38
0.0022503	500.238
0.00226036	409.854
0.00227042	334.425
0.00228048	273.119
0.00229053	227.071
0.00230059	192.357
0.00231065	168.129
0.0023207	149.775
0.00233076	134.712
0.00234082	120.746
0.00235088	105.469
0.00236093	89.6705
0.00237099	72.7496
0.00238105	56.395
0.0023911	41.5065
0.00240116	28.7026
0.00241122	18.8927
0.00242127	11.5326
0.00243133	6.68581
0.00244139	3.60359
0.00245145	1.75347
0.0024615	0.870537
0.00247156	0.37281
0.00248162	0.160691
0.00249167	0.0570686
0.00250173	0.0225278
