0.000500379	1.34411e-59
0.000510437	1.80496e-56
0.000520494	7.21579e-56
0.000530551	7.28508e-53
0.000540608	2.94088e-52
0.000550665	2.23172e-49
0.000560722	9.09949e-49
0.000570779	5.19009e-46
0.000580836	2.13749e-45
0.000590893	9.16343e-43
0.00060095	3.81185e-42
0.000611007	1.22833e-39
0.000621064	5.16079e-39
0.000631121	1.25019e-36
0.000641178	5.3045e-36
0.000651235	9.66248e-34
0.000661292	4.13926e-33
0.000671349	5.67174e-31
0.000681406	2.45218e-30
0.000691463	2.52896e-28
0.00070152	1.1029e-27
0.000711577	8.56805e-26
0.000721634	3.76599e-25
0.000731691	2.20642e-23
0.000741748	9.7631e-23
0.000751806	4.32081e-21
0.000761863	1.92163e-20
0.00077192	6.4385e-19
0.000781977	2.87168e-18
0.000792034	7.30636e-17
0.000802091	3.25842e-16
0.000812148	6.32082e-15
0.000822205	2.80739e-14
0.000832262	4.17431e-13
0.000842319	1.83678e-12
0.000852376	2.10794e-11
0.000862433	9.12675e-11
0.00087249	8.15572e-10
0.000882547	3.44462e-09
0.000892604	2.42327e-08
0.000902661	9.87679e-08
0.000912718	5.54334e-07
0.000922775	2.15208e-06
0.000932832	9.7875e-06
0.000942889	3.5647e-05
0.000952946	0.000133688
0.000963003	0.000449077
0.00097306	0.00141502
0.000983117	0.00430559
0.000993175	0.0116148
0.00100323	0.031443
0.00101329	0.0739063
0.00102335	0.175091
0.0010334	0.367636
0.00104346	0.748809
0.00105352	1.45487
0.00106357	2.51663
0.00107363	4.17421
0.00108369	6.36165
0.00109374	9.075
0.0011038	12.162
0.00111386	15.1195
0.00112392	17.742
0.00113397	18.8387
0.00114403	19.2897
0.00115409	18.6953
0.00116414	16.3999
0.0011742	13.6877
0.00118426	10.5179
0.00119432	7.69766
0.00120437	5.16691
0.00121443	3.27058
0.00122449	1.93946
0.00123454	1.03581
0.0012446	0.545567
0.00125466	0.25147
0.00126471	0.114603
0.00127477	0.048966
0.00128483	0.0187187
0.00129489	0.00732675
0.00130494	0.00235114
0.001315	0.000840665
0.00132506	0.000227842
0.00133511	7.34254e-05
0.00134517	1.61893e-05
0.00135523	7.19722e-06
0.00136529	5.13665e-06
0.00137534	1.01657e-05
0.0013854	4.50498e-05
0.00139546	0.000150557
0.00140551	0.000549472
0.00141557	0.00161097
0.00142563	0.00511771
0.00143568	0.0133978
0.00144574	0.0366244
0.0014558	0.0866315
0.00146586	0.202397
0.00147591	0.436987
0.00148597	0.873327
0.00149603	1.75548
0.00150608	3.08206
0.00151614	5.29335
0.0015262	8.38753
0.00153625	12.6701
0.00154631	18.1487
0.00155637	24.6248
0.00156643	32.1138
0.00157648	39.9217
0.00158654	48.0468
0.0015966	55.9206
0.00160665	63.5011
0.00161671	71.1253
0.00162677	78.737
0.00163683	87.6331
0.00164688	97.8102
0.00165694	110.585
0.001667	126.014
0.00167705	144.676
0.00168711	166.597
0.00169717	192.094
0.00170722	221.104
0.00171728	254.649
0.00172734	292.596
0.0017374	337.346
0.00174745	388.752
0.00175751	450.912
0.00176757	523.934
0.00177762	611.859
0.00178768	715.458
0.00179774	833.628
0.00180779	967.462
0.00181785	1107.69
0.00182791	1254.3
0.00183797	1396.28
0.00184802	1531.91
0.00185808	1658.75
0.00186814	1775.25
0.00187819	1887.12
0.00188825	1994.76
0.00189831	2102
0.00190837	2209.9
0.00191842	2317.64
0.00192848	2425.1
0.00193854	2532.82
0.00194859	2640.78
0.00195865	2749.94
0.00196871	2861.82
0.00197876	2969.55
0.00198882	3073.94
0.00199888	3162.29
0.00200894	3238.78
0.00201899	3263.41
0.00202905	3262.83
0.00203911	3258.82
0.00204916	3197.94
0.00205922	3096.92
0.00206928	2966.96
0.00207933	2809.64
0.00208939	2623.97
0.00209945	2426.58
0.00210951	2220.21
0.00211956	2020.93
0.00212962	1835
0.00213968	1666.26
0.00214973	1519.17
0.00215979	1387.21
0.00216985	1269.96
0.00217991	1160.67
0.00218996	1056.59
0.00220002	955.545
0.00221008	855.591
0.00222013	757.718
0.00223019	661.327
0.00224025	569.005
0.0022503	481.254
0.00226036	400.947
0.00227042	329.644
0.00228048	268.063
0.00229053	217.619
0.00230059	176.126
0.00231065	143.342
0.0023207	116.557
0.00233076	94.2574
0.00234082	75.3601
0.00235088	58.6833
0.00236093	44.3919
0.00237099	32.2606
0.00238105	22.3686
0.0023911	14.8388
0.00240116	9.2607
0.00241122	5.50894
0.00242127	3.07652
0.00243133	1.58328
0.00244139	0.810981
0.00245145	0.364033
0.0024615	0.167596
0.00247156	0.0679176
0.00248162	0.0268801
0.00249167	0.00921446
0.00250173	0.00332591
