3.33898e-05	520.225
3.48982e-05	533.496
3.64066e-05	547.28
3.7915e-05	561.34
3.94234e-05	576.37
4.09318e-05	592.828
4.24402e-05	611.293
4.39487e-05	632.38
4.54571e-05	656.67
4.69655e-05	684.891
4.84739e-05	717.571
4.99823e-05	755.487
5.14907e-05	799.076
5.29991e-05	849.091
5.45076e-05	905.862
5.6016e-05	970.06
5.75244e-05	1041.91
5.90328e-05	1121.95
6.05412e-05	1210.32
6.20496e-05	1307.43
6.3558e-05	1413.29
6.50665e-05	1528.17
6.65749e-05	1651.96
6.80833e-05	1784.74
6.95917e-05	1926.25
7.11001e-05	2076.26
7.26085e-05	2234.31
7.41169e-05	2399.78
7.56253e-05	2571.98
7.71338e-05	2749.72
7.86422e-05	2932.16
8.01506e-05	3117.46
8.1659e-05	3304.72
8.31674e-05	3491.54
8.46758e-05	3677.12
8.61842e-05	3858.74
8.76927e-05	4035.87
8.92011e-05	4205.95
9.07095e-05	4368.81
9.22179e-05	4522.57
9.37263e-05	4667.46
9.52347e-05	4802.74
9.67431e-05	4928.95
9.82516e-05	5046.72
9.976e-05	5156.72
0.000101268	5260.83
0.000102777	5359.69
0.000104285	5455.98
0.000105794	5550.15
0.000107302	5645.06
0.00010881	5740.91
0.000110319	5840.13
0.000111827	5942.72
0.000113336	6050.28
0.000114844	6162.69
0.000116353	6280.67
0.000117861	6404.09
0.000119369	6532.98
0.000120878	6667.24
0.000122386	6806.55
0.000123895	6950.83
0.000125403	7099.62
0.000126911	7252.81
0.00012842	7409.75
0.000129928	7570.24
0.000131437	7733.13
0.000132945	7898.12
0.000134453	8063.11
0.000135962	8227.73
0.00013747	8388.64
0.000138979	8545.46
0.000140487	8693.62
0.000141996	8832.84
0.000143504	8957.82
0.000145012	9068.46
0.000146521	9159.62
0.000148029	9231.37
0.000149538	9280.15
0.000151046	9305.78
0.000152554	9304.2
0.000154063	9280.14
0.000155571	9232.94
0.00015708	9160.02
0.000158588	9066.43
0.000160097	8952.13
0.000161605	8821.35
0.000163113	8674.14
0.000164622	8515.32
0.00016613	8344.88
0.000167639	8167.13
0.000169147	7981.99
0.000170655	7792.64
0.000172164	7599.01
0.000173672	7403.01
0.000175181	7204.6
0.000176689	7004.77
0.000178197	6803.52
0.000179706	6601.52
0.000181214	6398.78
0.000182723	6196.25
0.000184231	5993.91
0.00018574	5793.26
0.000187248	5594.29
0.000188756	5398.95
0.000190265	5207.22
0.000191773	5021.09
0.000193282	4840.57
0.00019479	4667.15
0.000196298	4500.87
0.000197807	4342.29
0.000199315	4191.48
0.000200824	4047.98
0.000202332	3911.86
0.000203841	3781.89
0.000205349	3658.07
0.000206857	3538.87
0.000208366	3424.28
0.000209874	3312.94
0.000211383	3204.79
0.000212891	3099.08
0.000214399	2995.72
0.000215908	2894.61
0.000217416	2795.68
0.000218925	2699.32
0.000220433	2605.49
0.000221941	2514.71
0.00022345	2427
0.000224958	2342.63
0.000226467	2261.67
0.000227975	2183.89
0.000229484	2109.37
0.000230992	2037.39
0.0002325	1967.97
0.000234009	1900.04
0.000235517	1833.56
0.000237026	1767.37
0.000238534	1701.39
0.000240042	1634.67
0.000241551	1567.07
0.000243059	1498.11
0.000244568	1427.64
0.000246076	1355.71
0.000247585	1282.23
0.000249093	1207.76
0.000250601	1132.27
0.00025211	1056.68
0.000253618	981.042
0.000255127	906.423
0.000256635	832.949
0.000258143	761.614
0.000259652	692.595
0.00026116	626.653
0.000262669	563.973
0.000264177	505.003
0.000265685	449.9
0.000267194	398.797
0.000268702	351.795
0.000270211	308.769
0.000271719	269.755
0.000273228	234.459
0.000274736	202.856
0.000276244	174.566
0.000277753	149.522
0.000279261	127.329
0.00028077	107.889
0.000282278	90.834
0.000283786	76.0564
0.000285295	63.2298
0.000286803	52.247
0.000288312	42.8281
0.00028982	34.8715
0.000291329	28.1414
0.000292837	22.5436
0.000294345	17.8829
0.000295854	14.0737
0.000297362	10.9584
0.000298871	8.46072
0.000300379	6.45852
0.000301887	4.88583
0.000303396	3.65262
0.000304904	2.70434
0.000306413	1.97844
0.000307921	1.43213
0.000309429	1.02468
0.000310938	0.724494
0.000312446	0.506798
0.000313955	0.349676
0.000315463	0.239112
0.000316972	0.16085
0.00031848	0.107528
0.000319988	0.0704563
0.000321497	0.0460575
0.000323005	0.0293662
0.000324514	0.0187807
0.000326022	0.0116396
0.00032753	0.00728744
0.000329039	0.00438492
0.000330547	0.00268998
0.000332056	0.00145814
0.000333564	0.000944357
