3.33898e-05	2.23254e-28
3.59039e-05	3.48446e-27
3.8418e-05	1.32681e-26
4.09322e-05	1.85146e-25
4.34463e-05	6.93903e-25
4.59604e-05	8.53397e-24
4.84746e-05	3.19355e-23
5.09887e-05	3.46722e-22
5.35028e-05	1.29342e-21
5.6017e-05	1.24197e-20
5.85311e-05	4.61005e-20
6.10452e-05	3.92333e-19
6.35594e-05	1.44604e-18
6.60735e-05	1.09331e-17
6.85877e-05	3.99185e-17
7.11018e-05	2.6885e-16
7.36159e-05	9.69846e-16
7.61301e-05	5.83579e-15
7.86442e-05	2.07387e-14
8.11583e-05	1.11856e-13
8.36725e-05	3.90331e-13
8.61866e-05	1.89386e-12
8.87007e-05	6.46668e-12
9.12149e-05	2.83341e-11
9.3729e-05	9.43101e-11
9.62431e-05	3.74709e-10
9.87573e-05	1.21088e-09
0.000101271	4.38169e-09
0.000103786	1.36886e-08
0.0001063	4.53188e-08
0.000108814	1.36266e-07
0.000111328	4.14682e-07
0.000113842	1.1947e-06
0.000116356	3.35771e-06
0.00011887	9.22704e-06
0.000121384	2.40624e-05
0.000123899	6.27932e-05
0.000126413	0.000152636
0.000128927	0.00037666
0.000131441	0.000857114
0.000133955	0.00199229
0.000136469	0.00426115
0.000138983	0.0092972
0.000141498	0.0187573
0.000144012	0.0383038
0.000146526	0.0731229
0.00014904	0.139445
0.000151554	0.25794
0.000154068	0.454691
0.000156582	0.792725
0.000159096	1.31151
0.000161611	2.14632
0.000164125	3.34819
0.000166639	5.14628
0.000169153	7.58679
0.000171667	10.9713
0.000174181	15.3156
0.000176695	20.898
0.00017921	27.6865
0.000181724	35.7886
0.000184238	45.1366
0.000186752	55.565
0.000189266	67.0147
0.00019178	79.1101
0.000194294	91.8537
0.000196809	104.926
0.000199323	118.419
0.000201837	132.442
0.000204351	147.161
0.000206865	163.412
0.000209379	181.385
0.000211893	202.7
0.000214407	227.504
0.000216922	257.943
0.000219436	294.076
0.00022195	338.06
0.000224464	389.869
0.000226978	451.161
0.000229492	521.877
0.000232006	602.999
0.000234521	694.495
0.000237035	796.95
0.000239549	910.368
0.000242063	1035.33
0.000244577	1171.83
0.000247091	1320.35
0.000249605	1480.84
0.000252119	1653
0.000254634	1836.74
0.000257148	2030.36
0.000259662	2233.84
0.000262176	2444.59
0.00026469	2662.68
0.000267204	2886.42
0.000269718	3115.89
0.000272233	3351.92
0.000274747	3594.54
0.000277261	3846.7
0.000279775	4108.34
0.000282289	4381.43
0.000284803	4665.94
0.000287317	4958.75
0.000289831	5259.92
0.000292346	5559.28
0.00029486	5856.97
0.000297374	6138.34
0.000299888	6403.42
0.000302402	6639.51
0.000304916	6846.37
0.00030743	7019.58
0.000309945	7158.68
0.000312459	7269.27
0.000314973	7350.97
0.000317487	7415.47
0.000320001	7462.79
0.000322515	7504.09
0.000325029	7539.83
0.000327544	7575.72
0.000330058	7612.4
0.000332572	7648.97
0.000335086	7685.9
0.0003376	7718.19
0.000340114	7747.15
0.000342628	7753.91
0.000345142	7751.86
0.000347657	7744.28
0.000350171	7703.79
0.000352685	7638.99
0.000355199	7552.2
0.000357713	7440.46
0.000360227	7303.25
0.000362741	7143.33
0.000365256	6960.37
0.00036777	6759.83
0.000370284	6541.71
0.000372798	6313.02
0.000375312	6074.16
0.000377826	5832.03
0.00038034	5587.38
0.000382854	5345.21
0.000385369	5106.47
0.000387883	4873.14
0.000390397	4646.02
0.000392911	4424.06
0.000395425	4207.6
0.000397939	3993.81
0.000400453	3782.41
0.000402968	3570.95
0.000405482	3358.67
0.000407996	3145.55
0.00041051	2930.86
0.000413024	2717.68
0.000415538	2505.89
0.000418052	2300.42
0.000420566	2102.01
0.000423081	1915
0.000425595	1740.68
0.000428109	1580.91
0.000430623	1436.83
0.000433137	1307.45
0.000435651	1193.25
0.000438165	1091.45
0.00044068	1001.71
0.000443194	920.862
0.000445708	848.083
0.000448222	780.795
0.000450736	718.039
0.00045325	658.274
0.000455764	600.684
0.000458279	544.794
0.000460793	490.098
0.000463307	436.959
0.000465821	385.244
0.000468335	335.743
0.000470849	288.654
0.000473363	244.728
0.000475877	204.336
0.000478392	167.859
0.000480906	135.636
0.00048342	107.581
0.000485934	83.8518
0.000488448	64.0011
0.000490962	47.9558
0.000493476	35.1073
0.000495991	25.1966
0.000498505	17.636
0.000501019	12.0751
0.000503533	8.05866
0.000506047	5.24044
0.000508561	3.32857
0.000511075	2.04541
0.000513589	1.23592
0.000516104	0.713416
0.000518618	0.410658
0.000521132	0.219645
0.000523646	0.121777
0.00052616	0.0607829
0.000528674	0.0320994
0.000531188	0.0136481
0.000533703	0.00749773
