3.33898e-05	161.784
3.48982e-05	186.305
3.64066e-05	213.971
3.7915e-05	244.869
3.94234e-05	278.745
4.09318e-05	315.358
4.24402e-05	354.71
4.39487e-05	396.649
4.54571e-05	441.367
4.69655e-05	488.91
4.84739e-05	539.629
4.99823e-05	593.832
5.14907e-05	651.914
5.29991e-05	714.407
5.45076e-05	781.591
5.6016e-05	854.055
5.75244e-05	931.814
5.90328e-05	1015.26
6.05412e-05	1104.08
6.20496e-05	1198.2
6.3558e-05	1297.04
6.50665e-05	1399.94
6.65749e-05	1506.21
6.80833e-05	1614.69
6.95917e-05	1724.83
7.11001e-05	1835.28
7.26085e-05	1945.85
7.41169e-05	2055.48
7.56253e-05	2164.4
7.71338e-05	2272.28
7.86422e-05	2379.67
8.01506e-05	2487.2
8.1659e-05	2595.49
8.31674e-05	2705.94
8.46758e-05	2819
8.61842e-05	2936.32
8.76927e-05	3058.02
8.92011e-05	3185.34
9.07095e-05	3318.04
9.22179e-05	3456.45
9.37263e-05	3600.12
9.52347e-05	3748.32
9.67431e-05	3900.58
9.82516e-05	4055.4
9.976e-05	4212.47
0.000101268	4370.1
0.000102777	4528.26
0.000104285	4685.69
0.000105794	4842.6
0.000107302	4998.66
0.00010881	5154.23
0.000110319	5310
0.000111827	5466.31
0.000113336	5624.65
0.000114844	5785.2
0.000116353	5949.62
0.000117861	6117.85
0.000119369	6290.99
0.000120878	6468.74
0.000122386	6650.99
0.000123895	6837.28
0.000125403	7025.98
0.000126911	7216.61
0.00012842	7406.16
0.000129928	7594.26
0.000131437	7777.11
0.000132945	7954.52
0.000134453	8122.73
0.000135962	8281.75
0.00013747	8428.63
0.000138979	8563.51
0.000140487	8684.76
0.000141996	8792.56
0.000143504	8886.68
0.000145012	8967.29
0.000146521	9035.21
0.000148029	9090.52
0.000149538	9134.52
0.000151046	9167.22
0.000152554	9190.17
0.000154063	9202.89
0.000155571	9203.03
0.00015708	9196.05
0.000158588	9181.06
0.000160097	9152.95
0.000161605	9114.75
0.000163113	9066.14
0.000164622	9006.17
0.00016613	8934.85
0.000167639	8851.72
0.000169147	8756.78
0.000170655	8649.87
0.000172164	8530.99
0.000173672	8400.21
0.000175181	8257.54
0.000176689	8103.28
0.000178197	7937.46
0.000179706	7760.87
0.000181214	7573.51
0.000182723	7377.03
0.000184231	7171.41
0.00018574	6959.41
0.000187248	6740.98
0.000188756	6519.86
0.000190265	6296.02
0.000191773	6073.54
0.000193282	5852.43
0.00019479	5636.25
0.000196298	5425.05
0.000197807	5221.08
0.000199315	5024.4
0.000200824	4835.58
0.000202332	4654.7
0.000203841	4480.83
0.000205349	4314.03
0.000206857	4152.54
0.000208366	3996.36
0.000209874	3843.7
0.000211383	3694.5
0.000212891	3547.54
0.000214399	3402.73
0.000215908	3259.64
0.000217416	3118.19
0.000218925	2978.63
0.000220433	2840.91
0.000221941	2705.63
0.00022345	2572.79
0.000224958	2443.04
0.000226467	2316.42
0.000227975	2193.44
0.000229484	2074.13
0.000230992	1958.85
0.0002325	1847.63
0.000234009	1740.67
0.000235517	1638.01
0.000237026	1539.73
0.000238534	1445.86
0.000240042	1356.4
0.000241551	1271.35
0.000243059	1190.58
0.000244568	1114.1
0.000246076	1041.64
0.000247585	973.178
0.000249093	908.372
0.000250601	847.188
0.00025211	789.282
0.000253618	734.605
0.000255127	682.896
0.000256635	634.104
0.000258143	588.065
0.000259652	544.745
0.00026116	504.026
0.000262669	465.896
0.000264177	430.203
0.000265685	396.944
0.000267194	365.883
0.000268702	337.002
0.000270211	309.993
0.000271719	284.805
0.000273228	261.132
0.000274736	238.892
0.000276244	217.866
0.000277753	197.965
0.000279261	179.115
0.00028077	161.249
0.000282278	144.434
0.000283786	128.649
0.000285295	114.04
0.000286803	100.638
0.000288312	88.5782
0.00028982	77.9224
0.000291329	68.7174
0.000292837	61.024
0.000294345	54.7565
0.000295854	49.9401
0.000297362	46.3579
0.000298871	43.9016
0.000300379	42.5343
0.000301887	41.858
0.000303396	41.665
0.000304904	41.8488
0.000306413	42.0393
0.000307921	42.1026
0.000309429	42.1188
0.000310938	41.6864
0.000312446	40.7116
0.000313955	39.3004
0.000315463	37.4462
0.000316972	35.1355
0.00031848	32.4912
0.000319988	29.5643
0.000321497	26.4856
0.000323005	23.3449
0.000324514	20.2423
0.000326022	17.2736
0.00032753	14.4907
0.000329039	11.9677
0.000330547	9.71171
0.000332056	7.75718
0.000333564	6.09232
