3.33898e-05	195.973
3.48982e-05	225.911
3.64066e-05	259.967
3.7915e-05	298.414
3.94234e-05	340.453
4.09318e-05	385.405
4.24402e-05	433.036
4.39487e-05	482.742
4.54571e-05	534.78
4.69655e-05	588.978
4.84739e-05	646.015
4.99823e-05	706.366
5.14907e-05	770.841
5.29991e-05	840.445
5.45076e-05	915.789
5.6016e-05	998.017
5.75244e-05	1087.38
5.90328e-05	1184.75
6.05412e-05	1290.03
6.20496e-05	1403.63
6.3558e-05	1525.12
6.50665e-05	1654.38
6.65749e-05	1790.59
6.80833e-05	1932.9
6.95917e-05	2080.07
7.11001e-05	2230.18
7.26085e-05	2381.78
7.41169e-05	2531.86
7.56253e-05	2679.29
7.71338e-05	2820.62
7.86422e-05	2955.63
8.01506e-05	3081.82
8.1659e-05	3200.05
8.31674e-05	3310.06
8.46758e-05	3413.39
8.61842e-05	3512.41
8.76927e-05	3608.64
8.92011e-05	3706.19
9.07095e-05	3806.13
9.22179e-05	3912.92
9.37263e-05	4027.12
9.52347e-05	4152.52
9.67431e-05	4289.33
9.82516e-05	4440.34
9.976e-05	4605.36
0.000101268	4785.92
0.000102777	4981.17
0.000104285	5190.44
0.000105794	5412.15
0.000107302	5642.18
0.00010881	5878.59
0.000110319	6113.54
0.000111827	6345.6
0.000113336	6565.14
0.000114844	6771.96
0.000116353	6958.43
0.000117861	7125.63
0.000119369	7271.44
0.000120878	7397.6
0.000122386	7508.46
0.000123895	7605.44
0.000125403	7697.05
0.000126911	7783.72
0.00012842	7873.77
0.000129928	7966.62
0.000131437	8066.34
0.000132945	8171.77
0.000134453	8280.95
0.000135962	8392.79
0.00013747	8500.39
0.000138979	8603.22
0.000140487	8692.76
0.000141996	8769.14
0.000143504	8828.78
0.000145012	8868.94
0.000146521	8872.92
0.000148029	8872.68
0.000149538	8862.76
0.000151046	8820.84
0.000152554	8769.51
0.000154063	8706.93
0.000155571	8636.87
0.00015708	8559.25
0.000158588	8477.54
0.000160097	8391.63
0.000161605	8303.52
0.000163113	8213.12
0.000164622	8121.37
0.00016613	8028.22
0.000167639	7933.91
0.000169147	7838.42
0.000170655	7741.54
0.000172164	7643.27
0.000173672	7543.17
0.000175181	7441.25
0.000176689	7337.05
0.000178197	7230.57
0.000179706	7121.27
0.000181214	7009.15
0.000182723	6893.3
0.000184231	6773.73
0.00018574	6649
0.000187248	6519.11
0.000188756	6382.36
0.000190265	6238.75
0.000191773	6086.94
0.000193282	5926.9
0.00019479	5758.23
0.000196298	5580.9
0.000197807	5395.82
0.000199315	5202.92
0.000200824	5004.48
0.000202332	4800.43
0.000203841	4594.13
0.000205349	4385.53
0.000206857	4178.48
0.000208366	3973.01
0.000209874	3772.58
0.000211383	3577.33
0.000212891	3389.58
0.000214399	3209.51
0.000215908	3038.02
0.000217416	2875.27
0.000218925	2720.96
0.000220433	2575.16
0.000221941	2436.88
0.00022345	2306.14
0.000224958	2181.7
0.000226467	2063.54
0.000227975	1950.54
0.000229484	1842.63
0.000230992	1739.02
0.0002325	1639.62
0.000234009	1544.04
0.000235517	1452.22
0.000237026	1364.15
0.000238534	1279.8
0.000240042	1199.42
0.000241551	1123.01
0.000243059	1050.89
0.000244568	983.1
0.000246076	919.877
0.000247585	861.274
0.000249093	807.359
0.000250601	758.199
0.00025211	713.581
0.000253618	673.577
0.000255127	637.552
0.000256635	605.548
0.000258143	576.447
0.000259652	550.194
0.00026116	525.357
0.000262669	501.732
0.000264177	477.998
0.000265685	453.822
0.000267194	428.483
0.000268702	401.634
0.000270211	373.416
0.000271719	343.624
0.000273228	313.13
0.000274736	281.975
0.000276244	251.319
0.000277753	221.43
0.000279261	193.251
0.00028077	167.147
0.000282278	143.527
0.000283786	122.688
0.000285295	104.485
0.000286803	89.0318
0.000288312	75.8546
0.00028982	64.8739
0.000291329	55.5755
0.000292837	47.7672
0.000294345	41.0942
0.000295854	35.3599
0.000297362	30.4122
0.000298871	26.1253
0.000300379	22.4746
0.000301887	19.4176
0.000303396	16.946
0.000304904	15.0639
0.000306413	13.7017
0.000307921	12.7925
0.000309429	12.4127
0.000310938	12.3202
0.000312446	12.2928
0.000313955	12.3869
0.000315463	12.4644
0.000316972	12.3669
0.00031848	12.0953
0.000319988	11.5692
0.000321497	10.809
0.000323005	9.84116
0.000324514	8.73812
0.000326022	7.54618
0.00032753	6.33795
0.000329039	5.18194
0.000330547	4.11079
0.000332056	3.18393
0.000333564	2.38101
