0.000100103	3.13917e-05
0.00010312	6.8813e-05
0.000106137	0.000181077
0.000109154	0.000403373
0.000112171	0.000919762
0.000115188	0.00190629
0.000118205	0.00411515
0.000121222	0.00797116
0.000124239	0.016226
0.000127256	0.0296996
0.000130273	0.0564651
0.00013329	0.0996585
0.000136307	0.174019
0.000139324	0.290998
0.000142341	0.474387
0.000145358	0.749256
0.000148375	1.14676
0.000151392	1.70948
0.000154408	2.4687
0.000157425	3.47972
0.000160442	4.7664
0.000163459	6.38244
0.000166476	8.34751
0.000169493	10.7035
0.00017251	13.4866
0.000175527	16.7451
0.000178544	20.5583
0.000181561	25.0361
0.000184578	30.3065
0.000187595	36.5989
0.000190612	44.0565
0.000193629	53.0287
0.000196646	63.6126
0.000199663	76.1851
0.00020268	90.742
0.000205697	107.527
0.000208714	126.42
0.000211731	147.374
0.000214748	170.195
0.000217765	194.489
0.000220782	220.087
0.000223799	246.374
0.000226816	273.328
0.000229833	300.453
0.00023285	327.923
0.000235867	355.768
0.000238884	384.271
0.000241901	414.13
0.000244918	445.55
0.000247935	479.564
0.000250952	516.174
0.000253969	556.113
0.000256986	599.231
0.000260003	645.578
0.00026302	695.028
0.000266037	747.166
0.000269054	802.023
0.000272071	859.349
0.000275088	919.296
0.000278105	982.209
0.000281122	1048.22
0.000284139	1118.11
0.000287156	1191.88
0.000290173	1270.17
0.00029319	1352.91
0.000296207	1440.22
0.000299224	1532.1
0.000302241	1628.49
0.000305258	1729.57
0.000308275	1836.07
0.000311292	1948.31
0.000314309	2068.56
0.000317326	2197.07
0.000320343	2337.18
0.00032336	2488.75
0.000326377	2654.03
0.000329394	2832.47
0.000332411	3022.44
0.000335428	3223.23
0.000338445	3428.13
0.000341462	3636.69
0.000344479	3839.09
0.000347496	4035.38
0.000350513	4216.9
0.00035353	4384.06
0.000356547	4533.17
0.000359564	4664.65
0.000362581	4780.21
0.000365598	4880.04
0.000368615	4968.37
0.000371632	5045.15
0.000374649	5113.44
0.000377666	5173.12
0.000380683	5224.61
0.0003837	5267.89
0.000386717	5302.22
0.000389734	5327.67
0.000392751	5345.36
0.000395768	5355.29
0.000398785	5357.77
0.000401802	5358.43
0.000404819	5359.05
0.000407836	5359.64
0.000410853	5361.83
0.00041387	5369.06
0.000416887	5378.77
0.000419904	5391.04
0.000422921	5400.39
0.000425938	5406.76
0.000428955	5406.27
0.000431972	5391.1
0.000434989	5359.64
0.000438006	5307.85
0.000441023	5232.83
0.00044404	5134.37
0.000447057	5013.6
0.000450074	4870.08
0.000453091	4710.75
0.000456108	4535.38
0.000459125	4353.65
0.000462142	4165.71
0.000465159	3980.56
0.000468176	3798.65
0.000471193	3625.9
0.00047421	3462.9
0.000477227	3311.72
0.000480244	3172.88
0.000483261	3045.06
0.000486278	2928.57
0.000489295	2819.82
0.000492312	2718.84
0.000495329	2621.07
0.000498346	2526.27
0.000501363	2430.4
0.00050438	2332.98
0.000507397	2231.77
0.000510414	2126.22
0.000513431	2016.6
0.000516448	1902.5
0.000519465	1786.38
0.000522482	1668.19
0.000525499	1551.35
0.000528516	1436.19
0.000531533	1325.72
0.00053455	1220.48
0.000537567	1122.23
0.000540584	1031.48
0.000543601	948.6
0.000546618	873.938
0.000549635	806.73
0.000552652	747.099
0.000555669	693.526
0.000558686	645.891
0.000561703	602.462
0.00056472	562.895
0.000567737	525.92
0.000570754	491.102
0.000573771	458.077
0.000576788	426.549
0.000579805	396.889
0.000582822	369.094
0.000585839	343.58
0.000588856	320.557
0.000591873	299.867
0.00059489	281.671
0.000597907	265.193
0.000600924	250.338
0.000603941	236.195
0.000606958	222.438
0.000609975	208.556
0.000612992	194.204
0.000616009	179.456
0.000619026	164.154
0.000622043	148.758
0.00062506	133.349
0.000628077	118.421
0.000631094	104.198
0.000634111	90.9566
0.000637128	78.9135
0.000640145	68.071
0.000643162	58.5331
0.000646179	50.1282
0.000649196	42.8289
0.000652213	36.4363
0.00065523	30.8462
0.000658247	25.9289
0.000661264	21.5788
0.000664281	17.7463
0.000667298	14.3697
0.000670315	11.4348
0.000673332	8.92054
0.000676349	6.80335
0.000679366	5.07248
0.000682383	3.68205
0.0006854	2.60728
0.000688417	1.79377
0.000691434	1.19996
0.000694451	0.781101
0.000697468	0.474888
0.000700485	0.302656
