0.000100103	17.4661
0.000103622	20.2415
0.000107142	22.8408
0.000110662	25.3301
0.000114182	27.5167
0.000117702	29.3394
0.000121222	30.4479
0.000124742	30.7621
0.000128261	30.8721
0.000131781	30.2394
0.000135301	28.7917
0.000138821	26.9468
0.000142341	24.7332
0.000145861	22.3075
0.000149381	19.8008
0.0001529	17.4184
0.00015642	15.2563
0.00015994	13.4262
0.00016346	12.2198
0.00016698	11.8543
0.0001705	11.7192
0.00017402	12.3395
0.000177539	14.0674
0.000181059	16.4835
0.000184579	19.6894
0.000188099	23.6816
0.000191619	28.3995
0.000195139	33.7621
0.000198659	39.7002
0.000202178	46.0673
0.000205698	52.8154
0.000209218	59.7795
0.000212738	66.9577
0.000216258	74.2421
0.000219778	81.6753
0.000223298	89.2664
0.000226817	97.0679
0.000230337	105.194
0.000233857	113.659
0.000237377	122.582
0.000240897	131.905
0.000244417	141.614
0.000247937	151.596
0.000251456	161.609
0.000254976	171.543
0.000258496	180.98
0.000262016	189.878
0.000265536	197.834
0.000269056	204.914
0.000272576	210.979
0.000276095	216.194
0.000279615	220.871
0.000283135	225.218
0.000286655	230.017
0.000290175	235.459
0.000293695	242.643
0.000297214	251.693
0.000300734	263.775
0.000304254	278.94
0.000307774	298.186
0.000311294	321.506
0.000314814	349.599
0.000318334	382.426
0.000321853	420.361
0.000325373	463.353
0.000328893	511.48
0.000332413	564.675
0.000335933	622.725
0.000339453	685.541
0.000342973	752.559
0.000346492	823.667
0.000350012	897.863
0.000353532	975.027
0.000357052	1053.69
0.000360572	1133.76
0.000364092	1213.42
0.000367612	1292.64
0.000371131	1369.63
0.000374651	1444.43
0.000378171	1515.8
0.000381691	1583.86
0.000385211	1648.51
0.000388731	1709.94
0.000392251	1769.63
0.00039577	1827.75
0.00039929	1887.44
0.00040281	1948.81
0.00040633	2016.14
0.00040985	2089.46
0.00041337	2173.17
0.00041689	2267.21
0.000420409	2374.81
0.000423929	2495.85
0.000427449	2631.29
0.000430969	2781.01
0.000434489	2943.09
0.000438009	3117.47
0.000441529	3299.63
0.000445048	3489.59
0.000448568	3681.21
0.000452088	3874.55
0.000455608	4063.21
0.000459128	4247.24
0.000462648	4421.13
0.000466168	4584.89
0.000469687	4734.42
0.000473207	4869.72
0.000476727	4988.05
0.000480247	5089.4
0.000483767	5172.05
0.000487287	5235.98
0.000490807	5280.59
0.000494326	5306.07
0.000497846	5308.77
0.000501366	5294.18
0.000504886	5263.15
0.000508406	5211.54
0.000511926	5144.58
0.000515446	5062.42
0.000518965	4969
0.000522485	4864.3
0.000526005	4753.02
0.000529525	4635.27
0.000533045	4515.11
0.000536565	4392.77
0.000540085	4270.82
0.000543604	4149.53
0.000547124	4029.71
0.000550644	3911.58
0.000554164	3794.61
0.000557684	3678.89
0.000561204	3563.4
0.000564724	3448.09
0.000568243	3332.25
0.000571763	3215.76
0.000575283	3098.56
0.000578803	2980.55
0.000582323	2862.18
0.000585843	2743.44
0.000589362	2624.83
0.000592882	2506.43
0.000596402	2388.48
0.000599922	2271.06
0.000603442	2154.16
0.000606962	2037.77
0.000610482	1921.85
0.000614001	1806.34
0.000617521	1691.45
0.000621041	1577.1
0.000624561	1463.97
0.000628081	1352.04
0.000631601	1242.42
0.000635121	1135.2
0.00063864	1031.75
0.00064216	932.283
0.00064568	838.079
0.0006492	749.455
0.00065272	667.243
0.00065624	591.784
0.00065976	523.218
0.000663279	461.796
0.000666799	406.947
0.000670319	358.73
0.000673839	316.096
0.000677359	278.879
0.000680879	245.927
0.000684399	216.908
0.000687918	190.907
0.000691438	167.549
0.000694958	146.315
0.000698478	126.911
0.000701998	109.163
0.000705518	92.9146
0.000709038	78.1709
0.000712557	64.8958
0.000716077	53.0976
0.000719597	42.7947
0.000723117	33.9082
0.000726637	26.4425
0.000730157	20.2302
0.000733677	15.2271
0.000737196	11.2274
0.000740716	8.14114
0.000744236	5.77885
0.000747756	4.0301
0.000751276	2.75285
0.000754796	1.84334
0.000758316	1.21186
0.000761835	0.777733
0.000765355	0.492456
0.000768875	0.302251
0.000772395	0.184571
0.000775915	0.108056
0.000779435	0.0637616
0.000782955	0.0354503
0.000786474	0.0202954
0.000789994	0.0106472
0.000793514	0.00595056
0.000797034	0.00269104
0.000800554	0.00160453
