3.33898e-05	250.605
3.48982e-05	287.25
3.64066e-05	328.602
3.7915e-05	374.817
3.94234e-05	425.437
4.09318e-05	480.154
4.24402e-05	538.603
4.39487e-05	600.356
4.54571e-05	665.138
4.69655e-05	732.502
4.84739e-05	802.341
4.99823e-05	874.316
5.14907e-05	948.522
5.29991e-05	1024.85
5.45076e-05	1103.56
5.6016e-05	1184.85
5.75244e-05	1269.08
5.90328e-05	1356.72
6.05412e-05	1448.14
6.20496e-05	1543.97
6.3558e-05	1644.46
6.50665e-05	1750.26
6.65749e-05	1861.43
6.80833e-05	1978.42
6.95917e-05	2101.08
7.11001e-05	2229.51
7.26085e-05	2363.38
7.41169e-05	2502.36
7.56253e-05	2646.01
7.71338e-05	2793.58
7.86422e-05	2944.63
8.01506e-05	3098.08
8.1659e-05	3253.52
8.31674e-05	3409.72
8.46758e-05	3566.37
8.61842e-05	3722.23
8.76927e-05	3877.06
8.92011e-05	4029.75
9.07095e-05	4180.19
9.22179e-05	4327.48
9.37263e-05	4471.64
9.52347e-05	4612.09
9.67431e-05	4749.01
9.82516e-05	4882.31
9.976e-05	5012.29
0.000101268	5139.54
0.000102777	5264.47
0.000104285	5388.42
0.000105794	5511.87
0.000107302	5636.85
0.00010881	5763.8
0.000110319	5895.17
0.000111827	6031.2
0.000113336	6174.26
0.000114844	6324.3
0.000116353	6482.9
0.000117861	6649.71
0.000119369	6824.9
0.000120878	7007.89
0.000122386	7197.06
0.000123895	7391.76
0.000125403	7588.63
0.000126911	7787.1
0.00012842	7982.55
0.000129928	8174.59
0.000131437	8358.09
0.000132945	8532.84
0.000134453	8693.98
0.000135962	8841.45
0.00013747	8971.2
0.000138979	9083.29
0.000140487	9174.76
0.000141996	9245.73
0.000143504	9295.43
0.000145012	9322.87
0.000146521	9322.35
0.000148029	9305.16
0.000149538	9269.31
0.000151046	9207.23
0.000152554	9127.5
0.000154063	9029.67
0.000155571	8917.29
0.00015708	8790.5
0.000158588	8654.25
0.000160097	8508.62
0.000161605	8358.86
0.000163113	8204.92
0.000164622	8051.43
0.00016613	7898.28
0.000167639	7748.55
0.000169147	7602.12
0.000170655	7460.06
0.000172164	7322.27
0.000173672	7187.87
0.000175181	7056.81
0.000176689	6926.81
0.000178197	6797.86
0.000179706	6667.17
0.000181214	6534.75
0.000182723	6398.14
0.000184231	6257.36
0.00018574	6110.89
0.000187248	5958.72
0.000188756	5800.5
0.000190265	5636.22
0.000191773	5466.54
0.000193282	5291.44
0.00019479	5112.31
0.000196298	4929.11
0.000197807	4743.57
0.000199315	4555.68
0.000200824	4367.24
0.000202332	4178.25
0.000203841	3990.47
0.000205349	3803.9
0.000206857	3620.22
0.000208366	3439.43
0.000209874	3263.1
0.000211383	3091.27
0.000212891	2925.37
0.000214399	2765.44
0.000215908	2612.69
0.000217416	2467.17
0.000218925	2329.79
0.000220433	2200.6
0.000221941	2080.05
0.00022345	1968.21
0.000224958	1865.02
0.000226467	1770.55
0.000227975	1684.17
0.000229484	1605.94
0.000230992	1534.74
0.0002325	1470.59
0.000234009	1411.98
0.000235517	1358.88
0.000237026	1309.58
0.000238534	1263.98
0.000240042	1220.42
0.000241551	1178.74
0.000243059	1137.52
0.000244568	1096.57
0.000246076	1054.95
0.000247585	1012.44
0.000249093	968.679
0.000250601	923.49
0.00025211	877.053
0.000253618	829.278
0.000255127	780.78
0.000256635	731.562
0.000258143	682.478
0.000259652	633.62
0.00026116	585.85
0.000262669	539.324
0.000264177	494.719
0.000265685	452.214
0.000267194	412.184
0.000268702	374.782
0.000270211	340.069
0.000271719	308.135
0.000273228	278.789
0.000274736	252.047
0.000276244	227.576
0.000277753	205.326
0.000279261	184.943
0.00028077	166.332
0.000282278	149.205
0.000283786	133.457
0.000285295	118.899
0.000286803	105.444
0.000288312	92.999
0.00028982	81.5063
0.000291329	70.9309
0.000292837	61.2466
0.000294345	52.4354
0.000295854	44.4898
0.000297362	37.3782
0.000298871	31.0966
0.000300379	25.5873
0.000301887	20.8375
0.000303396	16.767
0.000304904	13.3483
0.000306413	10.4917
0.000307921	8.15664
0.000309429	6.25749
0.000310938	4.74657
0.000312446	3.55232
0.000313955	2.62709
0.000315463	1.91746
0.000316972	1.38152
0.00031848	0.983312
0.000319988	0.689732
0.000321497	0.478784
0.000323005	0.326705
0.000324514	0.221239
0.000326022	0.146738
0.00032753	0.096983
0.000329039	0.0624646
0.000330547	0.0403189
0.000332056	0.024054
0.000333564	0.0158931
