0.000500379	8.97886e-97
0.000507922	1.84843e-92
0.000515465	7.39345e-92
0.000523008	1.12172e-87
0.00053055	4.53249e-87
0.000538093	5.06712e-83
0.000545636	2.06866e-82
0.000553179	1.70386e-78
0.000560721	7.02918e-78
0.000568264	4.26484e-74
0.000575807	1.77821e-73
0.00058335	7.9464e-70
0.000590892	3.34907e-69
0.000598435	1.10214e-65
0.000605978	4.69599e-65
0.000613521	1.13789e-61
0.000621063	4.90223e-61
0.000628606	8.74524e-58
0.000636149	3.80997e-57
0.000643692	5.00325e-54
0.000651234	2.20451e-53
0.000658777	2.13084e-50
0.00066632	9.49652e-50
0.000673862	6.75589e-47
0.000681405	3.04565e-46
0.000688948	1.59465e-43
0.000696491	7.27209e-43
0.000704033	2.80238e-40
0.000711576	1.29272e-39
0.000719119	3.66694e-37
0.000726662	1.71085e-36
0.000734204	3.57316e-34
0.000741747	1.68573e-33
0.00074929	2.59325e-31
0.000756833	1.23662e-30
0.000764375	1.40212e-28
0.000771918	6.754e-28
0.000779461	5.64963e-26
0.000787004	2.74642e-25
0.000794546	1.69723e-23
0.000802089	8.31504e-23
0.000809632	3.80377e-21
0.000817175	1.87442e-20
0.000824717	6.365e-19
0.00083226	3.14624e-18
0.000839803	7.96107e-17
0.000847345	3.93249e-16
0.000854888	7.45342e-15
0.000862431	3.66042e-14
0.000869974	5.23298e-13
0.000877516	2.53766e-12
0.000885059	2.76148e-11
0.000892602	1.31053e-10
0.000900145	1.09828e-09
0.000907687	5.04289e-09
0.00091523	3.30215e-08
0.000922773	1.44635e-07
0.000930316	7.52966e-07
0.000937858	3.09336e-06
0.000945401	1.30602e-05
0.000952944	4.93681e-05
0.000960487	0.000172719
0.000968029	0.000588492
0.000975572	0.00174395
0.000983115	0.00524729
0.000990658	0.0134465
0.0009982	0.0350745
0.00100574	0.0791114
0.00101329	0.176389
0.00102083	0.366347
0.00102837	0.690617
0.00103591	1.25561
0.00104346	2.06416
0.001051	3.22599
0.00105854	4.72765
0.00106608	6.56374
0.00107363	8.73571
0.00108117	11.2311
0.00108871	14.0746
0.00109626	17.4593
0.0011038	21.3887
0.00111134	26.0809
0.00111888	31.5103
0.00112643	37.5869
0.00113397	44.3238
0.00114151	51.7295
0.00114906	59.862
0.0011566	69.5011
0.00116414	80.6539
0.00117168	94.2944
0.00117923	110.347
0.00118677	128.486
0.00119431	148.645
0.00120185	168.934
0.0012094	189.374
0.00121694	208.389
0.00122448	226.05
0.00123203	243.518
0.00123957	260.818
0.00124711	281.897
0.00125465	306.727
0.0012622	338.893
0.00126974	378.393
0.00127728	426.016
0.00128482	481.776
0.00129237	545.537
0.00129991	617.259
0.00130745	698.436
0.001315	789.078
0.00132254	890.373
0.00133008	1002.49
0.00133762	1123.01
0.00134517	1252.1
0.00135271	1384.67
0.00136025	1520.69
0.00136779	1655.64
0.00137534	1789.37
0.00138288	1919.32
0.00139042	2045.36
0.00139797	2166.25
0.00140551	2281.96
0.00141305	2391.3
0.00142059	2494.25
0.00142814	2589.54
0.00143568	2676.97
0.00144322	2756.94
0.00145076	2829.13
0.00145831	2896.75
0.00146585	2959.86
0.00147339	3021.71
0.00148094	3083.1
0.00148848	3142.2
0.00149602	3199.83
0.00150356	3248.92
0.00151111	3291.88
0.00151865	3303.56
0.00152619	3302.96
0.00153373	3298.96
0.00154128	3262.47
0.00154882	3211.54
0.00155636	3151.49
0.00156391	3082.5
0.00157145	3006.01
0.00157899	2918.4
0.00158653	2819.06
0.00159408	2707.15
0.00160162	2580.99
0.00160916	2447.89
0.0016167	2308.12
0.00162425	2170.19
0.00163179	2036.35
0.00163933	1908.55
0.00164688	1788.45
0.00165442	1672.89
0.00166196	1561.67
0.0016695	1452.09
0.00167705	1343.19
0.00168459	1234.81
0.00169213	1126.34
0.00169968	1019.56
0.00170722	914.379
0.00171476	813.726
0.0017223	718.214
0.00172985	630.333
0.00173739	551.266
0.00174493	481.105
0.00175247	420.675
0.00176002	367.769
0.00176756	322.045
0.0017751	281.37
0.00178265	244.757
0.00179019	211.632
0.00179773	181.453
0.00180527	154.317
0.00181282	130.227
0.00182036	108.916
0.0018279	90.3221
0.00183544	74.1231
0.00184299	60.0967
0.00185053	48.2966
0.00185807	38.6954
0.00186562	31.313
0.00187316	26.1193
0.0018807	23.2336
0.00188824	21.9135
0.00189579	21.5155
0.00190333	21.6181
0.00191087	21.701
0.00191841	21.1525
0.00192596	19.7789
0.0019335	17.553
0.00194104	14.8318
0.00194859	11.7775
0.00195613	8.76891
0.00196367	6.16875
0.00197121	4.0046
0.00197876	2.46891
0.0019863	1.39692
0.00199384	0.685521
0.00200138	0.370025
