0.000500379	5.65355e-113
0.00050876	8.71442e-109
0.000517141	3.4856e-108
0.000525522	4.19174e-104
0.000533903	1.69371e-103
0.000542284	1.58885e-99
0.000550665	6.4864e-99
0.000559045	4.74579e-95
0.000567426	1.95782e-94
0.000575807	1.11704e-90
0.000584188	4.65743e-90
0.000592569	2.0719e-86
0.00060095	8.73218e-86
0.00060933	3.02833e-82
0.000617711	1.29034e-81
0.000626092	3.48799e-78
0.000634473	1.50275e-77
0.000642854	3.16579e-74
0.000651235	1.37935e-73
0.000659615	2.26427e-70
0.000667996	9.97849e-70
0.000676377	1.2762e-66
0.000684758	5.68929e-66
0.000693139	5.66828e-63
0.00070152	2.55656e-62
0.0007099	1.98398e-59
0.000718281	9.05432e-59
0.000726662	5.47251e-56
0.000735043	2.52732e-55
0.000743424	1.18962e-52
0.000751805	5.55992e-52
0.000760186	2.03808e-49
0.000768566	9.64011e-49
0.000776947	2.752e-46
0.000785328	1.31735e-45
0.000793709	2.92901e-43
0.00080209	1.41883e-42
0.000810471	2.45742e-40
0.000818851	1.20439e-39
0.000827232	1.62546e-37
0.000835613	8.05787e-37
0.000843994	8.47785e-35
0.000852375	4.24904e-34
0.000860756	3.48738e-32
0.000869136	1.76598e-31
0.000877517	1.13172e-29
0.000885898	5.78513e-29
0.000894279	2.89841e-27
0.00090266	1.49377e-26
0.000911041	5.86093e-25
0.000919421	3.0403e-24
0.000927802	9.36298e-23
0.000936183	4.87785e-22
0.000944564	1.18257e-20
0.000952945	6.16949e-20
0.000961326	1.18199e-18
0.000969707	6.15201e-18
0.000978087	9.35974e-17
0.000986468	4.83707e-16
0.000994849	5.87998e-15
0.00100323	2.99926e-14
0.00101161	2.93524e-13
0.00101999	1.46692e-12
0.00102837	1.16641e-11
0.00103675	5.6608e-11
0.00104513	3.69696e-10
0.00105351	1.72424e-09
0.0010619	9.36461e-09
0.00107028	4.1475e-08
0.00107866	1.89938e-07
0.00108704	7.88376e-07
0.00109542	3.08972e-06
0.0011038	1.18529e-05
0.00111218	4.03599e-05
0.00112056	0.000141112
0.00112894	0.000423672
0.00113732	0.00133231
0.0011457	0.00357497
0.00115409	0.0099951
0.00116247	0.0242457
0.00117085	0.0597266
0.00117923	0.132132
0.00118761	0.285147
0.00119599	0.587768
0.00120437	1.11181
0.00121275	2.09077
0.00122113	3.53589
0.00122951	5.82518
0.00123789	8.94595
0.00124627	13.109
0.00125466	18.2868
0.00126304	24.2002
0.00127142	30.8391
0.0012798	37.6293
0.00128818	44.5949
0.00129656	51.762
0.00130494	59.1567
0.00131332	68.0013
0.0013217	78.2908
0.00133008	91.562
0.00133846	107.802
0.00134684	127.134
0.00135523	149.574
0.00136361	173.382
0.00137199	198.57
0.00138037	223.348
0.00138875	247.65
0.00139713	272.272
0.00140551	297.085
0.00141389	326.168
0.00142227	359.501
0.00143065	401.338
0.00143903	451.92
0.00144741	511.152
0.0014558	579.32
0.00146418	652.014
0.00147256	729.114
0.00148094	807.801
0.00148932	887.57
0.0014977	971.477
0.00150608	1059.28
0.00151446	1156.64
0.00152284	1263.89
0.00153122	1383.85
0.0015396	1516.92
0.00154798	1662.97
0.00155637	1822.25
0.00156475	1993.08
0.00157313	2176.13
0.00158151	2364.49
0.00158989	2559.04
0.00159827	2744.84
0.00160665	2921.41
0.00161503	3073.54
0.00162341	3198.73
0.00163179	3294.1
0.00164017	3357.08
0.00164855	3398.95
0.00165694	3419.77
0.00166532	3432.76
0.0016737	3441.18
0.00168208	3443.42
0.00169046	3443.83
0.00169884	3442.93
0.00170722	3423.66
0.0017156	3379.88
0.00172398	3312.18
0.00173236	3215.61
0.00174074	3087.3
0.00174912	2935.84
0.00175751	2760.72
0.00176589	2575.64
0.00177427	2382.91
0.00178265	2192.59
0.00179103	2007.71
0.00179941	1831.86
0.00180779	1666.82
0.00181617	1512.86
0.00182455	1370.53
0.00183293	1239.42
0.00184131	1119.74
0.00184969	1010.23
0.00185808	910.771
0.00186646	819.803
0.00187484	736.695
0.00188322	661.176
0.0018916	592.94
0.00189998	532.235
0.00190836	479.511
0.00191674	433.2
0.00192512	393.434
0.0019335	357.039
0.00194188	322.899
0.00195026	289.078
0.00195865	254.031
0.00196703	218.627
0.00197541	182.379
0.00198379	147.553
0.00199217	114.99
0.00200055	86.0956
0.00200893	62.026
0.00201731	42.5328
0.00202569	28.0864
0.00203407	17.5272
0.00204245	10.506
0.00205083	5.95538
0.00205922	3.16437
0.0020676	1.65976
0.00207598	0.777684
0.00208436	0.376882
0.00209274	0.160564
0.00210112	0.069003
0.0021095	0.0269878
0.00211788	0.0101364
0.00212626	0.00367944
0.00213464	0.00119016
0.00214302	0.000405539
0.0021514	0.000111374
0.00215979	3.40597e-05
0.00216817	8.28834e-06
