0.000166815	5.88217e-18
0.000172682	3.59992e-17
0.000178548	1.2635e-16
0.000184415	7.25541e-16
0.000190282	2.41919e-15
0.000196148	1.25731e-14
0.000202015	4.12881e-14
0.000207881	1.94764e-13
0.000213748	6.28141e-13
0.000219614	2.6976e-12
0.000225481	8.51885e-12
0.000231347	3.34158e-11
0.000237214	1.02994e-10
0.00024308	3.70284e-10
0.000248947	1.11014e-09
0.000254813	3.67129e-09
0.00026068	1.06682e-08
0.000266547	3.25749e-08
0.000272413	9.14096e-08
0.00027828	2.58698e-07
0.000284146	6.98404e-07
0.000290013	1.83907e-06
0.000295879	4.75856e-06
0.000301746	1.17036e-05
0.000307612	2.89163e-05
0.000313479	6.66749e-05
0.000319345	0.000156733
0.000325212	0.000340022
0.000331078	0.000757864
0.000336945	0.00155207
0.000342812	0.00326971
0.000348678	0.00634038
0.000354545	0.0125894
0.000360411	0.0233237
0.000366278	0.0433748
0.000372144	0.077717
0.000378011	0.134398
0.000383877	0.227941
0.000389744	0.371394
0.00039561	0.595075
0.000401477	0.916
0.000407343	1.38527
0.00041321	2.01829
0.000419077	2.8814
0.000424943	3.97947
0.00043081	5.37045
0.000436676	7.04242
0.000442543	9.00876
0.000448409	11.246
0.000454276	13.7015
0.000460142	16.3599
0.000466009	19.1321
0.000471875	22.0347
0.000477742	25.0342
0.000483608	28.1873
0.000489475	31.6249
0.000495342	35.4263
0.000501208	39.9306
0.000507075	45.2046
0.000512941	51.7224
0.000518808	59.5093
0.000524674	69.0117
0.000530541	80.21
0.000536407	93.3654
0.000542274	108.435
0.00054814	125.433
0.000554007	144.322
0.000559873	164.935
0.00056574	187.262
0.000571606	211.104
0.000577473	236.484
0.00058334	263.34
0.000589206	291.718
0.000595073	321.809
0.000600939	353.665
0.000606806	387.748
0.000612672	424.099
0.000618539	463.371
0.000624405	505.584
0.000630272	551.442
0.000636138	600.943
0.000642005	654.689
0.000647871	712.657
0.000653738	775.198
0.000659605	842.279
0.000665471	913.874
0.000671338	989.949
0.000677204	1070.07
0.000683071	1154.23
0.000688937	1241.7
0.000694804	1332.49
0.00070067	1425.87
0.000706537	1521.84
0.000712403	1619.84
0.00071827	1719.87
0.000724136	1821.51
0.000730003	1924.74
0.00073587	2028.99
0.000741736	2134.26
0.000747603	2239.56
0.000753469	2344.88
0.000759336	2448.78
0.000765202	2551.27
0.000771069	2650.67
0.000776935	2746.98
0.000782802	2838.72
0.000788668	2925.88
0.000794535	3007.44
0.000800401	3083.4
0.000806268	3153.13
0.000812135	3216.65
0.000818001	3273.25
0.000823868	3322.97
0.000829734	3364.41
0.000835601	3397.62
0.000841467	3420.33
0.000847334	3432.41
0.0008532	3433.13
0.000859067	3420.17
0.000864933	3393.77
0.0008708	3353.88
0.000876666	3301.62
0.000882533	3236.81
0.0008884	3162.59
0.000894266	3078.93
0.000900133	2989.64
0.000905999	2894.85
0.000911866	2797.85
0.000917732	2698.88
0.000923599	2600.21
0.000929465	2502.07
0.000935332	2405.95
0.000941198	2312
0.000947065	2221.29
0.000952931	2133.95
0.000958798	2050.64
0.000964665	1971.5
0.000970531	1896.51
0.000976398	1825.82
0.000982264	1758.55
0.000988131	1694.78
0.000993997	1632.96
0.000999864	1573.03
0.00100573	1513.29
0.0010116	1453.52
0.00101746	1392.39
0.00102333	1329.61
0.0010292	1264.56
0.00103506	1196.95
0.00104093	1127.15
0.0010468	1054.95
0.00105266	981.703
0.00105853	907.408
0.0010644	834.103
0.00107026	762.051
0.00107613	693.285
0.001082	628.312
0.00108786	568.378
0.00109373	514.039
0.00109959	465.326
0.00110546	422.589
0.00111133	384.814
0.00111719	351.983
0.00112306	322.669
0.00112893	296.527
0.00113479	272.402
0.00114066	249.825
0.00114653	228.284
0.00115239	207.418
0.00115826	187.294
0.00116413	167.788
0.00116999	149.214
0.00117586	131.649
0.00118173	115.326
0.00118759	100.388
0.00119346	86.8434
0.00119933	74.774
0.00120519	64.0183
0.00121106	54.5541
0.00121693	46.1874
0.00122279	38.8298
0.00122866	32.3478
0.00123453	26.6518
0.00124039	21.6748
0.00124626	17.3609
0.00125212	13.6658
0.00125799	10.5605
0.00126386	7.98704
0.00126972	5.91741
0.00127559	4.27698
0.00128146	3.02271
0.00128732	2.08098
0.00129319	1.39697
0.00129906	0.91477
0.00130492	0.58092
0.00131079	0.361944
0.00131666	0.216464
0.00132252	0.128586
0.00132839	0.0664451
0.00133426	0.0409548
