0.000100103	1.10965e-08
0.00010312	2.9001e-08
0.000106137	8.27146e-08
0.000109154	2.2047e-07
0.000112171	5.63016e-07
0.000115188	1.41502e-06
0.000118205	3.50002e-06
0.000121222	8.31646e-06
0.000124239	1.98756e-05
0.000127256	4.47668e-05
0.000130273	0.000103124
0.00013329	0.000220741
0.000136307	0.000488994
0.000139324	0.000997209
0.000142341	0.00211966
0.000145358	0.00412796
0.000148375	0.00840214
0.000151392	0.0156605
0.000154408	0.0304675
0.000157425	0.0547643
0.000160442	0.101235
0.000163459	0.177374
0.000166476	0.30909
0.000169493	0.521203
0.00017251	0.864515
0.000175527	1.40018
0.000178544	2.21667
0.000181561	3.44389
0.000184578	5.21502
0.000187595	7.76775
0.000190612	11.2713
0.000193629	16.0968
0.000196646	22.4172
0.000199663	30.7175
0.00020268	41.1222
0.000205697	54.1382
0.000208714	69.7921
0.000211731	88.4566
0.000214748	110.045
0.000217765	134.638
0.000220782	162.073
0.000223799	192.077
0.000226816	224.485
0.000229833	258.763
0.00023285	294.812
0.000235867	332.055
0.000238884	370.483
0.000241901	409.693
0.000244918	449.75
0.000247935	490.543
0.000250952	532.171
0.000253969	574.813
0.000256986	618.586
0.000260003	663.913
0.00026302	710.919
0.000266037	760.248
0.000269054	812.015
0.000272071	867.037
0.000275088	925.381
0.000278105	987.88
0.000281122	1054.51
0.000284139	1125.83
0.000287156	1201.72
0.000290173	1282.18
0.00029319	1367.08
0.000296207	1455.81
0.000299224	1548.32
0.000302241	1643.77
0.000305258	1742.24
0.000308275	1843.32
0.000311292	1947.21
0.000314309	2054.56
0.000317326	2165.61
0.000320343	2282.21
0.00032336	2404.53
0.000326377	2535.15
0.000329394	2674.06
0.000332411	2823.44
0.000335428	2983.09
0.000338445	3153.44
0.000341462	3334.12
0.000344479	3522.74
0.000347496	3718.95
0.000350513	3917.33
0.00035353	4117.66
0.000356547	4312.6
0.000359564	4502.12
0.000362581	4678.98
0.000365598	4843.32
0.000368615	4990.17
0.000371632	5119.72
0.000374649	5230.52
0.000377666	5322.74
0.000380683	5398.25
0.0003837	5457.12
0.000386717	5503.18
0.000389734	5536.42
0.000392751	5561.05
0.000395768	5577.04
0.000398785	5586.61
0.000401802	5591.37
0.000404819	5591.5
0.000407836	5587.61
0.000410853	5579.77
0.00041387	5567.1
0.000416887	5548.48
0.000419904	5523.95
0.000422921	5490.94
0.000425938	5449.46
0.000428955	5397.13
0.000431972	5333.91
0.000434989	5258.71
0.000438006	5171.4
0.000441023	5072.95
0.00044404	4963.21
0.000447057	4845.07
0.000450074	4718.45
0.000453091	4587.25
0.000456108	4451.5
0.000459125	4314.81
0.000462142	4177.33
0.000465159	4041.41
0.000468176	3907.24
0.000471193	3775.67
0.00047421	3646.84
0.000477227	3520.46
0.000480244	3396.59
0.000483261	3274.42
0.000486278	3153.93
0.000489295	3034.26
0.000492312	2915.34
0.000495329	2796.55
0.000498346	2677.79
0.000501363	2558.76
0.00050438	2439.38
0.000507397	2319.74
0.000510414	2199.76
0.000513431	2079.99
0.000516448	1960.38
0.000519465	1841.95
0.000522482	1724.7
0.000525499	1609.93
0.000528516	1497.72
0.000531533	1389.34
0.00053455	1284.98
0.000537567	1185.57
0.000540584	1091.32
0.000543601	1002.64
0.000546618	919.719
0.000549635	842.498
0.000552652	771.064
0.000555669	705.055
0.000558686	644.473
0.000561703	588.809
0.00056472	538.011
0.000567737	491.507
0.000570754	449.217
0.000573771	410.531
0.000576788	375.342
0.000579805	343.036
0.000582822	313.472
0.000585839	286.114
0.000588856	260.794
0.000591873	237.155
0.00059489	215.037
0.000597907	194.313
0.000600924	174.878
0.000603941	156.787
0.000606958	140.018
0.000609975	124.676
0.000612992	110.806
0.000616009	98.4202
0.000619026	87.5764
0.000622043	78.1182
0.00062506	70.0516
0.000628077	63.087
0.000631094	57.1455
0.000634111	51.9186
0.000637128	47.2625
0.000640145	42.9654
0.000643162	38.8782
0.000646179	34.9362
0.000649196	31.0444
0.000652213	27.2538
0.00065523	23.5476
0.000658247	20.0163
0.000661264	16.701
0.000664281	13.6644
0.000667298	10.9622
0.000670315	8.60198
0.000673332	6.6169
0.000676349	4.97014
0.000679366	3.65869
0.000682383	2.62862
0.0006854	1.8487
0.000688417	1.27062
0.000691434	0.852295
0.000694451	0.560882
0.000697468	0.346416
0.000700485	0.226007
