0.000100103	2.95709e-08
0.00010312	8.86645e-08
0.000106137	2.65945e-07
0.000109154	7.83265e-07
0.000112171	2.10437e-06
0.000115188	5.68552e-06
0.000118205	1.46522e-05
0.000121222	3.64848e-05
0.000124239	8.97871e-05
0.000127256	0.000207025
0.000130273	0.000484353
0.00013329	0.00103893
0.000136307	0.00230094
0.000139324	0.00461212
0.000142341	0.00963115
0.000145358	0.0181182
0.000148375	0.0355504
0.000151392	0.064361
0.000154408	0.116358
0.000157425	0.200653
0.000160442	0.337373
0.000163459	0.549728
0.000166476	0.867793
0.000169493	1.33545
0.00017251	1.99051
0.000175527	2.89986
0.000178544	4.10608
0.000181561	5.69454
0.000184578	7.71769
0.000187595	10.2799
0.000190612	13.4625
0.000193629	17.4185
0.000196646	22.2787
0.000199663	28.3099
0.00020268	35.6845
0.000205697	44.836
0.000208714	55.9233
0.000211731	69.499
0.000214748	85.6347
0.000217765	104.822
0.000220782	127.016
0.000223799	152.437
0.000226816	180.971
0.000229833	212.507
0.00023285	246.95
0.000235867	284.002
0.000238884	323.623
0.000241901	365.538
0.000244918	409.715
0.000247935	455.932
0.000250952	504.096
0.000253969	553.852
0.000256986	605.065
0.000260003	657.095
0.00026302	709.889
0.000266037	762.755
0.000269054	815.854
0.000272071	869.094
0.000275088	922.868
0.000278105	978.357
0.000281122	1036.03
0.000284139	1098.44
0.000287156	1165.9
0.000290173	1241.54
0.00029319	1325.33
0.000296207	1419.63
0.000299224	1524.11
0.000302241	1639.11
0.000305258	1764.19
0.000308275	1897.42
0.000311292	2038.44
0.000314309	2183.81
0.000317326	2333.41
0.000320343	2483.68
0.00032336	2634.74
0.000326377	2784.17
0.000329394	2932.19
0.000332411	3078.14
0.000335428	3222.2
0.000338445	3365.12
0.000341462	3506.93
0.000344479	3648.62
0.000347496	3790.07
0.000350513	3931.08
0.00035353	4071.49
0.000356547	4209.22
0.000359564	4344.19
0.000362581	4473.23
0.000365598	4596.38
0.000368615	4711.24
0.000371632	4817.94
0.000374649	4916.24
0.000377666	5006.24
0.000380683	5089.62
0.0003837	5166.36
0.000386717	5238.2
0.000389734	5305.07
0.000392751	5366.78
0.000395768	5423.29
0.000398785	5471.85
0.000401802	5512.47
0.000404819	5540.96
0.000407836	5557.36
0.000410853	5557.95
0.00041387	5542.86
0.000416887	5511.93
0.000419904	5463.57
0.000422921	5400.79
0.000425938	5323.53
0.000428955	5236.02
0.000431972	5138.21
0.000434989	5034.74
0.000438006	4925.64
0.000441023	4814.59
0.00044404	4701.67
0.000447057	4589.38
0.000450074	4477.82
0.000453091	4368.58
0.000456108	4261.79
0.000459125	4157.97
0.000462142	4057.26
0.000465159	3958.61
0.000468176	3862.16
0.000471193	3765.38
0.00047421	3668.28
0.000477227	3567.95
0.000480244	3464.23
0.000483261	3355.02
0.000486278	3240.06
0.000489295	3118.66
0.000492312	2990.57
0.000495329	2856.56
0.000498346	2716.41
0.000501363	2572.42
0.00050438	2424.44
0.000507397	2276.23
0.000510414	2127.86
0.000513431	1983.79
0.000516448	1844.41
0.000519465	1713.43
0.000522482	1591.51
0.000525499	1480.18
0.000528516	1380.1
0.000531533	1290.21
0.00053455	1210.85
0.000537567	1139.16
0.000540584	1074.99
0.000543601	1015.12
0.000546618	959.029
0.000549635	904.48
0.000552652	850.833
0.000555669	797.451
0.000558686	743.899
0.000561703	690.777
0.00056472	638.012
0.000567737	586.572
0.000570754	536.65
0.000573771	488.897
0.000576788	443.542
0.000579805	400.82
0.000582822	360.853
0.000585839	323.689
0.000588856	289.378
0.000591873	257.895
0.00059489	229.29
0.000597907	203.365
0.000600924	180.147
0.000603941	159.204
0.000606958	140.461
0.000609975	123.419
0.000612992	107.891
0.000616009	93.5746
0.000619026	80.2732
0.000622043	67.9746
0.00062506	56.5907
0.000628077	46.2576
0.000631094	37.0122
0.000634111	28.9288
0.000637128	22.0848
0.000640145	16.394
0.000643162	11.8792
0.000646179	8.33971
0.000649196	5.71277
0.000652213	3.7853
0.00065523	2.44217
0.000658247	1.52712
0.000661264	0.924088
0.000664281	0.546288
0.000667298	0.308399
0.000670315	0.173012
0.000673332	0.089431
0.000676349	0.0486225
0.000679366	0.0236437
0.000682383	0.0120681
0.0006854	0.00554035
0.000688417	0.00264328
0.000691434	0.00115016
0.000694451	0.000510608
0.000697468	0.000192865
0.000700485	8.69511e-05
