0.000166815	9.48989e-05
0.000171844	0.000170694
0.000176872	0.000398079
0.000181901	0.000759605
0.000186929	0.00153572
0.000191958	0.00280814
0.000196986	0.00544962
0.000202014	0.00963917
0.000207043	0.0178044
0.000212071	0.0307146
0.0002171	0.0536176
0.000222128	0.0894279
0.000227157	0.148728
0.000232185	0.23927
0.000237214	0.380139
0.000242242	0.588916
0.00024727	0.895788
0.000252299	1.33503
0.000257327	1.94781
0.000262356	2.79146
0.000267384	3.91287
0.000272413	5.39337
0.000277441	7.27465
0.000282469	9.65172
0.000287498	12.5479
0.000292526	16.0483
0.000297555	20.1495
0.000302583	24.8974
0.000307612	30.2649
0.00031264	36.2394
0.000317669	42.7863
0.000322697	49.842
0.000327725	57.3848
0.000332754	65.3368
0.000337782	73.7023
0.000342811	82.4372
0.000347839	91.5678
0.000352868	101.113
0.000357896	111.107
0.000362924	121.624
0.000367953	132.691
0.000372981	144.402
0.00037801	156.777
0.000383038	169.904
0.000388067	183.806
0.000393095	198.574
0.000398123	214.249
0.000403152	230.968
0.00040818	248.793
0.000413209	267.957
0.000418237	288.533
0.000423266	310.863
0.000428294	335.012
0.000433323	361.395
0.000438351	390.049
0.000443379	421.382
0.000448408	455.387
0.000453436	492.354
0.000458465	532.229
0.000463493	575.062
0.000468522	620.758
0.00047355	669.033
0.000478578	719.777
0.000483607	772.365
0.000488635	826.719
0.000493664	882.027
0.000498692	938.289
0.000503721	994.833
0.000508749	1051.75
0.000513778	1108.89
0.000518806	1166.4
0.000523834	1224.9
0.000528863	1284.55
0.000533891	1346.65
0.00053892	1411.28
0.000543948	1480.05
0.000548977	1552.94
0.000554005	1631.26
0.000559033	1714.91
0.000564062	1804.31
0.00056909	1899.32
0.000574119	1999.13
0.000579147	2103.61
0.000584176	2210.71
0.000589204	2320.3
0.000594233	2429.43
0.000599261	2538.06
0.000604289	2642.92
0.000609318	2744.05
0.000614346	2838.69
0.000619375	2926.91
0.000624403	3007.07
0.000629432	3079.24
0.00063446	3143.11
0.000639488	3198.72
0.000644517	3246.82
0.000649545	3287.42
0.000654574	3321.74
0.000659602	3349.75
0.000664631	3372.55
0.000669659	3390.13
0.000674688	3403.37
0.000679716	3412.31
0.000684744	3413.6
0.000689773	3412.37
0.000694801	3408.74
0.00069983	3396.72
0.000704858	3379.15
0.000709887	3356.18
0.000714915	3326.77
0.000719943	3290.92
0.000724972	3248.32
0.00073	3198.95
0.000735029	3142.97
0.000740057	3080.36
0.000745086	3011.8
0.000750114	2937.26
0.000755143	2857.91
0.000760171	2773.72
0.000765199	2686.2
0.000770228	2595.35
0.000775256	2502.86
0.000780285	2408.76
0.000785313	2314.69
0.000790342	2220.72
0.00079537	2128.19
0.000800398	2037.18
0.000805427	1948.5
0.000810455	1862.26
0.000815484	1778.64
0.000820512	1697.72
0.000825541	1619.21
0.000830569	1543.14
0.000835598	1469.06
0.000840626	1396.93
0.000845654	1326.46
0.000850683	1257.6
0.000855711	1190.37
0.00086074	1124.73
0.000865768	1060.98
0.000870797	999.11
0.000875825	939.467
0.000880853	882.102
0.000885882	827.204
0.00089091	774.836
0.000895939	724.955
0.000900967	677.6
0.000905996	632.551
0.000911024	589.802
0.000916052	549.085
0.000921081	510.358
0.000926109	473.409
0.000931138	438.183
0.000936166	404.571
0.000941195	372.531
0.000946223	342.048
0.000951252	313.098
0.00095628	285.727
0.000961308	259.933
0.000966337	235.778
0.000971365	213.277
0.000976394	192.474
0.000981422	173.393
0.000986451	156.023
0.000991479	140.388
0.000996507	126.384
0.00100154	114.023
0.00100656	103.098
0.00101159	93.5841
0.00101662	85.1993
0.00102165	77.8731
0.00102668	71.3127
0.00103171	65.4093
0.00103673	59.9371
0.00104176	54.7774
0.00104679	49.822
0.00105182	44.9792
0.00105685	40.257
0.00106188	35.6164
0.00106691	31.1344
0.00107193	26.8252
0.00107696	22.7731
0.00108199	19.023
0.00108702	15.6212
0.00109205	12.6124
0.00109708	9.99181
0.0011021	7.78094
0.00110713	5.93716
0.00111216	4.45226
0.00111719	3.26921
0.00112222	2.35757
0.00112725	1.6654
0.00113228	1.15337
0.0011373	0.783987
0.00114233	0.520633
0.00114736	0.340776
0.00115239	0.216609
0.00115742	0.136692
0.00116245	0.0788126
0.00116747	0.0505773
