0.000500379	1.41105e-83
0.000507922	2.34801e-80
0.000515465	9.3878e-80
0.000523008	1.25984e-76
0.00053055	5.08704e-76
0.000538093	5.50416e-73
0.000545636	2.24515e-72
0.000553179	1.9584e-69
0.000560721	8.07061e-69
0.000568264	5.67475e-66
0.000575807	2.36291e-65
0.00058335	1.33917e-62
0.000590892	5.63464e-62
0.000598435	2.57378e-59
0.000605978	1.09437e-58
0.000613521	4.02871e-56
0.000621063	1.73119e-55
0.000628606	5.1361e-53
0.000636149	2.23051e-52
0.000643692	5.33322e-50
0.000651234	2.34069e-49
0.000658777	4.51082e-47
0.00066632	2.00063e-46
0.000673862	3.10785e-44
0.000681405	1.39274e-43
0.000688948	1.74437e-41
0.000696491	7.89696e-41
0.000704033	7.97692e-39
0.000711576	3.64699e-38
0.000719119	2.97241e-36
0.000726662	1.37182e-35
0.000734204	9.02671e-34
0.000741747	4.20293e-33
0.00074929	2.23454e-31
0.000756833	1.04883e-30
0.000764375	4.51025e-29
0.000771918	2.13185e-28
0.000779461	7.42511e-27
0.000787004	3.52956e-26
0.000794546	9.97402e-25
0.000802089	4.75995e-24
0.000809632	1.09374e-22
0.000817175	5.22897e-22
0.000824717	9.79685e-21
0.00083226	4.67926e-20
0.000839803	7.17291e-19
0.000847345	3.41119e-18
0.000854888	4.29633e-17
0.000862431	2.02595e-16
0.000869974	2.1072e-15
0.000877516	9.8034e-15
0.000885059	8.47196e-14
0.000892602	3.8654e-13
0.000900145	2.79534e-12
0.000907687	1.24203e-11
0.00091523	7.57854e-11
0.000922773	3.25283e-10
0.000930316	1.69029e-09
0.000937858	6.94486e-09
0.000945401	3.10487e-08
0.000952944	1.20905e-07
0.000960487	4.70156e-07
0.000968029	1.71689e-06
0.000975572	5.87281e-06
0.000983115	1.9894e-05
0.000990658	6.05333e-05
0.0009982	0.000188189
0.00100574	0.00051483
0.00101329	0.00145423
0.00102083	0.00361133
0.00102837	0.00918718
0.00103591	0.0208785
0.00104346	0.0475023
0.001051	0.0994031
0.00105854	0.201323
0.00106608	0.399265
0.00107363	0.719291
0.00108117	1.2859
0.00108871	2.1083
0.00109626	3.36979
0.0011038	5.06585
0.00111134	7.32628
0.00111888	10.1385
0.00112643	13.4873
0.00113397	17.3755
0.00114151	21.7837
0.00114906	26.7445
0.0011566	32.6198
0.00116414	39.4484
0.00117168	48.1649
0.00117923	58.7753
0.00118677	72.3682
0.00119431	88.916
0.00120185	108.972
0.0012094	132.515
0.00121694	159.507
0.00122448	189.959
0.00123203	224.199
0.00123957	262.244
0.00124711	305.899
0.00125465	355.155
0.0012622	413.089
0.00126974	479.687
0.00127728	557.319
0.00128482	646.028
0.00129237	745.157
0.00129991	854.817
0.00130745	970.69
0.001315	1092.88
0.00132254	1215.06
0.00133008	1337.21
0.00133762	1453.99
0.00134517	1565.19
0.00135271	1669.23
0.00136025	1765.79
0.00136779	1858.01
0.00137534	1945.72
0.00138288	2034.3
0.00139042	2124
0.00139797	2217.7
0.00140551	2315.9
0.00141305	2416.34
0.00142059	2519.31
0.00142814	2619.76
0.00143568	2717.48
0.00144322	2809
0.00145076	2893.94
0.00145831	2971.29
0.00146585	3040.99
0.00147339	3101.86
0.00148094	3154.03
0.00148848	3195.52
0.00149602	3228.01
0.00150356	3237.11
0.00151111	3237.9
0.00151865	3236.24
0.00152619	3213.83
0.00153373	3181.68
0.00154128	3142.94
0.00154882	3096.95
0.00155636	3044.43
0.00156391	2982.78
0.00157145	2912.01
0.00157899	2828.95
0.00158653	2732.68
0.00159408	2623.72
0.00160162	2501.12
0.00160916	2370
0.0016167	2230.4
0.00162425	2089.16
0.00163179	1947.44
0.00163933	1810.02
0.00164688	1678.46
0.00165442	1553.6
0.00166196	1436.5
0.0016695	1324.72
0.00167705	1218.22
0.00168459	1113.95
0.00169213	1010.84
0.00169968	908.497
0.00170722	805.838
0.00171476	706.067
0.0017223	609.344
0.00172985	519.779
0.00173739	438.827
0.00174493	368.008
0.00175247	308.729
0.00176002	259.285
0.00176756	219.868
0.0017751	187.657
0.00178265	161.776
0.00179019	140.327
0.00179773	122.294
0.00180527	107.035
0.00181282	94.0046
0.00182036	83.0686
0.0018279	74.0987
0.00183544	66.8201
0.00184299	61.1804
0.00185053	56.6716
0.00185807	53.1085
0.00186562	49.9862
0.00187316	47.0082
0.0018807	43.9015
0.00188824	40.3901
0.00189579	36.5167
0.00190333	32.1539
0.00191087	27.5766
0.00191841	22.8636
0.00192596	18.3091
0.0019335	14.1266
0.00194104	10.4378
0.00194859	7.42775
0.00195613	5.02446
0.00196367	3.2703
0.00197121	2.019
0.00197876	1.18979
0.0019863	0.672233
0.00199384	0.320532
0.00200138	0.184621
