0.000500379	6.14595e-28
0.000506246	8.40479e-27
0.000512113	3.17754e-26
0.000517979	3.92707e-25
0.000523846	1.45705e-24
0.000529712	1.60084e-23
0.000535579	5.92594e-23
0.000541445	5.79761e-22
0.000547312	2.1378e-21
0.000553178	1.86589e-20
0.000559045	6.8412e-20
0.000564911	5.3381e-19
0.000570778	1.94215e-18
0.000576644	1.35796e-17
0.000582511	4.89161e-17
0.000588378	3.07276e-16
0.000594244	1.09315e-15
0.000600111	6.18678e-15
0.000605977	2.16776e-14
0.000611844	1.10879e-13
0.00061771	3.81501e-13
0.000623577	1.76947e-12
0.000629443	5.95918e-12
0.00063531	2.51537e-11
0.000641176	8.26323e-11
0.000647043	3.1863e-10
0.000652909	1.01732e-09
0.000658776	3.59787e-09
0.000664643	1.11222e-08
0.000670509	3.62262e-08
0.000676376	1.08005e-07
0.000682242	3.25349e-07
0.000688109	9.31804e-07
0.000693975	2.60703e-06
0.000699842	7.14429e-06
0.000705708	1.86429e-05
0.000711575	4.86958e-05
0.000717441	0.000119
0.000723308	0.000295181
0.000729174	0.000678157
0.000735041	0.00159201
0.000740908	0.00345095
0.000746774	0.00764349
0.000752641	0.0156839
0.000758507	0.0326889
0.000764374	0.0636753
0.00077024	0.124623
0.000776107	0.233014
0.000781973	0.425999
0.00078784	0.766457
0.000793706	1.31006
0.000799573	2.22332
0.000805439	3.59305
0.000811306	5.7513
0.000817173	8.80764
0.000823039	13.3052
0.000828906	19.3411
0.000834772	27.6166
0.000840639	38.1641
0.000846505	51.6305
0.000852372	67.9461
0.000858238	87.3718
0.000864105	109.752
0.000869971	134.696
0.000875838	162.04
0.000881704	190.783
0.000887571	220.843
0.000893438	251.038
0.000899304	281.417
0.000905171	311.236
0.000911037	340.645
0.000916904	369.795
0.00092277	398.859
0.000928637	428.918
0.000934503	460.087
0.00094037	493.98
0.000946236	530.613
0.000952103	571.49
0.000957969	616.542
0.000963836	666.579
0.000969703	721.499
0.000975569	781.189
0.000981436	845.577
0.000987302	913.89
0.000993169	986.112
0.000999035	1061.36
0.0010049	1139.65
0.00101077	1220.33
0.00101663	1303.37
0.0010225	1388.14
0.00102837	1474.61
0.00103423	1561.66
0.0010401	1649.28
0.00104597	1735.93
0.00105183	1821.61
0.0010577	1905.08
0.00106357	1986.37
0.00106943	2065.48
0.0010753	2142.4
0.00108117	2218.47
0.00108703	2293.66
0.0010929	2369.75
0.00109877	2446.72
0.00110463	2525.65
0.0011105	2606.55
0.00111637	2689.35
0.00112223	2774.09
0.0011281	2859.84
0.00113397	2946.64
0.00113983	3032.91
0.0011457	3118.73
0.00115157	3201.53
0.00115743	3281.41
0.0011633	3354.45
0.00116916	3420.68
0.00117503	3475.75
0.0011809	3519.9
0.00118676	3545.37
0.00119263	3557.48
0.0011985	3557.27
0.00120436	3536.59
0.00121023	3501.36
0.0012161	3452.13
0.00122196	3391.15
0.00122783	3318.57
0.0012337	3236.38
0.00123956	3144.77
0.00124543	3044.63
0.0012513	2935.96
0.00125716	2820.03
0.00126303	2696.65
0.0012689	2568.86
0.00127476	2436.56
0.00128063	2304.27
0.0012865	2172.22
0.00129236	2044.61
0.00129823	1921.99
0.0013041	1806.47
0.00130996	1698.62
0.00131583	1598.08
0.00132169	1505.13
0.00132756	1418.05
0.00133343	1336.74
0.00133929	1259.62
0.00134516	1186.39
0.00135103	1116.41
0.00135689	1049.45
0.00136276	985.611
0.00136863	924.87
0.00137449	867.355
0.00138036	813.171
0.00138623	761.965
0.00139209	713.802
0.00139796	667.888
0.00140383	624.136
0.00140969	581.717
0.00141556	540.417
0.00142143	499.77
0.00142729	459.548
0.00143316	419.807
0.00143903	380.413
0.00144489	341.87
0.00145076	304.192
0.00145663	268.096
0.00146249	233.743
0.00146836	201.761
0.00147422	172.4
0.00148009	145.939
0.00148596	122.604
0.00149182	102.241
0.00149769	84.9397
0.00150356	70.2323
0.00150942	58.0364
0.00151529	47.8132
0.00152116	39.3603
0.00152702	32.269
0.00153289	26.3204
0.00153876	21.2919
0.00154462	17.0258
0.00155049	13.4233
0.00155636	10.4016
0.00156222	7.89898
0.00156809	5.87425
0.00157396	4.25915
0.00157982	3.01811
0.00158569	2.07802
0.00159156	1.39559
0.00159742	0.910207
0.00160329	0.576681
0.00160916	0.356258
0.00161502	0.211921
0.00162089	0.12427
0.00162675	0.0688655
0.00163262	0.038592
0.00163849	0.0197288
0.00164435	0.0106688
0.00165022	0.0051511
0.00165609	0.00261848
0.00166195	0.00108234
0.00166782	0.000570297
