0.000100103	3.52588e-05
0.00010312	8.01035e-05
0.000106137	0.000214638
0.000109154	0.000494344
0.000112171	0.00115366
0.000115188	0.0024715
0.000118205	0.00547587
0.000121222	0.0109587
0.000124239	0.0229578
0.000127256	0.0430937
0.000130273	0.0850373
0.00013329	0.153399
0.000136307	0.279108
0.000139324	0.48076
0.000142341	0.810929
0.000145358	1.32057
0.000148375	2.08303
0.000151392	3.19618
0.000154408	4.73068
0.000157425	6.82565
0.000160442	9.50019
0.000163459	12.8782
0.000166476	16.877
0.000169493	21.4956
0.00017251	26.5464
0.000175527	31.8011
0.000178544	37.0453
0.000181561	41.8384
0.000184578	46.0695
0.000187595	49.3612
0.000190612	51.6097
0.000193629	52.6446
0.000196646	53.0514
0.000199663	52.7497
0.00020268	52.2543
0.000205697	52.3454
0.000208714	52.7639
0.000211731	54.1915
0.000214748	57.7167
0.000217765	62.9856
0.000220782	70.2197
0.000223799	79.7263
0.000226816	91.5417
0.000229833	105.87
0.00023285	122.833
0.000235867	142.798
0.000238884	165.935
0.000241901	192.877
0.000244918	223.748
0.000247935	259.305
0.000250952	299.559
0.000253969	345.077
0.000256986	395.749
0.000260003	451.674
0.00026302	512.675
0.000266037	578.302
0.000269054	648.383
0.000272071	722.064
0.000275088	799.228
0.000278105	878.869
0.000281122	960.951
0.000284139	1044.58
0.000287156	1129.82
0.000290173	1216.18
0.00029319	1303.8
0.000296207	1392.92
0.000299224	1483.74
0.000302241	1577.43
0.000305258	1674.23
0.000308275	1776.22
0.000311292	1883.62
0.000314309	1999.25
0.000317326	2123.19
0.000320343	2258.43
0.00032336	2404.87
0.000326377	2564.59
0.000329394	2737.25
0.000332411	2922.57
0.000335428	3120.07
0.000338445	3326.08
0.000341462	3540.2
0.000344479	3755.96
0.000347496	3973.26
0.000350513	4185.14
0.00035353	4391.76
0.000356547	4588.24
0.000359564	4774.76
0.000362581	4949.18
0.000365598	5111.56
0.000368615	5260.9
0.000371632	5397.16
0.000374649	5518.65
0.000377666	5625.36
0.000380683	5715
0.0003837	5787.62
0.000386717	5843.39
0.000389734	5882.11
0.000392751	5895.35
0.000395768	5900.2
0.000398785	5897.07
0.000401802	5873.47
0.000404819	5839.53
0.000407836	5795.28
0.000410853	5739.62
0.00041387	5672.57
0.000416887	5593.42
0.000419904	5502.07
0.000422921	5400.52
0.000425938	5288.6
0.000428955	5172.21
0.000431972	5051.26
0.000434989	4933.36
0.000438006	4818.65
0.000441023	4712.46
0.00044404	4615.15
0.000447057	4526.89
0.000450074	4448.07
0.000453091	4373.69
0.000456108	4303.95
0.000459125	4231.38
0.000462142	4155.82
0.000465159	4070.9
0.000468176	3976.17
0.000471193	3868.88
0.00047421	3748.51
0.000477227	3616.41
0.000480244	3472.23
0.000483261	3320.14
0.000486278	3160.11
0.000489295	2997.24
0.000492312	2831.77
0.000495329	2668.3
0.000498346	2507.17
0.000501363	2351.89
0.00050438	2202.81
0.000507397	2062.27
0.000510414	1930.62
0.000513431	1808.94
0.000516448	1697.6
0.000519465	1596.21
0.000522482	1505.05
0.000525499	1422.12
0.000528516	1347.52
0.000531533	1278.12
0.00053455	1213.69
0.000537567	1151.18
0.000540584	1090.05
0.000543601	1028.61
0.000546618	966.254
0.000549635	903.212
0.000552652	839.122
0.000555669	775.681
0.000558686	712.955
0.000561703	653.017
0.00056472	596.283
0.000567737	544.197
0.000570754	497.275
0.000573771	455.87
0.000576788	420.353
0.000579805	390.083
0.000582822	365.166
0.000585839	344.344
0.000588856	327.464
0.000591873	313.042
0.00059489	300.733
0.000597907	289.165
0.000600924	277.874
0.000603941	265.919
0.000606958	252.817
0.000609975	238.314
0.000612992	222.055
0.000616009	204.52
0.000619026	185.631
0.000622043	166.336
0.00062506	146.88
0.000628077	128.198
0.000631094	110.742
0.000634111	95.0108
0.000637128	81.4307
0.000640145	69.9314
0.000643162	60.7081
0.000646179	53.2944
0.000649196	47.5963
0.000652213	43.0653
0.00065523	39.4156
0.000658247	36.2693
0.000661264	33.3173
0.000664281	30.4372
0.000667298	27.4308
0.000670315	24.3678
0.000673332	21.2032
0.000676349	18.0722
0.000679366	15.0405
0.000682383	12.2052
0.0006854	9.66236
0.000688417	7.43253
0.000691434	5.57672
0.000694451	4.05673
0.000697468	2.85469
0.000700485	1.97671
