0.000166815	3.84577e-19
0.000172682	2.47815e-18
0.000178548	8.75887e-18
0.000184415	5.2963e-17
0.000190282	1.78455e-16
0.000196148	9.7836e-16
0.000202015	3.25281e-15
0.000207881	1.6211e-14
0.000213748	5.30487e-14
0.000219614	2.4101e-13
0.000225481	7.74141e-13
0.000231347	3.21593e-12
0.000237214	1.01098e-11
0.00024308	3.85259e-11
0.000248947	1.18167e-10
0.000254813	4.14476e-10
0.00026068	1.23634e-09
0.000266547	4.0056e-09
0.000272413	1.15808e-08
0.00027828	3.47831e-08
0.000284146	9.71344e-08
0.000290013	2.71457e-07
0.000295879	7.29666e-07
0.000301746	1.90439e-06
0.000307612	4.91004e-06
0.000313479	1.20117e-05
0.000319345	2.96048e-05
0.000325212	6.81247e-05
0.000331078	0.000159982
0.000336945	0.000347457
0.000342812	0.000775073
0.000348678	0.00159377
0.000354545	0.00336767
0.000360411	0.00657506
0.000366278	0.0131281
0.000372144	0.0244012
0.000378011	0.0459394
0.000383877	0.0832444
0.000389744	0.145803
0.00039561	0.250875
0.000401477	0.415124
0.000407343	0.67707
0.00041321	1.06135
0.000419077	1.63934
0.000424943	2.43911
0.00043081	3.56772
0.000436676	5.04561
0.000442543	6.99506
0.000448409	9.41526
0.000454276	12.3934
0.000460142	15.9018
0.000466009	19.9313
0.000471875	24.4412
0.000477742	29.3041
0.000483608	34.4996
0.000489475	39.854
0.000495342	45.4035
0.000501208	51.1039
0.000507075	57.0612
0.000512941	63.5683
0.000518808	70.7757
0.000524674	79.4245
0.000530541	89.6501
0.000536407	102.539
0.000542274	118.143
0.00054814	137.547
0.000554007	160.684
0.000559873	188.141
0.00056574	219.754
0.000571606	255.222
0.000577473	294.358
0.00058334	335.951
0.000589206	379.899
0.000595073	424.586
0.000600939	470.053
0.000606806	515.139
0.000612672	559.999
0.000618539	604.661
0.000624405	649.297
0.000630272	695.223
0.000636138	742.536
0.000642005	793.222
0.000647871	847.274
0.000653738	906.437
0.000659605	970.639
0.000665471	1040.78
0.000671338	1116.79
0.000677204	1198.71
0.000683071	1286.49
0.000688937	1379.67
0.000694804	1478.24
0.00070067	1581.49
0.000706537	1689.41
0.000712403	1801
0.00071827	1916.25
0.000724136	2033.53
0.000730003	2152.84
0.00073587	2271.67
0.000741736	2390.03
0.000747603	2504.59
0.000753469	2615.39
0.000759336	2718.94
0.000765202	2815.25
0.000771069	2901.74
0.000776935	2978.37
0.000782802	3044.4
0.000788668	3099.75
0.000794535	3145.69
0.000800401	3182.16
0.000806268	3211.64
0.000812135	3234.13
0.000818001	3252.03
0.000823868	3265.41
0.000829734	3275.61
0.000835601	3282.94
0.000841467	3284.21
0.000847334	3282.84
0.0008532	3279.09
0.000859067	3266.2
0.000864933	3244.75
0.0008708	3215.19
0.000876666	3174.46
0.000882533	3122.37
0.0008884	3058.05
0.000894266	2981.21
0.000900133	2893.33
0.000905999	2794.18
0.000911866	2687.47
0.000917732	2573.13
0.000923599	2456.04
0.000929465	2336.39
0.000935332	2218.74
0.000941198	2103.51
0.000947065	1993.79
0.000952931	1890.04
0.000958798	1793.45
0.000964665	1704.38
0.000970531	1622.42
0.000976398	1547.72
0.000982264	1479.08
0.000988131	1416.45
0.000993997	1358.5
0.000999864	1305.1
0.00100573	1255.1
0.0010116	1208.38
0.00101746	1163.87
0.00102333	1121.46
0.0010292	1079.98
0.00103506	1039.3
0.00104093	998.233
0.0010468	956.54
0.00105266	913.431
0.00105853	868.611
0.0010644	822.06
0.00107026	773.557
0.00107613	723.869
0.001082	672.983
0.00108786	622.051
0.00109373	571.278
0.00109959	521.677
0.00110546	473.551
0.00111133	427.486
0.00111719	383.732
0.00112306	342.513
0.00112893	303.955
0.00113479	268.152
0.00114066	235.15
0.00114653	205.036
0.00115239	177.857
0.00115826	153.632
0.00116413	132.424
0.00116999	114.065
0.00117586	98.582
0.00118173	85.5958
0.00118759	75.0366
0.00119346	66.4215
0.00119933	59.5813
0.00120519	54.0701
0.00121106	49.6739
0.00121693	46.0631
0.00122279	43.0399
0.00122866	40.3932
0.00123453	37.9701
0.00124039	35.65
0.00124626	33.3241
0.00125212	30.9475
0.00125799	28.4509
0.00126386	25.8611
0.00126972	23.1545
0.00127559	20.4099
0.00128146	17.6539
0.00128732	14.9754
0.00129319	12.4365
0.00129906	10.0935
0.00130492	8.01105
0.00131079	6.19557
0.00131666	4.68334
0.00132252	3.44299
0.00132839	2.4548
0.00133426	1.72551
