0.000166815	9.4346e-13
0.000172682	3.75191e-12
0.000178548	1.21772e-11
0.000184415	4.68487e-11
0.000190282	1.40304e-10
0.000196148	4.94806e-10
0.000202015	1.44312e-09
0.000207881	4.68157e-09
0.000213748	1.32515e-08
0.000219614	3.9687e-08
0.000225481	1.08638e-07
0.000231347	3.01488e-07
0.000237214	7.95212e-07
0.00024308	2.05261e-06
0.000248947	5.19757e-06
0.000254813	1.25253e-05
0.00026068	3.03368e-05
0.000266547	6.85051e-05
0.000272413	0.000158137
0.00027828	0.000335809
0.000284146	0.000736281
0.000290013	0.00147521
0.000295879	0.00306232
0.000301746	0.00580689
0.000307612	0.0113794
0.000313479	0.0207603
0.000319345	0.037935
0.000325212	0.0665076
0.000331078	0.113381
0.000336945	0.188494
0.000342812	0.302607
0.000348678	0.475856
0.000354545	0.72125
0.000360411	1.07116
0.000366278	1.53521
0.000372144	2.1518
0.000378011	2.91854
0.000383877	3.86033
0.000389744	4.9564
0.00039561	6.18917
0.000401477	7.52266
0.000407343	8.87658
0.00041321	10.2154
0.000419077	11.4094
0.000424943	12.4447
0.00043081	13.2464
0.000436676	13.7384
0.000442543	13.782
0.000448409	13.7917
0.000454276	13.6432
0.000460142	13.2872
0.000466009	13.125
0.000471875	13.0598
0.000477742	13.2465
0.000483608	14.0339
0.000489475	15.3284
0.000495342	17.1547
0.000501208	19.5542
0.000507075	22.4881
0.000512941	25.8417
0.000518808	29.595
0.000524674	33.5761
0.000530541	37.8021
0.000536407	42.1924
0.000542274	46.8012
0.00054814	51.7747
0.000554007	57.1837
0.000559873	63.4479
0.00056574	70.6271
0.000571606	79.337
0.000577473	89.6075
0.00058334	102.088
0.000589206	116.777
0.000595073	134.201
0.000600939	154.345
0.000606806	177.552
0.000612672	203.811
0.000618539	233.342
0.000624405	266.148
0.000630272	302.439
0.000636138	342.219
0.000642005	385.722
0.000647871	432.935
0.000653738	483.977
0.000659605	538.808
0.000665471	597.154
0.000671338	658.957
0.000677204	723.296
0.000683071	790.124
0.000688937	857.856
0.000694804	926.479
0.00070067	994.096
0.000706537	1060.73
0.000712403	1124.8
0.00071827	1186.35
0.000724136	1244.73
0.000730003	1299.98
0.00073587	1352.59
0.000741736	1402.58
0.000747603	1451.18
0.000753469	1498.38
0.000759336	1545.34
0.000765202	1592.03
0.000771069	1638.78
0.000776935	1685.59
0.000782802	1731.77
0.000788668	1777.35
0.000794535	1821.16
0.000800401	1863.21
0.000806268	1902.67
0.000812135	1939.51
0.000818001	1973.71
0.000823868	2005.25
0.000829734	2034.79
0.000835601	2062.33
0.000841467	2088.49
0.000847334	2113.36
0.0008532	2136.72
0.000859067	2158.69
0.000864933	2177.83
0.0008708	2194.23
0.000876666	2205.32
0.000882533	2210.98
0.0008884	2211.15
0.000894266	2202.14
0.000900133	2184.17
0.000905999	2157.4
0.000911866	2121.43
0.000917732	2076.1
0.000923599	2022.47
0.000929465	1960.46
0.000935332	1891.94
0.000941198	1816.87
0.000947065	1737.68
0.000952931	1654.41
0.000958798	1569.85
0.000964665	1484.16
0.000970531	1400.09
0.000976398	1317.94
0.000982264	1239.77
0.000988131	1165.97
0.000993997	1097.31
0.000999864	1034.13
0.00100573	975.865
0.0010116	922.649
0.00101746	873.141
0.00102333	827.225
0.0010292	783.627
0.00103506	742.072
0.00104093	701.956
0.0010468	663.024
0.00105266	625.412
0.00105853	589.029
0.0010644	554.341
0.00107026	521.444
0.00107613	490.578
0.001082	461.913
0.00108786	435.143
0.00109373	410.351
0.00109959	386.785
0.00110546	364.342
0.00111133	342.251
0.00111719	320.258
0.00112306	298.004
0.00112893	275.235
0.00113479	252.153
0.00114066	228.655
0.00114653	205.321
0.00115239	182.251
0.00115826	160.057
0.00116413	138.966
0.00116999	119.361
0.00117586	101.468
0.00118173	85.3755
0.00118759	71.2137
0.00119346	58.869
0.00119933	48.3593
0.00120519	39.4957
0.00121106	32.2243
0.00121693	26.351
0.00122279	21.7972
0.00122866	18.3681
0.00123453	15.9555
0.00124039	14.4254
0.00124626	13.54
0.00125212	13.273
0.00125799	13.3597
0.00126386	13.5206
0.00126972	13.7733
0.00127559	13.925
0.00128146	13.828
0.00128732	13.5548
0.00129319	12.9527
0.00129906	12.0559
0.00130492	10.9383
0.00131079	9.67222
0.00131666	8.32039
0.00132252	6.95885
0.00132839	5.69054
0.00133426	4.48022
