3.33898e-05	297.835
3.48982e-05	316.447
3.64066e-05	337.925
3.7915e-05	362.145
3.94234e-05	389.468
4.09318e-05	420.157
4.24402e-05	454.431
4.39487e-05	492.557
4.54571e-05	534.748
4.69655e-05	581.285
4.84739e-05	632.375
4.99823e-05	688.317
5.14907e-05	749.286
5.29991e-05	815.588
5.45076e-05	887.338
5.6016e-05	964.804
5.75244e-05	1048.02
5.90328e-05	1137.18
6.05412e-05	1232.23
6.20496e-05	1333.23
6.3558e-05	1440.07
6.50665e-05	1552.65
6.65749e-05	1670.8
6.80833e-05	1794.28
6.95917e-05	1922.86
7.11001e-05	2056.14
7.26085e-05	2193.83
7.41169e-05	2335.37
7.56253e-05	2480.41
7.71338e-05	2628.18
7.86422e-05	2778.32
8.01506e-05	2929.88
8.1659e-05	3082.54
8.31674e-05	3235.24
8.46758e-05	3387.78
8.61842e-05	3539.19
8.76927e-05	3689.44
8.92011e-05	3837.85
9.07095e-05	3984.56
9.22179e-05	4129.41
9.37263e-05	4272.63
9.52347e-05	4414.6
9.67431e-05	4555.59
9.82516e-05	4696.39
9.976e-05	4837.19
0.000101268	4978.95
0.000102777	5121.75
0.000104285	5266.42
0.000105794	5412.92
0.000107302	5561.74
0.00010881	5712.74
0.000110319	5865.9
0.000111827	6020.99
0.000113336	6177.43
0.000114844	6334.91
0.000116353	6492.2
0.000117861	6648.96
0.000119369	6803.34
0.000120878	6955.04
0.000122386	7101.78
0.000123895	7243.4
0.000125403	7377.58
0.000126911	7504.34
0.00012842	7621.93
0.000129928	7730.5
0.000131437	7829.34
0.000132945	7918.68
0.000134453	7999
0.000135962	8070.49
0.00013747	8134.52
0.000138979	8191.18
0.000140487	8242.03
0.000141996	8287.03
0.000143504	8327.2
0.000145012	8362.4
0.000146521	8392.55
0.000148029	8417.47
0.000149538	8436.3
0.000151046	8448.45
0.000152554	8448.73
0.000154063	8442.67
0.000155571	8428.6
0.00015708	8398.46
0.000158588	8355.98
0.000160097	8300.74
0.000161605	8231.74
0.000163113	8149.14
0.000164622	8054.09
0.00016613	7946.73
0.000167639	7829.97
0.000169147	7703.88
0.000170655	7572.62
0.000172164	7436.18
0.000173672	7299.03
0.000175181	7161.11
0.000176689	7026.09
0.000178197	6893.91
0.000179706	6766.56
0.000181214	6643.99
0.000182723	6526.07
0.000184231	6412.8
0.00018574	6302.02
0.000187248	6193.78
0.000188756	6084.58
0.000190265	5974.47
0.000191773	5859.61
0.000193282	5740
0.00019479	5612.53
0.000196298	5477.13
0.000197807	5332.21
0.000199315	5177.66
0.000200824	5013.74
0.000202332	4840.36
0.000203841	4659.53
0.000205349	4471.15
0.000206857	4278.53
0.000208366	4081.62
0.000209874	3884.25
0.000211383	3686.47
0.000212891	3491.91
0.000214399	3300.7
0.000215908	3115.72
0.000217416	2937.13
0.000218925	2766.69
0.000220433	2604.6
0.000221941	2451.45
0.00022345	2307.39
0.000224958	2172.08
0.000226467	2045.6
0.000227975	1927.03
0.000229484	1816.39
0.000230992	1712.57
0.0002325	1615.52
0.000234009	1524.23
0.000235517	1438.62
0.000237026	1357.86
0.000238534	1281.88
0.000240042	1209.97
0.000241551	1142.09
0.000243059	1077.53
0.000244568	1016.25
0.000246076	957.538
0.000247585	901.326
0.000249093	846.969
0.000250601	794.363
0.00025211	743.086
0.000253618	693.018
0.000255127	644.081
0.000256635	596.182
0.000258143	549.584
0.000259652	504.26
0.00026116	460.678
0.000262669	418.889
0.000264177	379.357
0.000265685	342.187
0.000267194	307.664
0.000268702	275.9
0.000270211	246.926
0.000271719	220.818
0.000273228	197.386
0.000274736	176.644
0.000276244	158.273
0.000277753	142.229
0.000279261	128.152
0.00028077	115.962
0.000282278	105.314
0.000283786	96.1109
0.000285295	88.0475
0.000286803	81.0233
0.000288312	74.78
0.00028982	69.2197
0.000291329	64.1397
0.000292837	59.4481
0.000294345	55.0103
0.000295854	50.7478
0.000297362	46.6015
0.000298871	42.5166
0.000300379	38.5021
0.000301887	34.5352
0.000303396	30.669
0.000304904	26.9124
0.000306413	23.3295
0.000307921	19.9507
0.000309429	16.8219
0.000310938	13.9786
0.000312446	11.4341
0.000313955	9.21259
0.000315463	7.29653
0.000316972	5.69074
0.00031848	4.3587
0.000319988	3.28622
0.000321497	2.43233
0.000323005	1.77065
0.000324514	1.26612
0.000326022	0.888894
0.00032753	0.614143
0.000329039	0.415305
0.000330547	0.277394
0.000332056	0.174921
0.000333564	0.116615
