0.000166815	1.91364e-13
0.000172682	9.49904e-13
0.000178548	3.22553e-12
0.000184415	1.50402e-11
0.000190282	4.77325e-11
0.000196148	2.0026e-10
0.000202015	6.20251e-10
0.000207881	2.35105e-09
0.000213748	7.07852e-09
0.000219614	2.43475e-08
0.000225481	7.09633e-08
0.000231347	2.22516e-07
0.000237214	6.25102e-07
0.00024308	1.79539e-06
0.000248947	4.8397e-06
0.000254813	1.27942e-05
0.00026068	3.29443e-05
0.000266547	8.055e-05
0.000272413	0.000197243
0.00027828	0.000448168
0.000284146	0.00103912
0.000290013	0.00220414
0.000295879	0.00481934
0.000301746	0.00958381
0.000307612	0.0196879
0.000313479	0.0368465
0.000319345	0.070888
0.000325212	0.128611
0.000331078	0.227032
0.000336945	0.388881
0.000342812	0.641131
0.000348678	1.03282
0.000354545	1.59732
0.000360411	2.41618
0.000366278	3.51446
0.000372144	4.99035
0.000378011	6.83865
0.000383877	9.12316
0.000389744	11.7948
0.00039561	14.8118
0.000401477	18.0952
0.000407343	21.4607
0.00041321	24.8422
0.000419077	27.9692
0.000424943	30.8333
0.00043081	33.224
0.000436676	35.2009
0.000442543	36.7591
0.000448409	37.9885
0.000454276	39.1179
0.000460142	40.2107
0.000466009	41.6035
0.000471875	43.3003
0.000477742	45.5505
0.000483608	48.314
0.000489475	51.6339
0.000495342	55.4794
0.000501208	59.7504
0.000507075	64.4793
0.000512941	69.6612
0.000518808	75.4053
0.000524674	82.0721
0.000530541	89.8039
0.000536407	99.4173
0.000542274	111.012
0.00054814	125.645
0.000554007	143.32
0.000559873	164.897
0.00056574	190.29
0.000571606	219.779
0.000577473	253.245
0.00058334	290.299
0.000589206	330.854
0.000595073	374.093
0.000600939	419.985
0.000606806	467.657
0.000612672	517.118
0.000618539	567.691
0.000624405	619.401
0.000630272	671.845
0.000636138	725.063
0.000642005	779.001
0.000647871	833.727
0.000653738	889.77
0.000659605	947.212
0.000665471	1007.41
0.000671338	1070.42
0.000677204	1138.26
0.000683071	1210.92
0.000688937	1290.27
0.000694804	1376.25
0.00070067	1469.53
0.000706537	1570.04
0.000712403	1676.72
0.00071827	1789.53
0.000724136	1905.91
0.000730003	2025.86
0.00073587	2146.05
0.000741736	2266.5
0.000747603	2383.72
0.000753469	2497.73
0.000759336	2605.36
0.000765202	2706.62
0.000771069	2799.28
0.000776935	2883.33
0.000782802	2958.02
0.000788668	3023.3
0.000794535	3079.79
0.000800401	3127.45
0.000806268	3167.28
0.000812135	3199.31
0.000818001	3224.36
0.000823868	3242.72
0.000829734	3250.32
0.000835601	3253.3
0.000841467	3252.49
0.000847334	3242.2
0.0008532	3227.34
0.000859067	3208.27
0.000864933	3186.58
0.0008708	3162.4
0.000876666	3136.34
0.000882533	3108.63
0.0008884	3077.72
0.000894266	3043.73
0.000900133	3003.81
0.000905999	2957.87
0.000911866	2903.46
0.000917732	2840.3
0.000923599	2767.8
0.000929465	2685.62
0.000935332	2595.44
0.000941198	2497.06
0.000947065	2393.82
0.000952931	2285.8
0.000958798	2176.78
0.000964665	2067.1
0.000970531	1959.69
0.000976398	1855.03
0.000982264	1754.33
0.000988131	1658.02
0.000993997	1565.71
0.000999864	1477.54
0.00100573	1392.51
0.0010116	1310.48
0.00101746	1230.82
0.00102333	1153.32
0.0010292	1078.06
0.00103506	1004.96
0.00104093	934.345
0.0010468	866.304
0.00105266	800.844
0.00105853	738.04
0.0010644	677.605
0.00107026	619.465
0.00107613	563.555
0.001082	509.728
0.00108786	458.494
0.00109373	409.836
0.00109959	364.577
0.00110546	322.927
0.00111133	285.386
0.00111719	252.256
0.00112306	223.302
0.00112893	198.684
0.00113479	177.562
0.00114066	159.826
0.00114653	144.515
0.00115239	131.321
0.00115826	119.573
0.00116413	108.944
0.00116999	99.1528
0.00117586	89.9911
0.00118173	81.4151
0.00118759	73.3492
0.00119346	65.8089
0.00119933	58.7837
0.00120519	52.2792
0.00121106	46.2916
0.00121693	40.8375
0.00122279	35.9145
0.00122866	31.5644
0.00123453	27.8079
0.00124039	24.6656
0.00124626	22.1777
0.00125212	20.2757
0.00125799	18.9734
0.00126386	18.1002
0.00126972	17.595
0.00127559	17.2561
0.00128146	16.949
0.00128732	16.5465
0.00129319	15.9044
0.00129906	15.025
0.00130492	13.8344
0.00131079	12.4317
0.00131666	10.8449
0.00132252	9.18796
0.00132839	7.59113
0.00133426	6.0098
