0.000100103	8.37788e-12
0.000103622	3.01487e-11
0.000107142	9.54612e-11
0.000110662	3.36713e-10
0.000114182	9.77492e-10
0.000117702	3.18503e-09
0.000121222	8.99546e-09
0.000124742	2.71651e-08
0.000128261	7.4405e-08
0.000131781	2.08948e-07
0.000135301	5.53227e-07
0.000138821	1.44969e-06
0.000142341	3.69822e-06
0.000145861	9.07396e-06
0.000149381	2.22306e-05
0.0001529	5.12472e-05
0.00015642	0.000120193
0.00015994	0.000261192
0.00016346	0.00058466
0.00016698	0.00120152
0.0001705	0.0025596
0.00017402	0.00498946
0.000177539	0.0100896
0.000181059	0.0187072
0.000184579	0.0358293
0.000188099	0.064509
0.000191619	0.115315
0.000195139	0.199057
0.000198659	0.335101
0.000202178	0.551081
0.000205698	0.87862
0.000209218	1.37434
0.000212738	2.08061
0.000216258	3.09338
0.000219778	4.45509
0.000223298	6.29592
0.000226817	8.63807
0.000230337	11.6102
0.000233857	15.1915
0.000237377	19.4395
0.000240897	24.2803
0.000244417	29.6203
0.000247937	35.3485
0.000251456	41.18
0.000254976	47.0095
0.000258496	52.4116
0.000262016	57.3397
0.000265536	61.3823
0.000269056	64.5875
0.000272576	66.8189
0.000276095	68.1241
0.000279615	68.6278
0.000283135	68.8664
0.000286655	69.339
0.000290175	70.1015
0.000293695	71.931
0.000297214	75.7014
0.000300734	81.9097
0.000304254	90.6934
0.000307774	102.94
0.000311294	118.591
0.000314814	138.081
0.000318334	161.294
0.000321853	188.125
0.000325373	218.432
0.000328893	251.566
0.000332413	287.398
0.000335933	324.854
0.000339453	363.868
0.000342973	403.235
0.000346492	442.993
0.000350012	482.301
0.000353532	521.312
0.000357052	560.119
0.000360572	598.949
0.000364092	639.206
0.000367612	681.11
0.000371131	727.314
0.000374651	777.96
0.000378171	836.416
0.000381691	902.712
0.000385211	980.121
0.000388731	1068.56
0.000392251	1170.33
0.00039577	1285.27
0.00039929	1413.88
0.00040281	1555.97
0.00040633	1709.67
0.00040985	1874.81
0.00041337	2047.12
0.00041689	2226.52
0.000420409	2407.22
0.000423929	2589.27
0.000427449	2767.21
0.000430969	2941.15
0.000434489	3108.02
0.000438009	3267.94
0.000441529	3421.45
0.000445048	3568.58
0.000448568	3712.99
0.000452088	3854.64
0.000455608	3998.12
0.000459128	4143.4
0.000462648	4293.08
0.000466168	4447.25
0.000469687	4604.31
0.000473207	4764.42
0.000476727	4921.39
0.000480247	5075.36
0.000483767	5217.11
0.000487287	5346.67
0.000490807	5454.91
0.000494326	5541.64
0.000497846	5601.53
0.000501366	5634.41
0.000504886	5637.51
0.000508406	5615.24
0.000511926	5571.23
0.000515446	5504.9
0.000518965	5425.77
0.000522485	5334
0.000526005	5237.92
0.000529525	5138.06
0.000533045	5038.82
0.000536565	4940.85
0.000540085	4843.86
0.000543604	4748.26
0.000547124	4650.76
0.000550644	4551.36
0.000554164	4446.53
0.000557684	4335.92
0.000561204	4217.9
0.000564724	4092.01
0.000568243	3959.11
0.000571763	3818.92
0.000575283	3674.08
0.000578803	3524.59
0.000582323	3373.65
0.000585843	3221.52
0.000589362	3070.91
0.000592882	2922.2
0.000596402	2777.12
0.000599922	2636
0.000603442	2499.67
0.000606962	2368.33
0.000610482	2242.24
0.000614001	2121.55
0.000617521	2006.12
0.000621041	1896.07
0.000624561	1790.79
0.000628081	1690.35
0.000631601	1593.57
0.000635121	1500.37
0.00063864	1409.29
0.00064216	1320.01
0.00064568	1231.55
0.0006492	1143.47
0.00065272	1055.89
0.00065624	968.494
0.00065976	882.542
0.000663279	798.072
0.000666799	716.817
0.000670319	639.175
0.000673839	566.543
0.000677359	499.46
0.000680879	438.529
0.000684399	384.176
0.000687918	336.227
0.000691438	294.864
0.000694958	259.402
0.000698478	229.787
0.000701998	205.059
0.000705518	184.992
0.000709038	168.504
0.000712557	155.237
0.000716077	144.143
0.000719597	134.762
0.000723117	126.277
0.000726637	118.206
0.000730157	110.135
0.000733677	101.68
0.000737196	92.8649
0.000740716	83.5141
0.000744236	73.9452
0.000747756	64.2168
0.000751276	54.7054
0.000754796	45.6214
0.000758316	37.2076
0.000761835	29.6898
0.000765355	23.1105
0.000768875	17.601
0.000772395	13.053
0.000775915	9.46909
0.000779435	6.68552
0.000782955	4.61024
0.000786474	3.09947
0.000789994	2.027
0.000793514	1.29907
0.000797034	0.770817
0.000800554	0.491844
