3.33898e-05	170.375
3.48982e-05	189.11
3.64066e-05	211.837
3.7915e-05	238.39
3.94234e-05	269.254
4.09318e-05	304.796
4.24402e-05	345.285
4.39487e-05	391.102
4.54571e-05	442.398
4.69655e-05	499.505
4.84739e-05	562.397
4.99823e-05	631.257
5.14907e-05	705.86
5.29991e-05	786.135
5.45076e-05	871.685
5.6016e-05	962.128
5.75244e-05	1056.97
5.90328e-05	1155.54
6.05412e-05	1257.37
6.20496e-05	1361.61
6.3558e-05	1467.92
6.50665e-05	1575.47
6.65749e-05	1684.14
6.80833e-05	1793.34
6.95917e-05	1903.17
7.11001e-05	2013.45
7.26085e-05	2124.46
7.41169e-05	2236.49
7.56253e-05	2349.88
7.71338e-05	2465.32
7.86422e-05	2583.1
8.01506e-05	2704.07
8.1659e-05	2828.37
8.31674e-05	2956.74
8.46758e-05	3089.14
8.61842e-05	3225.95
8.76927e-05	3366.98
8.92011e-05	3512.12
9.07095e-05	3661.16
9.22179e-05	3813.58
9.37263e-05	3969.24
9.52347e-05	4127.48
9.67431e-05	4288.3
9.82516e-05	4451.22
9.976e-05	4616.37
0.000101268	4783.69
0.000102777	4953.32
0.000104285	5125.6
0.000105794	5300.59
0.000107302	5478.7
0.00010881	5659.82
0.000110319	5843.98
0.000111827	6030.89
0.000113336	6219.77
0.000114844	6410.23
0.000116353	6600.54
0.000117861	6790.32
0.000119369	6977.1
0.000120878	7160.6
0.000122386	7338.12
0.000123895	7509.55
0.000125403	7672.5
0.000126911	7827.01
0.00012842	7971.46
0.000129928	8105.98
0.000131437	8229.85
0.000132945	8343.21
0.000134453	8446.13
0.000135962	8538.7
0.00013747	8621.43
0.000138979	8694.35
0.000140487	8758.01
0.000141996	8812.41
0.000143504	8857.9
0.000145012	8894.42
0.000146521	8923.08
0.000148029	8942.65
0.000149538	8946.8
0.000151046	8947.99
0.000152554	8943.88
0.000154063	8923.61
0.000155571	8895.24
0.00015708	8857.99
0.000158588	8811.51
0.000160097	8755.83
0.000161605	8691.32
0.000163113	8618
0.000164622	8536.26
0.00016613	8446.08
0.000167639	8347.67
0.000169147	8241.01
0.000170655	8126.04
0.000172164	8002.75
0.000173672	7870.88
0.000175181	7730.44
0.000176689	7581.25
0.000178197	7423.32
0.000179706	7256.91
0.000181214	7082.03
0.000182723	6899.65
0.000184231	6709.78
0.00018574	6514.27
0.000187248	6313.09
0.000188756	6108.88
0.000190265	5901.6
0.000191773	5694.29
0.000193282	5486.93
0.00019479	5282.44
0.000196298	5080.83
0.000197807	4884.37
0.000199315	4693.09
0.000200824	4508.19
0.000202332	4329.74
0.000203841	4157.78
0.000205349	3992.37
0.000206857	3832.67
0.000208366	3678.71
0.000209874	3529.29
0.000211383	3384.41
0.000212891	3243.04
0.000214399	3105.14
0.000215908	2970.24
0.000217416	2838.27
0.000218925	2709.33
0.000220433	2583.39
0.000221941	2460.82
0.00022345	2341.64
0.000224958	2226.16
0.000226467	2114.44
0.000227975	2006.46
0.000229484	1902.28
0.000230992	1801.57
0.0002325	1704.35
0.000234009	1610.19
0.000235517	1519.05
0.000237026	1430.7
0.000238534	1345.06
0.000240042	1262.27
0.000241551	1182.27
0.000243059	1105.56
0.000244568	1032.12
0.000246076	962.607
0.000247585	897.082
0.000249093	836.053
0.000250601	779.637
0.00025211	727.971
0.000253618	681.173
0.000255127	638.915
0.000256635	601.261
0.000258143	567.485
0.000259652	537.562
0.00026116	510.537
0.000262669	486.296
0.000264177	463.863
0.000265685	443.057
0.000267194	423.064
0.000268702	403.676
0.000270211	384.353
0.000271719	364.904
0.000273228	345.1
0.000274736	324.802
0.000276244	304.063
0.000277753	282.816
0.000279261	261.324
0.00028077	239.597
0.000282278	218.003
0.000283786	196.62
0.000285295	175.822
0.000286803	155.731
0.000288312	136.644
0.00028982	118.694
0.000291329	102.055
0.000292837	86.8372
0.000294345	73.0814
0.000295854	60.8546
0.000297362	50.0815
0.000298871	40.7767
0.000300379	32.7897
0.000301887	26.0853
0.000303396	20.4825
0.000304904	15.91
0.000306413	12.1929
0.000307921	9.24152
0.000309429	6.90986
0.000310938	5.10719
0.000312446	3.72481
0.000313955	2.68294
0.000315463	1.90851
0.000316972	1.33874
0.00031848	0.92891
0.000319988	0.634078
0.000321497	0.42925
0.000323005	0.284893
0.000324514	0.188239
0.000326022	0.121358
0.00032753	0.0783072
0.000329039	0.0489869
0.000330547	0.0308917
0.000332056	0.0176913
0.000333564	0.0115536
