0.000100103	1.13649e-11
0.000103622	5.65435e-11
0.000107142	1.92079e-10
0.000110662	8.83977e-10
0.000114182	2.79531e-09
0.000117702	1.14098e-08
0.000121222	3.50291e-08
0.000124742	1.27477e-07
0.000128261	3.78017e-07
0.000131781	1.23336e-06
0.000135301	3.51327e-06
0.000138821	1.03374e-05
0.000142341	2.81236e-05
0.000145861	7.50779e-05
0.000149381	0.000193928
0.0001529	0.000472573
0.00015642	0.00115208
0.00015994	0.0025781
0.00016346	0.0058976
0.00016698	0.0121889
0.0001705	0.0260196
0.00017402	0.049929
0.000177539	0.098961
0.000181059	0.182099
0.000184579	0.326979
0.000188099	0.564687
0.000191619	0.932306
0.000195139	1.49634
0.000198659	2.28969
0.000202178	3.40641
0.000205698	4.84438
0.000209218	6.67448
0.000212738	8.8322
0.000216258	11.2743
0.000219778	13.8862
0.000223298	16.448
0.000226817	18.8611
0.000230337	20.8654
0.000233857	22.2946
0.000237377	22.7951
0.000240897	22.9919
0.000244417	22.623
0.000247937	21.6469
0.000251456	20.6016
0.000254976	19.6654
0.000258496	19.5127
0.000262016	19.4636
0.000265536	19.9828
0.000269056	21.714
0.000272576	24.019
0.000276095	26.9885
0.000279615	30.4908
0.000283135	34.531
0.000286655	39.0136
0.000290175	43.9733
0.000293695	49.4496
0.000297214	55.4725
0.000300734	62.1486
0.000304254	69.5253
0.000307774	77.7858
0.000311294	87.0522
0.000314814	97.8377
0.000318334	110.337
0.000321853	125.67
0.000325373	144
0.000328893	166.903
0.000332413	194.389
0.000335933	227.79
0.000339453	266.941
0.000342973	312.135
0.000346492	363.143
0.000350012	418.994
0.000353532	479.546
0.000357052	543.147
0.000360572	609.811
0.000364092	678.191
0.000367612	748.427
0.000371131	820.265
0.000374651	893.893
0.000378171	970.457
0.000381691	1050.13
0.000385211	1135.31
0.000388731	1226.1
0.000392251	1325.59
0.00039577	1433.76
0.00039929	1553.31
0.00040281	1684.1
0.00040633	1827.06
0.00040985	1982.03
0.00041337	2147.44
0.00041689	2323.18
0.000420409	2505.77
0.000423929	2695.21
0.000427449	2887.81
0.000430969	3083.63
0.000434489	3280.09
0.000438009	3477.23
0.000441529	3673.32
0.000445048	3868.37
0.000448568	4060.23
0.000452088	4248.9
0.000455608	4431.25
0.000459128	4607.31
0.000462648	4774
0.000466168	4931.32
0.000469687	5077.47
0.000473207	5212.44
0.000476727	5335.33
0.000480247	5446.19
0.000483767	5543.45
0.000487287	5627.18
0.000490807	5695.19
0.000494326	5748.18
0.000497846	5771.72
0.000501366	5781.24
0.000504886	5778.66
0.000508406	5744.25
0.000511926	5690.21
0.000515446	5617.56
0.000518965	5529.29
0.000522485	5425.35
0.000526005	5311.23
0.000529525	5187.04
0.000533045	5057.59
0.000536565	4923.14
0.000540085	4786.78
0.000543604	4648.85
0.000547124	4510.5
0.000550644	4371.96
0.000554164	4233.07
0.000557684	4093.85
0.000561204	3954.21
0.000564724	3814
0.000568243	3674.3
0.000571763	3535.02
0.000575283	3398.1
0.000578803	3263.71
0.000582323	3133.26
0.000585843	3007.1
0.000589362	2885.14
0.000592882	2767.65
0.000596402	2653.21
0.000599922	2541.86
0.000603442	2431.61
0.000606962	2322.28
0.000610482	2212.08
0.000614001	2100.63
0.000617521	1987.07
0.000621041	1870.99
0.000624561	1752.96
0.000628081	1632.75
0.000631601	1512.14
0.000635121	1391.24
0.00063864	1272.05
0.00064216	1154.93
0.00064568	1041.35
0.0006492	931.633
0.00065272	826.908
0.00065624	727.37
0.00065976	634.313
0.000663279	548
0.000666799	469.69
0.000670319	399.874
0.000673839	338.911
0.000677359	287.313
0.000680879	244.003
0.000684399	209.099
0.000687918	180.561
0.000691438	157.929
0.000694958	139.268
0.000698478	123.794
0.000701998	110.413
0.000705518	98.458
0.000709038	87.6396
0.000712557	77.6428
0.000716077	68.4866
0.000719597	60.1204
0.000723117	52.5004
0.000726637	45.6232
0.000730157	39.3637
0.000733677	33.6628
0.000737196	28.4511
0.000740716	23.6607
0.000744236	19.3185
0.000747756	15.4129
0.000751276	11.9859
0.000754796	9.07035
0.000758316	6.64567
0.000761835	4.73038
0.000765355	3.24415
0.000768875	2.15799
0.000772395	1.38181
0.000775915	0.853725
0.000779435	0.510946
0.000782955	0.291067
0.000786474	0.163572
0.000789994	0.0840746
0.000793514	0.0453181
0.000797034	0.0194544
0.000800554	0.0108332
