0.000100103	0.272011
0.00010312	0.407374
0.000106137	0.642447
0.000109154	0.958323
0.000112171	1.41021
0.000115188	2.0317
0.000118205	2.87704
0.000121222	4.00011
0.000124239	5.45605
0.000127256	7.31682
0.000130273	9.61965
0.00013329	12.4397
0.000136307	15.7735
0.000139324	19.669
0.000142341	24.0662
0.000145358	28.9466
0.000148375	34.1964
0.000151392	39.7007
0.000154408	45.3206
0.000157425	50.8468
0.000160442	56.1642
0.000163459	61.0191
0.000166476	65.3692
0.000169493	69.0077
0.00017251	71.9907
0.000175527	74.2568
0.000178544	75.9502
0.000181561	77.2161
0.000184578	78.2442
0.000187595	79.378
0.000190612	80.7995
0.000193629	82.9749
0.000196646	86.0369
0.000199663	90.4635
0.00020268	96.3225
0.000205697	104.004
0.000208714	113.52
0.000211731	125.118
0.000214748	138.781
0.000217765	154.614
0.000220782	172.603
0.000223799	192.766
0.000226816	215.12
0.000229833	239.687
0.00023285	266.531
0.000235867	295.782
0.000238884	327.542
0.000241901	362.123
0.000244918	399.642
0.000247935	440.591
0.000250952	485.062
0.000253969	533.63
0.000256986	586.324
0.000260003	643.629
0.00026302	705.495
0.000266037	772.131
0.000269054	843.427
0.000272071	919.201
0.000275088	999.327
0.000278105	1083.25
0.000281122	1170.86
0.000284139	1261.38
0.000287156	1354.73
0.000290173	1450.09
0.00029319	1547.43
0.000296207	1646.02
0.000299224	1745.87
0.000302241	1846.41
0.000305258	1947.68
0.000308275	2049.32
0.000311292	2151.38
0.000314309	2253.73
0.000317326	2356.46
0.000320343	2459.79
0.00032336	2563.8
0.000326377	2669.17
0.000329394	2775.97
0.000332411	2885.31
0.000335428	2997.26
0.000338445	3113.17
0.000341462	3233.04
0.000344479	3358.07
0.000347496	3488.19
0.000350513	3623.89
0.00035353	3765.05
0.000356547	3910.96
0.000359564	4061.48
0.000362581	4214.43
0.000365598	4369.71
0.000368615	4523.83
0.000371632	4676.75
0.000374649	4824.2
0.000377666	4966.2
0.000380683	5098.47
0.0003837	5221.05
0.000386717	5330.33
0.000389734	5426.34
0.000392751	5506.5
0.000395768	5570.85
0.000398785	5619
0.000401802	5650.93
0.000404819	5655.11
0.000407836	5649.01
0.000410853	5632.98
0.00041387	5589.62
0.000416887	5530.56
0.000419904	5456.04
0.000422921	5366.97
0.000425938	5263.29
0.000428955	5148.14
0.000431972	5021.45
0.000434989	4887.27
0.000438006	4745.57
0.000441023	4600.81
0.00044404	4453.02
0.000447057	4306.34
0.000450074	4160.88
0.000453091	4019.69
0.000456108	3882.95
0.000459125	3752.13
0.000462142	3627.4
0.000465159	3508.64
0.000468176	3395.97
0.000471193	3288.05
0.00047421	3184.93
0.000477227	3084.81
0.000480244	2987.61
0.000483261	2891.8
0.000486278	2797.24
0.000489295	2703.14
0.000492312	2609.34
0.000495329	2515.9
0.000498346	2422.7
0.000501363	2330.42
0.00050438	2239.05
0.000507397	2149.49
0.000510414	2061.8
0.000513431	1976.76
0.000516448	1894.47
0.000519465	1815.28
0.000522482	1739.34
0.000525499	1666.48
0.000528516	1596.79
0.000531533	1529.69
0.00053455	1465.2
0.000537567	1402.49
0.000540584	1341.48
0.000543601	1281.37
0.000546618	1222.01
0.000549635	1162.86
0.000552652	1103.73
0.000555669	1044.5
0.000558686	985.017
0.000561703	925.56
0.00056472	866.077
0.000567737	807.138
0.000570754	748.789
0.000573771	691.716
0.000576788	636.044
0.000579805	582.395
0.000582822	530.937
0.000585839	482.111
0.000588856	436.083
0.000591873	393.063
0.00059489	353.181
0.000597907	316.418
0.000600924	282.842
0.000603941	252.239
0.000606958	224.608
0.000609975	199.608
0.000612992	177.165
0.000616009	156.903
0.000619026	138.694
0.000622043	122.213
0.00062506	107.314
0.000628077	93.7754
0.000631094	81.4686
0.000634111	70.2792
0.000637128	60.1215
0.000640145	50.9478
0.000643162	42.7166
0.000646179	35.3949
0.000649196	28.9666
0.000652213	23.3778
0.00065523	18.6123
0.000658247	14.5871
0.000661264	11.2686
0.000664281	8.55798
0.000667298	6.40152
0.000670315	4.70455
0.000673332	3.40175
0.000676349	2.41739
0.000679366	1.6871
0.000682383	1.15908
0.0006854	0.779587
0.000688417	0.517962
0.000691434	0.335205
0.000694451	0.215544
0.000697468	0.128112
0.000700485	0.0834802
