3.33898e-05	2.77813e-30
3.59039e-05	5.4814e-29
3.8418e-05	2.10922e-28
4.09322e-05	3.6756e-27
4.34463e-05	1.39895e-26
4.59604e-05	2.12907e-25
4.84746e-05	8.10589e-25
5.09887e-05	1.07897e-23
5.35028e-05	4.10325e-23
5.6017e-05	4.78513e-22
5.85311e-05	1.81466e-21
6.10452e-05	1.85768e-20
6.35594e-05	7.0116e-20
6.60735e-05	6.31509e-19
6.85877e-05	2.36707e-18
7.11018e-05	1.88048e-17
7.36159e-05	6.98232e-17
7.61301e-05	4.90686e-16
7.86442e-05	1.79974e-15
8.11583e-05	1.12243e-14
8.36725e-05	4.0539e-14
8.61866e-05	2.25178e-13
8.87007e-05	7.98052e-13
9.12149e-05	3.96364e-12
9.3729e-05	1.3732e-11
9.62431e-05	6.12436e-11
9.87573e-05	2.06556e-10
0.000101271	8.31037e-10
0.000103786	2.71655e-09
0.0001063	9.90749e-09
0.000108814	3.12439e-08
0.000111328	1.03817e-07
0.000113842	3.1433e-07
0.000116356	9.56547e-07
0.00011887	2.76701e-06
0.000121384	7.75212e-06
0.000123899	2.13206e-05
0.000126413	5.52769e-05
0.000128927	0.000143861
0.000131441	0.00034689
0.000133955	0.000850502
0.000136469	0.00191633
0.000138983	0.00440835
0.000141498	0.00932146
0.000144012	0.0200488
0.000146526	0.039935
0.00014904	0.0800802
0.000151554	0.151721
0.000154068	0.282268
0.000156582	0.514355
0.000159096	0.885296
0.000161611	1.50949
0.000164125	2.44032
0.000166639	3.89468
0.000169153	5.93075
0.000171667	8.87187
0.000174181	12.7545
0.000176695	17.9341
0.00017921	24.4016
0.000181724	32.3935
0.000184238	41.8615
0.000186752	52.7976
0.000189266	65.1633
0.00019178	78.7661
0.000194294	93.6385
0.000196809	109.714
0.000199323	127.115
0.000201837	146.295
0.000204351	167.423
0.000206865	191.652
0.000209379	219.117
0.000211893	251.454
0.000214407	288.704
0.000216922	332.46
0.000219436	382.658
0.00022195	440.264
0.000224464	505.159
0.000226978	577.359
0.000229492	656.786
0.000232006	742.796
0.000234521	835.441
0.000237035	934.455
0.000239549	1040.01
0.000242063	1153.46
0.000244577	1274.96
0.000247091	1407.67
0.000249605	1551.59
0.000252119	1709.95
0.000254634	1882.52
0.000257148	2069.69
0.000259662	2271.17
0.000262176	2482.59
0.00026469	2703.8
0.000267204	2926.83
0.000269718	3151.74
0.000272233	3370.97
0.000274747	3584.67
0.000277261	3790.1
0.000279775	3987.35
0.000282289	4180.46
0.000284803	4369.4
0.000287317	4563.18
0.000289831	4761.73
0.000292346	4974.05
0.00029486	5200.2
0.000297374	5443.22
0.000299888	5703.41
0.000302402	5973.97
0.000304916	6255.28
0.00030743	6531.46
0.000309945	6802.71
0.000312459	7050.06
0.000314973	7273.24
0.000317487	7458.69
0.000320001	7605.64
0.000322515	7713.91
0.000325029	7785.12
0.000327544	7798.34
0.000330058	7795.76
0.000332572	7785.62
0.000335086	7738.73
0.0003376	7680.91
0.000340114	7615.16
0.000342628	7543.07
0.000345142	7465.21
0.000347657	7381.33
0.000350171	7291.46
0.000352685	7195.47
0.000355199	7092.98
0.000357713	6986.85
0.000360227	6876.84
0.000362741	6767.94
0.000365256	6660.58
0.00036777	6557.81
0.000370284	6460.7
0.000372798	6366.23
0.000375312	6275.37
0.000377826	6178.46
0.00038034	6075.4
0.000382854	5954.15
0.000385369	5813.17
0.000387883	5644.68
0.000390397	5446.35
0.000392911	5219.23
0.000395425	4961.56
0.000397939	4682.75
0.000400453	4382.7
0.000402968	4074.45
0.000405482	3759.6
0.000407996	3449.5
0.00041051	3146.53
0.000413024	2857.53
0.000415538	2584.59
0.000418052	2330.34
0.000420566	2096.02
0.000423081	1881.7
0.000425595	1687.89
0.000428109	1513.31
0.000430623	1358.04
0.000433137	1219.86
0.000435651	1098.57
0.000438165	991.271
0.00044068	897.446
0.000443194	814.032
0.000445708	740.221
0.000448222	673.425
0.000450736	612.714
0.00045325	556.424
0.000455764	503.732
0.000458279	453.992
0.000460793	406.673
0.000463307	361.888
0.000465821	319.471
0.000468335	279.819
0.000470849	243.048
0.000473363	209.388
0.000475877	179.032
0.000478392	151.848
0.000480906	127.908
0.00048342	106.836
0.000485934	88.5256
0.000488448	72.6002
0.000490962	58.861
0.000493476	47.057
0.000495991	37.0149
0.000498505	28.5666
0.000501019	21.5978
0.000503533	15.9362
0.000506047	11.4829
0.000508561	8.03969
0.000511075	5.48173
0.000513589	3.62498
0.000516104	2.32413
0.000518618	1.44929
0.000521132	0.868211
0.000523646	0.51125
0.00052616	0.283541
0.000528674	0.158674
0.000531188	0.0720999
0.000533703	0.043242
