0.000500379	2.33225e-71
0.000507084	5.77444e-67
0.000513789	2.3097e-66
0.000520493	3.71892e-62
0.000527198	1.50269e-61
0.000533903	1.57322e-57
0.000540607	6.42268e-57
0.000547312	4.37154e-53
0.000554017	1.80341e-52
0.000560721	7.97909e-49
0.000567426	3.32664e-48
0.000574131	9.56648e-45
0.000580835	4.03133e-44
0.00058754	7.53427e-41
0.000594244	3.20939e-40
0.000600949	3.89796e-37
0.000607654	1.67854e-36
0.000614358	1.32485e-33
0.000621063	5.76728e-33
0.000627768	2.95854e-30
0.000634472	1.30181e-29
0.000641177	4.34147e-27
0.000647882	1.93045e-26
0.000654586	4.18753e-24
0.000661291	1.88066e-23
0.000667995	2.65591e-21
0.0006747	1.20367e-20
0.000681405	1.10835e-18
0.000688109	5.06129e-18
0.000694814	3.04624e-16
0.000701519	1.39826e-15
0.000708223	5.52228e-14
0.000714928	2.53814e-13
0.000721633	6.61764e-12
0.000728337	3.02751e-11
0.000735042	5.25936e-10
0.000741746	2.37338e-09
0.000748451	2.7849e-08
0.000755156	1.22313e-07
0.00076186	9.88565e-07
0.000768565	4.14556e-06
0.00077527	2.3703e-05
0.000781974	9.24655e-05
0.000788679	0.000387011
0.000795384	0.00135867
0.000802088	0.00433304
0.000808793	0.013174
0.000815497	0.0333905
0.000822202	0.0845266
0.000828907	0.186633
0.000835611	0.371216
0.000842316	0.679805
0.000849021	1.09466
0.000855725	1.59654
0.00086243	2.16043
0.000869135	2.66161
0.000875839	3.14524
0.000882544	3.65923
0.000889249	4.26728
0.000895953	5.28303
0.000902658	6.6503
0.000909362	8.41276
0.000916067	10.4684
0.000922772	12.3708
0.000929476	14.1663
0.000936181	15.6677
0.000942886	17.0113
0.00094959	18.7309
0.000956295	20.8455
0.000963	23.9139
0.000969704	27.8431
0.000976409	32.5382
0.000983113	37.9744
0.000989818	43.8842
0.000996523	50.3336
0.00100323	57.5753
0.00100993	65.6014
0.00101664	74.5723
0.00102334	84.455
0.00103005	94.9856
0.00103675	106.29
0.00104346	119.175
0.00105016	133.77
0.00105686	152.148
0.00106357	174.249
0.00107027	201.371
0.00107698	233.398
0.00108368	270.155
0.00109039	311.587
0.00109709	356.766
0.0011038	405.692
0.0011105	457.412
0.00111721	511.965
0.00112391	569.157
0.00113062	629.033
0.00113732	692.591
0.00114402	759.853
0.00115073	833.163
0.00115743	912.494
0.00116414	999.426
0.00117084	1093.94
0.00117755	1193.65
0.00118425	1298.56
0.00119096	1404.78
0.00119766	1512.24
0.00120437	1620.97
0.00121107	1730.91
0.00121778	1844.77
0.00122448	1962.68
0.00123119	2083.36
0.00123789	2207.03
0.00124459	2327.43
0.0012513	2444.39
0.001258	2555.48
0.00126471	2660.32
0.00127141	2762.88
0.00127812	2863.48
0.00128482	2961.68
0.00129153	3058.15
0.00129823	3144.46
0.00130494	3220.39
0.00131164	3279.88
0.00131835	3322.04
0.00132505	3349.66
0.00133175	3364.23
0.00133846	3366.65
0.00134516	3365.16
0.00135187	3361.32
0.00135857	3348.16
0.00136528	3323.89
0.00137198	3288.45
0.00137869	3242.06
0.00138539	3183.88
0.0013921	3120.83
0.0013988	3054.33
0.00140551	2982.78
0.00141221	2907.31
0.00141891	2818.96
0.00142562	2715.82
0.00143232	2598.63
0.00143903	2465.5
0.00144573	2327.43
0.00145244	2185.08
0.00145914	2048.79
0.00146585	1920.6
0.00147255	1804.82
0.00147926	1703.9
0.00148596	1612.73
0.00149267	1531.97
0.00149937	1452.28
0.00150608	1371.42
0.00151278	1286.81
0.00151948	1196.38
0.00152619	1104.4
0.00153289	1011.17
0.0015396	920.401
0.0015463	833.181
0.00155301	750.89
0.00155971	674.032
0.00156642	603.576
0.00157312	540.016
0.00157983	483.291
0.00158653	433.9
0.00159324	390.014
0.00159994	351.456
0.00160664	316.063
0.00161335	283.075
0.00162005	251.431
0.00162676	220.245
0.00163346	190.392
0.00164017	161.621
0.00164687	135.877
0.00165358	114.056
0.00166028	96.406
0.00166699	83.7918
0.00167369	74.2523
0.0016804	67.3582
0.0016871	61.3339
0.00169381	55.0172
0.00170051	48.4092
0.00170721	40.9526
0.00171392	33.5952
0.00172062	26.703
0.00172733	20.6521
0.00173403	15.8866
0.00174074	12.097
0.00174744	9.2793
0.00175415	7.1145
0.00176085	5.39184
0.00176756	4.02112
0.00177426	2.8668
0.00178097	1.94506
0.00178767	1.2355
0.00179437	0.718028
0.00180108	0.382595
0.00180778	0.188118
0.00181449	0.0797326
0.00182119	0.0336905
0.0018279	0.0114445
0.0018346	0.00402919
