0.000500379	5.40845e-26
0.000506246	2.11691e-24
0.000512113	8.30537e-24
0.000517979	2.61204e-22
0.000523846	1.02145e-21
0.000529712	2.56939e-20
0.000535579	1.00612e-19
0.000541445	2.02879e-18
0.000547312	7.93726e-18
0.000553178	1.28668e-16
0.000559045	5.01517e-16
0.000564911	6.55922e-15
0.000570778	2.53811e-14
0.000576644	2.69013e-13
0.000582511	1.02888e-12
0.000588378	8.88555e-12
0.000594244	3.34095e-11
0.000600111	2.36648e-10
0.000605977	8.69091e-10
0.000611844	5.08856e-09
0.00061771	1.81131e-08
0.000623577	8.84625e-08
0.000629443	3.02491e-07
0.00063531	1.24505e-06
0.000641176	4.04853e-06
0.000647043	1.42044e-05
0.000652909	4.3436e-05
0.000658776	0.000131492
0.000664643	0.000373677
0.000670509	0.000988316
0.000676376	0.0025787
0.000682242	0.00603221
0.000688109	0.0142813
0.000693975	0.0298857
0.000699842	0.0635117
0.000705708	0.124009
0.000711575	0.229929
0.000717441	0.408916
0.000723308	0.671182
0.000729174	1.06099
0.000735041	1.5664
0.000740908	2.20167
0.000746774	2.928
0.000752641	3.67245
0.000758507	4.39874
0.000764374	4.98182
0.00077024	5.3925
0.000776107	5.50901
0.000781973	5.56016
0.00078784	5.63077
0.000793706	5.7313
0.000799573	6.13301
0.000805439	7.41873
0.000811306	9.74844
0.000817173	13.2805
0.000823039	18.5291
0.000828906	25.4753
0.000834772	34.4239
0.000840639	45.3093
0.000846505	58.1207
0.000852372	72.8034
0.000858238	89.1454
0.000864105	107.121
0.000869971	126.489
0.000875838	147.215
0.000881704	168.992
0.000887571	191.759
0.000893438	214.983
0.000899304	238.657
0.000905171	262.246
0.000911037	285.886
0.000916904	309.781
0.00092277	334.142
0.000928637	360.352
0.000934503	388.523
0.00094037	420.537
0.000946236	456.347
0.000952103	497.204
0.000957969	543.029
0.000963836	594.264
0.000969703	650.911
0.000975569	713.379
0.000981436	781.688
0.000987302	856.511
0.000993169	937.781
0.000999035	1025.54
0.0010049	1119.63
0.00101077	1218.16
0.00101663	1320.99
0.0010225	1423.92
0.00102837	1526.94
0.00103423	1625.28
0.0010401	1719.1
0.00104597	1806.61
0.00105183	1887.98
0.0010577	1966.8
0.00106357	2043.1
0.00106943	2123.26
0.0010753	2207.2
0.00108117	2297.64
0.00108703	2394.56
0.0010929	2493.27
0.00109877	2593.84
0.00110463	2687.72
0.0011105	2774.9
0.00111637	2850.26
0.00112223	2913.64
0.0011281	2966.64
0.00113397	3009.1
0.00113983	3046.47
0.0011457	3078.73
0.00115157	3110.69
0.00115743	3142.5
0.0011633	3176.24
0.00116916	3212.15
0.00117503	3248.9
0.0011809	3286.79
0.00118676	3321.04
0.00119263	3352.44
0.0011985	3366.44
0.00120436	3371.6
0.00121023	3369.53
0.0012161	3341.48
0.00122196	3296.46
0.00122783	3235.66
0.0012337	3161.53
0.00123956	3073.98
0.00124543	2978.24
0.0012513	2874.45
0.00125716	2767.99
0.00126303	2659.18
0.0012689	2552.65
0.00127476	2448.96
0.00128063	2350.17
0.0012865	2256.99
0.00129236	2167.78
0.00129823	2082.95
0.0013041	1998.15
0.00130996	1913.13
0.00131583	1823.67
0.00132169	1728.85
0.00132756	1628
0.00133343	1520.08
0.00133929	1409.48
0.00134516	1295.99
0.00135103	1186.4
0.00135689	1081.78
0.00136276	986.385
0.00136863	901.771
0.00137449	827.087
0.00138036	763.114
0.00138623	705.842
0.00139209	654.785
0.00139796	606.591
0.00140383	560.15
0.00140969	514.903
0.00141556	470.097
0.00142143	427.394
0.00142729	386.902
0.00143316	350.347
0.00143903	318.432
0.00144489	291.155
0.00145076	269.05
0.00145663	250.402
0.00146249	235.045
0.00146836	221.018
0.00147422	207.628
0.00148009	193.923
0.00148596	179.259
0.00149182	163.813
0.00149769	147.338
0.00150356	130.593
0.00150942	113.707
0.00151529	97.4946
0.00152116	82.2989
0.00152702	68.6153
0.00153289	56.8162
0.00153876	46.8664
0.00154462	38.9594
0.00155049	32.65
0.00155636	27.8451
0.00156222	24.0668
0.00156809	21.0535
0.00157396	18.5527
0.00157982	16.3425
0.00158569	14.3605
0.00159156	12.503
0.00159742	10.7681
0.00160329	9.12022
0.00160916	7.57705
0.00161502	6.13155
0.00162089	4.81749
0.00162675	3.65501
0.00163262	2.66072
0.00163849	1.86199
0.00164435	1.23689
0.00165022	0.787367
0.00165609	0.474088
0.00166195	0.256348
0.00166782	0.148085
