0.000100103	5.63994e-18
0.000103622	3.13346e-17
0.000107142	1.08418e-16
0.000110662	5.73373e-16
0.000114182	1.87768e-15
0.000117702	9.08354e-15
0.000121222	2.93014e-14
0.000124742	1.30003e-13
0.000128261	4.12069e-13
0.000131781	1.68142e-12
0.000135301	5.22337e-12
0.000138821	1.96598e-11
0.000142341	5.96931e-11
0.000145861	2.07885e-10
0.000149381	6.15175e-10
0.0001529	1.9887e-09
0.00015642	5.71877e-09
0.00015994	1.72182e-08
0.00016346	4.79715e-08
0.00016698	1.34976e-07
0.0001705	3.63254e-07
0.00017402	9.58408e-07
0.000177539	2.48415e-06
0.000181059	6.16673e-06
0.000184579	1.535e-05
0.000188099	3.59718e-05
0.000191619	8.57532e-05
0.000195139	0.000190313
0.000198659	0.000433396
0.000202178	0.000913648
0.000205698	0.001983
0.000209218	0.00398209
0.000212738	0.00822064
0.000216258	0.0157648
0.000219778	0.0309031
0.000223298	0.0568464
0.000226817	0.105533
0.000230337	0.189339
0.000233857	0.329951
0.000237377	0.565591
0.000240897	0.936807
0.000244417	1.53227
0.000247937	2.41815
0.000251456	3.77088
0.000254976	5.6799
0.000258496	8.44233
0.000262016	12.1512
0.000265536	17.218
0.000269056	23.7
0.000272576	32.0324
0.000276095	42.1905
0.000279615	54.4403
0.000283135	68.6513
0.000286655	84.6801
0.000290175	102.32
0.000293695	120.875
0.000297214	140.148
0.000300734	159.006
0.000304254	177.369
0.000307774	194.094
0.000311294	209.269
0.000314814	222.319
0.000318334	233.469
0.000321853	243.117
0.000325373	251.53
0.000328893	260.083
0.000332413	268.996
0.000335933	280.278
0.000339453	294.075
0.000342973	312.63
0.000346492	336.038
0.000350012	366.555
0.000353532	404.234
0.000357052	451.22
0.000360572	507.482
0.000364092	574.69
0.000367612	652.687
0.000371131	741.932
0.000374651	842.165
0.000378171	951.916
0.000381691	1070.93
0.000385211	1195.8
0.000388731	1326.41
0.000392251	1458.47
0.00039577	1592.03
0.00039929	1723.59
0.00040281	1853.28
0.00040633	1979.61
0.00040985	2102.7
0.00041337	2223.09
0.00041689	2340.82
0.000420409	2457.43
0.000423929	2572.9
0.000427449	2688.58
0.000430969	2804.46
0.000434489	2921.23
0.000438009	3038.89
0.000441529	3157.92
0.000445048	3278.32
0.000448568	3401
0.000452088	3525.97
0.000455608	3654.47
0.000459128	3786.52
0.000462648	3922.6
0.000466168	4062.75
0.000469687	4205.1
0.000473207	4349.75
0.000476727	4491.65
0.000480247	4630.91
0.000483767	4760.14
0.000487287	4879.35
0.000490807	4980.97
0.000494326	5064.88
0.000497846	5126.56
0.000501366	5166.51
0.000504886	5172.61
0.000508406	5159.88
0.000511926	5130.97
0.000515446	5072.02
0.000518965	4996.11
0.000522485	4904.07
0.000526005	4802.11
0.000529525	4690.38
0.000533045	4575.64
0.000536565	4458.26
0.000540085	4342.93
0.000543604	4230.12
0.000547124	4121.81
0.000550644	4018.38
0.000554164	3919.57
0.000557684	3825.57
0.000561204	3734.92
0.000564724	3647.63
0.000568243	3561.9
0.000571763	3477.64
0.000575283	3393.1
0.000578803	3308.17
0.000582323	3221.25
0.000585843	3132.19
0.000589362	3039.69
0.000592882	2943.56
0.000596402	2843.03
0.000599922	2737.89
0.000603442	2627.96
0.000606962	2513.09
0.000610482	2393.61
0.000614001	2269.44
0.000617521	2141.51
0.000621041	2009.74
0.000624561	1875.89
0.000628081	1739.95
0.000631601	1604.53
0.000635121	1469.85
0.00063864	1338.95
0.00064216	1212.35
0.00064568	1092.65
0.0006492	980.58
0.00065272	877.454
0.00065624	783.955
0.00065976	699.824
0.000663279	625.413
0.000666799	559.289
0.000670319	501.354
0.000673839	449.791
0.000677359	404.145
0.000680879	362.938
0.000684399	325.6
0.000687918	291.338
0.000691438	259.701
0.000694958	230.507
0.000698478	203.544
0.000701998	178.912
0.000705518	156.607
0.000709038	136.669
0.000712557	119.172
0.000716077	103.916
0.000719597	90.9164
0.000723117	79.7647
0.000726637	70.3463
0.000730157	62.2172
0.000733677	55.1608
0.000737196	48.867
0.000740716	43.1107
0.000744236	37.781
0.000747756	32.7328
0.000751276	28.002
0.000754796	23.5517
0.000758316	19.4579
0.000761835	15.7561
0.000765355	12.4805
0.000768875	9.67683
0.000772395	7.31702
0.000775915	5.41258
0.000779435	3.89815
0.000782955	2.74352
0.000786474	1.88077
0.000789994	1.25622
0.000793514	0.820241
0.000797034	0.500972
0.000800554	0.323024
