0.000500379	1.8885e-23
0.000507084	1.57567e-22
0.000513789	5.73613e-22
0.000520493	4.44783e-21
0.000527198	1.56376e-20
0.000533903	1.09687e-19
0.000540607	3.82623e-19
0.000547312	2.4327e-18
0.000554017	8.40304e-18
0.000560721	4.85333e-17
0.000567426	1.65643e-16
0.000574131	8.71178e-16
0.000580835	2.93083e-15
0.00058754	1.40729e-14
0.000594244	4.65484e-14
0.000600949	2.04631e-13
0.000607654	6.63634e-13
0.000614358	2.67891e-12
0.000621063	8.49338e-12
0.000627768	3.15816e-11
0.000634472	9.75844e-11
0.000641177	3.3534e-10
0.000647882	1.00659e-09
0.000654586	3.20759e-09
0.000661291	9.3223e-09
0.000667995	2.76426e-08
0.0006747	7.75223e-08
0.000681405	2.1465e-07
0.000688109	5.78896e-07
0.000694814	1.50199e-06
0.000701519	3.88232e-06
0.000708223	9.4711e-06
0.000714928	2.33858e-05
0.000721633	5.38187e-05
0.000728337	0.000126547
0.000735042	0.000275583
0.000741746	0.000615277
0.000748451	0.00127157
0.000755156	0.00268853
0.00076186	0.00528652
0.000768565	0.0105614
0.00077527	0.0198033
0.000781974	0.0373141
0.000788679	0.0681276
0.000795384	0.119839
0.000802088	0.208181
0.000808793	0.346292
0.000815497	0.570345
0.000822202	0.900531
0.000828907	1.40574
0.000835611	2.11118
0.000842316	3.12591
0.000849021	4.47379
0.000855725	6.29512
0.00086243	8.60456
0.000869135	11.5434
0.000875839	15.1145
0.000882544	19.4237
0.000889249	24.4703
0.000895953	30.3182
0.000902658	36.9785
0.000909362	44.5235
0.000916067	52.9852
0.000922772	62.5297
0.000929476	73.1995
0.000936181	85.2972
0.000942886	98.8509
0.00094959	114.229
0.000956295	131.426
0.000963	150.711
0.000969704	172.047
0.000976409	195.463
0.000983113	220.917
0.000989818	248.195
0.000996523	277.28
0.00100323	307.882
0.00100993	340.016
0.00101664	373.536
0.00102334	408.477
0.00103005	444.973
0.00103675	483.057
0.00104346	523.107
0.00105016	565.131
0.00105686	609.543
0.00106357	656.319
0.00107027	705.602
0.00107698	757.346
0.00108368	811.145
0.00109039	866.956
0.00109709	923.753
0.0011038	981.517
0.0011105	1038.87
0.00111721	1095.82
0.00112391	1151.23
0.00113062	1205.13
0.00113732	1257.29
0.00114402	1307.74
0.00115073	1357.54
0.00115743	1406.7
0.00116414	1457.41
0.00117084	1509.66
0.00117755	1566.06
0.00118425	1626.59
0.00119096	1693.3
0.00119766	1766.22
0.00120437	1845.95
0.00121107	1932.55
0.00121778	2024.68
0.00122448	2122.42
0.00123119	2222.4
0.00123789	2324.7
0.00124459	2424.36
0.0012513	2521.42
0.001258	2610.27
0.00126471	2690.85
0.00127141	2758.35
0.00127812	2812.57
0.00128482	2851.4
0.00129153	2875.07
0.00129823	2878.69
0.00130494	2870.28
0.00131164	2851.75
0.00131835	2818.92
0.00132505	2779.31
0.00133175	2733.36
0.00133846	2685.44
0.00134516	2635.92
0.00135187	2587.32
0.00135857	2540.05
0.00136528	2494.26
0.00137198	2450.19
0.00137869	2406.43
0.00138539	2363
0.0013921	2318.14
0.0013988	2271.71
0.00140551	2222.4
0.00141221	2170.04
0.00141891	2113.98
0.00142562	2054.1
0.00143232	1990.23
0.00143903	1922.28
0.00144573	1850.36
0.00145244	1774.42
0.00145914	1694.92
0.00146585	1611.77
0.00147255	1526.05
0.00147926	1437.73
0.00148596	1348.59
0.00149267	1258.73
0.00149937	1170.36
0.00150608	1083.8
0.00151278	1000.96
0.00151948	922.32
0.00152619	848.762
0.00153289	780.751
0.0015396	717.891
0.0015463	660.386
0.00155301	607.013
0.00155971	557.619
0.00156642	510.997
0.00157312	466.762
0.00157983	424.391
0.00158653	383.531
0.00159324	344.446
0.00159994	307.023
0.00160664	271.904
0.00161335	239.236
0.00162005	209.518
0.00162676	183.002
0.00163346	159.754
0.00164017	139.95
0.00164687	123.241
0.00165358	109.636
0.00166028	98.557
0.00166699	89.8564
0.00167369	82.9212
0.0016804	77.511
0.0016871	73.1019
0.00169381	69.4275
0.00170051	66.1184
0.00170721	62.9322
0.00171392	59.681
0.00172062	56.1849
0.00172733	52.4287
0.00173403	48.3219
0.00174074	43.9749
0.00174744	39.3926
0.00175415	34.7383
0.00176085	30.0909
0.00176756	25.594
0.00177426	21.3577
0.00178097	17.4596
0.00178767	13.9944
0.00179437	10.9656
0.00180108	8.4205
0.00180778	6.31135
0.00181449	4.63195
0.00182119	3.31636
0.0018279	2.29285
0.0018346	1.58599
