0.000500379	2.04683e-77
0.000507922	1.74697e-74
0.000515465	6.98174e-74
0.000523008	4.88601e-71
0.00053055	1.97153e-70
0.000538093	1.13089e-67
0.000545636	4.60901e-67
0.000553179	2.16683e-64
0.000560721	8.92037e-64
0.000568264	3.43701e-61
0.000575807	1.42934e-60
0.00058335	4.51342e-58
0.000590892	1.89617e-57
0.000598435	4.90705e-55
0.000605978	2.08265e-54
0.000613521	4.41722e-52
0.000621063	1.89391e-51
0.000628606	3.29247e-49
0.000636149	1.426e-48
0.000643692	2.03223e-46
0.000651234	8.89019e-46
0.000658777	1.03883e-43
0.00066632	4.58928e-43
0.000673862	4.39834e-41
0.000681405	1.96171e-40
0.000688948	1.54264e-38
0.000696491	6.94385e-38
0.000704033	4.48276e-36
0.000711576	2.03543e-35
0.000719119	1.07949e-33
0.000726662	4.94111e-33
0.000734204	2.15472e-31
0.000741747	9.93404e-31
0.00074929	3.56604e-29
0.000756833	1.65419e-28
0.000764375	4.89505e-27
0.000771918	2.28155e-26
0.000779461	5.57547e-25
0.000787004	2.60669e-24
0.000794546	5.27194e-23
0.000802089	2.46718e-22
0.000809632	4.14069e-21
0.000817175	1.93464e-20
0.000824717	2.70317e-19
0.00083226	1.25699e-18
0.000839803	1.46792e-17
0.000847345	6.76782e-17
0.000854888	6.6363e-16
0.000862431	3.02e-15
0.000869974	2.50007e-14
0.000877516	1.11705e-13
0.000885059	7.85629e-13
0.000892602	3.42554e-12
0.000900145	2.06145e-11
0.000907687	8.71089e-11
0.00091523	4.5214e-10
0.000922773	1.83732e-09
0.000930316	8.29738e-09
0.000937858	3.21536e-08
0.000945401	1.27514e-07
0.000952944	4.67037e-07
0.000960487	1.64221e-06
0.000968029	5.63308e-06
0.000975572	1.77322e-05
0.000983115	5.64486e-05
0.000990658	0.000160573
0.0009982	0.000470297
0.00100574	0.00121947
0.00101329	0.00326049
0.00102083	0.00776606
0.00102837	0.0188312
0.00103591	0.041465
0.00104346	0.0907396
0.001051	0.185602
0.00105854	0.365512
0.00106608	0.713624
0.00107363	1.26584
0.00108117	2.24191
0.00108871	3.66162
0.00109626	5.87134
0.0011038	8.87021
0.00111134	12.9791
0.00111888	18.1695
0.00112643	24.481
0.00113397	31.8762
0.00114151	39.9806
0.00114906	48.782
0.0011566	57.736
0.00116414	66.8732
0.00117168	76.0541
0.00117923	85.3356
0.00118677	95.5332
0.00119431	106.694
0.00120185	120.719
0.0012094	137.618
0.00121694	159.834
0.00122448	187.338
0.00123203	221.994
0.00123957	263.772
0.00124711	312.99
0.00125465	369.644
0.0012622	432.614
0.00126974	501.912
0.00127728	575.997
0.00128482	654.879
0.00129237	737.231
0.00129991	823.068
0.00130745	910.909
0.001315	1000.77
0.00132254	1090.82
0.00133008	1181.03
0.00133762	1270.17
0.00134517	1358.16
0.00135271	1445.5
0.00136025	1532.08
0.00136779	1619.94
0.00137534	1709.04
0.00138288	1801.92
0.00139042	1898.61
0.00139797	2001.52
0.00140551	2110.79
0.00141305	2227.63
0.00142059	2352.43
0.00142814	2482.81
0.00143568	2619.33
0.00144322	2754.23
0.00145076	2887.74
0.00145831	3008.88
0.00146585	3117.04
0.00147339	3204.37
0.00148094	3271.47
0.00148848	3303.91
0.00149602	3317.26
0.00150356	3317.51
0.00151111	3290.04
0.00151865	3248.72
0.00152619	3195.97
0.00153373	3136.66
0.00154128	3071.77
0.00154882	3004.16
0.00155636	2934.75
0.00156391	2862.7
0.00157145	2788.47
0.00157899	2709.05
0.00158653	2624.14
0.00159408	2531.47
0.00160162	2430.28
0.00160916	2321.07
0.0016167	2203.26
0.00162425	2079.98
0.00163179	1951.18
0.00163933	1821.47
0.00164688	1691.3
0.00165442	1565.72
0.00166196	1445.7
0.0016695	1335.25
0.00167705	1235.85
0.00168459	1148.13
0.00169213	1073.45
0.00169968	1007.99
0.00170722	951.872
0.00171476	899.101
0.0017223	848.149
0.00172985	795.032
0.00173739	737.623
0.00174493	676.317
0.00175247	610.001
0.00176002	542.179
0.00176756	473.406
0.0017751	407.175
0.00178265	344.966
0.00179019	288.251
0.00179773	238.229
0.00180527	194.509
0.00181282	157.431
0.00182036	125.946
0.0018279	99.7665
0.00183544	78.0523
0.00184299	60.3753
0.00185053	46.2331
0.00185807	35.3268
0.00186562	27.2352
0.00187316	21.567
0.0018807	18.4586
0.00188824	17.0133
0.00189579	16.58
0.00190333	17.1364
0.00191087	17.8953
0.00191841	18.4846
0.00192596	18.7722
0.0019335	18.2887
0.00194104	17.1295
0.00194859	15.3234
0.00195613	13.1437
0.00196367	10.761
0.00197121	8.39378
0.00197876	6.27993
0.0019863	4.44987
0.00199384	3.02261
0.00200138	1.95741
