0.000500379	6.77267e-40
0.000507084	3.45053e-38
0.000513789	1.35989e-37
0.000520493	5.91964e-36
0.000527198	2.3363e-35
0.000533903	8.65198e-34
0.000540607	3.43426e-33
0.000547312	1.08277e-31
0.000554017	4.31937e-31
0.000560721	1.16046e-29
0.000567426	4.64832e-29
0.000574131	1.06533e-27
0.000580835	4.28017e-27
0.00058754	8.37907e-26
0.000594244	3.37227e-25
0.000600949	5.64787e-24
0.000607654	2.27345e-23
0.000614358	3.26351e-22
0.000621063	1.31147e-21
0.000627768	1.61714e-20
0.000634472	6.47363e-20
0.000641177	6.87463e-19
0.000647882	2.73444e-18
0.000654586	2.50831e-17
0.000661291	9.88402e-17
0.000667995	7.85876e-16
0.0006747	3.05746e-15
0.000681405	2.11542e-14
0.000688109	8.09413e-14
0.000694814	4.89498e-13
0.000701519	1.83395e-12
0.000708223	9.74232e-12
0.000714928	3.55668e-11
0.000721633	1.66869e-10
0.000728337	5.90444e-10
0.000735042	2.46106e-09
0.000741746	8.3914e-09
0.000748451	3.12688e-08
0.000755156	1.02109e-07
0.00076186	3.42385e-07
0.000768565	1.06399e-06
0.00077527	3.2319e-06
0.000781974	9.49562e-06
0.000788679	2.6303e-05
0.000795384	7.25965e-05
0.000802088	0.000184567
0.000808793	0.000475572
0.000815497	0.00111644
0.000822202	0.00267022
0.000828907	0.00581971
0.000835611	0.0128542
0.000842316	0.0261302
0.000849021	0.0530716
0.000855725	0.102301
0.00086243	0.189563
0.000869135	0.345685
0.000875839	0.586609
0.000882544	0.983253
0.000889249	1.54946
0.000895953	2.38815
0.000902658	3.498
0.000909362	4.96281
0.000916067	6.754
0.000922772	8.83702
0.000929476	11.1628
0.000936181	13.502
0.000942886	15.8167
0.00094959	17.7697
0.000956295	19.3313
0.000963	20.1179
0.000969704	20.4607
0.000976409	20.2924
0.000983113	19.652
0.000989818	19.2343
0.000996523	18.9765
0.00100323	19.2839
0.00100993	21.197
0.00101664	24.7928
0.00102334	30.3643
0.00103005	38.499
0.00103675	49.2068
0.00104346	63.0275
0.00105016	79.9791
0.00105686	100.696
0.00106357	125.206
0.00107027	154.44
0.00107698	188.394
0.00108368	227.99
0.00109039	273.174
0.00109709	324.113
0.0011038	380.746
0.0011105	442.142
0.00111721	508.297
0.00112391	578.071
0.00113062	651.513
0.00113732	728.799
0.00114402	809.962
0.00115073	896.779
0.00115743	989.235
0.00116414	1088.8
0.00117084	1195.46
0.00117755	1307.86
0.00118425	1426.05
0.00119096	1545.45
0.00119766	1666.09
0.00120437	1782.49
0.00121107	1894.64
0.00121778	1999.21
0.00122448	2096.07
0.00123119	2185.42
0.00123789	2267.11
0.00124459	2343.88
0.0012513	2415.68
0.001258	2485.85
0.00126471	2554.47
0.00127141	2623.85
0.00127812	2694.16
0.00128482	2765.75
0.00129153	2838.82
0.00129823	2911.48
0.00130494	2983.88
0.00131164	3052.45
0.00131835	3117.19
0.00132505	3174.15
0.00133175	3223.18
0.00133846	3262.06
0.00134516	3292.13
0.00135187	3299.15
0.00135857	3299.03
0.00136528	3296.47
0.00137198	3270.8
0.00137869	3232.24
0.00138539	3183.12
0.0013921	3123.88
0.0013988	3054.48
0.00140551	2978.22
0.00141221	2895.33
0.00141891	2808.68
0.00142562	2718.76
0.00143232	2626.49
0.00143903	2532.32
0.00144573	2435.19
0.00145244	2335.16
0.00145914	2230.72
0.00146585	2121.48
0.00147255	2007.4
0.00147926	1887.99
0.00148596	1765.58
0.00149267	1640.02
0.00149937	1515.33
0.00150608	1391.94
0.00151278	1273.74
0.00151948	1161.64
0.00152619	1057.58
0.00153289	962.496
0.0015396	875.807
0.0015463	797.937
0.00155301	726.736
0.00155971	661.922
0.00156642	601.474
0.00157312	544.694
0.00157983	490.913
0.00158653	439.564
0.00159324	391.302
0.00159994	346.063
0.00160664	304.838
0.00161335	267.983
0.00162005	235.836
0.00162676	208.782
0.00163346	186.225
0.00164017	168.25
0.00164687	153.697
0.00165358	142.296
0.00166028	132.86
0.00166699	124.906
0.00167369	117.597
0.0016804	110.425
0.0016871	103.088
0.00169381	95.2199
0.00170051	87.0486
0.00170721	78.4882
0.00171392	70.0165
0.00172062	61.8314
0.00172733	54.248
0.00173403	47.5508
0.00174074	41.6792
0.00174744	36.7532
0.00175415	32.4874
0.00176085	28.7676
0.00176756	25.3838
0.00177426	22.1401
0.00178097	19.0367
0.00178767	15.9794
0.00179437	13.0824
0.00180108	10.3898
0.00180778	7.97782
0.00181449	5.93351
0.00182119	4.24054
0.0018279	2.91354
0.0018346	1.94749
