0.000166815	7.50959e-05
0.000171844	0.000131399
0.000176872	0.000300308
0.000181901	0.000560571
0.000186929	0.00111189
0.000191958	0.00199735
0.000196986	0.00381323
0.000202014	0.00667711
0.000207043	0.0121318
0.000212071	0.0207138
0.0002171	0.0358304
0.000222128	0.0593312
0.000227157	0.098244
0.000232185	0.157503
0.000237214	0.250272
0.000242242	0.388005
0.00024727	0.592876
0.000252299	0.888271
0.000257327	1.30751
0.000262356	1.89273
0.000267384	2.68803
0.000272413	3.7603
0.000277441	5.15984
0.000282469	6.9793
0.000287498	9.2659
0.000292526	12.1295
0.000297555	15.6022
0.000302583	19.7905
0.000307612	24.701
0.00031264	30.4077
0.000317669	36.888
0.000322697	44.155
0.000327725	52.1639
0.000332754	60.8536
0.000337782	70.1735
0.000342811	80.0007
0.000347839	90.3007
0.000352868	100.931
0.000357896	111.891
0.000362924	123.082
0.000367953	134.548
0.000372981	146.3
0.00037801	158.421
0.000383038	171.08
0.000388067	184.385
0.000393095	198.671
0.000398123	214.046
0.000403152	230.971
0.00040818	249.528
0.000413209	270.218
0.000418237	293.078
0.000423266	318.538
0.000428294	346.587
0.000433323	377.485
0.000438351	411.188
0.000443379	447.74
0.000448408	487.094
0.000453436	529.116
0.000458465	573.781
0.000463493	620.892
0.000468522	670.454
0.00047355	722.338
0.000478578	776.571
0.000483607	833.165
0.000488635	892.142
0.000493664	953.62
0.000498692	1017.59
0.000503721	1084.14
0.000508749	1153.21
0.000513778	1224.69
0.000518806	1298.49
0.000523834	1374.15
0.000528863	1451.59
0.000533891	1530
0.00053892	1609.34
0.000543948	1688.54
0.000548977	1767.58
0.000554005	1845.38
0.000559033	1921.93
0.000564062	1996.33
0.00056909	2068.64
0.000574119	2138.36
0.000579147	2205.57
0.000584176	2270.39
0.000589204	2332.87
0.000594233	2393.71
0.000599261	2452.95
0.000604289	2511.58
0.000609318	2569.6
0.000614346	2627.83
0.000619375	2686.22
0.000624403	2744.9
0.000629432	2803.82
0.00063446	2862.11
0.000639488	2919.72
0.000644517	2974.89
0.000649545	3027.61
0.000654574	3075.7
0.000659602	3119.17
0.000664631	3156.1
0.000669659	3186.5
0.000674688	3209.99
0.000679716	3226.62
0.000684744	3229.32
0.000689773	3229.12
0.000694801	3226.53
0.00069983	3211.16
0.000704858	3190.14
0.000709887	3163.74
0.000714915	3131.97
0.000719943	3094.83
0.000724972	3052.75
0.00073	3005.74
0.000735029	2954.23
0.000740057	2898.18
0.000745086	2838.4
0.000750114	2774.84
0.000755143	2708.79
0.000760171	2640.25
0.000765199	2570.72
0.000770228	2500.24
0.000775256	2430.05
0.000780285	2360.23
0.000785313	2291.31
0.000790342	2223.38
0.00079537	2156.19
0.000800398	2089.78
0.000805427	2023.43
0.000810455	1957.13
0.000815484	1890.18
0.000820512	1822.5
0.000825541	1753.82
0.000830569	1684.03
0.000835598	1613.41
0.000840626	1541.9
0.000845654	1470.17
0.000850683	1398.22
0.000855711	1326.9
0.00086074	1256.25
0.000865768	1187.05
0.000870797	1119.38
0.000875825	1053.76
0.000880853	990.294
0.000885882	929.178
0.00089091	870.493
0.000895939	814.142
0.000900967	760.159
0.000905996	708.273
0.000911024	658.461
0.000916052	610.453
0.000921081	564.183
0.000926109	519.541
0.000931138	476.456
0.000936166	435.047
0.000941195	395.281
0.000946223	357.437
0.000951252	321.548
0.00095628	287.902
0.000961308	256.58
0.000966337	227.725
0.000971365	201.426
0.000976394	177.605
0.000981422	156.309
0.000986451	137.28
0.000991479	120.495
0.000996507	105.625
0.00100154	92.5877
0.00100656	81.0962
0.00101159	71.0442
0.00101662	62.2421
0.00102165	54.6003
0.00102668	48.0118
0.00103171	42.4229
0.00103673	37.7515
0.00104176	33.9713
0.00104679	30.9693
0.00105182	28.7199
0.00105685	27.0594
0.00106188	25.9374
0.00106691	25.1629
0.00107193	24.6528
0.00107696	24.2386
0.00108199	23.8188
0.00108702	23.2927
0.00109205	22.5698
0.00109708	21.6346
0.0011021	20.4354
0.00110713	19.0256
0.00111216	17.4045
0.00111719	15.6567
0.00112222	13.8236
0.00112725	11.9822
0.00113228	10.1928
0.0011373	8.50106
0.00114233	6.9607
0.00114736	5.58233
0.00115239	4.3969
0.00115742	3.39021
0.00116245	2.55867
0.00116747	1.90349
