0.000500379	8.13105e-64
0.000507922	2.48509e-61
0.000515465	9.91597e-61
0.000523008	2.52203e-58
0.00053055	1.01506e-57
0.000538093	2.14669e-55
0.000545636	8.72198e-55
0.000553179	1.53382e-52
0.000560721	6.29081e-52
0.000568264	9.19978e-50
0.000575807	3.80861e-49
0.00058335	4.63239e-47
0.000590892	1.93551e-46
0.000598435	1.95831e-44
0.000605978	8.25649e-44
0.000613521	6.95092e-42
0.000621063	2.95642e-41
0.000628606	2.0717e-39
0.000636149	8.88608e-39
0.000643692	5.18543e-37
0.000651234	2.24197e-36
0.000658777	1.09013e-34
0.00066632	4.74817e-34
0.000673862	1.92521e-32
0.000681405	8.44121e-32
0.000688948	2.85678e-30
0.000696491	1.2597e-29
0.000704033	3.56269e-28
0.000711576	1.57806e-27
0.000719119	3.73519e-26
0.000726662	1.6595e-25
0.000734204	3.29329e-24
0.000741747	1.465e-23
0.00074929	2.44291e-22
0.000756833	1.08572e-21
0.000764375	1.52529e-20
0.000771918	6.75504e-20
0.000779461	8.02053e-19
0.000787004	3.52848e-18
0.000794546	3.55406e-17
0.000802089	1.54745e-16
0.000809632	1.32805e-15
0.000817175	5.69828e-15
0.000824717	4.18788e-14
0.00083226	1.76197e-13
0.000839803	1.11533e-12
0.000847345	4.57532e-12
0.000854888	2.51066e-11
0.000862431	9.97845e-11
0.000869974	4.78059e-10
0.000877516	1.82803e-09
0.000885059	7.70538e-09
0.000892602	2.81357e-08
0.000900145	1.05193e-07
0.000907687	3.63895e-07
0.00091523	1.21691e-06
0.000922773	3.95598e-06
0.000930316	1.19321e-05
0.000937858	3.61601e-05
0.000945401	9.91723e-05
0.000952944	0.00027802
0.000960487	0.000698569
0.000968029	0.00179892
0.000975572	0.00416895
0.000983115	0.00980201
0.000990658	0.0210689
0.0009982	0.0450143
0.00100574	0.0901256
0.00101329	0.174426
0.00102083	0.335266
0.00102837	0.58625
0.00103591	1.02156
0.00104346	1.6521
0.001051	2.62021
0.00105854	3.92598
0.00106608	5.69839
0.00107363	7.92142
0.00108117	10.6024
0.00108871	13.7194
0.00109626	17.1082
0.0011038	20.7626
0.00111134	24.4674
0.00111888	28.2421
0.00112643	32.0597
0.00113397	35.952
0.00114151	40.2256
0.00114906	44.9051
0.0011566	50.5741
0.00116414	57.2458
0.00117168	65.6697
0.00117923	75.8546
0.00118677	88.7158
0.00119431	104.255
0.00120185	123.523
0.0012094	146.505
0.00121694	174.01
0.00122448	206.012
0.00123203	242.432
0.00123957	283.256
0.00124711	327.326
0.00125465	374.649
0.0012622	423.924
0.00126974	475.145
0.00127728	528.525
0.00128482	584.015
0.00129237	644.293
0.00129991	709.296
0.00130745	783.227
0.001315	866.11
0.00132254	961.038
0.00133008	1068.19
0.00133762	1186.81
0.00134517	1317.18
0.00135271	1453.76
0.00136025	1596.75
0.00136779	1737.76
0.00137534	1876.69
0.00138288	2006.36
0.00139042	2126.29
0.00139797	2234.23
0.00140551	2329.59
0.00141305	2415.86
0.00142059	2492.76
0.00142814	2566.59
0.00143568	2637.67
0.00144322	2710.27
0.00145076	2785.18
0.00145831	2861.11
0.00146585	2938.77
0.00147339	3011.52
0.00148094	3079.4
0.00148848	3135.19
0.00149602	3180.7
0.00150356	3193.69
0.00151111	3194.73
0.00151865	3192.24
0.00152619	3159.56
0.00153373	3114.15
0.00154128	3060.23
0.00154882	3000.94
0.00155636	2937.49
0.00156391	2870.62
0.00157145	2801.24
0.00157899	2726
0.00158653	2644.68
0.00159408	2554.28
0.00160162	2453.74
0.00160916	2344.23
0.0016167	2224.93
0.00162425	2100.98
0.00163179	1972.74
0.00163933	1845.72
0.00164688	1721.21
0.00165442	1601.9
0.00166196	1488.98
0.0016695	1382.24
0.00167705	1282.05
0.00168459	1187.44
0.00169213	1098.21
0.00169968	1013.9
0.00170722	934.387
0.00171476	859.258
0.0017223	788.532
0.00172985	721.276
0.00173739	657.274
0.00174493	595.738
0.00175247	536.184
0.00176002	478.944
0.00176756	423.752
0.0017751	371.896
0.00178265	323.681
0.00179019	280.198
0.00179773	242.075
0.00180527	209.344
0.00181282	182.418
0.00182036	160.357
0.0018279	143.074
0.00183544	129.294
0.00184299	118.539
0.00185053	109.736
0.00185807	102.29
0.00186562	95.5321
0.00187316	88.9522
0.0018807	82.2895
0.00188824	75.2061
0.00189579	67.79
0.00190333	59.917
0.00191087	51.9039
0.00191841	43.846
0.00192596	36.088
0.0019335	28.8688
0.00194104	22.3701
0.00194859	16.8222
0.00195613	12.1884
0.00196367	8.56154
0.00197121	5.77477
0.00197876	3.76473
0.0019863	2.36022
0.00199384	1.35784
0.00200138	0.827263
