0.000500379	8.08584e-126
0.00050876	1.76366e-121
0.000517141	7.0544e-121
0.000525522	1.21343e-116
0.000533903	4.90309e-116
0.000542284	6.64997e-112
0.000550665	2.71491e-111
0.000559045	2.90289e-107
0.000567426	1.19761e-106
0.000575807	1.00936e-102
0.000584188	4.20871e-102
0.000592569	2.79557e-98
0.00060095	1.17831e-97
0.00060933	6.1673e-94
0.000617711	2.62809e-93
0.000626092	1.08374e-89
0.000634473	4.66979e-89
0.000642854	1.51689e-85
0.000651235	6.6104e-85
0.000659615	1.69117e-81
0.000667996	7.45473e-81
0.000676377	1.50184e-77
0.000684758	6.69745e-77
0.000693139	1.06234e-73
0.00070152	4.79358e-73
0.0007099	5.98568e-70
0.000718281	2.73328e-69
0.000726662	2.68641e-66
0.000735043	1.2416e-65
0.000743424	9.60392e-63
0.000751805	4.49318e-62
0.000760186	2.73494e-59
0.000768566	1.29539e-58
0.000776947	6.20418e-56
0.000785328	2.97522e-55
0.000793709	1.12117e-52
0.00080209	5.44395e-52
0.000810471	1.61409e-49
0.000818851	7.9357e-49
0.000827232	1.85132e-46
0.000835613	9.21584e-46
0.000843994	1.69188e-43
0.000852375	8.52637e-43
0.000860756	1.23207e-40
0.000869136	6.28459e-40
0.000877517	7.15063e-38
0.000885898	3.69043e-37
0.000894279	3.30805e-35
0.00090266	1.72652e-34
0.000911041	1.22018e-32
0.000919421	6.43526e-32
0.000927802	3.58946e-30
0.000936183	1.91106e-29
0.000944564	8.42478e-28
0.000952945	4.52177e-27
0.000961326	1.57844e-25
0.000969707	8.52495e-25
0.000978087	2.36215e-23
0.000986468	1.28071e-22
0.000994849	2.82578e-21
0.00100323	1.53329e-20
0.00101161	2.70481e-19
0.00101999	1.46307e-18
0.00102837	2.074e-17
0.00103675	1.11287e-16
0.00104513	1.27573e-15
0.00105351	6.74942e-15
0.0010619	6.30504e-14
0.00107028	3.26489e-13
0.00107866	2.50833e-12
0.00108704	1.26022e-11
0.00109542	8.04839e-11
0.0011038	3.8839e-10
0.00111218	2.0872e-09
0.00112056	9.56564e-09
0.00112894	4.38387e-08
0.00113732	1.88501e-07
0.0011457	7.47269e-07
0.00115409	2.97714e-06
0.00116247	1.03581e-05
0.00117085	3.77741e-05
0.00117923	0.000116983
0.00118761	0.00038627
0.00119599	0.00107882
0.00120437	0.00319718
0.00121275	0.00814567
0.00122113	0.021541
0.00122951	0.0505363
0.00123789	0.118971
0.00124627	0.258842
0.00125466	0.543083
0.00126304	1.10682
0.00127142	2.08202
0.0012798	3.99528
0.00128818	6.86571
0.00129656	11.8366
0.00130494	18.9101
0.00131332	29.6499
0.0013217	44.0411
0.00133008	63.3483
0.00133846	87.5606
0.00134684	116.658
0.00135523	150.652
0.00136361	188.164
0.00137199	229.205
0.00138037	272.361
0.00138875	317.611
0.00139713	364.621
0.00140551	413.368
0.00141389	464.054
0.00142227	516.675
0.00143065	571.362
0.00143903	628.058
0.00144741	687.841
0.0014558	750.627
0.00146418	818.82
0.00147256	892.505
0.00148094	973.023
0.00148932	1060.64
0.0014977	1153.6
0.00150608	1252.01
0.00151446	1352.84
0.00152284	1455.85
0.00153122	1560.01
0.0015396	1665
0.00154798	1772.26
0.00155637	1881.79
0.00156475	1995.14
0.00157313	2112.72
0.00158151	2233.21
0.00158989	2357.18
0.00159827	2478.91
0.00160665	2598.53
0.00161503	2708.12
0.00162341	2806.82
0.00163179	2890.12
0.00164017	2956.62
0.00164855	3008.73
0.00165694	3045.83
0.00166532	3074.06
0.0016737	3094.31
0.00168208	3109.33
0.00169046	3120.72
0.00169884	3123.44
0.00170722	3117.07
0.0017156	3101.86
0.00172398	3066.09
0.00173236	3009.47
0.00174074	2932.6
0.00174912	2837.45
0.00175751	2723.35
0.00176589	2597.38
0.00177427	2460.43
0.00178265	2318.85
0.00179103	2174.14
0.00179941	2030.24
0.00180779	1888.3
0.00181617	1750.7
0.00182455	1618.22
0.00183293	1492.29
0.00184131	1373.69
0.00184969	1262.14
0.00185808	1158.22
0.00186646	1059.58
0.00187484	965.892
0.00188322	874.75
0.0018916	784.923
0.00189998	696.723
0.00190836	609.32
0.00191674	525.58
0.00192512	446.123
0.0019335	373.4
0.00194188	308.799
0.00195026	252.422
0.00195865	205.015
0.00196703	165.19
0.00197541	132.71
0.00198379	106.197
0.00199217	85.0708
0.00200055	68.2679
0.00200893	55.2614
0.00201731	45.0703
0.00202569	37.1309
0.00203407	30.7242
0.00204245	25.275
0.00205083	20.574
0.00205922	16.2846
0.0020676	12.5149
0.00207598	9.23335
0.00208436	6.49972
0.00209274	4.38125
0.00210112	2.78261
0.0021095	1.68889
0.00211788	0.965429
0.00212626	0.51432
0.00213464	0.26979
0.00214302	0.125374
0.0021514	0.0604754
0.00215979	0.0232397
0.00216817	0.0108278
