3.33898e-05	2.39889
3.52334e-05	3.26385
3.70771e-05	4.44885
3.89207e-05	5.92517
4.07644e-05	7.77664
4.2608e-05	10.0652
4.44517e-05	12.8418
4.62953e-05	16.1727
4.8139e-05	20.0967
4.99827e-05	24.6739
5.18263e-05	29.9343
5.367e-05	35.9253
5.55136e-05	42.682
5.73573e-05	50.2459
5.92009e-05	58.6785
6.10446e-05	68.0397
6.28882e-05	78.437
6.47319e-05	89.9865
6.65755e-05	102.847
6.84192e-05	117.229
7.02628e-05	133.327
7.21065e-05	151.459
7.39502e-05	171.823
7.57938e-05	194.822
7.76375e-05	220.616
7.94811e-05	249.63
8.13248e-05	281.953
8.31684e-05	317.945
8.50121e-05	357.604
8.68557e-05	401.141
8.86994e-05	448.467
9.0543e-05	499.581
9.23867e-05	554.327
9.42303e-05	612.471
9.6074e-05	673.829
9.79177e-05	737.965
9.97613e-05	804.712
0.000101605	873.514
0.000103449	944.269
0.000105292	1016.43
0.000107136	1090
0.00010898	1164.6
0.000110823	1240.31
0.000112667	1317.07
0.000114511	1395.05
0.000116354	1474.55
0.000118198	1555.74
0.000120042	1639.25
0.000121885	1725.23
0.000123729	1814.46
0.000125572	1907.01
0.000127416	2003.59
0.00012926	2104.18
0.000131103	2209.25
0.000132947	2318.72
0.000134791	2432.72
0.000136634	2551.2
0.000138478	2674.04
0.000140322	2801.23
0.000142165	2932.62
0.000144009	3068.27
0.000145853	3208.19
0.000147696	3352.41
0.00014954	3501.12
0.000151384	3654.3
0.000153227	3812.07
0.000155071	3974.3
0.000156915	4140.66
0.000158758	4310.95
0.000160602	4484.05
0.000162446	4659.78
0.000164289	4836.25
0.000166133	5013.34
0.000167977	5188.81
0.00016982	5362.68
0.000171664	5533.02
0.000173507	5699.93
0.000175351	5862.48
0.000177195	6020.81
0.000179038	6175.21
0.000180882	6325.82
0.000182726	6473.96
0.000184569	6619.69
0.000186413	6764.7
0.000188257	6908.95
0.0001901	7053.63
0.000191944	7198.65
0.000193788	7343.88
0.000195631	7489.19
0.000197475	7632.7
0.000199319	7774.31
0.000201162	7910.34
0.000203006	8040.75
0.00020485	8160.59
0.000206693	8269.89
0.000208537	8363.31
0.000210381	8440.91
0.000212224	8499.39
0.000214068	8538.6
0.000215912	8543.27
0.000217755	8533.33
0.000219599	8508.67
0.000221442	8448.36
0.000223286	8366.89
0.00022513	8264.41
0.000226973	8142.99
0.000228817	8002.59
0.000230661	7847.69
0.000232504	7678.26
0.000234348	7498.96
0.000236192	7309.81
0.000238035	7115.06
0.000239879	6914.75
0.000241723	6712.41
0.000243566	6508.1
0.00024541	6304.59
0.000247254	6101.94
0.000249097	5902.14
0.000250941	5705.28
0.000252785	5512.53
0.000254628	5323.98
0.000256472	5139.9
0.000258316	4960.37
0.000260159	4784.71
0.000262003	4612.99
0.000263847	4443.77
0.00026569	4277.04
0.000267534	4111.1
0.000269377	3945.84
0.000271221	3779.96
0.000273065	3613.27
0.000274908	3445.44
0.000276752	3276.25
0.000278596	3106.62
0.000280439	2936.4
0.000282283	2767.56
0.000284127	2600.11
0.00028597	2436.52
0.000287814	2276.97
0.000289658	2123.8
0.000291501	1977.29
0.000293345	1839.08
0.000295189	1709.49
0.000297032	1589.18
0.000298876	1478.42
0.00030072	1376.94
0.000302563	1284.86
0.000304407	1201.24
0.000306251	1126.06
0.000308094	1058.04
0.000309938	997.045
0.000311782	941.758
0.000313625	891.968
0.000315469	846.535
0.000317312	805.227
0.000319156	767.138
0.000321	732.06
0.000322843	699.271
0.000324687	668.602
0.000326531	639.424
0.000328374	611.594
0.000330218	584.519
0.000332062	558.051
0.000333905	531.66
0.000335749	505.175
0.000337593	478.23
0.000339436	450.645
0.00034128	422.336
0.000343124	393.162
0.000344967	363.37
0.000346811	332.919
0.000348655	302.327
0.000350498	271.688
0.000352342	241.637
0.000354186	212.388
0.000356029	184.501
0.000357873	158.253
0.000359717	133.987
0.00036156	111.954
0.000363404	92.229
0.000365247	74.9668
0.000367091	60.0181
0.000368935	47.4071
0.000370778	36.8522
0.000372622	28.2616
0.000374466	21.3198
0.000376309	15.8615
0.000378153	11.6085
0.000379997	8.37195
0.00038184	5.94429
0.000383684	4.15226
0.000385528	2.86086
0.000387371	1.93384
0.000389215	1.29354
0.000391059	0.845251
0.000392902	0.549304
0.000394746	0.346545
0.00039659	0.219023
0.000398433	0.126211
0.000400277	0.0819878
