0.000100103	8.9985e-13
0.000103622	3.33687e-12
0.000107142	1.06479e-11
0.000110662	3.87307e-11
0.000114182	1.13735e-10
0.000117702	3.82962e-10
0.000121222	1.09664e-09
0.000124742	3.42839e-09
0.000128261	9.54555e-09
0.000131781	2.7792e-08
0.000135301	7.50104e-08
0.000138821	2.04029e-07
0.000142341	5.32172e-07
0.000145861	1.35658e-06
0.000149381	3.40894e-06
0.0001529	8.16961e-06
0.00015642	1.97178e-05
0.00015994	4.45622e-05
0.00016346	0.000102992
0.00016698	0.000220158
0.0001705	0.000485851
0.00017402	0.000985101
0.000177539	0.00207018
0.000181059	0.00399181
0.000184579	0.00796863
0.000188099	0.0146473
0.000191619	0.0277147
0.000195139	0.0496935
0.000198659	0.087706
0.000202178	0.150354
0.000205698	0.250804
0.000209218	0.409703
0.000212738	0.648125
0.000216258	1.00721
0.000219778	1.51432
0.000223298	2.23712
0.000226817	3.20192
0.000230337	4.4973
0.000233857	6.13662
0.000237377	8.20389
0.000240897	10.69
0.000244417	13.6337
0.000247937	17.0069
0.000251456	20.7733
0.000254976	24.9084
0.000258496	29.321
0.000262016	34.0224
0.000265536	38.9566
0.000269056	44.1906
0.000272576	49.8306
0.000276095	55.9879
0.000279615	63.0143
0.000283135	71.024
0.000286655	80.5795
0.000290175	91.7489
0.000293695	105.141
0.000297214	120.746
0.000300734	138.991
0.000304254	159.791
0.000307774	183.188
0.000311294	209.052
0.000314814	236.957
0.000318334	266.776
0.000321853	297.692
0.000325373	329.629
0.000328893	361.632
0.000332413	393.712
0.000335933	425.142
0.000339453	456.018
0.000342973	486.194
0.000346492	515.827
0.000350012	545.563
0.000353532	575.584
0.000357052	607.383
0.000360572	641.145
0.000364092	679.19
0.000367612	721.694
0.000371131	771.754
0.000374651	829.501
0.000378171	898.598
0.000381691	979.076
0.000385211	1074.52
0.000388731	1184.83
0.000392251	1312.38
0.00039577	1456.94
0.00039929	1618.43
0.00040281	1796.56
0.00040633	1988.01
0.00040985	2192.58
0.00041337	2403.97
0.00041689	2622.09
0.000420409	2838.95
0.000423929	3054.56
0.000427449	3261.01
0.000430969	3458.4
0.000434489	3640.56
0.000438009	3807.6
0.000441529	3956.28
0.000445048	4086.67
0.000448568	4198.82
0.000452088	4292.73
0.000455608	4371.36
0.000459128	4434.69
0.000462648	4487.54
0.000466168	4529.88
0.000469687	4567.13
0.000473207	4599.27
0.000476727	4631.04
0.000480247	4662.48
0.000483767	4696.57
0.000487287	4733.43
0.000490807	4773.48
0.000494326	4816.91
0.000497846	4861.3
0.000501366	4906.82
0.000504886	4948.66
0.000508406	4986.88
0.000511926	5015.92
0.000515446	5035.93
0.000518965	5039.05
0.000522485	5028.86
0.000526005	5006.22
0.000529525	4962.99
0.000533045	4904.46
0.000536565	4831.06
0.000540085	4746.02
0.000543604	4649.36
0.000547124	4545.46
0.000550644	4434.6
0.000554164	4319.92
0.000557684	4201.81
0.000561204	4081.53
0.000564724	3959.37
0.000568243	3835.23
0.000571763	3709.17
0.000575283	3580.83
0.000578803	3450.11
0.000582323	3317.33
0.000585843	3182.35
0.000589362	3046.44
0.000592882	2909.6
0.000596402	2773.6
0.000599922	2638.61
0.000603442	2506.18
0.000606962	2376.59
0.000610482	2250.53
0.000614001	2128.29
0.000617521	2009.63
0.000621041	1894.65
0.000624561	1782.61
0.000628081	1673.43
0.000631601	1566.41
0.000635121	1461.35
0.00063864	1358.14
0.00064216	1256.56
0.00064568	1157.24
0.0006492	1060.09
0.00065272	966.323
0.00065624	876.065
0.00065976	790.665
0.000663279	710.456
0.000666799	636.429
0.000670319	569
0.000673839	508.414
0.000677359	455.002
0.000680879	408.17
0.000684399	368.008
0.000687918	333.326
0.000691438	303.919
0.000694958	278.421
0.000698478	256.406
0.000701998	236.723
0.000705518	218.868
0.000709038	202.117
0.000712557	186.035
0.000716077	170.347
0.000719597	154.773
0.000723117	139.39
0.000726637	124.097
0.000730157	109.167
0.000733677	94.6555
0.000737196	80.8648
0.000740716	67.9473
0.000744236	56.1028
0.000747756	45.4967
0.000751276	36.1645
0.000754796	28.2096
0.000758316	21.5204
0.000761835	16.1007
0.000765355	11.7622
0.000768875	8.4188
0.000772395	5.88174
0.000775915	4.0175
0.000779435	2.6831
0.000782955	1.7443
0.000786474	1.11417
0.000789994	0.68729
0.000793514	0.420511
0.000797034	0.229861
0.000800554	0.144098
