3.33898e-05	435.955
3.48982e-05	464.789
3.64066e-05	495.317
3.7915e-05	527.4
3.94234e-05	561.446
4.09318e-05	597.683
4.24402e-05	636.581
4.39487e-05	678.578
4.54571e-05	724.168
4.69655e-05	773.95
4.84739e-05	828.346
4.99823e-05	888.013
5.14907e-05	953.22
5.29991e-05	1024.55
5.45076e-05	1102.08
5.6016e-05	1186.19
5.75244e-05	1276.74
5.90328e-05	1373.82
6.05412e-05	1477.09
6.20496e-05	1586.29
6.3558e-05	1700.96
6.50665e-05	1820.45
6.65749e-05	1944.25
6.80833e-05	2071.45
6.95917e-05	2201.58
7.11001e-05	2333.57
7.26085e-05	2467.13
7.41169e-05	2601.25
7.56253e-05	2735.86
7.71338e-05	2870.27
7.86422e-05	3004.63
8.01506e-05	3138.74
8.1659e-05	3272.89
8.31674e-05	3407.42
8.46758e-05	3542.65
8.61842e-05	3679.31
8.76927e-05	3817.6
8.92011e-05	3958.37
9.07095e-05	4101.63
9.22179e-05	4247.98
9.37263e-05	4397.28
9.52347e-05	4549.63
9.67431e-05	4704.76
9.82516e-05	4862.21
9.976e-05	5021.7
0.000101268	5182.33
0.000102777	5343.88
0.000104285	5505.26
0.000105794	5666.34
0.000107302	5826.1
0.00010881	5984.49
0.000110319	6140.7
0.000111827	6294.71
0.000113336	6445.92
0.000114844	6594.28
0.000116353	6739.28
0.000117861	6880.81
0.000119369	7018.25
0.000120878	7151.49
0.000122386	7279.7
0.000123895	7402.74
0.000125403	7519.62
0.000126911	7630.25
0.00012842	7733.58
0.000129928	7829.59
0.000131437	7917.41
0.000132945	7997.06
0.000134453	8068
0.000135962	8130.28
0.00013747	8183.75
0.000138979	8228.48
0.000140487	8264.66
0.000141996	8292.32
0.000143504	8312.55
0.000145012	8324.57
0.000146521	8325.17
0.000148029	8322.13
0.000149538	8314.07
0.000151046	8295.15
0.000152554	8270.36
0.000154063	8239.21
0.000155571	8201.82
0.00015708	8158.18
0.000158588	8108.63
0.000160097	8053.16
0.000161605	7991.98
0.000163113	7925.06
0.000164622	7852.44
0.00016613	7774.11
0.000167639	7689.85
0.000169147	7599.67
0.000170655	7503.19
0.000172164	7400.41
0.000173672	7290.89
0.000175181	7174.66
0.000176689	7051.42
0.000178197	6921.18
0.000179706	6784.02
0.000181214	6639.94
0.000182723	6489.52
0.000184231	6332.75
0.00018574	6170.77
0.000187248	6003.56
0.000188756	5832.76
0.000190265	5658.35
0.000191773	5482.31
0.000193282	5304.62
0.00019479	5127.41
0.000196298	4950.68
0.000197807	4776.49
0.000199315	4604.85
0.000200824	4437.54
0.000202332	4274.59
0.000203841	4117.27
0.000205349	3965.64
0.000206857	3820.3
0.000208366	3681.32
0.000209874	3548.54
0.000211383	3422.05
0.000212891	3300.98
0.000214399	3185.38
0.000215908	3073.91
0.000217416	2966.57
0.000218925	2861.83
0.000220433	2759.65
0.000221941	2658.66
0.00022345	2558.78
0.000224958	2459.05
0.000226467	2359.39
0.000227975	2259.4
0.000229484	2158.99
0.000230992	2058.32
0.0002325	1957.33
0.000234009	1856.57
0.000235517	1756.03
0.000237026	1656.49
0.000238534	1557.97
0.000240042	1461.3
0.000241551	1366.53
0.000243059	1274.4
0.000244568	1184.99
0.000246076	1098.89
0.000247585	1016.17
0.000249093	937.248
0.000250601	862.194
0.00025211	791.233
0.000253618	724.426
0.000255127	661.839
0.000256635	603.514
0.000258143	549.382
0.000259652	499.465
0.00026116	453.589
0.000262669	411.754
0.000264177	373.701
0.000265685	339.411
0.000267194	308.547
0.000268702	281.073
0.000270211	256.582
0.000271719	235.016
0.000273228	215.914
0.000274736	199.191
0.000276244	184.363
0.000277753	171.319
0.000279261	159.599
0.00028077	149.073
0.000282278	139.359
0.000283786	130.322
0.000285295	121.704
0.000286803	113.384
0.000288312	105.243
0.00028982	97.1956
0.000291329	89.2441
0.000292837	81.3495
0.000294345	73.5945
0.000295854	65.9854
0.000297362	58.6334
0.000298871	51.5772
0.000300379	44.9113
0.000301887	38.6872
0.000303396	32.9564
0.000304904	27.7631
0.000306413	23.1099
0.000307921	19.0204
0.000309429	15.4577
0.000310938	12.4205
0.000312446	9.84949
0.000313955	7.72175
0.000315463	5.97291
0.000316972	4.56632
0.00031848	3.44467
0.000319988	2.56675
0.000321497	1.88823
0.000323005	1.37061
0.000324514	0.983371
0.000326022	0.69494
0.00032753	0.486383
0.000329039	0.334421
0.000330547	0.228407
0.000332056	0.148621
0.000333564	0.101815
