0.000500379	26.8506
0.000507922	29.5396
0.000515465	32.5561
0.000523008	35.8898
0.00053055	39.5709
0.000538093	43.6291
0.000545636	48.0602
0.000553179	52.8802
0.000560721	58.06
0.000568264	63.5899
0.000575807	69.4177
0.00058335	75.4997
0.000590892	81.7694
0.000598435	88.1488
0.000605978	94.5692
0.000613521	100.928
0.000621063	107.166
0.000628606	113.173
0.000636149	118.911
0.000643692	124.281
0.000651234	129.272
0.000658777	133.816
0.00066632	137.925
0.000673862	141.575
0.000681405	144.799
0.000688948	147.619
0.000696491	150.079
0.000704033	152.245
0.000711576	154.163
0.000719119	155.931
0.000726662	157.59
0.000734204	159.256
0.000741747	160.962
0.00074929	162.825
0.000756833	164.866
0.000764375	167.189
0.000771918	169.803
0.000779461	172.787
0.000787004	176.138
0.000794546	179.901
0.000802089	184.065
0.000809632	188.639
0.000817175	193.609
0.000824717	198.953
0.00083226	204.664
0.000839803	210.704
0.000847345	217.076
0.000854888	223.754
0.000862431	230.752
0.000869974	238.081
0.000877516	245.761
0.000885059	253.855
0.000892602	262.385
0.000900145	271.459
0.000907687	281.094
0.00091523	291.417
0.000922773	302.433
0.000930316	314.249
0.000937858	326.853
0.000945401	340.289
0.000952944	354.534
0.000960487	369.54
0.000968029	385.281
0.000975572	401.62
0.000983115	418.536
0.000990658	435.835
0.0009982	453.507
0.00100574	471.353
0.00101329	489.376
0.00102083	507.43
0.00102837	525.525
0.00103591	543.601
0.00104346	561.671
0.001051	579.763
0.00105854	597.886
0.00106608	616.121
0.00107363	634.469
0.00108117	653.01
0.00108871	671.736
0.00109626	690.667
0.0011038	709.789
0.00111134	729.022
0.00111888	748.354
0.00112643	767.596
0.00113397	786.741
0.00114151	805.525
0.00114906	823.947
0.0011566	841.724
0.00116414	858.862
0.00117168	875.124
0.00117923	890.518
0.00118677	904.909
0.00119431	918.304
0.00120185	930.691
0.0012094	942.076
0.00121694	952.56
0.00122448	962.143
0.00123203	970.993
0.00123957	979.111
0.00124711	986.664
0.00125465	993.653
0.0012622	1000.18
0.00126974	1006.24
0.00127728	1011.83
0.00128482	1016.94
0.00129237	1021.43
0.00129991	1025.28
0.00130745	1028.27
0.001315	1030.43
0.00132254	1030.76
0.00133008	1030.12
0.00133762	1028.57
0.00134517	1024.56
0.00135271	1018.61
0.00136025	1010.79
0.00136779	1000.77
0.00137534	988.563
0.00138288	974.134
0.00139042	957.472
0.00139797	938.739
0.00140551	917.922
0.00141305	895.337
0.00142059	870.977
0.00142814	845.264
0.00143568	818.199
0.00144322	790.245
0.00145076	761.415
0.00145831	732.151
0.00146585	702.475
0.00147339	672.768
0.00148094	643.055
0.00148848	613.632
0.00149602	584.526
0.00150356	555.943
0.00151111	527.905
0.00151865	500.542
0.00152619	473.872
0.00153373	447.963
0.00154128	422.828
0.00154882	398.497
0.00155636	374.977
0.00156391	352.275
0.00157145	330.397
0.00157899	309.34
0.00158653	289.106
0.00159408	269.694
0.00160162	251.103
0.00160916	233.33
0.0016167	216.376
0.00162425	200.237
0.00163179	184.913
0.00163933	170.393
0.00164688	156.678
0.00165442	143.748
0.00166196	131.601
0.0016695	120.206
0.00167705	109.562
0.00168459	99.6254
0.00169213	90.3926
0.00169968	81.8151
0.00170722	73.8847
0.00171476	66.5505
0.0017223	59.8018
0.00172985	53.588
0.00173739	47.8967
0.00174493	42.6801
0.00175247	37.9247
0.00176002	33.5864
0.00176756	29.6516
0.0017751	26.0804
0.00178265	22.8592
0.00179019	19.9523
0.00179773	17.3466
0.00180527	15.0106
0.00181282	12.9314
0.00182036	11.0814
0.0018279	9.44845
0.00183544	8.00827
0.00184299	6.74943
0.00185053	5.65065
0.00185807	4.70114
0.00186562	3.88234
0.00187316	3.18407
0.0018807	2.59028
0.00188824	2.09141
0.00189579	1.6739
0.00190333	1.32885
0.00191087	1.04519
0.00191841	0.814857
0.00192596	0.62922
0.0019335	0.481242
0.00194104	0.364534
0.00194859	0.273238
0.00195613	0.202909
0.00196367	0.148919
0.00197121	0.108371
0.00197876	0.0778095
0.0019863	0.0554736
0.00199384	0.0382451
0.00200138	0.0271918
