0.000500379	7.96691e-104
0.00050876	5.14845e-100
0.000517141	2.05914e-99
0.000525522	1.05732e-95
0.000533903	4.2717e-95
0.000542284	1.74251e-91
0.000550665	7.1127e-91
0.000559045	2.30463e-87
0.000567426	9.50576e-87
0.000575807	2.44613e-83
0.000584188	1.01966e-82
0.000592569	2.08361e-79
0.00060095	8.77901e-79
0.00060933	1.42432e-75
0.000617711	6.06669e-75
0.000626092	7.81376e-72
0.000634473	3.36493e-71
0.000642854	3.44012e-68
0.000651235	1.49802e-67
0.000659615	1.21549e-64
0.000667996	5.35277e-64
0.000676377	3.44671e-61
0.000684758	1.53517e-60
0.000693139	7.844e-58
0.00070152	3.53389e-57
0.0007099	1.43273e-54
0.000718281	6.52931e-54
0.000726662	2.10037e-51
0.000735043	9.6828e-51
0.000743424	2.47148e-48
0.000751805	1.15254e-47
0.000760186	2.33439e-45
0.000768566	1.1011e-44
0.000776947	1.77002e-42
0.000785328	8.44355e-42
0.000793709	1.0775e-39
0.00080209	5.19692e-39
0.000810471	5.26681e-37
0.000818851	2.5674e-36
0.000827232	2.0675e-34
0.000835613	1.01806e-33
0.000843994	6.51935e-32
0.000852375	3.24032e-31
0.000860756	1.65176e-29
0.000869136	8.27834e-29
0.000877517	3.36375e-27
0.000885898	1.69766e-26
0.000894279	5.50842e-25
0.00090266	2.79458e-24
0.000911041	7.25766e-23
0.000919421	3.69282e-22
0.000927802	7.69881e-21
0.000936183	3.91737e-20
0.000944564	6.58059e-19
0.000952945	3.33616e-18
0.000961326	4.53673e-17
0.000969707	2.28111e-16
0.000978087	2.52553e-15
0.000986468	1.25237e-14
0.000994849	1.13673e-13
0.00100323	5.52153e-13
0.00101161	4.14254e-12
0.00101999	1.95519e-11
0.00102837	1.22414e-10
0.00103675	5.56163e-10
0.00104513	2.93751e-09
0.00105351	1.27118e-08
0.0010619	5.73179e-08
0.00107028	2.33528e-07
0.00107866	9.10389e-07
0.00108704	3.44954e-06
0.00109542	1.17783e-05
0.0011038	4.09909e-05
0.00111218	0.000124149
0.00112056	0.000392084
0.00112894	0.00106579
0.00113732	0.00302109
0.0011457	0.00744597
0.00115409	0.0187695
0.00116247	0.0422841
0.00117085	0.0941405
0.00117923	0.195637
0.00118761	0.383316
0.00119599	0.750627
0.00120437	1.30672
0.00121275	2.24115
0.00122113	3.55211
0.00122951	5.41066
0.00123789	7.80336
0.00124627	10.7037
0.00125466	14.1019
0.00126304	17.7691
0.00127142	21.7173
0.0012798	25.9311
0.00128818	30.4354
0.00129656	35.9459
0.00130494	42.472
0.00131332	51.3476
0.0013217	62.5611
0.00133008	77.2271
0.00133846	95.3363
0.00134684	117.158
0.00135523	142.694
0.00136361	171.709
0.00137199	204.202
0.00138037	240.138
0.00138875	279.514
0.00139713	322.496
0.00140551	369.094
0.00141389	419.225
0.00142227	472.898
0.00143065	529.878
0.00143903	590.17
0.00144741	653.521
0.0014558	719.984
0.00146418	788.537
0.00147256	859.232
0.00148094	930.241
0.00148932	1001.4
0.0014977	1072.61
0.00150608	1143.46
0.00151446	1218.08
0.00152284	1296.25
0.00153122	1384.67
0.0015396	1483.74
0.00154798	1597.44
0.00155637	1726.75
0.00156475	1868.4
0.00157313	2023.33
0.00158151	2180.68
0.00158989	2340.44
0.00159827	2489.73
0.00160665	2627.1
0.00161503	2746.47
0.00162341	2845.87
0.00163179	2929.78
0.00164017	2997.57
0.00164855	3057.77
0.00165694	3111.73
0.00166532	3162.04
0.0016737	3210.49
0.00168208	3251.31
0.00169046	3286.72
0.00169884	3296.83
0.00170722	3289.41
0.0017156	3270.66
0.00172398	3212.15
0.00173236	3120.1
0.00174074	2998.16
0.00174912	2848.35
0.00175751	2669.36
0.00176589	2474.14
0.00177427	2263.42
0.00178265	2053.15
0.00179103	1846.54
0.00179941	1654.74
0.00180779	1481.96
0.00181617	1329.83
0.00182455	1200.95
0.00183293	1089.76
0.00184131	995.998
0.00184969	913.316
0.00185808	839.783
0.00186646	772.242
0.00187484	709.127
0.00188322	649.668
0.0018916	593.274
0.00189998	539.617
0.00190836	488.436
0.00191674	439.644
0.00192512	393.006
0.0019335	349.041
0.00194188	307.836
0.00195026	269.883
0.00195865	235.556
0.00196703	204.541
0.00197541	176.96
0.00198379	152.032
0.00199217	129.402
0.00200055	108.777
0.00200893	89.7676
0.00201731	72.7968
0.00202569	57.9223
0.00203407	45.5528
0.00204245	36.0715
0.00205083	29.175
0.00205922	24.8181
0.0020676	22.7751
0.00207598	22.0806
0.00208436	21.6578
0.00209274	21.3003
0.00210112	20.7001
0.0021095	19.2358
0.00211788	17.1395
0.00212626	14.4992
0.00213464	11.6632
0.00214302	8.92052
0.0021514	6.42063
0.00215979	4.42657
0.00216817	2.84825
