0.000166815	1.19966e-20
0.000172682	9.16588e-20
0.000178548	3.30646e-19
0.000184415	2.33957e-18
0.000190282	8.10879e-18
0.000196148	5.16146e-17
0.000202015	1.76957e-16
0.000207881	1.01586e-15
0.000213748	3.43669e-15
0.000219614	1.78428e-14
0.000225481	5.94044e-14
0.000231347	2.7978e-13
0.000237214	9.14029e-13
0.00024308	3.91785e-12
0.000248947	1.25207e-11
0.000254813	4.90139e-11
0.00026068	1.52722e-10
0.000266547	5.48019e-10
0.000272413	1.65909e-09
0.00027828	5.47822e-09
0.000284146	1.60561e-08
0.000290013	4.89793e-08
0.000295879	1.38465e-07
0.000301746	3.91811e-07
0.000307612	1.06443e-06
0.000313479	2.80536e-06
0.000319345	7.29718e-06
0.000325212	1.79849e-05
0.000331078	4.46331e-05
0.000336945	0.000103275
0.000342812	0.000243709
0.000348678	0.000531398
0.000354545	0.00118875
0.000360411	0.00245112
0.000366278	0.00518394
0.000372144	0.0101399
0.000378011	0.0202292
0.000383877	0.0376769
0.000389744	0.0707448
0.00039561	0.128272
0.000401477	0.224132
0.000407343	0.385477
0.00041321	0.636579
0.000419077	1.03745
0.000424943	1.62417
0.00043081	2.50765
0.000436676	3.73031
0.000442543	5.46044
0.000448409	7.73296
0.000454276	10.7492
0.000460142	14.5195
0.000466009	19.2142
0.000471875	24.8116
0.000477742	31.3718
0.000483608	38.8551
0.000489475	47.1783
0.000495342	56.3176
0.000501208	66.1196
0.000507075	76.6059
0.000512941	87.7199
0.000518808	99.5242
0.000524674	112.201
0.000530541	125.809
0.000536407	140.731
0.000542274	156.97
0.00054814	174.856
0.000554007	194.332
0.000559873	215.398
0.00056574	237.993
0.000571606	261.782
0.000577473	286.767
0.00058334	312.647
0.000589206	339.503
0.000595073	367.521
0.000600939	396.794
0.000606806	428.076
0.000612672	461.393
0.000618539	497.601
0.000624405	536.65
0.000630272	578.903
0.000636138	624.301
0.000642005	672.632
0.000647871	723.899
0.000653738	777.91
0.000659605	834.738
0.000665471	894.966
0.000671338	958.671
0.000677204	1027.38
0.000683071	1101.13
0.000688937	1181.74
0.000694804	1269.18
0.00070067	1364.62
0.000706537	1467.98
0.000712403	1579.01
0.00071827	1697.65
0.000724136	1821.95
0.000730003	1951.9
0.00073587	2084
0.000741736	2218.28
0.000747603	2350.19
0.000753469	2479.77
0.000759336	2602.25
0.000765202	2717.67
0.000771069	2822.21
0.000776935	2915.86
0.000782802	2996.72
0.000788668	3064.75
0.000794535	3120.3
0.000800401	3163.3
0.000806268	3195.91
0.000812135	3218.19
0.000818001	3231.17
0.000823868	3237.63
0.000829734	3238.04
0.000835601	3233.27
0.000841467	3225.01
0.000847334	3213.28
0.0008532	3199.55
0.000859067	3183.92
0.000864933	3166.88
0.0008708	3148.57
0.000876666	3128.09
0.000882533	3105.57
0.0008884	3078.67
0.000894266	3047.4
0.000900133	3008.89
0.000905999	2962.97
0.000911866	2907.76
0.000917732	2842.93
0.000923599	2768.8
0.000929465	2685.06
0.000935332	2594.21
0.000941198	2496.15
0.000947065	2394.51
0.000952931	2289.47
0.000958798	2184.39
0.000964665	2079.67
0.000970531	1977.41
0.000976398	1878.04
0.000982264	1782.2
0.000988131	1690.16
0.000993997	1601.46
0.000999864	1516.15
0.00100573	1433.46
0.0010116	1353.24
0.00101746	1275.17
0.00102333	1199.05
0.0010292	1125.24
0.00103506	1053.7
0.00104093	985.128
0.0010468	919.648
0.00105266	857.677
0.00105853	799.414
0.0010644	744.645
0.00107026	693.472
0.00107613	645.227
0.001082	599.837
0.00108786	556.625
0.00109373	515.408
0.00109959	475.796
0.00110546	437.622
0.00111133	400.786
0.00111719	365.202
0.00112306	330.919
0.00112893	297.912
0.00113479	266.291
0.00114066	236.058
0.00114653	207.384
0.00115239	180.291
0.00115826	155.019
0.00116413	131.63
0.00116999	110.358
0.00117586	91.3102
0.00118173	74.5979
0.00118759	60.3312
0.00119346	48.4202
0.00119933	38.92
0.00120519	31.5377
0.00121106	26.2323
0.00121693	22.5721
0.00122279	20.2362
0.00122866	19.3671
0.00123453	19.1901
0.00124039	19.14
0.00124626	19.4386
0.00125212	19.6782
0.00125799	19.5658
0.00126386	19.255
0.00126972	18.4426
0.00127559	17.1779
0.00128146	15.5884
0.00128732	13.7788
0.00129319	11.8328
0.00129906	9.87347
0.00130492	8.01474
0.00131079	6.30739
0.00131666	4.83624
0.00132252	3.58962
0.00132839	2.58623
0.00133426	1.81967
