0.000166815	1.36017e-16
0.000172682	7.82808e-16
0.000178548	2.72318e-15
0.000184415	1.47115e-14
0.000190282	4.84086e-14
0.000196148	2.36326e-13
0.000202015	7.64088e-13
0.000207881	3.38144e-12
0.000213748	1.07092e-11
0.000219614	4.31071e-11
0.000225481	1.33288e-10
0.000231347	4.89745e-10
0.000237214	1.47321e-09
0.00024308	4.95996e-09
0.000248947	1.44617e-08
0.000254813	4.47896e-08
0.00026068	1.26094e-07
0.000266547	3.60709e-07
0.000272413	9.76663e-07
0.00027828	2.59117e-06
0.000284146	6.72098e-06
0.000290013	1.66057e-05
0.000295879	4.11001e-05
0.000301746	9.49489e-05
0.000307612	0.0002234
0.000313479	0.000484435
0.000319345	0.00107966
0.000325212	0.00220563
0.000331078	0.00464118
0.000336945	0.00896236
0.000342812	0.0177558
0.000348678	0.0327983
0.000354545	0.0606873
0.000360411	0.10806
0.000366278	0.185954
0.000372144	0.313274
0.000378011	0.507672
0.000383877	0.807964
0.000389744	1.23697
0.00039561	1.85919
0.000401477	2.69562
0.000407343	3.82972
0.00041321	5.2698
0.000419077	7.09126
0.000424943	9.28163
0.00043081	11.8671
0.000436676	14.8174
0.000442543	18.0799
0.000448409	21.6236
0.000454276	25.3299
0.000460142	29.1892
0.000466009	33.0834
0.000471875	37.038
0.000477742	41.0283
0.000483608	45.1131
0.000489475	49.4357
0.000495342	54.0751
0.000501208	59.369
0.000507075	65.3995
0.000512941	72.6757
0.000518808	81.2654
0.000524674	91.782
0.000530541	104.262
0.000536407	119.308
0.000542274	136.91
0.00054814	157.501
0.000554007	181.023
0.000559873	207.57
0.00056574	237.06
0.000571606	269.171
0.000577473	303.833
0.00058334	340.406
0.000589206	378.866
0.000595073	418.522
0.000600939	459.407
0.000606806	501.112
0.000612672	543.71
0.000618539	587.32
0.000624405	632.021
0.000630272	678.494
0.000636138	726.782
0.000642005	777.875
0.000647871	831.756
0.000653738	889.206
0.000659605	950.159
0.000665471	1014.65
0.000671338	1082.62
0.000677204	1153.26
0.000683071	1226.56
0.000688937	1301.48
0.000694804	1378.08
0.00070067	1456.19
0.000706537	1535.87
0.000712403	1618.45
0.00071827	1703.93
0.000724136	1794.42
0.000730003	1889.87
0.00073587	1991.3
0.000741736	2098.65
0.000747603	2210.01
0.000753469	2325.38
0.000759336	2439.77
0.000765202	2553.2
0.000771069	2659.57
0.000776935	2758.87
0.000782802	2846.92
0.000788668	2923.63
0.000794535	2988.83
0.000800401	3042.37
0.000806268	3087.78
0.000812135	3124.97
0.000818001	3158.76
0.000823868	3189.23
0.000829734	3219.45
0.000835601	3249.65
0.000841467	3279.34
0.000847334	3308.78
0.0008532	3334.71
0.000859067	3358.04
0.000864933	3364.54
0.0008708	3365.45
0.000876666	3362.85
0.000882533	3336.66
0.0008884	3295.35
0.000894266	3240.28
0.000900133	3171.66
0.000905999	3089.29
0.000911866	2996.94
0.000917732	2894.65
0.000923599	2786.7
0.000929465	2673.27
0.000935332	2558.33
0.000941198	2442.11
0.000947065	2328.07
0.000952931	2216.51
0.000958798	2110.09
0.000964665	2009.22
0.000970531	1915.09
0.000976398	1828.16
0.000982264	1747.45
0.000988131	1673.3
0.000993997	1602.78
0.000999864	1535.82
0.00100573	1468.94
0.0010116	1401.62
0.00101746	1331.52
0.00102333	1257.97
0.0010292	1180.78
0.00103506	1099.46
0.00104093	1015.79
0.0010468	929.693
0.00105266	843.885
0.00105853	758.709
0.0010644	676.69
0.00107026	598.392
0.00107613	525.51
0.001082	458.597
0.00108786	398.363
0.00109373	345.207
0.00109959	299
0.00110546	259.939
0.00111133	227.281
0.00111719	201.031
0.00112306	180.028
0.00112893	164.104
0.00113479	151.862
0.00114066	142.971
0.00114653	136.061
0.00115239	130.671
0.00115826	125.769
0.00116413	120.866
0.00116999	115.481
0.00117586	109.24
0.00118173	102.199
0.00118759	94.2032
0.00119346	85.6236
0.00119933	76.52
0.00120519	67.3159
0.00121106	58.1934
0.00121693	49.4548
0.00122279	41.2957
0.00122866	33.8491
0.00123453	27.2536
0.00124039	21.5016
0.00124626	16.6521
0.00125212	12.611
0.00125799	9.3656
0.00126386	6.7883
0.00126972	4.81749
0.00127559	3.33304
0.00128146	2.25182
0.00128732	1.48442
0.00129319	0.950813
0.00129906	0.596862
0.00130492	0.360769
0.00131079	0.215868
0.00131666	0.122446
0.00132252	0.0700321
0.00132839	0.0330807
0.00133426	0.0203404
