0.000500379	2.12575e-18
0.000506246	1.48486e-17
0.000512113	5.30171e-17
0.000517979	3.42765e-16
0.000523846	1.16961e-15
0.000529712	6.78236e-15
0.000535579	2.28254e-14
0.000541445	1.19073e-13
0.000547312	3.94091e-13
0.000553178	1.85545e-12
0.000559045	6.02037e-12
0.000564911	2.56717e-11
0.000570778	8.13872e-11
0.000576644	3.15497e-10
0.000582511	9.73773e-10
0.000588378	3.44528e-09
0.000594244	1.03134e-08
0.000600111	3.34424e-08
0.000605977	9.67093e-08
0.000611844	2.88639e-07
0.00061771	8.03074e-07
0.000623577	2.21577e-06
0.000629443	5.90708e-06
0.00063531	1.51327e-05
0.000641176	3.84987e-05
0.000647043	9.19667e-05
0.000652909	0.000222393
0.000658776	0.000497442
0.000664643	0.00113911
0.000670509	0.00239507
0.000676376	0.00517583
0.000682242	0.0102662
0.000688109	0.0208732
0.000693975	0.039181
0.000699842	0.074758
0.000705708	0.136261
0.000711575	0.240284
0.000717441	0.414535
0.000723308	0.686151
0.000729174	1.11622
0.000735041	1.74142
0.000740908	2.6687
0.000746774	3.93294
0.000752641	5.67848
0.000758507	7.91796
0.000764374	10.7835
0.00077024	14.2481
0.000776107	18.3464
0.000781973	23.0176
0.00078784	28.1327
0.000793706	33.6366
0.000799573	39.2755
0.000805439	45.0544
0.000811306	50.7781
0.000817173	56.5375
0.000823039	62.44
0.000828906	68.6277
0.000834772	75.6245
0.000840639	83.5454
0.000846505	93.1739
0.000852372	104.539
0.000858238	118.332
0.000864105	134.51
0.000869971	153.41
0.000875838	174.992
0.000881704	199.317
0.000887571	226.403
0.000893438	256.367
0.000899304	289.253
0.000905171	325.409
0.000911037	364.811
0.000916904	407.691
0.00092277	453.902
0.000928637	502.862
0.000934503	554.363
0.00094037	606.63
0.000946236	659.546
0.000952103	710.707
0.000957969	760.19
0.000963836	806.371
0.000969703	849.491
0.000975569	890.05
0.000981436	928.309
0.000987302	967.145
0.000993169	1006.69
0.000999035	1051.01
0.0010049	1100.08
0.00101077	1157.28
0.00101663	1222.47
0.0010225	1297.01
0.00102837	1380.79
0.00103423	1473.06
0.0010401	1573.78
0.00104597	1680.9
0.00105183	1794.43
0.0010577	1911.64
0.00106357	2032.52
0.00106943	2153.56
0.0010753	2274.76
0.00108117	2391.69
0.00108703	2504.39
0.0010929	2608.49
0.00109877	2703.99
0.00110463	2788.5
0.0011105	2861.98
0.00111637	2925.36
0.00112223	2978.56
0.0011281	3025.2
0.00113397	3065.24
0.00113983	3102.63
0.0011457	3137.44
0.00115157	3171.57
0.00115743	3205.17
0.0011633	3237.49
0.00116916	3268.63
0.00117503	3296.1
0.0011809	3319.93
0.00118676	3337.1
0.00119263	3347.54
0.0011985	3348.66
0.00120436	3339.51
0.00121023	3319.9
0.0012161	3286.78
0.00122196	3240.21
0.00122783	3180.19
0.0012337	3107.48
0.00123956	3021.77
0.00124543	2926.52
0.0012513	2821.64
0.00125716	2711.84
0.00126303	2597.36
0.0012689	2482.37
0.00127476	2367.32
0.00128063	2254.63
0.0012865	2144.72
0.00129236	2038.25
0.00129823	1935.47
0.0013041	1836.05
0.00130996	1740.04
0.00131583	1646.89
0.00132169	1556.56
0.00132756	1468.57
0.00133343	1382.85
0.00133929	1298.96
0.00134516	1216.83
0.00135103	1136.04
0.00135689	1056.47
0.00136276	978.01
0.00136863	900.494
0.00137449	824.523
0.00138036	749.986
0.00138623	678.24
0.00139209	609.389
0.00139796	544.988
0.00140383	485.396
0.00140969	431.508
0.00141556	383.768
0.00142143	341.906
0.00142729	306.167
0.00143316	275.355
0.00143903	249.359
0.00144489	226.801
0.00145076	207.302
0.00145663	189.94
0.00146249	174.319
0.00146836	160.106
0.00147422	147.074
0.00148009	135.201
0.00148596	124.438
0.00149182	114.748
0.00149769	106.145
0.00150356	98.4653
0.00150942	91.6838
0.00151529	85.5925
0.00152116	80.1156
0.00152702	75.0926
0.00153289	70.4442
0.00153876	66.0621
0.00154462	61.8887
0.00155049	57.8308
0.00155636	53.8372
0.00156222	49.8343
0.00156809	45.7626
0.00157396	41.6161
0.00157982	37.3497
0.00158569	33.0487
0.00159156	28.721
0.00159742	24.5013
0.00160329	20.4589
0.00160916	16.7011
0.00161502	13.3215
0.00162089	10.3503
0.00162675	7.85269
0.00163262	5.78725
0.00163849	4.16213
0.00164435	2.90455
0.00165022	1.97389
0.00165609	1.30408
0.00166195	0.81068
0.00166782	0.52261
