0.000500379	2.70531
0.000507084	3.42813
0.000513789	4.26397
0.000520493	5.21912
0.000527198	6.2752
0.000533903	7.42447
0.000540607	8.63889
0.000547312	9.89383
0.000554017	11.1618
0.000560721	12.4057
0.000567426	13.6126
0.000574131	14.7472
0.000580835	15.8222
0.00058754	16.8246
0.000594244	17.7949
0.000600949	18.7601
0.000607654	19.7788
0.000614358	20.9228
0.000621063	22.2498
0.000627768	23.8618
0.000634472	25.7954
0.000641177	28.1513
0.000647882	30.9322
0.000654586	34.2011
0.000661291	37.927
0.000667995	42.1086
0.0006747	46.6944
0.000681405	51.615
0.000688109	56.817
0.000694814	62.1843
0.000701519	67.6784
0.000708223	73.1735
0.000714928	78.6549
0.000721633	84.0246
0.000728337	89.2906
0.000735042	94.4073
0.000741746	99.398
0.000748451	104.275
0.000755156	109.068
0.00076186	113.839
0.000768565	118.618
0.00077527	123.499
0.000781974	128.511
0.000788679	133.768
0.000795384	139.296
0.000802088	145.218
0.000808793	151.558
0.000815497	158.442
0.000822202	165.89
0.000828907	174.027
0.000835611	182.873
0.000842316	192.557
0.000849021	203.105
0.000855725	214.667
0.00086243	227.279
0.000869135	241.144
0.000875839	256.309
0.000882544	273.054
0.000889249	291.422
0.000895953	311.759
0.000902658	334.086
0.000909362	358.741
0.000916067	385.706
0.000922772	415.186
0.000929476	447.122
0.000936181	481.455
0.000942886	518.104
0.00094959	556.683
0.000956295	597.122
0.000963	638.776
0.000969704	681.609
0.000976409	724.906
0.000983113	768.675
0.000989818	812.365
0.000996523	856.017
0.00100323	899.41
0.00100993	942.591
0.00101664	985.687
0.00102334	1028.73
0.00103005	1072.04
0.00103675	1115.62
0.00104346	1159.8
0.00105016	1204.54
0.00105686	1249.97
0.00106357	1296.07
0.00107027	1342.7
0.00107698	1389.86
0.00108368	1437.26
0.00109039	1484.89
0.00109709	1532.46
0.0011038	1579.99
0.0011105	1627.29
0.00111721	1674.38
0.00112391	1721.22
0.00113062	1767.8
0.00113732	1814.12
0.00114402	1860.17
0.00115073	1905.8
0.00115743	1951.02
0.00116414	1995.38
0.00117084	2038.9
0.00117755	2080.77
0.00118425	2121.01
0.00119096	2158.52
0.00119766	2193.31
0.00120437	2224.14
0.00121107	2251.01
0.00121778	2272.91
0.00122448	2289.88
0.00123119	2299.43
0.00123789	2303.94
0.00124459	2303.61
0.0012513	2295.31
0.001258	2281.06
0.00126471	2260.96
0.00127141	2235.68
0.00127812	2205.2
0.00128482	2170.81
0.00129153	2132.51
0.00129823	2091.71
0.00130494	2048.46
0.00131164	2003.98
0.00131835	1958.34
0.00132505	1912.35
0.00133175	1866.08
0.00133846	1819.77
0.00134516	1773.5
0.00135187	1726.93
0.00135857	1680.12
0.00136528	1632.36
0.00137198	1583.65
0.00137869	1533.26
0.00138539	1481.1
0.0013921	1426.77
0.0013988	1370.15
0.00140551	1311.43
0.00141221	1250.5
0.00141891	1188.17
0.00142562	1124.41
0.00143232	1060.47
0.00143903	996.415
0.00144573	933.601
0.00145244	872.179
0.00145914	813.247
0.00146585	757.006
0.00147255	704.066
0.00147926	654.615
0.00148596	608.727
0.00149267	566.521
0.00149937	527.644
0.00150608	492.124
0.00151278	459.365
0.00151948	429.31
0.00152619	401.32
0.00153289	375.278
0.0015396	350.658
0.0015463	327.319
0.00155301	304.931
0.00155971	283.371
0.00156642	262.523
0.00157312	242.305
0.00157983	222.776
0.00158653	203.907
0.00159324	185.846
0.00159994	168.618
0.00160664	152.367
0.00161335	137.146
0.00162005	123.029
0.00162676	110.069
0.00163346	98.2373
0.00164017	87.56
0.00164687	77.9238
0.00165358	69.3159
0.00166028	61.5828
0.00166699	54.6767
0.00167369	48.4539
0.0016804	42.8492
0.0016871	37.7614
0.00169381	33.129
0.00170051	28.8994
0.00170721	25.0299
0.00171392	21.5023
0.00172062	18.2955
0.00172733	15.4042
0.00173403	12.822
0.00174074	10.539
0.00174744	8.5529
0.00175415	6.8423
0.00176085	5.4
0.00176756	4.19563
0.00177426	3.21372
0.00178097	2.42165
0.00178767	1.79742
0.00179437	1.31249
0.00180108	0.942687
0.00180778	0.66681
0.00181449	0.462852
0.00182119	0.317176
0.0018279	0.207376
0.0018346	0.141126
