0.000500379	1.53918e-62
0.000507084	1.19958e-59
0.000513789	4.79372e-59
0.000520493	2.93756e-56
0.000527198	1.18507e-55
0.000533903	5.70784e-53
0.000540607	2.32546e-52
0.000547312	8.80319e-50
0.000554017	3.62213e-49
0.000560721	1.07772e-46
0.000567426	4.47826e-46
0.000574131	1.04736e-43
0.000580835	4.39488e-43
0.00058754	8.08043e-41
0.000594244	3.42356e-40
0.000600949	4.9495e-38
0.000607654	2.11691e-37
0.000614358	2.40727e-35
0.000621063	1.03902e-34
0.000627768	9.29799e-33
0.000634472	4.048e-32
0.000641177	2.85257e-30
0.000647882	1.25187e-29
0.000654586	6.95302e-28
0.000661291	3.07316e-27
0.000667995	1.3469e-25
0.0006747	5.98855e-25
0.000681405	2.0744e-23
0.000688109	9.26358e-23
0.000694814	2.54136e-21
0.000701519	1.13754e-20
0.000708223	2.47814e-19
0.000714928	1.10892e-18
0.000721633	1.92489e-17
0.000728337	8.58213e-17
0.000735042	1.1921e-15
0.000741746	5.27328e-15
0.000748451	5.89297e-14
0.000755156	2.57269e-13
0.00076186	2.32826e-12
0.000768565	9.9669e-12
0.00077527	7.36277e-11
0.000781974	3.06658e-10
0.000788679	1.86658e-09
0.000795384	7.49453e-09
0.000802088	3.79966e-08
0.000808793	1.45521e-07
0.000815497	6.22017e-07
0.000822202	2.24556e-06
0.000828907	8.19934e-06
0.000835611	2.75488e-05
0.000842316	8.71113e-05
0.000849021	0.000268824
0.000855725	0.00074622
0.00086243	0.00208784
0.000869135	0.00515335
0.000875839	0.0129169
0.000882544	0.0286714
0.000889249	0.0637362
0.000895953	0.129953
0.000902658	0.253428
0.000909362	0.480257
0.000916067	0.823432
0.000922772	1.37256
0.000929476	2.12693
0.000936181	3.15514
0.000942886	4.44605
0.00094959	5.98716
0.000956295	7.78924
0.000963	9.85694
0.000969704	12.253
0.000976409	15.2889
0.000983113	19.0421
0.000989818	24.2382
0.000996523	30.8849
0.00100323	39.6773
0.00100993	50.5397
0.00101664	63.5357
0.00102334	78.6054
0.00103005	95.283
0.00103675	113.615
0.00104346	133.505
0.00105016	155.079
0.00105686	179.417
0.00106357	206.617
0.00107027	238.791
0.00107698	275.914
0.00108368	319.831
0.00109039	370.401
0.00109709	427.46
0.0011038	490.875
0.0011105	558.062
0.00111721	629.018
0.00112391	700.803
0.00113062	773.509
0.00113732	846.515
0.00114402	919.882
0.00115073	995.489
0.00115743	1073.33
0.00116414	1155.63
0.00117084	1242.36
0.00117755	1334.58
0.00118425	1432.28
0.00119096	1535.32
0.00119766	1643.72
0.00120437	1755.95
0.00121107	1872.07
0.00121778	1988.76
0.00122448	2106.05
0.00123119	2220.05
0.00123789	2330.69
0.00124459	2435.89
0.0012513	2535.53
0.001258	2629.99
0.00126471	2719.23
0.00127141	2804.5
0.00127812	2885.87
0.00128482	2963.87
0.00129153	3038.71
0.00129823	3108.88
0.00130494	3174.7
0.00131164	3231.4
0.00131835	3279.49
0.00132505	3308.53
0.00133175	3322.49
0.00133846	3322.61
0.00134516	3299.07
0.00135187	3262.28
0.00135857	3212.9
0.00136528	3159.54
0.00137198	3103.12
0.00137869	3048.29
0.00138539	2996.24
0.0013921	2944.96
0.0013988	2894.94
0.00140551	2841.02
0.00141221	2782.89
0.00141891	2716.14
0.00142562	2639.99
0.00143232	2553.06
0.00143903	2454.57
0.00144573	2346.65
0.00145244	2229.01
0.00145914	2105.54
0.00146585	1976.53
0.00147255	1845.62
0.00147926	1713.14
0.00148596	1582.91
0.00149267	1455.17
0.00149937	1334.75
0.00150608	1222.52
0.00151278	1121.91
0.00151948	1034.5
0.00152619	958.745
0.00153289	895.59
0.0015396	839.253
0.0015463	788.908
0.00155301	739.563
0.00155971	689.368
0.00156642	637.53
0.00157312	582.883
0.00157983	527.654
0.00158653	472.006
0.00159324	418.207
0.00159994	367.065
0.00160664	319.446
0.00161335	275.941
0.00162005	236.414
0.00162676	200.989
0.00163346	169.399
0.00164017	141.562
0.00164687	117.39
0.00165358	96.8755
0.00166028	79.7985
0.00166699	66.2055
0.00167369	55.4709
0.0016804	47.4825
0.0016871	41.3899
0.00169381	36.8498
0.00170051	33.1814
0.00170721	29.9536
0.00171392	26.8922
0.00172062	23.68
0.00172733	20.4148
0.00173403	17.0092
0.00174074	13.7023
0.00174744	10.5991
0.00175415	7.83789
0.00176085	5.56161
0.00176756	3.73467
0.00177426	2.40724
0.00178097	1.46123
0.00178767	0.845554
0.00179437	0.465184
0.00180108	0.233323
0.00180778	0.120118
0.00181449	0.0539993
0.00182119	0.0249621
0.0018279	0.00935892
0.0018346	0.00415786
