3.33898e-05	0.0173319
3.52334e-05	0.0289733
3.70771e-05	0.0638978
3.89207e-05	0.114123
4.07644e-05	0.210553
4.2608e-05	0.362053
4.44517e-05	0.622156
4.62953e-05	1.02158
4.8139e-05	1.65301
4.99827e-05	2.58774
5.18263e-05	3.96358
5.367e-05	5.91552
5.55136e-05	8.61521
5.73573e-05	12.2735
5.92009e-05	17.0646
6.10446e-05	23.2593
6.28882e-05	30.9922
6.47319e-05	40.5438
6.65755e-05	51.9775
6.84192e-05	65.5138
7.02628e-05	81.1403
7.21065e-05	98.9634
7.39502e-05	118.915
7.57938e-05	140.973
7.76375e-05	165.041
7.94811e-05	190.988
8.13248e-05	218.704
8.31684e-05	247.976
8.50121e-05	278.699
8.68557e-05	310.598
8.86994e-05	343.611
9.0543e-05	377.459
9.23867e-05	412.187
9.42303e-05	447.656
9.6074e-05	484.069
9.79177e-05	521.629
9.97613e-05	560.68
0.000101605	601.916
0.000103449	645.712
0.000105292	693.193
0.000107136	744.623
0.00010898	801.243
0.000110823	863.12
0.000112667	931.193
0.000114511	1005.36
0.000116354	1085.97
0.000118198	1172.88
0.000120042	1265.91
0.000121885	1365.01
0.000123729	1469.85
0.000125572	1580.51
0.000127416	1696.93
0.00012926	1819.17
0.000131103	1947.48
0.000132947	2081.78
0.000134791	2222.07
0.000136634	2368.1
0.000138478	2519.06
0.000140322	2674.69
0.000142165	2833.42
0.000144009	2995.19
0.000145853	3158.59
0.000147696	3323.84
0.00014954	3490.72
0.000151384	3659.56
0.000153227	3831.61
0.000155071	4007.02
0.000156915	4187.59
0.000158758	4373.21
0.000160602	4564.8
0.000162446	4762.11
0.000164289	4964.47
0.000166133	5171.63
0.000167977	5381.72
0.00016982	5594.62
0.000171664	5808.11
0.000173507	6022.13
0.000175351	6234.48
0.000177195	6445.01
0.000179038	6650.93
0.000180882	6852.04
0.000182726	7044.25
0.000184569	7227.48
0.000186413	7397.15
0.000188257	7553.39
0.0001901	7693.37
0.000191944	7817.4
0.000193788	7926.31
0.000195631	8020.32
0.000197475	8103.4
0.000199319	8175.54
0.000201162	8240.78
0.000203006	8298.99
0.00020485	8351.21
0.000206693	8397.31
0.000208537	8435.77
0.000210381	8466.27
0.000212224	8474.03
0.000214068	8475.93
0.000215912	8471.05
0.000217755	8438.56
0.000219599	8391.34
0.000221442	8329.38
0.000223286	8253.93
0.00022513	8164.97
0.000226973	8065.52
0.000228817	7955.61
0.000230661	7836.82
0.000232504	7709.22
0.000234348	7572.53
0.000236192	7426.79
0.000238035	7271.06
0.000239879	7105.29
0.000241723	6929.47
0.000243566	6743.47
0.00024541	6549.01
0.000247254	6345.95
0.000249097	6137.48
0.000250941	5923.54
0.000252785	5708.16
0.000254628	5491.34
0.000256472	5277.5
0.000258316	5066.71
0.000260159	4863.15
0.000262003	4667.06
0.000263847	4481.23
0.00026569	4306.08
0.000267534	4141.5
0.000269377	3987.99
0.000271221	3841.85
0.000273065	3703.32
0.000274908	3566.27
0.000276752	3430.43
0.000278596	3290.05
0.000280439	3144.35
0.000282283	2990.88
0.000284127	2828.72
0.00028597	2660.08
0.000287814	2484.39
0.000289658	2307.56
0.000291501	2129.72
0.000293345	1957.87
0.000295189	1792.85
0.000297032	1639.89
0.000298876	1500.15
0.00030072	1375.36
0.000302563	1266.51
0.000304407	1171.78
0.000306251	1091.57
0.000308094	1021.88
0.000309938	962.419
0.000311782	908.886
0.000313625	860.497
0.000315469	814.067
0.000317312	768.705
0.000319156	722.836
0.000321	675.776
0.000322843	627.351
0.000324687	577.199
0.000326531	526.082
0.000328374	473.941
0.000330218	422.034
0.000332062	370.547
0.000333905	320.852
0.000335749	273.314
0.000337593	229.044
0.000339436	188.487
0.00034128	152.184
0.000343124	120.517
0.000344967	93.3633
0.000346811	70.905
0.000348655	52.5171
0.000350498	38.1309
0.000352342	26.9246
0.000354186	18.6347
0.000356029	12.5179
0.000357873	8.23334
0.000359717	5.2554
0.00036156	3.27354
0.000363404	1.98525
0.000365247	1.16616
0.000367091	0.672729
0.000368935	0.369108
0.000370778	0.204414
0.000372622	0.104373
0.000374466	0.0556372
0.000376309	0.0268263
0.000378153	0.0134947
0.000379997	0.00615967
0.00038184	0.00291185
0.000383684	0.00126202
0.000385528	0.000558178
0.000387371	0.000230489
0.000389215	9.49436e-05
0.000391059	3.74903e-05
0.000392902	1.43163e-05
0.000394746	5.42664e-06
0.00039659	1.91214e-06
0.000398433	6.47596e-07
0.000400277	2.26081e-07
