0.000500379	1.28327e-88
0.000507922	2.7412e-85
0.000515465	1.0961e-84
0.000523008	1.88942e-81
0.00053055	7.6305e-81
0.000538093	1.06117e-77
0.000545636	4.32943e-77
0.000553179	4.85693e-74
0.000560721	2.00209e-73
0.000568264	1.8116e-70
0.000575807	7.54586e-70
0.00058335	5.50671e-67
0.000590892	2.31798e-66
0.000598435	1.36413e-63
0.000605978	5.80341e-63
0.000613521	2.75397e-60
0.000621063	1.18422e-59
0.000628606	4.53121e-57
0.000636149	1.9695e-56
0.000643692	6.0762e-54
0.000651234	2.66966e-53
0.000658777	6.64096e-51
0.00066632	2.9494e-50
0.000673862	5.91605e-48
0.000681405	2.65577e-47
0.000688948	4.29599e-45
0.000696491	1.94907e-44
0.000704033	2.54308e-42
0.000711576	1.16587e-41
0.000719119	1.22735e-39
0.000726662	5.68405e-39
0.000734204	4.82998e-37
0.000741747	2.2587e-36
0.00074929	1.55012e-34
0.000756833	7.31573e-34
0.000764375	4.05803e-32
0.000771918	1.93136e-31
0.000779461	8.66791e-30
0.000787004	4.15612e-29
0.000794546	1.51113e-27
0.000802089	7.29027e-27
0.000809632	2.15108e-25
0.000817175	1.04243e-24
0.000824717	2.50144e-23
0.00083226	1.21514e-22
0.000839803	2.37776e-21
0.000847345	1.1548e-20
0.000854888	1.84885e-19
0.000862431	8.94811e-19
0.000869974	1.17697e-17
0.000877516	5.65389e-17
0.000885059	6.1403e-16
0.000892602	2.91353e-15
0.000900145	2.62826e-14
0.000907687	1.22471e-13
0.00091523	9.24156e-13
0.000922773	4.20044e-12
0.000930316	2.67304e-11
0.000937858	1.17583e-10
0.000945401	6.36869e-10
0.000952944	2.68754e-09
0.000960487	1.25163e-08
0.000968029	5.01834e-08
0.000975572	2.03157e-07
0.000983115	7.66049e-07
0.000990658	2.72652e-06
0.0009982	9.56812e-06
0.00100574	3.02835e-05
0.00101329	9.78973e-05
0.00102083	0.000278576
0.00102837	0.000821755
0.00103591	0.00212373
0.00104346	0.00567025
0.001051	0.013427
0.00105854	0.0322479
0.00106608	0.0704742
0.00107363	0.151699
0.00108117	0.308002
0.00108871	0.593843
0.00109626	1.14918
0.0011038	2.00002
0.00111134	3.47835
0.00111888	5.60476
0.00112643	8.875
0.00113397	13.2942
0.00114151	19.3918
0.00114906	27.1528
0.0011566	36.9177
0.00116414	48.6584
0.00117168	62.3246
0.00117923	77.8891
0.00118677	94.826
0.00119431	113.128
0.00120185	132.02
0.0012094	151.526
0.00121694	171.423
0.00122448	191.746
0.00123203	213.828
0.00123957	237.676
0.00124711	266.111
0.00125465	299.113
0.0012622	339.222
0.00126974	386.438
0.00127728	441.179
0.00128482	503.472
0.00129237	572.081
0.00129991	646.98
0.00130745	728.021
0.001315	815.088
0.00132254	911.099
0.00133008	1016
0.00133762	1133.76
0.00134517	1264.64
0.00135271	1408.05
0.00136025	1564.57
0.00136779	1725.26
0.00137534	1890.43
0.00138288	2046.72
0.00139042	2193.56
0.00139797	2323.56
0.00140551	2435.41
0.00141305	2534.7
0.00142059	2620.62
0.00142814	2706.86
0.00143568	2794.18
0.00144322	2891.1
0.00145076	2999.48
0.00145831	3113.82
0.00146585	3235.39
0.00147339	3348.49
0.00148094	3452.52
0.00148848	3534.43
0.00149602	3595.42
0.00150356	3610.02
0.00151111	3603.15
0.00151865	3585.2
0.00152619	3527.88
0.00153373	3450.93
0.00154128	3359.13
0.00154882	3255.29
0.00155636	3140.32
0.00156391	3016.94
0.00157145	2885.58
0.00157899	2748.27
0.00158653	2605.14
0.00159408	2458.89
0.00160162	2309.67
0.00160916	2160.71
0.0016167	2012.36
0.00162425	1867.72
0.00163179	1727.26
0.00163933	1593.74
0.00164688	1467.79
0.00165442	1351.1
0.00166196	1244.53
0.0016695	1147.17
0.00167705	1059.57
0.00168459	978.304
0.00169213	902.791
0.00169968	830.32
0.00170722	759.531
0.00171476	691.217
0.0017223	624.791
0.00172985	563.067
0.00173739	506.908
0.00174493	457.341
0.00175247	415.482
0.00176002	379.399
0.00176756	349.049
0.0017751	321.88
0.00178265	296.865
0.00179019	273.012
0.00179773	249.523
0.00180527	226.611
0.00181282	204.18
0.00182036	182.349
0.0018279	161.191
0.00183544	140.611
0.00184299	120.478
0.00185053	101.118
0.00185807	82.5051
0.00186562	65.3256
0.00187316	49.9176
0.0018807	36.6351
0.00188824	25.8904
0.00189579	17.4055
0.00190333	11.2657
0.00191087	6.90143
0.00191841	4.04982
0.00192596	2.26439
0.0019335	1.17283
0.00194104	0.614261
0.00194859	0.285023
0.00195613	0.137064
0.00196367	0.0583792
0.00197121	0.0250615
0.00197876	0.00989248
0.0019863	0.0037502
0.00199384	0.00128172
0.00200138	0.000458895
