0.000500379	45.3494
0.000507084	47.2363
0.000513789	48.8542
0.000520493	50.2349
0.000527198	51.2857
0.000533903	51.9106
0.000540607	52.1322
0.000547312	51.8958
0.000554017	51.2677
0.000560721	50.2887
0.000567426	49.0777
0.000574131	47.7479
0.000580835	46.4345
0.00058754	45.2082
0.000594244	44.4728
0.000600949	44.4749
0.000607654	44.4957
0.000614358	45.2346
0.000621063	47.0958
0.000627768	49.569
0.000634472	52.7549
0.000641177	56.6218
0.000647882	61.0599
0.000654586	65.9234
0.000661291	71.0971
0.000667995	76.3567
0.0006747	81.6106
0.000681405	86.6104
0.000688109	91.3061
0.000694814	95.4851
0.000701519	99.1423
0.000708223	102.147
0.000714928	104.531
0.000721633	106.314
0.000728337	107.436
0.000735042	107.928
0.000741746	108.124
0.000748451	107.94
0.000755156	107.423
0.00076186	106.803
0.000768565	106.112
0.00077527	105.512
0.000781974	105.094
0.000788679	105.143
0.000795384	105.42
0.000802088	106.148
0.000808793	107.757
0.000815497	110.097
0.000822202	113.272
0.000828907	117.483
0.000835611	122.747
0.000842316	129.235
0.000849021	136.953
0.000855725	146.036
0.00086243	156.483
0.000869135	168.385
0.000875839	181.737
0.000882544	196.586
0.000889249	212.922
0.000895953	230.75
0.000902658	250.055
0.000909362	270.793
0.000916067	292.945
0.000922772	316.406
0.000929476	341.151
0.000936181	367.002
0.000942886	393.934
0.00094959	421.696
0.000956295	450.263
0.000963	479.331
0.000969704	508.885
0.000976409	538.606
0.000983113	568.493
0.000989818	598.268
0.000996523	627.943
0.00100323	657.341
0.00100993	686.484
0.00101664	715.347
0.00102334	743.955
0.00103005	772.461
0.00103675	800.889
0.00104346	829.561
0.00105016	858.493
0.00105686	888.129
0.00106357	918.476
0.00107027	950.013
0.00107698	982.735
0.00108368	1017.06
0.00109039	1052.97
0.00109709	1090.73
0.0011038	1130.33
0.0011105	1171.8
0.00111721	1215.14
0.00112391	1260.16
0.00113062	1306.87
0.00113732	1354.89
0.00114402	1404.21
0.00115073	1454.33
0.00115743	1505.23
0.00116414	1556.31
0.00117084	1607.56
0.00117755	1658.26
0.00118425	1708.43
0.00119096	1757.26
0.00119766	1804.74
0.00120437	1849.97
0.00121107	1892.96
0.00121778	1932.69
0.00122448	1969.18
0.00123119	2001.42
0.00123789	2029.39
0.00124459	2052.23
0.0012513	2069.91
0.001258	2081.87
0.00126471	2088.1
0.00127141	2088.52
0.00127812	2083.13
0.00128482	2072.49
0.00129153	2056.54
0.00129823	2036.43
0.00130494	2012.13
0.00131164	1985.08
0.00131835	1955.3
0.00132505	1924.2
0.00133175	1891.83
0.00133846	1859.16
0.00134516	1826.29
0.00135187	1793.51
0.00135857	1760.92
0.00136528	1728.1
0.00137198	1695.11
0.00137869	1661.05
0.00138539	1625.91
0.0013921	1588.68
0.0013988	1549.28
0.00140551	1506.98
0.00141221	1461.66
0.00141891	1413.17
0.00142562	1361.37
0.00143232	1306.75
0.00143903	1249.24
0.00144573	1189.83
0.00145244	1128.52
0.00145914	1066.55
0.00146585	1004.03
0.00147255	942.122
0.00147926	880.999
0.00148596	821.558
0.00149267	763.987
0.00149937	708.805
0.00150608	656.17
0.00151278	606.248
0.00151948	559.136
0.00152619	514.751
0.00153289	473.126
0.0015396	434.062
0.0015463	397.54
0.00155301	363.358
0.00155971	331.471
0.00156642	301.728
0.00157312	274.085
0.00157983	248.438
0.00158653	224.758
0.00159324	202.956
0.00159994	183.014
0.00160664	164.819
0.00161335	148.354
0.00162005	133.461
0.00162676	120.109
0.00163346	108.106
0.00164017	97.4024
0.00164687	87.7976
0.00165358	79.2234
0.00166028	71.5023
0.00166699	64.5587
0.00167369	58.2563
0.0016804	52.5245
0.0016871	47.2728
0.00169381	42.4447
0.00170051	37.9882
0.00170721	33.8643
0.00171392	30.0477
0.00172062	26.5151
0.00172733	23.2555
0.00173403	20.2572
0.00174074	17.514
0.00174744	15.0205
0.00175415	12.7692
0.00176085	10.7567
0.00176756	8.97077
0.00177426	7.40644
0.00178097	6.04693
0.00178767	4.88341
0.00179437	3.89619
0.00180108	3.07231
0.00180778	2.39178
0.00181449	1.8386
0.00182119	1.395
0.0018279	1.03641
0.0018346	0.771261
