3.33898e-05	3.37379
3.59039e-05	3.4555
3.8418e-05	3.56288
4.09322e-05	3.69661
4.34463e-05	3.85465
4.59604e-05	4.03555
4.84746e-05	4.23789
5.09887e-05	4.45933
5.35028e-05	4.70049
5.6017e-05	4.96011
5.85311e-05	5.24129
6.10452e-05	5.54554
6.35594e-05	5.87787
6.60735e-05	6.24325
6.85877e-05	6.64727
7.11018e-05	7.09775
7.36159e-05	7.5994
7.61301e-05	8.16109
7.86442e-05	8.78565
8.11583e-05	9.48082
8.36725e-05	10.2474
8.61866e-05	11.0904
8.87007e-05	12.009
9.12149e-05	13.0051
9.3729e-05	14.0772
9.62431e-05	15.2245
9.87573e-05	16.4451
0.000101271	17.7365
0.000103786	19.0964
0.0001063	20.5208
0.000108814	22.0068
0.000111328	23.5484
0.000113842	25.142
0.000116356	26.7789
0.00011887	28.4556
0.000121384	30.1612
0.000123899	31.8932
0.000126413	33.6405
0.000128927	35.4027
0.000131441	37.1718
0.000133955	38.9496
0.000136469	40.7347
0.000138983	42.5298
0.000141498	44.3403
0.000144012	46.1681
0.000146526	48.0221
0.00014904	49.9015
0.000151554	51.8115
0.000154068	53.7478
0.000156582	55.7045
0.000159096	57.6747
0.000161611	59.6368
0.000164125	61.5833
0.000166639	63.4788
0.000169153	65.318
0.000171667	67.0596
0.000174181	68.7018
0.000176695	70.2092
0.00017921	71.5836
0.000181724	72.8055
0.000184238	73.8792
0.000186752	74.8057
0.000189266	75.5903
0.00019178	76.2532
0.000194294	76.7989
0.000196809	77.2607
0.000199323	77.6416
0.000201837	77.9801
0.000204351	78.2769
0.000206865	78.567
0.000209379	78.8493
0.000211893	79.1466
0.000214407	79.4562
0.000216922	79.7813
0.000219436	80.1183
0.00022195	80.4467
0.000224464	80.7632
0.000226978	81.0399
0.000229492	81.2604
0.000232006	81.286
0.000234521	81.2857
0.000237035	81.2179
0.000239549	80.8816
0.000242063	80.4009
0.000244577	79.7652
0.000247091	78.9761
0.000249605	78.0358
0.000252119	76.9807
0.000254634	75.8115
0.000257148	74.5724
0.000259662	73.2626
0.000262176	71.9143
0.00026469	70.5264
0.000267204	69.1073
0.000269718	67.6564
0.000272233	66.1596
0.000274747	64.6168
0.000277261	63.004
0.000279775	61.3212
0.000282289	59.5494
0.000284803	57.6888
0.000287317	55.7357
0.000289831	53.6899
0.000292346	51.5648
0.00029486	49.3602
0.000297374	47.1017
0.000299888	44.789
0.000302402	42.4539
0.000304916	40.0961
0.00030743	37.7492
0.000309945	35.4131
0.000312459	33.1212
0.000314973	30.8736
0.000317487	28.7016
0.000320001	26.6056
0.000322515	24.6112
0.000325029	22.7191
0.000327544	20.9438
0.000330058	19.2865
0.000332572	17.7471
0.000335086	16.3268
0.0003376	15.0119
0.000340114	13.803
0.000342628	12.6785
0.000345142	11.638
0.000347657	10.6597
0.000350171	9.74251
0.000352685	8.87114
0.000355199	8.04394
0.000357713	7.25482
0.000360227	6.5024
0.000362741	5.78812
0.000365256	5.11139
0.00036777	4.47718
0.000370284	3.88573
0.000372798	3.34142
0.000375312	2.845
0.000377826	2.39767
0.00038034	2.00021
0.000382854	1.64996
0.000385369	1.34736
0.000387883	1.08671
0.000390397	0.867949
0.000392911	0.683819
0.000395425	0.533748
0.000397939	0.410359
0.000400453	0.312742
0.000402968	0.234384
0.000405482	0.174238
0.000407996	0.127147
0.00041051	0.0920958
0.000413024	0.0653616
0.000415538	0.0460748
0.000418052	0.0317678
0.000420566	0.0217673
0.000423081	0.0145662
0.000425595	0.00968906
0.000428109	0.00628802
0.000430623	0.00405489
0.000433137	0.00255087
0.000435651	0.0015924
0.000438165	0.000970903
0.00044068	0.000585785
0.000443194	0.000346242
0.000445708	0.000201533
0.000448222	0.00011555
0.000450736	6.45424e-05
0.00045325	3.61538e-05
0.000455764	1.93542e-05
0.000458279	1.06025e-05
0.000460793	5.46737e-06
0.000463307	2.90355e-06
0.000465821	1.44331e-06
0.000468335	7.42102e-07
0.000470849	3.55917e-07
0.000473363	1.76928e-07
0.000475877	8.19616e-08
0.000478392	3.93322e-08
0.000480906	1.76211e-08
0.00048342	8.15036e-09
0.000485934	3.53612e-09
0.000488448	1.57384e-09
0.000490962	6.62244e-10
0.000493476	2.8314e-10
0.000495991	1.15729e-10
0.000498505	4.74477e-11
0.000501019	1.88686e-11
0.000503533	7.40516e-12
0.000506047	2.86989e-12
0.000508561	1.07622e-12
0.000511075	4.07164e-13
0.000513589	1.45637e-13
0.000516104	5.38775e-14
0.000518618	1.83485e-14
0.000521132	6.64868e-15
0.000523646	2.15207e-15
0.00052616	7.65088e-16
0.000528674	2.34969e-16
0.000531188	7.66527e-17
0.000533703	2.38806e-17
