0.000500379	5.74044e-59
0.00050876	1.58303e-56
0.000517141	6.31491e-56
0.000525522	1.43629e-53
0.000533903	5.77802e-53
0.000542284	1.08295e-50
0.000550665	4.39724e-50
0.000559045	6.79203e-48
0.000567426	2.78338e-47
0.000575807	3.54356e-45
0.000584188	1.4654e-44
0.000592569	1.538e-42
0.00060095	6.41699e-42
0.00060933	5.55379e-40
0.000617711	2.33722e-39
0.000626092	1.66871e-37
0.000634473	7.08049e-37
0.000642854	4.17238e-35
0.000651235	1.78412e-34
0.000659615	8.683e-33
0.000667996	3.73926e-32
0.000676377	1.50425e-30
0.000684758	6.51856e-30
0.000693139	2.16987e-28
0.00070152	9.45205e-28
0.0007099	2.60695e-26
0.000718281	1.14003e-25
0.000726662	2.60955e-24
0.000735043	1.14374e-23
0.000743424	2.17723e-22
0.000751805	9.54491e-22
0.000760186	1.5148e-20
0.000768566	6.62615e-20
0.000776947	8.79342e-19
0.000785328	3.82659e-18
0.000793709	4.26177e-17
0.00080209	1.83841e-16
0.000810471	1.72569e-15
0.000818851	7.34817e-15
0.000827232	5.84281e-14
0.000835613	2.44372e-13
0.000843994	1.65553e-12
0.000852375	6.76236e-12
0.000860756	3.92914e-11
0.000869136	1.55728e-10
0.000877517	7.81785e-10
0.000885898	2.98481e-09
0.000894279	1.30519e-08
0.00090266	4.76234e-08
0.000911041	1.82966e-07
0.000919421	6.32653e-07
0.000927802	2.15491e-06
0.000936183	6.99942e-06
0.000944564	2.13305e-05
0.000952945	6.4512e-05
0.000961326	0.000177472
0.000969707	0.00049552
0.000978087	0.00124089
0.000986468	0.00317336
0.000994849	0.00728821
0.00100323	0.0169533
0.00101161	0.0359332
0.00101999	0.0756073
0.00102837	0.150174
0.00103675	0.284067
0.00104513	0.530861
0.00105351	0.906923
0.0010619	1.52811
0.00107028	2.40206
0.00107866	3.66633
0.00108704	5.30832
0.00109542	7.3839
0.0011038	9.86291
0.00111218	12.6178
0.00112056	15.6278
0.00112894	18.6402
0.00113732	21.668
0.0011457	24.5728
0.00115409	27.3866
0.00116247	30.2395
0.00117085	33.1446
0.00117923	36.336
0.00118761	39.8038
0.00119599	43.6483
0.00120437	47.8716
0.00121275	52.5658
0.00122113	57.753
0.00122951	63.8192
0.00123789	70.7658
0.00124627	79.0468
0.00125466	88.6227
0.00126304	99.2722
0.00127142	110.961
0.0012798	122.638
0.00128818	134.319
0.00129656	145.229
0.00130494	155.409
0.00131332	165.658
0.0013217	175.989
0.00133008	188.62
0.00133846	203.535
0.00134684	222.702
0.00135523	246.12
0.00136361	274.008
0.00137199	306.393
0.00138037	341.917
0.00138875	380.586
0.00139713	421.149
0.00140551	463.541
0.00141389	508.342
0.00142227	555.437
0.00143065	607.649
0.00143903	664.907
0.00144741	731.114
0.0014558	806.339
0.00146418	893.534
0.00147256	992.936
0.00148094	1104.6
0.00148932	1228.86
0.0014977	1362
0.00150608	1504.24
0.00151446	1649.11
0.00152284	1796.53
0.00153122	1940.09
0.0015396	2079.35
0.00154798	2210.76
0.00155637	2333.82
0.00156475	2448.12
0.00157313	2553.46
0.00158151	2650.51
0.00158989	2739.35
0.00159827	2819.9
0.00160665	2892.26
0.00161503	2955.65
0.00162341	3010.06
0.00163179	3054.77
0.00164017	3089.77
0.00164855	3114.15
0.00165694	3127.79
0.00166532	3130.04
0.0016737	3119.45
0.00168208	3095.59
0.00169046	3057.24
0.00169884	3003.5
0.00170722	2934.29
0.0017156	2849.48
0.00172398	2748.68
0.00173236	2633.68
0.00174074	2504.12
0.00174912	2364.18
0.00175751	2213.86
0.00176589	2059.32
0.00177427	1901.27
0.00178265	1746.03
0.00179103	1594.95
0.00179941	1452.4
0.00180779	1319.81
0.00181617	1198.82
0.00182455	1090.44
0.00183293	994.089
0.00184131	910.19
0.00184969	836.818
0.00185808	773.9
0.00186646	718.706
0.00187484	670.736
0.00188322	627.086
0.0018916	586.851
0.00189998	547.924
0.00190836	509.246
0.00191674	470.286
0.00192512	430.324
0.0019335	390.232
0.00194188	349.979
0.00195026	310.803
0.00195865	273.197
0.00196703	237.809
0.00197541	205.137
0.00198379	175.129
0.00199217	147.939
0.00200055	123.331
0.00200893	101.21
0.00201731	81.5252
0.00202569	64.2138
0.00203407	49.2913
0.00204245	36.8043
0.00205083	26.5767
0.00205922	18.6125
0.0020676	12.5249
0.00207598	8.153
0.00208436	5.08748
0.00209274	3.05045
0.00210112	1.76483
0.0021095	0.958985
0.00211788	0.520404
0.00212626	0.253924
0.00213464	0.129974
0.00214302	0.0586825
0.0021514	0.0273458
0.00215979	0.0104632
0.00216817	0.00483566
