3.33898e-05	6.80329
3.52334e-05	8.8888
3.70771e-05	11.4792
3.89207e-05	14.5637
4.07644e-05	18.1735
4.2608e-05	22.3499
4.44517e-05	27.0593
4.62953e-05	32.3029
4.8139e-05	38.013
4.99827e-05	44.1388
5.18263e-05	50.6011
5.367e-05	57.3045
5.55136e-05	64.1886
5.73573e-05	71.143
5.92009e-05	78.1514
6.10446e-05	85.1313
6.28882e-05	92.1232
6.47319e-05	99.1121
6.65755e-05	106.195
6.84192e-05	113.449
7.02628e-05	121.023
7.21065e-05	129.102
7.39502e-05	137.875
7.57938e-05	147.645
7.76375e-05	158.639
7.94811e-05	171.281
8.13248e-05	185.818
8.31684e-05	202.792
8.50121e-05	222.439
8.68557e-05	245.379
8.86994e-05	271.796
9.0543e-05	302.313
9.23867e-05	337.038
9.42303e-05	376.495
9.6074e-05	420.723
9.79177e-05	470.081
9.97613e-05	524.574
0.000101605	584.4
0.000103449	649.565
0.000105292	720.178
0.000107136	796.256
0.00010898	877.896
0.000110823	965.106
0.000112667	1057.98
0.000114511	1156.47
0.000116354	1260.6
0.000118198	1370.25
0.000120042	1485.21
0.000121885	1605.32
0.000123729	1730.05
0.000125572	1859.23
0.000127416	1992.04
0.00012926	2128.32
0.000131103	2267.1
0.000132947	2408.3
0.000134791	2550.97
0.000136634	2695.11
0.000138478	2840.04
0.000140322	2985.84
0.000142165	3132.3
0.000144009	3279.58
0.000145853	3428.09
0.000147696	3578.06
0.00014954	3730.62
0.000151384	3885.97
0.000153227	4045.87
0.000155071	4210.44
0.000156915	4381.65
0.000158758	4559.48
0.000160602	4745.46
0.000162446	4939.38
0.000164289	5141.54
0.000166133	5351.58
0.000167977	5567.85
0.00016982	5789.94
0.000171664	6014.05
0.000173507	6239.82
0.000175351	6461.66
0.000177195	6679.37
0.000179038	6886.59
0.000180882	7083.3
0.000182726	7263.77
0.000184569	7428.16
0.000186413	7572.73
0.000188257	7697.76
0.0001901	7802.48
0.000191944	7887.16
0.000193788	7954.17
0.000195631	8003.69
0.000197475	8040.49
0.000199319	8064.62
0.000201162	8081.75
0.000203006	8091.83
0.00020485	8099.61
0.000206693	8104.98
0.000208537	8110.3
0.000210381	8115.47
0.000212224	8119.56
0.000214068	8122.56
0.000215912	8122.22
0.000217755	8115.84
0.000219599	8102.54
0.000221442	8077.82
0.000223286	8039.15
0.00022513	7986.58
0.000226973	7916.41
0.000228817	7828.58
0.000230661	7722.01
0.000232504	7596.61
0.000234348	7453.75
0.000236192	7293.33
0.000238035	7118.9
0.000239879	6930.35
0.000241723	6732.69
0.000243566	6525.88
0.00024541	6315.43
0.000247254	6101.38
0.000249097	5888.67
0.000250941	5677.46
0.000252785	5471.12
0.000254628	5269.89
0.000256472	5075.04
0.000258316	4886.81
0.000260159	4704.43
0.000262003	4528.07
0.000263847	4355.71
0.00026569	4187.32
0.000267534	4020.75
0.000269377	3855.81
0.000271221	3691.17
0.000273065	3526.59
0.000274908	3362.04
0.000276752	3197.33
0.000278596	3033.59
0.000280439	2870.78
0.000282283	2710.55
0.000284127	2553
0.00028597	2399.63
0.000287814	2250.63
0.000289658	2106.8
0.000291501	1968.36
0.000293345	1835.4
0.000295189	1708.01
0.000297032	1585.91
0.000298876	1469.07
0.00030072	1357.26
0.000302563	1250.38
0.000304407	1148.58
0.000306251	1051.79
0.000308094	960.586
0.000309938	874.986
0.000311782	795.724
0.000313625	722.944
0.000315469	657.123
0.000317312	598.473
0.000319156	546.875
0.000321	502.502
0.000322843	464.541
0.000324687	433.016
0.000326531	406.587
0.000328374	385.08
0.000330218	366.969
0.000332062	351.908
0.000333905	338.539
0.000335749	326.434
0.000337593	314.64
0.000339436	302.752
0.00034128	290.292
0.000343124	276.963
0.000344967	262.702
0.000346811	247.354
0.000348655	231.148
0.000350498	214.067
0.000352342	196.494
0.000354186	178.522
0.000356029	160.574
0.000357873	142.813
0.000359717	125.609
0.00036156	109.15
0.000363404	93.6913
0.000365247	79.4059
0.000367091	66.401
0.000368935	54.7996
0.000370778	44.5718
0.000372622	35.767
0.000374466	28.2583
0.000376309	22.0203
0.000378153	16.8814
0.000379997	12.7592
0.00038184	9.48445
0.000383684	6.94502
0.000385528	5.00355
0.000387371	3.5457
0.000389215	2.47559
0.000391059	1.69572
0.000392902	1.14762
0.000394746	0.75888
0.00039659	0.498109
0.000398433	0.305793
0.000400277	0.202314
