0.000500379	4.76959e-178
0.000509598	6.05255e-172
0.000518817	2.42102e-171
0.000528036	2.26253e-165
0.000537255	9.14269e-165
0.000546474	6.29132e-159
0.000555693	2.56868e-158
0.000564912	1.3013e-152
0.000574131	5.36914e-152
0.00058335	2.00218e-146
0.000592569	8.34946e-146
0.000601788	2.29147e-140
0.000611007	9.65986e-140
0.000620226	1.95078e-134
0.000629445	8.31461e-134
0.000638664	1.23533e-128
0.000647883	5.3244e-128
0.000657101	5.81886e-123
0.00066632	2.53664e-122
0.000675539	2.03878e-117
0.000684758	8.9909e-117
0.000693977	5.31347e-112
0.000703196	2.37086e-111
0.000712415	1.03005e-106
0.000721634	4.6512e-106
0.000730853	1.48529e-101
0.000740072	6.78863e-101
0.000749291	1.59306e-96
0.00075851	7.3715e-96
0.000767729	1.27092e-91
0.000776948	5.95505e-91
0.000786167	7.54173e-87
0.000795386	3.57908e-86
0.000804605	3.32879e-82
0.000813823	1.60035e-81
0.000823042	1.09286e-77
0.000832261	5.32368e-77
0.00084148	2.66873e-73
0.000850699	1.31755e-72
0.000859918	4.84737e-69
0.000869137	2.42591e-68
0.000878356	6.54894e-65
0.000887575	3.32308e-64
0.000896794	6.58116e-61
0.000906013	3.38657e-60
0.000915232	4.91934e-57
0.000924451	2.56765e-56
0.00093367	2.73522e-53
0.000942889	1.44833e-52
0.000952108	1.13129e-49
0.000961327	6.07794e-49
0.000970545	3.48073e-46
0.000979764	1.89759e-45
0.000988983	7.96736e-43
0.000998202	4.40764e-42
0.00100742	1.3569e-39
0.00101664	7.61678e-39
0.00102586	1.71962e-36
0.00103508	9.79266e-36
0.0010443	1.622e-33
0.00105352	9.36694e-33
0.00106273	1.13901e-30
0.00107195	6.66606e-30
0.00108117	5.95701e-28
0.00109039	3.52959e-27
0.00109961	2.32156e-25
0.00110883	1.39051e-24
0.00111805	6.74676e-23
0.00112727	4.07604e-22
0.00113649	1.46351e-20
0.00114571	8.89078e-20
0.00115492	2.37269e-18
0.00116414	1.44315e-17
0.00117336	2.8798e-16
0.00118258	1.74343e-15
0.0011918	2.62234e-14
0.00120102	1.56777e-13
0.00121024	1.79622e-12
0.00121946	1.04963e-11
0.00122868	9.28346e-11
0.00123789	5.23348e-10
0.00124711	3.63242e-09
0.00125633	1.94412e-08
0.00126555	1.07963e-07
0.00127477	5.38356e-07
0.00128399	2.44461e-06
0.00129321	1.11214e-05
0.00130243	4.22534e-05
0.00131165	0.000171569
0.00132087	0.000557861
0.00133008	0.00197932
0.0013393	0.00562169
0.00134852	0.0171088
0.00135774	0.0431532
0.00136696	0.111095
0.00137618	0.251656
0.0013854	0.54393
0.00139462	1.14491
0.00140384	2.11234
0.00141305	3.77788
0.00142227	6.13905
0.00143149	9.36801
0.00144071	13.4681
0.00144993	18.0718
0.00145915	23.1832
0.00146837	28.3022
0.00147759	33.4048
0.00148681	38.9138
0.00149603	44.7747
0.00150524	52.7603
0.00151446	62.8374
0.00152368	77.3443
0.0015329	96.3381
0.00154212	121.143
0.00155134	151.943
0.00156056	187.371
0.00156978	227.602
0.001579	268.876
0.00158821	310.99
0.00159743	352.23
0.00160665	391.814
0.00161587	436.168
0.00162509	484.537
0.00163431	551.438
0.00164353	637.435
0.00165275	753.96
0.00166197	903.284
0.00167118	1079.85
0.0016804	1285.62
0.00168962	1499.38
0.00169884	1720.34
0.00170806	1929.82
0.00171728	2125.2
0.0017265	2301.11
0.00173572	2456.06
0.00174494	2590.93
0.00175416	2705.19
0.00176337	2802.02
0.00177259	2880.62
0.00178181	2949.99
0.00179103	3010.91
0.00180025	3070.78
0.00180947	3132.58
0.00181869	3190.51
0.00182791	3248.72
0.00183713	3277.63
0.00184634	3287.12
0.00185556	3286.46
0.00186478	3237.23
0.001874	3157.63
0.00188322	3053.67
0.00189244	2937.47
0.00190166	2811.72
0.00191088	2687.67
0.0019201	2569.59
0.00192932	2457.56
0.00193853	2353.88
0.00194775	2251.38
0.00195697	2149.15
0.00196619	2040.97
0.00197541	1924
0.00198463	1799.2
0.00199385	1664.92
0.00200307	1527.56
0.00201229	1388.45
0.0020215	1252.38
0.00203072	1121.74
0.00203994	996.757
0.00204916	878.282
0.00205838	765.282
0.0020676	657.13
0.00207682	554.979
0.00208604	458.568
0.00209526	370.654
0.00210448	292.296
0.00211369	224.939
0.00212291	169.999
0.00213213	126.227
0.00214135	94.0208
0.00215057	70.5148
0.00215979	54.8135
0.00216901	44.1468
0.00217823	36.9267
0.00218745	31.6261
0.00219666	26.8159
0.00220588	22.4054
0.0022151	17.7947
0.00222432	13.4805
0.00223354	9.61048
0.00224276	6.36526
0.00225198	3.98932
0.0022612	2.28513
0.00227042	1.22
0.00227964	0.61796
0.00228885	0.275498
0.00229807	0.125472
0.00230729	0.049798
0.00231651	0.019002
0.00232573	0.00635839
0.00233495	0.00214387
