0.000500379	1.79648e-96
0.000507922	1.18667e-92
0.000515465	4.74613e-92
0.000523008	2.44537e-88
0.00053055	9.87961e-88
0.000538093	3.96978e-84
0.000545636	1.6204e-83
0.000553179	5.07702e-80
0.000560721	2.09406e-79
0.000568264	5.11532e-76
0.000575807	2.13226e-75
0.00058335	4.06032e-72
0.000590892	1.7107e-71
0.000598435	2.53906e-68
0.000605978	1.0814e-67
0.000613521	1.25087e-64
0.000621063	5.38625e-64
0.000628606	4.85498e-61
0.000636149	2.11382e-60
0.000643692	1.48457e-57
0.000651234	6.5363e-57
0.000658777	3.57657e-54
0.00066632	1.5925e-53
0.000673862	6.78882e-51
0.000681405	3.0571e-50
0.000688948	1.01532e-47
0.000696491	4.62407e-47
0.000704033	1.19652e-44
0.000711576	5.51092e-44
0.000719119	1.11115e-41
0.000726662	5.175e-41
0.000734204	8.13219e-39
0.000741747	3.82899e-38
0.00074929	4.69115e-36
0.000756833	2.23228e-35
0.000764375	2.13335e-33
0.000771918	1.02543e-32
0.000779461	7.64981e-31
0.000787004	3.71162e-30
0.000794546	2.16357e-28
0.000802089	1.05858e-27
0.000809632	4.82819e-26
0.000817175	2.37903e-25
0.000824717	8.50542e-24
0.00083226	4.21307e-23
0.000839803	1.18349e-21
0.000847345	5.87943e-21
0.000854888	1.30173e-19
0.000862431	6.46593e-19
0.000869974	1.13283e-17
0.000877516	5.60416e-17
0.000885059	7.80898e-16
0.000892602	3.82831e-15
0.000900145	4.26962e-14
0.000907687	2.06143e-13
0.00091523	1.85449e-12
0.000922773	8.75083e-12
0.000930316	6.4098e-11
0.000937858	2.92907e-10
0.000945401	1.76618e-09
0.000952944	7.73228e-09
0.000960487	3.8866e-08
0.000968029	1.61033e-07
0.000975572	6.8413e-07
0.000983115	2.64678e-06
0.000990658	9.64435e-06
0.0009982	3.43509e-05
0.00100574	0.000108962
0.00101329	0.000352257
0.00102083	0.000986674
0.00102837	0.00285671
0.00103591	0.00715704
0.00104346	0.0183436
0.001051	0.0415462
0.00105854	0.0934329
0.00106608	0.194271
0.00107363	0.381337
0.00108117	0.738759
0.00108871	1.27817
0.00109626	2.16224
0.0011038	3.3921
0.00111134	5.11756
0.00111888	7.33786
0.00112643	10.1544
0.00113397	13.5883
0.00114151	17.9247
0.00114906	23.2058
0.0011566	30.2391
0.00116414	39.0386
0.00117168	50.6593
0.00117923	65.0609
0.00118677	82.6219
0.00119431	103.301
0.00120185	126.564
0.0012094	152.413
0.00121694	180.354
0.00122448	210.398
0.00123203	242.531
0.00123957	276.75
0.00124711	312.706
0.00125465	350.4
0.0012622	389.166
0.00126974	428.994
0.00127728	470.73
0.00128482	514.315
0.00129237	563.4
0.00129991	617.924
0.00130745	682.903
0.001315	758.394
0.00132254	847.34
0.00133008	949.953
0.00133762	1064.64
0.00134517	1191.61
0.00135271	1325.8
0.00136025	1467.23
0.00136779	1610.64
0.00137534	1755.87
0.00138288	1899.33
0.00139042	2040.81
0.00139797	2178.53
0.00140551	2312.31
0.00141305	2441.96
0.00142059	2567.57
0.00142814	2688.09
0.00143568	2804
0.00144322	2909.74
0.00145076	3005.51
0.00145831	3083.65
0.00146585	3144.33
0.00147339	3177.2
0.00148094	3192.19
0.00148848	3193.47
0.00149602	3177.45
0.00150356	3157.41
0.00151111	3135.02
0.00151865	3115.01
0.00152619	3099.08
0.00153373	3083.74
0.00154128	3069.37
0.00154882	3050.23
0.00155636	3025.74
0.00156391	2991.86
0.00157145	2948.23
0.00157899	2890.59
0.00158653	2818.47
0.00159408	2727.9
0.00160162	2617.17
0.00160916	2489.01
0.0016167	2341.6
0.00162425	2187.23
0.00163179	2026.61
0.00163933	1873.79
0.00164688	1732.43
0.00165442	1607.4
0.00166196	1502.34
0.0016695	1410.77
0.00167705	1333.15
0.00168459	1259.47
0.00169213	1187.08
0.00169968	1111.38
0.00170722	1029.46
0.00171476	943.943
0.0017223	854.155
0.00172985	765.241
0.00173739	678.58
0.00174493	597.175
0.00175247	522.68
0.00176002	455.061
0.00176756	395.033
0.0017751	341.07
0.00178265	292.906
0.00179019	249.22
0.00179773	209.34
0.00180527	172.979
0.00181282	139.702
0.00182036	109.974
0.0018279	83.8821
0.00183544	61.7103
0.00184299	43.778
0.00185053	29.6222
0.00185807	19.297
0.00186562	11.8807
0.00187316	7.01778
0.0018807	3.91512
0.00188824	2.03593
0.00189579	1.05466
0.00190333	0.485411
0.00191087	0.230026
0.00191841	0.0961226
0.00192596	0.04023
0.0019335	0.015423
0.00194104	0.00561693
0.00194859	0.00199862
0.00195613	0.000624041
0.00196367	0.000208551
0.00197121	5.50379e-05
0.00197876	1.74736e-05
0.0019863	3.84664e-06
0.00199384	1.12124e-06
0.00200138	2.12772e-07
