0.000500379	2.82903e-278
0.000510437	8.09106e-270
0.000520494	3.23642e-269
0.000530551	6.48668e-261
0.000540608	2.62122e-260
0.000550665	3.68113e-252
0.000560722	1.50297e-251
0.000570779	1.4787e-243
0.000580836	6.10106e-243
0.000590893	4.2045e-235
0.00060095	1.75336e-234
0.000611007	8.46225e-227
0.000621064	3.56734e-226
0.000631121	1.20557e-218
0.000641178	5.1384e-218
0.000651235	1.21571e-210
0.000661292	5.23988e-210
0.000671349	8.67759e-203
0.000681406	3.78289e-202
0.000691463	4.38428e-195
0.00070152	1.93347e-194
0.000711577	1.56792e-187
0.000721634	6.99616e-187
0.000731691	3.96896e-180
0.000741748	1.79223e-179
0.000751806	7.11136e-173
0.000761863	3.25042e-172
0.00077192	9.01887e-166
0.000781977	4.17348e-165
0.000792034	8.09603e-159
0.000802091	3.79376e-158
0.000812148	5.14414e-152
0.000822205	2.4415e-151
0.000832262	2.31351e-145
0.000842319	1.11239e-144
0.000852376	7.36459e-139
0.000862433	3.5882e-138
0.00087249	1.65936e-132
0.000882547	8.19437e-132
0.000892604	2.64637e-126
0.000902661	1.32488e-125
0.000912718	2.98728e-120
0.000922775	1.51656e-119
0.000932832	2.38681e-114
0.000942889	1.22905e-113
0.000952946	1.34982e-108
0.000963003	7.05201e-108
0.00097306	5.40319e-103
0.000983117	2.86478e-102
0.000993175	1.53089e-97
0.00100323	8.23965e-97
0.00101329	3.07016e-92
0.00102335	1.67793e-91
0.0010334	4.35817e-87
0.00104346	2.41931e-86
0.00105352	4.37904e-82
0.00106357	2.46985e-81
0.00107363	3.11452e-77
0.00108369	1.78534e-76
0.00109374	1.56802e-72
0.0011038	9.13804e-72
0.00111386	5.58819e-68
0.00112392	3.31193e-67
0.00113397	1.40983e-63
0.00114403	8.50004e-63
0.00115409	2.51801e-59
0.00116414	1.54486e-58
0.0011742	3.18399e-55
0.00118426	1.98843e-54
0.00119432	2.85065e-51
0.00120437	1.81261e-50
0.00121443	1.80726e-47
0.00122449	1.17033e-46
0.00123454	8.11456e-44
0.0012446	5.35244e-43
0.00125466	2.58084e-40
0.00126471	1.73413e-39
0.00127477	5.81601e-37
0.00128483	3.98056e-36
0.00129489	9.28991e-34
0.00130494	6.47445e-33
0.001315	1.05229e-30
0.00132506	7.46329e-30
0.00133511	8.45848e-28
0.00134517	6.09839e-27
0.00135523	4.8294e-25
0.00136529	3.53319e-24
0.00137534	1.96111e-22
0.0013854	1.45184e-21
0.00139546	5.67408e-20
0.00140551	4.23291e-19
0.00141557	1.17252e-17
0.00142563	8.76065e-17
0.00143568	1.7361e-15
0.00144574	1.28789e-14
0.0014558	1.84945e-13
0.00146586	1.3459e-12
0.00147591	1.4247e-11
0.00148597	1.00088e-10
0.00149603	7.98217e-10
0.00150608	5.30373e-09
0.00151614	3.27229e-08
0.0015262	2.00632e-07
0.00153625	9.86931e-07
0.00154631	5.43126e-06
0.00155637	2.19882e-05
0.00156643	0.000105567
0.00157648	0.000362657
0.00158654	0.00148
0.0015966	0.00442993
0.00160665	0.0150592
0.00161671	0.0400686
0.00162677	0.112165
0.00163683	0.268602
0.00164688	0.618747
0.00165694	1.35631
0.001667	2.63556
0.00167705	5.09778
0.00168711	8.7209
0.00169717	14.3985
0.00170722	22.157
0.00171728	32.6698
0.00172734	45.9727
0.0017374	62.5049
0.00174745	82.3115
0.00175751	105.554
0.00176757	132.344
0.00177762	161.957
0.00178768	194.513
0.00179774	228.203
0.00180779	262.973
0.00181785	297.022
0.00182791	330.015
0.00183797	361.994
0.00184802	392.515
0.00185808	424.489
0.00186814	457.988
0.00187819	496.159
0.00188825	539.805
0.00189831	588.156
0.00190837	641.683
0.00191842	697.076
0.00192848	754.002
0.00193854	810.18
0.00194859	865.617
0.00195865	916.745
0.00196871	963.781
0.00197876	1000.27
0.00198882	1025.89
0.00199888	1032.75
0.00200894	1024.8
0.00201899	1006.46
0.00202905	975.749
0.00203911	942.826
0.00204916	910.111
0.00205922	880.87
0.00206928	857.56
0.00207933	836.176
0.00208939	816.982
0.00209945	794.003
0.00210951	765.534
0.00211956	728.906
0.00212962	682.084
0.00213968	627.607
0.00214973	564.669
0.00215979	499.538
0.00216985	433.444
0.00217991	372.32
0.00218996	318.941
0.00220002	274.548
0.00221008	241.361
0.00222013	215.476
0.00223019	196.536
0.00224025	180.019
0.0022503	163.633
0.00226036	146.432
0.00227042	126.833
0.00228048	106.697
0.00229053	86.3078
0.00230059	67.2644
0.00231065	50.5819
0.0023207	36.4438
0.00233076	25.3956
0.00234082	16.8622
0.00235088	10.7822
0.00236093	6.52476
0.00237099	3.75604
0.00238105	2.03966
0.0023911	1.00279
0.00240116	0.500201
0.00241122	0.214596
0.00242127	0.092766
0.00243133	0.0354045
0.00244139	0.0126943
0.00245145	0.00438599
0.0024615	0.00126205
0.00247156	0.000402853
0.00248162	9.02739e-05
0.00249167	2.60319e-05
0.00250173	4.61793e-06
