0.000166815	2.77837e-50
0.00017352	3.06758e-48
0.000180225	1.2187e-47
0.000186929	1.13645e-45
0.000193634	4.54226e-45
0.000200339	3.57014e-43
0.000207043	1.43853e-42
0.000213748	9.53294e-41
0.000220453	3.87116e-40
0.000227157	2.16378e-38
0.000233862	8.85195e-38
0.000240566	4.17534e-36
0.000247271	1.71995e-35
0.000253976	6.85055e-34
0.00026068	2.83972e-33
0.000267385	9.55836e-32
0.00027409	3.98403e-31
0.000280794	1.13436e-29
0.000287499	4.74968e-29
0.000294204	1.14532e-27
0.000300908	4.81181e-27
0.000307613	9.84083e-26
0.000314317	4.14252e-25
0.000321022	7.19785e-24
0.000327727	3.03073e-23
0.000334431	4.48334e-22
0.000341136	1.88439e-21
0.000347841	2.37911e-20
0.000354545	9.95765e-20
0.00036125	1.0761e-18
0.000367955	4.47229e-18
0.000374659	4.15097e-17
0.000381364	1.70736e-16
0.000388068	1.36638e-15
0.000394773	5.54087e-15
0.000401478	3.84065e-14
0.000408182	1.52877e-13
0.000414887	9.22466e-13
0.000421592	3.58659e-12
0.000428296	1.89463e-11
0.000435001	7.15605e-11
0.000441706	3.32998e-10
0.00044841	1.21455e-09
0.000455115	5.01201e-09
0.000461819	1.75401e-08
0.000468524	6.46431e-08
0.000475229	2.15611e-07
0.000481933	7.14872e-07
0.000488638	2.25694e-06
0.000495343	6.78182e-06
0.000502047	2.01283e-05
0.000508752	5.52138e-05
0.000515457	0.000153043
0.000522161	0.000385887
0.000528866	0.000992839
0.000535571	0.00231567
0.000542275	0.00550066
0.00054898	0.0119336
0.000555684	0.0260564
0.000562389	0.0528228
0.000569094	0.105674
0.000575798	0.204065
0.000582503	0.372026
0.000589208	0.673931
0.000595912	1.13177
0.000602617	1.88274
0.000609322	2.94516
0.000616026	4.51257
0.000622731	6.58487
0.000629435	9.32822
0.00063614	12.7147
0.000642845	16.7424
0.000649549	21.3703
0.000656254	26.3554
0.000662959	31.6803
0.000669663	37.0054
0.000676368	42.3645
0.000683073	47.665
0.000689777	52.9783
0.000696482	58.7404
0.000703186	65.0181
0.000709891	72.746
0.000716596	81.9626
0.0007233	93.854
0.000730005	108.442
0.00073671	127.039
0.000743414	149.664
0.000750119	177.813
0.000756824	211.488
0.000763528	252.233
0.000770233	300.011
0.000776937	355.852
0.000783642	419.7
0.000790347	491.51
0.000797051	571.244
0.000803756	657.793
0.000810461	751.148
0.000817165	849.599
0.00082387	953.157
0.000830575	1059.95
0.000837279	1169.98
0.000843984	1281.47
0.000850689	1394.44
0.000857393	1507.27
0.000864098	1619.97
0.000870802	1730.74
0.000877507	1839.63
0.000884212	1944.16
0.000890916	2044.36
0.000897621	2137.61
0.000904326	2223.85
0.00091103	2302.3
0.000917735	2372.77
0.00092444	2437.97
0.000931144	2497.71
0.000937849	2557.31
0.000944553	2616.82
0.000951258	2680.89
0.000957963	2749.88
0.000964667	2824.62
0.000971372	2905.59
0.000978077	2988.96
0.000984781	3075.01
0.000991486	3157.03
0.000998191	3234.94
0.0010049	3301.86
0.0010116	3357.41
0.0010183	3396.55
0.00102501	3418.72
0.00103171	3421.79
0.00103842	3404.74
0.00104512	3368.02
0.00105183	3311.24
0.00105853	3237.56
0.00106524	3146.69
0.00107194	3044.58
0.00107865	2931.32
0.00108535	2813.97
0.00109206	2693.19
0.00109876	2574.64
0.00110546	2459.34
0.00111217	2349.56
0.00111887	2246.23
0.00112558	2147.96
0.00113228	2055.11
0.00113899	1964.33
0.00114569	1875.24
0.0011524	1785.21
0.0011591	1693.47
0.00116581	1599.81
0.00117251	1503.71
0.00117922	1406.88
0.00118592	1309.41
0.00119263	1213.11
0.00119933	1118.4
0.00120603	1026.29
0.00121274	937.047
0.00121944	851.434
0.00122615	769.526
0.00123285	692.512
0.00123956	620.629
0.00124626	554.975
0.00125297	496.063
0.00125967	443.841
0.00126638	398.73
0.00127308	359.308
0.00127979	325.483
0.00128649	295.336
0.00129319	268.274
0.0012999	242.939
0.0013066	218.619
0.00131331	194.955
0.00132001	171.492
0.00132672	148.646
0.00133342	126.359
0.00134013	105.301
0.00134683	85.7147
0.00135354	68.0596
0.00136024	52.66
0.00136695	39.5431
0.00137365	28.902
0.00138035	20.4013
0.00138706	14.0067
0.00139376	9.25461
0.00140047	5.9342
0.00140717	3.66267
0.00141388	2.17879
0.00142058	1.25719
0.00142729	0.684223
0.00143399	0.373272
0.0014407	0.184629
0.0014474	0.0956335
0.00145411	0.0440251
0.00146081	0.02102
0.00146752	0.00905122
0.00147422	0.00395505
0.00148092	0.00160212
0.00148763	0.000635982
0.00149433	0.000224463
0.00150104	8.72903e-05
