0.000500379	8.17492e-161
0.000509598	3.68214e-155
0.000518817	1.47286e-154
0.000528036	4.93793e-149
0.000537255	1.99537e-148
0.000546474	4.97862e-143
0.000555693	2.03271e-142
0.000564912	3.7739e-137
0.000574131	1.55709e-136
0.00058335	2.15074e-131
0.000592569	8.96894e-131
0.000601788	9.21509e-126
0.000611007	3.88467e-125
0.000620226	2.9684e-120
0.000629445	1.26518e-119
0.000638664	7.1888e-115
0.000647883	3.09841e-114
0.000657101	1.30887e-109
0.00066632	5.70572e-109
0.000675539	1.79162e-104
0.000684758	7.90075e-104
0.000693977	1.84373e-99
0.000703196	8.22644e-99
0.000712415	1.42644e-94
0.000721634	6.44081e-94
0.000730853	8.29674e-90
0.000740072	3.79188e-89
0.000749291	3.62796e-85
0.00075851	1.67862e-84
0.000767729	1.19265e-80
0.000776948	5.58775e-80
0.000786167	2.94757e-76
0.000795386	1.39864e-75
0.000804605	5.47661e-72
0.000813823	2.63244e-71
0.000823042	7.64993e-68
0.000832261	3.72559e-67
0.00084148	8.03348e-64
0.000850699	3.96475e-63
0.000859918	6.34241e-60
0.000869137	3.17264e-59
0.000878356	3.76458e-56
0.000887575	1.90902e-55
0.000896794	1.67997e-52
0.000906013	8.63744e-52
0.000915232	5.63667e-49
0.000924451	2.93863e-48
0.00093367	1.42201e-45
0.000942889	7.51781e-45
0.000952108	2.69759e-42
0.000961327	1.44619e-41
0.000970545	3.84844e-39
0.000979764	2.09194e-38
0.000988983	4.12945e-36
0.000998202	2.27544e-35
0.00100742	3.33337e-33
0.00101664	1.86115e-32
0.00102586	2.02479e-30
0.00103508	1.14472e-29
0.0010443	9.25853e-28
0.00105352	5.29454e-27
0.00106273	3.18855e-25
0.00107195	1.84154e-24
0.00108117	8.27621e-23
0.00109039	4.817e-22
0.00109961	1.62052e-20
0.00110883	9.47622e-20
0.00111805	2.39652e-18
0.00112727	1.40213e-17
0.00113649	2.68094e-16
0.00114571	1.56057e-15
0.00115492	2.2731e-14
0.00116414	1.30671e-13
0.00117336	1.46422e-12
0.00118258	8.23294e-12
0.0011918	7.18524e-11
0.00120102	3.90415e-10
0.00121024	2.69421e-09
0.00121946	1.39395e-08
0.00122868	7.74253e-08
0.00123789	3.74902e-07
0.00124711	1.70981e-06
0.00125633	7.6e-06
0.00126555	2.90697e-05
0.00127477	0.000116224
0.00128399	0.000380784
0.00129321	0.00134223
0.00130243	0.00384057
0.00131165	0.011722
0.00132087	0.0297682
0.00133008	0.0775422
0.0013393	0.176785
0.00134852	0.38931
0.00135774	0.823976
0.00136696	1.54646
0.00137618	2.82064
0.0013854	4.64177
0.00139462	7.15347
0.00140384	10.3474
0.00141305	13.7413
0.00142227	17.3379
0.00143149	20.2289
0.00144071	22.42
0.00144993	23.1751
0.00145915	23.3531
0.00146837	23.8617
0.00147759	25.0445
0.00148681	27.8967
0.00149603	34.681
0.00150524	45.846
0.00151446	61.3814
0.00152368	81.6009
0.0015329	106.519
0.00154212	136.119
0.00155134	170.379
0.00156056	209.687
0.00156978	254.117
0.001579	302.995
0.00158821	356.341
0.00159743	413.04
0.00160665	472.762
0.00161587	537.95
0.00162509	608.313
0.00163431	689.556
0.00164353	782.249
0.00165275	887.614
0.00166197	1006.79
0.00167118	1131.64
0.0016804	1262.41
0.00168962	1387.95
0.00169884	1506.75
0.00170806	1616.66
0.00171728	1715.42
0.0017265	1815.54
0.00173572	1916.53
0.00174494	2036.65
0.00175416	2178.95
0.00176337	2347.69
0.00177259	2547.49
0.00178181	2757.35
0.00179103	2978.48
0.00180025	3177.81
0.00180947	3350.57
0.00181869	3478.95
0.00182791	3560.49
0.00183713	3580.29
0.00184634	3565.67
0.00185556	3531.52
0.00186478	3472.14
0.001874	3405.14
0.00188322	3336.78
0.00189244	3260.73
0.00190166	3178.52
0.00191088	3077.61
0.0019201	2954.57
0.00192932	2806.51
0.00193853	2629.82
0.00194775	2433.64
0.00195697	2217.59
0.00196619	1995.86
0.00197541	1771
0.00198463	1556.07
0.00199385	1355.25
0.00200307	1175.99
0.00201229	1022.54
0.0020215	894.068
0.00203072	792.725
0.00203994	711.777
0.00204916	650.317
0.00205838	601.023
0.0020676	561.417
0.00207682	526.206
0.00208604	492.97
0.00209526	458.334
0.00210448	420.033
0.00211369	377.583
0.00212291	329.238
0.00213213	278.405
0.00214135	225.373
0.00215057	174.867
0.00215979	129.329
0.00216901	90.7782
0.00217823	61.5528
0.00218745	40.265
0.00219666	26.4601
0.00220588	20.5383
0.0022151	18.8289
0.00222432	18.313
0.00223354	19.9761
0.00224276	21.4882
0.00225198	21.6184
0.0022612	21.656
0.00227042	19.8519
0.00227964	16.6783
0.00228885	13.2242
0.00229807	9.72895
0.00230729	6.74809
0.00231651	4.28043
0.00232573	2.52779
0.00233495	1.42106
