0.000500379	9.11574e-154
0.00050876	9.9432e-149
0.000517141	3.97725e-148
0.000525522	3.37389e-143
0.000533903	1.36335e-142
0.000542284	8.99291e-138
0.000550665	3.67166e-137
0.000559045	1.88293e-132
0.000567426	7.76877e-132
0.000575807	3.09694e-127
0.000584188	1.29145e-126
0.000592569	4.00126e-122
0.00060095	1.68671e-121
0.00060933	4.06093e-117
0.000617711	1.73078e-116
0.000626092	3.23757e-112
0.000634473	1.39535e-111
0.000642854	2.02758e-107
0.000651235	8.83828e-107
0.000659615	9.97471e-103
0.000667996	4.3984e-102
0.000676377	3.85469e-98
0.000684758	1.71976e-97
0.000693139	1.17016e-93
0.00070152	5.28308e-93
0.0007099	2.79041e-89
0.000718281	1.27514e-88
0.000726662	5.22709e-85
0.000735043	2.41812e-84
0.000743424	7.69171e-81
0.000751805	3.6029e-80
0.000760186	8.89119e-77
0.000768566	4.21778e-76
0.000776947	8.07374e-73
0.000785328	3.87948e-72
0.000793709	5.75933e-69
0.00080209	2.80365e-68
0.000810471	3.22744e-65
0.000818851	1.59199e-64
0.000827232	1.42083e-61
0.000835613	7.1027e-61
0.000843994	4.91403e-58
0.000852375	2.48988e-57
0.000860756	1.33523e-54
0.000869136	6.85818e-54
0.000877517	2.85051e-51
0.000885898	1.48429e-50
0.000894279	4.78147e-48
0.00090266	2.52414e-47
0.000911041	6.30243e-45
0.000919421	3.37287e-44
0.000927802	6.52842e-42
0.000936183	3.54147e-41
0.000944564	5.31526e-39
0.000952945	2.92196e-38
0.000961326	3.402e-36
0.000969707	1.89444e-35
0.000978087	1.71215e-33
0.000986468	9.65201e-33
0.000994849	6.77773e-31
0.00100323	3.86456e-30
0.00101161	2.11122e-28
0.00101999	1.21604e-27
0.00102837	5.1774e-26
0.00103675	3.00736e-25
0.00104513	1.00025e-23
0.00105351	5.84583e-23
0.0010619	1.52365e-21
0.00107028	8.93252e-21
0.00107866	1.83186e-19
0.00108704	1.07306e-18
0.00109542	1.74054e-17
0.0011038	1.0136e-16
0.00111218	1.30896e-15
0.00112056	7.53006e-15
0.00112894	7.80538e-14
0.00113732	4.40094e-13
0.0011457	3.69799e-12
0.00115409	2.02428e-11
0.00116247	1.39504e-10
0.00117085	7.33155e-10
0.00117923	4.19965e-09
0.00118761	2.09222e-08
0.00119599	1.01102e-07
0.00120437	4.70853e-07
0.00121275	1.94992e-06
0.00122113	8.36629e-06
0.00122951	3.01708e-05
0.00123789	0.000117546
0.00124627	0.000374866
0.00125466	0.00130848
0.00126304	0.00374211
0.00127142	0.0115696
0.0012798	0.0300235
0.00128818	0.0815266
0.00129656	0.193699
0.00130494	0.45975
0.00131332	1.00601
0.0013217	2.08586
0.00133008	4.28481
0.00133846	7.87051
0.00134684	14.5304
0.00135523	24.2445
0.00136361	39.5916
0.00137199	60.5649
0.00138037	89.1916
0.00138875	125.513
0.00139713	169.689
0.00140551	221.763
0.00141389	280.717
0.00142227	346.495
0.00143065	419.393
0.00143903	499.329
0.00144741	588.171
0.0014558	686.091
0.00146418	792.402
0.00147256	907.504
0.00148094	1025.27
0.00148932	1145.71
0.0014977	1262.25
0.00150608	1374.11
0.00151446	1482.58
0.00152284	1586.9
0.00153122	1695.86
0.0015396	1809.99
0.00154798	1934.32
0.00155637	2070.53
0.00156475	2210.22
0.00157313	2354.36
0.00158151	2485.98
0.00158989	2603.69
0.00159827	2697.62
0.00160665	2765.06
0.00161503	2812.12
0.00162341	2837.54
0.00163179	2856.02
0.00164017	2868.91
0.00164855	2885.91
0.00165694	2909.34
0.00166532	2938.88
0.0016737	2975.81
0.00168208	3014.07
0.00169046	3053.76
0.00169884	3087.01
0.00170722	3114.16
0.0017156	3121.69
0.00172398	3110.79
0.00173236	3084.61
0.00174074	3024.04
0.00174912	2935.25
0.00175751	2820.04
0.00176589	2686.74
0.00177427	2535.79
0.00178265	2380.02
0.00179103	2222.38
0.00179941	2069.95
0.00180779	1926.05
0.00181617	1789.32
0.00182455	1661.03
0.00183293	1535.72
0.00184131	1411.96
0.00184969	1287.55
0.00185808	1160.4
0.00186646	1034.48
0.00187484	909.637
0.00188322	791.898
0.0018916	683.292
0.00189998	586.571
0.00190836	503.885
0.00191674	433.595
0.00192512	376.293
0.0019335	328.304
0.00194188	288.645
0.00195026	254.271
0.00195865	223.646
0.00196703	195.474
0.00197541	168.626
0.00198379	143.215
0.00199217	118.841
0.00200055	96.2011
0.00200893	75.4786
0.00201731	57.2076
0.00202569	41.8048
0.00203407	29.1951
0.00204245	19.6107
0.00205083	12.4658
0.00205922	7.5988
0.0020676	4.37091
0.00207598	2.36338
0.00208436	1.2459
0.00209274	0.58739
0.00210112	0.287021
0.0021095	0.122658
0.00211788	0.052887
0.00212626	0.0207098
0.00213464	0.00776319
0.00214302	0.00281912
0.0021514	0.000905225
0.00215979	0.000289063
0.00216817	8.36751e-05
