0.000166815	3.28045e-27
0.00017352	5.48016e-26
0.000180225	2.09365e-25
0.000186929	3.08635e-24
0.000193634	1.16153e-23
0.000200339	1.49123e-22
0.000207043	5.60164e-22
0.000213748	6.27486e-21
0.000220453	2.34837e-20
0.000227157	2.30015e-19
0.000233862	8.55836e-19
0.000240566	7.34753e-18
0.000247271	2.71143e-17
0.000253976	2.04606e-16
0.00026068	7.46796e-16
0.000267385	4.96884e-15
0.00027409	1.78819e-14
0.000280794	1.05276e-13
0.000287499	3.72266e-13
0.000294204	1.9468e-12
0.000300908	6.73815e-12
0.000307613	3.14353e-11
0.000314317	1.06047e-10
0.000321022	4.434e-10
0.000327727	1.45131e-09
0.000334431	5.46541e-09
0.000341136	1.72726e-08
0.000347841	5.88907e-08
0.000354545	1.78786e-07
0.00036125	5.54866e-07
0.000367955	1.60967e-06
0.000374659	4.5723e-06
0.000381364	1.26073e-05
0.000388068	3.29557e-05
0.000394773	8.59138e-05
0.000401478	0.000207767
0.000408182	0.000509485
0.000414887	0.00114557
0.000421592	0.00262977
0.000428296	0.00552286
0.000435001	0.0118174
0.000441706	0.0232732
0.00044841	0.0462446
0.000455115	0.0870762
0.000461819	0.158939
0.000468524	0.283667
0.000475229	0.478254
0.000481933	0.794009
0.000488638	1.24976
0.000495343	1.92806
0.000502047	2.83786
0.000508752	4.06786
0.000515457	5.60112
0.000522161	7.46526
0.000528866	9.61193
0.000535571	11.926
0.000542275	14.3466
0.00054898	16.5945
0.000555684	18.6335
0.000562389	20.1817
0.000569094	21.1593
0.000575798	21.1506
0.000582503	20.7676
0.000589208	19.8501
0.000595912	18.2164
0.000602617	16.4977
0.000609322	14.7204
0.000616026	13.5217
0.000622731	12.8522
0.000629435	13.154
0.00063614	15.0645
0.000642845	18.6812
0.000649549	24.4154
0.000656254	32.6529
0.000662959	43.3789
0.000669663	56.8448
0.000676368	72.9612
0.000683073	91.3372
0.000689777	111.894
0.000696482	133.67
0.000703186	156.661
0.000709891	179.92
0.000716596	203.529
0.0007233	227.355
0.000730005	251.506
0.00073671	276.997
0.000743414	303.881
0.000750119	333.814
0.000756824	366.777
0.000763528	404.155
0.000770233	445.906
0.000776937	492.71
0.000783642	544.549
0.000790347	601.799
0.000797051	664.467
0.000803756	733.244
0.000810461	808.132
0.000817165	890.053
0.00082387	978.989
0.000830575	1075.05
0.000837279	1178.23
0.000843984	1286.62
0.000850689	1400.26
0.000857393	1515.14
0.000864098	1631.3
0.000870802	1744.23
0.000877507	1853.9
0.000884212	1957.56
0.000890916	2055.12
0.000897621	2146.74
0.000904326	2232.32
0.00091103	2313.86
0.000917735	2391.37
0.00092444	2466.26
0.000931144	2538.65
0.000937849	2607.98
0.000944553	2674.34
0.000951258	2736.08
0.000957963	2793.11
0.000964667	2844.89
0.000971372	2891.22
0.000978077	2933.71
0.000984781	2972.3
0.000991486	3009.45
0.000998191	3045.39
0.0010049	3080.84
0.0010116	3116.21
0.0010183	3148.96
0.00102501	3179.35
0.00103171	3202.33
0.00103842	3217.76
0.00104512	3220.5
0.00105183	3209.29
0.00105853	3184.3
0.00106524	3140.42
0.00107194	3079.3
0.00107865	3001.11
0.00108535	2908.06
0.00109206	2799.91
0.00109876	2681.24
0.00110546	2552.16
0.00111217	2418.18
0.00111887	2279.73
0.00112558	2142.25
0.00113228	2006.48
0.00113899	1876.74
0.00114569	1753.97
0.0011524	1640.21
0.0011591	1536.38
0.00116581	1441.47
0.00117251	1355.99
0.00117922	1276.44
0.00118592	1202.57
0.00119263	1130.35
0.00119933	1058.85
0.00120603	985.788
0.00121274	910.056
0.00121944	832.21
0.00122615	751.654
0.00123285	671.092
0.00123956	590.755
0.00124626	513.82
0.00125297	441.136
0.00125967	374.897
0.00126638	316.073
0.00127308	265.291
0.00127979	223.22
0.00128649	189.106
0.00129319	163.137
0.0012999	143.704
0.0013066	130.539
0.00131331	121.739
0.00132001	116.707
0.00132672	113.731
0.00133342	112.054
0.00134013	110.511
0.00134683	108.385
0.00135354	105.215
0.00136024	100.506
0.00136695	94.4319
0.00137365	86.8196
0.00138035	78.2203
0.00138706	68.7725
0.00139376	59.0824
0.00140047	49.4769
0.00140717	40.3669
0.00141388	32.0961
0.00142058	24.7864
0.00142729	18.6571
0.00143399	13.6013
0.0014407	9.66205
0.0014474	6.63737
0.00145411	4.43399
0.00146081	2.86851
0.00146752	1.7941
0.00147422	1.09421
0.00148092	0.637056
0.00148763	0.367448
0.00149433	0.179104
0.00150104	0.108423
