0.000500379	1.56657e-130
0.00050876	5.67211e-126
0.000517141	2.2688e-125
0.000525522	6.40286e-121
0.000533903	2.58725e-120
0.000542284	5.69025e-116
0.000550665	2.32316e-115
0.000559045	3.98125e-111
0.000567426	1.64255e-110
0.000575807	2.19299e-106
0.000584188	9.14445e-106
0.000592569	9.50998e-102
0.00060095	4.00861e-101
0.00060933	3.24675e-97
0.000617711	1.38365e-96
0.000626092	8.72657e-93
0.000634473	3.76061e-92
0.000642854	1.84655e-88
0.000651235	8.04797e-88
0.000659615	3.07612e-84
0.000667996	1.35616e-83
0.000676377	4.03429e-80
0.000684758	1.79942e-79
0.000693139	4.16539e-76
0.00070152	1.87998e-75
0.0007099	3.38586e-72
0.000718281	1.54656e-71
0.000726662	2.16676e-68
0.000735043	1.0018e-67
0.000743424	1.09165e-64
0.000751805	5.10963e-64
0.000760186	4.33004e-61
0.000768566	2.05208e-60
0.000776947	1.35222e-57
0.000785328	6.48929e-57
0.000793709	3.32476e-54
0.00080209	1.61584e-53
0.000810471	6.43645e-51
0.000818851	3.16807e-50
0.000827232	9.81132e-48
0.000835613	4.89093e-47
0.000843994	1.1777e-44
0.000852375	5.94551e-44
0.000860756	1.11328e-41
0.000869136	5.69099e-41
0.000877517	8.2888e-39
0.000885898	4.28935e-38
0.000894279	4.86143e-36
0.00090266	2.54567e-35
0.000911041	2.24653e-33
0.000919421	1.18967e-32
0.000927802	8.18188e-31
0.000936183	4.37793e-30
0.000944564	2.34931e-28
0.000952945	1.26864e-27
0.000961326	5.32071e-26
0.000969707	2.89498e-25
0.000978087	9.51025e-24
0.000986468	5.20243e-23
0.000994849	1.34253e-21
0.00100323	7.36272e-21
0.00101161	1.49817e-19
0.00101999	8.20669e-19
0.00102837	1.32308e-17
0.00103675	7.20491e-17
0.00104513	9.25937e-16
0.00105351	4.98269e-15
0.0010619	5.14303e-14
0.00107028	2.71476e-13
0.00107866	2.27122e-12
0.00108704	1.16549e-11
0.00109542	7.98944e-11
0.0011038	3.94359e-10
0.00111218	2.24287e-09
0.00112056	1.05199e-08
0.00112894	5.0336e-08
0.00113732	2.21325e-07
0.0011457	9.04369e-07
0.00115409	3.67425e-06
0.00116247	1.30195e-05
0.00117085	4.81624e-05
0.00117923	0.000150223
0.00118761	0.000498905
0.00119599	0.0013887
0.00120437	0.00408876
0.00121275	0.0102756
0.00122113	0.0265527
0.00122951	0.0607892
0.00123789	0.136944
0.00124627	0.288645
0.00125466	0.566265
0.00126304	1.11429
0.00127142	1.93816
0.0012798	3.31372
0.00128818	5.23899
0.00129656	7.96995
0.00130494	11.5027
0.00131332	15.9663
0.0013217	21.3619
0.00133008	27.9543
0.00133846	35.7427
0.00134684	45.7432
0.00135523	57.94
0.00136361	74.3169
0.00137199	94.8579
0.00138037	121.716
0.00138875	154.915
0.00139713	195.336
0.00140551	243.06
0.00141389	296.776
0.00142227	356.542
0.00143065	419.932
0.00143903	486.845
0.00144741	556.745
0.0014558	629.413
0.00146418	707.639
0.00147256	791.409
0.00148094	883.729
0.00148932	984.93
0.0014977	1094.21
0.00150608	1211.82
0.00151446	1334.16
0.00152284	1461.05
0.00153122	1590.43
0.0015396	1722.06
0.00154798	1855.96
0.00155637	1992.37
0.00156475	2129.05
0.00157313	2266.48
0.00158151	2398.16
0.00158989	2523.91
0.00159827	2637.2
0.00160665	2736.98
0.00161503	2822.24
0.00162341	2891.89
0.00163179	2951.22
0.00164017	3000.1
0.00164855	3045.71
0.00165694	3089.11
0.00166532	3133.5
0.0016737	3180.45
0.00168208	3225.81
0.00169046	3270.59
0.00169884	3303.85
0.00170722	3323.2
0.0017156	3326.42
0.00172398	3298.59
0.00173236	3238.73
0.00174074	3146.86
0.00174912	3027.67
0.00175751	2880.18
0.00176589	2716.7
0.00177427	2538.93
0.00178265	2357.18
0.00179103	2173.95
0.00179941	1995.3
0.00180779	1823.23
0.00181617	1660.6
0.00182455	1508.93
0.00183293	1367.97
0.00184131	1238.44
0.00184969	1118.1
0.00185808	1006.47
0.00186646	902.362
0.00187484	804.892
0.00188322	715.262
0.0018916	633.539
0.00189998	560.966
0.00190836	498.59
0.00191674	444.664
0.00192512	399.579
0.0019335	359.3
0.00194188	322.42
0.00195026	286.607
0.00195865	249.896
0.00196703	213.678
0.00197541	177.515
0.00198379	144.22
0.00199217	115.079
0.00200055	91.1151
0.00200893	73.6954
0.00201731	61.3895
0.00202569	54.2807
0.00203407	50.0799
0.00204245	47.6565
0.00205083	45.641
0.00205922	42.7282
0.0020676	39.0018
0.00207598	33.9144
0.00208436	28.2694
0.00209274	22.3617
0.00210112	16.7457
0.0021095	11.9589
0.00211788	8.00291
0.00212626	5.12704
0.00213464	3.06965
0.00214302	1.74493
0.0021514	0.942417
0.00215979	0.40902
0.00216817	0.231221
