0.000166815	4.7287e-17
0.000172682	2.74209e-16
0.000178548	9.54977e-16
0.000184415	5.20951e-15
0.000190282	1.71794e-14
0.000196148	8.48868e-14
0.000202015	2.75307e-13
0.000207881	1.23589e-12
0.000213748	3.93061e-12
0.000219614	1.60824e-11
0.000225481	5.00014e-11
0.000231347	1.87108e-10
0.000237214	5.66812e-10
0.00024308	1.94689e-09
0.000248947	5.7266e-09
0.000254813	1.81231e-08
0.00026068	5.15743e-08
0.000266547	1.50971e-07
0.000272413	4.14136e-07
0.00027828	1.12576e-06
0.000284146	2.96575e-06
0.000290013	7.51629e-06
0.000295879	1.8947e-05
0.000301746	4.49441e-05
0.000307612	0.000108022
0.000313479	0.000240744
0.000319345	0.000549844
0.000325212	0.00115544
0.000331078	0.00249996
0.000336945	0.00497001
0.000342812	0.010159
0.000348678	0.0191644
0.000354545	0.0369234
0.000360411	0.0673963
0.000366278	0.120926
0.000372144	0.211059
0.000378011	0.355451
0.000383877	0.587963
0.000389744	0.935982
0.00039561	1.46578
0.000401477	2.21144
0.000407343	3.27877
0.00041321	4.69786
0.000419077	6.60108
0.000424943	8.99929
0.00043081	12.0085
0.000436676	15.6107
0.000442543	19.8453
0.000448409	24.6729
0.000454276	30.02
0.000460142	35.8525
0.000466009	42.019
0.000471875	48.52
0.000477742	55.2373
0.000483608	62.2146
0.000489475	69.4905
0.000495342	77.1292
0.000501208	85.3641
0.000507075	94.2415
0.000512941	104.095
0.000518808	114.931
0.000524674	127.015
0.000530541	140.321
0.000536407	154.941
0.000542274	170.851
0.00054814	188.008
0.000554007	206.419
0.000559873	226.066
0.00056574	246.986
0.000571606	269.333
0.000577473	293.15
0.00058334	318.776
0.000589206	346.234
0.000595073	375.937
0.000600939	407.88
0.000606806	442.397
0.000612672	479.47
0.000618539	519.261
0.000624405	561.754
0.000630272	606.959
0.000636138	654.87
0.000642005	705.444
0.000647871	758.693
0.000653738	814.66
0.000659605	873.364
0.000665471	935.027
0.000671338	999.669
0.000677204	1067.71
0.000683071	1139.17
0.000688937	1214.66
0.000694804	1294.2
0.00070067	1378.64
0.000706537	1467.99
0.000712403	1563.25
0.00071827	1664.41
0.000724136	1772.1
0.000730003	1886.3
0.00073587	2006.31
0.000741736	2132.1
0.000747603	2260.71
0.000753469	2392.17
0.000759336	2521.25
0.000765202	2647.99
0.000771069	2766.25
0.000776935	2876.03
0.000782802	2972.47
0.000788668	3055.5
0.000794535	3123.38
0.000800401	3175.97
0.000806268	3215.24
0.000812135	3241.08
0.000818001	3257.99
0.000823868	3266.66
0.000829734	3268.86
0.000835601	3269.54
0.000841467	3269.56
0.000847334	3268.82
0.0008532	3267.58
0.000859067	3265.98
0.000864933	3262.35
0.0008708	3254.56
0.000876666	3239.25
0.000882533	3216.45
0.0008884	3182.75
0.000894266	3137.75
0.000900133	3081.32
0.000905999	3013.04
0.000911866	2936.15
0.000917732	2850.48
0.000923599	2761.11
0.000929465	2668.28
0.000935332	2576.48
0.000941198	2486.24
0.000947065	2399.62
0.000952931	2317.16
0.000958798	2238.12
0.000964665	2162.79
0.000970531	2088.73
0.000976398	2015.85
0.000982264	1941.52
0.000988131	1865.43
0.000993997	1785.77
0.000999864	1702.16
0.00100573	1613.99
0.0010116	1520.92
0.00101746	1423.58
0.00102333	1321.74
0.0010292	1217.28
0.00103506	1110.14
0.00104093	1003.31
0.0010468	897.03
0.00105266	794.643
0.00105853	696.739
0.0010644	605.963
0.00107026	523.092
0.00107613	449.197
0.001082	384.937
0.00108786	329.679
0.00109373	283.691
0.00109959	245.256
0.00110546	214.184
0.00111133	188.563
0.00111719	167.909
0.00112306	150.763
0.00112893	136.597
0.00113479	124.578
0.00114066	114.319
0.00114653	105.418
0.00115239	97.6709
0.00115826	90.8115
0.00116413	84.7379
0.00116999	79.1636
0.00117586	73.9875
0.00118173	68.9407
0.00118759	63.8858
0.00119346	58.7033
0.00119933	53.2673
0.00120519	47.6705
0.00121106	41.8738
0.00121693	36.1058
0.00122279	30.438
0.00122866	25.0852
0.00123453	20.1784
0.00124039	15.81
0.00124626	12.0887
0.00125212	8.97595
0.00125799	6.50626
0.00126386	4.57118
0.00126972	3.13363
0.00127559	2.08306
0.00128146	1.34695
0.00128732	0.848178
0.00129319	0.515608
0.00129906	0.308364
0.00130492	0.175445
0.00131079	0.100065
0.00131666	0.0525147
0.00132252	0.0289986
0.00132839	0.0128688
0.00133426	0.00749216
