3.33898e-05	2.0387e-40
3.59039e-05	1.22433e-38
3.8418e-05	4.83617e-38
4.09322e-05	2.46537e-36
4.34463e-05	9.76394e-36
4.59604e-05	4.21004e-34
4.84746e-05	1.67784e-33
5.09887e-05	6.1236e-32
5.35028e-05	2.4542e-31
5.6017e-05	7.58828e-30
5.85311e-05	3.05589e-29
6.10452e-05	8.01324e-28
6.35594e-05	3.23941e-27
6.60735e-05	7.21324e-26
6.85877e-05	2.92371e-25
7.11018e-05	5.53679e-24
7.36159e-05	2.24689e-23
7.61301e-05	3.62542e-22
7.86442e-05	1.47047e-21
8.11583e-05	2.0259e-20
8.36725e-05	8.19593e-20
8.61866e-05	9.66604e-19
8.87007e-05	3.89101e-18
9.12149e-05	3.93989e-17
9.3729e-05	1.57363e-16
9.62431e-05	1.37272e-15
9.87573e-05	5.42225e-15
0.000101271	4.09091e-14
0.000103786	1.59206e-13
0.0001063	1.0435e-12
0.000108814	3.98395e-12
0.000111328	2.27989e-11
0.000113842	8.49819e-11
0.000116356	4.26968e-10
0.00011887	1.54558e-09
0.000121384	6.85884e-09
0.000123899	2.39725e-08
0.000126413	9.45752e-08
0.000128927	3.17188e-07
0.000131441	1.12008e-06
0.000133955	3.58135e-06
0.000136469	1.14e-05
0.000138983	3.45204e-05
0.000141498	9.9755e-05
0.000144012	0.000284191
0.000146526	0.000750743
0.00014904	0.00199939
0.000151554	0.00486047
0.000154068	0.0120294
0.000156582	0.0270748
0.000159096	0.061948
0.000161611	0.129783
0.000164125	0.27335
0.000166639	0.535444
0.000169153	1.03495
0.000171667	1.95259
0.000174181	3.43117
0.000176695	5.97666
0.00017921	9.75209
0.000181724	15.6643
0.000184238	23.833
0.000186752	35.4015
0.000189266	50.3419
0.00019178	69.4749
0.000194294	92.5976
0.000196809	119.52
0.000199323	150.001
0.000201837	182.742
0.000204351	217.679
0.000206865	253.365
0.000209379	290
0.000211893	327.402
0.000214407	365.883
0.000216922	407.085
0.000219436	451.186
0.00022195	500.734
0.000224464	555.689
0.000226978	617.994
0.000229492	687.497
0.000232006	764.756
0.000234521	849.635
0.000237035	941.508
0.000239549	1040.31
0.000242063	1144.77
0.000244577	1254.92
0.000247091	1369.67
0.000249605	1489.18
0.000252119	1614.02
0.000254634	1744.37
0.000257148	1883.7
0.000259662	2032.09
0.000262176	2194.71
0.00026469	2371.43
0.000267204	2565.05
0.000269718	2775.36
0.000272233	2999.01
0.000274747	3235.87
0.000277261	3476.87
0.000279775	3722.07
0.000282289	3961.9
0.000284803	4196.44
0.000287317	4422.33
0.000289831	4639.49
0.000292346	4854.11
0.00029486	5066
0.000297374	5287.55
0.000299888	5518.77
0.000302402	5768.89
0.000304916	6038.36
0.00030743	6323.94
0.000309945	6626.32
0.000312459	6928.47
0.000314973	7230.74
0.000317487	7510.91
0.000320001	7768.54
0.000322515	7987.92
0.000325029	8168.02
0.000327544	8306.72
0.000330058	8404.75
0.000332572	8451
0.000335086	8471.08
0.0003376	8470.67
0.000340114	8435.73
0.000342628	8382.71
0.000345142	8313.45
0.000347657	8230.62
0.000350171	8134.93
0.000352685	8025.45
0.000355199	7902.45
0.000357713	7763.21
0.000360227	7607.47
0.000362741	7434.14
0.000365256	7242.74
0.00036777	7035.14
0.000370284	6811.12
0.000372798	6574.28
0.000375312	6324.74
0.000377826	6066.35
0.00038034	5799.28
0.000382854	5527.86
0.000385369	5252.15
0.000387883	4977.88
0.000390397	4705.4
0.000392911	4440.87
0.000395425	4185.32
0.000397939	3942.31
0.000400453	3713.21
0.000402968	3496.74
0.000405482	3293.7
0.000407996	3099.19
0.00041051	2912.79
0.000413024	2729.66
0.000415538	2548.54
0.000418052	2367.54
0.000420566	2185.49
0.000423081	2003.76
0.000425595	1821.94
0.000428109	1643.2
0.000430623	1467.9
0.000433137	1299.44
0.000435651	1138.6
0.000438165	988.076
0.00044068	848.753
0.000443194	722.289
0.000445708	609.472
0.000448222	510.767
0.000450736	426.766
0.00045325	356.58
0.000455764	300.462
0.000458279	256.227
0.000460793	223.592
0.000463307	199.654
0.000465821	183.553
0.000468335	172.567
0.000470849	165.527
0.000473363	160.531
0.000475877	156.501
0.000478392	152.422
0.000480906	147.532
0.00048342	141.462
0.000485934	133.757
0.000488448	124.545
0.000490962	113.627
0.000493476	101.573
0.000495991	88.4834
0.000498505	75.1443
0.000501019	61.9584
0.000503533	49.5363
0.000506047	38.3923
0.000508561	28.6946
0.000511075	20.7886
0.000513589	14.4591
0.000516104	9.74208
0.000518618	6.2945
0.000521132	3.92134
0.000523646	2.35672
0.00052616	1.34709
0.000528674	0.756773
0.000531188	0.350218
0.000533703	0.208092
