0.000100103	23.3302
0.00010312	28.7638
0.000106137	35.2173
0.000109154	42.6617
0.000112171	51.1818
0.000115188	60.8584
0.000118205	71.691
0.000121222	83.7252
0.000124239	96.9146
0.000127256	111.252
0.000130273	126.653
0.00013329	143.051
0.000136307	160.343
0.000139324	178.407
0.000142341	197.15
0.000145358	216.42
0.000148375	236.154
0.000151392	256.206
0.000154408	276.558
0.000157425	297.111
0.000160442	317.89
0.000163459	338.866
0.000166476	360.09
0.000169493	381.61
0.00017251	403.477
0.000175527	425.789
0.000178544	448.575
0.000181561	471.937
0.000184578	495.873
0.000187595	520.439
0.000190612	545.604
0.000193629	571.351
0.000196646	597.637
0.000199663	624.374
0.00020268	651.53
0.000205697	678.988
0.000208714	706.748
0.000211731	734.723
0.000214748	762.96
0.000217765	791.474
0.000220782	820.355
0.000223799	849.773
0.000226816	879.849
0.000229833	910.927
0.00023285	943.138
0.000235867	976.976
0.000238884	1012.56
0.000241901	1050.46
0.000244918	1090.76
0.000247935	1134.02
0.000250952	1180.25
0.000253969	1229.86
0.000256986	1282.79
0.000260003	1339.17
0.00026302	1398.86
0.000266037	1461.61
0.000269054	1527.21
0.000272071	1594.96
0.000275088	1664.65
0.000278105	1735.11
0.000281122	1806.18
0.000284139	1876.38
0.000287156	1945.56
0.000290173	2012.15
0.00029319	2076.07
0.000296207	2135.84
0.000299224	2191.46
0.000302241	2241.78
0.000305258	2286.88
0.000308275	2326.11
0.000311292	2359.57
0.000314309	2387.24
0.000317326	2409.2
0.000320343	2426.03
0.00032336	2437.82
0.000326377	2445.84
0.000329394	2449.9
0.000332411	2450.1
0.000335428	2449.17
0.000338445	2447.05
0.000341462	2443.39
0.000344479	2439.96
0.000347496	2436.68
0.000350513	2434.56
0.00035353	2433.51
0.000356547	2433.76
0.000359564	2435.88
0.000362581	2439.51
0.000365598	2444.68
0.000368615	2451.02
0.000371632	2458.52
0.000374649	2466.48
0.000377666	2474.89
0.000380683	2482.91
0.0003837	2490.54
0.000386717	2497.01
0.000389734	2502.31
0.000392751	2504.74
0.000395768	2505.76
0.000398785	2505.25
0.000401802	2500.93
0.000404819	2493.83
0.000407836	2483.94
0.000410853	2470.98
0.00041387	2454.95
0.000416887	2435.91
0.000419904	2413.85
0.000422921	2388.99
0.000425938	2361.32
0.000428955	2331.15
0.000431972	2298.5
0.000434989	2263.72
0.000438006	2226.82
0.000441023	2188.17
0.00044404	2147.79
0.000447057	2106.03
0.000450074	2062.9
0.000453091	2018.72
0.000456108	1973.5
0.000459125	1927.54
0.000462142	1880.82
0.000465159	1833.61
0.000468176	1785.9
0.000471193	1737.9
0.00047421	1689.61
0.000477227	1641.15
0.000480244	1592.55
0.000483261	1543.82
0.000486278	1495
0.000489295	1446.02
0.000492312	1396.9
0.000495329	1347.49
0.000498346	1297.81
0.000501363	1247.71
0.00050438	1197.17
0.000507397	1146.09
0.000510414	1094.45
0.000513431	1042.28
0.000516448	989.557
0.000519465	936.482
0.000522482	883.037
0.000525499	829.623
0.000528516	776.241
0.000531533	723.44
0.00053455	671.252
0.000537567	620.299
0.000540584	570.645
0.000543601	522.878
0.000546618	477.092
0.000549635	433.747
0.000552652	392.947
0.000555669	354.958
0.000558686	319.874
0.000561703	287.743
0.00056472	258.631
0.000567737	232.383
0.000570754	209.022
0.000573771	188.243
0.000576788	170.022
0.000579805	153.966
0.000582822	140.012
0.000585839	127.749
0.000588856	117.082
0.000591873	107.639
0.00059489	99.3125
0.000597907	91.8056
0.000600924	85.0119
0.000603941	78.7278
0.000606958	72.8625
0.000609975	67.3022
0.000612992	61.981
0.000616009	56.8587
0.000619026	51.8971
0.000622043	47.1057
0.00062506	42.4718
0.000628077	38.0287
0.000631094	33.7826
0.000634111	29.7691
0.000637128	26.0043
0.000640145	22.5116
0.000643162	19.3079
0.000646179	16.3982
0.000649196	13.7937
0.000652213	11.4817
0.00065523	9.46379
0.000658247	7.7148
0.000661264	6.22656
0.000664281	4.96826
0.000667298	3.92404
0.000670315	3.06351
0.000673332	2.36661
0.000676349	1.80733
0.000679366	1.36492
0.000682383	1.01951
0.0006854	0.752338
0.000688417	0.549637
0.000691434	0.396121
0.000694451	0.283085
0.000697468	0.195777
0.000700485	0.139247
