0.000500379	1.27429e-161
0.00050876	6.80393e-155
0.000517141	2.72157e-154
0.000525522	9.72178e-148
0.000533903	3.92849e-147
0.000542284	9.38687e-141
0.000550665	3.83256e-140
0.000559045	6.12465e-134
0.000567426	2.52702e-133
0.000575807	2.70039e-127
0.000584188	1.12612e-126
0.000592569	8.04554e-121
0.00060095	3.39167e-120
0.00060933	1.61981e-114
0.000617711	6.90397e-114
0.000626092	2.20369e-108
0.000634473	9.49817e-108
0.000642854	2.02588e-102
0.000651235	8.83153e-102
0.000659615	1.25849e-96
0.000667996	5.54992e-96
0.000676377	5.28276e-91
0.000684758	2.35717e-90
0.000693139	1.49844e-85
0.00070152	6.76628e-85
0.0007099	2.87202e-80
0.000718281	1.31269e-79
0.000726662	3.71965e-75
0.000735043	1.72119e-74
0.000743424	3.25522e-70
0.000751805	1.52528e-69
0.000760186	1.92496e-65
0.000768566	9.13529e-65
0.000776947	7.69179e-61
0.000785328	3.69785e-60
0.000793709	2.07682e-56
0.00080209	1.01164e-55
0.000810471	3.7891e-52
0.000818851	1.87051e-51
0.000827232	4.67142e-48
0.000835613	2.33746e-47
0.000843994	3.89178e-44
0.000852375	1.97417e-43
0.000860756	2.19105e-40
0.000869136	1.12688e-39
0.000877517	8.33669e-37
0.000885898	4.34735e-36
0.000894279	2.14397e-33
0.00090266	1.13352e-32
0.000911041	3.7274e-30
0.000919421	1.99754e-29
0.000927802	4.38199e-27
0.000936183	2.37919e-26
0.000944564	3.48494e-24
0.000952945	1.91531e-23
0.000961326	1.87608e-21
0.000969707	1.04217e-20
0.000978087	6.84307e-19
0.000986468	3.83306e-18
0.000994849	1.6936e-16
0.00100323	9.53011e-16
0.00101161	2.84988e-14
0.00101999	1.60194e-13
0.00102837	3.2703e-12
0.00103675	1.82081e-11
0.00104513	2.56964e-10
0.00105351	1.39984e-09
0.0010619	1.39e-08
0.00107028	7.28233e-08
0.00107866	5.2101e-07
0.00108704	2.56518e-06
0.00109542	1.36276e-05
0.0011038	6.12415e-05
0.00111218	0.00025031
0.00112056	0.000992412
0.00112894	0.00324149
0.00113732	0.0109401
0.0011457	0.029605
0.00115409	0.0823182
0.00116247	0.190048
0.00117085	0.425019
0.00117923	0.900097
0.00118761	1.61856
0.00119599	2.69915
0.00120437	4.11614
0.00121275	5.68314
0.00122113	7.39435
0.00122951	8.95469
0.00123789	10.4004
0.00124627	11.9767
0.00125466	13.7101
0.00126304	16.3405
0.00127142	19.861
0.0012798	24.9286
0.00128818	31.5186
0.00129656	39.721
0.00130494	49.5059
0.00131332	59.63
0.0013217	70.0979
0.00133008	79.2283
0.00133846	87.0364
0.00134684	94.405
0.00135523	101.306
0.00136361	111.183
0.00137199	124.031
0.00138037	142.155
0.00138875	165.598
0.00139713	194.5
0.00140551	228.804
0.00141389	270.227
0.00142227	318.636
0.00143065	378.712
0.00143903	450.65
0.00144741	535.579
0.0014558	634.007
0.00146418	739.233
0.00147256	851.235
0.00148094	963.643
0.00148932	1075.77
0.0014977	1189.24
0.00150608	1303.77
0.00151446	1423.69
0.00152284	1549.39
0.00153122	1681.43
0.0015396	1820.24
0.00154798	1962.72
0.00155637	2109.07
0.00156475	2254.15
0.00157313	2397.74
0.00158151	2535.57
0.00158989	2667.39
0.00159827	2789.66
0.00160665	2902.27
0.00161503	3001.15
0.00162341	3085.37
0.00163179	3156.16
0.00164017	3213.22
0.00164855	3260.22
0.00165694	3300.71
0.00166532	3316.7
0.0016737	3320.86
0.00168208	3319.32
0.00169046	3284.07
0.00169884	3230.66
0.00170722	3164
0.0017156	3087.39
0.00172398	3002.7
0.00173236	2908.86
0.00174074	2805.91
0.00174912	2693.42
0.00175751	2570.35
0.00176589	2441.32
0.00177427	2306.32
0.00178265	2172.04
0.00179103	2040.44
0.00179941	1913.04
0.00180779	1791.94
0.00181617	1671.45
0.00182455	1550.37
0.00183293	1426.14
0.00184131	1296.37
0.00184969	1166.2
0.00185808	1035.85
0.00186646	911.441
0.00187484	794.986
0.00188322	689.268
0.0018916	596.32
0.00189998	514.706
0.00190836	445.062
0.00191674	383.829
0.00192512	329.606
0.0019335	281.492
0.00194188	238.587
0.00195026	201.37
0.00195865	170.418
0.00196703	143.79
0.00197541	120.94
0.00198379	100.308
0.00199217	80.5373
0.00200055	62.6763
0.00200893	46.8262
0.00201731	33.7458
0.00202569	24.1737
0.00203407	17.3593
0.00204245	13.201
0.00205083	10.9709
0.00205922	9.89434
0.0020676	9.23946
0.00207598	8.60623
0.00208436	7.8327
0.00209274	6.57455
0.00210112	5.16396
0.0021095	3.71167
0.00211788	2.40026
0.00212626	1.44807
0.00213464	0.764608
0.00214302	0.361847
0.0021514	0.166317
0.00215979	0.0599808
0.00216817	0.0245355
