3.33898e-05	4.83401
3.52334e-05	6.57445
3.70771e-05	8.95723
3.89207e-05	11.9243
4.07644e-05	15.6452
4.2608e-05	20.2446
4.44517e-05	25.8268
4.62953e-05	32.5281
4.8139e-05	40.4242
4.99827e-05	49.6417
5.18263e-05	60.2203
5.367e-05	72.2561
5.55136e-05	85.7554
5.73573e-05	100.772
5.92009e-05	117.287
6.10446e-05	135.311
6.28882e-05	154.808
6.47319e-05	175.751
6.65755e-05	198.084
6.84192e-05	221.742
7.02628e-05	246.637
7.21065e-05	272.653
7.39502e-05	299.66
7.57938e-05	327.461
7.76375e-05	355.892
7.94811e-05	384.656
8.13248e-05	413.583
8.31684e-05	442.288
8.50121e-05	470.646
8.68557e-05	498.251
8.86994e-05	525.08
9.0543e-05	550.83
9.23867e-05	575.617
9.42303e-05	599.399
9.6074e-05	622.447
9.79177e-05	645.128
9.97613e-05	667.845
0.000101605	691.47
0.000103449	716.482
0.000105292	744.256
0.000107136	775.257
0.00010898	811.228
0.000110823	852.52
0.000112667	900.957
0.000114511	956.694
0.000116354	1021.25
0.000118198	1094.56
0.000120042	1177.46
0.000121885	1269.69
0.000123729	1371.19
0.000125572	1481.63
0.000127416	1600.14
0.00012926	1726.44
0.000131103	1859.19
0.000132947	1998.3
0.000134791	2142.54
0.000136634	2291.97
0.000138478	2445.97
0.000140322	2604.68
0.000142165	2768.22
0.000144009	2936.72
0.000145853	3110.77
0.000147696	3290.36
0.00014954	3475.96
0.000151384	3667.41
0.000153227	3864.47
0.000155071	4066.85
0.000156915	4273.25
0.000158758	4483.4
0.000160602	4695.03
0.000162446	4907.96
0.000164289	5119.49
0.000166133	5329.57
0.000167977	5535.78
0.00016982	5738.2
0.000171664	5935.3
0.000173507	6127.22
0.000175351	6313.69
0.000177195	6494.87
0.000179038	6671.66
0.000180882	6844.16
0.000182726	7013.96
0.000184569	7181.06
0.000186413	7346.83
0.000188257	7511.13
0.0001901	7673.99
0.000191944	7835.18
0.000193788	7992.36
0.000195631	8145.31
0.000197475	8288.91
0.000199319	8423.03
0.000201162	8540.41
0.000203006	8641.04
0.00020485	8719.4
0.000206693	8774.81
0.000208537	8781.73
0.000210381	8773
0.000212224	8747.01
0.000214068	8669.36
0.000215912	8564.96
0.000217755	8433.57
0.000219599	8280.56
0.000221442	8105.84
0.000223286	7919.43
0.00022513	7721.25
0.000226973	7521.2
0.000228817	7319.29
0.000230661	7122.95
0.000232504	6932.28
0.000234348	6751.07
0.000236192	6579.47
0.000238035	6417.76
0.000239879	6266.08
0.000241723	6122.36
0.000243566	5986.66
0.00024541	5856.02
0.000247254	5730.42
0.000249097	5607.09
0.000250941	5485.96
0.000252785	5364.9
0.000254628	5243.83
0.000256472	5121.1
0.000258316	4996.66
0.000260159	4869.05
0.000262003	4738.23
0.000263847	4602.85
0.00026569	4462.82
0.000267534	4317.24
0.000269377	4165.94
0.000271221	4008.99
0.000273065	3846.18
0.000274908	3678.9
0.000276752	3507.01
0.000278596	3333.11
0.000280439	3157.22
0.000282283	2982.57
0.000284127	2809.37
0.00028597	2640.6
0.000287814	2476.62
0.000289658	2319.37
0.000291501	2169.26
0.000293345	2026.91
0.000295189	1892.61
0.000297032	1765.87
0.000298876	1646.81
0.00030072	1534.39
0.000302563	1428.53
0.000304407	1328.26
0.000306251	1233.37
0.000308094	1143.27
0.000309938	1057.77
0.000311782	976.658
0.000313625	899.838
0.000315469	827.316
0.000317312	759.078
0.000319156	695.122
0.000321	635.477
0.000322843	579.986
0.000324687	528.669
0.000326531	481.188
0.000328374	437.515
0.000330218	397.198
0.000332062	360.154
0.000333905	325.92
0.000335749	294.372
0.000337593	265.122
0.000339436	238.035
0.00034128	212.846
0.000343124	189.437
0.000344967	167.669
0.000346811	147.461
0.000348655	128.763
0.000350498	111.536
0.000352342	95.767
0.000354186	81.4484
0.000356029	68.553
0.000357873	57.0836
0.000359717	46.968
0.00036156	38.1978
0.000363404	30.6518
0.000365247	24.2958
0.000367091	18.9774
0.000368935	14.6343
0.000370778	11.1098
0.000372622	8.32181
0.000374466	6.1333
0.000376309	4.4562
0.000378153	3.18606
0.000379997	2.24231
0.00038184	1.55463
0.000383684	1.0584
0.000385528	0.711558
0.000387371	0.467936
0.000389215	0.305154
0.000391059	0.193534
0.000392902	0.12251
0.000394746	0.0747968
0.00039659	0.0460107
0.000398433	0.0252157
0.000400277	0.0161569
