0.000500379	1.34977e-139
0.00050876	8.17073e-134
0.000517141	3.26829e-133
0.000525522	1.38846e-127
0.000533903	5.61065e-127
0.000542284	1.67251e-121
0.000550665	6.82867e-121
0.000559045	1.42812e-115
0.000567426	5.89238e-115
0.000575807	8.64414e-110
0.000584188	3.60475e-109
0.000592569	3.70881e-104
0.00060095	1.56347e-103
0.00060933	1.12799e-98
0.000617711	4.80766e-98
0.000626092	2.43179e-93
0.000634473	1.04811e-92
0.000642854	3.71621e-88
0.000651235	1.61998e-87
0.000659615	4.02554e-83
0.000667996	1.77518e-82
0.000676377	3.09099e-78
0.000684758	1.37913e-77
0.000693139	1.68236e-73
0.00070152	7.59615e-73
0.0007099	6.49061e-69
0.000718281	2.96628e-68
0.000726662	1.77501e-64
0.000735043	8.21219e-64
0.000743424	3.44083e-60
0.000751805	1.61188e-59
0.000760186	4.72801e-56
0.000768566	2.24304e-55
0.000776947	4.60522e-52
0.000785328	2.21293e-51
0.000793709	3.17971e-48
0.00080209	1.54785e-47
0.000810471	1.55635e-44
0.000818851	7.67568e-44
0.000827232	5.40043e-41
0.000835613	2.69858e-40
0.000843994	1.32858e-37
0.000852375	6.72644e-37
0.000860756	2.31758e-34
0.000869136	1.18869e-33
0.000877517	2.8671e-31
0.000885898	1.48932e-30
0.000894279	2.51609e-28
0.00090266	1.32297e-27
0.000911041	1.56689e-25
0.000919421	8.33227e-25
0.000927802	6.92814e-23
0.000936183	3.7208e-22
0.000944564	2.17664e-20
0.000952945	1.17812e-19
0.000961326	4.86432e-18
0.000969707	2.64511e-17
0.000978087	7.74423e-16
0.000986468	4.21154e-15
0.000994849	8.80154e-14
0.00100323	4.75592e-13
0.00101161	7.16091e-12
0.00101999	3.80981e-11
0.00102837	4.18555e-10
0.00103675	2.16553e-09
0.00104513	1.76517e-08
0.00105351	8.73748e-08
0.0010619	5.39721e-07
0.00107028	2.50387e-06
0.00107866	1.20222e-05
0.00108704	5.1002e-05
0.00109542	0.000195855
0.0011038	0.000739262
0.00111218	0.00233858
0.00112056	0.00763689
0.00112894	0.0204591
0.00113732	0.0563435
0.0011457	0.130752
0.00115409	0.297676
0.00116247	0.635119
0.00117085	1.18615
0.00117923	2.09272
0.00118761	3.332
0.00119599	4.83394
0.00120437	6.56081
0.00121275	8.06452
0.00122113	9.30879
0.00122951	9.45565
0.00123789	9.297
0.00124627	8.82565
0.00125466	7.91734
0.00126304	7.87961
0.00127142	8.74997
0.0012798	10.7967
0.00128818	15.6672
0.00129656	23.305
0.00130494	33.7164
0.00131332	46.982
0.0013217	63.0833
0.00133008	80.4319
0.00133846	99.0383
0.00134684	116.872
0.00135523	133.931
0.00136361	149.94
0.00137199	164.856
0.00138037	180.746
0.00138875	197.552
0.00139713	218.956
0.00140551	244.96
0.00141389	278.849
0.00142227	320.777
0.00143065	370.544
0.00143903	428.277
0.00144741	491.499
0.0014558	560.008
0.00146418	634.598
0.00147256	715.086
0.00148094	804.935
0.00148932	904.618
0.0014977	1011.96
0.00150608	1127.54
0.00151446	1242.43
0.00152284	1356.06
0.00153122	1464.1
0.0015396	1565.19
0.00154798	1666.69
0.00155637	1768.26
0.00156475	1880.92
0.00157313	2005.96
0.00158151	2146.22
0.00158989	2303.57
0.00159827	2468.52
0.00160665	2642.1
0.00161503	2806.12
0.00162341	2959.35
0.00163179	3087.06
0.00164017	3185.85
0.00164855	3257.64
0.00165694	3299.99
0.00166532	3328.47
0.0016737	3344.62
0.00168208	3359.12
0.00169046	3377.49
0.00169884	3383.45
0.00170722	3383.09
0.0017156	3379.93
0.00172398	3337.09
0.00173236	3261.15
0.00174074	3155.66
0.00174912	3027.67
0.00175751	2877.66
0.00176589	2717.34
0.00177427	2549.35
0.00178265	2379.58
0.00179103	2209.91
0.00179941	2043.04
0.00180779	1879.83
0.00181617	1722.4
0.00182455	1571.47
0.00183293	1428.18
0.00184131	1293.37
0.00184969	1165.79
0.00185808	1045.02
0.00186646	931.303
0.00187484	823.543
0.00188322	726.405
0.0018916	641.332
0.00189998	570.236
0.00190836	516.011
0.00191674	471.956
0.00192512	437.461
0.0019335	404.297
0.00194188	368.195
0.00195026	328.552
0.00195865	282.727
0.00196703	235.72
0.00197541	188.795
0.00198379	145.487
0.00199217	108.135
0.00200055	76.9955
0.00200893	53.1658
0.00201731	35.3908
0.00202569	23.4457
0.00203407	16.2508
0.00204245	12.3376
0.00205083	10.8565
0.00205922	10.4892
0.0020676	10.15
0.00207598	9.54087
0.00208436	8.61187
0.00209274	7.10725
0.00210112	5.44759
0.0021095	3.86032
0.00211788	2.46938
0.00212626	1.4869
0.00213464	0.796969
0.00214302	0.386373
0.0021514	0.183561
0.00215979	0.0684286
0.00216817	0.0300509
