0.000100103	6.4392e-06
0.00010312	1.30536e-05
0.000106137	3.28967e-05
0.000109154	6.98727e-05
0.000112171	0.000154105
0.000115188	0.000312005
0.000118205	0.000662212
0.000121222	0.00128109
0.000124239	0.00261169
0.000127256	0.00483885
0.000130273	0.00945935
0.00013329	0.0168723
0.000136307	0.0315006
0.000139324	0.0549341
0.000142341	0.0967442
0.000145358	0.163062
0.000148375	0.273676
0.000151392	0.444967
0.000154408	0.713933
0.000157425	1.11839
0.000160442	1.71982
0.000163459	2.59437
0.000166476	3.83193
0.000169493	5.56658
0.00017251	7.91177
0.000175527	11.0729
0.000178544	15.1689
0.000181561	20.4691
0.000184578	27.0667
0.000187595	35.2527
0.000190612	45.0573
0.000193629	56.7111
0.000196646	70.1544
0.000199663	85.4512
0.00020268	102.454
0.000205697	120.974
0.000208714	140.818
0.000211731	161.535
0.000214748	182.97
0.000217765	204.531
0.000220782	226.192
0.000223799	247.48
0.000226816	268.552
0.000229833	289.381
0.00023285	310.284
0.000235867	331.909
0.000238884	354.636
0.000241901	379.767
0.000244918	407.602
0.000247935	439.766
0.000250952	476.366
0.000253969	518.813
0.000256986	567.015
0.000260003	621.689
0.00026302	682.632
0.000266037	749.724
0.000269054	822.786
0.000272071	901.129
0.000275088	984.686
0.000278105	1072.71
0.000281122	1165.23
0.000284139	1261.84
0.000287156	1362.58
0.000290173	1467.38
0.00029319	1576.2
0.000296207	1688.93
0.000299224	1805.45
0.000302241	1925.17
0.000305258	2047.92
0.000308275	2172.51
0.000311292	2298.85
0.000314309	2425.46
0.000317326	2552.36
0.000320343	2678.4
0.00032336	2803.65
0.000326377	2927.67
0.000329394	3050.53
0.000332411	3172.31
0.000335428	3293.01
0.000338445	3412.67
0.000341462	3531.22
0.000344479	3648.01
0.000347496	3762.95
0.000350513	3874.58
0.00035353	3982.87
0.000356547	4086.05
0.000359564	4184.2
0.000362581	4276.28
0.000365598	4362.4
0.000368615	4443.15
0.000371632	4518.63
0.000374649	4591.22
0.000377666	4660.97
0.000380683	4731.2
0.0003837	4801.86
0.000386717	4875.53
0.000389734	4952.14
0.000392751	5031.7
0.000395768	5114.17
0.000398785	5196.04
0.000401802	5277.32
0.000404819	5351.57
0.000407836	5418.85
0.000410853	5473.46
0.00041387	5515.78
0.000416887	5523.1
0.000419904	5521.55
0.000422921	5512.39
0.000425938	5465.53
0.000428955	5400.85
0.000431972	5319.14
0.000434989	5223.71
0.000438006	5114.5
0.000441023	4997.65
0.00044404	4873.24
0.000447057	4746.33
0.000450074	4617.11
0.000453091	4488.69
0.000456108	4361.26
0.000459125	4236
0.000462142	4113.09
0.000465159	3992.27
0.000468176	3873.63
0.000471193	3756.07
0.00047421	3639.61
0.000477227	3522.88
0.000480244	3405.82
0.000483261	3287.43
0.000486278	3167.54
0.000489295	3046.07
0.000492312	2922.84
0.000495329	2798.88
0.000498346	2674.1
0.000501363	2550.37
0.00050438	2427.77
0.000507397	2308.24
0.000510414	2192.02
0.000513431	2080.26
0.000516448	1973.25
0.000519465	1870.83
0.000522482	1773.21
0.000525499	1679.12
0.000528516	1588.52
0.000531533	1499.88
0.00053455	1412.93
0.000537567	1326.82
0.000540584	1241.2
0.000543601	1156.46
0.000546618	1072.39
0.000549635	990.439
0.000552652	910.688
0.000555669	834.889
0.000558686	763.392
0.000561703	697.336
0.00056472	637.176
0.000567737	582.897
0.000570754	534.812
0.000573771	491.829
0.000576788	453.947
0.000579805	419.57
0.000582822	388.383
0.000585839	359.007
0.000588856	330.967
0.000591873	303.596
0.00059489	276.482
0.000597907	249.738
0.000600924	223.181
0.000603941	197.417
0.000606958	172.526
0.000609975	149.18
0.000612992	127.629
0.000616009	108.28
0.000619026	91.4008
0.000622043	76.9995
0.00062506	65.2328
0.000628077	55.7642
0.000631094	48.5819
0.000634111	43.1652
0.000637128	39.3475
0.000640145	36.6058
0.000643162	34.6836
0.000646179	33.1933
0.000649196	31.8725
0.000652213	30.5317
0.00065523	28.9756
0.000658247	27.1962
0.000661264	25.1041
0.000664281	22.8022
0.000667298	20.3027
0.000670315	17.7339
0.000673332	15.1704
0.000676349	12.7044
0.000679366	10.4221
0.000682383	8.35668
0.0006854	6.56746
0.000688417	5.03975
0.000691434	3.79138
0.000694451	2.78484
0.000697468	1.98716
0.000700485	1.40962
