3.33898e-05	8.96793e-36
3.59039e-05	6.83289e-34
3.8418e-05	2.70625e-33
4.09322e-05	1.67876e-31
4.34463e-05	6.67267e-31
4.59604e-05	3.36123e-29
4.84746e-05	1.34428e-28
5.09887e-05	5.50364e-27
5.35028e-05	2.21278e-26
5.6017e-05	7.37151e-25
5.85311e-05	2.97615e-24
6.10452e-05	8.07894e-23
6.35594e-05	3.2707e-22
6.60735e-05	7.24788e-21
6.85877e-05	2.937e-20
7.11018e-05	5.32513e-19
7.36159e-05	2.15503e-18
7.61301e-05	3.20595e-17
7.86442e-05	1.29212e-16
8.11583e-05	1.58262e-15
8.36725e-05	6.33093e-15
8.61866e-05	6.41103e-14
8.87007e-05	2.53494e-13
9.12149e-05	2.13301e-12
9.3729e-05	8.29523e-12
9.62431e-05	5.83442e-11
9.87573e-05	2.21863e-10
0.000101271	1.31342e-09
0.000103786	4.85044e-09
0.0001063	2.43603e-08
0.000108814	8.66905e-08
0.000111328	3.72655e-07
0.000113842	1.26685e-06
0.000116356	4.70655e-06
0.00011887	1.51404e-05
0.000121384	4.91157e-05
0.000123899	0.00014802
0.000126413	0.000423743
0.000128927	0.00118418
0.000131441	0.00302311
0.000133955	0.00775589
0.000136469	0.0178332
0.000138983	0.041612
0.000141498	0.0869468
0.000144012	0.183046
0.000146526	0.358124
0.00014904	0.668903
0.000151554	1.20968
0.000154068	2.02346
0.000156582	3.29003
0.000159096	5.01841
0.000161611	7.37038
0.000164125	10.3058
0.000166639	13.8169
0.000169153	17.8669
0.000171667	22.2915
0.000174181	27.1499
0.000176695	32.4678
0.00017921	38.39
0.000181724	45.4558
0.000184238	53.7358
0.000186752	63.9588
0.000189266	76.0169
0.00019178	90.0363
0.000194294	105.88
0.000196809	122.955
0.000199323	141.335
0.000201837	160.777
0.000204351	181.553
0.000206865	204.82
0.000209379	230.743
0.000211893	261.303
0.000214407	296.307
0.000216922	336.418
0.000219436	381.226
0.00022195	428.588
0.000224464	478.375
0.000226978	527.45
0.000229492	576.327
0.000232006	625.769
0.000234521	676.627
0.000237035	736.795
0.000239549	806.705
0.000242063	898.05
0.000244577	1010.44
0.000247091	1151.06
0.000249605	1319.05
0.000252119	1510.97
0.000254634	1726.16
0.000257148	1951.65
0.000259662	2187.31
0.000262176	2417.54
0.00026469	2642.63
0.000267204	2852.31
0.000269718	3046.98
0.000272233	3226.67
0.000274747	3391.63
0.000277261	3552.36
0.000279775	3708.87
0.000282289	3878.02
0.000284803	4059.69
0.000287317	4269.65
0.000289831	4507.9
0.000292346	4779.6
0.00029486	5085.07
0.000297374	5412.04
0.000299888	5760.99
0.000302402	6106.08
0.000304916	6447.37
0.00030743	6761.12
0.000309945	7046.56
0.000312459	7297.76
0.000314973	7513.63
0.000317487	7707.17
0.000320001	7878.1
0.000322515	8043.08
0.000325029	8203.26
0.000327544	8360.7
0.000330058	8517.11
0.000332572	8656.08
0.000335086	8779.58
0.0003376	8848.63
0.000340114	8879.77
0.000342628	8877.2
0.000345142	8798.17
0.000347657	8669
0.000350171	8492.42
0.000352685	8282.68
0.000355199	8040.11
0.000357713	7782.59
0.000360227	7511.2
0.000362741	7240.28
0.000365256	6971.12
0.00036777	6713.66
0.000370284	6469.7
0.000372798	6241.02
0.000375312	6029.57
0.000377826	5826.42
0.00038034	5632.01
0.000382854	5432.84
0.000385369	5226.86
0.000387883	5007.95
0.000390397	4773.24
0.000392911	4529.02
0.000395425	4274.51
0.000397939	4021.11
0.000400453	3770.69
0.000402968	3529.36
0.000405482	3299.44
0.000407996	3079.52
0.00041051	2870.25
0.000413024	2667.94
0.000415538	2471.84
0.000418052	2280.43
0.000420566	2092.92
0.000423081	1910.04
0.000425595	1731.62
0.000428109	1559.06
0.000430623	1392.53
0.000433137	1233.48
0.000435651	1082.18
0.000438165	940.115
0.00044068	807.641
0.000443194	686.023
0.000445708	575.701
0.000448222	477.437
0.000450736	391.693
0.00045325	318.377
0.000455764	257.866
0.000458279	208.893
0.000460793	171.484
0.000463307	143.411
0.000465821	124.152
0.000468335	111.288
0.000470849	103.466
0.000473363	100.353
0.000475877	99.3006
0.000478392	98.8589
0.000480906	98.7254
0.00048342	98.5306
0.000485934	96.6776
0.000488448	92.8786
0.000490962	87.3302
0.000493476	80.3726
0.000495991	72.0783
0.000498505	63.1575
0.000501019	54.0047
0.000503533	45.0509
0.000506047	36.6785
0.000508561	29.0435
0.000511075	22.3786
0.000513589	16.6773
0.000516104	12.0421
0.000518618	8.35022
0.000521132	5.58661
0.000523646	3.57079
0.00052616	2.18686
0.000528674	1.28368
0.000531188	0.659723
0.000533703	0.384008
