3.33898e-05	768.983
3.48982e-05	800.25
3.64066e-05	831.479
3.7915e-05	862.62
3.94234e-05	893.815
4.09318e-05	925.05
4.24402e-05	956.754
4.39487e-05	989.198
4.54571e-05	1022.96
4.69655e-05	1058.62
4.84739e-05	1096.79
4.99823e-05	1138.26
5.14907e-05	1183.6
5.29991e-05	1233.69
5.45076e-05	1288.92
5.6016e-05	1350.12
5.75244e-05	1417.42
5.90328e-05	1491.43
6.05412e-05	1572.02
6.20496e-05	1659.44
6.3558e-05	1753.35
6.50665e-05	1853.54
6.65749e-05	1959.57
6.80833e-05	2070.8
6.95917e-05	2186.74
7.11001e-05	2306.47
7.26085e-05	2429.55
7.41169e-05	2554.91
7.56253e-05	2682.26
7.71338e-05	2810.58
7.86422e-05	2939.71
8.01506e-05	3068.84
8.1659e-05	3197.93
8.31674e-05	3326.46
8.46758e-05	3454.46
8.61842e-05	3581.69
8.76927e-05	3708.18
8.92011e-05	3833.88
9.07095e-05	3958.85
9.22179e-05	4083.13
9.37263e-05	4206.79
9.52347e-05	4329.98
9.67431e-05	4452.8
9.82516e-05	4575.55
9.976e-05	4698.44
0.000101268	4822.04
0.000102777	4946.64
0.000104285	5073.21
0.000105794	5202.06
0.000107302	5334.57
0.00010881	5470.97
0.000110319	5612.82
0.000111827	5760.17
0.000113336	5914.36
0.000114844	6075.21
0.000116353	6243.26
0.000117861	6418.12
0.000119369	6599.06
0.000120878	6785.53
0.000122386	6975.25
0.000123895	7167.62
0.000125403	7358.93
0.000126911	7548.67
0.00012842	7732.13
0.000129928	7908.98
0.000131437	8074.3
0.000132945	8228.01
0.000134453	8365.82
0.000135962	8487.87
0.00013747	8591.3
0.000138979	8676.36
0.000140487	8742.79
0.000141996	8789.93
0.000143504	8815.04
0.000145012	8826.31
0.000146521	8822.75
0.000148029	8800.95
0.000149538	8766.88
0.000151046	8720.25
0.000152554	8663.63
0.000154063	8596.98
0.000155571	8522.34
0.00015708	8439.65
0.000158588	8350.04
0.000160097	8253.46
0.000161605	8150.32
0.000163113	8040.61
0.000164622	7924.46
0.00016613	7801.91
0.000167639	7673.35
0.000169147	7538.81
0.000170655	7399.26
0.000172164	7254.73
0.000173672	7106.8
0.000175181	6955.46
0.000176689	6802.63
0.000178197	6648.29
0.000179706	6494.27
0.000181214	6340.55
0.000182723	6188.49
0.000184231	6038.08
0.00018574	5890.04
0.000187248	5744.38
0.000188756	5601.23
0.000190265	5460.6
0.000191773	5322.25
0.000193282	5186.18
0.00019479	5052.01
0.000196298	4919.75
0.000197807	4789.03
0.000199315	4659.86
0.000200824	4531.91
0.000202332	4405.18
0.000203841	4279.34
0.000205349	4154.39
0.000206857	4029.88
0.000208366	3905.83
0.000209874	3781.68
0.000211383	3657.44
0.000212891	3532.57
0.000214399	3407.03
0.000215908	3280.46
0.000217416	3152.81
0.000218925	3024.02
0.000220433	2894.06
0.000221941	2763.29
0.00022345	2631.66
0.000224958	2500
0.000226467	2368.26
0.000227975	2237.57
0.000229484	2107.95
0.000230992	1980.67
0.0002325	1855.76
0.000234009	1734.45
0.000235517	1616.81
0.000237026	1503.83
0.000238534	1395.62
0.000240042	1292.82
0.000241551	1195.53
0.000243059	1104.03
0.000244568	1018.4
0.000246076	938.58
0.000247585	864.62
0.000249093	796.206
0.000250601	733.347
0.00025211	675.577
0.000253618	622.868
0.000255127	574.695
0.000256635	531.001
0.000258143	491.268
0.000259652	455.424
0.00026116	422.99
0.000262669	393.887
0.000264177	367.68
0.000265685	344.294
0.000267194	323.328
0.000268702	304.708
0.000270211	288.06
0.000271719	273.309
0.000273228	260.102
0.000274736	248.36
0.000276244	237.761
0.000277753	228.221
0.000279261	219.461
0.00028077	211.395
0.000282278	203.807
0.000283786	196.614
0.000285295	189.674
0.000286803	182.919
0.000288312	176.282
0.00028982	169.716
0.000291329	163.219
0.000292837	156.77
0.000294345	150.409
0.000295854	144.142
0.000297362	138.018
0.000298871	132.061
0.000300379	126.304
0.000301887	120.776
0.000303396	115.474
0.000304904	110.418
0.000306413	105.57
0.000307921	100.927
0.000309429	96.4289
0.000310938	92.0506
0.000312446	87.7286
0.000313955	83.4241
0.000315463	79.0941
0.000316972	74.6981
0.00031848	70.2285
0.000319988	65.6586
0.000321497	61.0171
0.000323005	56.3024
0.000324514	51.5688
0.000326022	46.8417
0.00032753	42.1834
0.000329039	37.64
0.000330547	33.2646
0.000332056	29.1298
0.000333564	25.2106
