0.000500379	1.30762e-17
0.000506246	8.55965e-17
0.000512113	3.03157e-16
0.000517979	1.84195e-15
0.000523846	6.21201e-15
0.000529712	3.38801e-14
0.000535579	1.12507e-13
0.000541445	5.52507e-13
0.000547312	1.80107e-12
0.000553178	7.99076e-12
0.000559045	2.54857e-11
0.000564911	1.02524e-10
0.000570778	3.18786e-10
0.000576644	1.16727e-09
0.000582511	3.52502e-09
0.000588378	1.17961e-08
0.000594244	3.44596e-08
0.000600111	1.05833e-07
0.000605977	2.97835e-07
0.000611844	8.43146e-07
0.00061771	2.27612e-06
0.000623577	5.96529e-06
0.000629443	1.5382e-05
0.00063531	3.7483e-05
0.000641176	9.19339e-05
0.000647043	0.000209174
0.000652909	0.000486006
0.000658776	0.00103661
0.000664643	0.00227288
0.000670509	0.00456127
0.000676376	0.00940489
0.000682242	0.0178164
0.000688109	0.0344396
0.000693975	0.063086
0.000699842	0.112568
0.000705708	0.195575
0.000711575	0.32593
0.000717441	0.53281
0.000723308	0.83426
0.000729174	1.28101
0.000735041	1.88842
0.000740908	2.72202
0.000746774	3.78248
0.000752641	5.12036
0.000758507	6.71267
0.000764374	8.54753
0.00077024	10.5851
0.000776107	12.7209
0.000781973	14.9264
0.00078784	17.0438
0.000793706	19.0928
0.000799573	20.9912
0.000805439	22.8242
0.000811306	24.7499
0.000817173	26.8954
0.000823039	29.7415
0.000828906	33.3993
0.000834772	38.5744
0.000840639	45.3048
0.000846505	54.2512
0.000852372	65.3608
0.000858238	78.9457
0.000864105	94.8977
0.000869971	113.032
0.000875838	133.252
0.000881704	154.998
0.000887571	178.238
0.000893438	202.371
0.000899304	227.437
0.000905171	253.134
0.000911037	279.543
0.000916904	306.819
0.00092277	335.053
0.000928637	364.856
0.000934503	396.324
0.00094037	430.519
0.000946236	467.542
0.000952103	508.964
0.000957969	554.857
0.000963836	607.16
0.000969703	665.854
0.000975569	732.6
0.000981436	807.258
0.000987302	890.142
0.000993169	981.05
0.000999035	1078.17
0.0010049	1181.35
0.00101077	1286.96
0.00101663	1394.97
0.0010225	1501.38
0.00102837	1606.29
0.00103423	1707.07
0.0010401	1803.83
0.00104597	1896.18
0.00105183	1984.16
0.0010577	2069
0.00106357	2150.71
0.00106943	2230.77
0.0010753	2309.16
0.00108117	2386.57
0.00108703	2462.97
0.0010929	2538.02
0.00109877	2611.7
0.00110463	2682.9
0.0011105	2751.63
0.00111637	2816.37
0.00112223	2877.13
0.0011281	2932.42
0.00113397	2982.23
0.00113983	3025.87
0.0011457	3063.27
0.00115157	3095.16
0.00115743	3121.49
0.0011633	3144.16
0.00116916	3163.21
0.00117503	3180.4
0.0011809	3195.88
0.00118676	3209.79
0.00119263	3222.31
0.0011985	3231.25
0.00120436	3236.49
0.00121023	3236.75
0.0012161	3228.44
0.00122196	3210.77
0.00122783	3182.31
0.0012337	3141.37
0.00123956	3087.82
0.00124543	3021.41
0.0012513	2941.83
0.00125716	2851.13
0.00126303	2749.1
0.0012689	2639.66
0.00127476	2522.8
0.00128063	2403.46
0.0012865	2281.92
0.00129236	2162.7
0.00129823	2046.34
0.0013041	1935.52
0.00130996	1830.85
0.00131583	1732.59
0.00132169	1641.17
0.00132756	1554.98
0.00133343	1474.08
0.00133929	1396.19
0.00134516	1321.06
0.00135103	1246.88
0.00135689	1173.26
0.00136276	1099.49
0.00136863	1025.23
0.00137449	950.896
0.00138036	876.333
0.00138623	802.674
0.00139209	729.994
0.00139796	659.59
0.00140383	591.7
0.00140969	527.368
0.00141556	466.883
0.00142143	410.835
0.00142729	359.475
0.00143316	312.914
0.00143903	271.311
0.00144489	234.365
0.00145076	202.12
0.00145663	173.989
0.00146249	149.893
0.00146836	129.141
0.00147422	111.557
0.00148009	96.5264
0.00148596	83.8348
0.00149182	73.0317
0.00149769	63.9284
0.00150356	56.2079
0.00150942	49.7286
0.00151529	44.2424
0.00152116	39.633
0.00152702	35.7096
0.00153289	32.3629
0.00153876	29.4967
0.00154462	27.0272
0.00155049	24.9555
0.00155636	23.2551
0.00156222	21.9473
0.00156809	20.9831
0.00157396	20.5546
0.00157982	20.4724
0.00158569	20.4492
0.00159156	20.6875
0.00159742	20.8845
0.00160329	20.8438
0.00160916	20.7295
0.00161502	20.1645
0.00162089	19.1067
0.00162675	17.6893
0.00163262	15.9764
0.00163849	14.0166
0.00164435	11.9544
0.00165022	9.90617
0.00165609	7.95571
0.00166195	6.23393
0.00166782	4.69601
